chr	rs	ps	n_miss	b	beta	gamma
19	rs1004526	58588849	0	-1.063667e-03	-1.382178e-04	1
19	rs1005050	58949579	0	1.279435e-03	1.941813e-04	1
19	rs101447	58720717	0	-1.221334e-03	-1.647700e-04	1
19	rs1014767	58528303	0	1.729878e-03	2.645003e-04	1
19	rs1015224	58724380	0	-4.894116e-04	-1.141719e-04	1
19	rs1019490	58610559	0	-2.347038e-04	-2.403104e-05	1
19	rs1020054	58987301	0	-1.058673e-04	-2.060229e-05	1
19	rs10401711	58624499	0	1.016726e-04	1.360087e-05	1
19	rs10402098	58624615	0	1.016726e-04	1.360088e-05	1
19	rs10402211	58652341	0	5.897051e-04	6.928939e-05	1
19	rs10402307	58624732	0	1.937265e-04	2.314688e-05	1
19	rs10402325	58913507	0	5.795391e-05	7.074961e-06	1
19	rs10403117	58744033	0	1.007381e-03	2.136198e-04	1
19	rs10404798	58628509	0	-3.027852e-04	-4.107309e-05	1
19	rs10405350	58628515	0	-1.364828e-04	-1.762012e-05	1
19	rs10405769	58917418	0	3.746035e-04	3.647658e-05	1
19	rs10406593	58917575	0	6.826097e-04	8.157938e-05	1
19	rs10407096	58887170	0	-5.590149e-04	-5.874729e-05	1
19	rs10407616	58896384	0	1.246873e-04	2.012578e-05	1
19	rs10407894	58625081	0	-5.444882e-05	-7.265003e-06	1
19	rs10409388	58604114	0	-3.227169e-04	-3.487424e-05	1
19	rs10410171	59097308	0	9.260590e-06	8.953396e-07	1
19	rs10411535	58708526	0	5.372596e-04	5.498163e-05	1
19	rs10411892	58923725	0	6.431467e-04	7.567450e-05	1
19	rs10412181	58814507	0	-1.442894e-03	-2.270534e-04	1
19	rs10412209	58629463	0	-2.931731e-04	-3.946483e-05	1
19	rs10412612	58632446	0	-3.777895e-04	-5.142788e-05	1
19	rs10413586	59071321	0	-6.828750e-04	-7.379770e-05	1
19	rs10414125	59064327	0	-2.130311e-04	-3.840924e-05	1
19	rs10415286	58720992	0	-6.846083e-04	-7.165677e-05	1
19	rs10415313	58675417	0	-7.055305e-05	-7.922125e-06	1
19	rs10416149	58964306	0	2.007831e-03	3.477383e-04	1
19	rs10417092	58915193	0	7.757898e-04	9.452989e-05	1
19	rs10417104	58923866	0	1.069876e-03	1.211154e-04	1
19	rs10419091	58723359	0	-3.989947e-05	-5.246370e-06	1
19	rs10419259	58630192	0	2.526815e-04	3.027957e-05	1
19	rs10420221	58794026	0	-2.184726e-05	-2.436688e-06	1
19	rs10420540	58521290	0	1.405436e-03	2.953898e-04	1
19	rs10420801	58609457	0	-1.322087e-04	-1.675993e-05	1
19	rs10421140	58609376	0	2.461947e-04	3.400343e-05	1
19	rs10421350	58609443	0	-1.305582e-04	-1.655728e-05	1
19	rs10422127	58609220	0	-6.654467e-04	-1.008373e-04	1
19	rs10422438	58523444	0	-4.274267e-04	-5.574758e-05	1
19	rs10422730	58618747	0	2.085308e-04	2.705321e-05	1
19	rs10423138	58928302	0	2.453999e-04	2.373887e-05	1
19	rs10423778	58627574	0	1.583950e-04	1.896883e-05	1
19	rs10424179	58627725	0	3.749367e-04	4.593721e-05	1
19	rs10425266	58694416	0	1.439879e-04	1.843495e-05	1
19	rs10425685	58703085	0	2.727705e-04	3.524960e-05	1
19	rs10432292	59036273	0	1.689585e-04	2.875863e-05	1
19	rs10448	59093239	0	4.143931e-06	3.988613e-07	1
19	rs10469313	58892510	0	-6.187366e-04	-6.661138e-05	1
19	rs1051500	58944402	0	4.249912e-04	4.175308e-05	1
19	rs1057402	58580277	0	-4.281319e-04	-4.777969e-05	1
19	rs1058144	59075115	0	-5.748781e-04	-9.959514e-05	1
19	rs1064267	58597405	0	-1.023219e-04	-1.389805e-05	1
19	rs1077420	58968875	0	8.438391e-04	8.897717e-05	1
19	rs10775573	58614974	0	-2.347038e-04	-2.403100e-05	1
19	rs10775574	58615053	0	-2.347038e-04	-2.403100e-05	1
19	rs1080416	58559785	0	2.506162e-04	3.233597e-05	1
19	rs10853902	58614749	0	-2.347038e-04	-2.403100e-05	1
19	rs10853903	58714926	0	-2.581927e-04	-3.338637e-05	1
19	rs10853904	58885260	0	-3.658266e-04	-6.755096e-05	1
19	rs10878	58595676	0	-4.219087e-04	-5.724311e-05	1
19	rs1107399	58955556	0	1.306248e-03	1.965969e-04	1
19	rs11084528	58527472	0	8.389948e-04	9.320118e-05	1
19	rs11084531	58582586	0	6.166102e-04	6.707598e-05	1
19	rs11084532	58583939	0	6.353515e-04	6.942562e-05	1
19	rs11084534	58613950	0	-2.347038e-04	-2.403098e-05	1
19	rs11084535	58614035	0	-2.347038e-04	-2.403098e-05	1
19	rs11084537	58629227	0	-5.539621e-04	-8.193321e-05	1
19	rs11084538	58629238	0	-9.571775e-05	-1.232422e-05	1
19	rs11084542	58932099	0	2.298625e-04	2.862085e-05	1
19	rs11084543	58932701	0	2.772599e-04	3.464713e-05	1
19	rs11084544	58940127	0	4.248393e-04	5.426681e-05	1
19	rs11084545	58951693	0	4.697308e-04	4.639653e-05	1
19	rs111426967	58526736	0	-1.590251e-03	-4.941135e-04	1
19	rs111476488	58632584	0	5.781949e-04	8.364116e-05	1
19	rs111497992	58952247	0	1.626416e-04	3.403889e-05	1
19	rs111785442	59088450	0	7.541540e-05	1.493788e-05	1
19	rs111938040	58682195	0	-3.795352e-04	-8.337212e-05	1
19	rs111961880	58521852	0	1.146121e-03	2.949703e-04	1
19	rs112047932	59096384	0	-7.480931e-05	-1.541288e-05	1
19	rs112072625	58851928	0	-5.855955e-04	-1.174414e-04	1
19	rs112121304	58747493	0	6.400801e-04	1.260022e-04	1
19	rs1122955	58946203	0	3.287748e-04	4.151255e-05	1
19	rs112380274	58538047	0	-1.246618e-04	-2.626904e-05	1
19	rs112404933	59051273	27	-3.602699e-05	-4.991683e-06	1
19	rs112495529	59086341	0	-2.343602e-04	-4.191187e-05	1
19	rs112630877	58713159	0	-1.594179e-04	-3.035731e-05	1
19	rs112710702	58907700	0	2.798212e-04	6.136660e-05	1
19	rs112807223	58957572	0	-7.953352e-05	-1.753097e-05	1
19	rs112809147	58521822	0	-1.687812e-03	-5.936947e-04	1
19	rs112884174	58795474	0	-2.428033e-04	-2.701992e-05	1
19	rs112905868	58696543	0	2.019601e-04	2.621717e-05	1
19	rs112923015	58843344	0	-6.965922e-04	-1.383856e-04	1
19	rs113038922	58848825	8	-8.042785e-04	-1.808634e-04	1
19	rs113128193	59054938	0	-2.310218e-04	-4.751662e-05	1
19	rs113129007	58572389	0	1.468556e-04	3.338545e-05	1
19	rs113234672	59044327	0	-2.295118e-04	-3.934575e-05	1
19	rs113267181	59018390	0	5.988039e-04	7.031532e-05	1
19	rs113368366	59098134	0	-6.636086e-04	-1.165298e-04	1
19	rs113630669	59008097	19	9.740954e-04	1.260511e-04	1
19	rs113702420	58728671	0	-5.530217e-04	-1.312825e-04	1
19	rs113742427	59035589	0	2.910810e-04	3.274498e-05	1
19	rs113744797	58793000	0	-3.887168e-04	-9.510299e-05	1
19	rs113747485	58702661	0	-1.102475e-04	-2.037266e-05	1
19	rs113782954	58521588	0	-3.687556e-04	-4.824618e-05	1
19	rs113896796	58999674	0	2.859687e-04	6.670644e-05	1
19	rs113896797	58522122	0	-2.823759e-04	-3.616405e-05	1
19	rs113897676	58526091	3	-1.667863e-03	-5.380849e-04	1
19	rs113909979	58843146	0	-6.965922e-04	-1.383855e-04	1
19	rs113992190	58531244	0	-1.687812e-03	-5.936945e-04	1
19	rs114393548	58963349	0	1.404019e-03	2.205287e-04	1
19	rs11486499	59017417	0	4.728937e-04	4.948375e-05	1
19	rs115134660	58671275	0	-3.604038e-04	-7.202074e-05	1
19	rs11545185	59028585	0	-8.729259e-04	-1.340288e-04	1
19	rs11665688	58953762	0	3.970845e-04	5.113421e-05	1
19	rs11666156	58790359	0	-5.214085e-04	-5.431985e-05	1
19	rs11666227	58573559	0	1.120562e-03	1.369915e-04	1
19	rs11666303	58922502	0	2.772599e-04	3.464712e-05	1
19	rs11666477	58777937	0	-1.188791e-03	-1.512655e-04	1
19	rs11666502	58953826	0	3.883452e-04	5.018071e-05	1
19	rs11666610	58527828	0	4.887782e-04	5.058588e-05	1
19	rs11666716	58920952	0	2.772599e-04	3.464712e-05	1
19	rs11666790	59033341	0	6.203419e-04	6.668248e-05	1
19	rs11666928	58914231	0	1.160503e-04	1.459967e-05	1
19	rs11667482	58568958	0	6.150968e-04	6.540109e-05	1
19	rs11667581	58622193	0	-1.357912e-04	-1.379023e-05	1
19	rs11667723	58927489	0	2.772599e-04	3.464711e-05	1
19	rs11668071	58973141	0	1.825524e-04	4.092493e-05	1
19	rs11668201	59003632	0	3.276938e-04	4.344505e-05	1
19	rs11668350	58775813	0	-6.750475e-04	-7.546117e-05	1
19	rs11668420	58937836	0	3.933548e-04	5.005066e-05	1
19	rs11668757	58928299	0	2.805287e-04	3.533182e-05	1
19	rs11668785	58780089	0	-7.401603e-04	-8.081850e-05	1
19	rs11668789	58928309	0	2.772599e-04	3.464709e-05	1
19	rs11668814	58946833	0	3.287748e-04	4.151252e-05	1
19	rs11668821	58955813	0	5.317345e-04	7.027466e-05	1
19	rs11669093	58912795	0	-4.930549e-06	-8.403888e-07	1
19	rs11669127	59003830	0	5.773133e-04	8.124390e-05	1
19	rs11669305	58886431	0	5.899866e-04	8.663398e-05	1
19	rs11669345	59062259	0	2.010904e-04	2.635876e-05	1
19	rs11669347	58951632	0	1.306992e-03	1.986912e-04	1
19	rs11669373	58798685	0	-4.256321e-04	-4.379385e-05	1
19	rs11669378	58951686	0	1.464577e-03	2.387047e-04	1
19	rs11669464	58998901	0	-3.105770e-05	-4.162518e-06	1
19	rs11669526	58998914	0	-1.095351e-04	-1.470684e-05	1
19	rs11669665	58931885	13	5.975800e-05	7.414826e-06	1
19	rs11669741	58960481	0	7.091726e-04	7.278640e-05	1
19	rs11669829	58624120	0	1.016726e-04	1.360091e-05	1
19	rs11669919	58580394	0	6.205355e-04	6.747007e-05	1
19	rs11670035	58573649	0	1.323218e-03	1.748788e-04	1
19	rs11670075	58751393	0	-4.799739e-04	-5.216915e-05	1
19	rs11670192	59017640	0	7.340915e-05	9.465314e-06	1
19	rs11670322	58917125	0	1.347182e-03	2.104382e-04	1
19	rs11670347	58917040	0	1.503844e-03	2.596784e-04	1
19	rs11670764	58992896	0	1.976973e-04	2.033421e-05	1
19	rs11670848	58580962	0	6.392768e-04	6.982127e-05	1
19	rs11670864	59030580	0	2.761788e-04	3.606535e-05	1
19	rs11670871	58940514	0	3.774418e-04	4.792860e-05	1
19	rs11671033	58963669	0	4.760925e-04	6.470005e-05	1
19	rs11671092	59009109	0	9.574764e-04	1.530310e-04	1
19	rs11671113	58958087	0	7.652942e-04	7.923644e-05	1
19	rs11671199	58722673	0	-2.401179e-04	-3.160157e-05	1
19	rs11671477	58800346	0	-4.256321e-04	-4.379383e-05	1
19	rs11671486	58793064	0	-5.304496e-04	-5.538544e-05	1
19	rs11671591	58918337	0	2.298625e-04	2.862079e-05	1
19	rs11671725	58587046	0	6.620860e-04	7.232861e-05	1
19	rs11672212	59018821	0	6.178435e-04	1.243263e-04	1
19	rs11672258	58934685	0	2.772599e-04	3.464707e-05	1
19	rs11672379	58575800	0	-1.048667e-03	-1.400956e-04	1
19	rs11672609	59006924	0	9.375560e-04	1.500747e-04	1
19	rs11672614	59006984	0	9.672190e-04	1.562659e-04	1
19	rs11672645	58718698	0	5.097276e-04	6.190098e-05	1
19	rs11672730	59007203	0	9.672190e-04	1.562659e-04	1
19	rs11672765	58801758	0	-7.267860e-04	-7.632742e-05	1
19	rs11672773	58801784	0	-3.895032e-04	-3.882526e-05	1
19	rs11673069	58934918	0	3.120131e-04	3.940263e-05	1
19	rs11673101	58995053	0	4.105560e-04	5.760659e-05	1
19	rs11673436	58576358	0	6.205355e-04	6.747000e-05	1
19	rs11673465	59038895	0	1.064849e-04	1.321984e-05	1
19	rs11673550	58777337	0	-9.369235e-05	-9.169165e-06	1
19	rs11673557	58777390	0	6.807431e-05	6.675108e-06	1
19	rs11673703	58983549	0	5.666517e-04	1.081919e-04	1
19	rs116922203	58537659	0	7.873963e-04	2.043398e-04	1
19	rs116938565	58752980	0	-5.582574e-04	-1.156618e-04	1
19	rs117121674	58619217	0	2.000058e-04	4.762193e-05	1
19	rs117207849	58645844	0	-4.156837e-04	-1.023170e-04	1
19	rs117233340	58531540	0	4.337501e-04	1.020765e-04	1
19	rs117316552	59087901	0	-3.102307e-05	-6.547670e-06	1
19	rs117415600	58985438	0	1.080384e-04	2.465838e-05	1
19	rs117450623	58789961	0	2.085494e-04	4.952753e-05	1
19	rs117465682	58954770	0	1.080384e-04	2.465838e-05	1
19	rs117482759	58808414	0	2.730259e-04	6.295608e-05	1
19	rs117509647	58580355	0	-1.181091e-04	-2.586554e-05	1
19	rs117591817	58875573	0	-6.207421e-05	-1.417811e-05	1
19	rs117625253	59097933	0	-7.252740e-05	-1.625403e-05	1
19	rs117667229	58690935	0	-4.613498e-04	-1.019880e-04	1
19	rs117761389	58665641	0	1.279992e-05	2.920526e-06	1
19	rs117800501	58649809	0	1.279900e-03	4.054320e-04	1
19	rs117831716	58571600	0	-5.453193e-04	-1.335217e-04	1
19	rs117962485	58794158	0	1.028183e-04	2.369846e-05	1
19	rs118058287	58726678	0	1.928934e-05	4.157667e-06	1
19	rs118098469	59027453	0	-3.683893e-04	-8.508392e-05	1
19	rs118122480	58697975	0	5.692392e-05	1.296442e-05	1
19	rs118165397	58873238	0	3.849594e-04	7.745871e-05	1
19	rs11878198	58920302	0	2.660473e-04	3.320065e-05	1
19	rs11878203	58920050	0	2.298625e-04	2.862076e-05	1
19	rs11879192	58613591	0	-2.347038e-04	-2.403095e-05	1
19	rs11879575	58660968	0	2.002698e-04	2.807713e-05	1
19	rs11879748	58613819	0	-2.347038e-04	-2.403094e-05	1
19	rs11879808	58876517	0	-2.169793e-04	-3.745238e-05	1
19	rs11881000	58932788	0	2.298625e-04	2.862075e-05	1
19	rs11881126	58523990	0	6.261154e-04	6.610686e-05	1
19	rs11882226	59064636	0	-3.788383e-04	-6.922814e-05	1
19	rs11882439	58730564	0	-3.843531e-04	-4.836527e-05	1
19	rs11883119	58750511	0	-5.365347e-04	-1.102326e-04	1
19	rs11883136	58750671	0	-5.582574e-04	-1.156618e-04	1
19	rs12052202	59048311	0	8.784842e-05	1.660927e-05	1
19	rs12151036	58714235	0	2.594625e-05	3.310458e-06	1
19	rs12459294	58878494	0	3.968040e-05	7.019528e-06	1
19	rs12459340	58878484	0	-8.176231e-04	-8.786028e-05	1
19	rs12459664	58883817	0	-3.842652e-04	-7.102314e-05	1
19	rs12459668	58883897	0	2.101975e-04	4.081035e-05	1
19	rs12459942	58678797	0	-4.342561e-05	-9.717484e-06	1
19	rs12460016	58784640	0	-4.090401e-04	-5.398119e-05	1
19	rs12460050	58666109	0	-1.777619e-04	-2.249683e-05	1
19	rs12460553	58903304	0	-3.450600e-04	-3.744563e-05	1
19	rs12460623	58903574	0	-2.553340e-04	-2.724035e-05	1
19	rs12460974	58537461	0	5.061958e-04	5.374765e-05	1
19	rs12461217	58579927	0	-8.730183e-04	-1.116760e-04	1
19	rs12461356	58668553	0	-9.263429e-05	-9.738325e-06	1
19	rs12461832	58611210	0	-2.347038e-04	-2.403094e-05	1
19	rs12462307	58784732	0	-9.358608e-04	-1.195265e-04	1
19	rs12462495	59089792	0	2.234627e-04	4.820994e-05	1
19	rs12462497	58964424	0	-1.130893e-03	-2.672057e-04	1
19	rs12462787	58801360	0	1.507756e-03	2.803746e-04	1
19	rs12608795	58896477	0	-6.269866e-04	-7.127641e-05	1
19	rs12609270	58888787	0	-8.950201e-04	-9.846832e-05	1
19	rs12611047	58889108	0	-6.447788e-04	-6.954987e-05	1
19	rs1265953	58854566	0	8.946794e-04	1.945429e-04	1
19	rs1265954	58854600	0	6.281498e-04	1.265492e-04	1
19	rs1265955	58856812	0	7.961506e-04	1.703567e-04	1
19	rs1265956	58857131	0	6.550016e-04	1.204968e-04	1
19	rs1265957	58858676	0	8.003158e-05	1.656308e-05	1
19	rs1265961	58860387	3	3.362361e-04	4.754833e-05	1
19	rs1268538	58853363	0	-6.281498e-04	-1.265492e-04	1
19	rs12971534	58541508	0	-6.925031e-04	-9.900998e-05	1
19	rs12971923	58634625	0	-8.394234e-04	-1.136921e-04	1
19	rs12971940	58541514	0	-3.461676e-04	-4.709903e-05	1
19	rs12972034	58690818	0	6.794810e-04	8.608276e-05	1
19	rs12972054	58735053	0	-3.287390e-04	-4.217478e-05	1
19	rs12972201	59035989	0	1.493490e-04	2.533777e-05	1
19	rs12972400	59036000	0	-3.044601e-04	-6.561710e-05	1
19	rs12972438	58728126	1	4.049032e-04	4.824257e-05	1
19	rs12972443	58757870	0	-3.940069e-04	-4.211457e-05	1
19	rs12972597	59036021	0	-2.308729e-04	-4.878051e-05	1
19	rs12972636	59036119	0	-1.910467e-04	-3.985146e-05	1
19	rs12972884	58749797	0	-4.277476e-04	-4.611366e-05	1
19	rs12972898	58956888	0	4.538767e-04	5.965526e-05	1
19	rs12972962	59036017	0	-3.468440e-04	-7.483592e-05	1
19	rs12973189	58618974	0	-7.669736e-05	-7.667086e-06	1
19	rs12973218	58729931	0	-6.131383e-04	-8.007387e-05	1
19	rs12973231	58729904	0	-6.131383e-04	-8.007386e-05	1
19	rs12973458	58729973	0	-4.925139e-04	-6.294590e-05	1
19	rs12973718	58580615	0	-3.108464e-04	-4.336367e-05	1
19	rs12974045	58612080	11	-7.457381e-04	-7.974359e-05	1
19	rs12974312	58612154	0	-1.685117e-04	-1.714012e-05	1
19	rs12975369	58693418	0	5.638790e-04	7.013962e-05	1
19	rs12975659	58612122	0	-2.211231e-04	-3.005336e-05	1
19	rs12975995	58553864	0	-2.318718e-04	-3.023295e-05	1
19	rs12976331	58751639	0	-5.993654e-04	-6.959217e-05	1
19	rs12976771	58614336	0	-2.347038e-04	-2.403091e-05	1
19	rs12976842	58614404	0	-2.347038e-04	-2.403091e-05	1
19	rs12976966	58647516	0	-1.271983e-04	-1.848347e-05	1
19	rs12977251	58605521	0	4.299459e-04	4.513341e-05	1
19	rs12977390	58614604	0	-3.270147e-04	-3.382250e-05	1
19	rs12977592	58961056	0	-4.142868e-04	-4.446167e-05	1
19	rs12977863	58702050	0	6.066050e-04	7.604347e-05	1
19	rs12977929	58688430	0	5.674996e-04	7.031270e-05	1
19	rs12978129	58725724	0	3.197681e-04	3.755227e-05	1
19	rs12978139	58732605	0	-4.660405e-04	-5.963507e-05	1
19	rs12978152	58732656	0	-7.386415e-04	-8.678376e-05	1
19	rs12978231	58614357	0	-2.347038e-04	-2.403089e-05	1
19	rs12979108	58732779	0	-4.586807e-04	-5.859421e-05	1
19	rs12979415	58952608	0	-4.379354e-04	-9.818592e-05	1
19	rs12979906	58732532	0	-1.531890e-03	-2.288125e-04	1
19	rs12980120	58618223	0	-1.153781e-04	-1.564527e-05	1
19	rs12980208	58860812	0	1.180105e-03	2.956722e-04	1
19	rs12980211	58611169	0	-2.347038e-04	-2.403088e-05	1
19	rs12980299	58787473	0	-6.089949e-04	-6.449917e-05	1
19	rs12980430	59002009	0	1.381442e-03	1.949160e-04	1
19	rs12980623	58624996	0	-4.948543e-04	-7.337806e-05	1
19	rs12980697	58963488	0	5.746751e-04	7.545497e-05	1
19	rs12980907	58956326	0	5.317345e-04	7.027459e-05	1
19	rs12981083	58963468	0	6.334671e-04	8.413969e-05	1
19	rs12981092	58963475	0	5.661353e-04	7.419602e-05	1
19	rs12981338	58618736	0	-6.397651e-05	-6.409799e-06	1
19	rs12981417	58596956	0	-2.247848e-04	-3.113459e-05	1
19	rs12981649	58930043	0	2.772599e-04	3.464700e-05	1
19	rs12981684	58632144	0	-8.394234e-04	-1.136920e-04	1
19	rs12981875	58935130	0	3.087444e-04	3.868488e-05	1
19	rs12982505	58613285	0	-4.264757e-04	-4.541521e-05	1
19	rs12982863	58715418	0	3.955922e-04	4.772898e-05	1
19	rs12983138	58655373	0	4.754780e-07	4.940624e-08	1
19	rs12983165	58958435	0	4.843537e-04	6.379435e-05	1
19	rs12983169	58768177	0	-6.040359e-04	-6.829219e-05	1
19	rs12983679	58923736	0	2.370352e-04	2.954105e-05	1
19	rs12983701	58613499	0	6.533881e-05	6.608691e-06	1
19	rs12983728	58671267	0	2.916055e-04	4.298087e-05	1
19	rs12983843	58923618	1	3.250064e-04	4.094779e-05	1
19	rs12984015	58613031	0	-2.347038e-04	-2.403085e-05	1
19	rs12984254	58613113	0	-2.347038e-04	-2.403085e-05	1
19	rs12984878	58562150	0	2.966498e-04	3.840237e-05	1
19	rs12985394	58958585	0	4.843537e-04	6.379434e-05	1
19	rs12985543	58689072	0	5.247736e-04	6.455157e-05	1
19	rs12986027	58793596	0	-5.304496e-04	-5.538534e-05	1
19	rs12986378	58727821	0	6.222988e-04	7.707110e-05	1
19	rs12986387	58927215	0	2.772599e-04	3.464698e-05	1
19	rs13343526	58908150	0	1.472454e-05	2.329984e-06	1
19	rs13344155	59085666	0	-5.748781e-04	-9.959497e-05	1
19	rs13344679	58693697	0	3.887402e-04	5.092402e-05	1
19	rs13345808	58674696	0	-3.591055e-04	-4.007613e-05	1
19	rs13346342	58522715	0	1.453650e-03	3.248383e-04	1
19	rs13382065	58903698	0	-3.911023e-05	-4.157124e-06	1
19	rs139211863	58843003	0	-6.965922e-04	-1.383853e-04	1
19	rs140171882	58659248	0	5.319966e-04	7.817674e-05	1
19	rs140214515	58654197	0	-3.736685e-04	-8.879920e-05	1
19	rs140638120	58754319	0	1.344740e-05	3.165883e-06	1
19	rs140755790	58680275	0	-7.550923e-05	-1.440140e-05	1
19	rs141669549	58690674	0	3.532934e-04	4.747615e-05	1
19	rs141815249	58690989	0	-4.613498e-04	-1.019880e-04	1
19	rs141887102	59077031	0	1.519809e-04	1.987424e-05	1
19	rs142677013	58655817	0	-2.283712e-04	-5.115989e-05	1
19	rs143096975	58622408	0	1.178394e-03	3.444786e-04	1
19	rs143314212	58810770	0	-5.485901e-04	-1.329566e-04	1
19	rs143712775	58643218	0	-3.035799e-04	-6.051748e-05	1
19	rs144310654	58669338	0	-4.001377e-04	-9.630087e-05	1
19	rs144479077	58634823	0	2.509058e-05	5.671663e-06	1
19	rs144760313	58894031	0	-1.106197e-04	-2.210812e-05	1
19	rs144929606	59015873	0	6.238059e-04	7.327865e-05	1
19	rs146262068	59077090	0	-2.300820e-04	-4.216966e-05	1
19	rs1465789	58946056	0	4.249912e-04	4.175267e-05	1
19	rs1469087	58572979	0	-1.114913e-03	-2.223869e-04	1
19	rs147878006	58887658	0	-2.717363e-05	-4.973270e-06	1
19	rs148493024	58655648	0	1.155815e-03	3.453955e-04	1
19	rs148953731	58662865	0	1.378276e-03	4.161364e-04	1
19	rs149513825	58925379	0	1.080384e-04	2.465836e-05	1
19	rs149594935	58681857	0	-4.115726e-04	-8.595322e-05	1
19	rs149863732	58917068	0	1.756261e-03	3.457617e-04	1
19	rs150191918	58691030	0	1.187649e-03	3.508929e-04	1
19	rs150752046	58888366	0	2.771282e-04	5.379174e-05	1
19	rs150892142	58743405	0	-9.586386e-04	-2.543776e-04	1
19	rs150997678	59052967	6	1.547597e-04	3.481429e-05	1
19	rs151265692	59019648	0	-2.691203e-04	-5.946887e-05	1
19	rs1529329	58600048	0	1.046429e-03	1.609351e-04	1
19	rs1529958	58899466	0	-1.508634e-03	-2.104658e-04	1
19	rs1529959	58899342	0	-1.455861e-03	-2.024635e-04	1
19	rs1544796	58542425	0	-9.015764e-04	-1.758006e-04	1
19	rs1544888	58570912	0	-9.374259e-04	-1.198735e-04	1
19	rs1549279	58528621	0	1.521302e-03	2.144212e-04	1
19	rs1549491	58588434	0	-9.337333e-04	-1.195792e-04	1
19	rs1549492	58585248	0	-5.194686e-04	-6.006284e-05	1
19	rs1549493	58585367	0	-3.610263e-04	-4.059471e-05	1
19	rs1549495	58529518	0	5.802122e-04	6.077542e-05	1
19	rs1550812	59090423	0	-3.462036e-04	-6.217917e-05	1
19	rs1550813	59090227	0	-6.166295e-04	-6.590737e-05	1
19	rs157355	58692686	0	-6.499515e-04	-7.007160e-05	1
19	rs157357	58693870	0	-7.599177e-04	-1.324842e-04	1
19	rs157358	58643751	0	-3.890907e-04	-5.497460e-05	1
19	rs157360	58650058	0	3.662762e-04	4.598150e-05	1
19	rs157361	58676017	0	-5.829739e-04	-9.034478e-05	1
19	rs157362	58675894	0	1.607923e-04	2.360248e-05	1
19	rs157363	58675603	0	-4.069718e-04	-6.109305e-05	1
19	rs157364	58675220	0	9.133840e-05	9.237661e-06	1
19	rs157365	58674756	0	9.883009e-05	1.006245e-05	1
19	rs157366	58674526	0	3.097590e-04	3.388490e-05	1
19	rs157367	58674310	0	-7.163535e-05	-1.021857e-05	1
19	rs157369	58672078	0	4.355216e-04	4.746383e-05	1
19	rs157370	58671178	0	3.522247e-04	3.796187e-05	1
19	rs157371	58669973	0	4.190230e-04	4.534776e-05	1
19	rs157372	58668597	0	3.522247e-04	3.796188e-05	1
19	rs157373	58666990	0	1.586196e-05	2.150853e-06	1
19	rs157374	58666086	1	2.143645e-04	2.955833e-05	1
19	rs157375	58665001	0	6.061920e-05	8.226587e-06	1
19	rs157376	58663457	0	-4.695817e-04	-6.791271e-05	1
19	rs157378	58696697	0	-1.123033e-03	-1.382675e-04	1
19	rs157379	58696598	0	-1.277119e-03	-1.653980e-04	1
19	rs1592993	58555971	0	-3.716332e-04	-6.464541e-05	1
19	rs1592994	58555932	0	-3.716332e-04	-6.464540e-05	1
19	rs1592995	58555850	0	-3.758129e-04	-6.541624e-05	1
19	rs159667	58648359	0	3.445775e-05	3.466823e-06	1
19	rs159668	58643841	0	-3.890907e-04	-5.497455e-05	1
19	rs159670	58641777	0	-2.003956e-04	-2.615691e-05	1
19	rs159671	58641701	0	-1.317388e-04	-1.712791e-05	1
19	rs159672	58641686	0	3.216960e-04	4.437885e-05	1
19	rs159673	58641457	0	-2.136536e-04	-2.792972e-05	1
19	rs159674	58670181	0	-9.682418e-05	-1.347268e-05	1
19	rs159675	58668765	0	-1.435355e-04	-1.415602e-05	1
19	rs159676	58666427	0	-2.925026e-04	-2.902807e-05	1
19	rs159677	58665490	0	-5.361256e-04	-5.441099e-05	1
19	rs159678	58679085	0	-1.290479e-04	-1.846866e-05	1
19	rs159679	58661732	0	-4.060843e-04	-4.040611e-05	1
19	rs159680	58661581	0	1.785366e-04	2.436510e-05	1
19	rs159870	58549366	0	9.591190e-05	1.055215e-05	1
19	rs159871	58550281	0	-1.293795e-04	-1.416838e-05	1
19	rs159872	58547449	0	1.773541e-04	1.940136e-05	1
19	rs159873	58547516	0	1.773541e-04	1.940135e-05	1
19	rs159874	58548431	0	-8.230724e-04	-1.617648e-04	1
19	rs166343	58775182	0	-9.305909e-05	-9.111701e-06	1
19	rs166830	58658950	7	3.209552e-04	4.530138e-05	1
19	rs166831	58676446	0	-4.069718e-04	-6.109298e-05	1
19	rs169776	58550436	0	-8.230724e-04	-1.617648e-04	1
19	rs16988654	58837269	0	-4.959922e-04	-9.081127e-05	1
19	rs16988659	58840850	0	-6.371388e-04	-1.246302e-04	1
19	rs16988665	58840905	0	-6.193288e-04	-1.244567e-04	1
19	rs16988667	58842180	0	-7.665744e-04	-1.537226e-04	1
19	rs16988668	58850756	0	-5.990892e-04	-1.124745e-04	1
19	rs171851	58758900	0	-1.752347e-04	-2.425741e-05	1
19	rs171852	58754386	0	-7.541188e-04	-7.749593e-05	1
19	rs171853	58685051	0	-7.940125e-04	-9.348642e-05	1
19	rs171854	58666802	0	5.842627e-04	8.809136e-05	1
19	rs174280	58711922	0	-1.261926e-03	-1.629117e-04	1
19	rs174281	58735457	0	-4.773360e-04	-8.155424e-05	1
19	rs176981	58655580	0	-4.203685e-04	-5.446210e-05	1
19	rs17853924	58806686	0	-7.568332e-04	-1.773708e-04	1
19	rs1808397	58572356	0	-1.227067e-03	-1.748705e-04	1
19	rs1812874	58632506	0	-3.777895e-04	-5.142769e-05	1
19	rs181320759	58658446	0	2.901768e-04	4.108355e-05	1
19	rs181994	58746054	0	-7.116393e-04	-1.140103e-04	1
19	rs182055294	58526154	16	-1.703520e-03	-5.542834e-04	1
19	rs183304547	58609059	0	2.068190e-04	4.945844e-05	1
19	rs184128	58548760	0	1.821650e-04	2.041325e-05	1
19	rs185161330	58916579	5	4.718622e-04	6.264446e-05	1
19	rs185464	58776863	0	-6.295937e-04	-6.591507e-05	1
19	rs185791	58644371	0	5.496825e-05	6.695257e-06	1
19	rs1865960	58894235	0	-3.542249e-04	-6.528565e-05	1
19	rs1867726	59084306	0	2.010616e-04	2.221966e-05	1
19	rs1867727	59084181	0	2.543140e-04	2.830031e-05	1
19	rs187760	58775192	0	2.656943e-04	2.621802e-05	1
19	rs188370	58529192	0	-8.736826e-04	-1.099191e-04	1
19	rs188415	58616313	0	-3.647455e-04	-4.794266e-05	1
19	rs188486366	58526153	16	-1.520117e-03	-4.389850e-04	1
19	rs189981267	58970374	0	-4.092182e-04	-9.374468e-05	1
19	rs190729	58658029	1	-5.825309e-04	-6.120654e-05	1
19	rs190882	58529365	0	-8.813942e-04	-1.111509e-04	1
19	rs190975	58631968	0	-7.557772e-05	-1.667360e-05	1
19	rs193390	58548658	0	-1.520413e-04	-2.334712e-05	1
19	rs1968868	58678383	0	7.176955e-05	9.289202e-06	1
19	rs1974819	58656963	0	6.620261e-04	1.021668e-04	1
19	rs1974826	58590145	0	-7.900648e-04	-9.500776e-05	1
19	rs1985434	58764185	0	-1.868169e-03	-2.821220e-04	1
19	rs1987625	58632634	0	-6.093570e-04	-9.072651e-05	1
19	rs1987626	58632649	0	-3.777895e-04	-5.142767e-05	1
19	rs1993463	58786898	0	-2.017629e-04	-4.034001e-05	1
19	rs1993464	58786953	0	1.181355e-03	1.666418e-04	1
19	rs2003104	59020597	0	-3.159745e-05	-6.157239e-06	1
19	rs2011666	58990045	0	1.249163e-03	1.827317e-04	1
19	rs2013635	58646792	0	7.833657e-04	1.197857e-04	1
19	rs2033711	58999350	5	5.394372e-04	5.443105e-05	1
19	rs204216	58660769	0	6.061920e-05	8.226630e-06	1
19	rs2046357	58673534	0	-7.550923e-05	-1.440139e-05	1
19	rs2052733	58625864	0	-2.258420e-04	-3.039762e-05	1
19	rs2052734	58626005	0	-9.899317e-05	-1.311653e-05	1
19	rs2052735	58626112	0	-5.546760e-05	-7.141039e-06	1
19	rs2062251	58715682	0	4.702945e-04	5.761794e-05	1
19	rs2081578	58669335	0	-2.540677e-04	-4.986182e-05	1
19	rs2098685	58630409	0	8.321883e-04	1.302884e-04	1
19	rs2098686	58630043	0	-1.554879e-04	-2.025083e-05	1
19	rs2098687	58630023	0	-1.386493e-04	-1.813628e-05	1
19	rs2098717	58524390	0	5.235530e-04	9.933361e-05	1
19	rs2100610	58802349	0	-3.463269e-04	-7.267614e-05	1
19	rs2112825	58614156	0	7.678685e-04	1.185730e-04	1
19	rs211579	58615270	0	2.483251e-05	3.345867e-06	1
19	rs2124911	58696798	0	5.638790e-04	7.013985e-05	1
19	rs2168644	58788393	0	-6.089949e-04	-6.449906e-05	1
19	rs2228162	59074429	0	-1.695654e-04	-2.942935e-05	1
19	rs2229375	58578578	0	6.205355e-04	6.746984e-05	1
19	rs2229379	58579923	0	6.520164e-04	7.177870e-05	1
19	rs2241406	58549593	0	-7.858334e-04	-1.502595e-04	1
19	rs2241787	58906163	0	-1.313494e-03	-1.749475e-04	1
19	rs2258557	58596449	0	-7.538675e-04	-1.233551e-04	1
19	rs2260914	58598784	0	-1.491149e-03	-2.742555e-04	1
19	rs2287837	58598670	0	1.046429e-03	1.609352e-04	1
19	rs2288274	58572959	0	-1.174957e-03	-1.642108e-04	1
19	rs2289143	58904715	0	7.657909e-04	1.159217e-04	1
19	rs2304521	58988179	0	-5.458906e-04	-8.979641e-05	1
19	rs2305119	59067623	0	-1.880422e-04	-2.076284e-05	1
19	rs2305120	59059729	0	-3.730437e-04	-7.023336e-05	1
19	rs2305122	59056752	0	-9.314484e-05	-1.231231e-05	1
19	rs2375233	58617203	0	4.056982e-04	5.066016e-05	1
19	rs2375234	58633323	0	-3.777895e-04	-5.142764e-05	1
19	rs2375235	58634745	0	-2.136536e-04	-2.792965e-05	1
19	rs2375470	58864867	0	7.417644e-04	1.579584e-04	1
19	rs2396991	59078073	0	1.681191e-04	3.540068e-05	1
19	rs2431835	58647214	0	4.689308e-04	4.701416e-05	1
19	rs2445854	58777608	4	4.952004e-06	4.851306e-07	1
19	rs2445855	58785181	0	5.332778e-04	6.154593e-05	1
19	rs2445856	58701358	0	-1.400775e-03	-1.856338e-04	1
19	rs2445857	58708507	0	-1.231061e-03	-2.591336e-04	1
19	rs2445858	58708730	0	-1.422308e-03	-1.911211e-04	1
19	rs2445859	58734330	0	-3.714735e-04	-6.480269e-05	1
19	rs2449628	58781945	0	-1.229957e-03	-1.453776e-04	1
19	rs2449629	58781917	0	-1.367734e-03	-1.691635e-04	1
19	rs2449631	58781652	0	-1.661167e-03	-2.315386e-04	1
19	rs2449632	58781379	0	-1.229957e-03	-1.453775e-04	1
19	rs2449634	58795207	0	1.182270e-03	2.300436e-04	1
19	rs2449635	58785227	0	8.303942e-04	9.589850e-05	1
19	rs2449636	58785202	0	1.889363e-03	3.912906e-04	1
19	rs2449638	58735033	0	-2.799609e-04	-4.787277e-05	1
19	rs2449639	58777772	0	-7.875079e-04	-8.619470e-05	1
19	rs2547257	58610107	0	-2.859456e-04	-3.799210e-05	1
19	rs2547258	58638685	0	-1.091676e-04	-1.359945e-05	1
19	rs2547259	58637237	0	-1.432199e-04	-1.865198e-05	1
19	rs2547260	58635294	0	-2.081544e-04	-2.039343e-05	1
19	rs2547295	58617479	0	1.016726e-04	1.360112e-05	1
19	rs2547296	58622896	1	2.776130e-04	3.623381e-05	1
19	rs2547297	58623249	0	1.016726e-04	1.360113e-05	1
19	rs2547298	58626436	0	-3.926922e-04	-5.392826e-05	1
19	rs2547347	58627459	0	-3.027852e-04	-4.107281e-05	1
19	rs2547348	58626879	0	-3.027852e-04	-4.107281e-05	1
19	rs2547349	58626742	0	-3.027852e-04	-4.107280e-05	1
19	rs2547350	58622950	0	3.796332e-05	5.075831e-06	1
19	rs2547351	58620965	0	1.016726e-04	1.360115e-05	1
19	rs2547352	58610720	0	6.375772e-04	9.207324e-05	1
19	rs2547355	58635125	0	-2.136536e-04	-2.792960e-05	1
19	rs2547356	58635146	0	-2.136536e-04	-2.792960e-05	1
19	rs2547357	58636155	0	-2.136536e-04	-2.792959e-05	1
19	rs2547358	58636656	0	-3.777895e-04	-5.142758e-05	1
19	rs2547359	58637389	0	-1.432199e-04	-1.865195e-05	1
19	rs2547360	58638399	0	5.496825e-05	6.695343e-06	1
19	rs2554963	58625364	0	7.949046e-04	1.239317e-04	1
19	rs2554964	58625504	0	1.339796e-04	1.832983e-05	1
19	rs2554965	58625638	0	-4.848702e-05	-6.203526e-06	1
19	rs2554966	58627271	0	-3.027852e-04	-4.107278e-05	1
19	rs2554967	58627382	0	-5.343527e-04	-7.879302e-05	1
19	rs2554968	58627406	0	-4.428927e-04	-6.230777e-05	1
19	rs2554970	58636732	0	5.781949e-04	8.364084e-05	1
19	rs2554972	58636174	0	-3.777895e-04	-5.142756e-05	1
19	rs2554973	58631032	0	-2.136536e-04	-2.792957e-05	1
19	rs2554978	58609677	0	-4.518229e-04	-6.530656e-05	1
19	rs2554981	58620273	0	5.954449e-04	8.755899e-05	1
19	rs2554982	58620524	0	2.679749e-04	3.491407e-05	1
19	rs2554983	58620872	0	1.016726e-04	1.360119e-05	1
19	rs2554984	58621104	0	2.679749e-04	3.491408e-05	1
19	rs2554985	58621438	0	-2.354483e-04	-3.287682e-05	1
19	rs2554986	58621492	0	-2.266538e-04	-3.092389e-05	1
19	rs2554987	58622985	0	1.165822e-04	1.552086e-05	1
19	rs260413	58710468	0	-1.193471e-03	-2.486662e-04	1
19	rs260415	58715944	0	-1.513634e-03	-2.302823e-04	1
19	rs260416	58717025	0	-1.878182e-03	-5.240531e-04	1
19	rs260418	58720918	0	-4.947169e-04	-5.886102e-05	1
19	rs260419	58721952	0	-1.027436e-03	-1.995361e-04	1
19	rs260420	58731704	0	-2.799609e-04	-4.787271e-05	1
19	rs260421	58731390	0	-6.180172e-04	-7.083944e-05	1
19	rs260422	58729833	0	-1.659588e-03	-2.567509e-04	1
19	rs260424	58726569	0	-2.010138e-04	-3.589828e-05	1
19	rs260425	58735740	0	-4.699762e-04	-7.991420e-05	1
19	rs260426	58736177	0	-3.654125e-04	-6.004382e-05	1
19	rs260427	58736226	0	-1.156264e-03	-2.097664e-04	1
19	rs260428	58736625	0	-4.685149e-04	-7.785586e-05	1
19	rs260430	58737161	0	-4.467922e-04	-7.383125e-05	1
19	rs260432	58738273	0	-4.467922e-04	-7.383124e-05	1
19	rs260433	58738897	0	-1.741977e-03	-2.994177e-04	1
19	rs260434	58739039	1	-5.540747e-04	-9.335474e-05	1
19	rs260435	58739704	0	-4.467922e-04	-7.383121e-05	1
19	rs260436	58739710	0	-3.335277e-04	-5.438481e-05	1
19	rs260437	58739744	0	-5.982673e-04	-1.019367e-04	1
19	rs260438	58740339	0	-4.273523e-04	-7.015975e-05	1
19	rs260444	58745470	0	-2.272402e-04	-2.448041e-05	1
19	rs260446	58746861	0	-9.437070e-04	-1.646388e-04	1
19	rs260448	58764375	0	-1.659241e-03	-2.278486e-04	1
19	rs260449	58765459	0	-1.110261e-03	-1.246076e-04	1
19	rs260450	58766410	0	-1.074718e-03	-1.193950e-04	1
19	rs260451	58766550	0	-1.110261e-03	-1.246076e-04	1
19	rs260452	58766874	0	-1.110261e-03	-1.246076e-04	1
19	rs260453	58767151	0	-7.139170e-04	-7.267872e-05	1
19	rs260454	58767168	0	-1.774388e-03	-2.554251e-04	1
19	rs260455	58767492	0	2.103079e-05	2.927974e-06	1
19	rs260456	58767565	0	-1.646795e-03	-2.238316e-04	1
19	rs260457	58767697	0	-1.130301e-03	-1.273653e-04	1
19	rs260459	58768500	0	-1.230487e-03	-1.433989e-04	1
19	rs260460	58769790	14	-1.205886e-04	-2.732994e-05	1
19	rs260461	58770883	0	2.103079e-05	2.928011e-06	1
19	rs260462	58774071	0	-2.654827e-04	-2.627159e-05	1
19	rs260464	58774762	0	-9.305909e-05	-9.111208e-06	1
19	rs260465	58775486	1	-9.088132e-05	-8.897498e-06	1
19	rs260466	58775737	0	-7.054696e-04	-7.488283e-05	1
19	rs260467	58776215	0	-9.305909e-05	-9.111187e-06	1
19	rs260468	58776630	0	-2.326660e-04	-2.292515e-05	1
19	rs260469	58776765	0	-9.305909e-05	-9.111177e-06	1
19	rs260472	58807757	0	4.163594e-04	9.687102e-05	1
19	rs260473	58798137	0	9.082557e-04	1.027667e-04	1
19	rs260474	58798300	0	1.027239e-03	1.199649e-04	1
19	rs260475	58798490	0	1.776152e-03	3.845393e-04	1
19	rs260476	58798598	0	9.816190e-04	1.129058e-04	1
19	rs260477	58798628	0	1.016666e-03	1.182279e-04	1
19	rs260478	58751030	0	-6.965789e-04	-7.093055e-05	1
19	rs260482	58748274	0	-4.733831e-04	-7.420582e-05	1
19	rs260483	58748180	0	-4.260745e-04	-6.780340e-05	1
19	rs260484	58758451	0	-1.707415e-03	-2.403490e-04	1
19	rs260486	58753937	0	-1.589978e-03	-2.109235e-04	1
19	rs260487	58685347	0	-9.808231e-04	-1.276294e-04	1
19	rs260488	58686991	0	-8.485446e-04	-1.558508e-04	1
19	rs260491	58664447	0	3.277670e-04	4.664468e-05	1
19	rs260492	58668565	0	2.465060e-04	3.466015e-05	1
19	rs260493	58671334	0	1.422030e-04	2.001362e-05	1
19	rs260495	58794240	0	2.124059e-03	5.761665e-04	1
19	rs260496	58794033	0	2.040612e-03	5.110490e-04	1
19	rs260497	58792213	0	8.314748e-04	9.556432e-05	1
19	rs260498	58792190	0	1.053037e-03	1.276625e-04	1
19	rs260499	58791716	0	2.124059e-03	5.761660e-04	1
19	rs260500	58791213	0	8.314748e-04	9.556429e-05	1
19	rs260501	58790807	0	8.255349e-04	9.444151e-05	1
19	rs260502	58790784	0	2.153036e-03	5.980877e-04	1
19	rs260503	58790095	0	7.318502e-04	8.253307e-05	1
19	rs281061	58643376	3	-2.334202e-04	-2.833666e-05	1
19	rs281063	58651941	0	-6.573507e-04	-6.802234e-05	1
19	rs281064	58649998	0	5.246449e-04	6.696530e-05	1
19	rs281065	58645577	0	-5.177274e-04	-5.300860e-05	1
19	rs281066	58644840	0	-3.890907e-04	-5.497423e-05	1
19	rs281069	58659039	4	-4.549628e-04	-4.377197e-05	1
19	rs281070	58658691	0	-4.346806e-04	-4.245763e-05	1
19	rs281072	58657714	0	-6.518673e-04	-6.778848e-05	1
19	rs281073	58656418	0	-5.649272e-04	-5.701828e-05	1
19	rs281074	58656176	0	1.133290e-04	1.541473e-05	1
19	rs281075	58655106	0	-1.599594e-04	-2.134687e-05	1
19	rs281076	58654307	0	-1.037237e-03	-1.199095e-04	1
19	rs281077	58653376	0	-5.263572e-04	-5.498237e-05	1
19	rs281078	58653320	0	-2.357193e-05	-3.220473e-06	1
19	rs281079	58678388	0	-4.444357e-04	-6.669662e-05	1
19	rs281080	58700131	8	-1.435438e-03	-1.808828e-04	1
19	rs281081	58698915	0	-1.005310e-03	-1.162673e-04	1
19	rs28444973	58982044	0	-7.986141e-04	-1.679612e-04	1
19	rs28521102	58597905	0	-4.239643e-04	-9.921374e-05	1
19	rs28575910	59072396	0	-5.657511e-04	-1.050615e-04	1
19	rs28699075	59069214	0	1.681191e-04	3.540070e-05	1
19	rs28725494	58633618	0	-5.499264e-06	-6.503331e-07	1
19	rs28757810	58813720	0	-9.467074e-04	-1.258367e-04	1
19	rs28821001	59018503	0	-8.559549e-06	-8.783119e-07	1
19	rs28840697	58825728	0	-2.776868e-04	-4.862718e-05	1
19	rs2889031	58659115	4	1.127448e-04	1.053115e-05	1
19	rs2889128	58973929	0	1.176739e-03	1.403597e-04	1
19	rs2889129	59019664	0	2.631057e-04	5.176822e-05	1
19	rs292821	58531419	0	-2.502211e-03	-1.433938e-03	1
19	rs292826	58540860	0	-1.931985e-06	-2.105406e-07	1
19	rs292827	58544472	0	7.790475e-04	9.017107e-05	1
19	rs292828	58545133	0	-8.230724e-04	-1.617647e-04	1
19	rs292831	58529741	0	-2.620128e-03	-1.707023e-03	1
19	rs2930099	58779403	0	1.593104e-03	3.259080e-04	1
19	rs2930100	58747687	0	-7.857457e-04	-1.316515e-04	1
19	rs295345	58654195	0	1.260422e-04	1.744616e-05	1
19	rs295346	58616280	0	5.954449e-04	8.755885e-05	1
19	rs295347	58616256	0	3.569487e-05	4.486908e-06	1
19	rs299847	58680688	0	-7.399685e-04	-1.246227e-04	1
19	rs3087604	58813750	0	-1.307996e-03	-1.947930e-04	1
19	rs3088284	58929427	0	2.772599e-04	3.464707e-05	1
19	rs3211055	59094453	0	-5.262150e-05	-5.164398e-06	1
19	rs34003091	58662254	0	-9.964788e-05	-1.454026e-05	1
19	rs34006653	58731821	3	-4.270190e-04	-5.439936e-05	1
19	rs34023391	58913368	0	-1.771112e-04	-2.268858e-05	1
19	rs34114202	58599443	0	-4.286354e-04	-5.824426e-05	1
19	rs34152946	58923263	0	2.772599e-04	3.464706e-05	1
19	rs34188294	58919557	0	4.179188e-04	5.433752e-05	1
19	rs34230465	58943576	0	3.459574e-04	4.378228e-05	1
19	rs34282528	59076749	0	-2.782319e-04	-5.781582e-05	1
19	rs34370122	58546475	0	-5.089798e-04	-6.798986e-05	1
19	rs34380569	58648528	0	-4.587471e-04	-5.984745e-05	1
19	rs34415062	59023166	0	3.396015e-04	4.451231e-05	1
19	rs34421357	58835863	0	-7.473084e-04	-1.440565e-04	1
19	rs34469398	58677396	0	1.344947e-04	3.138671e-05	1
19	rs34488713	58996454	0	-2.967025e-04	-6.209031e-05	1
19	rs34503352	58651296	0	-9.540689e-05	-1.387389e-05	1
19	rs34511020	58921296	0	2.772599e-04	3.464705e-05	1
19	rs34526068	58658066	0	-2.582025e-04	-2.471033e-05	1
19	rs34541537	58912737	0	-6.643599e-04	-9.613269e-05	1
19	rs34602933	58886495	2	-1.626723e-04	-1.594638e-05	1
19	rs34648696	58554613	0	-1.189620e-04	-1.569825e-05	1
19	rs34702066	58582806	0	-9.708413e-04	-1.271229e-04	1
19	rs34873624	58943402	0	3.933548e-04	5.005060e-05	1
19	rs34914886	58774094	0	-1.286901e-04	-3.012232e-05	1
19	rs34947459	58655880	0	3.734590e-04	5.326771e-05	1
19	rs3499	59093484	0	-2.315895e-04	-2.292395e-05	1
19	rs34990434	58550992	0	-3.943366e-04	-5.219636e-05	1
19	rs35081008	58662235	0	-9.964788e-05	-1.454025e-05	1
19	rs35117909	58912906	0	1.871350e-04	2.387522e-05	1
19	rs35138622	58912788	0	-4.903221e-04	-6.547029e-05	1
19	rs35219954	59001641	0	1.002337e-03	1.241327e-04	1
19	rs35220005	58550233	0	-8.421659e-04	-1.221401e-04	1
19	rs35269060	58933392	0	-1.198755e-04	-1.462761e-05	1
19	rs35350976	59023174	0	4.527270e-04	6.025129e-05	1
19	rs35358425	58599760	0	-5.928159e-04	-8.222884e-05	1
19	rs35394955	58954859	0	4.272971e-04	4.634019e-05	1
19	rs35430780	59028162	0	-3.670473e-04	-7.619750e-05	1
19	rs35466206	58943252	0	3.459574e-04	4.378224e-05	1
19	rs35511051	58665817	0	-4.213849e-04	-5.469440e-05	1
19	rs35631681	58999840	19	-2.100700e-04	-2.915287e-05	1
19	rs35652377	58929200	0	2.772599e-04	3.464701e-05	1
19	rs35711932	58658152	0	-6.132770e-04	-6.290041e-05	1
19	rs35713506	58954919	0	4.272971e-04	4.634020e-05	1
19	rs35740250	58694015	0	-1.376052e-04	-3.095345e-05	1
19	rs35747322	58544096	0	-2.811870e-04	-3.811285e-05	1
19	rs35782676	58926345	0	1.965042e-04	2.410819e-05	1
19	rs35983901	59016790	0	-2.364172e-04	-3.078714e-05	1
19	rs36057771	58836133	0	-7.429009e-04	-1.424123e-04	1
19	rs36090113	58912384	0	5.858751e-04	7.785350e-05	1
19	rs36095067	58991638	0	-3.412764e-04	-7.764543e-05	1
19	rs36098050	58652725	0	-9.540689e-05	-1.387388e-05	1
19	rs36100363	58710837	0	6.066050e-04	7.604409e-05	1
19	rs36111946	58836128	0	-6.406739e-04	-1.216013e-04	1
19	rs36115826	59009166	0	-2.963400e-04	-6.149096e-05	1
19	rs365040	58799529	0	1.505255e-03	2.794069e-04	1
19	rs365699	58799652	0	1.073323e-03	1.247864e-04	1
19	rs370335292	58658750	0	-3.591987e-04	-4.611616e-05	1
19	rs371120005	58658933	2	3.334972e-04	4.754452e-05	1
19	rs371149	58779654	0	-1.653000e-04	-1.642776e-05	1
19	rs373337854	58658806	1	-4.396968e-04	-8.465685e-05	1
19	rs374431	58790713	0	9.107286e-04	1.054562e-04	1
19	rs3745129	58637498	0	-5.177274e-04	-5.300852e-05	1
19	rs3745142	58836745	0	-6.406739e-04	-1.216013e-04	1
19	rs3752108	59094709	0	-2.209474e-05	-2.172727e-06	1
19	rs3752109	59082605	0	-2.732740e-05	-3.013683e-06	1
19	rs3752111	59082368	0	2.328192e-04	5.013353e-05	1
19	rs3752112	58992220	0	-2.311745e-04	-3.105843e-05	1
19	rs3764528	58977554	0	1.499822e-03	2.019489e-04	1
19	rs3764529	58945089	0	3.761723e-04	4.774206e-05	1
19	rs3764531	58929305	0	-1.184180e-04	-1.151553e-05	1
19	rs3764532	58929222	0	2.298625e-04	2.862068e-05	1
19	rs3764533	58929194	0	1.069876e-03	1.211143e-04	1
19	rs3764534	58929136	0	2.453999e-04	2.373822e-05	1
19	rs3764535	58929052	0	8.974520e-04	9.686321e-05	1
19	rs3764536	58896712	0	-7.501788e-04	-8.742503e-05	1
19	rs376460183	58658873	2	-2.548377e-04	-3.296013e-05	1
19	rs376570508	58658612	0	-6.865839e-04	-9.313743e-05	1
19	rs378452	58786520	0	-3.880128e-04	-3.971242e-05	1
19	rs379075	58785739	0	-5.578349e-04	-5.826577e-05	1
19	rs3794963	59071051	0	-4.091369e-04	-4.540130e-05	1
19	rs3794964	59070916	0	-4.091369e-04	-4.540129e-05	1
19	rs3794965	59069353	0	-6.140596e-04	-6.553978e-05	1
19	rs3794966	59068996	0	1.657412e-04	2.169014e-05	1
19	rs3794968	58986799	0	8.486568e-04	9.052132e-05	1
19	rs3794969	58986561	0	-1.058673e-04	-2.060249e-05	1
19	rs3794970	58986260	0	8.571373e-05	1.155308e-05	1
19	rs3794971	58985866	0	-2.901055e-04	-3.949807e-05	1
19	rs3794974	58897652	0	3.853932e-04	4.365784e-05	1
19	rs3794975	58895950	0	-3.589901e-04	-6.539078e-05	1
19	rs3810125	59066730	0	-3.944648e-04	-7.308902e-05	1
19	rs3810126	58610254	0	-2.347038e-04	-2.403043e-05	1
19	rs3816328	59061357	0	-2.591142e-04	-5.362300e-05	1
19	rs3816329	59058693	0	-2.308158e-04	-2.988617e-05	1
19	rs3826677	58919002	0	1.198756e-03	1.770767e-04	1
19	rs3826678	58918917	0	1.198756e-03	1.770767e-04	1
19	rs3826679	58918817	0	1.198756e-03	1.770766e-04	1
19	rs3826680	58918800	0	1.198756e-03	1.770766e-04	1
19	rs3826681	58918764	0	2.772599e-04	3.464696e-05	1
19	rs3826682	58918748	0	2.298625e-04	2.862067e-05	1
19	rs3826683	58918733	0	2.772599e-04	3.464695e-05	1
19	rs3826684	58918705	0	2.772599e-04	3.464694e-05	1
19	rs384702	58552801	0	-5.367547e-04	-9.778232e-05	1
19	rs3848524	58816529	0	-2.504023e-04	-4.405205e-05	1
19	rs3875104	59102379	0	-2.756199e-04	-2.772904e-05	1
19	rs3892385	58602870	0	-7.926593e-04	-1.927625e-04	1
19	rs390667	58733011	0	-2.726010e-04	-4.640955e-05	1
19	rs392644	58780503	0	-1.229957e-03	-1.453767e-04	1
19	rs392687	58779566	0	3.188378e-05	3.163038e-06	1
19	rs3953740	58659362	0	5.782659e-04	6.753186e-05	1
19	rs3997357	59044566	0	-3.889888e-05	-4.004532e-06	1
19	rs400733	58797344	0	9.808025e-04	1.123859e-04	1
19	rs401706	58733555	0	-1.593365e-04	-2.698670e-05	1
19	rs403408	58684407	0	-2.925232e-04	-2.932224e-05	1
19	rs4084852	58835255	0	-8.835438e-04	-1.779893e-04	1
19	rs414948	58738375	0	-4.467922e-04	-7.383113e-05	1
19	rs424114	58733641	0	-2.726010e-04	-4.640953e-05	1
19	rs425516	58781229	0	-1.057534e-03	-1.182556e-04	1
19	rs425605	58786623	0	1.383538e-03	1.789456e-04	1
19	rs427988	58779785	0	-1.229957e-03	-1.453767e-04	1
19	rs429770	58787836	0	2.408727e-03	8.634695e-04	1
19	rs431093	58786084	0	-7.106415e-04	-7.605204e-05	1
19	rs432181	58799781	0	1.073323e-03	1.247864e-04	1
19	rs432426	58780131	0	-1.656279e-03	-2.303406e-04	1
19	rs435442	58807827	0	5.316180e-04	1.300175e-04	1
19	rs437183	58799635	0	1.073323e-03	1.247865e-04	1
19	rs437229	58790675	0	1.441535e-04	1.511665e-05	1
19	rs4372790	58953693	0	5.885579e-04	5.846278e-05	1
19	rs439333	58783027	0	-1.057534e-03	-1.182556e-04	1
19	rs4444432	58715538	0	6.895972e-04	8.751559e-05	1
19	rs446075	58766735	0	-1.110261e-03	-1.246070e-04	1
19	rs448147	58778070	0	9.171466e-05	9.055966e-06	1
19	rs448403	58786146	0	-1.014744e-03	-1.155520e-04	1
19	rs4496257	58669456	0	2.651996e-04	2.978375e-05	1
19	rs449697	58787977	0	2.124059e-03	5.761648e-04	1
19	rs4524039	58625270	0	2.180914e-04	2.950259e-05	1
19	rs453737	58800252	0	7.107218e-04	7.607433e-05	1
19	rs45454797	59066391	0	-9.286567e-05	-2.231595e-05	1
19	rs45475596	58881109	0	-1.171222e-04	-2.066579e-05	1
19	rs45535435	58846866	0	-6.209307e-04	-1.209047e-04	1
19	rs45571742	58552111	0	-2.318718e-04	-3.023284e-05	1
19	rs45589034	58640964	0	5.781949e-04	8.364060e-05	1
19	rs45598236	58521433	0	-1.687812e-03	-5.936932e-04	1
19	rs45601339	58718247	0	1.596348e-04	3.204852e-05	1
19	rs45617039	58951096	0	3.155149e-04	3.981221e-05	1
19	rs4584938	58899303	0	-1.157034e-03	-1.549971e-04	1
19	rs4599020	58691998	0	4.986762e-04	6.079891e-05	1
19	rs4603677	58950721	0	1.279435e-03	1.941790e-04	1
19	rs4608428	58618579	0	1.016726e-04	1.360133e-05	1
19	rs4756	59074653	0	-3.763576e-04	-4.160603e-05	1
19	rs4801246	58522534	0	-9.527487e-04	-1.250199e-04	1
19	rs4801247	58522561	0	-3.876523e-04	-4.302193e-05	1
19	rs4801250	58616674	0	4.037662e-04	5.623275e-05	1
19	rs4801251	58617042	0	5.954449e-04	8.755875e-05	1
19	rs4801252	58631676	0	-6.398426e-04	-9.576287e-05	1
19	rs4801262	58848116	0	1.279061e-04	2.535431e-05	1
19	rs4801267	58882384	0	3.826211e-04	7.592345e-05	1
19	rs4801269	58927916	0	1.198756e-03	1.770764e-04	1
19	rs4801270	58932762	0	2.453999e-04	2.373805e-05	1
19	rs4801271	58953449	0	1.228026e-03	1.790704e-04	1
19	rs4801272	58977463	0	9.855964e-04	1.111562e-04	1
19	rs4801273	59000273	0	6.620496e-04	6.826143e-05	1
19	rs4801274	59010593	0	9.784369e-04	2.211585e-04	1
19	rs4801275	59021049	0	5.264095e-04	1.036561e-04	1
19	rs4801541	58521224	0	5.743624e-04	6.029601e-05	1
19	rs4801542	58522974	0	-3.211428e-04	-4.154783e-05	1
19	rs4801543	58523804	0	-3.043688e-04	-3.929478e-05	1
19	rs4801544	58526202	0	1.395186e-03	2.960625e-04	1
19	rs4801546	58526387	0	-4.176563e-04	-5.313854e-05	1
19	rs4801547	58526742	0	1.360521e-03	2.817714e-04	1
19	rs4801548	58528978	0	1.386555e-03	2.869719e-04	1
19	rs4801555	58600977	0	8.307480e-04	1.184323e-04	1
19	rs4801559	58627808	0	-1.364828e-04	-1.761973e-05	1
19	rs4801562	58634756	0	8.669970e-04	1.327534e-04	1
19	rs4801564	58644826	0	5.726957e-04	5.905565e-05	1
19	rs4801565	58674249	0	4.636539e-04	6.494569e-05	1
19	rs4801566	58674788	0	-3.357132e-05	-4.346131e-06	1
19	rs4801567	58675005	0	7.176955e-05	9.288859e-06	1
19	rs4801572	58752932	0	-5.582574e-04	-1.156614e-04	1
19	rs4801573	58754058	0	-5.582574e-04	-1.156614e-04	1
19	rs4801574	58754102	0	-5.582574e-04	-1.156614e-04	1
19	rs4801576	58779342	0	-5.728794e-04	-1.309612e-04	1
19	rs4801577	58799044	0	-2.809671e-04	-5.787162e-05	1
19	rs4801578	58801599	0	-2.809671e-04	-5.787162e-05	1
19	rs4801579	58863449	1	4.404189e-04	7.575567e-05	1
19	rs4801581	58913312	0	1.376752e-03	1.722471e-04	1
19	rs4801583	58918405	0	2.453999e-04	2.373797e-05	1
19	rs4801584	58920702	0	1.348148e-03	2.118329e-04	1
19	rs4801585	58934305	0	1.014116e-03	1.130109e-04	1
19	rs4801586	58934528	0	2.453999e-04	2.373792e-05	1
19	rs4801587	58936679	0	2.750629e-04	2.662203e-05	1
19	rs4801588	58949046	0	1.279435e-03	1.941785e-04	1
19	rs4801589	58953398	0	6.996172e-04	7.172679e-05	1
19	rs4801590	58961813	0	6.939667e-04	7.092915e-05	1
19	rs4801591	58970099	0	9.749856e-04	1.313673e-04	1
19	rs4801593	58972252	0	6.847940e-04	8.515688e-05	1
19	rs4801595	58978517	0	6.192152e-04	6.361345e-05	1
19	rs4801599	58995728	0	1.122257e-03	1.290412e-04	1
19	rs4801602	59025685	0	1.095187e-04	2.141227e-05	1
19	rs4801605	59050873	27	-1.705866e-04	-1.813184e-05	1
19	rs4801610	59091928	0	8.784842e-05	1.660924e-05	1
19	rs4801611	59092122	0	-6.951069e-04	-7.544089e-05	1
19	rs4801613	59096403	0	1.149906e-04	2.447701e-05	1
19	rs4801614	59096950	0	-5.514534e-04	-5.860369e-05	1
19	rs4801615	59097229	0	4.685076e-05	4.553357e-06	1
19	rs495839	58545500	7	-9.093940e-04	-1.773207e-04	1
19	rs500286	58785900	0	-8.632689e-04	-9.477635e-05	1
19	rs523073	58647358	0	3.445775e-05	3.467189e-06	1
19	rs547045	58788236	0	1.324047e-03	1.920992e-04	1
19	rs548671	58801518	2	3.246597e-04	3.506470e-05	1
19	rs550471	58801687	0	1.222578e-03	1.814999e-04	1
19	rs551116	58684611	0	-2.058548e-04	-2.056319e-05	1
19	rs55633425	58948018	0	3.895412e-04	4.929927e-05	1
19	rs55633565	58530628	0	1.214397e-03	2.317630e-04	1
19	rs55652736	59007566	0	9.452191e-04	1.516978e-04	1
19	rs55691818	59033518	0	-2.468682e-04	-3.166626e-05	1
19	rs55697390	58674301	0	-1.733111e-04	-3.262984e-05	1
19	rs55716128	59048754	0	2.087235e-04	2.742486e-05	1
19	rs55734122	58733610	0	-1.696929e-03	-4.066490e-04	1
19	rs55800631	59085089	0	-4.541512e-04	-4.725043e-05	1
19	rs55827758	58842450	0	-6.932446e-04	-1.428095e-04	1
19	rs55833862	58637690	0	3.216960e-04	4.437899e-05	1
19	rs55857578	58914925	0	2.192566e-04	2.787181e-05	1
19	rs55875034	58983558	0	7.605492e-05	1.026204e-05	1
19	rs55928441	59009674	0	9.574764e-04	1.530306e-04	1
19	rs55945602	58632305	0	7.506185e-04	1.138394e-04	1
19	rs55959018	58935768	0	1.246154e-03	1.866016e-04	1
19	rs55987239	59085045	0	2.033313e-04	2.668951e-05	1
19	rs56026876	59006157	0	5.685785e-04	7.861867e-05	1
19	rs56065611	58520480	0	5.743624e-04	6.029599e-05	1
19	rs56066701	58841066	0	-6.121098e-04	-1.188964e-04	1
19	rs56121586	58585744	0	6.392768e-04	6.982080e-05	1
19	rs56161266	58816642	0	3.079439e-04	7.091957e-05	1
19	rs56225452	59024646	0	4.331273e-04	5.760889e-05	1
19	rs56236214	58817958	0	-3.563482e-04	-8.238798e-05	1
19	rs56243535	59006150	0	7.652721e-04	1.120083e-04	1
19	rs56268519	59045904	0	-6.342625e-05	-6.566716e-06	1
19	rs56273550	58611001	0	-1.707325e-04	-3.742382e-05	1
19	rs56290606	58919320	0	3.173215e-04	3.980898e-05	1
19	rs56292587	58919066	0	1.941884e-04	2.423449e-05	1
19	rs56332086	58917700	0	2.749964e-04	3.420453e-05	1
19	rs56390031	58998327	0	1.014782e-03	1.371155e-04	1
19	rs56394914	58882740	0	-7.302030e-04	-7.749316e-05	1
19	rs56395112	58577672	0	7.414463e-04	8.327027e-05	1
19	rs56654816	58845187	0	-6.860255e-04	-1.364764e-04	1
19	rs56688575	58851238	0	-6.281498e-04	-1.265487e-04	1
19	rs56725489	58830709	0	-6.945313e-04	-1.295526e-04	1
19	rs57140425	58709015	0	-1.102475e-04	-2.037271e-05	1
19	rs57201473	58851686	0	-6.281498e-04	-1.265487e-04	1
19	rs57656768	58648536	0	-1.933603e-04	-4.243892e-05	1
19	rs57760408	58821683	0	-6.749237e-04	-1.313165e-04	1
19	rs57785785	58815158	0	-4.906396e-04	-1.072824e-04	1
19	rs57797045	58534654	0	5.262832e-04	8.691585e-05	1
19	rs58071659	58784272	0	6.595011e-04	1.589942e-04	1
19	rs58231369	58754967	0	-5.582574e-04	-1.156613e-04	1
19	rs58371330	58823196	0	-6.751380e-04	-1.288786e-04	1
19	rs58412590	58887647	0	-2.408924e-04	-4.373138e-05	1
19	rs58509147	58840490	0	-6.806108e-04	-1.324180e-04	1
19	rs58576937	58577443	0	2.008128e-04	4.528579e-05	1
19	rs58617733	58842534	0	-6.860255e-04	-1.364764e-04	1
19	rs58899074	58611996	0	-1.986950e-04	-2.024125e-05	1
19	rs59054150	58850341	0	-6.281498e-04	-1.265486e-04	1
19	rs59114323	58649994	0	-4.883586e-04	-6.436383e-05	1
19	rs59238777	58625136	0	-1.784131e-04	-3.351162e-05	1
19	rs59401383	58882767	0	-1.171222e-04	-2.066570e-05	1
19	rs59460131	59101970	0	-1.756978e-04	-3.068801e-05	1
19	rs59678004	58813932	0	-9.774275e-04	-1.330357e-04	1
19	rs59874238	58841861	0	-6.932446e-04	-1.428094e-04	1
19	rs59894429	58577444	0	7.414463e-04	8.327025e-05	1
19	rs59908383	58828737	0	-8.652812e-04	-1.709029e-04	1
19	rs59925483	58672788	0	-5.037889e-04	-1.184527e-04	1
19	rs59967605	58835563	0	-7.429009e-04	-1.424120e-04	1
19	rs60075099	58831141	0	-6.068229e-04	-1.134049e-04	1
19	rs60245393	58842745	0	-6.895159e-04	-1.379705e-04	1
19	rs60296671	58843881	0	-6.965922e-04	-1.383847e-04	1
19	rs60329830	58755072	0	-5.582574e-04	-1.156613e-04	1
19	rs60348321	58841939	0	-6.860255e-04	-1.364763e-04	1
19	rs60404734	58812785	0	-6.670302e-04	-1.692295e-04	1
19	rs60818748	58842735	1	-6.897725e-04	-1.380415e-04	1
19	rs60973470	58779425	0	5.028125e-04	1.163595e-04	1
19	rs61012884	59085161	0	-3.355095e-04	-5.992525e-05	1
19	rs61022167	59071380	0	-5.748781e-04	-9.959445e-05	1
19	rs61096651	58845296	0	-6.932446e-04	-1.428093e-04	1
19	rs61219003	58842883	32	9.105407e-05	2.155408e-05	1
19	rs61301121	58745159	0	-1.229699e-03	-3.280758e-04	1
19	rs61460516	58851462	0	-6.281498e-04	-1.265485e-04	1
19	rs61468392	58823221	0	-6.211712e-04	-1.177561e-04	1
19	rs61514202	58844606	0	-6.932446e-04	-1.428092e-04	1
19	rs61521274	58830879	0	-7.090498e-04	-1.336440e-04	1
19	rs61566502	58581038	0	-1.048667e-03	-1.400950e-04	1
19	rs61635555	58834694	0	-6.406739e-04	-1.216009e-04	1
19	rs61745224	58723706	0	-4.914751e-04	-1.233003e-04	1
19	rs61746129	58879701	1	2.980165e-05	5.241794e-06	1
19	rs61746138	58879660	0	-5.674763e-05	-1.000670e-05	1
19	rs620297	58545433	0	5.442957e-04	5.921001e-05	1
19	rs62114175	58776480	0	-2.536603e-04	-2.511909e-05	1
19	rs62114176	58776483	0	6.002136e-05	5.885920e-06	1
19	rs62114178	58778451	0	-1.024032e-03	-1.245778e-04	1
19	rs62114179	58778512	0	-1.653000e-04	-1.642765e-05	1
19	rs62114183	58786176	0	2.072899e-03	5.677732e-04	1
19	rs62114208	58787115	0	2.039700e-03	5.458140e-04	1
19	rs62114212	58831966	0	-6.278088e-04	-8.688056e-05	1
19	rs62114660	59033674	0	1.689585e-04	2.875805e-05	1
19	rs62114663	59035557	0	-3.970828e-04	-7.507329e-05	1
19	rs62114668	59072371	0	8.784842e-05	1.660922e-05	1
19	rs62116004	58720201	0	4.198281e-04	5.008728e-05	1
19	rs62116017	58738767	0	-3.417609e-04	-4.422511e-05	1
19	rs62116373	58850206	0	-1.908603e-04	-4.400136e-05	1
19	rs62116378	58875268	0	5.264089e-05	9.370619e-06	1
19	rs62116379	58875335	0	1.374058e-04	2.448600e-05	1
19	rs62116380	58876618	0	3.968040e-05	7.019717e-06	1
19	rs62116381	58877385	0	3.968040e-05	7.019721e-06	1
19	rs62116383	58880761	0	-5.674763e-05	-1.000670e-05	1
19	rs62116384	58880884	0	-1.107145e-04	-1.952828e-05	1
19	rs62116388	58884162	0	-3.658266e-04	-6.755071e-05	1
19	rs62116389	58885267	0	2.885495e-04	5.546592e-05	1
19	rs62116432	58901227	0	-3.094704e-04	-3.336735e-05	1
19	rs62116437	58922551	0	1.198756e-03	1.770756e-04	1
19	rs62117593	58941915	0	1.289810e-03	1.946995e-04	1
19	rs62117594	58942709	0	1.289810e-03	1.946995e-04	1
19	rs62117596	58953099	0	1.306248e-03	1.965938e-04	1
19	rs62117599	58994650	0	1.077673e-04	1.119858e-05	1
19	rs62117658	59015297	0	1.173463e-06	2.317341e-07	1
19	rs62125248	58568181	0	1.251449e-03	1.580072e-04	1
19	rs62125894	58679627	0	3.899900e-04	5.588380e-05	1
19	rs62125914	58706186	0	6.066050e-04	7.604426e-05	1
19	rs62125917	58711509	0	5.638790e-04	7.014040e-05	1
19	rs62126787	58586371	0	7.390764e-04	8.290861e-05	1
19	rs62126791	58587777	0	6.220909e-04	6.754903e-05	1
19	rs62126796	58612051	7	6.372758e-04	9.169408e-05	1
19	rs63283	58740490	0	-2.650029e-04	-4.240031e-05	1
19	rs6510116	58604319	0	-1.775513e-03	-3.840547e-04	1
19	rs6510125	58637152	0	3.209090e-05	3.789447e-06	1
19	rs6510126	58675916	0	7.176955e-05	9.288823e-06	1
19	rs6510128	58761107	0	-9.312151e-04	-1.051205e-04	1
19	rs6510129	58761533	0	-9.312151e-04	-1.051205e-04	1
19	rs6510131	58776347	0	-3.801466e-04	-7.796914e-05	1
19	rs6510133	58801186	0	4.736342e-04	4.873111e-05	1
19	rs6510136	58824721	0	-9.689645e-04	-2.024551e-04	1
19	rs6510137	58864150	0	8.127147e-04	1.666924e-04	1
19	rs6510139	58885702	0	-3.366627e-04	-3.450729e-05	1
19	rs6510140	58885773	0	-3.448256e-04	-3.519553e-05	1
19	rs6510141	58885786	0	-6.844155e-04	-7.182942e-05	1
19	rs6510142	58885842	0	-3.658266e-04	-6.755069e-05	1
19	rs6510143	58885874	0	1.557271e-04	2.989860e-05	1
19	rs6510148	58924210	0	7.926156e-04	9.673903e-05	1
19	rs6510152	58953319	0	7.410577e-04	7.678266e-05	1
19	rs6510153	58975609	0	-9.399346e-05	-1.837288e-05	1
19	rs66616365	58667964	0	2.651996e-04	2.978373e-05	1
19	rs67047437	58676662	0	-3.084189e-04	-3.573534e-05	1
19	rs67781917	58524126	0	-3.043688e-04	-3.929479e-05	1
19	rs67825948	58525067	0	-4.922951e-04	-6.477027e-05	1
19	rs67978350	58894455	0	1.753037e-04	2.228161e-05	1
19	rs71333247	58559583	0	1.712063e-04	2.197558e-05	1
19	rs71333251	58738839	0	-1.285149e-04	-1.654014e-05	1
19	rs71333260	58922220	0	2.893484e-04	3.610503e-05	1
19	rs71354068	58531715	0	-3.535870e-04	-6.964747e-05	1
19	rs71355829	58551080	0	-4.324931e-04	-5.725434e-05	1
19	rs71355833	58657180	0	-4.532408e-04	-5.915543e-05	1
19	rs719009	58584722	0	7.280763e-04	8.122096e-05	1
19	rs719010	58584765	0	6.353515e-04	6.942496e-05	1
19	rs719011	58584841	0	6.480837e-04	7.089603e-05	1
19	rs723669	58563100	0	9.361481e-05	1.217656e-05	1
19	rs7245923	58874709	0	1.184896e-04	2.109344e-05	1
19	rs7246174	58765348	0	-3.641111e-04	-7.276974e-05	1
19	rs7246751	58804121	0	-6.609765e-04	-1.448776e-04	1
19	rs7248057	58774513	0	-3.513099e-04	-7.109600e-05	1
19	rs7248493	58711108	0	5.524758e-05	7.051781e-06	1
19	rs7248512	58716363	0	-1.664523e-04	-1.655323e-05	1
19	rs7248800	59079257	0	-4.525384e-04	-4.712825e-05	1
19	rs7249664	58586610	1	-3.071571e-04	-3.286519e-05	1
19	rs7249714	59058083	0	-5.377097e-04	-5.738173e-05	1
19	rs7249841	59058199	0	-2.789986e-04	-4.935296e-05	1
19	rs7250280	58713774	0	4.739795e-04	5.802871e-05	1
19	rs7250394	58930177	0	8.201727e-04	9.982232e-05	1
19	rs7250524	58611423	0	-2.347038e-04	-2.403035e-05	1
19	rs7250610	58611723	0	-3.468721e-04	-4.945734e-05	1
19	rs7250711	58611592	0	-2.347038e-04	-2.403034e-05	1
19	rs7250715	58611606	0	1.057338e-04	1.275120e-05	1
19	rs7250752	58893108	0	-2.940916e-04	-5.350339e-05	1
19	rs7250816	58581572	0	-6.134073e-04	-7.232960e-05	1
19	rs7250889	58900337	0	-1.230108e-03	-1.554914e-04	1
19	rs7251261	58629081	29	2.852333e-05	3.513330e-06	1
19	rs7251536	58620679	0	4.312946e-06	5.069331e-07	1
19	rs7251813	58893700	0	-7.698266e-04	-8.432652e-05	1
19	rs7252129	58657428	0	5.782659e-04	6.753186e-05	1
19	rs7252304	58629122	6	-4.636871e-04	-6.182551e-05	1
19	rs7252333	58900747	0	-1.230108e-03	-1.554913e-04	1
19	rs7253055	58793554	0	-9.294311e-05	-1.026551e-05	1
19	rs7253066	59080198	0	-5.748781e-04	-9.959437e-05	1
19	rs7253344	58779340	1	-5.514344e-05	-5.387755e-06	1
19	rs7253357	58779369	0	-1.653000e-04	-1.642763e-05	1
19	rs7253433	59041723	0	-1.891026e-04	-1.961306e-05	1
19	rs7254178	58979958	0	-1.058673e-04	-2.060265e-05	1
19	rs7254299	58884965	0	-6.904302e-04	-7.201404e-05	1
19	rs7254639	58876797	0	3.968040e-05	7.019799e-06	1
19	rs7255068	59052105	0	-3.531589e-04	-6.578788e-05	1
19	rs7255290	58583832	0	-1.086291e-03	-1.469169e-04	1
19	rs7255489	58879965	0	3.354541e-04	6.619426e-05	1
19	rs7255491	58901394	0	-1.230108e-03	-1.554912e-04	1
19	rs7255596	58879976	0	4.126055e-04	8.233650e-05	1
19	rs7255605	58584251	0	-1.048667e-03	-1.400949e-04	1
19	rs7255916	58880016	0	-8.085805e-05	-1.482619e-05	1
19	rs7256349	58718269	0	4.670016e-04	5.634838e-05	1
19	rs7256664	58600587	0	8.521650e-04	1.216975e-04	1
19	rs7256809	58880184	0	-5.674763e-05	-1.000660e-05	1
19	rs7256940	58880242	0	-5.674763e-05	-1.000660e-05	1
19	rs7256964	58882186	0	-4.841671e-04	-5.087813e-05	1
19	rs7257669	59064939	0	-3.737877e-04	-4.115382e-05	1
19	rs7257788	58788901	0	-1.766394e-04	-3.546793e-05	1
19	rs7257872	58928786	0	7.926156e-04	9.673893e-05	1
19	rs7257999	58964860	0	1.913425e-03	3.120806e-04	1
19	rs7258103	58627235	0	1.574414e-04	1.892933e-05	1
19	rs7258239	58734410	4	-1.917724e-05	-3.197895e-06	1
19	rs7259841	58951123	0	4.525483e-04	4.469827e-05	1
19	rs7260445	58571049	0	-1.546804e-04	-3.396475e-05	1
19	rs7260571	58925286	0	2.453999e-04	2.373747e-05	1
19	rs72629170	58876368	0	-2.040981e-04	-3.532079e-05	1
19	rs72629171	58880848	0	-1.107145e-04	-1.952816e-05	1
19	rs73056266	58702854	0	-9.629395e-05	-2.265456e-05	1
19	rs73056270	58709763	0	-9.629395e-05	-2.265456e-05	1
19	rs73056279	58726998	0	5.166029e-04	1.178254e-04	1
19	rs73056286	58750550	0	7.983944e-04	1.806599e-04	1
19	rs73056388	58584525	0	-1.048667e-03	-1.400948e-04	1
19	rs73058504	58589515	0	5.243320e-04	5.602279e-05	1
19	rs73060214	58846001	0	1.570322e-04	3.608672e-05	1
19	rs73060254	58899245	0	-2.374182e-04	-5.422899e-05	1
19	rs73060258	58902954	0	-9.446610e-05	-1.194923e-05	1
19	rs73060293	58923050	0	1.721916e-04	2.135749e-05	1
19	rs73062110	58936642	0	2.805287e-04	3.533150e-05	1
19	rs73064225	58974378	0	6.242069e-04	7.607333e-05	1
19	rs73064302	58994588	0	4.105560e-04	5.760632e-05	1
19	rs73066206	58995042	0	1.282395e-03	1.930099e-04	1
19	rs73066211	58997079	0	3.351027e-04	4.600224e-05	1
19	rs73066226	59008213	0	5.533191e-04	7.766837e-05	1
19	rs73066228	59013196	0	7.338281e-04	1.084326e-04	1
19	rs73066236	59027481	0	6.567370e-04	1.296460e-04	1
19	rs73066244	59033153	0	3.723206e-04	4.239868e-05	1
19	rs73066245	59038884	0	2.497130e-04	4.392635e-05	1
19	rs73066251	59050356	6	1.317154e-04	1.467237e-05	1
19	rs73068312	59054288	0	4.159415e-04	4.690604e-05	1
19	rs73068321	59072020	0	1.576889e-04	1.751432e-05	1
19	rs73068325	59079096	0	1.985205e-04	2.615470e-05	1
19	rs73068327	59079334	0	1.223397e-04	1.356332e-05	1
19	rs73068329	59080325	0	1.985205e-04	2.615471e-05	1
19	rs73068335	59089308	0	1.824784e-04	2.412791e-05	1
19	rs73068339	59090263	0	1.050605e-04	1.154987e-05	1
19	rs73068342	59091717	0	1.347235e-04	1.483231e-05	1
19	rs73071847	58548748	0	-2.735439e-04	-3.577388e-05	1
19	rs731259	58989424	0	2.014973e-04	2.744232e-05	1
19	rs731835	58898436	0	-5.132204e-04	-5.786154e-05	1
19	rs734379	58899182	0	-1.135529e-03	-1.391557e-04	1
19	rs734380	58898963	0	1.516861e-03	1.969285e-04	1
19	rs735278	59083594	0	-5.684344e-04	-6.452541e-05	1
19	rs735507	58720360	0	-7.586499e-04	-1.057923e-04	1
19	rs73562704	59073613	0	-5.657511e-04	-1.050610e-04	1
19	rs73566790	58743866	0	-1.337716e-03	-3.702145e-04	1
19	rs73570604	58810827	0	-1.139815e-03	-2.493826e-04	1
19	rs73570633	58828121	0	-5.869475e-04	-1.100338e-04	1
19	rs73570653	58832874	0	-6.155808e-04	-1.139029e-04	1
19	rs73570658	58834522	0	-6.406739e-04	-1.216008e-04	1
19	rs73570691	58841364	0	-6.860255e-04	-1.364760e-04	1
19	rs73570694	58841515	0	-6.932446e-04	-1.428090e-04	1
19	rs73572621	58845441	0	-6.860255e-04	-1.364760e-04	1
19	rs73572630	58847132	0	-5.920319e-04	-1.153753e-04	1
19	rs73572641	58852541	0	-6.281498e-04	-1.265482e-04	1
19	rs7359845	58831819	0	-7.090498e-04	-1.336437e-04	1
19	rs7359922	58830261	0	-8.652812e-04	-1.709025e-04	1
19	rs73939627	58848734	0	-6.753109e-04	-1.363195e-04	1
19	rs7408188	58939389	0	4.564756e-04	4.510240e-05	1
19	rs7409473	58939165	0	4.564756e-04	4.510238e-05	1
19	rs74357328	58550617	0	-1.424046e-04	-3.247230e-05	1
19	rs74414988	58524349	0	-1.687812e-03	-5.936929e-04	1
19	rs74496797	58749776	0	-5.582574e-04	-1.156611e-04	1
19	rs74625788	58757001	0	-5.582574e-04	-1.156611e-04	1
19	rs74733770	59027672	0	-7.252740e-05	-1.625391e-05	1
19	rs74815034	58658965	2	-5.949005e-04	-7.925255e-05	1
19	rs74831398	58919814	0	1.219803e-04	2.741016e-05	1
19	rs75072205	58755366	0	-5.582574e-04	-1.156611e-04	1
19	rs7507609	58611111	0	-4.039503e-05	-4.063425e-06	1
19	rs7508106	58876115	0	2.803420e-04	5.500981e-05	1
19	rs751745	58722129	0	-6.284745e-04	-1.516982e-04	1
19	rs75196460	58952297	0	5.241307e-05	1.170198e-05	1
19	rs75217180	59055112	0	-3.029643e-04	-5.407846e-05	1
19	rs753530	58632768	0	-2.136536e-04	-2.792946e-05	1
19	rs75597	58720236	0	-4.173171e-04	-7.406122e-05	1
19	rs75672965	59063157	0	2.215073e-04	4.880194e-05	1
19	rs75814085	58993994	0	-2.803528e-04	-5.843386e-05	1
19	rs75904835	58810044	0	-4.163594e-04	-9.687084e-05	1
19	rs75999937	58924419	0	-2.534526e-04	-6.097191e-05	1
19	rs76652149	58524660	0	-1.687812e-03	-5.936928e-04	1
19	rs76783065	59075668	0	-2.637223e-04	-5.965056e-05	1
19	rs76795181	58684319	0	1.001304e-04	2.356182e-05	1
19	rs76798942	58653114	0	2.285230e-04	3.126358e-05	1
19	rs76938992	58877357	0	-2.835554e-05	-6.430088e-06	1
19	rs76958646	58562357	0	-3.315928e-04	-7.191207e-05	1
19	rs76963345	58743142	0	-9.586386e-04	-2.543770e-04	1
19	rs77101457	59076912	0	-1.604385e-04	-2.959706e-05	1
19	rs77140992	58521189	0	-1.687812e-03	-5.936927e-04	1
19	rs77193614	58820450	0	-3.804594e-04	-6.554898e-05	1
19	rs77222313	58533610	0	-1.542442e-03	-4.827453e-04	1
19	rs77235242	58929230	0	1.319473e-04	3.099845e-05	1
19	rs77262558	58684431	0	5.450549e-05	1.175773e-05	1
19	rs77358356	59065154	0	-3.683893e-04	-8.508384e-05	1
19	rs77377117	58742665	0	1.220928e-03	3.682094e-04	1
19	rs77498029	58993254	0	3.619076e-04	5.020253e-05	1
19	rs77537775	59083268	0	-1.609041e-04	-3.672028e-05	1
19	rs77659740	59056991	0	-4.423259e-05	-9.231837e-06	1
19	rs77688534	59043748	0	2.140911e-04	4.614013e-05	1
19	rs77755501	58915005	0	-8.500536e-05	-1.738550e-05	1
19	rs77999299	59095570	0	2.234627e-04	4.821017e-05	1
19	rs78202231	58668413	0	-2.283712e-04	-5.115993e-05	1
19	rs78282402	59008259	0	5.026804e-04	1.198562e-04	1
19	rs78282479	58682941	0	-1.358838e-04	-2.577044e-05	1
19	rs78293168	58755872	0	-5.582574e-04	-1.156611e-04	1
19	rs78397785	59080070	0	2.234627e-04	4.821017e-05	1
19	rs78487872	58855393	0	1.763527e-05	4.151737e-06	1
19	rs78560062	58662212	0	5.001905e-04	7.350452e-05	1
19	rs78604285	58712758	0	-5.257858e-04	-1.196047e-04	1
19	rs78664025	58695007	0	1.221393e-03	3.671181e-04	1
19	rs78968038	58658294	0	5.782659e-04	6.753179e-05	1
19	rs7910	59093464	0	8.977694e-05	8.740133e-06	1
19	rs79132177	58701780	0	-1.102475e-04	-2.037271e-05	1
19	rs79135878	58642383	0	-2.420814e-04	-5.397815e-05	1
19	rs79192210	58561312	0	8.960365e-04	2.423590e-04	1
19	rs79208032	58556652	0	5.228307e-05	6.891498e-06	1
19	rs79222418	58664418	0	-9.540689e-05	-1.387371e-05	1
19	rs79259289	58752257	0	-1.453299e-05	-1.999346e-06	1
19	rs79282983	58898840	0	9.829078e-04	1.982794e-04	1
19	rs79287592	58789765	0	-4.015914e-04	-8.417401e-05	1
19	rs79428816	58834505	0	4.170983e-05	9.934257e-06	1
19	rs79463936	58755254	0	-5.582574e-04	-1.156611e-04	1
19	rs79481083	58820403	0	-1.965273e-04	-3.373300e-05	1
19	rs79562691	58745897	0	-2.128405e-04	-4.952452e-05	1
19	rs79639614	59070578	0	-5.780739e-04	-1.144038e-04	1
19	rs79894507	58699453	0	-5.257858e-04	-1.196047e-04	1
19	rs79955355	58665816	0	1.279992e-05	2.920542e-06	1
19	rs80090318	58702017	0	-1.102475e-04	-2.037271e-05	1
19	rs80153933	58526696	0	-1.590251e-03	-4.941112e-04	1
19	rs80298408	58807275	0	4.049388e-04	8.860510e-05	1
19	rs80320621	58816329	0	-5.599013e-04	-1.040428e-04	1
19	rs80330258	59010439	0	-1.041786e-04	-2.277531e-05	1
19	rs8099852	58895221	0	-7.503608e-04	-8.072711e-05	1
19	rs8100253	59087479	0	-4.688600e-04	-8.185095e-05	1
19	rs8100259	58932360	0	1.198756e-03	1.770747e-04	1
19	rs8100276	58534236	0	7.166233e-04	1.244642e-04	1
19	rs8100534	58534484	0	5.811039e-04	9.800006e-05	1
19	rs8100738	58581904	0	6.353515e-04	6.942486e-05	1
19	rs8100801	58892060	0	-2.940916e-04	-5.350326e-05	1
19	rs8101391	58892524	0	-3.753156e-05	-7.257628e-06	1
19	rs8102157	58589599	0	-8.368690e-04	-1.022317e-04	1
19	rs8102402	58892672	0	7.227900e-07	1.307039e-07	1
19	rs8102457	58926008	0	6.809215e-04	8.100068e-05	1
19	rs8102541	59091380	1	-3.887817e-04	-3.996082e-05	1
19	rs8103813	59072684	0	2.033313e-04	2.668947e-05	1
19	rs8103853	58577762	0	-5.382099e-04	-6.245275e-05	1
19	rs8104061	58795986	0	4.551687e-04	5.297070e-05	1
19	rs8104221	58905109	0	4.695040e-05	5.425988e-06	1
19	rs8104276	58603983	0	-1.568757e-03	-2.953991e-04	1
19	rs8105044	58796805	0	-4.217068e-04	-4.332816e-05	1
19	rs8105799	58761585	0	-9.312151e-04	-1.051204e-04	1
19	rs8105906	58791636	0	-1.766394e-04	-3.546789e-05	1
19	rs8105935	58821088	0	-3.400585e-04	-5.801738e-05	1
19	rs8106345	58888317	0	-6.879542e-04	-7.224764e-05	1
19	rs8106379	59094136	0	-1.566775e-04	-2.760028e-05	1
19	rs8106477	58888441	0	-3.735195e-04	-3.852064e-05	1
19	rs8107581	58809154	0	-1.670330e-03	-2.403960e-04	1
19	rs8107931	58636461	0	-3.777895e-04	-5.142740e-05	1
19	rs8108238	58757968	0	-5.582574e-04	-1.156611e-04	1
19	rs8108371	58730394	0	-4.987369e-04	-1.075603e-04	1
19	rs8108493	58730489	0	-7.858884e-04	-1.909189e-04	1
19	rs8109093	58833871	0	-6.891745e-04	-1.301965e-04	1
19	rs8109275	58629878	0	-1.386493e-04	-1.813607e-05	1
19	rs8109359	58629914	0	-1.991466e-04	-2.627957e-05	1
19	rs8109471	58621794	0	1.016726e-04	1.360133e-05	1
19	rs8109694	58621307	0	-1.524132e-04	-2.110592e-05	1
19	rs8109925	58623323	0	1.016726e-04	1.360133e-05	1
19	rs8109932	58903466	0	-1.175971e-03	-1.450312e-04	1
19	rs8109937	58584643	0	6.353515e-04	6.942483e-05	1
19	rs8110117	58600626	1	-8.073066e-04	-1.198094e-04	1
19	rs8110135	58998464	0	1.488240e-03	2.285632e-04	1
19	rs8110249	58824237	0	-8.542193e-04	-1.691181e-04	1
19	rs8110595	59095126	0	-4.691373e-04	-4.899651e-05	1
19	rs8110941	58824163	0	-7.774289e-04	-1.498070e-04	1
19	rs8111222	58750413	0	-6.265962e-04	-6.650289e-05	1
19	rs8111238	58667076	0	4.525943e-04	5.186429e-05	1
19	rs8111301	58750326	0	-5.582574e-04	-1.156610e-04	1
19	rs8111498	58749994	0	-6.858506e-04	-1.441438e-04	1
19	rs8112286	58752391	0	-5.709782e-04	-1.175801e-04	1
19	rs8112340	58759679	0	-6.798810e-04	-1.441901e-04	1
19	rs8112556	58886459	0	1.452124e-04	2.748569e-05	1
19	rs8113810	58932106	0	2.453999e-04	2.373724e-05	1
19	rs873104	59065952	0	5.876718e-05	6.448712e-06	1
19	rs877796	58753615	0	-6.519009e-04	-1.309416e-04	1
19	rs877797	58753649	0	-5.582574e-04	-1.156610e-04	1
19	rs880162	59013134	0	5.676186e-04	6.840693e-05	1
19	rs882609	58991479	0	5.569771e-04	5.634920e-05	1
19	rs882610	58991900	0	1.096857e-03	1.440261e-04	1
19	rs889158	58601981	0	-4.696343e-04	-5.160923e-05	1
19	rs889159	58584522	0	6.507589e-04	7.119492e-05	1
19	rs889160	58584434	0	-8.582912e-04	-1.044745e-04	1
19	rs889161	58584324	0	6.919059e-04	7.650231e-05	1
19	rs893179	58899056	0	-1.542604e-03	-2.174099e-04	1
19	rs893180	58865091	0	4.976533e-04	9.492901e-05	1
19	rs893181	58865082	0	4.976533e-04	9.492900e-05	1
19	rs893182	58865068	0	4.976533e-04	9.492899e-05	1
19	rs893183	58865054	0	5.175286e-04	9.894694e-05	1
19	rs893184	58864479	0	6.069420e-04	1.208814e-04	1
19	rs893185	58989495	0	7.204017e-04	7.537840e-05	1
19	rs893186	58969179	0	1.063373e-03	1.192715e-04	1
19	rs893187	58963018	0	1.406245e-03	2.232453e-04	1
19	rs893188	58962958	0	1.436132e-03	2.288479e-04	1
19	rs895374	59066918	0	-6.349681e-04	-6.828349e-05	1
19	rs918544	58620103	0	1.016726e-04	1.360133e-05	1
19	rs918545	58620068	0	1.016726e-04	1.360133e-05	1
19	rs922929	58734596	0	-1.593365e-04	-2.698673e-05	1
19	rs922931	58734749	0	-2.726010e-04	-4.640955e-05	1
19	rs9304813	58931557	0	1.072714e-03	1.212801e-04	1
19	rs9304814	58951811	0	6.791852e-04	7.004105e-05	1
19	rs933670	58619847	0	-7.106150e-04	-1.233421e-04	1
19	rs9636162	59019452	0	1.494370e-04	3.100701e-05	1
19	rs9676281	58756728	0	-3.858338e-04	-7.762016e-05	1
19	rs9676287	58756655	0	-6.094875e-04	-1.293288e-04	1
19	rs9676487	58756869	0	-3.858338e-04	-7.762015e-05	1
19	rs971711	58632872	0	-6.379672e-04	-9.478620e-05	1
19	rs9749456	58882192	0	-7.984399e-04	-8.488214e-05	1
19	rs975947	58898193	0	1.605503e-03	2.175867e-04	1
19	rs9797792	59019531	0	6.234149e-04	7.841173e-05	1
19	rs9941466	58945962	0	-3.179190e-04	-6.554865e-05	1
