chr	rs	ps	n_miss	b	beta	gamma
19	rs1004526	58588849	0	-1.136226e-03	-3.793684e-05	1
19	rs1005050	58949579	0	-2.646458e-04	-8.536909e-06	1
19	rs101447	58720717	0	1.627067e-03	5.714901e-05	1
19	rs1014767	58528303	0	-4.409886e-04	-1.380504e-05	1
19	rs1015224	58724380	0	2.793708e-04	1.010291e-05	1
19	rs1019490	58610559	0	2.684329e-04	8.377374e-06	1
19	rs1020054	58987301	0	3.467985e-04	1.234006e-05	1
19	rs10401711	58624499	0	4.023221e-04	1.339341e-05	1
19	rs10402098	58624615	0	4.023221e-04	1.339341e-05	1
19	rs10402211	58652341	0	8.030055e-04	2.622386e-05	1
19	rs10402307	58624732	0	4.277962e-04	1.390325e-05	1
19	rs10402325	58913507	0	8.956563e-04	3.006219e-05	1
19	rs10403117	58744033	0	7.394672e-04	2.622160e-05	1
19	rs10404798	58628509	0	6.397326e-04	2.152537e-05	1
19	rs10405350	58628515	0	3.714895e-04	1.226284e-05	1
19	rs10405769	58917418	0	6.496002e-04	2.026400e-05	1
19	rs10406593	58917575	0	-2.075836e-04	-6.617834e-06	1
19	rs10407096	58887170	0	4.061150e-04	1.270980e-05	1
19	rs10407616	58896384	0	-2.877631e-04	-9.901368e-06	1
19	rs10407894	58625081	0	3.000834e-04	9.954459e-06	1
19	rs10409388	58604114	0	-1.913383e-03	-6.973662e-05	1
19	rs10410171	59097308	0	-1.014335e-03	-3.254945e-05	1
19	rs10411535	58708526	0	7.717811e-05	2.392320e-06	1
19	rs10411892	58923725	0	-2.341092e-04	-7.455559e-06	1
19	rs10412181	58814507	0	6.660127e-04	2.169635e-05	1
19	rs10412209	58629463	0	7.680596e-04	2.600405e-05	1
19	rs10412612	58632446	0	5.819022e-04	1.949992e-05	1
19	rs10413586	59071321	0	-5.293310e-04	-1.665597e-05	1
19	rs10414125	59064327	0	6.113937e-04	2.168716e-05	1
19	rs10415286	58720992	0	-5.735221e-04	-1.794852e-05	1
19	rs10415313	58675417	0	1.083636e-03	3.620411e-05	1
19	rs10416149	58964306	0	-6.589313e-05	-2.034168e-06	1
19	rs10417092	58915193	0	-2.025958e-04	-6.456261e-06	1
19	rs10417104	58923866	0	2.245680e-04	6.932248e-06	1
19	rs10419091	58723359	0	6.691108e-04	2.247848e-05	1
19	rs10419259	58630192	0	4.723487e-04	1.537243e-05	1
19	rs10420221	58794026	0	7.226094e-04	2.348253e-05	1
19	rs10420540	58521290	0	-4.796400e-04	-1.627785e-05	1
19	rs10420801	58609457	0	5.377510e-04	1.781158e-05	1
19	rs10421140	58609376	0	7.126110e-05	2.368742e-06	1
19	rs10421350	58609443	0	4.434648e-04	1.463359e-05	1
19	rs10422127	58609220	0	5.968583e-04	2.022369e-05	1
19	rs10422438	58523444	0	-9.356595e-04	-3.173944e-05	1
19	rs10422730	58618747	0	1.531059e-04	5.021079e-06	1
19	rs10423138	58928302	0	5.995800e-04	1.867730e-05	1
19	rs10423778	58627574	0	3.581707e-04	1.162280e-05	1
19	rs10424179	58627725	0	3.177633e-04	1.030752e-05	1
19	rs10425266	58694416	0	1.638431e-03	5.996371e-05	1
19	rs10425685	58703085	0	1.624214e-03	5.933398e-05	1
19	rs10432292	59036273	0	-4.395843e-04	-1.533060e-05	1
19	rs10448	59093239	0	-8.296902e-04	-2.631162e-05	1
19	rs10469313	58892510	0	6.636109e-04	2.106548e-05	1
19	rs1051500	58944402	0	6.780275e-04	2.120102e-05	1
19	rs1057402	58580277	0	-1.108835e-03	-3.684092e-05	1
19	rs1058144	59075115	0	3.814810e-04	1.317247e-05	1
19	rs1064267	58597405	0	1.097431e-03	3.830274e-05	1
19	rs1077420	58968875	0	2.595239e-05	7.999120e-07	1
19	rs10775573	58614974	0	2.684329e-04	8.377324e-06	1
19	rs10775574	58615053	0	2.684329e-04	8.377319e-06	1
19	rs1080416	58559785	0	3.001329e-04	9.873432e-06	1
19	rs10853902	58614749	0	2.684329e-04	8.377315e-06	1
19	rs10853903	58714926	0	1.598928e-03	5.824257e-05	1
19	rs10853904	58885260	0	-3.595525e-04	-1.262819e-05	1
19	rs10878	58595676	0	1.095737e-03	3.799548e-05	1
19	rs1107399	58955556	0	-7.192079e-04	-2.355364e-05	1
19	rs11084528	58527472	0	-8.878782e-05	-2.764433e-06	1
19	rs11084531	58582586	0	5.146352e-04	1.625519e-05	1
19	rs11084532	58583939	0	5.159312e-04	1.630152e-05	1
19	rs11084534	58613950	0	2.684329e-04	8.377309e-06	1
19	rs11084535	58614035	0	2.684329e-04	8.377305e-06	1
19	rs11084537	58629227	0	7.483269e-04	2.557810e-05	1
19	rs11084538	58629238	0	5.138112e-04	1.705111e-05	1
19	rs11084542	58932099	0	3.767631e-04	1.233912e-05	1
19	rs11084543	58932701	0	2.945074e-04	9.621268e-06	1
19	rs11084544	58940127	0	3.439477e-04	1.126392e-05	1
19	rs11084545	58951693	0	6.589677e-04	2.058472e-05	1
19	rs111426967	58526736	0	-6.180954e-04	-2.188103e-05	1
19	rs111476488	58632584	0	-3.692384e-06	-1.262338e-07	1
19	rs111497992	58952247	0	-6.785261e-04	-2.476310e-05	1
19	rs111785442	59088450	0	-1.277820e-04	-4.546397e-06	1
19	rs111938040	58682195	0	1.014275e-04	3.641027e-06	1
19	rs111961880	58521852	0	-6.812417e-04	-2.449767e-05	1
19	rs112047932	59096384	0	-4.480233e-05	-1.605207e-06	1
19	rs112072625	58851928	0	4.565403e-04	1.618190e-05	1
19	rs112121304	58747493	0	9.663143e-04	3.515925e-05	1
19	rs1122955	58946203	0	3.203210e-04	1.048401e-05	1
19	rs112380274	58538047	0	1.473423e-04	5.286805e-06	1
19	rs112404933	59051273	27	3.063564e-04	1.026270e-05	1
19	rs112495529	59086341	0	5.265233e-04	1.856794e-05	1
19	rs112630877	58713159	0	9.602972e-05	3.384359e-06	1
19	rs112710702	58907700	0	-6.743301e-04	-2.472849e-05	1
19	rs112807223	58957572	0	-4.714970e-04	-1.717188e-05	1
19	rs112809147	58521822	0	-6.868916e-04	-2.454750e-05	1
19	rs112884174	58795474	0	9.763353e-04	3.220486e-05	1
19	rs112905868	58696543	0	1.421885e-03	5.075622e-05	1
19	rs112923015	58843344	0	2.432060e-04	8.507696e-06	1
19	rs113038922	58848825	8	5.631219e-04	2.018302e-05	1
19	rs113128193	59054938	0	-1.192311e-04	-4.257865e-06	1
19	rs113129007	58572389	0	-2.500707e-04	-9.074746e-06	1
19	rs113234672	59044327	0	3.034465e-04	1.053790e-05	1
19	rs113267181	59018390	0	-8.602885e-04	-2.819994e-05	1
19	rs113368366	59098134	0	2.407794e-04	8.267083e-06	1
19	rs113630669	59008097	19	-1.034168e-03	-3.440689e-05	1
19	rs113702420	58728671	0	2.551125e-04	9.220543e-06	1
19	rs113742427	59035589	0	-7.453035e-04	-2.424132e-05	1
19	rs113744797	58793000	0	2.867603e-04	1.047735e-05	1
19	rs113747485	58702661	0	1.259435e-04	4.419758e-06	1
19	rs113782954	58521588	0	-1.119347e-03	-3.865558e-05	1
19	rs113896796	58999674	0	-3.963080e-05	-1.436988e-06	1
19	rs113896797	58522122	0	-1.166532e-03	-4.035937e-05	1
19	rs113897676	58526091	3	-7.881997e-04	-2.812690e-05	1
19	rs113909979	58843146	0	2.432060e-04	8.507692e-06	1
19	rs113992190	58531244	0	-6.868916e-04	-2.454749e-05	1
19	rs114393548	58963349	0	-3.594460e-04	-1.158590e-05	1
19	rs11486499	59017417	0	3.759579e-04	1.176888e-05	1
19	rs115134660	58671275	0	4.303637e-04	1.534972e-05	1
19	rs11545185	59028585	0	-1.051887e-03	-3.648636e-05	1
19	rs11665688	58953762	0	2.194840e-04	7.183533e-06	1
19	rs11666156	58790359	0	-4.568702e-04	-1.429123e-05	1
19	rs11666227	58573559	0	8.017641e-04	2.566561e-05	1
19	rs11666303	58922502	0	2.945074e-04	9.621262e-06	1
19	rs11666477	58777937	0	-4.110554e-04	-1.294752e-05	1
19	rs11666502	58953826	0	1.030723e-04	3.368458e-06	1
19	rs11666610	58527828	0	-7.104314e-05	-2.208501e-06	1
19	rs11666716	58920952	0	2.945074e-04	9.621260e-06	1
19	rs11666790	59033341	0	5.369444e-04	1.692573e-05	1
19	rs11666928	58914231	0	3.346076e-04	1.098425e-05	1
19	rs11667482	58568958	0	1.511367e-03	5.140438e-05	1
19	rs11667581	58622193	0	1.372546e-04	4.265244e-06	1
19	rs11667723	58927489	0	2.945074e-04	9.621257e-06	1
19	rs11668071	58973141	0	1.362535e-04	4.924787e-06	1
19	rs11668201	59003632	0	7.200081e-05	2.372113e-06	1
19	rs11668350	58775813	0	-8.486454e-04	-2.738812e-05	1
19	rs11668420	58937836	0	3.443564e-04	1.127834e-05	1
19	rs11668757	58928299	0	6.322540e-05	2.057836e-06	1
19	rs11668785	58780089	0	-7.217333e-04	-2.291183e-05	1
19	rs11668789	58928309	0	2.945074e-04	9.621254e-06	1
19	rs11668814	58946833	0	3.203210e-04	1.048400e-05	1
19	rs11668821	58955813	0	8.199743e-05	2.678433e-06	1
19	rs11669093	58912795	0	-7.682389e-05	-2.656675e-06	1
19	rs11669127	59003830	0	-3.271036e-04	-1.086604e-05	1
19	rs11669305	58886431	0	-8.362770e-04	-2.869094e-05	1
19	rs11669345	59062259	0	-7.718580e-04	-2.605212e-05	1
19	rs11669347	58951632	0	-3.899967e-04	-1.260465e-05	1
19	rs11669373	58798685	0	-4.116081e-04	-1.285378e-05	1
19	rs11669378	58951686	0	-5.124834e-04	-1.663842e-05	1
19	rs11669464	58998901	0	-1.286347e-04	-4.265717e-06	1
19	rs11669526	58998914	0	-6.759367e-05	-2.240709e-06	1
19	rs11669665	58931885	13	4.112967e-04	1.350023e-05	1
19	rs11669741	58960481	0	-1.758463e-05	-5.428502e-07	1
19	rs11669829	58624120	0	4.023221e-04	1.339334e-05	1
19	rs11669919	58580394	0	6.335268e-04	2.011458e-05	1
19	rs11670035	58573649	0	8.048293e-04	2.580769e-05	1
19	rs11670075	58751393	0	-3.895727e-04	-1.229594e-05	1
19	rs11670192	59017640	0	-3.513942e-04	-1.160786e-05	1
19	rs11670322	58917125	0	-2.913837e-04	-9.406048e-06	1
19	rs11670347	58917040	0	-3.807180e-04	-1.238042e-05	1
19	rs11670764	58992896	0	1.373082e-03	4.614693e-05	1
19	rs11670848	58580962	0	6.348229e-04	2.016260e-05	1
19	rs11670864	59030580	0	-7.098526e-04	-2.381948e-05	1
19	rs11670871	58940514	0	4.262034e-04	1.399644e-05	1
19	rs11671033	58963669	0	-5.398646e-05	-1.782733e-06	1
19	rs11671092	59009109	0	3.200643e-04	1.067778e-05	1
19	rs11671113	58958087	0	1.515860e-05	4.630886e-07	1
19	rs11671199	58722673	0	1.190576e-03	4.155158e-05	1
19	rs11671477	58800346	0	-4.116081e-04	-1.285377e-05	1
19	rs11671486	58793064	0	-3.561233e-04	-1.110240e-05	1
19	rs11671591	58918337	0	3.767631e-04	1.233910e-05	1
19	rs11671725	58587046	0	6.433787e-04	2.042450e-05	1
19	rs11672212	59018821	0	1.460225e-04	5.136929e-06	1
19	rs11672258	58934685	0	2.945074e-04	9.621247e-06	1
19	rs11672379	58575800	0	-1.742362e-03	-6.282299e-05	1
19	rs11672609	59006924	0	1.994926e-04	6.648189e-06	1
19	rs11672614	59006984	0	2.008228e-04	6.691454e-06	1
19	rs11672645	58718698	0	-1.232345e-03	-4.211750e-05	1
19	rs11672730	59007203	0	2.008228e-04	6.691455e-06	1
19	rs11672765	58801758	0	-8.296394e-04	-2.629263e-05	1
19	rs11672773	58801784	0	-7.708279e-04	-2.432711e-05	1
19	rs11673069	58934918	0	6.281668e-05	2.044288e-06	1
19	rs11673101	58995053	0	-4.921742e-04	-1.652584e-05	1
19	rs11673436	58576358	0	6.335268e-04	2.011455e-05	1
19	rs11673465	59038895	0	-1.006481e-03	-3.419094e-05	1
19	rs11673550	58777337	0	-4.224540e-04	-1.311619e-05	1
19	rs11673557	58777390	0	-3.352092e-04	-1.038169e-05	1
19	rs11673703	58983549	0	-7.510542e-05	-2.611101e-06	1
19	rs116922203	58537659	0	1.407042e-04	5.083381e-06	1
19	rs116938565	58752980	0	-1.316717e-04	-4.655666e-06	1
19	rs117121674	58619217	0	-6.092866e-05	-2.219498e-06	1
19	rs117207849	58645844	0	-1.887370e-04	-6.883121e-06	1
19	rs117233340	58531540	0	2.461489e-04	8.926053e-06	1
19	rs117316552	59087901	0	-6.853187e-05	-2.461762e-06	1
19	rs117415600	58985438	0	-2.647754e-05	-9.598925e-07	1
19	rs117450623	58789961	0	-1.353500e-04	-4.930724e-06	1
19	rs117465682	58954770	0	-2.647754e-05	-9.598925e-07	1
19	rs117482759	58808414	0	1.664093e-04	6.033019e-06	1
19	rs117509647	58580355	0	-6.466855e-04	-2.372725e-05	1
19	rs117591817	58875573	0	3.541155e-04	1.290829e-05	1
19	rs117625253	59097933	0	-2.905240e-04	-1.054286e-05	1
19	rs117667229	58690935	0	3.481335e-04	1.253168e-05	1
19	rs117761389	58665641	0	1.719734e-06	6.173530e-08	1
19	rs117800501	58649809	0	5.114302e-04	1.850148e-05	1
19	rs117831716	58571600	0	3.979888e-04	1.450829e-05	1
19	rs117962485	58794158	0	1.913475e-04	6.955247e-06	1
19	rs118058287	58726678	0	-2.223771e-04	-8.015820e-06	1
19	rs118098469	59027453	0	-2.862886e-04	-1.038180e-05	1
19	rs118122480	58697975	0	-1.879345e-04	-6.822317e-06	1
19	rs118165397	58873238	0	-6.321466e-05	-2.238762e-06	1
19	rs11878198	58920302	0	2.806495e-04	9.164539e-06	1
19	rs11878203	58920050	0	3.767631e-04	1.233910e-05	1
19	rs11879192	58613591	0	2.684329e-04	8.377309e-06	1
19	rs11879575	58660968	0	-1.731064e-04	-5.793330e-06	1
19	rs11879748	58613819	0	2.684329e-04	8.377305e-06	1
19	rs11879808	58876517	0	-5.980908e-05	-2.067795e-06	1
19	rs11881000	58932788	0	3.767631e-04	1.233910e-05	1
19	rs11881126	58523990	0	-2.394624e-05	-7.442445e-07	1
19	rs11882226	59064636	0	5.319601e-04	1.876919e-05	1
19	rs11882439	58730564	0	-1.703096e-03	-6.232943e-05	1
19	rs11883119	58750511	0	-1.115226e-04	-3.940562e-06	1
19	rs11883136	58750671	0	-1.316717e-04	-4.655665e-06	1
19	rs12052202	59048311	0	-1.923453e-04	-6.784976e-06	1
19	rs12151036	58714235	0	1.691788e-03	6.236141e-05	1
19	rs12459294	58878494	0	-8.756766e-05	-3.047278e-06	1
19	rs12459340	58878484	0	5.811129e-05	1.804795e-06	1
19	rs12459664	58883817	0	-3.353433e-04	-1.176499e-05	1
19	rs12459668	58883897	0	3.625437e-04	1.288913e-05	1
19	rs12459942	58678797	0	2.075436e-04	7.516777e-06	1
19	rs12460016	58784640	0	7.024135e-04	2.353214e-05	1
19	rs12460050	58666109	0	2.056826e-04	6.743702e-06	1
19	rs12460553	58903304	0	-1.596183e-03	-5.565822e-05	1
19	rs12460623	58903574	0	-1.687609e-03	-5.941501e-05	1
19	rs12460974	58537461	0	-6.593957e-05	-2.059258e-06	1
19	rs12461217	58579927	0	-1.901370e-03	-7.031865e-05	1
19	rs12461356	58668553	0	1.169393e-03	3.874214e-05	1
19	rs12461832	58611210	0	2.684329e-04	8.377302e-06	1
19	rs12462307	58784732	0	-1.174252e-03	-3.953468e-05	1
19	rs12462495	59089792	0	2.546370e-05	9.103950e-07	1
19	rs12462497	58964424	0	-1.427782e-03	-5.435910e-05	1
19	rs12462787	58801360	0	8.272548e-05	2.704928e-06	1
19	rs12608795	58896477	0	-2.384263e-04	-7.541568e-06	1
19	rs12609270	58888787	0	-1.499907e-04	-4.638222e-06	1
19	rs12611047	58889108	0	3.554344e-04	1.113798e-05	1
19	rs1265953	58854566	0	-3.568490e-04	-1.255786e-05	1
19	rs1265954	58854600	0	-4.140614e-04	-1.463598e-05	1
19	rs1265955	58856812	0	-2.490087e-04	-8.764885e-06	1
19	rs1265956	58857131	0	4.802946e-05	1.666791e-06	1
19	rs1265957	58858676	0	2.058423e-04	7.371300e-06	1
19	rs1265961	58860387	3	-7.093002e-04	-2.415427e-05	1
19	rs1268538	58853363	0	4.140614e-04	1.463598e-05	1
19	rs12971534	58541508	0	3.917030e-04	1.300154e-05	1
19	rs12971923	58634625	0	3.735190e-04	1.218153e-05	1
19	rs12971940	58541514	0	3.680886e-04	1.224019e-05	1
19	rs12972034	58690818	0	-1.494105e-03	-5.269010e-05	1
19	rs12972054	58735053	0	-1.333980e-03	-4.690076e-05	1
19	rs12972201	59035989	0	-3.453072e-04	-1.199860e-05	1
19	rs12972400	59036000	0	6.768160e-04	2.474181e-05	1
19	rs12972438	58728126	1	-1.231551e-03	-4.204652e-05	1
19	rs12972443	58757870	0	-4.066439e-04	-1.282468e-05	1
19	rs12972597	59036021	0	6.382411e-04	2.324542e-05	1
19	rs12972636	59036119	0	6.971615e-04	2.544650e-05	1
19	rs12972884	58749797	0	-3.499131e-04	-1.102548e-05	1
19	rs12972898	58956888	0	1.098480e-04	3.595559e-06	1
19	rs12972962	59036017	0	6.990571e-04	2.556684e-05	1
19	rs12973189	58618974	0	-1.445426e-04	-4.481674e-06	1
19	rs12973218	58729931	0	-1.723740e-03	-6.326396e-05	1
19	rs12973231	58729904	0	-1.723740e-03	-6.326394e-05	1
19	rs12973458	58729973	0	-1.804589e-03	-6.701318e-05	1
19	rs12973718	58580615	0	2.840365e-04	9.474758e-06	1
19	rs12974045	58612080	11	1.654667e-05	5.003133e-07	1
19	rs12974312	58612154	0	2.357472e-04	7.345968e-06	1
19	rs12975369	58693418	0	-1.467499e-03	-5.163694e-05	1
19	rs12975659	58612122	0	4.936543e-04	1.652660e-05	1
19	rs12975995	58553864	0	4.302527e-04	1.425071e-05	1
19	rs12976331	58751639	0	-1.742666e-04	-5.523046e-06	1
19	rs12976771	58614336	0	2.684329e-04	8.377313e-06	1
19	rs12976842	58614404	0	2.684329e-04	8.377309e-06	1
19	rs12976966	58647516	0	-1.321701e-04	-4.445943e-06	1
19	rs12977251	58605521	0	-1.142369e-04	-3.559064e-06	1
19	rs12977390	58614604	0	3.471595e-04	1.086593e-05	1
19	rs12977592	58961056	0	5.729994e-04	1.820950e-05	1
19	rs12977863	58702050	0	-1.443293e-03	-5.063806e-05	1
19	rs12977929	58688430	0	-1.237898e-03	-4.242902e-05	1
19	rs12978129	58725724	0	-1.503471e-03	-5.284188e-05	1
19	rs12978139	58732605	0	-1.670793e-03	-6.094879e-05	1
19	rs12978152	58732656	0	-1.502901e-03	-5.200405e-05	1
19	rs12978231	58614357	0	2.684329e-04	8.377319e-06	1
19	rs12979108	58732779	0	-1.700515e-03	-6.228025e-05	1
19	rs12979415	58952608	0	-3.818283e-04	-1.380332e-05	1
19	rs12979906	58732532	0	-1.238092e-03	-4.137854e-05	1
19	rs12980120	58618223	0	4.587497e-04	1.534668e-05	1
19	rs12980208	58860812	0	-2.736542e-04	-9.613575e-06	1
19	rs12980211	58611169	0	2.684329e-04	8.377316e-06	1
19	rs12980299	58787473	0	-5.097968e-04	-1.599216e-05	1
19	rs12980430	59002009	0	3.277096e-05	1.039721e-06	1
19	rs12980623	58624996	0	7.506113e-05	2.516761e-06	1
19	rs12980697	58963488	0	3.100640e-04	1.014942e-05	1
19	rs12980907	58956326	0	8.199743e-05	2.678446e-06	1
19	rs12981083	58963468	0	3.391405e-04	1.110954e-05	1
19	rs12981092	58963475	0	4.660830e-04	1.533465e-05	1
19	rs12981338	58618736	0	-6.268168e-05	-1.938807e-06	1
19	rs12981417	58596956	0	4.003194e-04	1.341325e-05	1
19	rs12981649	58930043	0	2.945074e-04	9.621256e-06	1
19	rs12981684	58632144	0	3.735190e-04	1.218158e-05	1
19	rs12981875	58935130	0	2.940987e-04	9.607049e-06	1
19	rs12982505	58613285	0	2.328661e-04	7.297728e-06	1
19	rs12982863	58715418	0	-1.479007e-03	-5.205420e-05	1
19	rs12983138	58655373	0	1.009424e-03	3.241154e-05	1
19	rs12983165	58958435	0	1.910305e-05	6.203600e-07	1
19	rs12983169	58768177	0	-1.096277e-03	-3.627218e-05	1
19	rs12983679	58923736	0	5.672008e-04	1.871718e-05	1
19	rs12983701	58613499	0	4.168906e-04	1.305027e-05	1
19	rs12983728	58671267	0	-2.408453e-04	-8.120555e-06	1
19	rs12983843	58923618	1	4.434098e-04	1.456514e-05	1
19	rs12984015	58613031	0	2.684329e-04	8.377306e-06	1
19	rs12984254	58613113	0	2.684329e-04	8.377302e-06	1
19	rs12984878	58562150	0	3.784727e-04	1.247760e-05	1
19	rs12985394	58958585	0	1.910305e-05	6.203562e-07	1
19	rs12985543	58689072	0	-1.262105e-03	-4.336672e-05	1
19	rs12986027	58793596	0	-3.561233e-04	-1.110225e-05	1
19	rs12986378	58727821	0	-1.113068e-03	-3.760752e-05	1
19	rs12986387	58927215	0	2.945074e-04	9.621252e-06	1
19	rs13343526	58908150	0	-2.710763e-04	-9.298225e-06	1
19	rs13344155	59085666	0	3.814810e-04	1.317243e-05	1
19	rs13344679	58693697	0	1.723539e-03	6.383976e-05	1
19	rs13345808	58674696	0	7.194349e-04	2.327324e-05	1
19	rs13346342	58522715	0	5.472094e-07	2.464315e-08	1
19	rs13382065	58903698	0	-1.680847e-03	-5.922792e-05	1
19	rs139211863	58843003	0	2.432060e-04	8.507667e-06	1
19	rs140171882	58659248	0	-5.931993e-05	-1.987727e-06	1
19	rs140214515	58654197	0	-1.352336e-04	-4.906613e-06	1
19	rs140638120	58754319	0	-1.608038e-04	-5.859708e-06	1
19	rs140755790	58680275	0	1.110581e-04	3.919123e-06	1
19	rs141669549	58690674	0	1.480585e-03	5.346149e-05	1
19	rs141815249	58690989	0	3.481335e-04	1.253167e-05	1
19	rs141887102	59077031	0	-7.825808e-04	-2.643603e-05	1
19	rs142677013	58655817	0	1.689528e-04	6.104003e-06	1
19	rs143096975	58622408	0	5.403014e-04	1.953559e-05	1
19	rs143314212	58810770	0	7.850889e-05	2.840725e-06	1
19	rs143712775	58643218	0	1.609024e-04	5.704003e-06	1
19	rs144310654	58669338	0	-1.366662e-04	-4.963610e-06	1
19	rs144479077	58634823	0	1.030862e-04	3.733412e-06	1
19	rs144760313	58894031	0	6.442787e-04	2.331218e-05	1
19	rs144929606	59015873	0	-7.450456e-04	-2.421880e-05	1
19	rs146262068	59077090	0	5.902902e-04	2.096748e-05	1
19	rs1465789	58946056	0	6.780275e-04	2.120099e-05	1
19	rs1469087	58572979	0	-5.166053e-04	-1.780245e-05	1
19	rs147878006	58887658	0	-6.114185e-04	-2.178424e-05	1
19	rs148493024	58655648	0	2.871701e-04	1.032703e-05	1
19	rs148953731	58662865	0	3.630587e-04	1.288489e-05	1
19	rs149513825	58925379	0	-2.647754e-05	-9.598976e-07	1
19	rs149594935	58681857	0	4.389583e-04	1.574688e-05	1
19	rs149863732	58917068	0	-5.913365e-04	-1.937639e-05	1
19	rs150191918	58691030	0	2.600143e-04	9.309737e-06	1
19	rs150752046	58888366	0	-3.288099e-04	-1.166217e-05	1
19	rs150892142	58743405	0	3.533023e-04	1.272149e-05	1
19	rs150997678	59052967	6	-1.213923e-04	-4.394449e-06	1
19	rs151265692	59019648	0	-6.046491e-04	-2.211479e-05	1
19	rs1529329	58600048	0	-1.359527e-03	-4.808829e-05	1
19	rs1529958	58899466	0	-1.091228e-03	-3.559348e-05	1
19	rs1529959	58899342	0	-1.205408e-03	-3.987836e-05	1
19	rs1544796	58542425	0	-7.646877e-04	-2.698502e-05	1
19	rs1544888	58570912	0	-2.549341e-03	-1.055122e-04	1
19	rs1549279	58528621	0	-7.628668e-04	-2.432317e-05	1
19	rs1549491	58588434	0	-1.126628e-03	-3.778239e-05	1
19	rs1549492	58585248	0	-8.188616e-04	-2.674250e-05	1
19	rs1549493	58585367	0	-7.428831e-04	-2.410575e-05	1
19	rs1549495	58529518	0	-8.739882e-05	-2.715747e-06	1
19	rs1550812	59090423	0	3.990290e-04	1.398651e-05	1
19	rs1550813	59090227	0	-5.143787e-04	-1.617886e-05	1
19	rs157355	58692686	0	4.257945e-04	1.336846e-05	1
19	rs157357	58693870	0	4.010699e-05	1.360784e-06	1
19	rs157358	58643751	0	9.230763e-04	3.183099e-05	1
19	rs157360	58650058	0	6.661448e-04	2.205788e-05	1
19	rs157361	58676017	0	2.402225e-04	8.094566e-06	1
19	rs157362	58675894	0	-5.418283e-04	-1.847586e-05	1
19	rs157363	58675603	0	1.854064e-04	6.239886e-06	1
19	rs157364	58675220	0	-8.826054e-04	-2.829518e-05	1
19	rs157365	58674756	0	-1.026846e-03	-3.333465e-05	1
19	rs157366	58674526	0	-1.082782e-03	-3.583689e-05	1
19	rs157367	58674310	0	2.532114e-04	8.504588e-06	1
19	rs157369	58672078	0	-2.226852e-04	-7.009649e-06	1
19	rs157370	58671178	0	-3.141390e-04	-9.909941e-06	1
19	rs157371	58669973	0	-3.454751e-04	-1.090017e-05	1
19	rs157372	58668597	0	-3.141390e-04	-9.909931e-06	1
19	rs157373	58666990	0	-2.691847e-05	-8.834687e-07	1
19	rs157374	58666086	1	-9.907922e-05	-3.287291e-06	1
19	rs157375	58665001	0	-7.329374e-05	-2.424493e-06	1
19	rs157376	58663457	0	7.341987e-04	2.504223e-05	1
19	rs157378	58696697	0	3.672052e-04	1.154221e-05	1
19	rs157379	58696598	0	3.848675e-04	1.209730e-05	1
19	rs1592993	58555971	0	-7.701385e-04	-2.731499e-05	1
19	rs1592994	58555932	0	-7.701385e-04	-2.731498e-05	1
19	rs1592995	58555850	0	-9.659482e-04	-3.476311e-05	1
19	rs159667	58648359	0	1.846169e-04	5.757879e-06	1
19	rs159668	58643841	0	9.230763e-04	3.183099e-05	1
19	rs159670	58641777	0	4.642501e-04	1.539901e-05	1
19	rs159671	58641701	0	5.532601e-04	1.842322e-05	1
19	rs159672	58641686	0	-2.177193e-04	-7.233550e-06	1
19	rs159673	58641457	0	5.219160e-04	1.735636e-05	1
19	rs159674	58670181	0	7.904470e-04	2.705850e-05	1
19	rs159675	58668765	0	1.262846e-04	3.912541e-06	1
19	rs159676	58666427	0	1.824858e-04	5.651163e-06	1
19	rs159677	58665490	0	1.872751e-04	5.792619e-06	1
19	rs159678	58679085	0	3.798341e-04	1.280805e-05	1
19	rs159679	58661732	0	2.714180e-04	8.398144e-06	1
19	rs159680	58661581	0	-4.179209e-05	-1.377738e-06	1
19	rs159870	58549366	0	-1.469590e-03	-5.082038e-05	1
19	rs159871	58550281	0	-1.535853e-03	-5.345878e-05	1
19	rs159872	58547449	0	-1.499729e-03	-5.193208e-05	1
19	rs159873	58547516	0	-1.499729e-03	-5.193207e-05	1
19	rs159874	58548431	0	-5.225350e-04	-1.829577e-05	1
19	rs166343	58775182	0	-3.530657e-04	-1.093824e-05	1
19	rs166830	58658950	7	-1.606507e-04	-5.354483e-06	1
19	rs166831	58676446	0	1.854064e-04	6.239873e-06	1
19	rs169776	58550436	0	-5.225350e-04	-1.829577e-05	1
19	rs16988654	58837269	0	2.117365e-04	7.369362e-06	1
19	rs16988659	58840850	0	5.141755e-04	1.815852e-05	1
19	rs16988665	58840905	0	4.252141e-04	1.503623e-05	1
19	rs16988667	58842180	0	2.957172e-04	1.033648e-05	1
19	rs16988668	58850756	0	3.842190e-04	1.343376e-05	1
19	rs171851	58758900	0	5.190806e-04	1.748156e-05	1
19	rs171852	58754386	0	-1.002879e-04	-3.065467e-06	1
19	rs171853	58685051	0	-1.124056e-04	-3.556206e-06	1
19	rs171854	58666802	0	-3.645100e-04	-1.228377e-05	1
19	rs174280	58711922	0	2.690271e-04	8.435325e-06	1
19	rs174281	58735457	0	3.352833e-04	1.157970e-05	1
19	rs176981	58655580	0	1.013229e-03	3.454254e-05	1
19	rs17853924	58806686	0	1.135135e-04	4.048346e-06	1
19	rs1808397	58572356	0	-1.858761e-03	-6.818551e-05	1
19	rs1812874	58632506	0	5.819022e-04	1.949984e-05	1
19	rs181320759	58658446	0	-1.993968e-04	-6.677387e-06	1
19	rs181994	58746054	0	3.833291e-04	1.298062e-05	1
19	rs182055294	58526154	16	-8.747103e-04	-3.133946e-05	1
19	rs183304547	58609059	0	-2.242180e-05	-8.175865e-07	1
19	rs184128	58548760	0	-1.272656e-03	-4.322184e-05	1
19	rs185161330	58916579	5	8.625010e-05	2.823832e-06	1
19	rs185464	58776863	0	-4.645883e-04	-1.449813e-05	1
19	rs185791	58644371	0	4.418676e-04	1.445054e-05	1
19	rs1865960	58894235	0	-5.950521e-04	-2.110692e-05	1
19	rs1867726	59084306	0	-4.056563e-04	-1.295112e-05	1
19	rs1867727	59084181	0	-5.245113e-04	-1.683608e-05	1
19	rs187760	58775192	0	-2.226541e-04	-6.870515e-06	1
19	rs188370	58529192	0	-5.793160e-04	-1.871580e-05	1
19	rs188415	58616313	0	1.755131e-04	5.768700e-06	1
19	rs188486366	58526153	16	-6.353710e-04	-2.244995e-05	1
19	rs189981267	58970374	0	1.012032e-03	3.816211e-05	1
19	rs190729	58658029	1	5.057741e-04	1.588196e-05	1
19	rs190882	58529365	0	-7.285029e-04	-2.372267e-05	1
19	rs190975	58631968	0	-4.081103e-04	-1.482991e-05	1
19	rs193390	58548658	0	-8.743018e-04	-3.067075e-05	1
19	rs1968868	58678383	0	7.923711e-04	2.674240e-05	1
19	rs1974819	58656963	0	-3.496168e-04	-1.178812e-05	1
19	rs1974826	58590145	0	-1.140763e-03	-3.809331e-05	1
19	rs1985434	58764185	0	-5.112775e-04	-1.579970e-05	1
19	rs1987625	58632634	0	5.962195e-04	2.018364e-05	1
19	rs1987626	58632649	0	5.819022e-04	1.949983e-05	1
19	rs1993463	58786898	0	-2.687748e-04	-9.572650e-06	1
19	rs1993464	58786953	0	3.636540e-05	1.159862e-06	1
19	rs2003104	59020597	0	-5.257900e-05	-1.858998e-06	1
19	rs2011666	58990045	0	-7.712906e-04	-2.531187e-05	1
19	rs2013635	58646792	0	2.171813e-05	7.191639e-07	1
19	rs2033711	58999350	5	-8.985380e-05	-2.764740e-06	1
19	rs204216	58660769	0	-7.329374e-05	-2.424484e-06	1
19	rs2046357	58673534	0	1.110581e-04	3.919123e-06	1
19	rs2052733	58625864	0	6.044023e-04	2.029623e-05	1
19	rs2052734	58626005	0	5.212899e-04	1.740446e-05	1
19	rs2052735	58626112	0	3.646211e-04	1.203368e-05	1
19	rs2062251	58715682	0	-1.421581e-03	-4.975393e-05	1
19	rs2081578	58669335	0	4.788286e-04	1.710430e-05	1
19	rs2098685	58630409	0	-8.531678e-05	-2.847687e-06	1
19	rs2098686	58630043	0	5.716439e-04	1.905374e-05	1
19	rs2098687	58630023	0	5.797464e-04	1.935247e-05	1
19	rs2098717	58524390	0	9.391393e-05	3.281980e-06	1
19	rs2100610	58802349	0	-2.736228e-04	-9.788833e-06	1
19	rs2112825	58614156	0	-2.596364e-05	-8.685658e-07	1
19	rs211579	58615270	0	4.405930e-04	1.471377e-05	1
19	rs2124911	58696798	0	-1.467499e-03	-5.163677e-05	1
19	rs2168644	58788393	0	-5.097968e-04	-1.599210e-05	1
19	rs2228162	59074429	0	3.602571e-04	1.257032e-05	1
19	rs2229375	58578578	0	6.335268e-04	2.011455e-05	1
19	rs2229379	58579923	0	6.392518e-04	2.033432e-05	1
19	rs2241406	58549593	0	-1.057153e-03	-3.829566e-05	1
19	rs2241787	58906163	0	-1.581310e-03	-5.468652e-05	1
19	rs2258557	58596449	0	-1.053214e-03	-3.721027e-05	1
19	rs2260914	58598784	0	-5.588141e-04	-1.851941e-05	1
19	rs2287837	58598670	0	-1.359527e-03	-4.808824e-05	1
19	rs2288274	58572959	0	-1.791076e-03	-6.505014e-05	1
19	rs2289143	58904715	0	-4.084008e-04	-1.367241e-05	1
19	rs2304521	58988179	0	4.302978e-05	1.468129e-06	1
19	rs2305119	59067623	0	-4.956393e-04	-1.589515e-05	1
19	rs2305120	59059729	0	1.487977e-04	5.223304e-06	1
19	rs2305122	59056752	0	-8.250405e-04	-2.802503e-05	1
19	rs2375233	58617203	0	1.500019e-04	4.860940e-06	1
19	rs2375234	58633323	0	5.819022e-04	1.949980e-05	1
19	rs2375235	58634745	0	5.219160e-04	1.735631e-05	1
19	rs2375470	58864867	0	-2.586794e-04	-9.128331e-06	1
19	rs2396991	59078073	0	-8.391061e-04	-3.097494e-05	1
19	rs2431835	58647214	0	5.068786e-04	1.575941e-05	1
19	rs2445854	58777608	4	-3.268439e-04	-1.010762e-05	1
19	rs2445855	58785181	0	-3.117165e-05	-9.935452e-07	1
19	rs2445856	58701358	0	5.709304e-04	1.798564e-05	1
19	rs2445857	58708507	0	1.000428e-04	3.406189e-06	1
19	rs2445858	58708730	0	4.337744e-04	1.360549e-05	1
19	rs2445859	58734330	0	-1.232619e-05	-4.313044e-07	1
19	rs2449628	58781945	0	-2.256278e-04	-6.941874e-06	1
19	rs2449629	58781917	0	-3.785954e-04	-1.169264e-05	1
19	rs2449631	58781652	0	-4.555881e-04	-1.409886e-05	1
19	rs2449632	58781379	0	-2.256278e-04	-6.941858e-06	1
19	rs2449634	58795207	0	9.647789e-04	3.390474e-05	1
19	rs2449635	58785227	0	-1.922315e-05	-5.866164e-07	1
19	rs2449636	58785202	0	-2.878700e-04	-9.296681e-06	1
19	rs2449638	58735033	0	1.976143e-04	6.839670e-06	1
19	rs2449639	58777772	0	-8.757988e-04	-2.802896e-05	1
19	rs2547257	58610107	0	3.466654e-04	1.148760e-05	1
19	rs2547258	58638685	0	5.018538e-04	1.652728e-05	1
19	rs2547259	58637237	0	5.083893e-04	1.689868e-05	1
19	rs2547260	58635294	0	2.321558e-04	7.179905e-06	1
19	rs2547295	58617479	0	4.023221e-04	1.339325e-05	1
19	rs2547296	58622896	1	1.728863e-04	5.674028e-06	1
19	rs2547297	58623249	0	4.023221e-04	1.339324e-05	1
19	rs2547298	58626436	0	6.660230e-04	2.244818e-05	1
19	rs2547347	58627459	0	6.397326e-04	2.152520e-05	1
19	rs2547348	58626879	0	6.397326e-04	2.152519e-05	1
19	rs2547349	58626742	0	6.397326e-04	2.152519e-05	1
19	rs2547350	58622950	0	4.541756e-04	1.515134e-05	1
19	rs2547351	58620965	0	4.023221e-04	1.339321e-05	1
19	rs2547352	58610720	0	2.376472e-04	7.895666e-06	1
19	rs2547355	58635125	0	5.219160e-04	1.735625e-05	1
19	rs2547356	58635146	0	5.219160e-04	1.735625e-05	1
19	rs2547357	58636155	0	5.219160e-04	1.735624e-05	1
19	rs2547358	58636656	0	5.819022e-04	1.949973e-05	1
19	rs2547359	58637389	0	5.083893e-04	1.689862e-05	1
19	rs2547360	58638399	0	4.418676e-04	1.445043e-05	1
19	rs2554963	58625364	0	1.412576e-04	4.716758e-06	1
19	rs2554964	58625504	0	5.012666e-04	1.682559e-05	1
19	rs2554965	58625638	0	3.193101e-04	1.050905e-05	1
19	rs2554966	58627271	0	6.397326e-04	2.152514e-05	1
19	rs2554967	58627382	0	6.540499e-04	2.223458e-05	1
19	rs2554968	58627406	0	6.608299e-04	2.234058e-05	1
19	rs2554970	58636732	0	-3.692384e-06	-1.263248e-07	1
19	rs2554972	58636174	0	5.819022e-04	1.949970e-05	1
19	rs2554973	58631032	0	5.219160e-04	1.735620e-05	1
19	rs2554978	58609677	0	6.335098e-04	2.149190e-05	1
19	rs2554981	58620273	0	-4.789368e-05	-1.598968e-06	1
19	rs2554982	58620524	0	1.340790e-04	4.393670e-06	1
19	rs2554983	58620872	0	4.023221e-04	1.339315e-05	1
19	rs2554984	58621104	0	1.340790e-04	4.393662e-06	1
19	rs2554985	58621438	0	5.639211e-04	1.903429e-05	1
19	rs2554986	58621492	0	4.341109e-04	1.450595e-05	1
19	rs2554987	58622985	0	3.613348e-04	1.199832e-05	1
19	rs260413	58710468	0	1.740110e-04	5.940782e-06	1
19	rs260415	58715944	0	6.514003e-04	2.095167e-05	1
19	rs260416	58717025	0	1.913376e-04	6.420726e-06	1
19	rs260418	58720918	0	6.212659e-04	2.020252e-05	1
19	rs260419	58721952	0	1.825352e-04	6.238287e-06	1
19	rs260420	58731704	0	1.976143e-04	6.839660e-06	1
19	rs260421	58731390	0	-1.583750e-03	-5.534375e-05	1
19	rs260422	58729833	0	-8.394002e-04	-2.701472e-05	1
19	rs260424	58726569	0	-8.556262e-05	-2.987281e-06	1
19	rs260425	58735740	0	3.055619e-04	1.053831e-05	1
19	rs260426	58736177	0	3.018336e-04	1.037992e-05	1
19	rs260427	58736226	0	6.867818e-04	2.345294e-05	1
19	rs260428	58736625	0	4.530588e-04	1.564017e-05	1
19	rs260430	58737161	0	4.732080e-04	1.634420e-05	1
19	rs260432	58738273	0	4.732080e-04	1.634420e-05	1
19	rs260433	58738897	0	-7.384096e-04	-2.387657e-05	1
19	rs260434	58739039	1	5.146665e-04	1.779992e-05	1
19	rs260435	58739704	0	4.732080e-04	1.634420e-05	1
19	rs260436	58739710	0	4.220803e-04	1.456198e-05	1
19	rs260437	58739744	0	4.676566e-04	1.614507e-05	1
19	rs260438	58740339	0	4.277013e-04	1.473890e-05	1
19	rs260444	58745470	0	-4.864545e-04	-1.547235e-05	1
19	rs260446	58746861	0	1.570664e-04	5.296869e-06	1
19	rs260448	58764375	0	-6.643873e-04	-2.070151e-05	1
19	rs260449	58765459	0	-4.340862e-04	-1.340079e-05	1
19	rs260450	58766410	0	-3.680836e-04	-1.133904e-05	1
19	rs260451	58766550	0	-4.340862e-04	-1.340078e-05	1
19	rs260452	58766874	0	-4.340862e-04	-1.340077e-05	1
19	rs260453	58767151	0	-2.297063e-04	-7.045454e-06	1
19	rs260454	58767168	0	-3.117472e-04	-9.566172e-06	1
19	rs260455	58767492	0	3.676104e-04	1.233547e-05	1
19	rs260456	58767565	0	-5.456088e-04	-1.688851e-05	1
19	rs260457	58767697	0	-4.194091e-04	-1.293518e-05	1
19	rs260459	58768500	0	-3.023067e-04	-9.293973e-06	1
19	rs260460	58769790	14	-1.907803e-04	-6.919088e-06	1
19	rs260461	58770883	0	3.676104e-04	1.233548e-05	1
19	rs260462	58774071	0	-3.749958e-04	-1.163199e-05	1
19	rs260464	58774762	0	-3.530657e-04	-1.093813e-05	1
19	rs260465	58775486	1	-3.572046e-04	-1.106780e-05	1
19	rs260466	58775737	0	-4.449691e-04	-1.387530e-05	1
19	rs260467	58776215	0	-3.530657e-04	-1.093812e-05	1
19	rs260468	58776630	0	-3.117538e-04	-9.646712e-06	1
19	rs260469	58776765	0	-3.530657e-04	-1.093811e-05	1
19	rs260472	58807757	0	-7.930950e-06	-2.880219e-07	1
19	rs260473	58798137	0	2.911465e-04	9.103091e-06	1
19	rs260474	58798300	0	1.033036e-04	3.229985e-06	1
19	rs260475	58798490	0	5.914978e-05	1.932298e-06	1
19	rs260476	58798598	0	2.419830e-04	7.555891e-06	1
19	rs260477	58798628	0	1.897437e-04	5.924048e-06	1
19	rs260478	58751030	0	-2.690184e-06	-6.977984e-08	1
19	rs260482	58748274	0	4.412452e-05	1.486011e-06	1
19	rs260483	58748180	0	-1.144958e-04	-3.904918e-06	1
19	rs260484	58758451	0	-4.424478e-04	-1.365805e-05	1
19	rs260486	58753937	0	-3.364713e-04	-1.033676e-05	1
19	rs260487	58685347	0	-9.578834e-05	-3.062268e-06	1
19	rs260488	58686991	0	1.423409e-04	4.870197e-06	1
19	rs260491	58664447	0	-1.254286e-04	-4.199133e-06	1
19	rs260492	58668565	0	-1.145417e-04	-3.832563e-06	1
19	rs260493	58671334	0	-3.487998e-04	-1.172945e-05	1
19	rs260495	58794240	0	1.335564e-05	4.323602e-07	1
19	rs260496	58794033	0	4.334577e-04	1.422633e-05	1
19	rs260497	58792213	0	-6.253883e-05	-1.945421e-06	1
19	rs260498	58792190	0	-4.290829e-04	-1.351581e-05	1
19	rs260499	58791716	0	1.335564e-05	4.323614e-07	1
19	rs260500	58791213	0	-6.253883e-05	-1.945412e-06	1
19	rs260501	58790807	0	-7.805358e-04	-2.503105e-05	1
19	rs260502	58790784	0	5.535282e-05	1.804789e-06	1
19	rs260503	58790095	0	-1.845884e-04	-5.783771e-06	1
19	rs281061	58643376	3	5.218924e-04	1.708070e-05	1
19	rs281063	58651941	0	2.896950e-04	8.974803e-06	1
19	rs281064	58649998	0	4.708262e-04	1.542501e-05	1
19	rs281065	58645577	0	1.557998e-04	4.835379e-06	1
19	rs281066	58644840	0	9.230763e-04	3.183078e-05	1
19	rs281069	58659039	4	4.815432e-04	1.484112e-05	1
19	rs281070	58658691	0	4.717716e-05	1.453083e-06	1
19	rs281072	58657714	0	3.058804e-04	9.492821e-06	1
19	rs281073	58656418	0	1.782208e-04	5.499473e-06	1
19	rs281074	58656176	0	-6.578487e-05	-2.175507e-06	1
19	rs281075	58655106	0	-1.124603e-04	-3.711652e-06	1
19	rs281076	58654307	0	2.918471e-04	9.094969e-06	1
19	rs281077	58653376	0	2.484147e-04	7.753150e-06	1
19	rs281078	58653320	0	1.016617e-03	3.528744e-05	1
19	rs281079	58678388	0	1.861084e-04	6.256278e-06	1
19	rs281080	58700131	8	5.201252e-04	1.613862e-05	1
19	rs281081	58698915	0	3.347715e-04	1.045473e-05	1
19	rs28444973	58982044	0	-1.134102e-03	-4.198487e-05	1
19	rs28521102	58597905	0	2.938057e-04	1.065790e-05	1
19	rs28575910	59072396	0	5.561880e-04	1.957374e-05	1
19	rs28699075	59069214	0	-8.391061e-04	-3.097493e-05	1
19	rs28725494	58633618	0	2.897603e-04	9.358905e-06	1
19	rs28757810	58813720	0	7.283124e-04	2.388913e-05	1
19	rs28821001	59018503	0	3.062294e-04	9.596500e-06	1
19	rs28840697	58825728	0	-7.407042e-04	-2.632258e-05	1
19	rs2889031	58659115	4	2.111106e-04	6.454968e-06	1
19	rs2889128	58973929	0	-3.495200e-04	-1.086246e-05	1
19	rs2889129	59019664	0	1.570982e-04	5.570051e-06	1
19	rs292821	58531419	0	-2.347434e-04	-8.013977e-06	1
19	rs292826	58540860	0	-1.654955e-03	-5.836464e-05	1
19	rs292827	58544472	0	-1.523316e-03	-5.254401e-05	1
19	rs292828	58545133	0	-5.225350e-04	-1.829571e-05	1
19	rs292831	58529741	0	-2.662451e-04	-9.093914e-06	1
19	rs2930099	58779403	0	2.276917e-04	7.520798e-06	1
19	rs2930100	58747687	0	-5.240520e-05	-1.780814e-06	1
19	rs295345	58654195	0	8.002788e-05	2.662145e-06	1
19	rs295346	58616280	0	-4.789368e-05	-1.599006e-06	1
19	rs295347	58616256	0	4.063211e-04	1.337213e-05	1
19	rs299847	58680688	0	2.797415e-04	9.507091e-06	1
19	rs3087604	58813750	0	7.391848e-04	2.419269e-05	1
19	rs3088284	58929427	0	2.945074e-04	9.621259e-06	1
19	rs3211055	59094453	0	-9.129390e-04	-2.910185e-05	1
19	rs34003091	58662254	0	-1.575632e-04	-5.308834e-06	1
19	rs34006653	58731821	3	-1.609050e-03	-5.822910e-05	1
19	rs34023391	58913368	0	-4.751015e-06	-1.625539e-07	1
19	rs34114202	58599443	0	1.193510e-03	4.177338e-05	1
19	rs34152946	58923263	0	2.945074e-04	9.621259e-06	1
19	rs34188294	58919557	0	5.677682e-04	1.882545e-05	1
19	rs34230465	58943576	0	4.266122e-04	1.401121e-05	1
19	rs34282528	59076749	0	8.415556e-04	3.095093e-05	1
19	rs34370122	58546475	0	5.540192e-04	1.840217e-05	1
19	rs34380569	58648528	0	2.273197e-04	7.456135e-06	1
19	rs34415062	59023166	0	-5.500946e-04	-1.829525e-05	1
19	rs34421357	58835863	0	3.180673e-04	1.106896e-05	1
19	rs34469398	58677396	0	2.447652e-04	8.917726e-06	1
19	rs34488713	58996454	0	8.944792e-04	3.305234e-05	1
19	rs34503352	58651296	0	-2.149811e-04	-7.246362e-06	1
19	rs34511020	58921296	0	2.945074e-04	9.621254e-06	1
19	rs34526068	58658066	0	1.373996e-05	4.272757e-07	1
19	rs34541537	58912737	0	1.960157e-06	6.167367e-08	1
19	rs34602933	58886495	2	9.997423e-05	3.089190e-06	1
19	rs34648696	58554613	0	5.018295e-04	1.673205e-05	1
19	rs34702066	58582806	0	-1.887010e-03	-6.956198e-05	1
19	rs34873624	58943402	0	3.443564e-04	1.127833e-05	1
19	rs34914886	58774094	0	1.961647e-04	7.143843e-06	1
19	rs34947459	58655880	0	-1.643690e-04	-5.499572e-06	1
19	rs3499	59093484	0	-9.233191e-04	-2.947831e-05	1
19	rs34990434	58550992	0	3.463609e-04	1.143373e-05	1
19	rs35081008	58662235	0	-1.575632e-04	-5.308833e-06	1
19	rs35117909	58912906	0	3.246679e-04	1.067864e-05	1
19	rs35138622	58912788	0	5.955551e-05	1.950294e-06	1
19	rs35219954	59001641	0	-3.091139e-04	-9.782806e-06	1
19	rs35220005	58550233	0	3.460452e-04	1.141564e-05	1
19	rs35269060	58933392	0	6.050406e-04	1.993981e-05	1
19	rs35350976	59023174	0	-4.730013e-04	-1.568009e-05	1
19	rs35358425	58599760	0	1.277039e-03	4.500005e-05	1
19	rs35394955	58954859	0	1.723849e-03	6.099423e-05	1
19	rs35430780	59028162	0	2.608794e-04	9.313804e-06	1
19	rs35466206	58943252	0	4.266122e-04	1.401121e-05	1
19	rs35511051	58665817	0	2.104719e-04	6.902023e-06	1
19	rs35631681	58999840	19	1.421118e-04	4.737756e-06	1
19	rs35652377	58929200	0	2.945074e-04	9.621246e-06	1
19	rs35711932	58658152	0	2.136118e-04	6.606949e-06	1
19	rs35713506	58954919	0	1.723849e-03	6.099423e-05	1
19	rs35740250	58694015	0	-2.533431e-06	-9.160063e-08	1
19	rs35747322	58544096	0	4.490665e-04	1.498648e-05	1
19	rs35782676	58926345	0	1.274117e-04	4.135999e-06	1
19	rs35983901	59016790	0	-1.197657e-04	-3.935960e-06	1
19	rs36057771	58836133	0	1.584677e-04	5.490483e-06	1
19	rs36090113	58912384	0	3.378079e-04	1.108974e-05	1
19	rs36095067	58991638	0	8.880888e-04	3.317436e-05	1
19	rs36098050	58652725	0	-2.149811e-04	-7.246366e-06	1
19	rs36100363	58710837	0	-1.443293e-03	-5.063781e-05	1
19	rs36111946	58836128	0	1.410877e-04	4.903498e-06	1
19	rs36115826	59009166	0	9.468628e-04	3.509041e-05	1
19	rs365040	58799529	0	-3.105126e-05	-1.020455e-06	1
19	rs365699	58799652	0	9.500997e-05	2.960305e-06	1
19	rs370335292	58658750	0	2.669436e-04	8.757628e-06	1
19	rs371120005	58658933	2	-1.889565e-05	-6.371505e-07	1
19	rs371149	58779654	0	-2.487508e-04	-7.704813e-06	1
19	rs373337854	58658806	1	7.369745e-04	2.647987e-05	1
19	rs374431	58790713	0	-8.659936e-04	-2.787107e-05	1
19	rs3745129	58637498	0	1.557998e-04	4.835406e-06	1
19	rs3745142	58836745	0	1.410877e-04	4.903497e-06	1
19	rs3752108	59094709	0	-9.219419e-04	-2.940827e-05	1
19	rs3752109	59082605	0	-3.025936e-04	-9.628222e-06	1
19	rs3752111	59082368	0	-1.131301e-04	-4.066062e-06	1
19	rs3752112	58992220	0	8.919763e-05	2.950352e-06	1
19	rs3764528	58977554	0	-2.119024e-04	-6.563448e-06	1
19	rs3764529	58945089	0	2.380653e-04	7.774877e-06	1
19	rs3764531	58929305	0	1.910646e-06	6.199231e-08	1
19	rs3764532	58929222	0	3.767631e-04	1.233909e-05	1
19	rs3764533	58929194	0	2.245680e-04	6.932216e-06	1
19	rs3764534	58929136	0	5.995800e-04	1.867726e-05	1
19	rs3764535	58929052	0	2.026380e-04	6.249872e-06	1
19	rs3764536	58896712	0	-2.566505e-04	-8.121593e-06	1
19	rs376460183	58658873	2	2.297570e-04	7.559645e-06	1
19	rs376570508	58658612	0	6.087995e-05	1.992863e-06	1
19	rs378452	58786520	0	-1.866039e-04	-5.785410e-06	1
19	rs379075	58785739	0	-1.417386e-04	-4.385729e-06	1
19	rs3794963	59071051	0	-3.507276e-04	-1.115678e-05	1
19	rs3794964	59070916	0	-3.507276e-04	-1.115679e-05	1
19	rs3794965	59069353	0	-5.264167e-04	-1.656200e-05	1
19	rs3794966	59068996	0	-7.322086e-04	-2.465629e-05	1
19	rs3794968	58986799	0	5.630929e-05	1.740476e-06	1
19	rs3794969	58986561	0	3.467985e-04	1.234009e-05	1
19	rs3794970	58986260	0	-2.651320e-05	-8.800507e-07	1
19	rs3794971	58985866	0	-5.137486e-05	-1.705023e-06	1
19	rs3794974	58897652	0	-8.431280e-05	-2.674288e-06	1
19	rs3794975	58895950	0	-7.114254e-04	-2.534881e-05	1
19	rs3810125	59066730	0	1.222493e-04	4.276439e-06	1
19	rs3810126	58610254	0	2.684329e-04	8.377225e-06	1
19	rs3816328	59061357	0	-5.157039e-05	-1.844749e-06	1
19	rs3816329	59058693	0	-6.662762e-04	-2.228305e-05	1
19	rs3826677	58919002	0	-3.995354e-04	-1.295171e-05	1
19	rs3826678	58918917	0	-3.995354e-04	-1.295171e-05	1
19	rs3826679	58918817	0	-3.995354e-04	-1.295171e-05	1
19	rs3826680	58918800	0	-3.995354e-04	-1.295170e-05	1
19	rs3826681	58918764	0	2.945074e-04	9.621239e-06	1
19	rs3826682	58918748	0	3.767631e-04	1.233909e-05	1
19	rs3826683	58918733	0	2.945074e-04	9.621235e-06	1
19	rs3826684	58918705	0	2.945074e-04	9.621233e-06	1
19	rs384702	58552801	0	-4.788764e-04	-1.675719e-05	1
19	rs3848524	58816529	0	-5.234026e-04	-1.840522e-05	1
19	rs3875104	59102379	0	-4.388813e-04	-1.370187e-05	1
19	rs3892385	58602870	0	4.416566e-04	1.592810e-05	1
19	rs390667	58733011	0	1.678929e-04	5.804129e-06	1
19	rs392644	58780503	0	-2.256278e-04	-6.941710e-06	1
19	rs392687	58779566	0	-3.656253e-04	-1.136574e-05	1
19	rs3953740	58659362	0	8.441217e-04	2.761655e-05	1
19	rs3997357	59044566	0	-3.579081e-04	-1.123756e-05	1
19	rs400733	58797344	0	9.213460e-05	2.878023e-06	1
19	rs401706	58733555	0	1.167653e-04	4.036859e-06	1
19	rs403408	58684407	0	-1.613022e-03	-5.528468e-05	1
19	rs4084852	58835255	0	-1.070853e-04	-3.717827e-06	1
19	rs414948	58738375	0	4.732080e-04	1.634421e-05	1
19	rs424114	58733641	0	1.678929e-04	5.804130e-06	1
19	rs425516	58781229	0	-2.036978e-04	-6.260051e-06	1
19	rs425605	58786623	0	-4.213292e-04	-1.313242e-05	1
19	rs427988	58779785	0	-2.256278e-04	-6.941687e-06	1
19	rs429770	58787836	0	1.143136e-04	3.752755e-06	1
19	rs431093	58786084	0	-1.784384e-04	-5.525118e-06	1
19	rs432181	58799781	0	9.500997e-05	2.960356e-06	1
19	rs432426	58780131	0	-6.309850e-04	-1.967784e-05	1
19	rs435442	58807827	0	-2.162825e-04	-7.852168e-06	1
19	rs437183	58799635	0	9.500997e-05	2.960365e-06	1
19	rs437229	58790675	0	-6.284472e-04	-2.001231e-05	1
19	rs4372790	58953693	0	-4.538633e-04	-1.402042e-05	1
19	rs439333	58783027	0	-2.036978e-04	-6.260015e-06	1
19	rs4444432	58715538	0	-1.526003e-03	-5.401891e-05	1
19	rs446075	58766735	0	-4.340862e-04	-1.340060e-05	1
19	rs448147	58778070	0	-2.952971e-04	-9.148247e-06	1
19	rs448403	58786146	0	-2.115546e-04	-6.541957e-06	1
19	rs4496257	58669456	0	7.510678e-04	2.442785e-05	1
19	rs449697	58787977	0	1.335564e-05	4.323762e-07	1
19	rs4524039	58625270	0	3.503948e-04	1.165479e-05	1
19	rs453737	58800252	0	1.517820e-04	4.728866e-06	1
19	rs45454797	59066391	0	2.497470e-04	9.142499e-06	1
19	rs45475596	58881109	0	-9.895652e-05	-3.442350e-06	1
19	rs45535435	58846866	0	4.422367e-04	1.557096e-05	1
19	rs45571742	58552111	0	4.302527e-04	1.425067e-05	1
19	rs45589034	58640964	0	-3.692384e-06	-1.263918e-07	1
19	rs45598236	58521433	0	-6.868916e-04	-2.454746e-05	1
19	rs45601339	58718247	0	2.385740e-04	8.505781e-06	1
19	rs45617039	58951096	0	4.482161e-04	1.473341e-05	1
19	rs4584938	58899303	0	-1.083607e-03	-3.602396e-05	1
19	rs4599020	58691998	0	-1.279888e-03	-4.401211e-05	1
19	rs4603677	58950721	0	-2.646458e-04	-8.536875e-06	1
19	rs4608428	58618579	0	4.023221e-04	1.339313e-05	1
19	rs4756	59074653	0	-3.783390e-04	-1.204452e-05	1
19	rs4801246	58522534	0	-3.189142e-04	-1.024728e-05	1
19	rs4801247	58522561	0	-6.323777e-04	-2.032967e-05	1
19	rs4801250	58616674	0	-3.175583e-06	-1.089187e-07	1
19	rs4801251	58617042	0	-4.789368e-05	-1.599030e-06	1
19	rs4801252	58631676	0	6.154100e-04	2.084716e-05	1
19	rs4801262	58848116	0	-5.743205e-05	-2.037108e-06	1
19	rs4801267	58882384	0	3.844737e-04	1.367341e-05	1
19	rs4801269	58927916	0	-3.995354e-04	-1.295170e-05	1
19	rs4801270	58932762	0	5.995800e-04	1.867726e-05	1
19	rs4801271	58953449	0	-8.803337e-04	-2.913187e-05	1
19	rs4801272	58977463	0	-2.819088e-04	-8.747406e-06	1
19	rs4801273	59000273	0	-3.265834e-04	-1.010510e-05	1
19	rs4801274	59010593	0	2.075934e-04	7.286857e-06	1
19	rs4801275	59021049	0	1.623782e-04	5.714879e-06	1
19	rs4801541	58521224	0	2.604605e-05	8.085323e-07	1
19	rs4801542	58522974	0	-1.039622e-03	-3.560462e-05	1
19	rs4801543	58523804	0	-9.565240e-04	-3.253387e-05	1
19	rs4801544	58526202	0	-3.401129e-04	-1.151142e-05	1
19	rs4801546	58526387	0	-1.227787e-03	-4.252813e-05	1
19	rs4801547	58526742	0	-3.699616e-04	-1.252219e-05	1
19	rs4801548	58528978	0	-4.432296e-04	-1.500842e-05	1
19	rs4801555	58600977	0	-1.196554e-03	-4.155119e-05	1
19	rs4801559	58627808	0	3.714895e-04	1.226258e-05	1
19	rs4801562	58634756	0	-1.724402e-04	-5.725931e-06	1
19	rs4801564	58644826	0	2.860679e-04	8.853177e-06	1
19	rs4801565	58674249	0	7.282455e-04	2.468891e-05	1
19	rs4801566	58674788	0	4.968479e-04	1.650504e-05	1
19	rs4801567	58675005	0	7.923711e-04	2.674227e-05	1
19	rs4801572	58752932	0	-1.316717e-04	-4.655655e-06	1
19	rs4801573	58754058	0	-1.316717e-04	-4.655655e-06	1
19	rs4801574	58754102	0	-1.316717e-04	-4.655655e-06	1
19	rs4801576	58779342	0	-4.076603e-04	-1.471192e-05	1
19	rs4801577	58799044	0	-2.976806e-04	-1.064289e-05	1
19	rs4801578	58801599	0	-2.976806e-04	-1.064289e-05	1
19	rs4801579	58863449	1	-1.009553e-03	-3.632672e-05	1
19	rs4801581	58913312	0	5.549615e-05	1.714151e-06	1
19	rs4801583	58918405	0	5.995800e-04	1.867727e-05	1
19	rs4801584	58920702	0	-3.594793e-04	-1.163794e-05	1
19	rs4801585	58934305	0	2.492491e-04	7.697919e-06	1
19	rs4801586	58934528	0	5.995800e-04	1.867727e-05	1
19	rs4801587	58936679	0	6.009102e-04	1.871255e-05	1
19	rs4801588	58949046	0	-2.646458e-04	-8.536865e-06	1
19	rs4801589	58953398	0	-1.278254e-04	-3.933937e-06	1
19	rs4801590	58961813	0	1.540770e-04	4.734952e-06	1
19	rs4801591	58970099	0	-7.877894e-04	-2.595348e-05	1
19	rs4801593	58972252	0	-6.781774e-04	-2.217586e-05	1
19	rs4801595	58978517	0	-2.302031e-04	-7.111723e-06	1
19	rs4801599	58995728	0	-1.257154e-04	-3.870816e-06	1
19	rs4801602	59025685	0	2.694036e-04	9.578303e-06	1
19	rs4801605	59050873	27	-7.963609e-04	-2.569146e-05	1
19	rs4801610	59091928	0	-1.923453e-04	-6.784973e-06	1
19	rs4801611	59092122	0	-4.533377e-04	-1.422776e-05	1
19	rs4801613	59096403	0	-1.075196e-03	-4.057698e-05	1
19	rs4801614	59096950	0	-4.585958e-04	-1.440925e-05	1
19	rs4801615	59097229	0	-9.403663e-04	-2.998955e-05	1
19	rs495839	58545500	7	-2.130340e-04	-7.333754e-06	1
19	rs500286	58785900	0	-2.060032e-04	-6.373295e-06	1
19	rs523073	58647358	0	1.846169e-04	5.757924e-06	1
19	rs547045	58788236	0	3.357135e-04	1.073036e-05	1
19	rs548671	58801518	2	-4.881494e-04	-1.551209e-05	1
19	rs550471	58801687	0	4.224050e-04	1.369966e-05	1
19	rs551116	58684611	0	-1.488677e-03	-5.028790e-05	1
19	rs55633425	58948018	0	3.303760e-04	1.080513e-05	1
19	rs55633565	58530628	0	-4.712747e-04	-1.598862e-05	1
19	rs55652736	59007566	0	2.492106e-04	8.312487e-06	1
19	rs55691818	59033518	0	-7.095357e-04	-2.373330e-05	1
19	rs55697390	58674301	0	5.358878e-06	1.860448e-07	1
19	rs55716128	59048754	0	-6.158572e-04	-2.061017e-05	1
19	rs55734122	58733610	0	8.867008e-04	3.060378e-05	1
19	rs55800631	59085089	0	-4.145614e-04	-1.298142e-05	1
19	rs55827758	58842450	0	3.743358e-04	1.321843e-05	1
19	rs55833862	58637690	0	-2.177193e-04	-7.233533e-06	1
19	rs55857578	58914925	0	3.663596e-04	1.204967e-05	1
19	rs55875034	58983558	0	-3.932601e-05	-1.305329e-06	1
19	rs55928441	59009674	0	3.200643e-04	1.067777e-05	1
19	rs55945602	58632305	0	1.823765e-05	6.037318e-07	1
19	rs55959018	58935768	0	-4.817911e-04	-1.565147e-05	1
19	rs55987239	59085045	0	-6.582403e-04	-2.207465e-05	1
19	rs56026876	59006157	0	-6.808427e-05	-2.245275e-06	1
19	rs56065611	58520480	0	2.604605e-05	8.085261e-07	1
19	rs56066701	58841066	0	4.533894e-04	1.597047e-05	1
19	rs56121586	58585744	0	6.348229e-04	2.016258e-05	1
19	rs56161266	58816642	0	-2.954692e-05	-1.068978e-06	1
19	rs56225452	59024646	0	-7.427800e-04	-2.497023e-05	1
19	rs56236214	58817958	0	-5.976549e-04	-2.194660e-05	1
19	rs56243535	59006150	0	-2.491041e-04	-8.251466e-06	1
19	rs56268519	59045904	0	-4.009032e-04	-1.262246e-05	1
19	rs56273550	58611001	0	1.817038e-04	6.551112e-06	1
19	rs56290606	58919320	0	3.822601e-04	1.252028e-05	1
19	rs56292587	58919066	0	1.817216e-04	5.927357e-06	1
19	rs56332086	58917700	0	3.445331e-04	1.126075e-05	1
19	rs56390031	58998327	0	-7.118543e-04	-2.329758e-05	1
19	rs56394914	58882740	0	1.259186e-05	3.965333e-07	1
19	rs56395112	58577672	0	8.037353e-04	2.582342e-05	1
19	rs56654816	58845187	0	4.025112e-04	1.415649e-05	1
19	rs56688575	58851238	0	4.140614e-04	1.463596e-05	1
19	rs56725489	58830709	0	3.051892e-04	1.058929e-05	1
19	rs57140425	58709015	0	1.259435e-04	4.419697e-06	1
19	rs57201473	58851686	0	4.140614e-04	1.463595e-05	1
19	rs57656768	58648536	0	-3.322000e-05	-1.197935e-06	1
19	rs57760408	58821683	0	-8.973270e-06	-3.164120e-07	1
19	rs57785785	58815158	0	-1.214864e-04	-4.341259e-06	1
19	rs57797045	58534654	0	-2.409806e-04	-8.241579e-06	1
19	rs58071659	58784272	0	8.616358e-04	3.200850e-05	1
19	rs58231369	58754967	0	-1.316717e-04	-4.655655e-06	1
19	rs58371330	58823196	0	3.449758e-06	1.158919e-07	1
19	rs58412590	58887647	0	-4.903328e-04	-1.730641e-05	1
19	rs58509147	58840490	0	1.864643e-04	6.499035e-06	1
19	rs58576937	58577443	0	-2.687615e-04	-9.739065e-06	1
19	rs58617733	58842534	0	4.025112e-04	1.415649e-05	1
19	rs58899074	58611996	0	2.822303e-04	8.805010e-06	1
19	rs59054150	58850341	0	4.140614e-04	1.463595e-05	1
19	rs59114323	58649994	0	7.287336e-05	2.390434e-06	1
19	rs59238777	58625136	0	1.632003e-04	5.743487e-06	1
19	rs59401383	58882767	0	-9.895652e-05	-3.442348e-06	1
19	rs59460131	59101970	0	1.109861e-04	3.850545e-06	1
19	rs59678004	58813932	0	6.308360e-04	2.064039e-05	1
19	rs59874238	58841861	0	3.743358e-04	1.321842e-05	1
19	rs59894429	58577444	0	8.037353e-04	2.582342e-05	1
19	rs59908383	58828737	0	5.373119e-05	1.852396e-06	1
19	rs59925483	58672788	0	-5.824819e-04	-2.132170e-05	1
19	rs59967605	58835563	0	1.584677e-04	5.490465e-06	1
19	rs60075099	58831141	0	1.956593e-04	6.800421e-06	1
19	rs60245393	58842745	0	2.976199e-04	1.044057e-05	1
19	rs60296671	58843881	0	2.432060e-04	8.507646e-06	1
19	rs60329830	58755072	0	-1.316717e-04	-4.655656e-06	1
19	rs60348321	58841939	0	4.025112e-04	1.415649e-05	1
19	rs60404734	58812785	0	-1.031360e-04	-3.733133e-06	1
19	rs60818748	58842735	1	3.369141e-04	1.183261e-05	1
19	rs60973470	58779425	0	9.095875e-04	3.394672e-05	1
19	rs61012884	59085161	0	2.839183e-04	9.912229e-06	1
19	rs61022167	59071380	0	3.814810e-04	1.317239e-05	1
19	rs61096651	58845296	0	3.743358e-04	1.321841e-05	1
19	rs61219003	58842883	32	3.660182e-04	1.341289e-05	1
19	rs61301121	58745159	0	9.483760e-04	3.468944e-05	1
19	rs61460516	58851462	0	4.140614e-04	1.463594e-05	1
19	rs61468392	58823221	0	5.496764e-05	1.908507e-06	1
19	rs61514202	58844606	0	3.743358e-04	1.321841e-05	1
19	rs61521274	58830879	0	2.130393e-04	7.382091e-06	1
19	rs61566502	58581038	0	-1.742362e-03	-6.282276e-05	1
19	rs61635555	58834694	0	1.410877e-04	4.903474e-06	1
19	rs61745224	58723706	0	2.917176e-04	1.065485e-05	1
19	rs61746129	58879701	1	-2.091533e-04	-7.291406e-06	1
19	rs61746138	58879660	0	-5.091188e-05	-1.767550e-06	1
19	rs620297	58545433	0	-1.332427e-03	-4.478608e-05	1
19	rs62114175	58776480	0	-4.018792e-04	-1.248171e-05	1
19	rs62114176	58776483	0	-3.945643e-04	-1.224322e-05	1
19	rs62114178	58778451	0	-5.399126e-04	-1.712286e-05	1
19	rs62114179	58778512	0	-2.487508e-04	-7.704700e-06	1
19	rs62114183	58786176	0	-3.547026e-04	-1.171916e-05	1
19	rs62114208	58787115	0	-2.997935e-04	-9.893224e-06	1
19	rs62114212	58831966	0	-3.175759e-04	-1.049371e-05	1
19	rs62114660	59033674	0	-4.395843e-04	-1.533050e-05	1
19	rs62114663	59035557	0	1.709273e-04	6.001474e-06	1
19	rs62114668	59072371	0	-1.923453e-04	-6.784969e-06	1
19	rs62116004	58720201	0	-1.361279e-03	-4.710872e-05	1
19	rs62116017	58738767	0	-1.401528e-03	-4.972836e-05	1
19	rs62116373	58850206	0	-2.745584e-04	-9.987827e-06	1
19	rs62116378	58875268	0	-1.226372e-05	-4.210247e-07	1
19	rs62116379	58875335	0	-4.326759e-05	-1.502805e-06	1
19	rs62116380	58876618	0	-8.756766e-05	-3.047281e-06	1
19	rs62116381	58877385	0	-8.756766e-05	-3.047280e-06	1
19	rs62116383	58880761	0	-5.091188e-05	-1.767550e-06	1
19	rs62116384	58880884	0	-1.024298e-04	-3.563567e-06	1
19	rs62116388	58884162	0	-3.595525e-04	-1.262820e-05	1
19	rs62116389	58885267	0	-3.590031e-04	-1.272226e-05	1
19	rs62116432	58901227	0	-1.561339e-03	-5.416372e-05	1
19	rs62116437	58922551	0	-3.995354e-04	-1.295167e-05	1
19	rs62117593	58941915	0	-4.962879e-04	-1.610368e-05	1
19	rs62117594	58942709	0	-4.962879e-04	-1.610368e-05	1
19	rs62117596	58953099	0	-7.192079e-04	-2.355357e-05	1
19	rs62117599	58994650	0	1.211792e-03	4.019895e-05	1
19	rs62117658	59015297	0	-1.713894e-04	-6.071019e-06	1
19	rs62125248	58568181	0	1.498387e-03	5.095270e-05	1
19	rs62125894	58679627	0	3.339610e-04	1.119934e-05	1
19	rs62125914	58706186	0	-1.443293e-03	-5.063767e-05	1
19	rs62125917	58711509	0	-1.467499e-03	-5.163652e-05	1
19	rs62126787	58586371	0	6.548091e-04	2.085491e-05	1
19	rs62126791	58587777	0	6.034923e-04	1.912542e-05	1
19	rs62126796	58612051	7	2.785245e-04	9.256054e-06	1
19	rs63283	58740490	0	-1.972063e-05	-6.792759e-07	1
19	rs6510116	58604319	0	-1.162576e-03	-4.019448e-05	1
19	rs6510125	58637152	0	3.637285e-04	1.177685e-05	1
19	rs6510126	58675916	0	7.923711e-04	2.674225e-05	1
19	rs6510128	58761107	0	-6.871950e-04	-2.171725e-05	1
19	rs6510129	58761533	0	-6.871950e-04	-2.171724e-05	1
19	rs6510131	58776347	0	-2.530117e-04	-9.007200e-06	1
19	rs6510133	58801186	0	3.611036e-05	1.134596e-06	1
19	rs6510136	58824721	0	-1.154004e-05	-4.058546e-07	1
19	rs6510137	58864150	0	-1.418975e-04	-4.948147e-06	1
19	rs6510139	58885702	0	1.797133e-04	5.599676e-06	1
19	rs6510140	58885773	0	4.376291e-04	1.370363e-05	1
19	rs6510141	58885786	0	-9.808485e-05	-3.027051e-06	1
19	rs6510142	58885842	0	-3.595525e-04	-1.262820e-05	1
19	rs6510143	58885874	0	3.462592e-04	1.229197e-05	1
19	rs6510148	58924210	0	-6.993939e-05	-2.221098e-06	1
19	rs6510152	58953319	0	-1.461195e-04	-4.500275e-06	1
19	rs6510153	58975609	0	3.522435e-04	1.254528e-05	1
19	rs66616365	58667964	0	7.510678e-04	2.442783e-05	1
19	rs67047437	58676662	0	4.396446e-04	1.417135e-05	1
19	rs67781917	58524126	0	-9.565240e-04	-3.253385e-05	1
19	rs67825948	58525067	0	-1.196254e-03	-4.150410e-05	1
19	rs67978350	58894455	0	5.812324e-04	1.929065e-05	1
19	rs71333247	58559583	0	4.940443e-04	1.636330e-05	1
19	rs71333251	58738839	0	-1.323195e-03	-4.665691e-05	1
19	rs71333260	58922220	0	5.592727e-04	1.843551e-05	1
19	rs71354068	58531715	0	-1.480370e-04	-5.235082e-06	1
19	rs71355829	58551080	0	3.913334e-04	1.292373e-05	1
19	rs71355833	58657180	0	2.033446e-04	6.668724e-06	1
19	rs719009	58584722	0	5.192909e-04	1.642047e-05	1
19	rs719010	58584765	0	5.159312e-04	1.630145e-05	1
19	rs719011	58584841	0	5.243102e-04	1.656740e-05	1
19	rs723669	58563100	0	8.905602e-05	2.922007e-06	1
19	rs7245923	58874709	0	-1.679614e-04	-5.860187e-06	1
19	rs7246174	58765348	0	-8.959252e-05	-3.168817e-06	1
19	rs7246751	58804121	0	3.794305e-05	1.346288e-06	1
19	rs7248057	58774513	0	-1.630053e-04	-5.785446e-06	1
19	rs7248493	58711108	0	1.666769e-03	6.123093e-05	1
19	rs7248512	58716363	0	2.448814e-04	7.609303e-06	1
19	rs7248800	59079257	0	-9.381139e-05	-2.918392e-06	1
19	rs7249664	58586610	1	-1.076416e-03	-3.541200e-05	1
19	rs7249714	59058083	0	-1.219274e-03	-4.035088e-05	1
19	rs7249841	59058199	0	3.322432e-04	1.160992e-05	1
19	rs7250280	58713774	0	-1.596433e-03	-5.706888e-05	1
19	rs7250394	58930177	0	-1.952903e-04	-6.207411e-06	1
19	rs7250524	58611423	0	2.684329e-04	8.377266e-06	1
19	rs7250610	58611723	0	7.915068e-04	2.711648e-05	1
19	rs7250711	58611592	0	2.684329e-04	8.377259e-06	1
19	rs7250715	58611606	0	4.028364e-04	1.311811e-05	1
19	rs7250752	58893108	0	-5.946181e-04	-2.107634e-05	1
19	rs7250816	58581572	0	-8.677243e-04	-2.845588e-05	1
19	rs7250889	58900337	0	-1.430574e-03	-4.836539e-05	1
19	rs7251261	58629081	29	2.275690e-04	7.408634e-06	1
19	rs7251536	58620679	0	5.455102e-04	1.777413e-05	1
19	rs7251813	58893700	0	-5.227934e-04	-1.643009e-05	1
19	rs7252129	58657428	0	8.441217e-04	2.761648e-05	1
19	rs7252304	58629122	6	7.744054e-04	2.605860e-05	1
19	rs7252333	58900747	0	-1.430574e-03	-4.836537e-05	1
19	rs7253055	58793554	0	1.099862e-03	3.665259e-05	1
19	rs7253066	59080198	0	3.814810e-04	1.317237e-05	1
19	rs7253344	58779340	1	-3.256614e-04	-1.007586e-05	1
19	rs7253357	58779369	0	-2.487508e-04	-7.704661e-06	1
19	rs7253433	59041723	0	-2.339955e-04	-7.330694e-06	1
19	rs7254178	58979958	0	3.467985e-04	1.234010e-05	1
19	rs7254299	58884965	0	-8.464016e-05	-2.606038e-06	1
19	rs7254639	58876797	0	-8.756766e-05	-3.047270e-06	1
19	rs7255068	59052105	0	3.583746e-04	1.260694e-05	1
19	rs7255290	58583832	0	-1.783663e-03	-6.468892e-05	1
19	rs7255489	58879965	0	3.430940e-04	1.219095e-05	1
19	rs7255491	58901394	0	-1.430574e-03	-4.836536e-05	1
19	rs7255596	58879976	0	3.167574e-04	1.124266e-05	1
19	rs7255605	58584251	0	-1.742362e-03	-6.282269e-05	1
19	rs7255916	58880016	0	-3.533812e-04	-1.245371e-05	1
19	rs7256349	58718269	0	-1.256552e-03	-4.305011e-05	1
19	rs7256664	58600587	0	-1.273815e-03	-4.454286e-05	1
19	rs7256809	58880184	0	-5.091188e-05	-1.767537e-06	1
19	rs7256940	58880242	0	-5.091188e-05	-1.767537e-06	1
19	rs7256964	58882186	0	4.739387e-05	1.478941e-06	1
19	rs7257669	59064939	0	-3.903770e-04	-1.242131e-05	1
19	rs7257788	58788901	0	-1.119388e-04	-3.980876e-06	1
19	rs7257872	58928786	0	-6.993939e-05	-2.221105e-06	1
19	rs7257999	58964860	0	-7.241320e-05	-2.234074e-06	1
19	rs7258103	58627235	0	1.727366e-04	5.576999e-06	1
19	rs7258239	58734410	4	3.713636e-04	1.289606e-05	1
19	rs7259841	58951123	0	5.526766e-04	1.718692e-05	1
19	rs7260445	58571049	0	1.370690e-04	4.946994e-06	1
19	rs7260571	58925286	0	5.995800e-04	1.867727e-05	1
19	rs72629170	58876368	0	-1.374958e-04	-4.767843e-06	1
19	rs72629171	58880848	0	-1.024298e-04	-3.563553e-06	1
19	rs73056266	58702854	0	-4.517124e-04	-1.659123e-05	1
19	rs73056270	58709763	0	-4.517124e-04	-1.659123e-05	1
19	rs73056279	58726998	0	1.088181e-04	3.911574e-06	1
19	rs73056286	58750550	0	6.650897e-04	2.398948e-05	1
19	rs73056388	58584525	0	-1.742362e-03	-6.282266e-05	1
19	rs73058504	58589515	0	3.949841e-04	1.241160e-05	1
19	rs73060214	58846001	0	3.714689e-04	1.355328e-05	1
19	rs73060254	58899245	0	-3.851102e-04	-1.402536e-05	1
19	rs73060258	58902954	0	3.584533e-04	1.178805e-05	1
19	rs73060293	58923050	0	3.618128e-04	1.184407e-05	1
19	rs73062110	58936642	0	6.322540e-05	2.057820e-06	1
19	rs73064225	58974378	0	-7.670386e-04	-2.517041e-05	1
19	rs73064302	58994588	0	-4.921742e-04	-1.652584e-05	1
19	rs73066206	58995042	0	-3.581033e-04	-1.156066e-05	1
19	rs73066211	58997079	0	-1.165858e-04	-3.868492e-06	1
19	rs73066226	59008213	0	4.504903e-04	1.503141e-05	1
19	rs73066228	59013196	0	3.364576e-06	1.117467e-07	1
19	rs73066236	59027481	0	9.641233e-05	3.381266e-06	1
19	rs73066244	59033153	0	-7.287090e-04	-2.370009e-05	1
19	rs73066245	59038884	0	-2.103673e-04	-7.322911e-06	1
19	rs73066251	59050356	6	1.536025e-04	4.906669e-06	1
19	rs73068312	59054288	0	-5.271435e-04	-1.691100e-05	1
19	rs73068321	59072020	0	-5.149419e-04	-1.653878e-05	1
19	rs73068325	59079096	0	-7.598201e-04	-2.565448e-05	1
19	rs73068327	59079334	0	-4.752924e-04	-1.523983e-05	1
19	rs73068329	59080325	0	-7.598201e-04	-2.565448e-05	1
19	rs73068335	59089308	0	-9.681499e-04	-3.320860e-05	1
19	rs73068339	59090263	0	-2.920116e-04	-9.289154e-06	1
19	rs73068342	59091717	0	-2.906814e-04	-9.246898e-06	1
19	rs73071847	58548748	0	5.362429e-04	1.783551e-05	1
19	rs731259	58989424	0	-2.787345e-04	-9.284461e-06	1
19	rs731835	58898436	0	-2.166968e-04	-6.867301e-06	1
19	rs734379	58899182	0	-1.556928e-03	-5.343815e-05	1
19	rs734380	58898963	0	7.718731e-04	2.423584e-05	1
19	rs735278	59083594	0	-4.420820e-04	-1.410162e-05	1
19	rs735507	58720360	0	9.334279e-04	3.165437e-05	1
19	rs73562704	59073613	0	5.561880e-04	1.957368e-05	1
19	rs73566790	58743866	0	1.129948e-03	4.185685e-05	1
19	rs73570604	58810827	0	1.075158e-03	3.895085e-05	1
19	rs73570633	58828121	0	2.281309e-04	7.945391e-06	1
19	rs73570653	58832874	0	3.429415e-04	1.193959e-05	1
19	rs73570658	58834522	0	1.410877e-04	4.903461e-06	1
19	rs73570691	58841364	0	4.025112e-04	1.415646e-05	1
19	rs73570694	58841515	0	3.743358e-04	1.321840e-05	1
19	rs73572621	58845441	0	4.025112e-04	1.415646e-05	1
19	rs73572630	58847132	0	4.496606e-04	1.585827e-05	1
19	rs73572641	58852541	0	4.140614e-04	1.463592e-05	1
19	rs7359845	58831819	0	2.130393e-04	7.382071e-06	1
19	rs7359922	58830261	0	5.373119e-05	1.852369e-06	1
19	rs73939627	58848734	0	3.694056e-04	1.301260e-05	1
19	rs7408188	58939389	0	6.776188e-04	2.119873e-05	1
19	rs7409473	58939165	0	6.776188e-04	2.119873e-05	1
19	rs74357328	58550617	0	2.380725e-04	8.644505e-06	1
19	rs74414988	58524349	0	-6.868916e-04	-2.454744e-05	1
19	rs74496797	58749776	0	-1.316717e-04	-4.655654e-06	1
19	rs74625788	58757001	0	-1.316717e-04	-4.655654e-06	1
19	rs74733770	59027672	0	-2.905240e-04	-1.054287e-05	1
19	rs74815034	58658965	2	3.387877e-04	1.113217e-05	1
19	rs74831398	58919814	0	3.731672e-04	1.357526e-05	1
19	rs75072205	58755366	0	-1.316717e-04	-4.655653e-06	1
19	rs7507609	58611111	0	1.405414e-05	4.460550e-07	1
19	rs7508106	58876115	0	3.024174e-04	1.073736e-05	1
19	rs751745	58722129	0	3.844290e-04	1.393228e-05	1
19	rs75196460	58952297	0	3.599975e-04	1.308266e-05	1
19	rs75217180	59055112	0	2.280287e-04	7.957095e-06	1
19	rs753530	58632768	0	5.219160e-04	1.735615e-05	1
19	rs75597	58720236	0	-2.571705e-04	-8.943943e-06	1
19	rs75672965	59063157	0	5.720924e-04	2.089760e-05	1
19	rs75814085	58993994	0	-7.808294e-04	-2.860843e-05	1
19	rs75904835	58810044	0	7.930950e-06	2.880195e-07	1
19	rs75999937	58924419	0	1.896458e-05	6.888864e-07	1
19	rs76652149	58524660	0	-6.868916e-04	-2.454744e-05	1
19	rs76783065	59075668	0	-4.101702e-04	-1.492408e-05	1
19	rs76795181	58684319	0	-2.982588e-04	-1.089770e-05	1
19	rs76798942	58653114	0	-8.646655e-05	-2.861759e-06	1
19	rs76938992	58877357	0	1.354490e-04	4.909797e-06	1
19	rs76958646	58562357	0	-1.068365e-03	-4.025314e-05	1
19	rs76963345	58743142	0	3.533023e-04	1.272144e-05	1
19	rs77101457	59076912	0	5.349641e-04	1.898999e-05	1
19	rs77140992	58521189	0	-6.868916e-04	-2.454743e-05	1
19	rs77193614	58820450	0	-6.217561e-04	-2.182810e-05	1
19	rs77222313	58533610	0	-6.104351e-04	-2.170593e-05	1
19	rs77235242	58929230	0	4.459152e-04	1.636646e-05	1
19	rs77262558	58684431	0	-8.407138e-05	-3.026117e-06	1
19	rs77358356	59065154	0	-2.862886e-04	-1.038178e-05	1
19	rs77377117	58742665	0	3.202309e-04	1.148615e-05	1
19	rs77498029	58993254	0	-2.449180e-04	-8.154999e-06	1
19	rs77537775	59083268	0	1.454619e-04	5.273335e-06	1
19	rs77659740	59056991	0	-1.338206e-04	-4.798023e-06	1
19	rs77688534	59043748	0	-4.149504e-05	-1.493290e-06	1
19	rs77755501	58915005	0	6.303663e-04	2.287643e-05	1
19	rs77999299	59095570	0	2.546370e-05	9.103463e-07	1
19	rs78202231	58668413	0	1.689528e-04	6.103996e-06	1
19	rs78282402	59008259	0	8.131041e-05	2.941777e-06	1
19	rs78282479	58682941	0	6.301342e-05	2.218439e-06	1
19	rs78293168	58755872	0	-1.316717e-04	-4.655654e-06	1
19	rs78397785	59080070	0	2.546370e-05	9.103461e-07	1
19	rs78487872	58855393	0	6.260405e-04	2.319260e-05	1
19	rs78560062	58662212	0	-1.034985e-04	-3.469046e-06	1
19	rs78604285	58712758	0	2.758461e-04	9.927242e-06	1
19	rs78664025	58695007	0	3.235130e-04	1.159966e-05	1
19	rs78968038	58658294	0	8.441217e-04	2.761646e-05	1
19	rs7910	59093464	0	-8.009712e-04	-2.530091e-05	1
19	rs79132177	58701780	0	1.259435e-04	4.419685e-06	1
19	rs79135878	58642383	0	7.023035e-05	2.531547e-06	1
19	rs79192210	58561312	0	-3.508047e-04	-1.270763e-05	1
19	rs79208032	58556652	0	5.259977e-04	1.755931e-05	1
19	rs79222418	58664418	0	-2.149811e-04	-7.246287e-06	1
19	rs79259289	58752257	0	3.747038e-04	1.255060e-05	1
19	rs79282983	58898840	0	8.925066e-04	3.180367e-05	1
19	rs79287592	58789765	0	-2.168316e-04	-7.735211e-06	1
19	rs79428816	58834505	0	-1.171891e-04	-4.277525e-06	1
19	rs79463936	58755254	0	-1.316717e-04	-4.655652e-06	1
19	rs79481083	58820403	0	-7.972749e-04	-2.837964e-05	1
19	rs79562691	58745897	0	-1.753116e-04	-6.373476e-06	1
19	rs79639614	59070578	0	-3.642983e-04	-1.284991e-05	1
19	rs79894507	58699453	0	2.758461e-04	9.927241e-06	1
19	rs79955355	58665816	0	1.719734e-06	6.172606e-08	1
19	rs80090318	58702017	0	1.259435e-04	4.419684e-06	1
19	rs80153933	58526696	0	-6.180954e-04	-2.188097e-05	1
19	rs80298408	58807275	0	2.173238e-04	7.801416e-06	1
19	rs80320621	58816329	0	-2.545478e-04	-8.870255e-06	1
19	rs80330258	59010439	0	-5.142014e-04	-1.873691e-05	1
19	rs8099852	58895221	0	-7.752746e-04	-2.460410e-05	1
19	rs8100253	59087479	0	3.138604e-04	1.087105e-05	1
19	rs8100259	58932360	0	-3.995354e-04	-1.295164e-05	1
19	rs8100276	58534236	0	-1.826992e-04	-6.244261e-06	1
19	rs8100534	58534484	0	-2.334034e-04	-7.993401e-06	1
19	rs8100738	58581904	0	5.159312e-04	1.630143e-05	1
19	rs8100801	58892060	0	-5.946181e-04	-2.107632e-05	1
19	rs8101391	58892524	0	3.420302e-04	1.216153e-05	1
19	rs8102157	58589599	0	-1.090040e-03	-3.626924e-05	1
19	rs8102402	58892672	0	3.291054e-04	1.168156e-05	1
19	rs8102457	58926008	0	6.801120e-06	2.214027e-07	1
19	rs8102541	59091380	1	-4.899825e-04	-1.536875e-05	1
19	rs8103813	59072684	0	-6.582403e-04	-2.207467e-05	1
19	rs8103853	58577762	0	-8.201576e-04	-2.679065e-05	1
19	rs8104061	58795986	0	7.538250e-04	2.460972e-05	1
19	rs8104221	58905109	0	-8.433916e-04	-2.785202e-05	1
19	rs8104276	58603983	0	-8.554140e-04	-2.875265e-05	1
19	rs8105044	58796805	0	-2.927165e-04	-9.102985e-06	1
19	rs8105799	58761585	0	-6.871950e-04	-2.171721e-05	1
19	rs8105906	58791636	0	-1.119388e-04	-3.980878e-06	1
19	rs8105935	58821088	0	-5.303279e-04	-1.852339e-05	1
19	rs8106345	58888317	0	5.465909e-06	1.764283e-07	1
19	rs8106379	59094136	0	3.110549e-04	1.086620e-05	1
19	rs8106477	58888441	0	4.047540e-04	1.268264e-05	1
19	rs8107581	58809154	0	-1.124148e-03	-3.647594e-05	1
19	rs8107931	58636461	0	5.819022e-04	1.949964e-05	1
19	rs8108238	58757968	0	-1.316717e-04	-4.655651e-06	1
19	rs8108371	58730394	0	3.476725e-04	1.245318e-05	1
19	rs8108493	58730489	0	2.350873e-04	8.427373e-06	1
19	rs8109093	58833871	0	2.455109e-04	8.525097e-06	1
19	rs8109275	58629878	0	5.797464e-04	1.935229e-05	1
19	rs8109359	58629914	0	5.633425e-04	1.881047e-05	1
19	rs8109471	58621794	0	4.023221e-04	1.339309e-05	1
19	rs8109694	58621307	0	6.438343e-04	2.181093e-05	1
19	rs8109925	58623323	0	4.023221e-04	1.339308e-05	1
19	rs8109932	58903466	0	-1.556843e-03	-5.335178e-05	1
19	rs8109937	58584643	0	5.159312e-04	1.630144e-05	1
19	rs8110117	58600626	1	1.517068e-03	5.512750e-05	1
19	rs8110135	58998464	0	-3.220510e-04	-1.026158e-05	1
19	rs8110249	58824237	0	1.764845e-05	6.058473e-07	1
19	rs8110595	59095126	0	-4.511859e-04	-1.415301e-05	1
19	rs8110941	58824163	0	9.244669e-05	3.195993e-06	1
19	rs8111222	58750413	0	-6.160558e-04	-1.941340e-05	1
19	rs8111238	58667076	0	6.930419e-04	2.246415e-05	1
19	rs8111301	58750326	0	-1.316717e-04	-4.655647e-06	1
19	rs8111498	58749994	0	1.021899e-04	3.603277e-06	1
19	rs8112286	58752391	0	-2.135326e-04	-7.550224e-06	1
19	rs8112340	58759679	0	-1.424553e-04	-5.028400e-06	1
19	rs8112556	58886459	0	4.902026e-04	1.745275e-05	1
19	rs8113810	58932106	0	5.995800e-04	1.867728e-05	1
19	rs873104	59065952	0	-4.829600e-04	-1.546321e-05	1
19	rs877796	58753615	0	1.225371e-05	4.305540e-07	1
19	rs877797	58753649	0	-1.316717e-04	-4.655646e-06	1
19	rs880162	59013134	0	-1.226120e-05	-3.900991e-07	1
19	rs882609	58991479	0	-1.866393e-04	-5.752900e-06	1
19	rs882610	58991900	0	-1.068711e-04	-3.385647e-06	1
19	rs889158	58601981	0	-1.394214e-03	-4.745648e-05	1
19	rs889159	58584522	0	4.255420e-04	1.339450e-05	1
19	rs889160	58584434	0	-1.300015e-03	-4.404609e-05	1
19	rs889161	58584324	0	3.968479e-04	1.248669e-05	1
19	rs893179	58899056	0	-1.018706e-03	-3.299868e-05	1
19	rs893180	58865091	0	-2.035137e-04	-7.128034e-06	1
19	rs893181	58865082	0	-2.035137e-04	-7.128034e-06	1
19	rs893182	58865068	0	-2.035137e-04	-7.128033e-06	1
19	rs893183	58865054	0	-1.710420e-04	-5.984325e-06	1
19	rs893184	58864479	0	-2.525662e-04	-8.877806e-06	1
19	rs893185	58989495	0	-4.522558e-04	-1.406055e-05	1
19	rs893186	58969179	0	4.688714e-05	1.445633e-06	1
19	rs893187	58963018	0	-3.545122e-04	-1.144403e-05	1
19	rs893188	58962958	0	-5.657119e-04	-1.837953e-05	1
19	rs895374	59066918	0	-3.518710e-04	-1.101159e-05	1
19	rs918544	58620103	0	4.023221e-04	1.339308e-05	1
19	rs918545	58620068	0	4.023221e-04	1.339307e-05	1
19	rs922929	58734596	0	1.167653e-04	4.036857e-06	1
19	rs922931	58734749	0	1.678929e-04	5.804125e-06	1
19	rs9304813	58931557	0	3.402288e-04	1.052522e-05	1
19	rs9304814	58951811	0	1.461182e-04	4.501724e-06	1
19	rs933670	58619847	0	5.108985e-04	1.762234e-05	1
19	rs9636162	59019452	0	-5.897847e-05	-2.103200e-06	1
19	rs9676281	58756728	0	-1.097417e-04	-3.884160e-06	1
19	rs9676287	58756655	0	-9.827347e-05	-3.477689e-06	1
19	rs9676487	58756869	0	-1.097417e-04	-3.884160e-06	1
19	rs971711	58632872	0	7.081709e-04	2.408278e-05	1
19	rs9749456	58882192	0	4.229552e-04	1.314697e-05	1
19	rs975947	58898193	0	7.059869e-04	2.210606e-05	1
19	rs9797792	59019531	0	-8.177111e-04	-2.710544e-05	1
19	rs9941466	58945962	0	5.256382e-04	1.893399e-05	1
