chr	rs	ps	n_miss	b	beta	gamma
2	rs10164894	89134902	0	-1.119770e-05	-8.841783e-04	1
2	rs10172783	89124545	0	-9.027635e-06	-1.324078e-03	1
2	rs10173289	89124989	0	-9.027635e-06	-1.324078e-03	1
2	rs10180489	89144754	0	-4.901560e-06	-3.408250e-04	1
2	rs10184173	89410420	0	-2.846399e-06	-1.382737e-04	1
2	rs10184923	89418776	0	-4.187272e-07	-1.971836e-05	1
2	rs10193878	90235670	1	-1.224637e-05	-9.629951e-04	1
2	rs10197658	89142782	0	-4.901560e-06	-3.408250e-04	1
2	rs10198288	90070261	1	6.552040e-06	4.431492e-01	1
2	rs10199062	90101182	1	6.753875e-06	2.724399e-04	1
2	rs111330053	89987087	2	7.920882e-06	8.058096e-04	1
2	rs111357016	89281528	0	8.669953e-06	7.326797e-04	1
2	rs111568247	89959889	15	5.362946e-06	4.146132e-04	1
2	rs111610161	89417346	0	-3.273839e-06	-1.582896e-04	1
2	rs111626937	90078462	1	4.242746e-06	4.236963e-04	1
2	rs111682174	90150735	1	5.230794e-06	5.446709e-04	1
2	rs111711225	89185654	0	6.529666e-06	4.369573e-01	1
2	rs111784311	89146200	0	2.995242e-06	2.908209e-04	1
2	rs111818367	90022407	1	4.242746e-06	4.236962e-04	1
2	rs111898447	89312525	0	8.197284e-06	6.943950e-04	1
2	rs111899755	90088124	1	4.091465e-06	4.162499e-04	1
2	rs111975636	89188405	0	8.743141e-06	7.288179e-04	1
2	rs111981989	90083229	1	4.242746e-06	4.236962e-04	1
2	rs112010254	90215754	1	5.230794e-06	5.446707e-04	1
2	rs112053188	90113023	1	-2.611398e-06	-4.597177e-04	1
2	rs112054770	89503998	0	1.841564e-05	2.390917e-03	1
2	rs11211635	90071261	1	2.269040e-06	8.770014e-05	1
2	rs112162458	89284587	0	8.669953e-06	7.326794e-04	1
2	rs112215212	89243513	0	5.630900e-06	4.292115e-04	1
2	rs112273159	89276422	0	8.639949e-06	6.870801e-04	1
2	rs112366135	89981491	1	1.624358e-06	1.538532e-04	1
2	rs112421684	89192705	0	8.743141e-06	7.288178e-04	1
2	rs112483637	89961548	14	2.945038e-06	2.084220e-04	1
2	rs112489348	89436358	0	9.278201e-06	7.738616e-04	1
2	rs112598531	90095330	0	4.567108e-06	4.587418e-04	1
2	rs112599788	89247310	0	5.630900e-06	4.292114e-04	1
2	rs112614083	90166960	1	5.230794e-06	5.446706e-04	1
2	rs112636307	89266057	0	8.669953e-06	7.326793e-04	1
2	rs112703095	90016162	1	2.154120e-06	2.134559e-04	1
2	rs112760989	89193976	0	8.583752e-06	7.235514e-04	1
2	rs112763289	90089350	1	-5.696488e-08	-4.522083e-06	1
2	rs112790379	89399040	0	9.705641e-06	8.337494e-04	1
2	rs112901007	89486335	0	1.458408e-05	1.568599e-03	1
2	rs112988600	90038540	1	-1.111472e-07	-8.966136e-06	1
2	rs113056826	89509610	0	1.841564e-05	2.390916e-03	1
2	rs113123169	89991141	1	3.038753e-06	2.721965e-04	1
2	rs113166843	90072798	1	-1.501388e-05	-6.206342e-03	1
2	rs113206403	89191735	0	8.743141e-06	7.288176e-04	1
2	rs113302996	90008612	1	2.302865e-05	4.098580e-03	1
2	rs113321474	89191521	0	8.743141e-06	7.288175e-04	1
2	rs113379001	89406998	0	9.705641e-06	8.337492e-04	1
2	rs113433291	89190760	0	8.743141e-06	7.288174e-04	1
2	rs113455980	90093266	1	4.242746e-06	4.236958e-04	1
2	rs113523689	89149315	0	-1.446845e-05	-9.374514e-04	1
2	rs113627064	89191620	0	8.743141e-06	7.288174e-04	1
2	rs113630972	89498485	0	1.841564e-05	2.390916e-03	1
2	rs113764684	90081442	0	8.710583e-06	6.957525e-04	1
2	rs113847161	89474516	0	1.841564e-05	2.390915e-03	1
2	rs113848488	90144685	1	5.230794e-06	5.446702e-04	1
2	rs114500439	90080927	1	1.147387e-05	5.804492e-03	1
2	rs114580095	90183602	1	-7.433763e-06	-5.493693e-04	1
2	rs115216704	90054990	1	4.242746e-06	4.236956e-04	1
2	rs115373009	89130884	0	9.943646e-07	2.364903e-04	1
2	rs115896907	90161624	1	5.230794e-06	5.446702e-04	1
2	rs115899805	90215370	1	2.055772e-05	3.157577e-02	1
2	rs115948557	89180398	0	8.743141e-06	7.288173e-04	1
2	rs115975731	89131386	0	3.250579e-06	8.016827e-04	1
2	rs116066691	90188809	1	1.332941e-05	1.496471e-03	1
2	rs116171884	90147415	1	1.332941e-05	1.496471e-03	1
2	rs116663580	90128716	1	1.048582e-05	4.301963e-03	1
2	rs116727807	90064144	1	-5.116238e-06	-1.229493e-03	1
2	rs11676398	90254913	1	8.633185e-06	7.468041e-04	1
2	rs11678683	90254914	1	8.633185e-06	7.468041e-04	1
2	rs11690913	89503119	0	-1.516522e-05	-2.787672e-03	1
2	rs117668633	90249506	1	9.144084e-06	1.083319e-03	1
2	rs11901621	90047876	1	8.176167e-06	3.573908e-04	1
2	rs12328775	90233945	1	-1.224637e-05	-9.629950e-04	1
2	rs12613312	90101498	1	4.180145e-06	2.739535e-04	1
2	rs12986609	90228674	1	-1.349962e-05	-1.182850e-03	1
2	rs12993056	90223280	1	-7.739954e-06	-9.829818e-04	1
2	rs13003799	90240473	1	-1.310483e-05	-1.020284e-03	1
2	rs13031106	90252664	1	-1.638950e-05	-2.890882e-03	1
2	rs13392389	89414255	0	-3.894574e-06	-2.105720e-04	1
2	rs13397473	90211814	1	7.238026e-06	1.937737e-03	1
2	rs13409202	90238272	1	-1.224637e-05	-9.629949e-04	1
2	rs13411893	89135764	0	-1.119770e-05	-8.841790e-04	1
2	rs13412946	89446339	0	-4.312679e-06	-1.875809e-04	1
2	rs13426254	89434184	0	-3.273839e-06	-1.582900e-04	1
2	rs13427016	90145830	1	-7.675552e-06	-5.343550e-04	1
2	rs13430247	89134113	0	-1.521477e-05	-1.417392e-03	1
2	rs137878736	89454659	0	1.730339e-05	1.528449e-03	1
2	rs138089819	89410429	0	9.705641e-06	8.337489e-04	1
2	rs138589292	90223367	1	5.230794e-06	5.446701e-04	1
2	rs138612470	90139788	1	-2.611398e-06	-4.597177e-04	1
2	rs139052187	90162466	1	1.633843e-05	5.705502e-03	1
2	rs139069177	89420287	0	-5.370573e-06	-2.670066e-04	1
2	rs139271844	89284535	0	8.669953e-06	7.326787e-04	1
2	rs139424688	89455574	0	1.379468e-05	7.197418e-04	1
2	rs139528109	89483160	0	1.050964e-05	9.769520e-04	1
2	rs139998676	89465665	0	1.443633e-05	1.406715e-03	1
2	rs140663069	89499307	0	1.269004e-05	1.244927e-03	1
2	rs140707363	89973667	1	1.624358e-06	1.538527e-04	1
2	rs140899448	90182928	1	1.048582e-05	4.301963e-03	1
2	rs141019411	90001446	1	3.038753e-06	2.721961e-04	1
2	rs141073433	89330493	0	8.197284e-06	6.943941e-04	1
2	rs141086635	89925619	3	8.476932e-06	1.337641e-03	1
2	rs141226622	90163826	1	-4.854264e-06	-3.171793e-04	1
2	rs141309548	89370291	0	9.705641e-06	8.337486e-04	1
2	rs141403566	90150213	1	5.230794e-06	5.446699e-04	1
2	rs141905532	89420945	0	-6.969202e-06	-3.889824e-04	1
2	rs142142673	90215634	1	5.915002e-06	1.548919e-03	1
2	rs142244707	90008231	2	-5.082616e-06	-1.036811e-03	1
2	rs142420448	89193365	0	8.743141e-06	7.288170e-04	1
2	rs142421391	90121459	0	-7.534918e-06	-5.360154e-04	1
2	rs142433448	90089464	1	4.242746e-06	4.236954e-04	1
2	rs142663087	90226413	1	1.048582e-05	4.301963e-03	1
2	rs142729348	89320645	0	9.650793e-06	7.573279e-04	1
2	rs142995009	89481695	0	1.050964e-05	9.769517e-04	1
2	rs143172165	89417483	0	-6.969202e-06	-3.889825e-04	1
2	rs144223826	89908977	1	6.406118e-07	5.639985e-05	1
2	rs144790057	89406075	0	9.705641e-06	8.337485e-04	1
2	rs145064364	89185056	0	8.743141e-06	7.288169e-04	1
2	rs145267519	90182751	1	2.565402e-06	1.615882e-04	1
2	rs145548733	89266416	0	5.653520e-06	3.693513e-04	1
2	rs145711431	90135957	1	5.230794e-06	5.446698e-04	1
2	rs145941707	89936692	3	1.331612e-05	7.944332e-03	1
2	rs146266947	89329326	0	1.236128e-05	1.342213e-03	1
2	rs146289839	90257684	1	-2.611398e-06	-4.597176e-04	1
2	rs146835998	90027450	1	8.280803e-06	6.539081e-04	1
2	rs147014451	89976550	1	-9.040976e-06	-8.467064e-04	1
2	rs147642846	89483480	0	1.269004e-05	1.244927e-03	1
2	rs147762836	89979243	1	-9.040976e-06	-8.467064e-04	1
2	rs1484864	89129064	0	5.915014e-05	6.661364e-03	1
2	rs148583013	89239291	0	5.630900e-06	4.292097e-04	1
2	rs148607966	89486623	0	1.209609e-05	1.136203e-03	1
2	rs148659311	89370290	0	9.705641e-06	8.337469e-04	1
2	rs149454328	89305988	0	8.669953e-06	7.326770e-04	1
2	rs149815884	90258868	0	-1.299703e-05	-1.131268e-03	1
2	rs150074942	89440559	0	1.791461e-06	8.828778e-05	1
2	rs150328771	89967075	2	7.001283e-07	6.475883e-05	1
2	rs150799760	90018995	1	8.280803e-06	6.539067e-04	1
2	rs150850764	90228907	1	7.238026e-06	1.937737e-03	1
2	rs151199209	90164183	1	5.230794e-06	5.446684e-04	1
2	rs1526069	90108273	1	7.569893e-06	8.623113e-04	1
2	rs170795	89153249	0	-3.546148e-06	-1.705254e-04	1
2	rs17091423	90106160	1	-7.525492e-06	-7.115719e-04	1
2	rs17091454	90037964	1	8.280803e-06	6.539066e-04	1
2	rs17620193	90109538	1	5.230794e-06	5.446683e-04	1
2	rs17620337	90112745	1	5.230794e-06	5.446683e-04	1
2	rs17703695	90006557	1	-1.701911e-06	-2.953167e-04	1
2	rs17704088	90045248	1	4.242746e-06	4.236938e-04	1
2	rs17838437	89130009	0	4.258169e-05	1.611690e-03	1
2	rs17842625	90089300	1	-1.111472e-07	-8.968085e-06	1
2	rs180918962	90189525	1	3.243236e-07	2.963242e-05	1
2	rs1809526	89125488	0	4.250700e-05	1.927627e-03	1
2	rs181157447	90002682	1	3.038753e-06	2.721943e-04	1
2	rs181964957	90000480	1	1.147387e-05	5.804492e-03	1
2	rs182614346	89488592	0	-1.303005e-05	-1.935822e-03	1
2	rs182620890	90162188	1	5.216848e-06	4.076966e-04	1
2	rs183021879	90209617	1	5.915002e-06	1.548919e-03	1
2	rs1843217	89124238	0	1.819530e-05	1.708540e-03	1
2	rs1843218	89124063	0	1.582929e-05	1.284173e-03	1
2	rs185659306	90088843	1	4.242746e-06	4.236932e-04	1
2	rs186405147	90157092	1	5.230794e-06	5.446676e-04	1
2	rs187864948	89987703	1	3.038753e-06	2.721942e-04	1
2	rs188701181	90004045	2	-7.394839e-06	-6.181970e-04	1
2	rs189306560	89170231	0	1.659541e-05	2.089527e-03	1
2	rs189639450	90070306	1	1.591199e-06	1.569530e-04	1
2	rs189908292	89910414	2	1.279268e-05	1.461016e-03	1
2	rs191673616	90221505	1	-1.224637e-05	-9.629952e-04	1
2	rs193041247	89483796	0	1.770645e-05	2.241285e-03	1
2	rs2012201	89125131	0	3.480709e-05	1.225146e-03	1
2	rs201630385	90193335	1	5.386356e-06	1.455337e-03	1
2	rs2054751	89128221	0	3.589401e-05	1.281730e-03	1
2	rs2081716	90090190	1	4.318281e-07	2.973589e-05	1
2	rs2245552	89979794	1	1.630360e-07	9.239361e-06	1
2	rs2254060	89433652	0	9.278201e-06	7.738579e-04	1
2	rs2261879	90221658	1	-1.224637e-05	-9.629951e-04	1
2	rs2266598	89432425	0	-3.484373e-06	-1.553814e-04	1
2	rs232181	89153445	0	-1.522116e-05	-1.176901e-03	1
2	rs232184	89151575	0	-6.571648e-06	-4.466729e-04	1
2	rs2386371	89437838	0	-3.873884e-06	-1.981943e-04	1
2	rs2556012	90109448	1	2.113002e-05	3.059156e-03	1
2	rs2556041	89976950	1	3.093964e-05	1.470886e-03	1
2	rs2624391	90267115	1	5.230794e-06	5.446672e-04	1
2	rs2693140	90146629	1	-7.675552e-06	-5.343552e-04	1
2	rs2693240	90106490	1	1.204659e-05	9.958676e-04	1
2	rs2693241	90112036	1	2.156006e-05	2.954736e-03	1
2	rs28425684	89977965	1	3.555406e-05	4.300643e-03	1
2	rs2847917	90007670	1	-3.738832e-05	-1.492666e-03	1
2	rs2847920	90012843	1	-2.927776e-05	-8.733560e-04	1
2	rs2847976	90229606	1	5.216848e-06	4.076965e-04	1
2	rs2848117	89123004	0	-8.287319e-06	-3.331053e-04	1
2	rs2848118	89123184	0	-7.916590e-06	-3.252533e-04	1
2	rs2848198	89425948	0	2.559416e-08	1.210707e-06	1
2	rs2848290	90144566	1	5.230794e-06	5.446671e-04	1
2	rs28510836	89426714	0	-3.484373e-06	-1.553816e-04	1
2	rs28545372	89449747	0	-8.583606e-06	-4.744588e-04	1
2	rs28619269	89494027	0	7.901399e-06	6.747251e-04	1
2	rs28718019	89130663	0	3.296422e-06	2.017280e-04	1
2	rs3016924	89436907	0	-4.312679e-06	-1.875833e-04	1
2	rs34024284	90256937	1	-8.338600e-06	-3.647023e-04	1
2	rs34644049	90245348	1	-1.310483e-05	-1.020284e-03	1
2	rs35030782	90256814	1	-7.739954e-06	-9.829820e-04	1
2	rs35100497	89973867	1	2.799922e-06	1.951063e-04	1
2	rs369040985	89910619	2	1.279268e-05	1.461015e-03	1
2	rs369459424	90129717	2	-6.829814e-06	-4.672675e-04	1
2	rs369477638	90155588	2	5.419084e-06	5.669415e-04	1
2	rs370078474	90148164	1	-7.675552e-06	-5.343552e-04	1
2	rs370778925	90128857	1	-1.170113e-05	-9.274986e-04	1
2	rs370831949	90091714	1	-3.268780e-06	-2.532367e-04	1
2	rs372958752	90151014	1	5.230794e-06	5.446669e-04	1
2	rs374351388	89373244	0	8.727397e-06	7.741803e-04	1
2	rs3749042	89127954	0	5.205425e-05	3.703175e-03	1
2	rs3749044	89128094	0	4.136296e-06	3.040628e-04	1
2	rs376341156	89971909	1	2.799922e-06	1.951058e-04	1
2	rs377098300	90153902	2	-5.310858e-06	-7.798618e-04	1
2	rs378797	89973257	1	4.704765e-07	2.693644e-05	1
2	rs3867037	90075004	1	-1.111472e-07	-8.969537e-06	1
2	rs3899434	90154627	1	5.230794e-06	5.446662e-04	1
2	rs393598	90006109	1	-1.183459e-05	-3.018758e-03	1
2	rs4004200	90221853	1	5.230794e-06	5.446662e-04	1
2	rs55651544	89201892	0	-7.101666e-07	-3.033819e-05	1
2	rs55809330	89447232	0	-1.247033e-06	-5.688270e-05	1
2	rs56066949	89123053	0	-9.027635e-06	-1.324081e-03	1
2	rs56840575	90242155	1	-1.310483e-05	-1.020284e-03	1
2	rs57445471	90035859	1	-1.240637e-05	-2.688821e-03	1
2	rs57535128	89448998	0	-1.840984e-06	-8.355615e-05	1
2	rs58951656	90176162	1	-1.224637e-05	-9.629951e-04	1
2	rs60181909	90258532	1	5.915002e-06	1.548919e-03	1
2	rs60590280	90211923	1	-1.224637e-05	-9.629951e-04	1
2	rs60657553	89441803	0	-4.102145e-06	-1.929152e-04	1
2	rs60869506	89147713	0	-4.901560e-06	-3.408301e-04	1
2	rs61121172	89147888	0	-4.901560e-06	-3.408302e-04	1
2	rs61186040	89122409	0	-9.027635e-06	-1.324081e-03	1
2	rs62158571	90065159	1	-2.089388e-06	-3.795240e-04	1
2	rs6707271	89126216	0	4.005864e-05	1.736836e-03	1
2	rs6715895	90082576	1	1.078460e-05	4.791507e-04	1
2	rs6755300	90176025	1	3.243236e-07	2.963063e-05	1
2	rs6760427	89124998	0	4.021798e-05	2.314911e-03	1
2	rs6760987	90139373	1	5.230794e-06	5.446660e-04	1
2	rs71247324	90175721	1	-1.660679e-05	-2.884856e-03	1
2	rs71251437	90067168	1	7.643308e-06	7.641762e-04	1
2	rs71416357	89431080	0	-7.178033e-06	-4.258672e-04	1
2	rs71416397	90086408	1	-4.704982e-06	-5.894583e-04	1
2	rs71418319	90224163	1	-1.224637e-05	-9.629952e-04	1
2	rs72490093	90011680	1	2.999847e-05	7.201135e-03	1
2	rs72811808	90235530	1	5.230794e-06	5.446660e-04	1
2	rs72847549	89172983	0	8.743141e-06	7.288130e-04	1
2	rs72847552	89175373	0	9.576018e-06	6.830683e-04	1
2	rs72847562	89178117	0	8.743141e-06	7.288130e-04	1
2	rs72847563	89178844	0	8.743141e-06	7.288130e-04	1
2	rs72847564	89183657	0	8.743141e-06	7.288129e-04	1
2	rs72847565	89184311	0	-6.133988e-06	-3.319517e-04	1
2	rs72847566	89184346	0	8.743141e-06	7.288129e-04	1
2	rs72847575	89202822	0	6.529666e-06	4.243120e-04	1
2	rs72847579	89211260	1	1.372694e-05	1.441718e-03	1
2	rs72848909	89233666	0	5.630900e-06	4.292076e-04	1
2	rs72848918	89243183	0	5.630900e-06	4.292076e-04	1
2	rs72848920	89245827	0	1.353587e-05	1.308399e-03	1
2	rs72848922	89247656	0	5.630900e-06	4.292075e-04	1
2	rs72848923	89250315	0	5.630900e-06	4.292075e-04	1
2	rs72848924	89253865	0	5.630900e-06	4.292075e-04	1
2	rs72848928	89262671	0	8.669953e-06	7.326742e-04	1
2	rs72848931	89264515	0	8.669953e-06	7.326742e-04	1
2	rs72848933	89267981	0	-2.267411e-06	-2.546553e-04	1
2	rs72848937	89279947	0	8.669953e-06	7.326742e-04	1
2	rs72848962	89444083	0	-4.102145e-06	-1.929155e-04	1
2	rs72848974	89974400	0	1.956830e-06	1.857413e-04	1
2	rs72848989	90033710	7	-7.341675e-07	-5.690048e-05	1
2	rs72848991	90076823	1	3.222830e-06	2.285513e-04	1
2	rs72848995	90095465	1	6.581845e-06	7.098489e-04	1
2	rs72849001	90115446	1	5.230794e-06	5.446656e-04	1
2	rs72930675	89143493	0	-4.901560e-06	-3.408305e-04	1
2	rs72930683	89148636	0	-1.729502e-05	-1.265925e-03	1
2	rs73954847	89439236	0	-4.102145e-06	-1.929156e-04	1
2	rs73956428	89185945	0	-2.041300e-06	-8.806584e-05	1
2	rs74875650	90103978	1	6.170951e-07	5.209880e-05	1
2	rs75665821	90244426	1	-6.304699e-06	-1.429329e-03	1
2	rs7583495	90067598	1	6.532015e-06	4.806016e-04	1
2	rs7583606	90067717	1	5.950814e-06	4.390313e-04	1
2	rs7583714	90067752	1	4.242746e-06	4.236911e-04	1
2	rs7592154	89133443	0	-2.033751e-05	-1.408769e-03	1
2	rs7596525	90236706	1	5.230794e-06	5.446654e-04	1
2	rs7597304	89990555	1	-7.626581e-06	-6.411872e-04	1
2	rs7599878	90023292	1	4.242746e-06	4.236910e-04	1
2	rs76370475	90241947	1	1.630463e-05	1.297925e-03	1
2	rs76628294	89325821	0	8.197284e-06	6.943896e-04	1
2	rs77673705	89979855	1	1.162886e-06	1.417635e-04	1
2	rs78119177	90255767	1	-1.356939e-05	-1.139399e-03	1
2	rs79256842	89462525	1	1.321102e-05	1.281103e-03	1
2	rs842160	90242076	1	-7.473339e-06	-1.352596e-03	1
2	rs859744	90108416	1	-5.216848e-06	-4.076968e-04	1
2	rs859748	90113410	1	-5.216848e-06	-4.076968e-04	1
2	rs859759	90134392	1	-7.169597e-06	-1.332004e-03	1
2	rs900964	89128628	0	6.197671e-05	4.077135e-02	1
2	rs9653589	89149034	0	-8.529338e-06	-4.824573e-04	1
