chr	rs	ps	n_miss	b	beta	gamma
16	rs10083738	29927702	0	-9.296524e-04	-1.373711e-04	1
16	rs10204	29826538	0	-1.613869e-04	-2.267488e-05	1
16	rs1036696	30682376	0	2.515816e-04	4.789725e-05	1
16	rs10438639	31267698	0	6.026228e-04	8.775876e-05	1
16	rs10445105	29999488	0	-4.446513e-04	-8.597245e-05	1
16	rs1045968	29826365	0	3.177630e-04	4.728086e-05	1
16	rs1046276	30914626	0	-3.766219e-04	-4.824805e-05	1
16	rs1050881	29675928	0	-1.701103e-04	-2.986867e-05	1
16	rs1052352	31195279	0	8.192867e-04	1.147336e-04	1
16	rs1057451	29833488	0	1.853080e-04	2.610766e-05	1
16	rs1057452	29833714	0	1.244161e-04	1.833271e-05	1
16	rs10596	31488916	0	2.790015e-04	3.447793e-05	1
16	rs1060506	31133449	0	2.501178e-04	3.213854e-05	1
16	rs1064524	30492823	0	5.891137e-05	1.060407e-05	1
16	rs10747210	31363253	0	3.974680e-05	4.632584e-06	1
16	rs10782001	30942625	0	-3.726832e-04	-4.593476e-05	1
16	rs10782002	30946506	0	-3.446807e-04	-4.251295e-05	1
16	rs10782004	31363417	0	1.060242e-03	1.768726e-04	1
16	rs10871449	29652488	0	6.366620e-04	8.993170e-05	1
16	rs10871451	29986205	0	-1.959878e-04	-2.411552e-05	1
16	rs10871453	30536918	0	-9.694721e-04	-1.576158e-04	1
16	rs10871454	31048079	0	-2.555841e-04	-3.216906e-05	1
16	rs1106398	31370452	0	1.178437e-03	2.053326e-04	1
16	rs11076	30995528	0	-4.931309e-04	-6.228235e-05	1
16	rs1108431	31054607	0	2.970956e-04	3.753399e-05	1
16	rs111230245	30478891	0	-1.981105e-04	-2.925669e-05	1
16	rs111265045	30373233	0	-6.997297e-04	-1.135903e-04	1
16	rs111332953	31489994	0	2.544126e-04	4.668872e-05	1
16	rs111400675	30829764	0	5.767286e-04	7.393431e-05	1
16	rs11150561	29644794	0	-1.970017e-04	-2.539320e-05	1
16	rs11150563	29662903	0	6.316310e-04	8.518983e-05	1
16	rs11150564	29666736	0	2.292624e-04	2.836019e-05	1
16	rs11150574	29934819	0	-9.296524e-04	-1.373710e-04	1
16	rs11150575	29935066	1	-5.082813e-04	-6.479799e-05	1
16	rs11150576	29965496	0	-5.441445e-04	-7.171511e-05	1
16	rs11150577	29986525	0	-4.847710e-04	-6.310323e-05	1
16	rs11150579	30000330	0	-5.441445e-04	-7.171508e-05	1
16	rs11150580	30014564	0	-4.327316e-04	-5.540118e-05	1
16	rs11150581	30030699	0	-9.067608e-04	-1.390489e-04	1
16	rs11150582	30034127	0	-4.082141e-04	-6.361680e-05	1
16	rs11150583	30034189	0	-4.389611e-04	-5.532398e-05	1
16	rs11150585	30184286	0	3.141340e-04	3.898650e-05	1
16	rs11150586	30420851	0	1.925803e-04	2.493832e-05	1
16	rs11150590	30493881	0	4.879206e-05	5.747043e-06	1
16	rs11150596	30850242	0	7.390446e-04	9.964634e-05	1
16	rs11150599	30897456	0	-8.644867e-04	-1.210138e-04	1
16	rs11150600	30940331	0	-3.726832e-04	-4.593471e-05	1
16	rs11150601	30977799	0	-3.662672e-04	-4.506837e-05	1
16	rs11150606	31099011	0	-5.545912e-04	-1.120192e-04	1
16	rs11150608	31301125	0	1.383051e-03	2.678233e-04	1
16	rs11150610	31334236	0	1.348443e-03	2.572717e-04	1
16	rs11150611	31355657	0	6.057677e-04	8.579165e-05	1
16	rs11150612	31357760	0	1.249105e-03	2.340739e-04	1
16	rs11150614	31366016	0	3.080766e-04	4.098600e-05	1
16	rs11150615	31369803	0	2.666145e-04	3.769846e-05	1
16	rs11150616	31370090	0	5.985518e-04	8.839861e-05	1
16	rs11150617	31372290	0	7.850553e-04	1.145715e-04	1
16	rs11150619	31376849	0	8.942436e-04	1.362574e-04	1
16	rs11150621	31406756	0	-1.665098e-04	-2.094775e-05	1
16	rs11150624	31476458	0	2.790015e-04	3.447792e-05	1
16	rs11150625	31480922	0	-9.789280e-05	-1.286109e-05	1
16	rs11150626	31491982	0	-7.674471e-04	-1.170565e-04	1
16	rs111510548	31476695	0	-7.637585e-04	-1.516588e-04	1
16	rs111555633	30475160	0	-4.218093e-04	-6.976853e-05	1
16	rs111620019	30905359	18	-1.366130e-04	-2.342725e-05	1
16	rs111639166	30636893	0	5.904549e-04	7.797697e-05	1
16	rs111688805	30448522	0	-3.728533e-04	-6.129395e-05	1
16	rs111813229	30595710	0	2.834592e-05	5.417373e-06	1
16	rs111935448	30919807	0	-1.921678e-04	-3.212178e-05	1
16	rs111954099	30789623	0	2.774536e-04	4.626632e-05	1
16	rs112053830	31416586	0	-2.803556e-04	-5.444335e-05	1
16	rs112131656	29764539	0	9.194186e-04	1.597954e-04	1
16	rs112190455	30971437	0	-1.285683e-04	-2.138876e-05	1
16	rs112194055	30120942	0	-8.918644e-05	-1.638529e-05	1
16	rs112201399	29690177	0	-3.962651e-04	-7.535404e-05	1
16	rs112234000	30778808	0	2.953149e-05	4.880882e-06	1
16	rs112265026	29809181	0	7.247951e-05	1.281865e-05	1
16	rs112282032	30826936	0	1.323707e-04	1.757045e-05	1
16	rs112294239	30052868	0	-4.169070e-04	-7.900250e-05	1
16	rs112400041	29669780	0	-7.617601e-05	-1.286788e-05	1
16	rs112414374	30353586	0	-3.122755e-04	-5.233369e-05	1
16	rs112421755	30551685	0	-6.733341e-04	-9.884314e-05	1
16	rs112423560	31435074	0	2.175425e-04	3.968565e-05	1
16	rs112484223	29764728	0	7.624737e-04	1.222683e-04	1
16	rs112533759	30003756	0	-1.656668e-04	-3.048052e-05	1
16	rs112549897	29832950	0	-5.960093e-04	-1.213120e-04	1
16	rs112565029	30102391	0	1.622091e-05	3.018680e-06	1
16	rs112691371	30868216	0	2.953149e-05	4.880884e-06	1
16	rs112750937	30622942	0	-3.047367e-05	-4.875896e-06	1
16	rs112766425	31149755	0	-3.377126e-04	-6.311683e-05	1
16	rs112790372	30898456	0	3.063998e-04	4.294692e-05	1
16	rs112890555	31437041	0	-6.190720e-06	-7.776760e-07	1
16	rs112895789	31405463	0	-1.731435e-04	-2.195841e-05	1
16	rs1129003	30017283	0	2.091503e-04	3.514277e-05	1
16	rs112906665	31040139	0	9.141766e-05	1.110673e-05	1
16	rs1129700	29918034	0	-2.899571e-04	-3.688609e-05	1
16	rs112997245	30010353	0	1.842481e-04	3.056928e-05	1
16	rs113024433	30636808	0	5.322729e-04	6.874972e-05	1
16	rs113072320	30187226	0	-1.970180e-04	-3.194599e-05	1
16	rs113085280	30638004	0	-2.709226e-04	-5.190902e-05	1
16	rs113137773	29753314	0	5.055254e-04	8.135584e-05	1
16	rs113223003	29765012	0	5.758249e-04	9.402805e-05	1
16	rs113303075	30482393	0	-4.088239e-04	-7.729552e-05	1
16	rs1133238	30455458	0	2.271290e-04	4.099072e-05	1
16	rs113376800	29736698	0	6.428934e-04	1.047879e-04	1
16	rs113402744	31457099	0	4.815267e-04	9.560019e-05	1
16	rs11344	29910518	0	1.371058e-04	1.718629e-05	1
16	rs113443718	29892184	0	-2.296506e-04	-3.055228e-05	1
16	rs113448632	30898219	0	3.063998e-04	4.294691e-05	1
16	rs113454775	30809534	0	1.440904e-04	2.388053e-05	1
16	rs1134700	29709777	0	3.092807e-04	4.737587e-05	1
16	rs113478212	29596230	0	-5.869294e-05	-1.112859e-05	1
16	rs1135265	31464078	0	-2.933180e-05	-3.476360e-06	1
16	rs113567606	30839445	0	-3.346412e-04	-5.862701e-05	1
16	rs113592099	29751483	0	7.700870e-04	1.260990e-04	1
16	rs113634117	31453496	0	-2.575542e-04	-3.462635e-05	1
16	rs113646124	31442601	0	2.175425e-04	3.968565e-05	1
16	rs113711475	30497954	0	-3.446391e-04	-6.409737e-05	1
16	rs113711981	30572096	0	-4.459909e-04	-7.582817e-05	1
16	rs113753753	29891206	0	-3.767965e-04	-7.552141e-05	1
16	rs113826909	29747901	0	1.934825e-04	2.898146e-05	1
16	rs113834633	29662778	0	-1.502109e-04	-2.867945e-05	1
16	rs113907898	30514041	0	-4.758510e-04	-9.351852e-05	1
16	rs1140195	31394179	0	-2.312686e-04	-2.892012e-05	1
16	rs1140239	30021402	0	-8.432210e-04	-1.261588e-04	1
16	rs1143678	31343005	0	-6.692023e-05	-9.957974e-06	1
16	rs1143679	31276811	0	-2.500312e-04	-4.031667e-05	1
16	rs1143680	31289396	0	-9.147875e-04	-1.784973e-04	1
16	rs1143682	31336719	0	1.420495e-03	2.988477e-04	1
16	rs1143683	31336888	0	2.433414e-05	3.615562e-06	1
16	rs114588746	30053597	0	-3.379298e-05	-5.781711e-06	1
16	rs115229322	30523908	1	-2.508947e-04	-3.628565e-05	1
16	rs11544328	30037128	0	-4.459484e-04	-5.618766e-05	1
16	rs11546678	29827681	0	-1.095785e-03	-2.726468e-04	1
16	rs115518563	30055603	0	-1.295877e-05	-2.231251e-06	1
16	rs11574550	29673970	0	1.372208e-04	2.219679e-05	1
16	rs11574551	29673995	0	1.391971e-04	2.268334e-05	1
16	rs11574630	31363788	0	9.755145e-04	1.545473e-04	1
16	rs11574631	31363977	0	3.711044e-04	5.025938e-05	1
16	rs11574632	31364053	0	-1.057348e-03	-2.163108e-04	1
16	rs11574635	31368816	0	-7.401507e-04	-1.246529e-04	1
16	rs11574636	31368835	0	2.008656e-04	2.884560e-05	1
16	rs11574637	31368874	0	2.162323e-04	3.086040e-05	1
16	rs11574639	31372081	0	4.894524e-04	6.966828e-05	1
16	rs11574640	31375234	0	2.069351e-04	3.723474e-05	1
16	rs11574646	31392047	0	-1.667851e-04	-2.365031e-05	1
16	rs11574647	31394722	0	-3.249112e-05	-3.935406e-06	1
16	rs11574941	30493000	0	2.984243e-04	4.739644e-05	1
16	rs11574945	30510036	0	3.623364e-04	6.985353e-05	1
16	rs11639622	31272663	0	1.260861e-04	2.354278e-05	1
16	rs11639689	31257918	0	1.260861e-04	2.354278e-05	1
16	rs11639790	31260557	0	3.364567e-04	6.736815e-05	1
16	rs11640148	31421417	0	5.171844e-04	6.768557e-05	1
16	rs11640184	31421437	0	3.286922e-04	4.048694e-05	1
16	rs11640210	30975071	0	-1.285683e-04	-2.138875e-05	1
16	rs11640534	30949515	0	-3.136115e-04	-3.831692e-05	1
16	rs11640767	31060647	0	1.563706e-04	1.927800e-05	1
16	rs11640950	30426001	0	-8.157585e-04	-1.382421e-04	1
16	rs11640957	31060363	0	1.563706e-04	1.927800e-05	1
16	rs11640961	30979818	0	-2.262874e-04	-2.827713e-05	1
16	rs11641202	31330161	0	3.612762e-04	4.411867e-05	1
16	rs11641321	30880319	0	-3.844878e-05	-6.343301e-06	1
16	rs11641624	31268985	0	3.981107e-04	5.305369e-05	1
16	rs11641922	29662638	0	6.142489e-04	8.222460e-05	1
16	rs11642003	31068391	0	2.254526e-04	2.759583e-05	1
16	rs11642046	29993108	0	-2.826025e-04	-3.518202e-05	1
16	rs11642120	31344681	0	3.235667e-04	4.284016e-05	1
16	rs11642192	31082025	0	2.621665e-05	3.117108e-06	1
16	rs11642399	30059593	0	-4.208758e-04	-5.246394e-05	1
16	rs11642430	30045789	0	-9.067608e-04	-1.390487e-04	1
16	rs11642466	30781942	0	7.018069e-05	1.159320e-05	1
16	rs11642535	31126688	0	-3.039614e-06	-4.969982e-07	1
16	rs11642603	30886221	0	-3.844878e-05	-6.343304e-06	1
16	rs11642612	30030195	0	-9.067608e-04	-1.390487e-04	1
16	rs11642632	30667964	0	2.851510e-04	5.417431e-05	1
16	rs11642676	30371655	0	-3.066562e-04	-4.130289e-05	1
16	rs11642733	30969061	0	-2.515591e-04	-4.255557e-05	1
16	rs11642740	30060655	0	-7.188376e-04	-1.021204e-04	1
16	rs11642862	30785824	0	2.368044e-04	3.929188e-05	1
16	rs11642933	29946708	0	-9.497783e-04	-1.424461e-04	1
16	rs11643582	29654705	0	4.443563e-04	5.912868e-05	1
16	rs11643652	30497597	0	-6.171809e-04	-9.227500e-05	1
16	rs11643752	31451699	0	1.714418e-05	2.067220e-06	1
16	rs11644433	30504046	0	-6.024211e-04	-8.898685e-05	1
16	rs11644454	30909872	0	-4.097232e-05	-6.748464e-06	1
16	rs11644459	30095236	0	-4.437998e-04	-5.590211e-05	1
16	rs11645175	30803299	0	1.034412e-04	1.711840e-05	1
16	rs11645367	30770074	0	-2.970790e-05	-4.916858e-06	1
16	rs11645526	31268239	0	-4.238490e-06	-5.332719e-07	1
16	rs11645581	30351624	0	-3.892793e-04	-5.309617e-05	1
16	rs11645653	31312855	0	1.505570e-03	3.741311e-04	1
16	rs11645814	31147262	0	-5.160406e-04	-7.269223e-05	1
16	rs11645917	31359826	0	3.672905e-04	4.485745e-05	1
16	rs11646082	30911950	0	-4.097232e-05	-6.748460e-06	1
16	rs11646118	29926471	0	-1.434528e-04	-2.464679e-05	1
16	rs11646127	29966277	0	-7.245167e-05	-8.862852e-06	1
16	rs11646130	30376959	0	-3.006997e-04	-4.044899e-05	1
16	rs11646911	31483622	0	2.790015e-04	3.447791e-05	1
16	rs11647243	30965308	0	-1.285683e-04	-2.138875e-05	1
16	rs11647246	30528132	0	4.444900e-04	8.305925e-05	1
16	rs11647284	31077335	0	1.642115e-06	1.987212e-07	1
16	rs11647442	31125776	0	2.019240e-05	2.454512e-06	1
16	rs11647697	30872471	0	-4.042473e-04	-5.764227e-05	1
16	rs11647753	29928115	0	-6.402668e-04	-8.588330e-05	1
16	rs11648125	30889653	0	-3.844878e-05	-6.343301e-06	1
16	rs11648675	29780731	0	2.383842e-04	3.043300e-05	1
16	rs11649149	30008644	0	-4.472441e-04	-5.595471e-05	1
16	rs11649274	30026469	0	-6.996781e-04	-9.851221e-05	1
16	rs11649499	29908433	0	7.983653e-04	1.439179e-04	1
16	rs11649612	29946670	0	-9.497783e-04	-1.424460e-04	1
16	rs11649653	30918487	0	-1.988527e-04	-2.515356e-05	1
16	rs116849262	30720376	0	-1.204386e-04	-2.247900e-05	1
16	rs116878064	30063549	0	-1.308231e-04	-2.319914e-05	1
16	rs116922328	29965785	0	-2.582657e-04	-4.623883e-05	1
16	rs116932656	31453941	0	2.844457e-04	5.235667e-05	1
16	rs116943658	31435366	0	-5.951305e-05	-7.527140e-06	1
16	rs116986181	31426757	0	2.437641e-04	4.687983e-05	1
16	rs117075401	29614830	0	-4.490672e-05	-8.130743e-06	1
16	rs117077416	29971913	0	1.606978e-04	2.947373e-05	1
16	rs117106225	30460283	0	1.751414e-04	3.305716e-05	1
16	rs117219760	31142767	0	8.536054e-05	1.621206e-05	1
16	rs117267704	30394926	0	-4.045673e-04	-8.249153e-05	1
16	rs117326446	30980128	0	-6.209761e-05	-1.006271e-05	1
16	rs117369393	30991644	0	-7.814822e-05	-1.510347e-05	1
16	rs117378813	30884458	0	2.679483e-04	5.285703e-05	1
16	rs117383236	29939177	0	-1.121883e-04	-2.003032e-05	1
16	rs117391625	30504932	0	-4.402364e-04	-8.072373e-05	1
16	rs117442264	31152818	0	2.534131e-04	4.985529e-05	1
16	rs117451918	31133793	0	-8.667706e-05	-1.655807e-05	1
16	rs117527829	30106982	0	2.064990e-04	4.006766e-05	1
16	rs117590634	29934113	0	1.597092e-04	2.965935e-05	1
16	rs117602889	31069003	0	-2.919598e-04	-4.259753e-05	1
16	rs117671724	30558484	0	-1.818443e-04	-3.050749e-05	1
16	rs117673009	29971781	0	3.843703e-04	7.604111e-05	1
16	rs117744694	31050285	0	-1.985264e-04	-3.734795e-05	1
16	rs117782601	29613511	0	-1.672744e-04	-2.887159e-05	1
16	rs117800443	31482455	0	-9.605182e-04	-2.335330e-04	1
16	rs117829446	30632657	0	-5.282693e-04	-8.833652e-05	1
16	rs117856672	30638256	0	-4.702526e-05	-9.076091e-06	1
16	rs117865589	30883774	0	-4.578289e-05	-8.782653e-06	1
16	rs117891062	30976129	0	1.531437e-04	2.867057e-05	1
16	rs117910240	30558579	0	-1.555603e-04	-2.607297e-05	1
16	rs117957142	30887482	0	1.577048e-04	2.813998e-05	1
16	rs117984039	30784011	0	9.004427e-05	1.590205e-05	1
16	rs118018900	31203669	0	2.066801e-04	3.832549e-05	1
16	rs118027139	29963812	0	4.064673e-04	7.422639e-05	1
16	rs118058081	29860299	0	-5.253452e-05	-1.007953e-05	1
16	rs118096366	31225777	0	2.042980e-05	3.940876e-06	1
16	rs118154869	30479065	0	3.605281e-04	7.001476e-05	1
16	rs118176746	30877351	0	-1.357296e-04	-2.249707e-05	1
16	rs11859274	31361059	0	3.263533e-04	3.967702e-05	1
16	rs11859300	31355895	0	2.606738e-05	3.863051e-06	1
16	rs11859349	31331202	0	-4.331005e-05	-6.723302e-06	1
16	rs11859569	31465083	0	3.673369e-04	4.637705e-05	1
16	rs11859871	29835440	0	1.853080e-04	2.610770e-05	1
16	rs11860650	31326706	0	-4.331005e-05	-6.723302e-06	1
16	rs11860782	29989739	0	-5.971557e-06	-1.027071e-06	1
16	rs11860935	30080780	0	3.489959e-05	6.004348e-06	1
16	rs11861161	31329954	0	4.367444e-04	6.457109e-05	1
16	rs11861258	31295544	0	2.224632e-04	3.978372e-05	1
16	rs11861842	30094180	0	3.434064e-05	5.882636e-06	1
16	rs11862055	29733712	0	7.173985e-04	1.204133e-04	1
16	rs11862597	30490854	0	-1.981105e-04	-2.925663e-05	1
16	rs11862691	30187851	0	3.067486e-04	4.915261e-05	1
16	rs11862744	31057800	0	1.217903e-04	1.484496e-05	1
16	rs11862806	30364071	0	-1.496133e-05	-1.900457e-06	1
16	rs11862859	30757274	0	5.161288e-04	6.951317e-05	1
16	rs11863083	30100789	0	8.457772e-05	1.431720e-05	1
16	rs11863129	30095492	0	3.434064e-05	5.882633e-06	1
16	rs11863150	30385503	0	-1.519904e-04	-1.935651e-05	1
16	rs11863174	30019375	0	1.082034e-04	1.290764e-05	1
16	rs11863592	31301011	0	-5.850302e-04	-7.934762e-05	1
16	rs11863627	31331160	3	6.794513e-04	9.749853e-05	1
16	rs11863731	29848932	0	3.311222e-04	4.931306e-05	1
16	rs11863734	29848946	0	2.112668e-04	2.983822e-05	1
16	rs11863748	29835588	0	2.334672e-04	3.433445e-05	1
16	rs11863903	31364909	0	-1.057348e-03	-2.163108e-04	1
16	rs11864054	30846134	0	-2.501001e-04	-3.184766e-05	1
16	rs11864149	29999225	0	-5.971557e-06	-1.027074e-06	1
16	rs11864180	29830829	0	3.177630e-04	4.728093e-05	1
16	rs11864253	31461775	0	4.119868e-04	7.939699e-05	1
16	rs11864503	31331137	0	-9.592387e-05	-1.466410e-05	1
16	rs11864541	31331323	0	4.367444e-04	6.457107e-05	1
16	rs11864632	31182455	0	-6.960946e-04	-1.028938e-04	1
16	rs11864642	30084276	0	3.434064e-05	5.882631e-06	1
16	rs11864806	31095204	0	4.758497e-05	5.673939e-06	1
16	rs11864813	31326356	0	-5.052807e-05	-7.685924e-06	1
16	rs11864839	31095251	0	8.768322e-05	1.042593e-05	1
16	rs11865038	31095171	0	2.621665e-05	3.117095e-06	1
16	rs11865499	31132250	0	1.611075e-04	2.040291e-05	1
16	rs11865672	31420430	0	3.286922e-04	4.048693e-05	1
16	rs11865716	30164488	0	5.208994e-04	6.646014e-05	1
16	rs11865746	31326587	0	-4.331005e-05	-6.723315e-06	1
16	rs11865771	31420635	0	4.640054e-04	5.942446e-05	1
16	rs11865830	31271545	0	3.848871e-04	5.134592e-05	1
16	rs11866084	30012922	0	3.256771e-05	5.469147e-06	1
16	rs11867026	30079450	0	3.434064e-05	5.882627e-06	1
16	rs11901	29984070	0	-4.847710e-04	-6.310292e-05	1
16	rs12102320	30178516	0	3.141340e-04	3.898634e-05	1
16	rs12102367	30866781	0	3.167286e-04	4.641791e-05	1
16	rs12102768	31303950	0	1.838220e-05	2.773411e-06	1
16	rs12102776	31166028	0	-2.590513e-04	-3.261364e-05	1
16	rs12102791	31303946	0	2.093016e-04	3.014499e-05	1
16	rs12103025	31301220	0	1.447293e-04	2.171322e-05	1
16	rs12240	31439170	0	-5.224115e-05	-9.156342e-06	1
16	rs12325239	29894662	0	-5.216217e-05	-9.304450e-06	1
16	rs12325400	30023786	0	-7.566063e-04	-1.089390e-04	1
16	rs12325539	30033633	0	-9.142723e-04	-1.408679e-04	1
16	rs12373078	30187676	0	7.893388e-05	9.430880e-06	1
16	rs12373113	30187513	0	7.385466e-06	8.732532e-07	1
16	rs12444108	30027694	0	-7.351867e-04	-1.046106e-04	1
16	rs12444415	30118345	0	3.878934e-05	4.547440e-06	1
16	rs12444660	31422429	0	4.492258e-04	8.426739e-05	1
16	rs12444973	30107285	0	-3.128788e-04	-3.722569e-05	1
16	rs12444978	29924422	0	-8.597810e-04	-1.228314e-04	1
16	rs12445568	31004812	0	-1.191225e-05	-1.490517e-06	1
16	rs12445650	31044897	0	9.141766e-05	1.110670e-05	1
16	rs12445768	30089911	0	-3.803312e-04	-4.729321e-05	1
16	rs12445982	29982484	0	-5.441445e-04	-7.171466e-05	1
16	rs12446288	30388709	0	-9.181783e-05	-1.180198e-05	1
16	rs12446378	30043110	0	-4.459484e-04	-5.618739e-05	1
16	rs12447159	29610670	0	-7.557687e-05	-1.394882e-05	1
16	rs12447415	29682945	0	1.375504e-04	1.743626e-05	1
16	rs12447534	30804257	0	-4.889675e-04	-6.055331e-05	1
16	rs12447833	30390314	0	2.977928e-04	4.004047e-05	1
16	rs12447915	30089908	0	-3.904131e-04	-4.876781e-05	1
16	rs12447930	31023273	0	1.977955e-04	2.415161e-05	1
16	rs12448321	31048280	0	-5.048213e-04	-6.642201e-05	1
16	rs12448769	29672197	0	3.340982e-04	4.207799e-05	1
16	rs12448775	31384648	0	7.146464e-05	1.318802e-05	1
16	rs12596042	29934754	0	-9.575422e-04	-1.437509e-04	1
16	rs12596308	29691196	0	-2.386988e-04	-3.131390e-05	1
16	rs12596543	30029135	0	-1.980459e-04	-2.376683e-05	1
16	rs12596940	29692240	0	-1.828572e-04	-2.509284e-05	1
16	rs12597368	29645078	0	-1.970017e-04	-2.539328e-05	1
16	rs12597511	31145219	0	-5.247578e-04	-6.971913e-05	1
16	rs12598856	30029548	0	-4.591824e-04	-6.056735e-05	1
16	rs12599318	29692414	0	-1.160375e-05	-1.486915e-06	1
16	rs12599614	30466741	0	4.745253e-04	7.478170e-05	1
16	rs12599631	30944248	0	-3.446807e-04	-4.251288e-05	1
16	rs12600286	31360679	0	6.850019e-05	8.080990e-06	1
16	rs12691307	29939877	0	-5.801104e-04	-7.598480e-05	1
16	rs12716972	29936654	0	-5.360167e-04	-6.906535e-05	1
16	rs12716973	29937652	0	-9.342631e-04	-1.379327e-04	1
16	rs12716974	29944832	0	-9.497783e-04	-1.424456e-04	1
16	rs12716975	29950829	0	-1.071253e-03	-1.708323e-04	1
16	rs12716978	30981544	0	-3.662672e-04	-4.506833e-05	1
16	rs12716979	31011821	0	-2.277698e-04	-2.925838e-05	1
16	rs12716981	31118024	0	-4.292451e-04	-5.533660e-05	1
16	rs12716982	31128668	0	-6.488227e-04	-8.826198e-05	1
16	rs12851	30016977	0	1.291977e-05	2.211129e-06	1
16	rs12917712	29882490	0	2.895391e-04	3.784783e-05	1
16	rs12917722	30948397	0	-2.040692e-04	-2.535069e-05	1
16	rs12917874	31287649	0	2.558642e-04	3.919296e-05	1
16	rs12918327	30626616	0	1.151230e-04	1.593678e-05	1
16	rs12918652	29964357	0	-8.253352e-05	-1.012960e-05	1
16	rs12919022	30434509	0	1.412506e-05	2.468495e-06	1
16	rs12919612	29895303	0	3.120435e-04	3.903448e-05	1
16	rs12919683	29943367	0	-9.497783e-04	-1.424455e-04	1
16	rs12920185	30172025	0	3.067486e-04	4.915259e-05	1
16	rs12920597	31304382	0	-2.512762e-04	-4.013430e-05	1
16	rs12920760	29844279	0	3.311222e-04	4.931313e-05	1
16	rs12920772	31012781	0	-4.859833e-04	-6.369626e-05	1
16	rs12920857	30866026	4	-7.510233e-04	-9.936456e-05	1
16	rs12921440	30408765	0	-2.123861e-04	-2.683079e-05	1
16	rs12921723	30351842	1	-3.909420e-04	-5.367297e-05	1
16	rs12921753	30018720	0	-6.552978e-04	-9.140797e-05	1
16	rs12921996	30011618	0	-4.877775e-04	-6.326104e-05	1
16	rs12922100	30129936	0	1.595783e-04	2.891000e-05	1
16	rs12922984	30514470	0	1.251493e-03	2.147456e-04	1
16	rs12923122	31457210	0	-4.110975e-05	-4.873716e-06	1
16	rs12923297	31360944	0	3.263533e-04	3.967703e-05	1
16	rs12923534	30189297	0	2.896469e-04	4.634755e-05	1
16	rs12923573	30514296	0	1.251493e-03	2.147456e-04	1
16	rs12923886	29732022	0	1.805971e-04	3.401629e-05	1
16	rs12924622	30084052	0	-4.437998e-04	-5.590180e-05	1
16	rs12924903	30928970	0	-3.755200e-04	-4.782495e-05	1
16	rs12926100	30169472	0	3.067486e-04	4.915257e-05	1
16	rs12926237	30837596	0	-6.139690e-04	-7.877945e-05	1
16	rs12926295	30890538	0	-8.109096e-04	-1.115932e-04	1
16	rs12927033	29687168	0	-8.909810e-05	-1.168184e-05	1
16	rs12927190	30169393	0	6.158521e-04	8.097444e-05	1
16	rs12928081	30885159	2	-2.773312e-04	-3.734546e-05	1
16	rs12928610	30016022	0	-7.494858e-05	-8.927741e-06	1
16	rs12928725	31283996	0	-8.124551e-05	-1.260646e-05	1
16	rs12928754	29679989	0	-6.885855e-05	-8.755246e-06	1
16	rs12928810	31311715	0	1.447293e-04	2.171319e-05	1
16	rs12928852	30943988	0	-3.660490e-04	-4.518956e-05	1
16	rs12929007	30929696	0	-4.615920e-04	-6.685516e-05	1
16	rs12929065	30873881	0	-3.828790e-04	-5.432859e-05	1
16	rs12929077	31232489	0	-1.782086e-04	-2.177894e-05	1
16	rs12929333	29680389	0	-7.092983e-04	-1.062695e-04	1
16	rs12929826	29717884	0	-8.893800e-04	-1.510712e-04	1
16	rs12930239	29908777	0	5.193729e-04	6.875410e-05	1
16	rs12930545	30938811	0	-3.726832e-04	-4.593460e-05	1
16	rs12930621	31454952	0	9.413132e-05	1.116847e-05	1
16	rs12930657	30931968	0	-4.176834e-04	-5.184611e-05	1
16	rs12930787	30381303	0	-1.649125e-04	-2.180130e-05	1
16	rs12930944	30874075	0	-3.828790e-04	-5.432858e-05	1
16	rs12931046	30987144	0	-2.399855e-04	-2.901066e-05	1
16	rs12931096	30874201	0	-4.042473e-04	-5.764222e-05	1
16	rs12931955	30013066	0	-1.840468e-04	-2.199717e-05	1
16	rs12932023	29715852	0	2.658207e-04	5.004325e-05	1
16	rs12932310	29846133	0	2.627823e-04	3.910881e-05	1
16	rs12932429	31403145	0	3.877636e-04	7.345719e-05	1
16	rs12932680	29689845	0	-5.226330e-04	-9.470875e-05	1
16	rs12932691	29846729	0	1.376699e-04	2.030652e-05	1
16	rs12932957	29680256	0	-6.885855e-05	-8.755246e-06	1
16	rs12933498	29943459	0	-1.040896e-03	-1.638456e-04	1
16	rs12933548	29790709	0	-8.773082e-04	-1.829631e-04	1
16	rs12933575	30022564	0	-1.983846e-04	-2.395626e-05	1
16	rs12933766	29922011	0	-2.760712e-04	-3.495483e-05	1
16	rs12934418	31042299	0	-2.555841e-04	-3.216903e-05	1
16	rs12934900	30923602	0	-6.162733e-04	-7.890388e-05	1
16	rs12935156	31270172	0	-2.198638e-04	-3.495858e-05	1
16	rs12935192	31359330	0	3.894616e-04	4.795688e-05	1
16	rs12935265	29931028	0	-4.509872e-04	-9.239789e-05	1
16	rs12935500	30174984	0	3.067486e-04	4.915256e-05	1
16	rs12935701	30026748	0	-9.680031e-04	-1.527135e-04	1
16	rs12935834	29764461	1	-1.093342e-03	-2.096143e-04	1
16	rs13143	31489033	0	-5.057824e-04	-7.062715e-05	1
16	rs13331733	29848417	0	3.311222e-04	4.931315e-05	1
16	rs13331798	29747291	0	4.854765e-04	7.381141e-05	1
16	rs13331817	30172627	0	6.158521e-04	8.097437e-05	1
16	rs13332078	29850705	0	2.667323e-04	3.931908e-05	1
16	rs13332167	30557226	0	-7.941977e-04	-1.321276e-04	1
16	rs13332660	29905882	0	7.983653e-04	1.439178e-04	1
16	rs13333093	30407269	0	-2.123861e-04	-2.683082e-05	1
16	rs13333997	31181111	0	-5.882356e-04	-8.384303e-05	1
16	rs13334660	30178281	0	3.067486e-04	4.915255e-05	1
16	rs13335021	29746830	0	5.265663e-04	8.097554e-05	1
16	rs13336235	31370765	0	-8.605423e-04	-1.535616e-04	1
16	rs13336347	30951566	0	-3.761712e-05	-4.656813e-06	1
16	rs13337037	31478711	0	-4.554884e-04	-6.307462e-05	1
16	rs13337900	30822409	0	5.883268e-04	7.562467e-05	1
16	rs13338069	31299474	0	2.560022e-05	3.965529e-06	1
16	rs13338912	29760347	0	9.447836e-04	1.653832e-04	1
16	rs13338928	31339903	0	-4.314779e-04	-6.456169e-05	1
16	rs13338946	30700858	0	2.189293e-04	2.932167e-05	1
16	rs13708	31000809	0	-3.904685e-04	-4.813003e-05	1
16	rs137959928	30434035	0	1.047711e-04	1.980618e-05	1
16	rs137993956	29913708	0	1.120236e-04	2.118824e-05	1
16	rs138211469	29735979	0	3.823043e-04	5.888960e-05	1
16	rs138213568	30930652	1	-5.964570e-04	-9.275304e-05	1
16	rs138258116	31370246	0	8.035683e-04	1.194816e-04	1
16	rs138425427	30591862	0	-4.344491e-04	-7.059373e-05	1
16	rs138447338	30513485	0	-2.850656e-04	-4.977094e-05	1
16	rs138599723	29732960	0	3.836800e-04	5.925585e-05	1
16	rs138729861	30399088	0	-6.591692e-05	-1.201184e-05	1
16	rs138755187	29763892	0	5.883297e-04	1.162465e-04	1
16	rs138825134	29613456	0	-1.672744e-04	-2.887155e-05	1
16	rs138850578	29736312	6	3.079842e-04	4.745210e-05	1
16	rs139053518	30504631	0	-2.311726e-04	-4.361248e-05	1
16	rs139356318	30048461	0	4.308564e-04	7.958679e-05	1
16	rs139904690	29667021	0	-3.413167e-05	-6.340849e-06	1
16	rs140615691	31291060	0	2.560022e-05	3.965529e-06	1
16	rs140646207	30469481	0	1.751414e-04	3.305714e-05	1
16	rs140775682	31290557	0	1.838220e-05	2.773363e-06	1
16	rs140785784	29714172	1	4.190352e-04	6.538585e-05	1
16	rs140820592	31021880	8	1.186109e-04	1.409602e-05	1
16	rs141305120	30120522	0	-1.526461e-04	-2.582962e-05	1
16	rs141391708	30979999	0	-1.285683e-04	-2.138877e-05	1
16	rs141436390	29826014	0	-6.355550e-05	-1.198935e-05	1
16	rs141659187	30729739	0	3.246080e-04	6.151536e-05	1
16	rs141764869	31354611	0	3.473750e-04	4.931826e-05	1
16	rs141887189	31423876	0	2.437641e-04	4.687983e-05	1
16	rs141926311	31053185	0	-4.182790e-04	-6.252814e-05	1
16	rs142086495	29958635	0	4.061020e-04	7.989192e-05	1
16	rs142098164	29922723	0	-2.901409e-04	-5.749042e-05	1
16	rs142125746	29606607	0	-7.557687e-05	-1.394884e-05	1
16	rs142166536	30930613	0	-4.174427e-04	-6.115062e-05	1
16	rs14235	31121793	0	-3.077796e-04	-3.900843e-05	1
16	rs142376949	31475864	0	9.169185e-05	1.752223e-05	1
16	rs142711568	30945223	0	-1.678071e-04	-3.135695e-05	1
16	rs142718941	30478759	0	-1.951299e-04	-3.724251e-05	1
16	rs143249661	30016820	0	1.152552e-04	2.160837e-05	1
16	rs143662876	29753188	0	1.252967e-04	2.194730e-05	1
16	rs143840454	29791575	0	1.804935e-04	3.380567e-05	1
16	rs143893157	29760427	0	6.011899e-04	9.895207e-05	1
16	rs144237376	30426319	0	-1.009861e-04	-1.826350e-05	1
16	rs144445645	30930561	0	-4.174427e-04	-6.115062e-05	1
16	rs144607906	31266579	0	-1.824859e-04	-3.529041e-05	1
16	rs144637766	29661941	0	-9.407631e-05	-1.742850e-05	1
16	rs144721815	29760405	0	-1.445637e-04	-2.719684e-05	1
16	rs144865761	30350114	0	-1.616904e-04	-2.932749e-05	1
16	rs144912130	31275393	0	-5.234662e-04	-8.780790e-05	1
16	rs145037259	29613205	0	-5.364875e-06	-9.717354e-07	1
16	rs145079417	31053065	1	-4.676299e-04	-7.102622e-05	1
16	rs145223727	29631927	0	-2.780264e-05	-5.069184e-06	1
16	rs145338730	29631150	0	-5.869294e-05	-1.112855e-05	1
16	rs145631601	29613904	0	-1.672744e-04	-2.887155e-05	1
16	rs1458201	30916129	0	1.408105e-04	1.925184e-05	1
16	rs1458202	30953202	0	-3.726832e-04	-4.593453e-05	1
16	rs145832035	29733357	0	3.823043e-04	5.888959e-05	1
16	rs145891982	31319502	0	5.756234e-05	1.072957e-05	1
16	rs146585275	29559005	11	-2.326311e-04	-4.219916e-05	1
16	rs146772260	29713946	0	2.077230e-05	3.970922e-06	1
16	rs146938894	31362769	0	1.666618e-04	3.116301e-05	1
16	rs147278356	29750550	0	4.617329e-04	7.332857e-05	1
16	rs147553474	30050605	0	1.324060e-04	2.373669e-05	1
16	rs147882703	31352806	0	2.165482e-04	3.147280e-05	1
16	rs147901631	30941160	0	-4.610342e-04	-6.874370e-05	1
16	rs147939153	31385384	0	-7.745935e-05	-1.470267e-05	1
16	rs148119987	31048858	0	-3.772246e-04	-5.590327e-05	1
16	rs148319768	29954615	0	-1.146467e-04	-2.057513e-05	1
16	rs148603263	30554096	0	-1.160011e-04	-2.201413e-05	1
16	rs148639118	30127786	0	-3.392778e-04	-6.755770e-05	1
16	rs148702283	30652427	1	-1.945927e-05	-3.266046e-06	1
16	rs148776955	30458271	0	-1.354271e-07	-2.473944e-08	1
16	rs148788997	30323168	0	2.398768e-04	3.981647e-05	1
16	rs149201347	29741932	1	8.261232e-04	1.576852e-04	1
16	rs149604995	31132633	0	-1.985264e-04	-3.734788e-05	1
16	rs149689856	30552187	0	-2.662252e-04	-4.555954e-05	1
16	rs150319029	31027969	0	-3.034617e-04	-4.405992e-05	1
16	rs150458589	30693135	0	-1.243728e-04	-2.055511e-05	1
16	rs150509203	29705064	0	8.944418e-05	1.616570e-05	1
16	rs150773264	30120692	0	-8.480308e-05	-1.419399e-05	1
16	rs150845792	29789489	0	1.393050e-04	2.672681e-05	1
16	rs151035219	30144009	0	1.647710e-04	3.151127e-05	1
16	rs151069962	31470886	0	-3.273675e-05	-5.743835e-06	1
16	rs151235673	30104843	0	-2.868379e-05	-5.498972e-06	1
16	rs151288592	31319756	0	-1.029214e-03	-2.235400e-04	1
16	rs1549293	31141993	0	-3.441348e-04	-4.384265e-05	1
16	rs1549299	31154146	0	-7.730513e-04	-1.071090e-04	1
16	rs1633805	29724394	0	-9.531753e-04	-1.716882e-04	1
16	rs1633810	29721864	0	-1.032858e-03	-1.906599e-04	1
16	rs170978	29743033	0	-8.581947e-04	-1.463436e-04	1
16	rs17640225	29713066	0	2.525827e-04	3.826967e-05	1
16	rs17641579	31392384	0	1.446904e-05	2.684507e-06	1
16	rs17641608	31396361	0	2.244620e-04	4.109361e-05	1
16	rs17708472	31105353	0	-2.919598e-04	-4.259737e-05	1
16	rs17708840	31396140	0	1.930584e-04	2.913930e-05	1
16	rs17708876	31398466	0	8.513071e-05	1.273510e-05	1
16	rs17790434	30520856	0	-5.111188e-04	-7.475777e-05	1
16	rs17790906	30569659	0	-1.938924e-04	-3.276460e-05	1
16	rs17839544	30491783	0	-3.090908e-04	-4.992087e-05	1
16	rs17839548	30564526	0	1.679998e-04	2.938017e-05	1
16	rs17839551	30363382	0	-6.850577e-04	-1.105243e-04	1
16	rs17839567	31057945	0	1.217903e-04	1.484479e-05	1
16	rs17839568	31099783	0	3.629850e-05	4.306742e-06	1
16	rs17842265	29653752	0	9.792089e-05	1.844929e-05	1
16	rs17842268	29684180	0	3.038802e-04	3.916365e-05	1
16	rs17849880	30999198	0	-1.702406e-04	-2.864834e-05	1
16	rs17850402	30566747	0	-3.707232e-04	-6.194059e-05	1
16	rs17855606	31142271	0	-4.818718e-04	-6.754252e-05	1
16	rs17880887	31110501	0	-4.405697e-04	-6.086310e-05	1
16	rs17881535	31108709	0	-2.919598e-04	-4.259735e-05	1
16	rs17886790	31100896	0	1.598205e-04	3.028310e-05	1
16	rs180394	29715032	0	-6.305563e-04	-9.988555e-05	1
16	rs180701530	29609315	0	-2.102113e-04	-3.663368e-05	1
16	rs1808430	31258993	0	6.193887e-04	8.559660e-05	1
16	rs181522608	30062856	0	2.178884e-04	4.148624e-05	1
16	rs182339188	30781511	0	-3.832070e-04	-7.380153e-05	1
16	rs182536497	31069252	0	-1.184043e-04	-2.232893e-05	1
16	rs183186934	29606753	0	-3.942405e-05	-7.015165e-06	1
16	rs186014137	30725355	0	-1.699554e-05	-3.000265e-06	1
16	rs1870293	30970941	0	-3.415527e-04	-4.329798e-05	1
16	rs188304685	29939689	0	-2.901409e-04	-5.749041e-05	1
16	rs188708252	29881170	0	-9.236089e-06	-1.757380e-06	1
16	rs188899883	29624668	0	-3.164885e-05	-5.720495e-06	1
16	rs189757140	30180490	11	4.026930e-04	4.841835e-05	1
16	rs190159352	31195965	0	2.681450e-05	4.939171e-06	1
16	rs190969236	31439313	5	2.322109e-04	4.179730e-05	1
16	rs191825667	30801184	0	2.368044e-04	3.929183e-05	1
16	rs192537440	29619215	0	1.499086e-05	2.840091e-06	1
16	rs1978485	31131121	0	-3.571809e-05	-4.340861e-06	1
16	rs1978487	31129942	0	-3.571809e-05	-4.340860e-06	1
16	rs1985680	30123216	0	-2.021574e-04	-3.388583e-05	1
16	rs199859689	29626836	1	1.223950e-04	2.240321e-05	1
16	rs201231582	31352426	0	4.485233e-04	5.551911e-05	1
16	rs201555010	29562640	1	-9.739105e-05	-1.785670e-05	1
16	rs201918052	30772988	0	1.747058e-04	3.325951e-05	1
16	rs2020407	29623593	0	1.163546e-04	2.128666e-05	1
16	rs2032915	31117413	0	-4.703684e-04	-6.126082e-05	1
16	rs2054213	30971810	0	-3.515331e-04	-4.314322e-05	1
16	rs2054214	30971442	0	-3.724425e-04	-5.432784e-05	1
16	rs2083237	30175509	0	1.498191e-05	1.777790e-06	1
16	rs2125293	30863875	0	-3.237392e-04	-4.541470e-05	1
16	rs2168834	30863847	0	-3.901632e-04	-5.543242e-05	1
16	rs2199036	31006972	0	1.158505e-04	1.443564e-05	1
16	rs2230424	31367318	0	-1.039138e-03	-2.294232e-04	1
16	rs2230428	31371674	0	-9.661587e-04	-1.845565e-04	1
16	rs2230429	31374535	0	8.537853e-04	1.281265e-04	1
16	rs2230433	30518041	0	-3.895574e-04	-5.195998e-05	1
16	rs2230434	30518096	0	-7.198657e-04	-1.382351e-04	1
16	rs2278557	30093779	0	-9.106894e-04	-1.413952e-04	1
16	rs2288004	31054040	0	-3.871314e-04	-4.975731e-05	1
16	rs2288005	31227908	0	7.479450e-04	1.010605e-04	1
16	rs2289442	30739919	0	2.993460e-04	4.054256e-05	1
16	rs2303222	31085470	0	-3.866343e-04	-4.963143e-05	1
16	rs2303223	31075175	0	-5.043242e-04	-6.629222e-05	1
16	rs2303255	29706444	0	2.546710e-04	3.859806e-05	1
16	rs2305880	30999462	0	-3.691002e-04	-4.543982e-05	1
16	rs2305884	30970741	0	-3.729015e-04	-4.581425e-05	1
16	rs235630	29743018	0	-8.581947e-04	-1.463435e-04	1
16	rs235631	29743529	0	-8.880618e-04	-1.547500e-04	1
16	rs235659	29788919	0	5.923052e-05	6.879677e-06	1
16	rs235663	29748325	0	-6.156039e-04	-1.022177e-04	1
16	rs2359612	31103796	0	5.815605e-05	7.240894e-06	1
16	rs2359674	31083243	0	-3.213121e-04	-4.714871e-05	1
16	rs2454907	31404502	0	2.291993e-05	3.561887e-06	1
16	rs2454909	31410948	0	2.291993e-05	3.561886e-06	1
16	rs2454911	31406670	0	2.291993e-05	3.561886e-06	1
16	rs2472050	31407528	0	-3.627905e-04	-5.469198e-05	1
16	rs2549974	29641013	0	1.118213e-05	1.425518e-06	1
16	rs2735393	31196105	0	-6.055255e-04	-8.711284e-05	1
16	rs28360556	30929167	0	-3.054862e-04	-4.025731e-05	1
16	rs28360557	30983260	0	-3.448989e-04	-4.239711e-05	1
16	rs28372932	31339625	0	1.133943e-03	1.974576e-04	1
16	rs28385574	31158647	0	1.159748e-04	1.878191e-05	1
16	rs28421305	30838128	0	2.383118e-04	3.138790e-05	1
16	rs28490313	29640683	0	-2.172700e-04	-2.812948e-05	1
16	rs28517865	29914142	0	-2.710337e-04	-3.426509e-05	1
16	rs2855475	31147548	0	-3.564905e-04	-4.555772e-05	1
16	rs28599680	29860685	0	3.224600e-04	4.794543e-05	1
16	rs28641848	31455117	0	-3.060897e-04	-4.107557e-05	1
16	rs28663614	29659786	0	-5.099241e-05	-8.604799e-06	1
16	rs28675289	31463252	0	3.908321e-04	7.334795e-05	1
16	rs28677987	31397942	0	-3.917331e-05	-4.767435e-06	1
16	rs28708641	30507972	0	4.298533e-04	5.343865e-05	1
16	rs28709291	30083912	0	3.434064e-05	5.882553e-06	1
16	rs28725459	31132662	0	2.501178e-04	3.213838e-05	1
16	rs2878304	30878366	0	-4.741644e-04	-6.878032e-05	1
16	rs28814987	31081460	0	1.577640e-04	1.921123e-05	1
16	rs28841118	30630226	0	5.003886e-04	6.396483e-05	1
16	rs2884737	31105554	0	3.599001e-04	5.082128e-05	1
16	rs2884738	31126321	0	4.049842e-04	5.347960e-05	1
16	rs28853644	30801027	0	5.807935e-05	7.554618e-06	1
16	rs28877870	30168682	0	3.068885e-04	4.926078e-05	1
16	rs2887799	30163833	0	-3.957459e-05	-4.755014e-06	1
16	rs2919426	30660700	0	5.154535e-04	6.555048e-05	1
16	rs2927728	29646905	0	-4.170937e-05	-5.345321e-06	1
16	rs2929	31393308	0	2.466628e-04	3.355927e-05	1
16	rs3087438	30500761	0	3.460053e-04	4.243218e-05	1
16	rs3087439	30505821	0	-3.218823e-04	-5.685894e-05	1
16	rs3087443	30522152	0	-5.898847e-04	-8.840202e-05	1
16	rs3087796	31343653	0	7.365946e-04	1.114899e-04	1
16	rs34049928	29983015	0	9.257758e-05	1.713751e-05	1
16	rs34072967	31317977	0	-4.839345e-04	-6.383130e-05	1
16	rs34081766	31489741	0	-7.141248e-04	-1.066295e-04	1
16	rs34082782	31282970	0	-6.307306e-05	-9.722070e-06	1
16	rs34127220	29842891	0	3.311222e-04	4.931313e-05	1
16	rs34166377	30183041	0	3.067486e-04	4.915250e-05	1
16	rs34205348	29668898	0	5.849058e-04	7.788487e-05	1
16	rs34222852	29859627	0	1.858273e-04	2.759853e-05	1
16	rs34245571	31296118	0	9.094707e-05	1.708015e-05	1
16	rs34261613	30430628	0	1.199975e-04	2.115692e-05	1
16	rs34286592	29820480	0	1.805179e-04	2.692256e-05	1
16	rs34454770	31005567	0	1.029668e-04	1.302690e-05	1
16	rs34480360	30798689	0	3.003469e-04	4.115545e-05	1
16	rs34499019	30501609	0	-6.527536e-04	-9.808868e-05	1
16	rs34550882	31274875	0	-4.079337e-04	-6.589700e-05	1
16	rs34564246	30135798	0	1.636746e-04	2.958962e-05	1
16	rs34572943	31272353	0	-1.975631e-04	-3.153730e-05	1
16	rs34594027	31318314	0	-4.839345e-04	-6.383130e-05	1
16	rs34596480	29863620	0	-3.927593e-04	-7.931180e-05	1
16	rs34640030	30888012	0	-9.820315e-05	-1.877455e-05	1
16	rs34649473	31066538	1	-3.541490e-04	-4.473952e-05	1
16	rs34710374	29675855	0	-1.458496e-04	-2.816837e-05	1
16	rs34714403	29842547	0	2.468264e-04	3.630695e-05	1
16	rs34767000	31330270	0	4.367444e-04	6.457089e-05	1
16	rs34840035	30871515	0	-4.042473e-04	-5.764213e-05	1
16	rs34843513	30409241	0	1.844841e-04	3.466679e-05	1
16	rs34873012	30945861	0	-3.446807e-04	-4.251265e-05	1
16	rs34876189	30332203	0	-2.446050e-04	-4.494731e-05	1
16	rs34876239	30498824	0	1.342074e-04	1.597337e-05	1
16	rs34898535	31025641	0	-1.866738e-04	-2.333589e-05	1
16	rs34927056	31317427	0	-4.839345e-04	-6.383131e-05	1
16	rs35042042	29871730	0	-2.461873e-04	-3.808579e-05	1
16	rs35045843	31070781	0	-3.589150e-04	-6.162282e-05	1
16	rs35069260	30502558	0	-4.548220e-04	-7.714336e-05	1
16	rs35089016	30192359	0	5.721564e-04	1.023533e-04	1
16	rs35105141	30057148	0	-9.067608e-04	-1.390478e-04	1
16	rs35262362	30507196	0	2.760545e-04	5.231552e-05	1
16	rs35314490	31283164	0	-6.896442e-05	-1.056393e-05	1
16	rs35345720	29933603	0	2.990765e-04	5.494973e-05	1
16	rs35351013	31069854	0	-5.043242e-04	-6.629218e-05	1
16	rs35383035	31323572	0	2.560022e-05	3.965507e-06	1
16	rs35456265	31270617	0	9.094707e-05	1.708015e-05	1
16	rs35466388	31314599	0	-4.839345e-04	-6.383131e-05	1
16	rs35467921	30048553	0	-7.188376e-04	-1.021196e-04	1
16	rs35468353	31056433	0	1.217903e-04	1.484473e-05	1
16	rs35472514	31283323	0	-1.967780e-04	-3.115552e-05	1
16	rs35478648	30054613	0	-1.960045e-04	-3.418968e-05	1
16	rs35480350	30366039	0	-3.066562e-04	-4.130258e-05	1
16	rs35605010	30033428	0	-3.903463e-04	-4.841355e-05	1
16	rs35629860	30671532	0	3.739741e-04	5.253511e-05	1
16	rs35675346	30936081	0	2.251973e-04	3.046075e-05	1
16	rs35695082	30792389	0	-4.028824e-05	-6.086456e-06	1
16	rs35713203	31090407	0	1.642115e-06	1.986259e-07	1
16	rs35733741	30945887	0	-2.040692e-04	-2.535059e-05	1
16	rs3574	30411382	0	1.468222e-04	1.879532e-05	1
16	rs35822450	30498783	0	4.215538e-04	5.225846e-05	1
16	rs35900366	30199584	0	2.154287e-04	3.450677e-05	1
16	rs35901559	29829615	0	3.177630e-04	4.728101e-05	1
16	rs35923277	31473275	0	2.521914e-04	4.649711e-05	1
16	rs35961830	31032317	0	1.868621e-04	2.275741e-05	1
16	rs35968985	30516531	0	4.191906e-04	8.031020e-05	1
16	rs35969813	30714417	0	4.310749e-04	6.159572e-05	1
16	rs35983149	30174024	0	3.067486e-04	4.915249e-05	1
16	rs36001237	31318257	0	1.838220e-05	2.773331e-06	1
16	rs36055763	31299775	0	-1.488030e-04	-2.332260e-05	1
16	rs36064568	30646970	0	5.310269e-04	6.858608e-05	1
16	rs36069862	30186202	0	3.067486e-04	4.915248e-05	1
16	rs36100148	31345023	0	3.930989e-04	4.823893e-05	1
16	rs371085	29730246	0	-6.264820e-04	-1.022954e-04	1
16	rs373528142	29569181	2	-1.162956e-04	-2.143042e-05	1
16	rs3747481	30666367	0	3.222251e-04	4.356569e-05	1
16	rs3747486	30786927	0	4.311061e-04	5.682003e-05	1
16	rs3751855	31091209	0	4.758497e-05	5.673691e-06	1
16	rs3759987	29673903	0	1.372208e-04	2.219665e-05	1
16	rs3764275	29672982	0	1.682056e-04	2.724567e-05	1
16	rs3764323	31216779	0	-1.811886e-04	-2.266656e-05	1
16	rs3764326	31190538	0	-1.549738e-04	-2.996016e-05	1
16	rs3764327	31273129	0	2.442696e-04	3.216004e-05	1
16	rs3766	30368591	0	-8.191887e-04	-1.400336e-04	1
16	rs3809627	30103160	0	4.968094e-04	6.449306e-05	1
16	rs3812999	30773605	0	5.694511e-04	7.776910e-05	1
16	rs3813002	31470540	0	-2.011897e-04	-2.653641e-05	1
16	rs3813020	30934075	0	-4.176834e-04	-5.184589e-05	1
16	rs3814877	30042677	0	-3.945351e-04	-5.062518e-05	1
16	rs3814878	30041966	0	-2.807617e-04	-3.379575e-05	1
16	rs3814880	30017895	0	-4.575298e-04	-5.890035e-05	1
16	rs3814884	29994736	0	-5.382531e-04	-7.072009e-05	1
16	rs3815801	31276937	0	5.441639e-04	7.486693e-05	1
16	rs3815824	29852860	0	2.970950e-04	4.423901e-05	1
16	rs3862476	29687360	0	1.789515e-05	3.066841e-06	1
16	rs3924855	29954955	0	-6.711390e-04	-9.103622e-05	1
16	rs3925074	31347807	0	3.892196e-04	4.793968e-05	1
16	rs3925075	31347748	0	3.892196e-04	4.793968e-05	1
16	rs3935873	30018500	0	-5.441445e-04	-7.171416e-05	1
16	rs3976455	29861447	0	3.224600e-04	4.794545e-05	1
16	rs402720	29762882	0	-1.229514e-03	-2.524204e-04	1
16	rs4075052	31348233	0	7.365946e-04	1.114898e-04	1
16	rs4077410	29998200	0	7.129401e-05	8.494768e-06	1
16	rs4077810	31340909	0	6.102475e-04	8.830372e-05	1
16	rs41280854	30064471	0	-2.551156e-04	-4.672091e-05	1
16	rs41292378	30390677	0	2.301316e-04	4.311044e-05	1
16	rs41370044	31289127	0	-9.147875e-04	-1.784972e-04	1
16	rs41440449	31337677	0	1.133943e-03	1.974575e-04	1
16	rs41476751	31335906	0	4.314404e-04	6.186616e-05	1
16	rs41477949	31287427	0	-4.029338e-04	-5.252387e-05	1
16	rs423096	29730626	0	-8.493964e-04	-1.490912e-04	1
16	rs4232893	30423751	0	-7.379340e-04	-1.301213e-04	1
16	rs4238959	30038647	0	-4.379827e-04	-5.489419e-05	1
16	rs4238961	30380486	0	2.430057e-04	3.037146e-05	1
16	rs4243232	30514723	0	1.243193e-03	2.126739e-04	1
16	rs4243236	31467444	0	1.142979e-04	2.061019e-05	1
16	rs4247355	30392099	0	6.657965e-05	8.772283e-06	1
16	rs4262961	31474418	0	1.378262e-04	2.198666e-05	1
16	rs4264407	31371193	0	3.563097e-04	6.409463e-05	1
16	rs4280256	31349476	0	3.892196e-04	4.793965e-05	1
16	rs4281737	29642392	0	-2.723442e-04	-3.538414e-05	1
16	rs4283241	29988349	0	-2.395316e-05	-2.918047e-06	1
16	rs4290486	30890145	0	-8.109096e-04	-1.115928e-04	1
16	rs4312323	31435677	0	-1.898864e-04	-3.571111e-05	1
16	rs4313820	31480318	0	2.220732e-04	2.728717e-05	1
16	rs4318227	29984839	0	-4.847710e-04	-6.310229e-05	1
16	rs4340343	30404484	0	-5.308042e-05	-6.667262e-06	1
16	rs4341759	30514103	0	-1.752392e-04	-2.102960e-05	1
16	rs4344767	30165139	0	3.010840e-04	3.673325e-05	1
16	rs4359460	31349321	0	6.102475e-04	8.830368e-05	1
16	rs4362405	31474505	0	1.378262e-04	2.198666e-05	1
16	rs4402589	29954654	0	-6.730070e-04	-9.091074e-05	1
16	rs4404083	31136085	0	5.953734e-05	7.779826e-06	1
16	rs4407079	29931899	0	-9.296524e-04	-1.373694e-04	1
16	rs4411512	31347445	0	3.892196e-04	4.793964e-05	1
16	rs4420550	29938820	0	-5.460985e-04	-7.070230e-05	1
16	rs4424923	29939293	0	-5.360167e-04	-6.906483e-05	1
16	rs4448960	31349404	0	4.638874e-04	5.846485e-05	1
16	rs4450409	31349576	0	3.892196e-04	4.793963e-05	1
16	rs4459557	31361643	0	2.005962e-04	2.605376e-05	1
16	rs4468641	31096876	0	1.597632e-04	1.912939e-05	1
16	rs4485386	30636611	0	5.322729e-04	6.874944e-05	1
16	rs4493054	31361988	0	3.606695e-04	4.834634e-05	1
16	rs4496161	31223876	0	7.371304e-04	9.971866e-05	1
16	rs4500754	30376691	0	-3.197232e-04	-5.290937e-05	1
16	rs4502227	30980054	0	-3.448989e-04	-4.239705e-05	1
16	rs4506917	31347350	0	3.892196e-04	4.793961e-05	1
16	rs4522435	31361923	0	4.400808e-04	8.181221e-05	1
16	rs4525506	31349501	0	3.892196e-04	4.793961e-05	1
16	rs4527034	31131614	0	-1.847273e-04	-2.300992e-05	1
16	rs4527039	29946945	0	-5.515319e-04	-7.177344e-05	1
16	rs45599534	31094861	0	-2.919598e-04	-4.259725e-05	1
16	rs45612043	31484598	0	2.615777e-04	4.881123e-05	1
16	rs4561481	31259553	0	6.193887e-04	8.559643e-05	1
16	rs45619735	31143993	0	-4.651191e-04	-6.495406e-05	1
16	rs45625038	31418975	0	-7.854228e-06	-1.457725e-06	1
16	rs4563056	29698606	0	-4.321903e-05	-6.226966e-06	1
16	rs4583255	29988941	0	-5.441445e-04	-7.171401e-05	1
16	rs4594268	31343243	0	7.365946e-04	1.114897e-04	1
16	rs4597342	31343769	0	7.365946e-04	1.114897e-04	1
16	rs4598924	30514138	0	-1.625973e-04	-2.990651e-05	1
16	rs4608351	31348848	0	7.365946e-04	1.114896e-04	1
16	rs4609871	29932064	0	-5.314059e-04	-6.848298e-05	1
16	rs4616297	30730679	0	3.632134e-04	4.944065e-05	1
16	rs4632147	31363381	0	2.189937e-04	3.225334e-05	1
16	rs4787480	29857316	0	3.224600e-04	4.794549e-05	1
16	rs4787483	29885447	0	-2.204285e-05	-2.817429e-06	1
16	rs4787484	29906546	0	-1.197593e-04	-1.526780e-05	1
16	rs4787486	29977562	0	-3.396695e-04	-4.302838e-05	1
16	rs4787488	29995803	0	-3.270285e-04	-3.988448e-05	1
16	rs4787489	29995880	0	-5.441445e-04	-7.171395e-05	1
16	rs4787491	30015337	0	-5.337076e-04	-6.786488e-05	1
16	rs4787492	30055549	0	-4.379827e-04	-5.489405e-05	1
16	rs4787495	30165725	0	2.505794e-04	3.036238e-05	1
16	rs4787642	30359408	0	-3.213638e-04	-4.325240e-05	1
16	rs4787643	30393660	0	8.724534e-05	1.145242e-05	1
16	rs4787644	30418119	0	-5.841068e-04	-9.639731e-05	1
16	rs4788172	29668253	0	1.951755e-05	3.233595e-06	1
16	rs4788173	29670736	0	-4.315372e-05	-7.211618e-06	1
16	rs4788185	29839893	0	3.311222e-04	4.931320e-05	1
16	rs4788186	29841225	0	7.241383e-04	1.030441e-04	1
16	rs4788187	29845685	0	2.112668e-04	2.983827e-05	1
16	rs4788188	29860863	0	2.026046e-04	2.858634e-05	1
16	rs4788189	29921211	0	-2.838044e-04	-3.610820e-05	1
16	rs4788190	29948401	0	-9.789030e-04	-1.483997e-04	1
16	rs4788195	29960593	0	-4.660544e-04	-6.029853e-05	1
16	rs4788196	29967434	0	-7.245167e-05	-8.862138e-06	1
16	rs4788197	29970834	0	-1.646147e-04	-2.030391e-05	1
16	rs4788199	29970857	0	-2.034492e-04	-2.462622e-05	1
16	rs4788200	29971265	0	-4.847710e-04	-6.310206e-05	1
16	rs4788201	29972690	0	-4.847710e-04	-6.310205e-05	1
16	rs4788202	29978003	0	-3.396695e-04	-4.302826e-05	1
16	rs4788203	29978827	0	-3.195299e-04	-4.026544e-05	1
16	rs4788204	29995218	0	-2.229373e-04	-2.762208e-05	1
16	rs4788207	30010274	0	-2.706615e-04	-3.266879e-05	1
16	rs4788209	30013266	0	-5.441445e-04	-7.171379e-05	1
16	rs4788210	30013674	0	-5.441445e-04	-7.171378e-05	1
16	rs4788211	30015565	0	-4.169964e-04	-5.193628e-05	1
16	rs4788212	30034469	0	-4.389611e-04	-5.532304e-05	1
16	rs4788213	30034524	0	-4.389611e-04	-5.532303e-05	1
16	rs4788215	30047930	0	-4.459484e-04	-5.618674e-05	1
16	rs4788216	30048077	0	-4.459484e-04	-5.618673e-05	1
16	rs4788217	30051312	0	-4.897412e-04	-6.221801e-05	1
16	rs4788218	30055750	0	-7.188376e-04	-1.021191e-04	1
16	rs4788219	30063646	0	-4.207705e-04	-5.254502e-05	1
16	rs4788220	30063780	0	-4.207705e-04	-5.254501e-05	1
16	rs4788409	30393771	0	8.724534e-05	1.145238e-05	1
16	rs4788410	30396805	0	3.640442e-04	4.953758e-05	1
16	rs4788411	30396815	0	1.660963e-04	2.194165e-05	1
16	rs4788412	30405726	0	-5.714448e-04	-8.756648e-05	1
16	rs4788413	30410445	0	2.791863e-04	3.697957e-05	1
16	rs4889489	30812962	0	-4.483183e-04	-5.514127e-05	1
16	rs4889490	30823047	0	2.288308e-04	2.931273e-05	1
16	rs4889495	30502152	0	4.215538e-04	5.225840e-05	1
16	rs4889514	30943096	0	-3.660490e-04	-4.518933e-05	1
16	rs4889525	30989858	0	-3.662672e-04	-4.506805e-05	1
16	rs4889526	31030344	0	1.447400e-04	1.761715e-05	1
16	rs4889530	31065918	0	-3.871314e-04	-4.975732e-05	1
16	rs4889534	30865440	0	-4.042473e-04	-5.764212e-05	1
16	rs4889536	30871755	0	-3.828790e-04	-5.432848e-05	1
16	rs4889537	31203529	0	-6.326129e-04	-9.226702e-05	1
16	rs4889538	31206913	0	-5.669519e-04	-8.095197e-05	1
16	rs4889539	31221071	0	-4.546078e-05	-8.336552e-06	1
16	rs4889542	31319397	0	3.373191e-04	4.875386e-05	1
16	rs4889543	31340216	0	2.564633e-04	3.105993e-05	1
16	rs4889544	31423820	0	3.796597e-04	4.761423e-05	1
16	rs4889571	30949047	0	-3.136115e-04	-3.831656e-05	1
16	rs4889599	30968589	0	-3.729015e-04	-4.581414e-05	1
16	rs4889603	30982225	0	-3.181978e-04	-4.044987e-05	1
16	rs4889604	30985994	0	-2.613538e-04	-3.159091e-05	1
16	rs4889606	31011183	0	-2.678762e-04	-3.396989e-05	1
16	rs4889609	31026427	0	1.447400e-04	1.761713e-05	1
16	rs4889614	30862135	0	-3.828790e-04	-5.432846e-05	1
16	rs4889619	31128615	0	-4.644536e-04	-6.028455e-05	1
16	rs4889620	31131174	0	-2.968542e-04	-3.784491e-05	1
16	rs4889622	30870957	0	-3.828790e-04	-5.432846e-05	1
16	rs4889625	31167179	0	-8.451420e-07	-1.126790e-07	1
16	rs4889627	30875217	0	-8.201611e-04	-1.132837e-04	1
16	rs4889630	30877544	0	-6.188073e-04	-9.788012e-05	1
16	rs4889631	30877636	0	-4.808643e-04	-7.274370e-05	1
16	rs4889633	31216909	0	-5.669519e-04	-8.095196e-05	1
16	rs4889634	30878863	0	-2.277036e-04	-2.857690e-05	1
16	rs4889639	31261778	0	9.144490e-04	1.461916e-04	1
16	rs4889640	31264267	0	8.527757e-04	1.331189e-04	1
16	rs4889644	31282713	0	8.772301e-04	1.397160e-04	1
16	rs4889647	31331007	0	1.282452e-03	2.330722e-04	1
16	rs4889649	31362263	0	1.269630e-03	2.403220e-04	1
16	rs4889651	30895545	0	-2.834116e-04	-3.941360e-05	1
16	rs4889653	30895713	0	-2.834116e-04	-3.941360e-05	1
16	rs4889654	31420134	0	3.286922e-04	4.048690e-05	1
16	rs4889655	31421209	0	4.426786e-04	5.634877e-05	1
16	rs4889656	31432148	0	4.543819e-04	5.869213e-05	1
16	rs4889658	31450817	0	-1.895726e-04	-2.708594e-05	1
16	rs4889659	31463216	0	2.560658e-04	3.513637e-05	1
16	rs4889660	31471604	0	2.863785e-05	4.536556e-06	1
16	rs4889661	31479200	0	2.790015e-04	3.447802e-05	1
16	rs4889685	30929444	0	-6.448634e-04	-8.846511e-05	1
16	rs5013201	30404522	0	-2.072741e-04	-3.767788e-05	1
16	rs55667375	31155458	0	3.904733e-04	5.206447e-05	1
16	rs55676522	30883849	0	-5.208603e-05	-9.451921e-06	1
16	rs55678597	30118232	0	-7.935332e-05	-1.322917e-05	1
16	rs55680039	30048962	0	1.766432e-04	3.295977e-05	1
16	rs55719146	30901946	0	3.063998e-04	4.294683e-05	1
16	rs55731737	31017683	0	-3.127523e-04	-4.520285e-05	1
16	rs55742763	31340368	0	1.983677e-04	2.380765e-05	1
16	rs55755739	31254691	0	-6.722342e-04	-9.368071e-05	1
16	rs55762054	30015249	0	-6.238484e-05	-9.849057e-06	1
16	rs55766044	31117698	0	1.756949e-04	2.284108e-05	1
16	rs55800131	31476186	0	5.098229e-05	8.534336e-06	1
16	rs55861648	30833896	0	-8.222442e-04	-1.405633e-04	1
16	rs55903157	29994398	0	-1.449166e-04	-2.718423e-05	1
16	rs55908605	31015877	0	-3.127523e-04	-4.520284e-05	1
16	rs55912556	31355360	0	9.547999e-04	1.599449e-04	1
16	rs55919902	30473161	0	-3.561483e-04	-5.807498e-05	1
16	rs55979739	31049155	0	2.533376e-04	3.185184e-05	1
16	rs56000057	29595921	0	-1.000635e-04	-1.839716e-05	1
16	rs56083427	30881298	0	3.487169e-04	4.928292e-05	1
16	rs56106502	29617167	0	-2.564555e-05	-4.623101e-06	1
16	rs56142883	30875335	0	-6.643022e-05	-1.238971e-05	1
16	rs56143700	30360998	0	1.900830e-04	3.594742e-05	1
16	rs56153335	30605536	0	-2.212055e-04	-3.402302e-05	1
16	rs56183743	30007325	0	3.256771e-05	5.469003e-06	1
16	rs56191046	31414257	0	-1.976976e-04	-2.490714e-05	1
16	rs56193946	30956651	0	-3.724425e-04	-5.432768e-05	1
16	rs56284083	31052895	0	1.842761e-04	2.263721e-05	1
16	rs56304025	31415004	0	-3.635074e-04	-5.543875e-05	1
16	rs56311083	30557392	0	-1.351313e-04	-2.309930e-05	1
16	rs56314408	31117389	0	-1.544283e-05	-1.868786e-06	1
16	rs56329348	30030092	0	4.004235e-04	7.748161e-05	1
16	rs56388508	31132510	0	-4.651191e-04	-6.495398e-05	1
16	rs56391383	30538419	0	-9.075212e-04	-1.436315e-04	1
16	rs56392848	31360892	0	7.365946e-04	1.114894e-04	1
16	rs56399904	30166183	0	3.843207e-04	4.787341e-05	1
16	rs56404782	31126535	0	-5.919942e-04	-8.566409e-05	1
16	rs56656810	30788759	0	2.940611e-04	3.957418e-05	1
16	rs56813533	31070481	0	-1.177019e-04	-1.478435e-05	1
16	rs57312298	30012691	0	4.053339e-05	6.729781e-06	1
16	rs57348955	31185882	0	1.217530e-03	2.124973e-04	1
16	rs57434408	31066380	0	2.853886e-04	3.521636e-05	1
16	rs57442742	30506532	0	4.215538e-04	5.225842e-05	1
16	rs57576577	31036367	0	2.062066e-04	2.516156e-05	1
16	rs57615206	30014034	0	4.053339e-05	6.729782e-06	1
16	rs58200984	31343235	0	-9.199832e-04	-1.706467e-04	1
16	rs58352473	31322218	0	-9.147875e-04	-1.784971e-04	1
16	rs58408589	31362741	0	2.351204e-04	3.458640e-05	1
16	rs58483534	30131301	0	-2.832116e-04	-4.670821e-05	1
16	rs58656594	31330178	0	-9.147875e-04	-1.784971e-04	1
16	rs58726213	31044683	0	1.528842e-04	1.859279e-05	1
16	rs58827327	31322334	0	-9.206789e-04	-1.799738e-04	1
16	rs59016792	31355328	0	5.880592e-04	8.278724e-05	1
16	rs59061704	31062704	0	1.090861e-04	1.337069e-05	1
16	rs59151595	30603262	0	-2.059213e-04	-3.161055e-05	1
16	rs59381569	31400352	0	-2.708974e-04	-3.424537e-05	1
16	rs59419098	30010363	1	2.440809e-04	4.098745e-05	1
16	rs59735493	31133100	0	1.611075e-04	2.040267e-05	1
16	rs60239608	31443194	0	-1.285815e-04	-1.852725e-05	1
16	rs60312440	31340086	0	-4.097953e-05	-5.977877e-06	1
16	rs60507880	31441468	0	5.528602e-04	1.122948e-04	1
16	rs60660286	31275374	0	5.630947e-04	8.034899e-05	1
16	rs60683614	29999993	0	-5.971557e-06	-1.027198e-06	1
16	rs60978850	30010475	0	2.171160e-04	3.610588e-05	1
16	rs60996860	31134213	0	3.698546e-04	4.920511e-05	1
16	rs61162043	31114234	0	-6.013495e-05	-7.305366e-06	1
16	rs61194152	31355137	0	3.030447e-04	3.685020e-05	1
16	rs61239537	31012813	0	1.342172e-04	1.675142e-05	1
16	rs61320757	31134059	0	3.440396e-04	4.507210e-05	1
16	rs61396327	30644253	14	2.143978e-05	2.586682e-06	1
16	rs61738568	30680655	0	-2.434757e-04	-4.752195e-05	1
16	rs61744716	30569349	0	-1.201597e-04	-2.301038e-05	1
16	rs61764220	30127888	0	-6.773968e-06	-1.277249e-06	1
16	rs61978578	30408961	0	-2.067770e-04	-3.768170e-05	1
16	rs62001041	31418869	0	-3.677060e-05	-6.774932e-06	1
16	rs62051462	31275409	0	-9.810745e-04	-2.034236e-04	1
16	rs62051470	31309664	0	-9.147875e-04	-1.784971e-04	1
16	rs62051471	31309805	0	-1.467397e-04	-2.217107e-05	1
16	rs62051472	31312501	0	-9.206789e-04	-1.799738e-04	1
16	rs62051481	31323676	0	-9.147875e-04	-1.784971e-04	1
16	rs62051517	31346344	0	4.559652e-04	5.680265e-05	1
16	rs62051518	31353298	0	-9.549872e-04	-2.008278e-04	1
16	rs62051523	31356753	0	-8.668174e-04	-1.568675e-04	1
16	rs62051534	31393628	0	-2.015952e-05	-2.836207e-06	1
16	rs62051537	31402105	0	-6.798623e-05	-1.227272e-05	1
16	rs62051538	31405736	0	-3.627905e-04	-5.469207e-05	1
16	rs62051540	31426065	0	-3.423036e-04	-6.455176e-05	1
16	rs62051541	31428728	0	-2.553336e-04	-4.635017e-05	1
16	rs62051543	31443302	0	-2.735916e-04	-5.098451e-05	1
16	rs62051544	31445592	0	-1.615592e-04	-2.302818e-05	1
16	rs62054766	31248870	0	-5.703789e-04	-8.113855e-05	1
16	rs62054768	31254836	0	-6.030501e-04	-1.058416e-04	1
16	rs62054769	31255610	0	-9.521521e-04	-2.005987e-04	1
16	rs62054860	29720349	0	5.399230e-04	8.437946e-05	1
16	rs62054862	29723193	0	4.802858e-04	7.577816e-05	1
16	rs62054863	29723815	0	5.656811e-04	9.116700e-05	1
16	rs62054867	29726088	0	4.802858e-04	7.577815e-05	1
16	rs62054874	29734427	0	3.836800e-04	5.925578e-05	1
16	rs62054875	29735902	0	3.823043e-04	5.888951e-05	1
16	rs62054877	29738423	0	5.765549e-04	9.195391e-05	1
16	rs62054880	29740557	0	3.823043e-04	5.888950e-05	1
16	rs62054881	29740571	0	3.329378e-04	5.131309e-05	1
16	rs62054903	29750555	0	6.211892e-05	1.199419e-05	1
16	rs62054904	29757134	0	6.211892e-05	1.199419e-05	1
16	rs62055376	30164758	1	-4.383447e-04	-5.532907e-05	1
16	rs62055459	30398408	1	2.371985e-04	3.119948e-05	1
16	rs62055866	30969557	3	-1.643337e-04	-1.853419e-05	1
16	rs62056369	29823905	0	6.211892e-05	1.199419e-05	1
16	rs62056371	29834954	0	2.334672e-04	3.433465e-05	1
16	rs62056375	29857901	0	1.671286e-04	2.484398e-05	1
16	rs62057094	31128004	0	-1.177943e-04	-1.917568e-05	1
16	rs62057137	31182696	0	-5.734521e-04	-1.092040e-04	1
16	rs62057183	30744826	0	1.517825e-04	2.464655e-05	1
16	rs62057184	30745976	0	1.605233e-06	2.617285e-07	1
16	rs62057223	30801987	0	-4.889675e-04	-6.055281e-05	1
16	rs62057232	30820866	0	3.138535e-04	4.051922e-05	1
16	rs62057680	29986627	0	-2.251526e-04	-3.991253e-05	1
16	rs62057756	30117253	0	-3.871927e-04	-5.055930e-05	1
16	rs62059020	29669910	0	5.342332e-04	7.019895e-05	1
16	rs62059023	29681707	0	1.608691e-04	2.038167e-05	1
16	rs62059024	29681734	0	9.789007e-05	1.236481e-05	1
16	rs62059025	29692277	0	1.519912e-04	1.912313e-05	1
16	rs62060162	29710492	0	4.664101e-04	7.349657e-05	1
16	rs62060163	29710682	0	4.664101e-04	7.349656e-05	1
16	rs62060164	29711801	0	4.127657e-04	6.428585e-05	1
16	rs62060166	29713913	0	3.148150e-04	4.779802e-05	1
16	rs62060167	29715145	0	4.771555e-04	7.551940e-05	1
16	rs62622830	30770950	0	-8.176283e-04	-1.386759e-04	1
16	rs634395	29719579	0	-1.105689e-03	-2.132209e-04	1
16	rs634977	29733308	0	-1.040619e-03	-1.918165e-04	1
16	rs637460	29805803	0	-9.260105e-05	-1.661048e-05	1
16	rs645946	29734314	1	-6.918786e-04	-1.062981e-04	1
16	rs648559	29740645	0	-9.388039e-04	-1.657864e-04	1
16	rs6565169	29692692	0	1.889343e-04	2.467203e-05	1
16	rs6565173	29974167	0	-4.847710e-04	-6.310181e-05	1
16	rs6565174	30111904	0	-1.199991e-05	-1.944130e-06	1
16	rs6565176	30174926	0	3.583102e-04	4.479176e-05	1
16	rs6565180	30361341	0	6.444152e-05	8.195805e-06	1
16	rs6565182	30374381	0	-3.006997e-04	-4.044848e-05	1
16	rs6565183	30382755	0	5.122558e-05	6.497420e-06	1
16	rs6565191	30546488	0	-8.191442e-04	-1.231886e-04	1
16	rs6565193	30600260	0	8.220715e-05	1.464770e-05	1
16	rs6565195	30648547	0	5.232421e-04	6.667291e-05	1
16	rs6565196	30656594	0	5.388245e-04	6.960048e-05	1
16	rs6565197	30706477	0	6.930339e-04	9.485349e-05	1
16	rs6565201	30747191	0	3.501974e-04	4.562519e-05	1
16	rs6565207	30835963	0	-6.097841e-04	-7.797827e-05	1
16	rs6565214	31059639	0	-4.182790e-04	-6.252782e-05	1
16	rs6565217	31083324	0	8.768322e-05	1.042561e-05	1
16	rs6565225	31280661	0	8.387505e-04	1.314167e-04	1
16	rs6565227	31328991	0	4.367444e-04	6.457069e-05	1
16	rs6565228	31329280	0	4.367444e-04	6.457069e-05	1
16	rs6565231	31449103	0	3.327904e-05	4.182164e-06	1
16	rs66467443	30050494	1	-9.916131e-04	-1.527586e-04	1
16	rs66818723	29887215	0	-2.804788e-05	-3.588188e-06	1
16	rs66989296	31466056	0	-1.376049e-04	-1.971274e-05	1
16	rs67128646	30672097	0	4.589968e-04	6.576872e-05	1
16	rs67218159	30050505	0	-4.910077e-04	-6.228491e-05	1
16	rs67264578	30879395	0	3.487169e-04	4.928289e-05	1
16	rs67456513	30714828	0	6.930339e-04	9.485344e-05	1
16	rs67456613	30888295	0	2.868080e-04	4.007942e-05	1
16	rs67575585	30468890	0	-3.285554e-04	-4.822657e-05	1
16	rs67575668	29669560	0	-7.617601e-05	-1.286800e-05	1
16	rs67693285	30623979	0	-8.036910e-05	-9.878773e-06	1
16	rs67817011	30179098	0	5.842546e-04	1.037231e-04	1
16	rs67898294	31362711	0	6.592132e-05	9.565616e-06	1
16	rs6950	30995669	0	-3.098608e-04	-3.787579e-05	1
16	rs71277298	29732886	0	2.457384e-04	4.673871e-05	1
16	rs71389428	29842632	0	3.311222e-04	4.931325e-05	1
16	rs71389435	29907027	0	2.743835e-04	5.169602e-05	1
16	rs71389462	30326963	0	-2.081538e-06	-3.617004e-07	1
16	rs71391210	31364975	0	-2.114209e-04	-3.093627e-05	1
16	rs71391212	31365466	5	3.065417e-04	5.627065e-05	1
16	rs7184055	30640550	0	5.254080e-04	6.736236e-05	1
16	rs7184288	29935052	0	-5.271972e-04	-6.798078e-05	1
16	rs7184339	31288914	0	1.447293e-04	2.171303e-05	1
16	rs7184567	31021078	0	1.377062e-04	1.677720e-05	1
16	rs7184677	31289066	0	1.447293e-04	2.171303e-05	1
16	rs7184910	31229022	0	8.233424e-04	1.144923e-04	1
16	rs7185007	30927509	0	2.119932e-04	2.903490e-05	1
16	rs7185357	30443785	0	1.476152e-04	2.574982e-05	1
16	rs7185620	30648260	0	5.310269e-04	6.858589e-05	1
16	rs7186832	31230463	0	-1.270629e-04	-1.555580e-05	1
16	rs7186852	30635659	0	4.687332e-04	5.969219e-05	1
16	rs7187071	30644567	0	5.310269e-04	6.858587e-05	1
16	rs7187143	31179800	0	-6.488111e-04	-9.388518e-05	1
16	rs7187359	30703155	0	6.930339e-04	9.485338e-05	1
16	rs7187409	30497816	0	2.497339e-04	4.602229e-05	1
16	rs7187713	31319521	0	1.838220e-05	2.773222e-06	1
16	rs7187802	30639710	0	1.138646e-04	1.401479e-05	1
16	rs7187995	31112810	1	-1.816845e-04	-2.233658e-05	1
16	rs7188278	31482749	0	-6.173414e-04	-8.546312e-05	1
16	rs7188789	30640185	0	3.690635e-04	4.611036e-05	1
16	rs7189550	29911260	0	1.631543e-04	2.058494e-05	1
16	rs7189750	29911416	0	1.631543e-04	2.058494e-05	1
16	rs7189870	29735063	0	3.823043e-04	5.888944e-05	1
16	rs7190018	31301478	0	1.447293e-04	2.171302e-05	1
16	rs7190132	29752794	0	7.700870e-04	1.260985e-04	1
16	rs7190185	29962352	0	-1.458980e-04	-1.795971e-05	1
16	rs7190552	30471046	0	7.986311e-04	1.366554e-04	1
16	rs7190802	31163531	0	-3.211245e-04	-4.179999e-05	1
16	rs7190807	31301910	0	3.356487e-04	4.872827e-05	1
16	rs7190997	31368178	0	1.077378e-03	1.720519e-04	1
16	rs7191389	30636737	0	5.322729e-04	6.874924e-05	1
16	rs7191511	31290293	0	1.838220e-05	2.773209e-06	1
16	rs7191761	30645416	0	5.310269e-04	6.858583e-05	1
16	rs7191849	30023157	0	-2.186599e-04	-2.650932e-05	1
16	rs7192039	31290520	0	1.838220e-05	2.773207e-06	1
16	rs7192161	31331958	0	1.282452e-03	2.330719e-04	1
16	rs7192375	31338938	0	2.154838e-04	2.793207e-05	1
16	rs7192475	30828672	0	6.617513e-04	8.722285e-05	1
16	rs7193268	31340997	0	1.711612e-05	2.484398e-06	1
16	rs7193532	29962802	0	-5.441445e-04	-7.171351e-05	1
16	rs7193756	29749904	0	7.700870e-04	1.260985e-04	1
16	rs7193943	31271063	0	1.707533e-04	2.210793e-05	1
16	rs7195050	29711343	0	5.429245e-04	8.464799e-05	1
16	rs7195182	30169761	0	5.053246e-04	6.440523e-05	1
16	rs7195241	30469957	0	-2.258242e-04	-3.278322e-05	1
16	rs7195557	29683587	0	5.027301e-05	6.389462e-06	1
16	rs7195596	29749599	0	7.700870e-04	1.260984e-04	1
16	rs7195915	31344455	0	3.930989e-04	4.823872e-05	1
16	rs7195945	31344309	0	3.930989e-04	4.823871e-05	1
16	rs7196161	31110981	0	-3.571809e-05	-4.340759e-06	1
16	rs7196256	31273530	0	1.648620e-04	2.132616e-05	1
16	rs7196298	30528272	0	3.618711e-04	6.227865e-05	1
16	rs7196726	31092075	0	1.310733e-05	1.552396e-06	1
16	rs7197001	30155031	0	6.285007e-04	8.226964e-05	1
16	rs7197475	30642867	0	5.310269e-04	6.858582e-05	1
16	rs7197665	29585848	0	-1.318300e-04	-2.417257e-05	1
16	rs7197717	31083075	0	2.621665e-05	3.116754e-06	1
16	rs7197770	30715908	0	6.930339e-04	9.485332e-05	1
16	rs7198250	30746822	0	5.161288e-04	6.951244e-05	1
16	rs7198549	29657542	0	1.438208e-04	1.781758e-05	1
16	rs7198598	31319283	0	3.548912e-05	5.391854e-06	1
16	rs7199585	31395578	0	1.425936e-04	1.733496e-05	1
16	rs7199949	31096164	0	2.621665e-05	3.116740e-06	1
16	rs7200615	31337155	0	2.433414e-05	3.615306e-06	1
16	rs7200879	30947572	0	1.853336e-04	2.530788e-05	1
16	rs7201384	29924905	0	-5.360167e-04	-6.906435e-05	1
16	rs7201518	30082508	0	-4.787868e-04	-5.993030e-05	1
16	rs7201519	29859977	0	3.224600e-04	4.794556e-05	1
16	rs7201780	30147265	0	1.062554e-03	1.711763e-04	1
16	rs7202271	30022656	0	2.171160e-04	3.610583e-05	1
16	rs7202714	30177807	0	3.581944e-05	4.413583e-06	1
16	rs7203224	30061754	0	3.434064e-05	5.882453e-06	1
16	rs7203359	30400307	0	3.456716e-04	4.689049e-05	1
16	rs7203712	29716569	0	3.183517e-04	4.731753e-05	1
16	rs7203999	31017554	0	-3.838170e-04	-4.818292e-05	1
16	rs7204278	30730274	0	3.213987e-04	4.174602e-05	1
16	rs7204459	30984212	0	-2.613538e-04	-3.159077e-05	1
16	rs7204632	30644216	0	5.520118e-04	7.062322e-05	1
16	rs7204735	31350161	0	2.165482e-04	3.147256e-05	1
16	rs7204797	29968015	0	-1.646147e-04	-2.030358e-05	1
16	rs7204852	30040178	0	-4.459484e-04	-5.618654e-05	1
16	rs7205278	29754683	0	7.700870e-04	1.260984e-04	1
16	rs7205479	30644261	12	-1.888179e-05	-2.260365e-06	1
16	rs7205802	30114124	0	-3.521787e-04	-4.271878e-05	1
16	rs7206295	31336519	0	7.296074e-04	1.101539e-04	1
16	rs7206312	31322048	0	3.454652e-05	5.295594e-06	1
16	rs7206511	30950352	0	-3.961016e-04	-4.889939e-05	1
16	rs72483435	29752368	0	4.644356e-04	7.392635e-05	1
16	rs72785506	31051496	0	-1.095783e-04	-2.102938e-05	1
16	rs72785511	31059325	0	3.452889e-04	5.943797e-05	1
16	rs72785520	31070778	0	1.211843e-04	1.476416e-05	1
16	rs72785521	31078140	0	-2.919598e-04	-4.259707e-05	1
16	rs72785525	31080775	0	-3.272005e-04	-4.847008e-05	1
16	rs72785535	31094679	0	-2.919598e-04	-4.259706e-05	1
16	rs72785546	31119462	0	-4.531693e-04	-6.280920e-05	1
16	rs72785547	31119554	0	-4.531693e-04	-6.280919e-05	1
16	rs72785553	31138445	0	-4.651191e-04	-6.495382e-05	1
16	rs72785554	31139261	0	3.870036e-04	6.525789e-05	1
16	rs72785569	31178800	0	-6.973254e-04	-1.348134e-04	1
16	rs72785572	31187688	0	-2.756666e-04	-4.939001e-05	1
16	rs72789314	31419703	0	9.115833e-05	1.428215e-05	1
16	rs72789324	31440432	0	-4.344877e-05	-5.488458e-06	1
16	rs72789325	31441194	0	-4.344877e-05	-5.488455e-06	1
16	rs72789337	31460937	0	-2.575542e-04	-3.462598e-05	1
16	rs72789343	31464800	0	-8.022862e-05	-1.415619e-05	1
16	rs72791208	30035806	0	-4.094552e-05	-7.610282e-06	1
16	rs72791222	30059792	0	1.020061e-04	1.856211e-05	1
16	rs72791226	30091251	0	-2.279035e-05	-4.270384e-06	1
16	rs72791231	30111922	0	-6.478152e-05	-1.176430e-05	1
16	rs72791250	30349065	0	-1.616904e-04	-2.932750e-05	1
16	rs72791266	30458954	0	-6.246658e-05	-1.017836e-05	1
16	rs72791981	31327179	0	-9.360718e-04	-1.845747e-04	1
16	rs72793343	30556903	0	-1.851580e-04	-3.156081e-05	1
16	rs72793348	30573059	0	1.263959e-04	2.373456e-05	1
16	rs72793351	30602563	0	-1.788290e-04	-2.730110e-05	1
16	rs72793353	30623514	0	-2.043011e-05	-3.528793e-06	1
16	rs72793363	30671578	0	-1.767342e-04	-3.078779e-05	1
16	rs72793368	30685272	0	3.246080e-04	6.151531e-05	1
16	rs72793369	30703455	0	3.246080e-04	6.151531e-05	1
16	rs72793372	30718873	0	-7.621717e-04	-1.268800e-04	1
16	rs72793373	30719158	0	-6.842320e-05	-1.309637e-05	1
16	rs72793375	30737905	0	-7.559505e-04	-1.255783e-04	1
16	rs72793380	30758743	0	-8.758463e-05	-1.489475e-05	1
16	rs72793383	30785467	0	-1.861129e-04	-3.600683e-05	1
16	rs72798106	29658573	0	8.775807e-04	1.357926e-04	1
16	rs72798151	29933890	0	2.433888e-04	4.598559e-05	1
16	rs72799316	30827205	0	4.895849e-04	6.143649e-05	1
16	rs72799319	30852783	0	-6.504481e-04	-1.040449e-04	1
16	rs72799321	30874830	0	-5.760555e-04	-8.969349e-05	1
16	rs72799330	30893555	0	2.851785e-04	3.983789e-05	1
16	rs72799341	30936743	0	1.569112e-04	2.137237e-05	1
16	rs72799363	30981884	0	-3.724425e-04	-5.432752e-05	1
16	rs72799368	30988943	0	-3.724425e-04	-5.432751e-05	1
16	rs72800840	31009786	0	-1.058363e-04	-2.006642e-05	1
16	rs72800841	31014247	0	-1.250741e-04	-1.743067e-05	1
16	rs72800842	31015439	0	-3.726059e-04	-5.417215e-05	1
16	rs72800845	31020921	0	-2.953113e-04	-4.303588e-05	1
16	rs72800846	31020922	0	-2.953113e-04	-4.303587e-05	1
16	rs72800847	31022639	0	1.305874e-04	1.651186e-05	1
16	rs72800849	31023414	0	-3.585541e-04	-5.256844e-05	1
16	rs72800851	31023515	0	-1.171967e-04	-2.186516e-05	1
16	rs72800854	31036237	0	-3.585541e-04	-5.256843e-05	1
16	rs72800858	31047773	0	-3.585541e-04	-5.256842e-05	1
16	rs7294	31102321	0	1.791323e-04	2.188173e-05	1
16	rs729482	31016970	0	6.182242e-05	7.736097e-06	1
16	rs732173	31050023	0	3.333318e-04	4.224825e-05	1
16	rs73524556	30823162	0	5.379254e-04	6.819426e-05	1
16	rs73526294	29652229	0	-5.099241e-05	-8.604848e-06	1
16	rs73530179	30107781	0	-3.028717e-04	-3.639405e-05	1
16	rs73530203	31099859	0	1.642115e-06	1.985849e-07	1
16	rs73532550	30190487	0	4.141277e-04	6.408675e-05	1
16	rs73532600	30398677	7	4.524792e-04	5.867860e-05	1
16	rs7359380	29902414	0	1.617988e-04	2.091628e-05	1
16	rs74015522	31424785	0	4.765040e-04	9.392159e-05	1
16	rs741810	31193942	0	-5.871479e-04	-8.433720e-05	1
16	rs74249933	29751163	0	7.700870e-04	1.260984e-04	1
16	rs74315902	30742669	0	-1.376187e-04	-2.672000e-05	1
16	rs74400203	30036049	0	-2.680577e-05	-4.577052e-06	1
16	rs74451468	30146257	0	-3.392638e-04	-6.048606e-05	1
16	rs74483355	30836430	0	1.034412e-04	1.711840e-05	1
16	rs74767856	30095734	0	-6.463123e-07	-1.107761e-07	1
16	rs74792333	31332129	0	-1.118578e-05	-2.048334e-06	1
16	rs74893465	29749194	0	4.644356e-04	7.392637e-05	1
16	rs749670	31088625	0	-5.043242e-04	-6.629212e-05	1
16	rs749671	31088347	0	-2.882410e-04	-3.651413e-05	1
16	rs74972074	31436878	0	-6.190720e-06	-7.773435e-07	1
16	rs749767	31124407	0	-4.851556e-04	-6.328424e-05	1
16	rs7498372	29910725	0	4.422025e-04	5.737861e-05	1
16	rs7499077	31317505	0	-4.839345e-04	-6.383154e-05	1
16	rs7499192	31281751	0	8.772301e-04	1.397156e-04	1
16	rs7499339	30636777	0	4.748430e-04	6.002004e-05	1
16	rs7500176	31041137	0	6.684312e-05	8.336185e-06	1
16	rs7500719	30840877	0	2.242278e-04	2.957470e-05	1
16	rs7501207	31351552	0	1.196646e-03	2.152508e-04	1
16	rs750952	31093954	0	1.577640e-04	1.921107e-05	1
16	rs75231191	30788601	0	2.240583e-04	3.741784e-05	1
16	rs75281532	29607027	0	-7.557687e-05	-1.394888e-05	1
16	rs7542	30125840	0	6.062908e-04	7.736996e-05	1
16	rs75422760	29748442	0	4.153475e-04	6.532688e-05	1
16	rs75460591	30392011	0	-3.113380e-04	-5.980761e-05	1
16	rs75500538	30782449	0	7.018069e-05	1.159320e-05	1
16	rs75516730	31262804	0	-7.721602e-04	-1.619265e-04	1
16	rs75516957	31461820	0	-2.487137e-04	-3.976423e-05	1
16	rs75549506	29933739	0	3.930027e-04	7.218658e-05	1
16	rs75585721	31033705	0	-1.985264e-04	-3.734768e-05	1
16	rs75586365	30996363	0	-1.702406e-04	-2.864828e-05	1
16	rs75586809	31090269	0	6.319309e-05	1.212938e-05	1
16	rs75721735	30079724	0	3.434064e-05	5.882434e-06	1
16	rs75832891	30171625	0	-1.916196e-04	-2.885713e-05	1
16	rs76106647	30388890	0	-2.305314e-04	-4.349019e-05	1
16	rs76264759	29628208	0	-1.379950e-04	-2.601390e-05	1
16	rs76332792	31455243	0	1.948318e-04	3.718609e-05	1
16	rs76345698	30946165	0	-1.921678e-04	-3.212176e-05	1
16	rs76359228	30553899	0	5.581765e-05	8.377255e-06	1
16	rs76445101	29751561	0	7.700870e-04	1.260984e-04	1
16	rs76468440	31354822	0	-8.668174e-04	-1.568675e-04	1
16	rs76712312	29976076	0	3.082771e-04	5.683860e-05	1
16	rs76750340	31231066	0	3.114079e-04	5.982227e-05	1
16	rs76834203	30156068	1	-2.155159e-04	-3.526713e-05	1
16	rs76840156	29965436	0	1.152552e-04	2.160832e-05	1
16	rs76919728	30933851	0	-1.184043e-04	-2.232876e-05	1
16	rs7698	30125800	0	-1.604244e-04	-2.695945e-05	1
16	rs77000650	29749969	0	5.055254e-04	8.135565e-05	1
16	rs77016006	30354216	0	-6.794617e-04	-1.100333e-04	1
16	rs77042391	30138432	0	2.488198e-04	4.861224e-05	1
16	rs77070948	30019821	0	-1.919695e-04	-3.410799e-05	1
16	rs77088799	30933547	0	1.687055e-04	3.218473e-05	1
16	rs77189101	31405217	0	3.284407e-05	4.084163e-06	1
16	rs77218983	31001268	0	-1.055477e-05	-1.921527e-06	1
16	rs77250249	30841085	0	-1.383112e-04	-2.677422e-05	1
16	rs77294208	31427212	0	2.437641e-04	4.687980e-05	1
16	rs77355772	31038048	0	-1.985264e-04	-3.734767e-05	1
16	rs77363739	31406217	0	-2.575871e-05	-4.879225e-06	1
16	rs77503088	30814764	0	9.004427e-05	1.590217e-05	1
16	rs77604316	30921487	0	-1.921678e-04	-3.212176e-05	1
16	rs77663651	29750851	0	4.644356e-04	7.392635e-05	1
16	rs77679610	30462291	0	-5.483830e-05	-1.033749e-05	1
16	rs77685267	30192435	0	-2.449634e-04	-3.950650e-05	1
16	rs77689392	30424412	0	-4.480457e-04	-9.026323e-05	1
16	rs77730873	30046763	0	1.118708e-04	2.121477e-05	1
16	rs77871165	30405895	0	3.735616e-04	7.263375e-05	1
16	rs77907130	31432873	0	2.437641e-04	4.687980e-05	1
16	rs78008308	30014976	0	1.152552e-04	2.160832e-05	1
16	rs78055730	29584446	0	-9.565719e-05	-1.758040e-05	1
16	rs78154181	31353648	0	3.892196e-04	4.793948e-05	1
16	rs78210758	30063191	0	1.672039e-05	2.906881e-06	1
16	rs78244732	29764804	0	5.758249e-04	9.402781e-05	1
16	rs78363733	30030333	0	-5.971557e-06	-1.027240e-06	1
16	rs78382251	30704893	0	-1.680191e-04	-2.747922e-05	1
16	rs78417606	29874855	0	-8.568810e-05	-1.603961e-05	1
16	rs78520265	29750947	0	4.644356e-04	7.392634e-05	1
16	rs78564187	30131777	0	-1.711768e-04	-2.858796e-05	1
16	rs78641771	30916404	0	-3.371103e-05	-6.271103e-06	1
16	rs78748952	31307384	0	7.959603e-04	1.482715e-04	1
16	rs78807581	30014975	0	1.152552e-04	2.160832e-05	1
16	rs78850123	29679227	0	-1.458496e-04	-2.816834e-05	1
16	rs78889885	31450876	0	1.402194e-04	2.550762e-05	1
16	rs78924645	31154358	0	2.241895e-04	2.939966e-05	1
16	rs78985803	30812608	0	-1.699554e-05	-3.000133e-06	1
16	rs79030220	31099582	0	-1.583984e-04	-2.682247e-05	1
16	rs79043334	29671016	0	-9.172452e-06	-1.627960e-06	1
16	rs79128613	30788236	0	-1.699554e-05	-3.000132e-06	1
16	rs79298699	31402042	0	-1.883144e-04	-3.421481e-05	1
16	rs79323299	30137608	0	-5.028358e-04	-1.042039e-04	1
16	rs79388979	31270616	0	9.094707e-05	1.708015e-05	1
16	rs79411291	31450870	0	3.297249e-04	6.000707e-05	1
16	rs79512505	30194328	0	-1.970180e-04	-3.194598e-05	1
16	rs79597785	30735038	0	-2.415610e-04	-4.600803e-05	1
16	rs79619339	30058313	0	1.020061e-04	1.856211e-05	1
16	rs79623117	30190891	0	7.626655e-05	1.396627e-05	1
16	rs79645868	31220394	0	-2.240653e-04	-4.359300e-05	1
16	rs79758803	29753925	0	4.644356e-04	7.392633e-05	1
16	rs79774521	31465802	0	4.119868e-04	7.939684e-05	1
16	rs79867441	29950820	0	-7.271708e-05	-1.248679e-05	1
16	rs79912852	31154345	0	3.034144e-04	5.007374e-05	1
16	rs79974799	30996795	0	-1.702406e-04	-2.864827e-05	1
16	rs80000693	30362813	0	-3.734242e-04	-7.339854e-05	1
16	rs80157007	30598966	0	-3.075545e-04	-5.816846e-05	1
16	rs80225586	30406410	0	-1.616904e-04	-2.932750e-05	1
16	rs80260207	30134251	0	-5.028358e-04	-1.042039e-04	1
16	rs80273739	29933901	0	2.828065e-05	5.020722e-06	1
16	rs80282267	30059960	0	-1.146467e-04	-2.057496e-05	1
16	rs80318951	30829668	0	1.741980e-04	2.155305e-05	1
16	rs8043811	29764279	0	9.194186e-04	1.597945e-04	1
16	rs8043883	30044581	0	-4.459484e-04	-5.618650e-05	1
16	rs8044030	30927990	17	1.570253e-04	2.010224e-05	1
16	rs8044075	31263867	0	8.468844e-04	1.318017e-04	1
16	rs8045252	30422415	0	-7.233003e-04	-1.186575e-04	1
16	rs8045351	29737351	0	4.486428e-04	7.007767e-05	1
16	rs8045570	30422565	0	-7.775904e-04	-1.315598e-04	1
16	rs8045738	31449998	0	4.491865e-04	6.324356e-05	1
16	rs8046001	30833321	0	4.871582e-04	6.141826e-05	1
16	rs8046381	31379355	0	3.792504e-04	6.934128e-05	1
16	rs8046445	30386262	0	1.093992e-05	1.374164e-06	1
16	rs8046707	30916233	0	-1.988527e-04	-2.515337e-05	1
16	rs8046978	31072909	0	-2.919598e-04	-4.259696e-05	1
16	rs8047104	31079505	0	-1.441330e-04	-2.069544e-05	1
16	rs8047140	29922988	0	-7.124953e-04	-1.194131e-04	1
16	rs8047664	30844546	0	-3.246080e-04	-6.151530e-05	1
16	rs8047803	31079834	2	1.089210e-04	1.292743e-05	1
16	rs8047985	31261241	0	6.239947e-04	8.672456e-05	1
16	rs8048011	30866966	0	-2.970312e-04	-5.605478e-05	1
16	rs8048139	30166626	0	-3.508034e-05	-4.172841e-06	1
16	rs8048228	31064060	0	-2.919598e-04	-4.259695e-05	1
16	rs8048433	29931593	0	-4.458041e-04	-5.631542e-05	1
16	rs8048448	30692208	0	3.728945e-04	4.920221e-05	1
16	rs8049108	30376486	0	-1.327797e-04	-1.682655e-05	1
16	rs8049837	30089438	0	3.434064e-05	5.882430e-06	1
16	rs8050107	30893451	0	-2.834116e-04	-3.941344e-05	1
16	rs8050330	30824970	0	1.620182e-04	1.992753e-05	1
16	rs8050500	31404571	0	7.948581e-04	1.096925e-04	1
16	rs8050576	29919792	0	-2.899571e-04	-3.688547e-05	1
16	rs8050588	30937799	0	2.057872e-04	2.472036e-05	1
16	rs8051050	30687909	0	2.468513e-04	3.306742e-05	1
16	rs8051304	31260012	0	6.239947e-04	8.672455e-05	1
16	rs8051721	30047920	0	-1.295877e-05	-2.231431e-06	1
16	rs8051833	29896390	0	4.396106e-04	5.843146e-05	1
16	rs8052245	30916430	0	-4.887993e-04	-6.111589e-05	1
16	rs8052324	31334682	0	7.985176e-04	1.239770e-04	1
16	rs8052502	29929728	0	-9.296524e-04	-1.373683e-04	1
16	rs8053518	29692132	0	-3.163352e-04	-4.399304e-05	1
16	rs8054172	29655864	0	5.235539e-04	7.085819e-05	1
16	rs8054272	29692224	0	1.376356e-04	1.778903e-05	1
16	rs8054507	30046042	0	-4.459484e-04	-5.618646e-05	1
16	rs8054556	29958216	0	-7.442454e-04	-1.045916e-04	1
16	rs8055315	30688412	0	2.784009e-04	3.712243e-05	1
16	rs8055661	30688584	0	2.225303e-04	2.961231e-05	1
16	rs8055861	31399901	0	-1.639770e-04	-2.013678e-05	1
16	rs8055867	29958215	0	-1.107222e-04	-1.920869e-05	1
16	rs8055941	31441987	0	5.528602e-04	1.122947e-04	1
16	rs8056122	31427678	0	-1.815621e-04	-2.196947e-05	1
16	rs8056216	30009589	0	2.171160e-04	3.610578e-05	1
16	rs8056276	31323916	0	4.367444e-04	6.457055e-05	1
16	rs8056505	31214898	0	-1.543999e-04	-1.895262e-05	1
16	rs8056535	29960468	0	-4.660544e-04	-6.029798e-05	1
16	rs8056842	31047330	0	9.141766e-05	1.110622e-05	1
16	rs8056929	30570011	0	-3.133642e-05	-4.781272e-06	1
16	rs8057193	31466284	0	3.438965e-04	4.762284e-05	1
16	rs8057320	31269551	0	-1.458895e-04	-1.799346e-05	1
16	rs8057425	30182541	0	3.414233e-04	4.243215e-05	1
16	rs8058049	29684572	0	1.997360e-04	2.540613e-05	1
16	rs8058472	30918289	0	-3.740135e-04	-5.429637e-05	1
16	rs8058578	30726248	0	2.943031e-04	3.974242e-05	1
16	rs8058765	30013457	0	4.053339e-05	6.729689e-06	1
16	rs8058824	29828710	0	3.177630e-04	4.728115e-05	1
16	rs8058882	31350665	0	1.095978e-03	1.860686e-04	1
16	rs8058928	30704312	0	7.026828e-04	9.650899e-05	1
16	rs8058961	30809063	0	6.521133e-05	8.524643e-06	1
16	rs8059475	30868485	0	-3.828790e-04	-5.432825e-05	1
16	rs8059619	29925445	0	-9.296524e-04	-1.373682e-04	1
16	rs8060163	31297146	0	-8.617863e-04	-1.636637e-04	1
16	rs8060268	31345280	0	3.235667e-04	4.283956e-05	1
16	rs8060511	30101596	0	-4.946023e-04	-6.195690e-05	1
16	rs8060853	30403858	0	3.179854e-04	4.256205e-05	1
16	rs8060857	31002720	0	-2.562795e-04	-3.103086e-05	1
16	rs8061047	31068960	0	1.577640e-04	1.921104e-05	1
16	rs8061634	29833414	0	2.872753e-04	4.245265e-05	1
16	rs8061729	31283576	0	-4.088251e-04	-5.314669e-05	1
16	rs8061772	30119525	0	-1.586397e-04	-2.372032e-05	1
16	rs8061773	29746166	0	5.265663e-04	8.097515e-05	1
16	rs8062082	29672582	0	1.655053e-05	2.751406e-06	1
16	rs8062159	31350033	0	3.892196e-04	4.793945e-05	1
16	rs8062426	31263553	0	5.550845e-04	7.560081e-05	1
16	rs8062719	31002664	0	-2.431548e-04	-3.029877e-05	1
16	rs8063005	30617698	0	-1.678513e-04	-2.559697e-05	1
16	rs8063565	30883965	0	-2.850411e-04	-3.965677e-05	1
16	rs8063700	30909244	0	-5.022434e-04	-7.480545e-05	1
16	rs8063720	30174531	0	2.817361e-04	4.447300e-05	1
16	rs8063942	30455434	0	1.476152e-04	2.574973e-05	1
16	rs8335	29869748	0	5.059819e-04	9.848457e-05	1
16	rs881929	31079371	0	-2.550870e-04	-3.207672e-05	1
16	rs885107	30672719	0	6.359331e-04	8.509585e-05	1
16	rs889548	31137712	0	-3.077796e-04	-3.900835e-05	1
16	rs889549	31266951	0	3.981107e-04	5.305313e-05	1
16	rs889551	31260422	0	8.468844e-04	1.318016e-04	1
16	rs889555	31122571	0	3.930343e-04	5.173928e-05	1
16	rs897984	30886643	0	-8.109096e-04	-1.115922e-04	1
16	rs897986	30980902	0	-3.448989e-04	-4.239670e-05	1
16	rs930392	30194840	0	6.711963e-04	8.914001e-05	1
16	rs9319587	30833246	0	2.501001e-04	3.184792e-05	1
16	rs9319588	30930983	0	-4.618254e-04	-5.787228e-05	1
16	rs9673398	31347519	0	1.227578e-03	2.249125e-04	1
16	rs9673404	31347592	0	3.892196e-04	4.793943e-05	1
16	rs9673405	31347599	0	3.892196e-04	4.793943e-05	1
16	rs9673428	30548565	0	-6.817358e-04	-9.532713e-05	1
16	rs9673519	31347557	0	6.102475e-04	8.830303e-05	1
16	rs9673522	31347648	0	3.892196e-04	4.793941e-05	1
16	rs9673641	31039376	0	2.928549e-04	3.633759e-05	1
16	rs9674009	31347541	0	3.892196e-04	4.793941e-05	1
16	rs9745421	31326081	0	4.367444e-04	6.457053e-05	1
16	rs9746394	31300769	0	-5.261267e-04	-7.013297e-05	1
16	rs9783783	30078492	0	-4.565083e-04	-5.699105e-05	1
16	rs9788865	31009588	0	-8.473369e-05	-1.071339e-05	1
16	rs9796793	30495652	0	-1.311027e-04	-2.300026e-05	1
16	rs9796794	31081585	0	-5.043242e-04	-6.629209e-05	1
16	rs9796842	30876208	0	-4.101683e-04	-5.882494e-05	1
16	rs9806804	30556490	0	1.629305e-04	2.704151e-05	1
16	rs9888739	31313253	0	4.367444e-04	6.457053e-05	1
16	rs9888879	31310372	0	4.367444e-04	6.457052e-05	1
16	rs9888907	31349040	0	4.499138e-04	6.105649e-05	1
16	rs9888967	30407979	0	4.892296e-05	6.235006e-06	1
16	rs9921711	30394541	0	8.724534e-05	1.145218e-05	1
16	rs9921783	29839449	0	3.311222e-04	4.931328e-05	1
16	rs9921835	30811891	0	1.643181e-04	2.157140e-05	1
16	rs9922041	30110467	0	-2.764398e-04	-3.306418e-05	1
16	rs9922666	29698625	0	6.741662e-04	1.013356e-04	1
16	rs9922766	31286030	0	2.558642e-04	3.919269e-05	1
16	rs9923270	31255784	0	-8.285068e-04	-1.284504e-04	1
16	rs9923341	29698710	0	4.842846e-04	6.948216e-05	1
16	rs9923357	31286014	0	2.558642e-04	3.919268e-05	1
16	rs9923649	29832138	0	3.177630e-04	4.728115e-05	1
16	rs9923767	31305290	0	4.367444e-04	6.457051e-05	1
16	rs9924077	30606489	0	3.412575e-05	6.037341e-06	1
16	rs9924308	30154740	0	6.285007e-04	8.226933e-05	1
16	rs9924686	30003076	0	-5.441445e-04	-7.171319e-05	1
16	rs9925025	30644899	0	4.936486e-04	6.299835e-05	1
16	rs9925102	29983148	0	-4.591851e-04	-5.950451e-05	1
16	rs9925915	29993686	0	-2.826025e-04	-3.518061e-05	1
16	rs9925964	31129895	0	-3.077796e-04	-3.900835e-05	1
16	rs9925985	31305593	0	-4.839345e-04	-6.383163e-05	1
16	rs9926533	31014179	0	-9.080049e-05	-1.144083e-05	1
16	rs9927137	30634300	0	-7.474633e-06	-9.191647e-07	1
16	rs9927295	31077409	0	-2.288704e-04	-3.164308e-05	1
16	rs9928372	31312053	0	4.367444e-04	6.457050e-05	1
16	rs9928448	30072530	0	-4.559695e-04	-5.765759e-05	1
16	rs9928572	30743522	0	-6.130541e-04	-8.193617e-05	1
16	rs9928749	31306320	0	4.367444e-04	6.457049e-05	1
16	rs9929899	31062701	0	-5.212624e-04	-6.901090e-05	1
16	rs9929925	29763764	0	9.647510e-04	1.707284e-04	1
16	rs9930280	30503414	0	1.057172e-04	1.253748e-05	1
16	rs9930524	31312006	0	4.367444e-04	6.457048e-05	1
16	rs9930811	31400360	0	-4.924180e-05	-5.970014e-06	1
16	rs9931651	31397800	0	5.806219e-04	1.139792e-04	1
16	rs9932193	30068469	0	-5.386358e-04	-6.923972e-05	1
16	rs9932196	29983119	0	-3.725704e-04	-4.734760e-05	1
16	rs9932416	29682494	0	1.317929e-04	1.699576e-05	1
16	rs9932556	31247078	0	-6.452968e-04	-9.401880e-05	1
16	rs9932572	30841642	0	4.851902e-04	6.082113e-05	1
16	rs9932605	30092048	0	-5.736227e-04	-7.344257e-05	1
16	rs9932653	29865673	0	3.635498e-04	5.445099e-05	1
16	rs9932702	29982961	0	-4.591851e-04	-5.950445e-05	1
16	rs9933310	29690904	0	1.241566e-04	1.563234e-05	1
16	rs9933358	30182074	1	3.217038e-04	5.215711e-05	1
16	rs9933520	31343386	0	-6.692023e-05	-9.958336e-06	1
16	rs9933875	30815838	0	4.045622e-04	4.996283e-05	1
16	rs9933937	31307622	0	3.742586e-04	5.424422e-05	1
16	rs9934108	31462024	0	3.673369e-04	4.637704e-05	1
16	rs9934249	30833912	0	-6.571669e-04	-8.587867e-05	1
16	rs9934360	29588933	0	-5.136897e-05	-8.769662e-06	1
16	rs9934438	31104878	0	-2.550870e-04	-3.207669e-05	1
16	rs9934579	30474856	0	-2.745288e-04	-4.061550e-05	1
16	rs9934806	30593059	0	-2.059213e-04	-3.161064e-05	1
16	rs9936065	30409699	0	2.080963e-04	3.652413e-05	1
16	rs9936329	31140799	0	-3.077796e-04	-3.900833e-05	1
16	rs9936474	29932691	0	-9.296524e-04	-1.373680e-04	1
16	rs9936496	29758793	0	9.447836e-04	1.653823e-04	1
16	rs9936831	31287148	0	2.558642e-04	3.919265e-05	1
16	rs9937645	31311998	0	2.560022e-05	3.965335e-06	1
16	rs9937837	31298939	0	-5.850302e-04	-7.934811e-05	1
16	rs9938050	30947904	0	-2.988775e-04	-3.643513e-05	1
16	rs9938063	31302938	0	1.447293e-04	2.171292e-05	1
16	rs9938088	30830004	0	5.425506e-04	6.886384e-05	1
16	rs9938177	31278991	0	9.364416e-04	1.547867e-04	1
16	rs9938630	29837108	0	2.154471e-04	3.063674e-05	1
16	rs9938765	31366758	0	2.082129e-04	3.693617e-05	1
16	rs9939286	31162303	0	-3.860885e-04	-4.951137e-05	1
16	rs9939417	31053467	0	-2.555841e-04	-3.216887e-05	1
16	rs9939514	29855731	0	3.224600e-04	4.794560e-05	1
16	rs9939558	31038687	0	-5.048213e-04	-6.642174e-05	1
16	rs9939679	31288121	0	9.473128e-05	1.413106e-05	1
16	rs9939774	30068354	0	-9.106894e-04	-1.413935e-04	1
16	rs9940397	31303201	1	2.883442e-05	4.472879e-06	1
16	rs9940440	29684788	0	1.823581e-04	2.317404e-05	1
16	rs9940962	29703334	0	2.263678e-04	3.432555e-05	1
16	rs9972727	31149142	0	-1.400059e-04	-1.726614e-05	1
16	rs9989432	31225189	0	-9.534906e-04	-1.929481e-04	1
