chr	rs	ps	n_miss	b	beta	gamma
12	rs1001127	6601743	0	1.205887e-04	4.268251e-06	1
12	rs1017101	6574301	0	-1.917483e-04	-6.797781e-06	1
12	rs1034969	6573856	0	-2.280633e-04	-8.081553e-06	1
12	rs1043262	6639088	0	2.667553e-04	9.470930e-06	1
12	rs1043271	6640676	1	4.971848e-04	1.787409e-05	1
12	rs1043282	6640976	0	-1.571454e-04	-5.708772e-06	1
12	rs10437831	6620779	0	6.352681e-04	2.286567e-05	1
12	rs10444482	6800827	0	1.473920e-04	5.645564e-06	1
12	rs1045452	6572048	0	-6.497613e-04	-2.324621e-05	1
12	rs1045546	6567907	0	-1.386729e-04	-5.005430e-06	1
12	rs1045548	6570966	0	-7.556072e-04	-2.713965e-05	1
12	rs1045553	6747295	0	1.707027e-04	6.051558e-06	1
12	rs10466905	6502832	0	4.091498e-04	1.493579e-05	1
12	rs1047776	6948692	0	-1.489137e-03	-5.698474e-05	1
12	rs1047792	6649099	0	-1.633809e-04	-5.894403e-06	1
12	rs1048402	6601175	0	4.779586e-04	1.688282e-05	1
12	rs10492096	6580582	0	-2.097019e-04	-7.578730e-06	1
12	rs10492097	6394678	0	-4.553027e-04	-1.641012e-05	1
12	rs1050629	6857289	0	2.509383e-04	9.537225e-06	1
12	rs1056968	6528629	0	-4.818220e-04	-1.710739e-05	1
12	rs1057510	6683287	0	-6.112223e-04	-2.197504e-05	1
12	rs1060619	6644781	0	-5.867502e-04	-2.109993e-05	1
12	rs1060620	6644722	0	-4.998590e-04	-1.788822e-05	1
12	rs1060621	6644696	0	-2.666859e-04	-9.637029e-06	1
12	rs1065691	6646320	0	-5.537481e-04	-1.990612e-05	1
12	rs10735058	6617372	0	2.012879e-04	7.147214e-06	1
12	rs10735059	6625130	0	-4.654765e-05	-1.661788e-06	1
12	rs10744700	6297863	0	-8.028343e-04	-2.871065e-05	1
12	rs10744702	6349127	0	-2.463272e-04	-8.605692e-06	1
12	rs10744705	6498695	0	-3.670965e-04	-1.370589e-05	1
12	rs10744706	6503218	0	-2.085137e-04	-7.442132e-06	1
12	rs10744709	6617351	0	2.012879e-04	7.147209e-06	1
12	rs10744710	6617559	0	5.524521e-04	1.977557e-05	1
12	rs1075835	6905417	0	5.074059e-04	1.841811e-05	1
12	rs1075836	6905550	0	-4.960456e-04	-1.748242e-05	1
12	rs1075837	6905608	0	-5.287297e-04	-1.868068e-05	1
12	rs1075838	6905715	0	-5.287297e-04	-1.868068e-05	1
12	rs1076415	6289938	0	-2.957046e-04	-1.038101e-05	1
12	rs10774394	6238593	0	2.929734e-05	1.046362e-06	1
12	rs10774407	6286080	0	-7.907039e-04	-2.810248e-05	1
12	rs10774409	6288322	0	-5.481057e-04	-1.925324e-05	1
12	rs10774411	6299423	0	-1.055629e-03	-3.837425e-05	1
12	rs10774412	6299448	0	-1.078980e-03	-3.941082e-05	1
12	rs10774413	6299813	0	-1.186635e-03	-4.349398e-05	1
12	rs10774415	6300246	0	-1.065771e-03	-3.871376e-05	1
12	rs10774424	6380357	0	3.152220e-04	1.108807e-05	1
12	rs10774431	6535649	0	-8.704027e-05	-3.045067e-06	1
12	rs10774432	6565750	0	-9.251360e-04	-3.360044e-05	1
12	rs10774435	6616120	0	-2.143102e-04	-7.620777e-06	1
12	rs10774436	6629266	0	2.538855e-04	9.020276e-06	1
12	rs10774437	6655450	0	-7.247391e-06	-2.404753e-07	1
12	rs10774438	6699865	0	-7.725280e-04	-2.826129e-05	1
12	rs10774440	6757401	0	8.695375e-05	3.272154e-06	1
12	rs10774442	6829472	0	1.199517e-03	4.430700e-05	1
12	rs10774443	6848212	1	-2.220819e-04	-8.191944e-06	1
12	rs10774445	6850528	0	-1.085164e-04	-3.979577e-06	1
12	rs10774448	6907289	0	1.047209e-03	3.989798e-05	1
12	rs10849392	6243869	2	-4.006680e-05	-1.381710e-06	1
12	rs10849410	6280732	0	2.923649e-04	1.021816e-05	1
12	rs10849411	6285818	0	-1.052505e-04	-3.656920e-06	1
12	rs10849413	6285867	0	-8.309184e-04	-2.962166e-05	1
12	rs10849414	6286370	0	-8.309184e-04	-2.962165e-05	1
12	rs10849426	6362158	0	4.153940e-04	1.563320e-05	1
12	rs10849431	6375865	0	7.125395e-04	2.712383e-05	1
12	rs10849432	6385727	0	-2.280859e-04	-8.375288e-06	1
12	rs10849433	6406904	0	-1.008242e-03	-3.686441e-05	1
12	rs10849434	6407044	0	-1.136509e-03	-4.231947e-05	1
12	rs10849436	6409619	0	-3.823782e-04	-1.388638e-05	1
12	rs10849438	6412036	0	-5.918513e-04	-2.238459e-05	1
12	rs10849439	6415331	0	4.714124e-04	1.719793e-05	1
12	rs10849441	6435571	0	-2.883217e-04	-1.003053e-05	1
12	rs10849449	6498662	0	-6.017097e-04	-2.149262e-05	1
12	rs10849451	6524679	0	-5.278719e-04	-1.871320e-05	1
12	rs10849452	6525121	0	-4.655204e-04	-1.647020e-05	1
12	rs10849453	6528252	0	5.803435e-04	2.061905e-05	1
12	rs10849454	6534654	0	3.729504e-04	1.338644e-05	1
12	rs10849462	6575992	0	-1.427936e-04	-5.155435e-06	1
12	rs10849465	6580365	0	-6.220713e-04	-2.198861e-05	1
12	rs10849466	6582278	0	-8.256953e-04	-2.985739e-05	1
12	rs10849468	6596695	0	1.205887e-04	4.268223e-06	1
12	rs10849469	6605811	0	-1.418005e-04	-5.156939e-06	1
12	rs10849470	6606493	0	-1.418005e-04	-5.156938e-06	1
12	rs10849471	6610118	0	-1.418005e-04	-5.156937e-06	1
12	rs10849472	6610300	0	-1.418005e-04	-5.156936e-06	1
12	rs10849474	6610726	0	-1.418005e-04	-5.156935e-06	1
12	rs10849475	6615202	0	-1.418005e-04	-5.156934e-06	1
12	rs10849477	6616087	0	-1.418005e-04	-5.156933e-06	1
12	rs10849478	6621251	0	7.770686e-04	2.773920e-05	1
12	rs10849479	6624806	0	-6.403383e-05	-2.324080e-06	1
12	rs10849480	6629113	0	8.084520e-04	2.876322e-05	1
12	rs10849481	6633621	0	-5.746455e-04	-2.072593e-05	1
12	rs10849482	6635274	0	-1.219335e-04	-4.351435e-06	1
12	rs10849483	6635374	0	-1.219335e-04	-4.351433e-06	1
12	rs10849484	6637941	0	-1.219335e-04	-4.351430e-06	1
12	rs10849485	6640267	0	-6.909990e-04	-2.445588e-05	1
12	rs10849487	6653762	0	4.994554e-05	1.785013e-06	1
12	rs10849488	6654050	0	5.195124e-05	1.841122e-06	1
12	rs10849492	6720795	0	-7.144428e-04	-2.604133e-05	1
12	rs10849493	6754518	0	-1.617280e-04	-6.109384e-06	1
12	rs10849503	6850713	0	-2.458045e-04	-9.035322e-06	1
12	rs10849504	6850911	0	-2.564824e-04	-9.509605e-06	1
12	rs10849505	6850916	0	-2.458045e-04	-9.035321e-06	1
12	rs10849506	6851193	0	-1.019670e-04	-3.741861e-06	1
12	rs10849507	6851562	0	-5.167833e-06	-1.850433e-07	1
12	rs10849508	6851638	0	-1.126449e-04	-4.168041e-06	1
12	rs10849509	6851649	0	-5.167833e-06	-1.850422e-07	1
12	rs10849510	6851758	0	-1.126449e-04	-4.168040e-06	1
12	rs10849511	6851813	0	-1.126449e-04	-4.168040e-06	1
12	rs10849517	6907026	0	1.004366e-03	3.836718e-05	1
12	rs10849523	6923286	0	-2.488780e-04	-9.335374e-06	1
12	rs11064018	6195675	0	3.503743e-05	1.278764e-06	1
12	rs11064019	6196300	0	3.503743e-05	1.278763e-06	1
12	rs11064020	6196314	0	3.503743e-05	1.278763e-06	1
12	rs11064021	6196413	0	3.503743e-05	1.278763e-06	1
12	rs11064022	6196444	0	3.503743e-05	1.278763e-06	1
12	rs11064024	6202049	0	-8.615903e-04	-3.068852e-05	1
12	rs11064046	6248585	0	-7.658860e-05	-2.668731e-06	1
12	rs11064076	6286671	0	-1.605883e-04	-5.600276e-06	1
12	rs11064078	6294210	0	-1.194800e-03	-4.399652e-05	1
12	rs11064079	6295614	0	-8.196880e-04	-2.935861e-05	1
12	rs11064080	6295644	0	-8.028343e-04	-2.871053e-05	1
12	rs11064081	6295701	0	-8.028343e-04	-2.871052e-05	1
12	rs11064082	6295905	0	-8.028343e-04	-2.871051e-05	1
12	rs11064098	6343123	0	-4.796768e-04	-1.800222e-05	1
12	rs11064110	6361004	0	4.685639e-04	1.779318e-05	1
12	rs11064111	6362362	0	-1.340247e-04	-5.018978e-06	1
12	rs11064113	6364639	0	-1.869949e-04	-7.012604e-06	1
12	rs11064115	6367229	0	3.369570e-04	1.267553e-05	1
12	rs11064116	6367415	0	3.369570e-04	1.267553e-05	1
12	rs11064117	6367552	0	3.369570e-04	1.267553e-05	1
12	rs11064123	6380978	0	3.152220e-04	1.108808e-05	1
12	rs11064124	6381507	0	3.179520e-04	1.167626e-05	1
12	rs11064130	6401379	0	-4.038964e-04	-1.452937e-05	1
12	rs11064131	6404952	0	-4.748173e-04	-1.784505e-05	1
12	rs11064153	6488450	0	-6.191736e-04	-2.239399e-05	1
12	rs11064156	6490381	0	-9.591935e-04	-3.422420e-05	1
12	rs11064159	6502361	0	-2.972131e-04	-1.063361e-05	1
12	rs11064160	6502708	0	-1.311463e-04	-4.698669e-06	1
12	rs11064163	6505529	0	-2.084003e-05	-7.943899e-07	1
12	rs11064180	6523249	0	3.123008e-04	1.102111e-05	1
12	rs11064181	6523724	0	-6.049015e-04	-2.153499e-05	1
12	rs11064182	6527237	0	1.436042e-04	5.057136e-06	1
12	rs11064185	6531223	0	3.848034e-05	1.343518e-06	1
12	rs11064186	6532015	0	3.456880e-04	1.222888e-05	1
12	rs11064192	6549564	0	-1.328366e-04	-4.693790e-06	1
12	rs11064202	6563452	0	-4.119486e-04	-1.583775e-05	1
12	rs11064210	6576721	0	-1.970594e-05	-7.012263e-07	1
12	rs11064213	6580376	0	-8.692278e-05	-3.104048e-06	1
12	rs11064214	6580854	0	-2.097019e-04	-7.578707e-06	1
12	rs11064218	6586261	0	-9.199014e-05	-3.315336e-06	1
12	rs11064220	6592574	0	-1.476510e-04	-5.271242e-06	1
12	rs11064221	6595559	0	4.412409e-04	1.556018e-05	1
12	rs11064222	6595844	5	4.252094e-04	1.499842e-05	1
12	rs11064223	6596326	0	1.205887e-04	4.268219e-06	1
12	rs11064224	6596430	0	1.205887e-04	4.268217e-06	1
12	rs11064226	6597787	0	4.779586e-04	1.688274e-05	1
12	rs11064227	6598043	0	-1.219335e-04	-4.351404e-06	1
12	rs11064231	6604415	0	-1.219335e-04	-4.351402e-06	1
12	rs11064233	6607898	0	5.906564e-04	2.093319e-05	1
12	rs11064234	6608051	0	-1.418005e-04	-5.156924e-06	1
12	rs11064237	6614156	0	8.729816e-04	3.161698e-05	1
12	rs11064239	6615612	0	-1.219335e-04	-4.351391e-06	1
12	rs11064241	6623097	0	-7.347746e-04	-2.607482e-05	1
12	rs11064242	6625311	0	6.551956e-04	2.353978e-05	1
12	rs11064245	6631725	0	6.882207e-04	2.473014e-05	1
12	rs11064246	6653118	0	5.576783e-05	1.990315e-06	1
12	rs11064247	6653584	0	1.837768e-04	7.044571e-06	1
12	rs11064248	6654336	0	-2.020054e-05	-7.154317e-07	1
12	rs11064249	6654604	0	-2.312345e-05	-7.997874e-07	1
12	rs11064250	6655149	0	4.994554e-05	1.785045e-06	1
12	rs11064252	6662744	0	2.326550e-04	8.920340e-06	1
12	rs11064254	6668724	0	-1.007830e-03	-3.759460e-05	1
12	rs11064255	6669257	0	-8.107478e-04	-2.972661e-05	1
12	rs11064262	6689398	0	2.093278e-04	7.982970e-06	1
12	rs11064265	6694304	0	1.837768e-04	7.044571e-06	1
12	rs11064266	6694655	0	-9.399013e-04	-3.486998e-05	1
12	rs11064268	6695278	0	-7.725280e-04	-2.826125e-05	1
12	rs11064270	6695988	0	1.837768e-04	7.044571e-06	1
12	rs11064272	6700146	0	-1.023374e-03	-3.819934e-05	1
12	rs11064276	6706982	0	1.499030e-04	5.734087e-06	1
12	rs11064281	6721425	0	-1.140470e-03	-4.305768e-05	1
12	rs11064282	6721547	0	-3.082588e-04	-1.159638e-05	1
12	rs11064295	6743450	0	-1.645990e-04	-5.920514e-06	1
12	rs11064296	6744829	0	2.084442e-04	7.575690e-06	1
12	rs11064300	6758403	0	-5.943063e-05	-2.223777e-06	1
12	rs11064303	6762870	0	3.000734e-04	1.152137e-05	1
12	rs11064306	6764030	0	4.203821e-04	1.483276e-05	1
12	rs11064316	6801001	0	1.473920e-04	5.645563e-06	1
12	rs11064323	6812100	0	4.232123e-05	1.620166e-06	1
12	rs11064333	6834213	0	-2.892671e-04	-1.079566e-05	1
12	rs11064334	6835536	0	-4.397709e-04	-1.649684e-05	1
12	rs11064335	6841813	0	-3.235093e-04	-1.203312e-05	1
12	rs11064336	6844246	0	-3.039441e-04	-1.137485e-05	1
12	rs11064337	6845793	0	-3.437805e-05	-1.254132e-06	1
12	rs11064338	6846045	0	-3.909455e-04	-1.466283e-05	1
12	rs11064339	6847418	0	-1.085164e-04	-3.979560e-06	1
12	rs11064340	6847681	0	-1.085164e-04	-3.979560e-06	1
12	rs11064342	6847809	1	-8.797742e-06	-3.163167e-07	1
12	rs11064343	6847895	1	-1.502399e-04	-5.483251e-06	1
12	rs11064344	6847985	1	-2.220819e-04	-8.191922e-06	1
12	rs11064345	6848002	1	-2.220819e-04	-8.191921e-06	1
12	rs11064349	6849190	0	-2.271123e-04	-8.356182e-06	1
12	rs11064350	6849355	0	-1.085164e-04	-3.979556e-06	1
12	rs11064351	6849365	0	-2.564824e-04	-9.509588e-06	1
12	rs11064352	6849491	0	-1.195789e-04	-4.385145e-06	1
12	rs11064355	6851736	0	-1.698879e-05	-6.300910e-07	1
12	rs11064356	6852447	0	-3.445963e-05	-1.275482e-06	1
12	rs11064357	6852574	0	-1.387945e-04	-5.177794e-06	1
12	rs11064358	6853766	0	2.784584e-04	1.030276e-05	1
12	rs11064360	6855240	0	3.994057e-05	1.472984e-06	1
12	rs11064369	6866827	0	7.863347e-04	2.843477e-05	1
12	rs11064370	6868482	0	1.150584e-03	4.209406e-05	1
12	rs11064371	6868500	0	1.141703e-03	4.177113e-05	1
12	rs11064372	6868590	0	1.143779e-03	4.184307e-05	1
12	rs11064386	6896318	0	1.044538e-03	3.991625e-05	1
12	rs11064391	6897527	1	5.347635e-04	1.951238e-05	1
12	rs11064392	6898392	0	1.044538e-03	3.991625e-05	1
12	rs11064393	6899582	0	1.033485e-03	3.942226e-05	1
12	rs11064394	6906834	0	1.007839e-03	3.849035e-05	1
12	rs11064432	6968741	0	-6.436822e-05	-2.296895e-06	1
12	rs111311858	6815049	0	5.943868e-04	2.248940e-05	1
12	rs111443469	6213840	0	-3.925433e-04	-1.485661e-05	1
12	rs111547369	6742859	0	-5.260579e-05	-2.009565e-06	1
12	rs111571849	6758837	0	-3.390426e-04	-1.265811e-05	1
12	rs112161653	6414767	0	2.539730e-04	9.715200e-06	1
12	rs112255740	6852542	0	3.201339e-04	1.223199e-05	1
12	rs11227	6840371	0	-3.397462e-04	-1.199520e-05	1
12	rs112284808	6268754	0	-3.868247e-04	-1.461707e-05	1
12	rs112463032	6253038	0	-4.687037e-04	-1.796285e-05	1
12	rs112481081	6268733	0	-3.983755e-04	-1.506593e-05	1
12	rs112484799	6268767	0	-3.868247e-04	-1.461707e-05	1
12	rs112489230	6282693	0	-9.386482e-05	-3.597648e-06	1
12	rs112523274	6812302	0	5.943868e-04	2.248940e-05	1
12	rs112542578	6850819	0	1.479660e-04	5.639647e-06	1
12	rs112651654	6491280	0	2.507609e-04	9.577859e-06	1
12	rs112667902	6814296	0	4.359288e-04	1.638280e-05	1
12	rs112748569	6473620	0	4.664031e-04	1.792696e-05	1
12	rs112814955	6225931	0	-3.974645e-04	-1.503041e-05	1
12	rs112826761	6640910	0	-5.879356e-05	-2.216111e-06	1
12	rs112936609	6791077	0	-3.252658e-04	-1.240636e-05	1
12	rs113081282	6230544	0	-8.003932e-05	-3.066440e-06	1
12	rs113089859	6371668	0	-1.430221e-04	-5.484010e-06	1
12	rs113104597	6703172	0	-5.461810e-04	-2.011479e-05	1
12	rs113244573	6684385	0	-7.314151e-05	-2.806147e-06	1
12	rs113281544	6688517	0	-9.332507e-04	-3.460959e-05	1
12	rs113324349	6850725	0	-2.458045e-04	-9.035306e-06	1
12	rs113331457	6810131	0	3.885797e-04	1.455869e-05	1
12	rs113339765	6495827	0	-3.155750e-04	-1.213101e-05	1
12	rs113404207	6221848	0	5.330935e-04	2.035315e-05	1
12	rs113451139	6397308	0	-3.674967e-04	-1.341557e-05	1
12	rs113454053	6400591	13	9.081860e-04	3.414241e-05	1
12	rs113559360	6422052	0	4.073285e-04	1.566984e-05	1
12	rs113737586	6755121	0	-1.602330e-04	-6.100007e-06	1
12	rs113756914	6797472	0	-3.370653e-04	-1.298086e-05	1
12	rs113839140	6268746	0	-3.868247e-04	-1.461706e-05	1
12	rs114249506	6206316	0	-1.516703e-04	-5.713075e-06	1
12	rs114724388	6850459	0	1.479660e-04	5.639647e-06	1
12	rs114976192	6203533	0	-9.962807e-05	-3.736240e-06	1
12	rs11503137	6759116	0	-1.055246e-05	-3.961877e-07	1
12	rs115373837	6206543	0	-1.516703e-04	-5.713074e-06	1
12	rs11539542	6709059	0	-4.457089e-04	-1.638265e-05	1
12	rs11539543	6707526	0	-4.087693e-04	-1.502562e-05	1
12	rs11542844	6464581	0	4.704783e-05	1.736980e-06	1
12	rs11545053	6602645	0	8.729816e-04	3.161694e-05	1
12	rs11545054	6602732	0	5.475350e-04	1.938356e-05	1
12	rs11545055	6602696	0	5.475350e-04	1.938355e-05	1
12	rs115462318	6822544	0	2.464245e-04	9.213526e-06	1
12	rs115483248	6203480	0	-9.962807e-05	-3.736241e-06	1
12	rs115517017	6538823	0	-2.467928e-04	-9.169530e-06	1
12	rs11559082	6602367	0	-1.219335e-04	-4.351355e-06	1
12	rs11568225	6328113	0	-1.489425e-04	-5.596556e-06	1
12	rs11568283	6327437	0	-1.012379e-04	-3.879746e-06	1
12	rs11568284	6331487	0	6.390053e-04	2.458675e-05	1
12	rs11568285	6331489	0	6.390053e-04	2.458675e-05	1
12	rs11568287	6337041	0	-2.346274e-04	-8.949069e-06	1
12	rs11569357	6553336	0	-1.112307e-04	-4.215142e-06	1
12	rs11569358	6553504	0	-1.683538e-05	-6.378489e-07	1
12	rs11569359	6553604	0	6.238098e-04	2.249971e-05	1
12	rs11569361	6553806	0	3.597705e-04	1.295284e-05	1
12	rs11569377	6557541	0	4.568722e-04	1.747332e-05	1
12	rs11608428	6826848	0	2.828142e-04	1.059226e-05	1
12	rs11608767	6596807	0	4.779586e-04	1.688266e-05	1
12	rs11608814	6597129	0	8.626038e-04	3.126530e-05	1
12	rs11609816	6824541	0	4.316195e-04	1.610885e-05	1
12	rs11609820	6824614	0	-6.170115e-05	-2.313319e-06	1
12	rs11610189	6612114	0	8.729816e-04	3.161689e-05	1
12	rs11610322	6390413	0	-4.258331e-04	-1.555074e-05	1
12	rs11610549	6621641	0	1.032443e-03	3.768783e-05	1
12	rs11610712	6612883	0	1.136039e-03	4.223954e-05	1
12	rs11610774	6596336	0	4.779586e-04	1.688261e-05	1
12	rs11610787	6819084	0	3.305937e-04	1.238223e-05	1
12	rs11610821	6596772	0	4.779586e-04	1.688260e-05	1
12	rs11611855	6502260	0	-4.186599e-04	-1.459466e-05	1
12	rs11612258	6360683	0	8.852733e-04	3.183233e-05	1
12	rs11612361	6824706	0	4.316195e-04	1.610884e-05	1
12	rs11613996	6594059	13	7.423854e-04	2.684918e-05	1
12	rs11614343	6603413	0	5.475350e-04	1.938346e-05	1
12	rs11614534	6595025	0	4.779586e-04	1.688257e-05	1
12	rs11614609	6595443	0	8.034052e-04	2.898836e-05	1
12	rs11614716	6904146	0	4.617890e-04	1.644113e-05	1
12	rs11615534	6409706	0	-4.296801e-04	-1.611553e-05	1
12	rs11615628	6903631	0	7.277294e-04	2.618209e-05	1
12	rs11615946	6811611	0	5.257608e-04	1.982238e-05	1
12	rs11616188	6502742	0	-3.453236e-04	-1.201731e-05	1
12	rs116338948	6372577	0	-2.154063e-04	-8.237613e-06	1
12	rs116858650	6841765	0	1.388137e-04	5.290952e-06	1
12	rs116975956	6739441	0	3.000734e-04	1.152138e-05	1
12	rs116979198	6611613	0	-3.177220e-04	-1.203676e-05	1
12	rs117054975	6376428	0	2.277089e-04	8.685185e-06	1
12	rs117201340	6826336	0	2.834206e-06	1.040834e-07	1
12	rs117238872	6405746	0	-2.444993e-04	-9.312416e-06	1
12	rs117240847	6612576	0	-1.305669e-05	-4.993961e-07	1
12	rs117266687	6221398	0	5.330935e-04	2.035315e-05	1
12	rs117271422	6819272	0	-4.393715e-04	-1.680700e-05	1
12	rs117409748	6749947	0	2.510318e-04	9.527456e-06	1
12	rs117471807	6785945	0	7.260655e-05	2.767843e-06	1
12	rs117508554	6355163	0	-9.767032e-05	-3.739609e-06	1
12	rs117531641	6286087	0	-2.100439e-04	-7.942199e-06	1
12	rs117533088	6818252	0	-3.897544e-04	-1.462135e-05	1
12	rs117542912	6221399	0	5.330935e-04	2.035315e-05	1
12	rs117551058	6662661	0	4.232123e-05	1.620169e-06	1
12	rs117590443	6841764	0	1.388137e-04	5.290952e-06	1
12	rs117609117	6300972	0	-3.900115e-04	-1.481573e-05	1
12	rs117640469	6732130	0	5.017292e-06	1.866961e-07	1
12	rs117660359	6476559	0	-1.664666e-04	-6.369742e-06	1
12	rs117671134	6519382	0	1.056354e-04	4.027836e-06	1
12	rs117761448	6323140	0	-2.352057e-04	-9.029526e-06	1
12	rs117765687	6541070	0	-2.541491e-04	-9.687452e-06	1
12	rs117820614	6624738	0	-4.577293e-06	-1.784621e-07	1
12	rs117864785	6405745	0	-2.444993e-04	-9.312416e-06	1
12	rs117962564	6765989	0	-7.195154e-05	-2.739784e-06	1
12	rs117966544	6862292	0	-1.229826e-04	-4.691957e-06	1
12	rs117969050	6397988	0	1.105899e-04	4.198248e-06	1
12	rs118078062	6802779	0	4.843487e-05	1.855990e-06	1
12	rs118080174	6840057	0	9.006323e-05	3.425122e-06	1
12	rs118104888	6675080	0	-2.729938e-05	-1.049780e-06	1
12	rs118133042	6772076	0	-5.100478e-05	-1.941930e-06	1
12	rs118138505	6390642	0	-6.130887e-05	-2.335936e-06	1
12	rs118139043	6374769	0	4.549315e-05	1.728192e-06	1
12	rs11829480	6205320	0	-7.815746e-05	-2.932942e-06	1
12	rs11829713	6202859	0	-3.357523e-04	-1.249925e-05	1
12	rs11830706	6412860	0	-6.133326e-05	-2.242702e-06	1
12	rs11831214	6490158	0	-3.775386e-04	-1.403718e-05	1
12	rs11831220	6490235	0	-3.775386e-04	-1.403718e-05	1
12	rs11831244	6490316	0	-3.775386e-04	-1.403718e-05	1
12	rs11831297	6490609	0	-4.116062e-04	-1.529785e-05	1
12	rs11831426	6368905	0	1.060289e-04	3.981618e-06	1
12	rs11831514	6921244	0	-2.488780e-04	-9.335382e-06	1
12	rs11831706	6490293	0	-4.990283e-04	-1.875563e-05	1
12	rs11833291	6490033	0	-3.775386e-04	-1.403718e-05	1
12	rs11833796	6699547	0	-1.012554e-03	-3.775426e-05	1
12	rs11834074	6667564	0	1.104539e-04	4.225529e-06	1
12	rs11834945	6693713	0	1.499030e-04	5.734089e-06	1
12	rs11835719	6401412	0	1.480678e-04	5.559459e-06	1
12	rs11836708	6194657	0	-3.795090e-04	-1.418970e-05	1
12	rs11836843	6202818	0	-3.357523e-04	-1.249925e-05	1
12	rs11837434	6203155	0	-2.935598e-04	-1.106370e-05	1
12	rs12099908	6713636	0	-9.224310e-04	-3.417275e-05	1
12	rs12227716	6522914	0	-1.104178e-04	-3.943696e-06	1
12	rs12228763	6521808	0	-5.425499e-04	-1.927010e-05	1
12	rs12229187	6531927	0	-1.820009e-05	-6.524634e-07	1
12	rs12229469	6927158	0	-4.243861e-05	-1.460093e-06	1
12	rs12229492	6867152	0	7.056980e-04	2.625464e-05	1
12	rs12230340	6530818	0	-1.783301e-04	-6.278359e-06	1
12	rs12231078	6373573	0	6.416827e-04	2.432362e-05	1
12	rs12231295	6530819	0	8.598295e-05	3.027001e-06	1
12	rs12296430	6503500	0	5.661407e-04	2.094065e-05	1
12	rs12296592	6757768	0	3.835160e-04	1.390966e-05	1
12	rs12298161	6504207	0	-8.462757e-05	-3.194247e-06	1
12	rs12298980	6434625	0	-1.655429e-04	-5.753937e-06	1
12	rs12300705	6453265	0	-7.670369e-04	-2.907522e-05	1
12	rs12301294	6398359	0	-5.807250e-04	-2.124414e-05	1
12	rs12303027	6795760	0	-3.648050e-04	-1.347196e-05	1
12	rs12304975	6512942	0	1.014356e-04	3.858516e-06	1
12	rs12305250	6388273	0	-4.532126e-04	-1.663890e-05	1
12	rs12305465	6505896	0	-5.150879e-05	-1.957365e-06	1
12	rs12306554	6763673	0	-6.836084e-04	-2.600477e-05	1
12	rs12310847	6295957	0	-8.028343e-04	-2.871051e-05	1
12	rs12310862	6296003	0	-8.028343e-04	-2.871050e-05	1
12	rs12310984	6594787	0	4.779586e-04	1.688255e-05	1
12	rs12311033	6594853	0	4.779586e-04	1.688254e-05	1
12	rs12311866	6504037	0	-8.462757e-05	-3.194247e-06	1
12	rs12311981	6504188	0	-8.462757e-05	-3.194247e-06	1
12	rs12312834	6597927	1	3.031494e-04	1.062343e-05	1
12	rs12313899	6877858	0	1.042245e-04	3.606121e-06	1
12	rs12316584	6552048	0	-2.398170e-04	-9.104597e-06	1
12	rs12316639	6508471	1	-2.317322e-04	-8.867400e-06	1
12	rs12316668	6582330	0	-2.905468e-04	-1.018826e-05	1
12	rs12316748	6508659	2	-1.183113e-04	-4.500799e-06	1
12	rs12317079	6202462	0	-9.421568e-04	-3.375215e-05	1
12	rs12319859	6539491	0	-1.413092e-05	-5.180281e-07	1
12	rs12321015	6505636	0	-8.462757e-05	-3.194246e-06	1
12	rs12321069	6505647	0	-8.462757e-05	-3.194246e-06	1
12	rs12321102	6755194	0	-3.256852e-04	-1.219370e-05	1
12	rs12322266	6475082	0	-3.857487e-05	-1.376291e-06	1
12	rs12322472	6849643	0	-2.564824e-04	-9.509580e-06	1
12	rs12322604	6717645	0	-9.988667e-04	-3.721192e-05	1
12	rs12367882	6359872	0	4.482995e-04	1.698783e-05	1
12	rs12368360	6565718	0	-1.386729e-04	-5.005300e-06	1
12	rs12369647	6533032	0	4.057301e-04	1.538418e-05	1
12	rs12369967	6627356	0	2.538855e-04	9.020222e-06	1
12	rs12370390	6610443	0	-1.427008e-04	-5.072326e-06	1
12	rs12371184	6632925	0	-6.627336e-04	-2.397462e-05	1
12	rs12372459	6866355	0	1.617974e-04	5.998715e-06	1
12	rs12372572	6620623	0	-1.219335e-04	-4.351292e-06	1
12	rs12372671	6849428	0	-1.608263e-04	-6.002940e-06	1
12	rs12422771	6580273	0	-2.097019e-04	-7.578596e-06	1
12	rs12425927	6647828	0	2.758873e-04	1.027777e-05	1
12	rs12426815	6580314	0	-5.758855e-04	-2.071653e-05	1
12	rs12427239	6590626	0	-1.476510e-04	-5.271109e-06	1
12	rs12427243	6848892	0	1.868624e-04	7.107543e-06	1
12	rs12578573	6842959	0	-8.201474e-04	-2.948944e-05	1
12	rs12579898	6476583	0	-3.857487e-05	-1.376287e-06	1
12	rs12580729	6599507	0	8.626038e-04	3.126515e-05	1
12	rs12581183	6476252	0	-3.857487e-05	-1.376286e-06	1
12	rs12581986	6407737	0	-5.490199e-04	-2.008185e-05	1
12	rs12810167	6596499	0	4.779586e-04	1.688250e-05	1
12	rs12812284	6526617	0	1.436042e-04	5.057083e-06	1
12	rs12813891	6594255	0	5.120261e-04	1.810963e-05	1
12	rs12814720	6294417	0	-1.176377e-03	-4.328681e-05	1
12	rs12815397	6294390	0	-1.176377e-03	-4.328680e-05	1
12	rs12816221	6430737	0	-1.471024e-04	-5.109362e-06	1
12	rs12816349	6709945	0	5.015222e-04	1.810587e-05	1
12	rs12817054	6597321	0	4.779586e-04	1.688248e-05	1
12	rs12817967	6545994	0	4.631648e-04	1.643008e-05	1
12	rs12818921	6600471	0	4.779586e-04	1.688247e-05	1
12	rs12821018	6430776	0	-1.471024e-04	-5.109362e-06	1
12	rs12822404	6430745	0	-1.471024e-04	-5.109364e-06	1
12	rs12822586	6598122	0	4.779586e-04	1.688246e-05	1
12	rs12826041	6227630	0	-1.662510e-04	-5.790379e-06	1
12	rs12831467	6995686	0	-9.437363e-04	-3.371428e-05	1
12	rs12964	6572191	0	-2.978971e-04	-1.042590e-05	1
12	rs1319389	6592023	0	-5.371572e-04	-1.905260e-05	1
12	rs13306614	6464784	0	-1.243168e-04	-4.756887e-06	1
12	rs13306621	6473030	0	3.569516e-04	1.366217e-05	1
12	rs13402	6862174	0	2.871613e-04	1.061699e-05	1
12	rs138365831	6569440	0	-4.068923e-04	-1.564937e-05	1
12	rs13842	6572561	0	-7.210066e-04	-2.582656e-05	1
12	rs138605118	6512559	0	-9.526033e-05	-3.626213e-06	1
12	rs138731227	6536587	0	-3.109314e-04	-1.127914e-05	1
12	rs138891567	6848947	0	1.479660e-04	5.639641e-06	1
12	rs138899113	6395053	0	9.872799e-05	3.749422e-06	1
12	rs139129663	6688846	0	-4.173378e-04	-1.533209e-05	1
12	rs139431235	6208787	0	-1.857378e-04	-6.997892e-06	1
12	rs140021828	6851444	0	1.074771e-04	4.086406e-06	1
12	rs140093587	6395910	0	9.872799e-05	3.749422e-06	1
12	rs140573351	6852931	0	-1.539895e-05	-5.840588e-07	1
12	rs140661902	6809318	0	-8.634537e-05	-3.293032e-06	1
12	rs140709663	6623008	0	-1.718543e-04	-6.499688e-06	1
12	rs141230209	6741258	0	1.776250e-04	6.776425e-06	1
12	rs141864201	6851309	0	-2.828475e-05	-1.078416e-06	1
12	rs141937196	6848750	0	1.388137e-04	5.290946e-06	1
12	rs141950953	6785232	0	-1.045366e-04	-3.980773e-06	1
12	rs142183819	6410851	0	-2.444993e-04	-9.312414e-06	1
12	rs142266502	6365368	0	-1.279896e-04	-4.855538e-06	1
12	rs142332705	6860562	0	2.158513e-04	8.234875e-06	1
12	rs142710889	6197572	0	-4.190536e-04	-1.569480e-05	1
12	rs143328932	6541127	0	3.185560e-04	1.210542e-05	1
12	rs143730239	6377095	0	2.758353e-04	1.055973e-05	1
12	rs143860788	6192635	0	-4.190536e-04	-1.569480e-05	1
12	rs144003097	6212510	14	-6.113670e-04	-2.364369e-05	1
12	rs144055655	6828739	0	4.134158e-04	1.545554e-05	1
12	rs144100949	6565871	0	3.089930e-04	1.179852e-05	1
12	rs144169955	6850235	0	2.233347e-04	8.527163e-06	1
12	rs144850263	6850101	0	1.067787e-05	4.046591e-07	1
12	rs145066428	6400796	7	-1.204839e-04	-4.625005e-06	1
12	rs145596238	6403109	0	-1.078497e-04	-4.069101e-06	1
12	rs145710745	6834540	0	-1.947134e-04	-7.396277e-06	1
12	rs145780917	6693526	0	-4.802854e-04	-1.852473e-05	1
12	rs145848488	6285803	0	-2.653817e-04	-1.005135e-05	1
12	rs146094919	6662485	0	1.939710e-04	7.445222e-06	1
12	rs146111161	6909973	0	-1.089493e-04	-4.161396e-06	1
12	rs146242455	6541358	0	-2.541491e-04	-9.687451e-06	1
12	rs146256301	6632816	0	-3.754990e-04	-1.443981e-05	1
12	rs146307771	6395942	0	1.059132e-04	4.017234e-06	1
12	rs146416192	6614741	0	1.444692e-04	5.521875e-06	1
12	rs1468603	6427052	0	-3.819971e-04	-1.327798e-05	1
12	rs146902162	6828798	0	4.134158e-04	1.545554e-05	1
12	rs146983427	6615199	0	-3.073050e-04	-1.167659e-05	1
12	rs147231096	6388104	0	2.911634e-06	1.101213e-07	1
12	rs147714617	6605299	0	-2.695416e-04	-1.023709e-05	1
12	rs148252326	6337076	0	-4.239574e-05	-1.618578e-06	1
12	rs148412980	6537033	1	-1.632600e-04	-5.904648e-06	1
12	rs148464148	6387842	1	1.538888e-06	5.785277e-08	1
12	rs148871353	6364352	0	3.369570e-04	1.267551e-05	1
12	rs149093296	6594883	0	-1.219335e-04	-4.351252e-06	1
12	rs149309764	6841555	0	-2.257588e-04	-8.460853e-06	1
12	rs149521873	6395871	0	9.872799e-05	3.749422e-06	1
12	rs149834229	6396652	0	1.105899e-04	4.198248e-06	1
12	rs149914060	6650179	2	-1.460243e-05	-5.594810e-07	1
12	rs150169197	6822847	0	2.580544e-04	9.680691e-06	1
12	rs150216194	6825615	0	-4.038251e-04	-1.517370e-05	1
12	rs150374567	6850705	0	1.479660e-04	5.639640e-06	1
12	rs150378883	6210873	0	-1.857378e-04	-6.997891e-06	1
12	rs150686823	6851428	0	3.201339e-04	1.223199e-05	1
12	rs150738444	6508319	0	-5.150879e-05	-1.957363e-06	1
12	rs1558324	6289219	0	-8.067249e-04	-2.885378e-05	1
12	rs1558325	6289108	0	-7.500621e-04	-2.671746e-05	1
12	rs1558326	6289092	0	-7.500621e-04	-2.671745e-05	1
12	rs1558327	6289067	0	-7.500621e-04	-2.671744e-05	1
12	rs1558328	6288834	0	-9.124797e-04	-3.276985e-05	1
12	rs1558333	6675055	0	7.976603e-04	2.999331e-05	1
12	rs1558334	6601825	0	8.034052e-04	2.898823e-05	1
12	rs1558335	6601834	0	4.779586e-04	1.688242e-05	1
12	rs1610055	6195368	0	3.503743e-05	1.278735e-06	1
12	rs1610056	6195397	0	3.503743e-05	1.278735e-06	1
12	rs1639123	6714668	0	-5.931313e-04	-2.130557e-05	1
12	rs16928082	6396156	0	-5.790761e-04	-2.090351e-05	1
12	rs16932500	6394730	0	-5.219291e-04	-1.900154e-05	1
12	rs16932501	6402187	0	-3.095011e-04	-1.110177e-05	1
12	rs16932505	6402273	0	-3.095011e-04	-1.110176e-05	1
12	rs16932506	6402340	0	-1.950008e-04	-7.081650e-06	1
12	rs1734114	6713450	0	-6.892706e-04	-2.494100e-05	1
12	rs1734116	6715593	0	-8.161296e-04	-2.979067e-05	1
12	rs1734117	6721707	0	-7.358555e-04	-2.672608e-05	1
12	rs17516063	6898182	0	1.044538e-03	3.991626e-05	1
12	rs17788043	6692672	0	-5.304930e-04	-2.049337e-05	1
12	rs17788055	6693012	0	-4.329033e-04	-1.652274e-05	1
12	rs17790300	6685188	0	2.323081e-04	8.907012e-06	1
12	rs1800693	6440009	0	-6.082616e-04	-2.156502e-05	1
12	rs1803621	6647109	0	-4.328013e-04	-1.544840e-05	1
12	rs1803622	6647453	0	-5.792335e-04	-2.086921e-05	1
12	rs1814249	6231022	0	-7.696707e-05	-2.668321e-06	1
12	rs185627928	6582890	0	-3.309037e-04	-1.245808e-05	1
12	rs1860364	6194243	0	-1.563322e-03	-6.049763e-05	1
12	rs186355289	6354158	0	-1.012379e-04	-3.879744e-06	1
12	rs187346860	6848234	1	7.184201e-05	2.731018e-06	1
12	rs1882545	6885410	0	1.512137e-03	5.726701e-05	1
12	rs1882547	6839218	0	-5.600570e-04	-1.996705e-05	1
12	rs1882548	6838903	0	-8.255985e-04	-3.090615e-05	1
12	rs1882549	6836542	0	-2.940786e-04	-1.049976e-05	1
12	rs1882550	6876161	0	-1.565292e-05	-5.532108e-07	1
12	rs1882553	6747578	0	2.709991e-04	9.669390e-06	1
12	rs188613052	6251548	0	2.175642e-04	8.322734e-06	1
12	rs189055457	6849252	8	-8.272614e-05	-3.164599e-06	1
12	rs190161412	6738312	1	5.274107e-05	2.004984e-06	1
12	rs190922658	6825595	0	1.960025e-04	7.468419e-06	1
12	rs191827900	6196609	0	1.091164e-05	3.959740e-07	1
12	rs1922452	6896194	0	-2.065667e-04	-7.206737e-06	1
12	rs192294847	6406152	0	-2.444993e-04	-9.312414e-06	1
12	rs1981669	6598898	0	4.779586e-04	1.688241e-05	1
12	rs1984541	6292072	0	-1.144274e-03	-4.194058e-05	1
12	rs1986755	6551492	0	8.457801e-05	2.988228e-06	1
12	rs1990384	6342921	0	3.942982e-04	1.380333e-05	1
12	rs1990385	6394635	0	-4.553027e-04	-1.641012e-05	1
12	rs1990386	6394443	0	-5.431230e-04	-1.979444e-05	1
12	rs1997510	6871891	0	1.195742e-03	4.399797e-05	1
12	rs2005829	6190529	0	1.014524e-04	3.720021e-06	1
12	rs2008134	6588445	0	1.884042e-04	6.668417e-06	1
12	rs2009527	6569545	0	-6.118192e-04	-2.203689e-05	1
12	rs2027796	6900613	0	-1.484022e-03	-5.714990e-05	1
12	rs2041375	6473549	0	-2.008540e-04	-7.183671e-06	1
12	rs2041384	6562285	0	-9.630828e-05	-3.416163e-06	1
12	rs2041385	6562293	0	-1.666736e-04	-5.928980e-06	1
12	rs2041386	6562538	0	-1.386729e-04	-5.005258e-06	1
12	rs2041387	6562823	0	-5.082569e-04	-1.822478e-05	1
12	rs2041388	6562836	0	-2.044355e-04	-7.289178e-06	1
12	rs2058220	6201490	0	-3.187778e-04	-1.186554e-05	1
12	rs2058222	6201769	6	-3.876437e-04	-1.442203e-05	1
12	rs2058223	6202608	0	-1.240758e-03	-4.579938e-05	1
12	rs2058288	6578872	0	-2.354321e-04	-8.349368e-06	1
12	rs2072370	6345080	0	-3.001320e-04	-1.048991e-05	1
12	rs2072372	6344600	0	-1.699464e-04	-5.925822e-06	1
12	rs2072373	6631888	0	1.504679e-04	5.473897e-06	1
12	rs2072374	6637845	0	1.680121e-04	5.951679e-06	1
12	rs2072375	6575044	0	-2.534401e-04	-8.986297e-06	1
12	rs2072376	6579812	0	-6.151056e-04	-2.174484e-05	1
12	rs2072377	6580228	0	-9.132296e-05	-3.315490e-06	1
12	rs2072378	6580249	0	-1.290823e-04	-4.562649e-06	1
12	rs2079866	6563848	0	-2.752923e-04	-9.822418e-06	1
12	rs2079867	6622111	0	2.604865e-04	9.261660e-06	1
12	rs2079868	6622346	0	6.095505e-04	2.194999e-05	1
12	rs2103397	6835485	0	-3.052013e-04	-1.090086e-05	1
12	rs2109118	6194655	0	-7.263824e-04	-2.552747e-05	1
12	rs2109408	6293825	0	-1.000761e-03	-3.625572e-05	1
12	rs2109426	6589522	0	-1.797874e-04	-6.373030e-06	1
12	rs2109427	6592082	0	-8.626038e-04	-3.126502e-05	1
12	rs2109430	6613076	0	7.968226e-04	2.844714e-05	1
12	rs2159521	6349328	0	6.715959e-04	2.394511e-05	1
12	rs2178691	6836913	0	-2.940786e-04	-1.049975e-05	1
12	rs2178692	6836051	0	-2.940786e-04	-1.049975e-05	1
12	rs2178695	6857000	0	1.787465e-04	6.488524e-06	1
12	rs2238102	6197468	0	-1.681837e-03	-6.617503e-05	1
12	rs2238103	6194183	0	-1.144268e-03	-4.180978e-05	1
12	rs2238104	6187665	0	-5.407752e-04	-1.904314e-05	1
12	rs2239140	6200443	0	-9.758688e-04	-3.505794e-05	1
12	rs2239142	6199078	0	-1.022569e-03	-3.691410e-05	1
12	rs2239144	6196183	0	3.503743e-05	1.278734e-06	1
12	rs2239145	6195996	0	7.703337e-05	2.818558e-06	1
12	rs2239146	6195710	0	3.503743e-05	1.278733e-06	1
12	rs2239147	6195527	0	3.503743e-05	1.278733e-06	1
12	rs2239148	6194816	0	5.237593e-05	1.912906e-06	1
12	rs2239150	6194585	0	-3.625340e-04	-1.299734e-05	1
12	rs2239151	6194579	0	-3.625340e-04	-1.299734e-05	1
12	rs2240866	6578140	0	-2.534401e-04	-8.986273e-06	1
12	rs2240867	6578469	0	-7.138398e-04	-2.633114e-05	1
12	rs2240869	6603473	0	-2.423563e-04	-8.834416e-06	1
12	rs2240871	6639981	0	-2.079272e-04	-7.570955e-06	1
12	rs2240872	6648269	0	-2.071378e-04	-7.362718e-06	1
12	rs2240873	6648290	0	-1.633809e-04	-5.894329e-06	1
12	rs2240874	6648513	0	-5.378720e-04	-1.929988e-05	1
12	rs2240875	6649540	0	-4.207592e-04	-1.501280e-05	1
12	rs2243750	6567787	0	-6.520337e-04	-2.353183e-05	1
12	rs2243977	6569983	0	-6.118192e-04	-2.203685e-05	1
12	rs2244083	6570539	0	-6.118192e-04	-2.203684e-05	1
12	rs2247890	6580941	0	-2.036240e-04	-7.214938e-06	1
12	rs2250246	6553016	0	-7.456002e-04	-2.681603e-05	1
12	rs2259931	6719894	0	-1.035799e-03	-3.870660e-05	1
12	rs2267967	6671799	0	1.837768e-04	7.044577e-06	1
12	rs2267968	6679743	0	1.837768e-04	7.044577e-06	1
12	rs2267970	6691559	0	1.837768e-04	7.044577e-06	1
12	rs2267973	6714106	0	1.499030e-04	5.734091e-06	1
12	rs2267974	6715527	0	2.391147e-04	9.169260e-06	1
12	rs2268016	6320386	0	-1.173271e-03	-4.314732e-05	1
12	rs2269359	6993653	0	-1.624038e-03	-6.266550e-05	1
12	rs2270174	6606012	0	8.729816e-04	3.161658e-05	1
12	rs2270175	6630627	0	1.504679e-04	5.473908e-06	1
12	rs2270177	6651681	0	-2.020054e-05	-7.153561e-07	1
12	rs2282690	6670398	0	1.499030e-04	5.734091e-06	1
12	rs2284325	6704213	0	-7.725280e-04	-2.826119e-05	1
12	rs2284346	6348600	0	-4.566043e-04	-1.602818e-05	1
12	rs2284347	6348146	0	5.522630e-05	1.931372e-06	1
12	rs2284348	6321862	0	-1.240975e-03	-4.557818e-05	1
12	rs2286596	6553055	0	6.265350e-04	2.263150e-05	1
12	rs2286598	6552516	0	-6.438625e-05	-2.268709e-06	1
12	rs2286600	6482786	0	-2.665794e-04	-9.290800e-06	1
12	rs2286721	6562065	0	-2.021836e-04	-7.357548e-06	1
12	rs2286725	6658860	0	2.326550e-04	8.920343e-06	1
12	rs2286729	6873818	0	2.213115e-04	8.300844e-06	1
12	rs2286730	6839913	0	-3.333063e-04	-1.240472e-05	1
12	rs2286731	6837643	0	-2.832512e-04	-9.980519e-06	1
12	rs2301333	6880996	0	-2.965585e-05	-1.122842e-06	1
12	rs2302255	6493911	0	1.686297e-04	6.341174e-06	1
12	rs2302365	6884244	0	7.514641e-04	2.729918e-05	1
12	rs2302366	6862259	0	7.925902e-04	2.860944e-05	1
12	rs2302368	6859797	0	6.863523e-04	2.454902e-05	1
12	rs2302369	6859729	0	1.580309e-04	5.793004e-06	1
12	rs2302370	6859308	0	6.863523e-04	2.454902e-05	1
12	rs2302371	6858126	0	2.404106e-04	8.894477e-06	1
12	rs2363877	6292461	0	-8.933123e-04	-3.210850e-05	1
12	rs2363878	6292975	0	-8.933123e-04	-3.210849e-05	1
12	rs2364480	6495275	0	-3.872536e-04	-1.388769e-05	1
12	rs2364482	6502131	0	5.349487e-04	1.971933e-05	1
12	rs2364486	6524348	0	-1.447546e-04	-5.362382e-06	1
12	rs2364487	6526934	0	3.809627e-04	1.347352e-05	1
12	rs2364491	6535887	0	5.846133e-04	2.090301e-05	1
12	rs2364494	6551364	0	5.251492e-04	1.877399e-05	1
12	rs2364508	6652799	0	-2.020054e-05	-7.153559e-07	1
12	rs2365089	6870834	0	1.190686e-03	4.375462e-05	1
12	rs2365092	6870877	0	1.190686e-03	4.375462e-05	1
12	rs2365100	6835081	0	-3.337210e-04	-1.177817e-05	1
12	rs2365101	6760811	0	9.807649e-05	3.693208e-06	1
12	rs2365102	6760950	0	8.695375e-05	3.272157e-06	1
12	rs2365104	6785343	0	-5.204442e-05	-1.911020e-06	1
12	rs2365566	6817264	0	3.365862e-04	1.264740e-05	1
12	rs2365567	6843847	0	-4.040590e-04	-1.435474e-05	1
12	rs2515733	6897652	0	-4.117909e-04	-1.447582e-05	1
12	rs2532484	6583403	0	-5.388481e-04	-1.913263e-05	1
12	rs2532485	6583099	0	-4.494452e-04	-1.589889e-05	1
12	rs2532486	6582699	0	-6.685704e-04	-2.395137e-05	1
12	rs2532488	6592568	0	-8.565559e-04	-3.100124e-05	1
12	rs2532490	6577329	0	-2.534401e-04	-8.986239e-06	1
12	rs2532491	6576859	0	-8.993330e-04	-3.261746e-05	1
12	rs2532494	6591581	0	-3.895062e-04	-1.366712e-05	1
12	rs2532495	6569062	0	-9.251360e-04	-3.359990e-05	1
12	rs2532496	6564448	0	-3.677148e-04	-1.310991e-05	1
12	rs2532497	6564210	0	-2.044355e-04	-7.289100e-06	1
12	rs2532498	6563698	0	-9.301924e-04	-3.379046e-05	1
12	rs2532499	6563255	0	-9.301924e-04	-3.379044e-05	1
12	rs2532500	6562810	0	-9.301924e-04	-3.379043e-05	1
12	rs2532501	6562753	0	-9.301924e-04	-3.379042e-05	1
12	rs2532506	6593527	0	-5.646856e-04	-2.000412e-05	1
12	rs2532513	6589171	0	-8.626038e-04	-3.126485e-05	1
12	rs2532514	6588972	0	-3.895062e-04	-1.366707e-05	1
12	rs2532515	6586728	0	-7.723046e-04	-2.766550e-05	1
12	rs2532518	6586321	0	-7.723046e-04	-2.766549e-05	1
12	rs2532519	6586136	0	-2.930269e-04	-1.040882e-05	1
12	rs2532520	6585610	0	-7.053963e-04	-2.518131e-05	1
12	rs2532521	6585504	0	-7.053963e-04	-2.518130e-05	1
12	rs2532522	6584265	0	-7.053963e-04	-2.518129e-05	1
12	rs2534698	6562931	0	-9.301924e-04	-3.379036e-05	1
12	rs2534709	6568572	0	-6.118192e-04	-2.203674e-05	1
12	rs2534710	6570163	0	-9.366868e-04	-3.405374e-05	1
12	rs2534711	6570821	0	-4.903022e-04	-1.751717e-05	1
12	rs2534712	6572549	0	-7.210066e-04	-2.582627e-05	1
12	rs2534713	6572587	0	-9.486761e-05	-3.354520e-06	1
12	rs2534714	6573061	0	-2.280633e-04	-8.081221e-06	1
12	rs2534715	6573146	0	-2.280633e-04	-8.081217e-06	1
12	rs2534716	6573716	0	-2.280633e-04	-8.081213e-06	1
12	rs2534717	6573749	0	-2.280633e-04	-8.081210e-06	1
12	rs2534718	6575191	0	4.869846e-04	1.859704e-05	1
12	rs2534719	6554429	0	-5.691343e-04	-2.063323e-05	1
12	rs2534721	6580144	0	-2.432507e-04	-8.665837e-06	1
12	rs2534722	6581230	0	-5.002487e-04	-1.771662e-05	1
12	rs2534723	6581805	0	-2.905468e-04	-1.018795e-05	1
12	rs2534724	6583387	0	-8.642947e-04	-3.136154e-05	1
12	rs25680	6554628	0	-5.746226e-04	-2.080646e-05	1
12	rs2707209	6905264	0	-5.831335e-04	-2.059289e-05	1
12	rs2707210	6902002	0	-2.617988e-06	-8.185103e-08	1
12	rs2707211	6901823	0	-1.081960e-03	-3.983294e-05	1
12	rs2707212	6901134	0	-1.484022e-03	-5.714984e-05	1
12	rs2707213	6901082	0	6.604727e-04	2.427419e-05	1
12	rs28435996	6396206	0	-4.701351e-04	-1.695553e-05	1
12	rs2855534	6898521	0	-4.168929e-04	-1.462462e-05	1
12	rs2855537	6899181	0	6.604727e-04	2.427419e-05	1
12	rs2855538	6899508	0	-4.442709e-04	-1.560794e-05	1
12	rs2857227	6899528	0	-4.442709e-04	-1.560793e-05	1
12	rs2857229	6900616	0	-1.280013e-03	-4.802533e-05	1
12	rs2857230	6901077	0	-1.078762e-04	-3.756680e-06	1
12	rs2857232	6903989	2	-1.330889e-03	-5.036632e-05	1
12	rs2857234	6905181	0	-4.960456e-04	-1.748243e-05	1
12	rs2857237	6906828	0	-4.208107e-04	-1.481615e-05	1
12	rs2886086	6526672	0	-1.207088e-04	-4.250632e-06	1
12	rs2886087	6526744	0	1.957271e-04	6.890530e-06	1
12	rs2886089	6535981	0	2.336958e-04	8.260642e-06	1
12	rs2886090	6551899	0	-7.279264e-05	-2.563388e-06	1
12	rs28866502	6681209	0	-5.971599e-04	-2.145573e-05	1
12	rs28920471	6915160	0	-3.269769e-04	-1.227266e-05	1
12	rs3095130	6593394	0	-8.034052e-04	-2.898790e-05	1
12	rs3136549	6551874	0	-6.389418e-04	-2.339731e-05	1
12	rs3136550	6552284	5	2.259327e-04	8.036384e-06	1
12	rs3136551	6553860	0	-6.665823e-04	-2.567973e-05	1
12	rs3180589	6602422	0	5.475350e-04	1.938299e-05	1
12	rs3181290	6334374	0	-2.456733e-05	-9.412273e-07	1
12	rs3181295	6344174	0	-5.241099e-04	-1.847453e-05	1
12	rs3181300	6345199	0	4.399641e-04	1.544450e-05	1
12	rs3181301	6345784	0	6.545585e-04	2.322472e-05	1
12	rs34119293	6506878	2	-8.105837e-05	-2.784979e-06	1
12	rs34278370	6627975	0	5.188024e-04	1.945353e-05	1
12	rs34350637	6823202	0	2.429295e-04	9.052951e-06	1
12	rs34807506	6546260	0	-4.098546e-05	-1.443601e-06	1
12	rs34863790	6690909	0	3.316461e-04	1.273688e-05	1
12	rs34865569	6613284	0	8.347539e-04	3.011659e-05	1
12	rs35032612	6299131	0	3.674213e-05	1.400833e-06	1
12	rs35041216	6475897	0	-3.857487e-05	-1.376261e-06	1
12	rs35277580	6294534	0	-9.724451e-04	-3.519305e-05	1
12	rs36007563	6205767	0	2.371526e-04	9.064528e-06	1
12	rs36018751	6667090	0	3.398385e-04	1.289398e-05	1
12	rs36045653	6681668	0	1.499030e-04	5.734094e-06	1
12	rs36060358	6294588	0	-1.141913e-03	-4.186819e-05	1
12	rs36205633	6453212	0	5.289286e-04	2.024053e-05	1
12	rs368624729	6399346	0	-8.115371e-05	-3.095242e-06	1
12	rs371329394	6399373	0	-1.515191e-04	-5.786419e-06	1
12	rs3741917	6644139	0	-3.843345e-05	-1.472798e-06	1
12	rs3741918	6644256	0	-2.911859e-04	-1.045986e-05	1
12	rs3741924	6729956	0	1.789646e-04	6.853977e-06	1
12	rs374720415	6209611	0	-1.936116e-04	-7.303133e-06	1
12	rs3759323	6485436	0	-6.704072e-04	-2.455189e-05	1
12	rs3759324	6485661	0	-1.003801e-03	-3.604829e-05	1
12	rs3759329	6490925	0	-9.141525e-04	-3.245228e-05	1
12	rs3759330	6490968	0	-1.215278e-03	-4.425809e-05	1
12	rs3759331	6491012	0	-7.798128e-04	-2.749659e-05	1
12	rs3759333	6491947	0	4.190694e-05	1.471621e-06	1
12	rs3759334	6492008	0	3.563223e-04	1.275092e-05	1
12	rs3759339	6551509	0	6.407082e-04	2.315637e-05	1
12	rs3759341	6552154	0	2.558834e-05	9.047257e-07	1
12	rs3759343	6833104	0	-1.176739e-03	-4.605002e-05	1
12	rs3759344	6862646	0	9.227233e-05	3.437059e-06	1
12	rs3759345	6862678	0	2.124873e-04	7.841377e-06	1
12	rs3782715	6196825	0	3.503743e-05	1.278718e-06	1
12	rs3782724	6466081	0	7.010518e-05	2.569534e-06	1
12	rs3782726	6469671	0	7.441099e-05	2.571572e-06	1
12	rs3782729	6563399	0	-9.539070e-05	-3.463755e-06	1
12	rs3803130	6756240	0	-1.055246e-05	-3.961812e-07	1
12	rs3809244	6772875	0	3.425045e-04	1.295724e-05	1
12	rs3809245	6773601	0	2.474622e-04	9.366694e-06	1
12	rs3815408	6838156	0	-2.940786e-04	-1.049974e-05	1
12	rs3819537	6193096	0	-1.520726e-03	-5.857895e-05	1
12	rs3819538	6192886	0	-1.540903e-03	-5.949328e-05	1
12	rs3825334	6434349	0	-3.900354e-04	-1.364320e-05	1
12	rs41318752	6492330	0	4.158924e-04	1.533252e-05	1
12	rs41334949	6644958	0	1.328301e-04	5.032866e-06	1
12	rs41344049	6496381	0	-3.397634e-04	-1.306635e-05	1
12	rs41388848	6208618	0	-1.857378e-04	-6.997902e-06	1
12	rs4149570	6451590	0	-1.865147e-04	-6.527634e-06	1
12	rs4149572	6449743	0	-8.849275e-05	-3.368741e-06	1
12	rs4149573	6449384	0	-8.945049e-04	-3.431696e-05	1
12	rs4149575	6449210	0	-8.989456e-04	-3.460472e-05	1
12	rs4285931	6487161	0	-1.659017e-04	-5.806065e-06	1
12	rs4301834	6500843	0	-2.929260e-04	-1.047477e-05	1
12	rs4351870	6293271	0	-8.764585e-04	-3.145078e-05	1
12	rs4375488	6293479	0	-8.764585e-04	-3.145077e-05	1
12	rs4376959	6741816	0	2.360155e-04	8.815528e-06	1
12	rs4408361	6202543	0	-3.187778e-04	-1.186555e-05	1
12	rs4417358	6293155	0	-1.161857e-03	-4.260115e-05	1
12	rs4421798	6293163	0	-8.764585e-04	-3.145075e-05	1
12	rs4469949	6545611	0	8.181275e-04	2.974268e-05	1
12	rs4491293	6195308	0	3.503743e-05	1.278718e-06	1
12	rs4491294	6467122	0	5.358802e-05	1.976224e-06	1
12	rs4573747	6290630	0	-6.208957e-04	-2.199708e-05	1
12	rs4575330	6585311	0	-7.053963e-04	-2.518121e-05	1
12	rs4764485	6319837	0	-1.134446e-03	-4.131066e-05	1
12	rs4764490	6378297	0	5.957637e-06	2.291271e-07	1
12	rs4764496	6408422	0	-4.414649e-04	-1.640450e-05	1
12	rs4764497	6428116	0	-3.550104e-04	-1.235814e-05	1
12	rs4764501	6599665	0	4.779586e-04	1.688208e-05	1
12	rs4764512	6842350	0	-6.295200e-04	-2.287974e-05	1
12	rs4764516	6791348	0	-2.314223e-04	-8.455080e-06	1
12	rs4764538	6248983	0	-1.777684e-04	-6.654036e-06	1
12	rs4764539	6261916	0	-2.265728e-04	-8.708935e-06	1
12	rs4764547	6378212	0	2.591610e-04	9.645487e-06	1
12	rs4764548	6379534	0	2.662571e-04	9.360318e-06	1
12	rs4764551	6386336	0	-2.347365e-04	-8.623438e-06	1
12	rs4764552	6386518	0	-2.347365e-04	-8.623439e-06	1
12	rs4764553	6391485	0	-7.034739e-04	-2.568423e-05	1
12	rs4764559	6398836	0	-4.701351e-04	-1.695552e-05	1
12	rs4764560	6398994	0	-4.701351e-04	-1.695552e-05	1
12	rs4764562	6408907	0	-7.480492e-04	-2.690460e-05	1
12	rs4764566	6413400	0	-1.932068e-05	-7.006357e-07	1
12	rs4764568	6415423	0	3.785666e-04	1.380987e-05	1
12	rs4764569	6415426	0	5.441761e-05	1.932161e-06	1
12	rs4764570	6415696	0	3.527389e-04	1.284014e-05	1
12	rs4764571	6415769	0	6.774698e-04	2.497396e-05	1
12	rs4764589	6532282	0	1.083295e-04	3.815293e-06	1
12	rs4764590	6532350	0	1.083295e-04	3.815291e-06	1
12	rs4764591	6532456	0	-4.342745e-04	-1.528478e-05	1
12	rs4764600	6601980	0	4.477219e-04	1.580942e-05	1
12	rs4764601	6611078	0	8.729816e-04	3.161628e-05	1
12	rs4764602	6611719	0	7.968226e-04	2.844688e-05	1
12	rs4764603	6616223	0	2.012879e-04	7.146901e-06	1
12	rs4764604	6623382	0	6.500488e-04	2.327119e-05	1
12	rs4764605	6623389	0	1.929985e-04	6.844652e-06	1
12	rs4764615	6766197	0	3.735190e-04	1.357334e-05	1
12	rs4764616	6764831	0	-1.055246e-05	-3.961796e-07	1
12	rs4764617	6764492	0	8.695375e-05	3.272151e-06	1
12	rs4764618	6764358	0	4.285450e-04	1.556563e-05	1
12	rs4764619	6763982	0	8.695375e-05	3.272151e-06	1
12	rs4963512	6942823	0	-1.246828e-03	-4.619482e-05	1
12	rs55633676	6194991	0	-5.150946e-05	-1.874577e-06	1
12	rs55692509	6206086	0	3.514110e-04	1.338136e-05	1
12	rs55890082	6505108	0	-8.462757e-05	-3.194225e-06	1
12	rs55915959	6540525	0	-1.278566e-04	-4.829289e-06	1
12	rs55944427	6745315	0	2.402087e-04	8.735998e-06	1
12	rs55990247	6505274	0	-8.462757e-05	-3.194224e-06	1
12	rs55997530	6832096	0	6.330574e-04	2.352690e-05	1
12	rs56020046	6504547	0	-8.462757e-05	-3.194224e-06	1
12	rs56077657	6201708	0	-3.187778e-04	-1.186555e-05	1
12	rs56109131	6541449	0	1.869978e-04	7.094782e-06	1
12	rs56145803	6194769	0	2.512850e-05	9.169378e-07	1
12	rs56225418	6202604	0	-3.187778e-04	-1.186555e-05	1
12	rs56265629	6386774	0	-2.218436e-04	-8.408088e-06	1
12	rs56344853	6202244	0	-3.187778e-04	-1.186555e-05	1
12	rs56353418	6372381	0	-1.832888e-04	-6.787834e-06	1
12	rs56366473	6374276	0	2.019334e-04	7.707590e-06	1
12	rs56888996	6461229	0	1.307154e-04	4.831220e-06	1
12	rs56983450	6491629	0	-9.290577e-04	-3.615964e-05	1
12	rs57107190	6654425	0	1.257356e-04	4.767620e-06	1
12	rs57367146	6841624	0	-2.453240e-04	-9.133040e-06	1
12	rs5742912	6458350	0	-2.726427e-04	-1.041095e-05	1
12	rs57666371	6200139	0	-3.187778e-04	-1.186555e-05	1
12	rs57826129	6540496	0	1.869978e-04	7.094783e-06	1
12	rs58070073	6402764	0	-1.078497e-04	-4.069105e-06	1
12	rs58111746	6505358	0	-8.462757e-05	-3.194224e-06	1
12	rs58277046	6541601	0	1.869978e-04	7.094783e-06	1
12	rs58347998	6540085	0	1.869978e-04	7.094783e-06	1
12	rs58661350	6365392	0	3.369570e-04	1.267549e-05	1
12	rs58661986	6396144	0	7.327699e-05	2.788699e-06	1
12	rs58665179	6393101	0	-6.634882e-04	-2.435528e-05	1
12	rs58834607	6508115	0	-2.496885e-04	-9.279609e-06	1
12	rs58854337	6463345	0	-1.549020e-04	-5.729330e-06	1
12	rs59226301	6866113	1	5.811932e-04	2.076771e-05	1
12	rs59254690	6469897	0	-2.068287e-05	-7.527334e-07	1
12	rs59336539	6393244	0	-6.634882e-04	-2.435528e-05	1
12	rs59347851	6860030	0	5.156630e-05	1.901107e-06	1
12	rs59632652	6390920	0	-6.826899e-04	-2.515863e-05	1
12	rs59818152	6468018	0	5.358802e-05	1.976229e-06	1
12	rs59989335	6210485	0	-1.857378e-04	-6.997897e-06	1
12	rs60115620	6565876	0	-4.068923e-04	-1.564936e-05	1
12	rs60237390	6544139	0	-3.781556e-04	-1.435491e-05	1
12	rs60363967	6541775	0	1.869978e-04	7.094784e-06	1
12	rs60427776	6739983	0	3.420643e-05	1.297116e-06	1
12	rs60600645	6853107	0	6.417241e-05	2.410989e-06	1
12	rs60837639	6818262	0	2.728903e-04	1.020118e-05	1
12	rs60868681	6405983	0	-6.798616e-04	-2.493936e-05	1
12	rs60949067	6792824	7	1.534601e-04	5.878451e-06	1
12	rs61159922	6866260	0	9.227233e-05	3.437063e-06	1
12	rs61311839	6522201	0	-5.155022e-04	-1.827852e-05	1
12	rs61329073	6505380	0	-8.462757e-05	-3.194222e-06	1
12	rs61516218	6504363	0	-8.462757e-05	-3.194222e-06	1
12	rs61546725	6860515	0	5.156630e-05	1.901107e-06	1
12	rs61602132	6541714	0	1.869978e-04	7.094784e-06	1
12	rs61697264	6210279	0	-1.857378e-04	-6.997897e-06	1
12	rs61704965	6818206	0	3.365862e-04	1.264736e-05	1
12	rs61753197	6604331	0	-7.314151e-05	-2.806146e-06	1
12	rs61916272	6900565	0	1.694847e-03	6.576579e-05	1
12	rs61916275	6904790	0	6.129058e-04	2.202491e-05	1
12	rs61918019	6596500	0	-1.219335e-04	-4.351184e-06	1
12	rs61918020	6605514	0	-1.219335e-04	-4.351181e-06	1
12	rs61918022	6614521	0	-1.219335e-04	-4.351179e-06	1
12	rs61918023	6614822	0	-1.219335e-04	-4.351176e-06	1
12	rs61918041	6681868	0	-7.262364e-05	-2.785153e-06	1
12	rs61918194	6378605	0	-2.632555e-05	-9.672589e-07	1
12	rs61918195	6380065	0	-2.632555e-05	-9.672582e-07	1
12	rs61918196	6380272	0	-2.632555e-05	-9.672576e-07	1
12	rs61918197	6385674	0	7.328840e-04	2.805936e-05	1
12	rs61918198	6388393	0	-4.532126e-04	-1.663887e-05	1
12	rs61918200	6392889	0	-5.519437e-04	-2.054830e-05	1
12	rs61918201	6394883	0	-3.674967e-04	-1.341554e-05	1
12	rs61918202	6396286	0	6.625187e-04	2.527503e-05	1
12	rs61918203	6396589	0	-2.030093e-04	-7.528457e-06	1
12	rs61918204	6397940	0	-6.437164e-04	-2.356069e-05	1
12	rs61918205	6398000	0	-4.370762e-04	-1.614043e-05	1
12	rs61918244	6403174	0	-1.545269e-04	-5.711448e-06	1
12	rs61919661	6746443	0	2.667485e-04	9.723670e-06	1
12	rs6416323	6766646	0	-1.055246e-05	-3.961830e-07	1
12	rs6489707	6385889	0	3.136295e-04	1.105551e-05	1
12	rs6489708	6387053	0	-6.252324e-04	-2.345969e-05	1
12	rs6489709	6405578	0	-1.248174e-03	-4.669392e-05	1
12	rs6489712	6468440	0	5.358802e-05	1.976232e-06	1
12	rs6489713	6468455	0	5.358802e-05	1.976233e-06	1
12	rs6489717	6600219	0	4.779586e-04	1.688204e-05	1
12	rs6489718	6604418	0	8.729816e-04	3.161624e-05	1
12	rs6489719	6605383	0	2.012879e-04	7.146891e-06	1
12	rs6489720	6615681	0	2.012879e-04	7.146888e-06	1
12	rs6489721	6643316	0	-5.052856e-04	-1.823803e-05	1
12	rs6489726	6741987	0	-1.784710e-04	-6.547354e-06	1
12	rs6489727	6756798	0	-1.055246e-05	-3.961834e-07	1
12	rs6489728	6756901	0	8.695375e-05	3.272148e-06	1
12	rs6489731	6847102	0	-7.586642e-04	-2.777465e-05	1
12	rs6489733	6858365	0	5.156630e-05	1.901109e-06	1
12	rs6489734	6872099	0	1.195742e-03	4.399791e-05	1
12	rs6489735	6892826	0	8.152742e-05	3.112115e-06	1
12	rs66461779	6403457	0	-7.448359e-05	-2.667465e-06	1
12	rs66621175	6965805	0	-7.785704e-04	-2.754361e-05	1
12	rs66627071	6705380	0	-4.560578e-04	-1.674754e-05	1
12	rs66879982	6482514	0	-1.458037e-05	-5.396478e-07	1
12	rs66951403	6836837	0	3.210243e-05	1.204808e-06	1
12	rs67013744	6681786	0	-7.311121e-04	-2.667598e-05	1
12	rs67385163	6864890	0	6.095454e-04	2.180911e-05	1
12	rs67621679	6667422	0	-7.605792e-04	-2.780296e-05	1
12	rs6786	6775967	1	5.444068e-04	1.911642e-05	1
12	rs7132183	6652494	0	-1.852322e-04	-6.512638e-06	1
12	rs7132298	6652572	0	-2.476440e-04	-8.721766e-06	1
12	rs7132970	6708898	0	-5.358321e-04	-1.974909e-05	1
12	rs7134028	6870442	0	1.190686e-03	4.375459e-05	1
12	rs7134136	6609503	0	9.321802e-04	3.392251e-05	1
12	rs7135106	6871499	0	2.089721e-04	7.257489e-06	1
12	rs7135645	6296575	0	-8.028343e-04	-2.871036e-05	1
12	rs7136058	6825211	0	3.186041e-04	1.182983e-05	1
12	rs7137525	6835973	0	-2.940786e-04	-1.049974e-05	1
12	rs7137702	6497259	0	-2.463256e-04	-8.798683e-06	1
12	rs7138427	6836852	0	-7.338495e-04	-2.723706e-05	1
12	rs7138740	6983764	0	-1.303168e-03	-4.866735e-05	1
12	rs7139025	6296925	0	-8.028343e-04	-2.871035e-05	1
12	rs71445108	6558207	0	2.677675e-04	1.023394e-05	1
12	rs71445110	6677603	0	-5.335700e-04	-2.062841e-05	1
12	rs71445120	6699171	0	3.651661e-04	1.331475e-05	1
12	rs714774	6619284	0	2.012879e-04	7.146885e-06	1
12	rs71579349	6635166	0	-3.843345e-05	-1.472796e-06	1
12	rs71584862	6715422	0	1.837768e-04	7.044585e-06	1
12	rs72657544	6457798	0	-2.754292e-04	-1.056942e-05	1
12	rs7294323	6655808	0	5.195124e-05	1.841318e-06	1
12	rs7295049	6987335	0	-1.369860e-03	-5.191632e-05	1
12	rs7295083	6297056	0	-8.028343e-04	-2.871034e-05	1
12	rs7295359	6531606	0	1.374789e-04	4.840443e-06	1
12	rs7296476	6651496	0	-1.222372e-04	-4.369035e-06	1
12	rs7296922	6468205	0	5.358802e-05	1.976234e-06	1
12	rs7297283	6651436	0	-8.300603e-05	-2.944688e-06	1
12	rs7297364	6651441	0	-1.262565e-04	-4.518367e-06	1
12	rs7297961	6454297	0	-7.670369e-04	-2.907524e-05	1
12	rs7298053	6619054	0	-3.518221e-04	-1.227941e-05	1
12	rs7298232	6757621	0	-3.390426e-04	-1.265816e-05	1
12	rs7298463	6663964	0	-6.910325e-04	-2.495232e-05	1
12	rs7298567	6393321	0	-6.634882e-04	-2.435525e-05	1
12	rs7298570	6581482	0	-9.132296e-05	-3.315398e-06	1
12	rs7300092	6607364	0	-1.476510e-04	-5.270982e-06	1
12	rs7300366	6652227	0	5.085544e-05	1.817059e-06	1
12	rs7300728	6800509	0	-3.025643e-04	-1.152000e-05	1
12	rs7301197	6615688	0	-1.418005e-04	-5.156776e-06	1
12	rs7301735	6825399	0	3.470165e-04	1.314958e-05	1
12	rs7301945	6587668	0	-6.190934e-04	-2.266921e-05	1
12	rs7302308	6414180	0	1.143890e-04	4.193246e-06	1
12	rs7302581	6842902	0	-7.284327e-04	-2.661698e-05	1
12	rs7303171	6685605	0	-9.173746e-04	-3.397686e-05	1
12	rs7303399	6708813	0	-4.851631e-04	-1.791810e-05	1
12	rs73036549	6198035	0	1.986078e-04	7.525019e-06	1
12	rs7303863	6387686	0	4.687516e-05	1.780989e-06	1
12	rs73042327	6577518	0	3.903365e-06	1.487946e-07	1
12	rs73042333	6580443	0	-3.817072e-04	-1.439878e-05	1
12	rs7304348	6382039	0	-4.572108e-05	-1.624575e-06	1
12	rs73044250	6624733	0	2.853679e-04	1.095325e-05	1
12	rs73044256	6625285	0	1.881170e-04	6.861390e-06	1
12	rs73044559	6333608	0	1.335370e-04	5.116446e-06	1
12	rs73044588	6362001	0	3.918599e-04	1.478183e-05	1
12	rs73044591	6363341	0	2.242650e-04	8.526648e-06	1
12	rs7304688	6387628	0	-9.390264e-04	-3.472943e-05	1
12	rs73047718	6384459	0	2.911634e-06	1.101186e-07	1
12	rs73047737	6389532	0	2.911634e-06	1.101185e-07	1
12	rs73047755	6396098	0	8.513892e-05	3.238807e-06	1
12	rs73047758	6396786	0	1.105899e-04	4.198245e-06	1
12	rs73047760	6396924	0	1.105899e-04	4.198245e-06	1
12	rs73047761	6397650	0	1.105899e-04	4.198245e-06	1
12	rs73047768	6398970	0	7.848831e-05	2.983504e-06	1
12	rs73047771	6399013	0	7.848831e-05	2.983504e-06	1
12	rs73047772	6399051	0	1.480678e-04	5.559435e-06	1
12	rs73047775	6399270	0	6.957952e-05	2.651378e-06	1
12	rs73047782	6401664	0	7.327699e-05	2.788699e-06	1
12	rs73047787	6403737	0	7.327699e-05	2.788699e-06	1
12	rs73047793	6405212	0	-2.444993e-04	-9.312413e-06	1
12	rs73047797	6406771	0	-2.444993e-04	-9.312413e-06	1
12	rs73047798	6406898	0	-2.431052e-04	-9.249588e-06	1
12	rs73047807	6704169	0	-3.950398e-04	-1.455611e-05	1
12	rs73047897	6748460	0	-4.677696e-04	-1.725828e-05	1
12	rs73047899	6757704	0	-3.496393e-04	-1.294024e-05	1
12	rs73048428	6469366	0	9.286885e-05	3.492103e-06	1
12	rs73049715	6811433	0	2.185753e-05	8.397154e-07	1
12	rs73049722	6826873	0	4.134158e-04	1.545554e-05	1
12	rs73049726	6830071	0	-3.478907e-04	-1.328406e-05	1
12	rs73049904	6407807	0	-2.444993e-04	-9.312413e-06	1
12	rs73049912	6410462	0	-4.696026e-04	-1.798258e-05	1
12	rs73049916	6413279	0	-2.717602e-04	-1.035744e-05	1
12	rs73051647	6835160	0	-3.615856e-04	-1.356995e-05	1
12	rs73051663	6849710	0	1.121837e-04	4.111004e-06	1
12	rs73051673	6853202	0	6.596752e-04	2.521963e-05	1
12	rs7305251	6706481	0	-7.085991e-04	-2.582713e-05	1
12	rs7305330	6849879	0	-5.834777e-05	-2.137444e-06	1
12	rs73053728	6896546	0	6.110606e-04	2.186973e-05	1
12	rs73053739	6903942	5	9.046378e-04	3.428092e-05	1
12	rs7305381	6612765	0	-1.418005e-04	-5.156775e-06	1
12	rs7305483	6565177	0	-9.539070e-05	-3.463733e-06	1
12	rs7305540	6390213	0	-3.895864e-04	-1.421078e-05	1
12	rs7306851	6296328	0	-8.028343e-04	-2.871034e-05	1
12	rs7307010	6525518	0	4.095680e-04	1.450050e-05	1
12	rs7307709	6689209	0	-8.613974e-04	-3.174236e-05	1
12	rs7307881	6600773	0	4.779586e-04	1.688200e-05	1
12	rs7308584	6706744	0	-8.626512e-04	-3.173551e-05	1
12	rs7308876	6294751	0	-1.618605e-03	-6.193523e-05	1
12	rs7309207	6689685	0	-4.560578e-04	-1.674751e-05	1
12	rs7309414	6618871	0	-1.418005e-04	-5.156774e-06	1
12	rs7310211	6607018	0	7.968226e-04	2.844685e-05	1
12	rs7310452	6607168	0	5.475350e-04	1.938286e-05	1
12	rs7311174	6635567	0	1.946869e-04	6.907475e-06	1
12	rs7311397	6689805	0	-9.332507e-04	-3.460951e-05	1
12	rs7311453	6409367	0	-7.058108e-04	-2.534302e-05	1
12	rs7311708	6537207	0	1.546820e-04	5.818703e-06	1
12	rs7312492	6549751	0	-1.342483e-04	-4.711229e-06	1
12	rs7313534	6413966	0	3.728480e-04	1.387954e-05	1
12	rs7314721	6605656	0	8.729816e-04	3.161618e-05	1
12	rs7315234	6584988	0	-6.600156e-04	-2.357998e-05	1
12	rs7315789	6389976	0	-5.938065e-04	-2.165451e-05	1
12	rs7315856	6733496	0	-1.547015e-04	-5.864882e-06	1
12	rs7315926	6842669	0	-6.164040e-04	-2.197989e-05	1
12	rs7316224	6638666	0	1.129588e-03	4.165299e-05	1
12	rs7316558	6632969	0	-2.079272e-04	-7.570854e-06	1
12	rs7316626	6691452	0	-9.332507e-04	-3.460951e-05	1
12	rs73254608	6294494	0	-1.176377e-03	-4.328662e-05	1
12	rs73256772	6378970	0	-1.485145e-04	-5.469103e-06	1
12	rs73257105	6615152	0	-4.537342e-04	-1.737129e-05	1
12	rs73259203	6398202	0	-4.370762e-04	-1.614041e-05	1
12	rs73261482	6467693	0	4.704783e-05	1.736967e-06	1
12	rs73264831	6695585	0	-9.502909e-04	-3.536820e-05	1
12	rs73264846	6717258	0	-4.325303e-04	-1.586041e-05	1
12	rs73266841	6196582	0	1.091164e-05	3.959449e-07	1
12	rs73266906	6784099	0	-1.250908e-05	-4.600099e-07	1
12	rs73266929	6805206	0	6.275986e-04	2.351814e-05	1
12	rs73267361	6545511	0	-6.361583e-04	-2.436770e-05	1
12	rs73267369	6547560	0	-6.520344e-04	-2.500853e-05	1
12	rs73267395	6555941	0	-5.864798e-04	-2.262851e-05	1
12	rs73270777	6294341	0	-3.585159e-04	-1.359200e-05	1
12	rs733593	6636392	0	6.748802e-05	2.576847e-06	1
12	rs7342306	6291093	0	-1.734609e-04	-6.069406e-06	1
12	rs7342382	6631623	0	1.946869e-04	6.907468e-06	1
12	rs7358654	6620602	0	2.604865e-04	9.261460e-06	1
12	rs7358768	6620495	0	6.352681e-04	2.286526e-05	1
12	rs7390	6571699	0	-7.184566e-04	-2.574349e-05	1
12	rs7397940	6771877	0	2.655486e-04	1.003557e-05	1
12	rs74056906	6504908	0	-8.462757e-05	-3.194215e-06	1
12	rs74056926	6542167	0	1.869978e-04	7.094788e-06	1
12	rs74056928	6542195	0	1.869978e-04	7.094789e-06	1
12	rs740842	6421495	0	-7.595133e-05	-2.633296e-06	1
12	rs740850	6638116	0	1.230956e-03	4.581000e-05	1
12	rs740851	6638350	0	-2.949818e-04	-1.020832e-05	1
12	rs743600	6906319	0	-1.172265e-03	-4.374823e-05	1
12	rs74390085	6663653	0	1.837768e-04	7.044586e-06	1
12	rs74479547	6388101	0	-4.883538e-04	-1.795719e-05	1
12	rs74576183	6614181	0	-3.843345e-05	-1.472795e-06	1
12	rs74592542	6294509	0	-1.176377e-03	-4.328660e-05	1
12	rs74622104	6809476	0	8.993496e-04	3.477481e-05	1
12	rs7487291	6871203	0	1.190686e-03	4.375460e-05	1
12	rs7488113	6880474	0	-3.093076e-05	-1.178567e-06	1
12	rs74933262	6368405	0	-1.279896e-04	-4.855536e-06	1
12	rs74935314	6681863	0	1.837768e-04	7.044587e-06	1
12	rs74956629	6578755	0	1.971787e-04	7.581061e-06	1
12	rs75013138	6850356	0	1.067787e-05	4.046537e-07	1
12	rs75016164	6555902	0	-5.864798e-04	-2.262851e-05	1
12	rs75210579	6852905	0	-1.414018e-04	-5.358046e-06	1
12	rs75249435	6348926	0	-4.239574e-05	-1.618570e-06	1
12	rs75341139	6410084	0	-4.210101e-05	-1.559419e-06	1
12	rs75350542	6404780	0	-1.305631e-04	-5.002584e-06	1
12	rs75448266	6798632	0	1.951968e-04	7.329155e-06	1
12	rs75543974	6296711	0	-3.900115e-04	-1.481568e-05	1
12	rs75834380	6211088	0	-1.857378e-04	-6.997895e-06	1
12	rs758739	6626369	0	2.538855e-04	9.019980e-06	1
12	rs75938527	6838054	0	-2.257588e-04	-8.460823e-06	1
12	rs76126701	6771415	0	1.837483e-04	7.027124e-06	1
12	rs76300794	6204438	0	-1.979334e-04	-7.432627e-06	1
12	rs76327967	6760367	0	-5.716489e-04	-2.164064e-05	1
12	rs76350379	6250284	0	-6.761936e-04	-2.587510e-05	1
12	rs763580	6193537	0	-1.540903e-03	-5.949325e-05	1
12	rs763581	6193713	0	-4.190536e-04	-1.569480e-05	1
12	rs76725690	6584679	0	-8.968247e-04	-3.268341e-05	1
12	rs76867478	6280805	0	3.926268e-05	1.496087e-06	1
12	rs76894370	6549836	0	-6.503117e-04	-2.487744e-05	1
12	rs77025001	6542594	0	-4.705646e-05	-1.783941e-06	1
12	rs77217438	6383226	0	-5.387963e-04	-2.020318e-05	1
12	rs77314776	6416901	0	1.199311e-04	4.577996e-06	1
12	rs77400802	6802773	0	-1.045366e-04	-3.980832e-06	1
12	rs77517678	6397436	0	1.105899e-04	4.198245e-06	1
12	rs77536808	6203456	0	-9.962807e-05	-3.736249e-06	1
12	rs77647458	6668956	0	5.052851e-04	1.956417e-05	1
12	rs77826268	6393613	0	-9.272987e-04	-3.480406e-05	1
12	rs77843719	6690653	0	-4.329033e-04	-1.652270e-05	1
12	rs77985929	6613169	0	-4.537342e-04	-1.737129e-05	1
12	rs78028117	6616323	0	1.971787e-04	7.581062e-06	1
12	rs78040476	6723164	0	1.837768e-04	7.044587e-06	1
12	rs78187632	6675870	0	2.045143e-04	7.803181e-06	1
12	rs78194930	6772487	0	-5.100478e-05	-1.942003e-06	1
12	rs78230818	6390397	0	1.075544e-04	4.062125e-06	1
12	rs78299246	6581534	0	1.604828e-04	6.163360e-06	1
12	rs78301473	6196585	0	6.268175e-05	2.284901e-06	1
12	rs78312001	6744996	0	-2.868273e-04	-1.092623e-05	1
12	rs78324597	6735485	0	7.394558e-05	2.805578e-06	1
12	rs78325233	6208682	0	-1.857378e-04	-6.997894e-06	1
12	rs78425964	6745554	0	-4.547473e-04	-1.732147e-05	1
12	rs78487989	6408626	0	-7.420261e-05	-2.758850e-06	1
12	rs78494381	6368172	0	-1.023515e-04	-3.908154e-06	1
12	rs78534388	6836979	0	8.621439e-05	3.280240e-06	1
12	rs78619211	6724600	0	3.839554e-04	1.475251e-05	1
12	rs78738496	6836105	0	8.621439e-05	3.280240e-06	1
12	rs78742502	6712759	0	-5.358321e-04	-1.974906e-05	1
12	rs78808695	6698012	0	1.837768e-04	7.044587e-06	1
12	rs78882213	6751102	0	-6.789475e-05	-2.589027e-06	1
12	rs79050548	6555456	0	1.358021e-04	5.199965e-06	1
12	rs79056447	6706212	0	1.499030e-04	5.734099e-06	1
12	rs79160386	6637752	0	-5.042106e-05	-1.925261e-06	1
12	rs79353437	6420678	0	-3.587052e-04	-1.340081e-05	1
12	rs79416092	6775503	0	3.588693e-04	1.376569e-05	1
12	rs7952791	6595953	0	-8.060532e-05	-2.921690e-06	1
12	rs7952802	6293579	0	-1.017615e-03	-3.693306e-05	1
12	rs7953404	6496122	0	-1.495494e-04	-5.558119e-06	1
12	rs7953855	6803856	0	-2.170515e-04	-8.265501e-06	1
12	rs7954276	6608778	0	5.475350e-04	1.938279e-05	1
12	rs7954585	6752145	0	-6.789475e-05	-2.589028e-06	1
12	rs7954855	6235023	0	-5.384857e-05	-1.864791e-06	1
12	rs79549467	6477813	0	4.430847e-04	1.698321e-05	1
12	rs7955205	6425927	0	-3.697995e-04	-1.292109e-05	1
12	rs7955645	6603917	0	5.475350e-04	1.938278e-05	1
12	rs7956804	6898460	0	7.769548e-04	2.870797e-05	1
12	rs7957162	6466741	0	4.960779e-05	1.817203e-06	1
12	rs7957672	6203674	0	-1.979334e-04	-7.432626e-06	1
12	rs7957779	6298784	0	-1.113406e-03	-4.071689e-05	1
12	rs7958431	6404079	0	5.554700e-04	2.098376e-05	1
12	rs7958488	6546166	0	6.637143e-05	2.535408e-06	1
12	rs7959658	6754191	0	7.869889e-04	2.809777e-05	1
12	rs7960642	6297589	0	-8.028343e-04	-2.871028e-05	1
12	rs7960757	6605105	0	5.475350e-04	1.938277e-05	1
12	rs7960813	6756734	0	-1.055246e-05	-3.961780e-07	1
12	rs7961278	6605541	0	5.475350e-04	1.938276e-05	1
12	rs7961280	6528069	0	1.436042e-04	5.057051e-06	1
12	rs7961290	6204382	0	-1.979334e-04	-7.432626e-06	1
12	rs7961844	6226976	0	-1.591190e-04	-5.527985e-06	1
12	rs7962792	6851912	0	2.103056e-04	7.759347e-06	1
12	rs7963228	6476892	0	4.970709e-04	1.746867e-05	1
12	rs7963440	6852345	0	8.116143e-05	2.983684e-06	1
12	rs7963759	6602492	0	5.475350e-04	1.938275e-05	1
12	rs7963944	6385925	0	3.040598e-04	1.088866e-05	1
12	rs7964013	6200602	0	-3.187778e-04	-1.186554e-05	1
12	rs7964163	6481170	0	5.303426e-05	1.979423e-06	1
12	rs7964213	6764499	0	-5.716489e-04	-2.164065e-05	1
12	rs7964250	6346387	0	5.522630e-05	1.931348e-06	1
12	rs7964366	6346478	0	-3.001320e-04	-1.048994e-05	1
12	rs7964424	6297780	0	-8.028343e-04	-2.871027e-05	1
12	rs7964510	6787622	0	-2.365937e-05	-8.767789e-07	1
12	rs7964858	6386002	0	-6.659145e-04	-2.510855e-05	1
12	rs7965754	6205085	0	-1.979334e-04	-7.432626e-06	1
12	rs7965760	6205104	0	-1.979334e-04	-7.432625e-06	1
12	rs7965859	6498776	0	-2.410383e-04	-8.963724e-06	1
12	rs7965865	6848404	1	-1.502399e-04	-5.483213e-06	1
12	rs7965883	6695787	0	-7.725280e-04	-2.826114e-05	1
12	rs7966029	6895561	0	-2.433272e-04	-8.499876e-06	1
12	rs7966328	6895790	0	-2.606684e-04	-9.122434e-06	1
12	rs7966700	6602513	0	5.475350e-04	1.938274e-05	1
12	rs7966779	6594642	0	-1.418005e-04	-5.156744e-06	1
12	rs7967329	6611955	0	-3.843345e-05	-1.472793e-06	1
12	rs79676955	6331208	0	-2.745811e-04	-1.043137e-05	1
12	rs79682518	6763641	0	-1.516578e-04	-5.759901e-06	1
12	rs7969177	6712980	0	-4.448130e-04	-1.625913e-05	1
12	rs7969548	6425805	0	-3.263422e-04	-1.139292e-05	1
12	rs7969956	6859191	0	1.580309e-04	5.793015e-06	1
12	rs7970260	6549061	0	1.053386e-06	3.466188e-08	1
12	rs7970575	6858971	0	1.580309e-04	5.793015e-06	1
12	rs79706212	6833463	0	1.388137e-04	5.290907e-06	1
12	rs7970924	6207678	0	-2.960672e-04	-1.117707e-05	1
12	rs7971237	6604076	0	2.012879e-04	7.146843e-06	1
12	rs7971637	6643329	0	-6.585432e-05	-2.374172e-06	1
12	rs79721088	6706130	0	1.499030e-04	5.734100e-06	1
12	rs7972292	6466371	0	-6.751043e-06	-2.362265e-07	1
12	rs7972503	6409034	0	-7.480492e-04	-2.690455e-05	1
12	rs7972647	6490743	0	-1.108306e-03	-3.998343e-05	1
12	rs7972942	6476591	0	6.616883e-04	2.337498e-05	1
12	rs7973122	6405818	0	-2.050443e-04	-7.613367e-06	1
12	rs7973914	6476723	0	6.125437e-04	2.161812e-05	1
12	rs7974020	6697842	0	-7.725280e-04	-2.826114e-05	1
12	rs7975184	6627889	0	3.215002e-04	1.144221e-05	1
12	rs7975360	6605155	0	-1.048678e-04	-3.809252e-06	1
12	rs7975944	6848634	0	-3.033109e-05	-1.113894e-06	1
12	rs7976222	6203972	0	-1.979334e-04	-7.432623e-06	1
12	rs7976498	6602433	0	5.475350e-04	1.938273e-05	1
12	rs7976591	6602468	0	5.475350e-04	1.938272e-05	1
12	rs7976678	6537544	0	7.677394e-04	2.774455e-05	1
12	rs7976939	6848710	0	-7.787859e-04	-2.906586e-05	1
12	rs7977329	6550091	0	1.053386e-06	3.466171e-08	1
12	rs7977602	6498734	0	-6.017097e-04	-2.149252e-05	1
12	rs7978461	6605205	0	3.998840e-04	1.402724e-05	1
12	rs7978597	6628148	0	1.504679e-04	5.474031e-06	1
12	rs7978603	6598073	0	-1.418005e-04	-5.156735e-06	1
12	rs7979025	6297599	0	-8.028343e-04	-2.871026e-05	1
12	rs7979509	6585707	0	-1.058476e-04	-3.795007e-06	1
12	rs7979695	6987871	8	-1.678163e-03	-6.523904e-05	1
12	rs7980045	6204615	0	-1.979334e-04	-7.432624e-06	1
12	rs7980637	6779223	0	-2.533653e-04	-9.271162e-06	1
12	rs7980753	6207711	0	-3.346096e-04	-1.263950e-05	1
12	rs7980758	6207733	0	-2.960672e-04	-1.117707e-05	1
12	rs7980991	6545417	0	-1.029465e-03	-3.813671e-05	1
12	rs79865993	6663375	0	1.837768e-04	7.044588e-06	1
12	rs80106965	6807536	0	-5.425276e-04	-2.085105e-05	1
12	rs80122922	6199754	0	-3.187778e-04	-1.186554e-05	1
12	rs8181686	6531951	0	-1.691739e-04	-5.959526e-06	1
12	rs870849	6887020	0	3.948039e-04	1.382213e-05	1
12	rs871365	6839453	0	-3.262426e-04	-1.151342e-05	1
12	rs871366	6839388	0	-1.801836e-04	-6.755669e-06	1
12	rs879605	6486656	0	-5.439011e-04	-1.971605e-05	1
12	rs887473	6292773	0	-8.933123e-04	-3.210832e-05	1
12	rs887474	6292712	0	-9.437898e-04	-3.402925e-05	1
12	rs887475	6292691	0	-1.125152e-03	-4.117152e-05	1
12	rs887476	6292575	0	-8.933123e-04	-3.210830e-05	1
12	rs887479	6416760	0	1.968149e-04	7.023596e-06	1
12	rs917633	6611964	0	1.961736e-04	6.965062e-06	1
12	rs917634	6631169	0	8.386887e-04	2.991092e-05	1
12	rs9478	6840688	0	-3.449398e-04	-1.285525e-05	1
12	rs951818	6896055	0	-5.265247e-04	-1.851741e-05	1
12	rs9634157	6648198	0	-5.378720e-04	-1.929975e-05	1
12	rs9668139	6504098	0	-2.130554e-04	-7.600291e-06	1
12	rs9669272	6756877	0	-3.467522e-04	-1.296899e-05	1
12	rs9669611	6503786	0	-1.617372e-04	-5.760756e-06	1
12	rs9706048	6625333	0	6.606631e-05	2.332138e-06	1
12	rs9737890	6990453	0	-1.547317e-03	-5.926077e-05	1
12	rs9788053	6624435	0	6.807272e-04	2.436842e-05	1
12	rs9788151	6624139	0	6.500488e-04	2.327095e-05	1
12	rs9795852	6398374	0	-4.370762e-04	-1.614041e-05	1
12	rs984337	6383525	0	2.208489e-04	7.753591e-06	1
12	rs9888313	6683011	0	-5.812091e-04	-2.099120e-05	1
12	rs9888358	6244744	2	-4.006680e-05	-1.381559e-06	1
12	rs998908	6291892	0	-8.469860e-04	-3.036667e-05	1
