chr	rs	ps	n_miss	b	beta	gamma
2	rs1006021	95952641	0	3.500037e-04	8.498927e-06	1
2	rs10165220	95537000	0	2.218830e-04	5.283320e-06	1
2	rs10167893	95413503	0	-5.487510e-04	-1.359638e-05	1
2	rs10168251	96348510	0	-6.058946e-04	-1.519391e-05	1
2	rs10170018	97101893	0	-6.516578e-04	-1.564156e-05	1
2	rs10171471	96847036	0	8.761043e-04	2.163646e-05	1
2	rs10172167	95629038	0	-5.937384e-06	-1.369842e-07	1
2	rs10174668	95537041	0	2.218830e-04	5.283320e-06	1
2	rs10175415	97188552	0	-3.850387e-04	-9.713420e-06	1
2	rs10177228	95329498	0	-4.795258e-04	-1.186350e-05	1
2	rs10178186	95467255	0	-1.943040e-04	-4.771455e-06	1
2	rs10179234	95597163	0	4.166744e-04	9.756845e-06	1
2	rs10181138	97115019	0	-9.724448e-04	-2.486437e-05	1
2	rs10181516	95631419	0	-5.937384e-06	-1.369812e-07	1
2	rs10182076	95446987	0	-1.003480e-04	-2.452562e-06	1
2	rs10183026	95437385	0	-2.179685e-04	-5.347038e-06	1
2	rs10183130	95332385	0	-5.055242e-04	-1.250809e-05	1
2	rs10183151	96774786	0	6.787123e-04	1.634649e-05	1
2	rs10183454	96164681	0	3.002985e-04	7.516216e-06	1
2	rs10184772	95778365	0	2.320194e-04	5.635405e-06	1
2	rs10185133	95542788	0	4.299958e-04	1.018420e-05	1
2	rs10186829	95340062	0	-5.380853e-04	-1.333473e-05	1
2	rs10189150	95423118	0	-5.800405e-04	-1.439748e-05	1
2	rs10191151	95541842	0	2.567983e-04	6.052085e-06	1
2	rs10191464	95542112	0	2.119738e-04	5.010188e-06	1
2	rs10191828	97126511	0	-8.600123e-04	-2.179921e-05	1
2	rs10193770	95464577	0	-1.793612e-04	-4.396139e-06	1
2	rs10194622	95339725	0	-5.380853e-04	-1.333473e-05	1
2	rs10195614	95957777	0	2.696142e-04	6.508041e-06	1
2	rs10197534	95671747	0	-4.704496e-04	-1.186190e-05	1
2	rs10199113	95477771	0	-2.540080e-04	-6.242362e-06	1
2	rs10200969	95604943	0	-4.715062e-04	-1.188931e-05	1
2	rs10201588	95358799	0	-5.487510e-04	-1.359636e-05	1
2	rs10201642	95349243	0	-5.380853e-04	-1.333472e-05	1
2	rs10201845	96150959	0	-6.658383e-05	-1.654622e-06	1
2	rs10201999	95508529	0	-2.078078e-04	-5.099464e-06	1
2	rs10202262	95444917	0	-2.848522e-04	-7.000973e-06	1
2	rs10202799	95442546	0	-2.660138e-04	-6.538937e-06	1
2	rs10203024	97119982	0	-9.482318e-04	-2.425267e-05	1
2	rs10204030	95372255	0	-7.961429e-04	-1.996922e-05	1
2	rs10204549	95419652	0	-5.800405e-04	-1.439746e-05	1
2	rs10204751	95508286	0	-2.347243e-04	-5.760947e-06	1
2	rs10204970	95410387	0	-5.487510e-04	-1.359635e-05	1
2	rs10206212	95352379	0	-4.556451e-04	-1.090473e-05	1
2	rs10207513	97134360	0	-8.600123e-04	-2.179920e-05	1
2	rs10208474	95454742	0	4.362949e-04	1.043718e-05	1
2	rs10209723	95349192	0	-5.380853e-04	-1.333471e-05	1
2	rs10209780	97140142	0	-8.828078e-04	-2.139781e-05	1
2	rs10210207	95329476	0	-4.482363e-04	-1.107100e-05	1
2	rs10210891	95580865	0	4.618892e-04	1.082407e-05	1
2	rs1030864	96822373	0	-3.807251e-04	-9.066607e-06	1
2	rs1043092	96480181	0	-3.348608e-05	-7.821184e-07	1
2	rs1044594	96937296	0	7.090931e-04	1.701729e-05	1
2	rs10445975	96890745	0	6.998513e-04	1.732724e-05	1
2	rs10445976	95676438	0	6.062993e-04	1.497950e-05	1
2	rs1048675	96993884	0	9.495065e-04	2.315543e-05	1
2	rs1066090	97045813	0	-2.288430e-04	-5.473682e-06	1
2	rs1081711	97085961	0	-5.143050e-04	-1.232892e-05	1
2	rs1081713	97091840	0	-2.960163e-04	-7.045058e-06	1
2	rs1081717	96978317	0	2.623690e-04	6.340564e-06	1
2	rs10874458	96637870	0	2.796589e-04	7.026365e-06	1
2	rs10874467	95522747	0	3.330561e-04	7.935179e-06	1
2	rs10874471	96038093	0	-1.197261e-04	-2.931437e-06	1
2	rs1104775	95948987	0	2.701491e-04	6.521875e-06	1
2	rs111293589	95363070	0	-2.547383e-04	-6.271643e-06	1
2	rs111376985	95973657	0	-3.994826e-04	-1.014043e-05	1
2	rs111397326	96374796	0	3.755117e-04	9.187425e-06	1
2	rs111479381	95329905	0	1.779646e-04	4.471719e-06	1
2	rs111507197	96407476	0	-4.342142e-04	-1.108121e-05	1
2	rs111532237	96974302	0	-2.218074e-04	-5.663172e-06	1
2	rs111559998	96663537	0	8.346757e-05	2.088347e-06	1
2	rs111594658	95881790	0	-3.747754e-04	-9.516746e-06	1
2	rs11164049	96345518	0	-8.039404e-05	-1.899570e-06	1
2	rs11164050	96352451	0	2.120547e-04	5.068575e-06	1
2	rs11164053	96556598	2	-2.773483e-04	-6.610796e-06	1
2	rs11164056	95454023	0	-2.546933e-04	-6.380232e-06	1
2	rs11164095	97155208	0	2.925115e-04	6.970340e-06	1
2	rs11164111	95535544	0	4.196765e-04	1.002321e-05	1
2	rs11164112	95537622	1	1.529079e-04	3.641758e-06	1
2	rs11164116	95585292	0	4.287906e-04	1.004396e-05	1
2	rs11164117	95680267	0	-5.579572e-04	-1.315682e-05	1
2	rs11164122	95976912	0	4.345174e-04	1.047829e-05	1
2	rs11164123	96018056	0	-2.786324e-04	-7.092405e-06	1
2	rs11164125	96057129	0	2.764951e-04	6.619709e-06	1
2	rs11164126	96159722	0	3.002985e-04	7.516219e-06	1
2	rs111645402	95850849	0	1.193687e-04	3.046224e-06	1
2	rs111650907	95862098	0	-1.078355e-04	-2.594484e-06	1
2	rs111692316	96890138	0	1.279475e-04	3.218444e-06	1
2	rs111701937	95538078	0	-5.901593e-05	-1.478760e-06	1
2	rs111785204	95466477	0	4.630710e-04	1.156584e-05	1
2	rs111809589	96582191	1	-6.949183e-04	-1.779971e-05	1
2	rs111814169	97132933	0	2.940136e-05	7.466216e-07	1
2	rs111935771	95695296	0	-2.554067e-04	-6.442110e-06	1
2	rs111998380	95966565	0	-3.994826e-04	-1.014043e-05	1
2	rs112032343	96044014	0	2.142184e-04	5.413094e-06	1
2	rs112062547	96879281	0	-2.218074e-04	-5.663172e-06	1
2	rs112072122	97034263	0	5.136414e-04	1.311927e-05	1
2	rs112165035	95588607	0	2.138010e-05	5.096700e-07	1
2	rs1122238	97186917	0	-2.940698e-04	-7.014393e-06	1
2	rs112306420	95538361	0	-5.901593e-05	-1.478760e-06	1
2	rs112414504	96545393	0	-1.805250e-04	-4.486226e-06	1
2	rs112456888	96842893	0	8.495331e-05	2.142970e-06	1
2	rs112566500	97024399	0	6.838584e-04	1.715235e-05	1
2	rs112635660	96242676	0	-1.329072e-04	-3.352075e-06	1
2	rs112704122	96546462	0	-4.024652e-04	-1.026710e-05	1
2	rs112847284	97104962	0	-1.519466e-04	-3.803989e-06	1
2	rs112935613	96612118	1	-2.940443e-04	-7.058252e-06	1
2	rs112999549	96390576	0	1.968538e-05	4.970483e-07	1
2	rs113107817	96972104	0	1.545064e-04	3.924194e-06	1
2	rs113155966	95747660	0	2.477748e-05	6.263733e-07	1
2	rs113190483	96328039	0	1.538691e-04	3.679505e-06	1
2	rs113259652	95775761	0	-3.747754e-04	-9.516746e-06	1
2	rs113351690	95926334	0	-3.747754e-04	-9.516746e-06	1
2	rs113670563	96181714	0	6.718032e-05	1.614901e-06	1
2	rs113688429	95390986	0	-4.162698e-05	-1.017441e-06	1
2	rs113717668	97150288	0	9.783925e-05	2.466502e-06	1
2	rs113733089	96016402	0	-2.932647e-04	-7.410920e-06	1
2	rs113758064	95701516	0	-1.851104e-04	-4.669459e-06	1
2	rs113771375	95560541	3	-9.679934e-05	-2.438782e-06	1
2	rs113790011	96582824	0	2.689889e-04	6.599039e-06	1
2	rs113804169	96877001	0	-2.218074e-04	-5.663172e-06	1
2	rs113897931	96328043	0	1.538691e-04	3.679509e-06	1
2	rs113940931	95371954	0	3.426153e-05	8.473487e-07	1
2	rs113974174	96056769	0	-2.581779e-04	-6.528737e-06	1
2	rs113994558	96026199	0	-5.996949e-04	-1.531995e-05	1
2	rs114016246	95493707	0	5.430629e-04	1.357933e-05	1
2	rs114044329	95679016	0	2.380887e-04	6.023575e-06	1
2	rs114081176	95942203	0	-2.898795e-04	-7.376230e-06	1
2	rs114176507	96383508	0	-1.644609e-04	-4.175417e-06	1
2	rs114201541	95988386	0	2.179157e-04	5.511279e-06	1
2	rs114226629	96914252	0	8.422878e-04	2.174412e-05	1
2	rs114254570	96170622	0	-2.271390e-04	-5.759824e-06	1
2	rs114329473	96401427	0	-1.129647e-04	-2.863072e-06	1
2	rs114487683	96896290	0	8.789125e-04	2.274195e-05	1
2	rs114519920	95383399	0	-2.819380e-04	-7.184221e-06	1
2	rs114579387	95741067	0	1.053443e-04	2.677661e-06	1
2	rs114597090	95626616	0	-2.763285e-05	-7.037962e-07	1
2	rs114615085	95776956	0	2.118405e-04	5.359291e-06	1
2	rs114615899	96467253	0	2.222529e-04	5.525796e-06	1
2	rs114680975	97060284	0	-1.163131e-04	-2.953424e-06	1
2	rs114686952	96437015	0	1.331539e-05	3.359094e-07	1
2	rs114701803	95435356	0	-2.699566e-04	-6.875368e-06	1
2	rs114726027	95870635	0	1.045140e-04	2.646052e-06	1
2	rs114773469	96858943	0	1.631548e-04	4.159085e-06	1
2	rs114824530	95378777	0	-1.242649e-04	-3.151765e-06	1
2	rs114835094	96909049	0	8.842430e-04	2.286554e-05	1
2	rs114862860	97129788	0	-1.163131e-04	-2.953424e-06	1
2	rs114873791	95700437	0	-3.336481e-04	-8.515845e-06	1
2	rs114884754	95553030	0	5.937384e-06	1.369792e-07	1
2	rs114887607	96066706	0	3.542589e-05	9.038279e-07	1
2	rs114943497	95571823	0	-8.105947e-05	-2.028463e-06	1
2	rs114969196	95684744	0	-2.721515e-04	-6.874076e-06	1
2	rs115058895	96227253	0	9.394503e-05	2.390805e-06	1
2	rs115107175	95674494	0	1.053443e-04	2.677661e-06	1
2	rs115122032	95568062	0	2.380887e-04	6.023575e-06	1
2	rs115128933	95525962	0	5.715022e-04	1.368332e-05	1
2	rs115152327	95666090	0	9.997352e-05	2.542902e-06	1
2	rs115258802	95766599	0	-6.289458e-04	-1.610401e-05	1
2	rs11526124	96669134	0	8.346757e-05	2.088343e-06	1
2	rs115372293	95371183	0	-2.788537e-04	-7.046903e-06	1
2	rs11539221	96874415	0	2.693705e-04	6.852497e-06	1
2	rs11539223	96851617	0	3.440432e-04	8.719563e-06	1
2	rs115399453	97139959	0	5.052297e-04	1.279748e-05	1
2	rs115478845	95376318	0	-4.235237e-05	-1.069927e-06	1
2	rs115504929	96802475	0	1.408785e-04	3.581072e-06	1
2	rs11551400	96914636	0	-1.801936e-04	-4.353766e-06	1
2	rs115528323	95972159	0	2.230088e-04	5.641083e-06	1
2	rs115536480	95669593	0	1.326963e-04	3.377712e-06	1
2	rs115549761	97100249	0	1.930423e-04	4.884578e-06	1
2	rs115570616	96979927	0	-4.513282e-05	-1.132157e-06	1
2	rs115573143	97192003	0	-3.288787e-05	-8.233266e-07	1
2	rs115601522	96821296	0	7.826644e-04	2.013097e-05	1
2	rs115616831	96077519	0	9.394503e-05	2.390805e-06	1
2	rs115641503	96407567	0	8.928018e-05	2.238537e-06	1
2	rs115656191	96386722	0	-3.343433e-04	-8.553738e-06	1
2	rs115685643	95574923	0	1.326963e-04	3.377712e-06	1
2	rs115695144	96425841	0	7.512308e-05	1.892164e-06	1
2	rs115700567	96240419	0	9.394503e-05	2.390805e-06	1
2	rs115706318	97143761	0	-3.469733e-04	-8.838842e-06	1
2	rs115786506	96809015	0	-1.905423e-04	-4.809794e-06	1
2	rs115793054	97197995	0	-2.332327e-04	-5.939500e-06	1
2	rs115799061	95836117	0	2.118405e-04	5.359291e-06	1
2	rs115800054	95345619	0	-3.474426e-04	-8.860290e-06	1
2	rs115861658	95615211	0	1.326963e-04	3.377712e-06	1
2	rs115875829	95873379	0	-7.314883e-05	-1.849314e-06	1
2	rs115878902	95640358	0	5.855835e-06	1.474499e-07	1
2	rs115880417	95983210	0	-4.656291e-04	-1.172140e-05	1
2	rs115912198	95406509	0	-1.415004e-04	-3.493432e-06	1
2	rs115940547	96207739	0	-1.789003e-04	-4.546000e-06	1
2	rs115967585	96837527	0	1.750943e-04	4.434641e-06	1
2	rs115972458	96945571	0	1.222589e-04	3.112622e-06	1
2	rs116013309	96071285	0	3.483943e-04	8.861635e-06	1
2	rs116013757	96474721	0	8.928018e-05	2.238537e-06	1
2	rs116071303	96924490	0	1.037444e-04	2.638177e-06	1
2	rs116085569	96912401	0	1.998974e-04	5.069204e-06	1
2	rs116097873	97167343	0	-1.426861e-04	-3.603085e-06	1
2	rs116118641	96358603	0	-7.819664e-05	-1.966478e-06	1
2	rs116124545	95353861	0	2.203448e-04	5.556177e-06	1
2	rs116135059	96409566	0	5.409786e-05	1.373496e-06	1
2	rs116155345	95392684	0	1.604618e-04	4.068699e-06	1
2	rs116166651	96915586	0	-6.069595e-04	-1.559247e-05	1
2	rs116168553	97063870	0	2.868865e-04	7.272777e-06	1
2	rs116276763	96344462	0	9.394503e-05	2.390805e-06	1
2	rs116276840	95738891	0	-3.150834e-04	-7.966889e-06	1
2	rs116287759	96473318	0	4.354461e-04	1.093498e-05	1
2	rs116306113	95837416	0	1.326963e-04	3.377712e-06	1
2	rs116463982	95366786	0	-2.788537e-04	-7.046903e-06	1
2	rs116472230	96248976	0	2.713308e-04	6.859620e-06	1
2	rs116581863	97154141	0	-9.692939e-05	-2.459734e-06	1
2	rs116595726	96604177	0	-1.129647e-04	-2.863071e-06	1
2	rs116675189	95764604	0	-1.220262e-04	-3.069791e-06	1
2	rs116676054	95786254	0	-3.592223e-06	-8.917008e-08	1
2	rs116702219	95696345	0	-3.671791e-05	-9.299580e-07	1
2	rs11674404	96608533	0	-3.476509e-04	-8.542470e-06	1
2	rs116761824	96787827	0	8.143223e-04	2.099430e-05	1
2	rs11676901	96370571	0	2.899398e-04	6.927752e-06	1
2	rs11676926	96504594	0	-4.642021e-04	-1.116019e-05	1
2	rs11677429	96193061	0	6.565528e-05	1.578962e-06	1
2	rs116778080	95700986	0	2.380887e-04	6.023574e-06	1
2	rs11679899	96378162	0	4.600556e-04	1.100906e-05	1
2	rs11682182	96378210	0	4.507177e-04	1.077807e-05	1
2	rs116824031	95552187	0	-3.321230e-04	-8.480529e-06	1
2	rs116833964	95967623	0	-5.177955e-04	-1.304621e-05	1
2	rs11683523	96544855	0	-2.647399e-04	-6.304351e-06	1
2	rs11683767	96170855	0	1.006796e-05	2.549754e-07	1
2	rs11684258	96603068	0	-1.442499e-04	-3.513363e-06	1
2	rs11685849	96243804	0	4.099937e-04	9.840565e-06	1
2	rs11686534	95901265	0	-1.577047e-04	-3.682276e-06	1
2	rs11687113	96658588	0	-5.204013e-05	-1.203085e-06	1
2	rs11687211	97111246	0	-1.094531e-04	-2.611993e-06	1
2	rs11687923	96838865	0	1.595904e-04	4.016763e-06	1
2	rs11688045	96243805	0	4.099937e-04	9.840571e-06	1
2	rs11688555	96397341	0	-2.797170e-04	-6.689609e-06	1
2	rs11688742	96367616	0	4.183051e-04	1.023725e-05	1
2	rs11688743	96328756	0	-1.775584e-05	-4.078363e-07	1
2	rs1168965	96787899	0	-5.646942e-04	-1.354195e-05	1
2	rs1168966	96798510	0	-6.665927e-05	-1.564647e-06	1
2	rs1168967	96826016	0	-4.694902e-06	-9.194069e-08	1
2	rs1168968	96825363	0	-3.807251e-04	-9.066524e-06	1
2	rs1168969	96822981	0	6.839940e-04	1.676755e-05	1
2	rs1168970	96816606	0	-3.807251e-04	-9.066518e-06	1
2	rs1168972	96815492	0	-3.807251e-04	-9.066512e-06	1
2	rs1168974	96814928	0	-2.669810e-04	-6.339960e-06	1
2	rs1168975	96814075	0	-2.669810e-04	-6.339955e-06	1
2	rs1168976	96813480	0	-2.669810e-04	-6.339950e-06	1
2	rs11689832	96554851	2	-2.731905e-04	-6.510805e-06	1
2	rs11690061	96514476	0	-2.436268e-04	-5.805275e-06	1
2	rs11691090	96514212	0	-1.765253e-04	-4.185991e-06	1
2	rs11691245	96615769	0	2.104267e-04	5.220971e-06	1
2	rs11693625	97193347	0	-2.278554e-04	-5.513264e-06	1
2	rs11694151	96353286	0	-2.390989e-05	-5.549362e-07	1
2	rs11695705	97135162	0	-1.990068e-04	-4.752406e-06	1
2	rs11883879	95528861	0	4.050389e-04	9.671584e-06	1
2	rs11885687	95429424	0	-4.406945e-04	-1.097128e-05	1
2	rs11886450	97051699	0	4.596925e-04	1.177283e-05	1
2	rs11886999	96841793	0	7.669972e-05	1.849387e-06	1
2	rs11888975	95491920	0	-3.237548e-04	-7.933574e-06	1
2	rs11889199	95459398	0	-1.481038e-04	-3.630435e-06	1
2	rs11889464	95537501	0	-4.391606e-04	-1.105148e-05	1
2	rs11892003	95737678	0	-3.736735e-04	-9.514662e-06	1
2	rs11897891	95440352	0	-2.030578e-04	-4.981529e-06	1
2	rs11897976	96007303	0	3.500085e-04	8.463570e-06	1
2	rs11900310	97141830	0	-2.181800e-04	-5.215447e-06	1
2	rs11900551	96913275	0	1.037444e-04	2.638175e-06	1
2	rs11900808	97007007	0	2.280769e-04	5.815940e-06	1
2	rs11901209	95553305	0	5.201344e-05	1.232228e-06	1
2	rs11903257	96998906	0	2.280769e-04	5.815940e-06	1
2	rs11903461	96999580	0	8.226660e-04	1.993616e-05	1
2	rs12052336	97106451	0	-8.600123e-04	-2.179920e-05	1
2	rs12105775	97130761	0	8.264463e-05	2.009346e-06	1
2	rs12185570	95457829	0	5.128859e-04	1.281866e-05	1
2	rs12185694	95827798	0	-7.609387e-06	-1.994334e-07	1
2	rs12328162	95498825	0	-1.709290e-04	-4.194090e-06	1
2	rs12328324	95339024	0	-5.380853e-04	-1.333471e-05	1
2	rs12329045	95350378	0	-5.380853e-04	-1.333471e-05	1
2	rs12373651	96072408	0	-1.791421e-04	-4.260991e-06	1
2	rs12464148	96596710	1	-1.565604e-04	-3.693607e-06	1
2	rs12465634	96600265	0	-4.857531e-04	-1.156382e-05	1
2	rs12468117	96194583	0	1.171764e-04	2.807452e-06	1
2	rs12468777	96038810	0	-1.200796e-04	-2.940047e-06	1
2	rs12470428	95903902	0	3.099651e-04	7.568649e-06	1
2	rs12471385	95806969	0	-1.075058e-03	-2.783757e-05	1
2	rs12471472	96205455	0	8.118766e-05	1.947498e-06	1
2	rs12471925	96555522	1	-3.110579e-04	-7.427293e-06	1
2	rs12471991	96430547	0	1.792807e-04	4.283540e-06	1
2	rs12473765	96387339	0	-4.776041e-04	-1.143246e-05	1
2	rs12474195	95595941	0	5.937384e-06	1.369920e-07	1
2	rs12476591	96387311	0	-4.477451e-04	-1.140146e-05	1
2	rs12477206	96535332	0	-2.677745e-04	-6.378984e-06	1
2	rs12478605	96377078	0	-8.583094e-05	-2.028740e-06	1
2	rs12612700	96600712	0	4.455945e-04	1.100627e-05	1
2	rs12612789	95527678	0	3.330561e-04	7.935180e-06	1
2	rs12613703	96646293	0	2.796589e-04	7.026346e-06	1
2	rs12614188	97083089	0	1.545304e-04	3.657567e-06	1
2	rs12614696	97118957	0	-7.331718e-04	-1.847785e-05	1
2	rs12615758	95671751	0	-8.063980e-05	-2.032574e-06	1
2	rs12617019	96905568	0	-6.348649e-04	-1.568206e-05	1
2	rs12618133	96892134	0	-3.976194e-04	-9.747820e-06	1
2	rs12620892	95945189	0	4.359185e-04	1.067233e-05	1
2	rs12623771	96633504	0	-2.258111e-05	-5.206791e-07	1
2	rs12624036	96158720	0	3.359271e-05	8.057956e-07	1
2	rs12624038	96158728	0	3.359271e-05	8.057940e-07	1
2	rs12717775	96496891	0	4.931294e-04	1.182259e-05	1
2	rs12717776	96523006	0	1.068001e-03	2.668653e-05	1
2	rs12717777	96523009	0	1.068001e-03	2.668653e-05	1
2	rs12717778	96523047	0	1.136067e-03	2.854083e-05	1
2	rs12717779	96559064	2	6.531136e-04	1.556570e-05	1
2	rs12717784	95552783	0	5.201344e-05	1.232231e-06	1
2	rs12717788	95357972	0	-5.694493e-04	-1.413676e-05	1
2	rs12717789	95359306	0	1.829428e-05	4.294958e-07	1
2	rs12717791	95420294	0	-5.800405e-04	-1.439747e-05	1
2	rs12990344	95439005	0	-2.980743e-04	-7.333740e-06	1
2	rs12996789	96061242	0	-1.245904e-05	-3.148838e-07	1
2	rs12998177	95406087	0	-4.315383e-04	-1.068010e-05	1
2	rs12998267	96248482	0	-9.835623e-04	-2.524894e-05	1
2	rs13000864	95364171	0	-5.800405e-04	-1.439746e-05	1
2	rs13005775	95734474	0	-1.094200e-03	-2.837689e-05	1
2	rs13007001	95885744	0	-3.012424e-04	-7.671746e-06	1
2	rs13009727	96769883	0	3.380865e-04	7.976193e-06	1
2	rs13010219	96076077	0	-5.865925e-05	-1.490082e-06	1
2	rs13013517	95574666	0	-1.870346e-04	-4.703620e-06	1
2	rs13015670	95833187	0	-3.012424e-04	-7.671746e-06	1
2	rs13022177	96919208	0	-2.306739e-05	-5.878021e-07	1
2	rs13023013	95476905	0	-1.821854e-05	-4.496622e-07	1
2	rs13025764	96584005	2	-1.931656e-04	-4.913460e-06	1
2	rs13026572	95457093	0	-1.821854e-05	-4.496619e-07	1
2	rs13033750	95879262	0	-3.012424e-04	-7.671746e-06	1
2	rs1316873	95698646	0	6.370084e-04	1.579214e-05	1
2	rs13382298	95450497	0	-3.583643e-04	-8.868150e-06	1
2	rs13382748	95450931	0	-2.078078e-04	-5.099449e-06	1
2	rs13383433	95553194	0	5.201344e-05	1.232239e-06	1
2	rs13384585	95418352	0	-5.487510e-04	-1.359634e-05	1
2	rs13384683	95527944	0	9.570685e-04	2.287879e-05	1
2	rs13385029	95483742	0	-1.943040e-04	-4.771424e-06	1
2	rs13385838	95868247	0	1.919863e-04	4.675431e-06	1
2	rs13386035	95451642	0	1.050983e-03	2.528668e-05	1
2	rs13387294	95888434	0	4.120414e-04	1.007936e-05	1
2	rs13389021	95488700	0	-2.809245e-04	-6.904700e-06	1
2	rs13389674	95391568	0	-5.487510e-04	-1.359634e-05	1
2	rs13391690	95515296	0	-1.464011e-04	-3.588040e-06	1
2	rs13392201	95992354	0	4.682742e-04	1.156204e-05	1
2	rs13395615	95434631	0	-1.965255e-04	-4.807699e-06	1
2	rs13395702	95334154	0	-7.529161e-04	-1.884842e-05	1
2	rs13396622	95556107	0	1.652505e-04	3.904974e-06	1
2	rs13396679	95515303	0	-1.211874e-04	-2.968937e-06	1
2	rs13397825	95867109	0	4.251580e-04	1.040623e-05	1
2	rs13398890	95354903	0	-5.800405e-04	-1.439745e-05	1
2	rs13399849	95994706	0	2.538361e-04	6.243687e-06	1
2	rs13401814	95368395	0	-5.800405e-04	-1.439744e-05	1
2	rs13401864	95471830	0	-1.943040e-04	-4.771412e-06	1
2	rs13410574	95365848	0	-5.805764e-04	-1.441414e-05	1
2	rs13410867	95446688	0	-2.809245e-04	-6.904685e-06	1
2	rs13414018	95525624	0	4.465930e-04	1.067815e-05	1
2	rs13415471	95472777	0	-1.943040e-04	-4.771408e-06	1
2	rs13415761	95446612	0	-2.809245e-04	-6.904682e-06	1
2	rs13421580	95553036	0	5.201344e-05	1.232251e-06	1
2	rs13426752	95388074	0	-5.487510e-04	-1.359632e-05	1
2	rs13429295	95404168	0	-4.940943e-04	-1.220374e-05	1
2	rs13430384	95450778	0	-2.809245e-04	-6.904677e-06	1
2	rs13432811	95551786	0	7.892992e-05	1.869391e-06	1
2	rs1345917	96200603	0	8.817491e-05	2.116033e-06	1
2	rs1364394	96195730	0	1.171764e-04	2.807472e-06	1
2	rs1364395	96195632	0	-2.070525e-04	-5.263911e-06	1
2	rs138067299	95583232	0	-4.756361e-05	-1.204532e-06	1
2	rs138079794	95424924	0	-3.474426e-04	-8.860287e-06	1
2	rs138229651	97108246	0	-8.600123e-04	-2.179919e-05	1
2	rs138270841	97073802	0	-1.227118e-04	-3.099128e-06	1
2	rs138423313	96837492	0	3.459144e-05	8.772103e-07	1
2	rs138491075	96373634	0	-1.905019e-04	-4.742394e-06	1
2	rs138562995	96545159	0	5.118899e-04	1.272237e-05	1
2	rs138652415	96481291	0	6.151148e-04	1.571929e-05	1
2	rs138784752	96091635	1	1.258676e-04	3.007342e-06	1
2	rs138803287	96580405	2	-5.289496e-05	-1.343911e-06	1
2	rs139096597	95711143	0	2.100558e-04	5.315825e-06	1
2	rs139190755	95833362	0	-9.414342e-05	-2.382893e-06	1
2	rs139290800	97051795	0	3.241027e-04	8.284017e-06	1
2	rs139332973	95368778	0	-4.235237e-05	-1.069931e-06	1
2	rs139356016	96841486	0	1.489488e-04	3.773969e-06	1
2	rs139443361	96645996	1	-1.040592e-04	-2.637067e-06	1
2	rs139474731	95599978	0	-4.756361e-05	-1.204532e-06	1
2	rs139505771	95686505	0	-4.756361e-05	-1.204532e-06	1
2	rs139954837	96155864	0	-3.369422e-04	-8.604466e-06	1
2	rs140086987	97143626	0	7.045595e-05	1.788375e-06	1
2	rs140157964	95899519	0	-3.321230e-04	-8.480527e-06	1
2	rs140562818	96540755	0	8.928018e-05	2.238536e-06	1
2	rs140705063	97051282	0	3.241027e-04	8.284017e-06	1
2	rs140949421	97044912	0	2.814250e-04	7.189910e-06	1
2	rs141342242	95438082	0	-7.470306e-05	-1.864527e-06	1
2	rs141600622	96929044	0	-1.227118e-04	-3.099129e-06	1
2	rs141828540	95402234	0	-3.736166e-05	-9.457753e-07	1
2	rs142017699	95857975	0	3.240137e-05	8.228890e-07	1
2	rs142037408	96492900	0	5.409786e-05	1.373489e-06	1
2	rs142071064	96580463	2	-1.187319e-04	-3.009484e-06	1
2	rs142246646	96367495	0	-9.049549e-05	-2.294909e-06	1
2	rs1424362	96198358	0	3.882638e-04	9.648664e-06	1
2	rs142480529	96540430	0	8.928018e-05	2.238536e-06	1
2	rs142655285	97189188	0	1.349471e-04	3.436889e-06	1
2	rs142797090	96538620	0	-2.809490e-04	-6.695159e-06	1
2	rs142895926	95515018	0	-3.657570e-04	-9.260729e-06	1
2	rs142912577	96667314	0	2.306881e-04	5.834816e-06	1
2	rs143274998	96259184	0	-1.529305e-04	-3.847563e-06	1
2	rs143316044	95413734	0	-2.569898e-04	-6.457337e-06	1
2	rs143460482	96328954	0	-1.650032e-04	-4.164272e-06	1
2	rs143647858	95398171	3	1.678252e-04	4.134207e-06	1
2	rs143656906	96660965	0	5.409786e-05	1.373489e-06	1
2	rs144382026	95490162	0	1.672019e-04	4.231921e-06	1
2	rs144417606	95406277	0	-1.415004e-04	-3.493455e-06	1
2	rs144470057	96426256	0	8.108711e-05	2.065931e-06	1
2	rs144502793	95857962	0	-3.150834e-04	-7.966907e-06	1
2	rs144597525	95410747	0	-5.310790e-05	-1.334653e-06	1
2	rs144752070	96890556	0	3.532143e-04	8.958813e-06	1
2	rs144968254	96336560	0	2.399863e-05	6.099852e-07	1
2	rs145156058	96466727	0	2.197196e-04	5.582456e-06	1
2	rs145367784	96557739	0	2.197196e-04	5.582456e-06	1
2	rs145382287	96671320	0	5.409786e-05	1.373489e-06	1
2	rs145485666	96938462	0	3.327372e-04	8.505516e-06	1
2	rs145556366	96598928	0	4.701528e-04	1.196154e-05	1
2	rs145574797	96256308	0	-1.499072e-04	-3.803012e-06	1
2	rs145616922	95661403	0	-4.271989e-04	-1.089093e-05	1
2	rs145815500	97136780	0	1.122239e-04	2.855314e-06	1
2	rs1458585	97102854	0	-8.815553e-04	-2.239934e-05	1
2	rs145886511	96241058	0	2.258302e-04	5.762658e-06	1
2	rs145936003	95536191	0	4.649110e-04	1.180807e-05	1
2	rs145967982	95329559	0	-2.403259e-04	-6.114263e-06	1
2	rs146063982	96666439	0	2.941561e-04	7.445131e-06	1
2	rs146587505	97177727	0	6.847389e-04	1.757342e-05	1
2	rs146663992	97095772	0	3.125656e-05	7.978517e-07	1
2	rs1467336	95422247	0	-5.800405e-04	-1.439743e-05	1
2	rs146795629	97113386	0	-1.163131e-04	-2.953434e-06	1
2	rs146800800	96979336	0	-1.227118e-04	-3.099129e-06	1
2	rs146900333	96090491	1	6.005410e-06	1.530516e-07	1
2	rs147116541	97140573	0	-7.618029e-06	-1.913007e-07	1
2	rs147179486	95930160	0	-2.508894e-04	-6.383276e-06	1
2	rs147408728	96689460	0	-1.655004e-04	-4.216651e-06	1
2	rs147413903	96177936	0	-3.091811e-04	-7.851374e-06	1
2	rs147710575	95883100	0	1.053443e-04	2.677657e-06	1
2	rs147887564	96848082	0	8.842430e-04	2.286552e-05	1
2	rs147926614	95575534	0	-9.998447e-06	-2.499464e-07	1
2	rs147938160	96540749	0	8.928018e-05	2.238535e-06	1
2	rs148001062	95791263	0	-4.525597e-05	-1.153366e-06	1
2	rs148034879	96245997	0	1.141500e-04	2.884518e-06	1
2	rs148235025	96398596	0	-9.623531e-05	-2.440304e-06	1
2	rs148497457	96813150	0	-1.227118e-04	-3.099129e-06	1
2	rs148552067	96675497	0	8.346757e-05	2.088324e-06	1
2	rs148692908	95375009	0	-1.242649e-04	-3.151772e-06	1
2	rs148904587	96839081	0	3.032537e-04	7.716290e-06	1
2	rs148980086	96085655	0	-2.581779e-04	-6.528732e-06	1
2	rs149076025	95338859	0	-2.791081e-05	-7.045408e-07	1
2	rs149129321	96966273	0	-2.954886e-05	-7.520573e-07	1
2	rs149302308	95735979	0	-2.659622e-04	-6.673564e-06	1
2	rs149619171	96502367	0	1.382588e-04	3.488425e-06	1
2	rs149724409	96421042	0	8.766659e-05	2.195151e-06	1
2	rs149848831	96859656	0	8.263057e-04	2.139007e-05	1
2	rs150095490	95596754	0	-7.106102e-05	-1.796524e-06	1
2	rs150152179	95604325	0	-9.998447e-06	-2.499462e-07	1
2	rs150195180	96514492	0	-2.436268e-04	-5.805222e-06	1
2	rs150287453	96524205	0	1.344901e-04	3.373945e-06	1
2	rs150363943	96674324	0	7.512308e-05	1.892160e-06	1
2	rs150471479	96815524	0	1.457128e-04	3.671631e-06	1
2	rs150520153	97111029	0	-9.724448e-04	-2.486434e-05	1
2	rs150521427	97110664	0	-6.516578e-04	-1.564150e-05	1
2	rs150655650	96665201	0	9.092414e-05	2.168658e-06	1
2	rs150729474	97065906	0	1.864425e-05	4.743529e-07	1
2	rs150862895	95908235	0	1.061373e-04	2.700830e-06	1
2	rs150915633	95922619	0	2.718517e-05	6.766875e-07	1
2	rs150942085	95544594	0	-3.012424e-04	-7.671741e-06	1
2	rs151157387	97107312	0	-1.519466e-04	-3.803973e-06	1
2	rs151196928	96748054	0	6.267727e-04	1.601060e-05	1
2	rs1559483	95969879	0	5.161750e-04	1.249195e-05	1
2	rs1585272	97161749	0	-7.986957e-04	-1.909389e-05	1
2	rs1657502	96795608	0	-1.354092e-04	-3.200715e-06	1
2	rs17119064	95721459	0	5.795147e-04	1.430568e-05	1
2	rs17119140	95864032	0	-1.112573e-04	-2.678570e-06	1
2	rs17119148	95880005	0	-1.445552e-04	-3.470770e-06	1
2	rs17119362	96861041	0	3.440432e-04	8.719542e-06	1
2	rs17119615	96817011	0	-3.705007e-04	-9.089356e-06	1
2	rs17119627	96820847	0	1.457128e-04	3.671629e-06	1
2	rs17119922	96380253	0	3.515651e-04	8.903979e-06	1
2	rs17120062	95542433	0	-3.461959e-04	-8.812213e-06	1
2	rs1724120	96809331	0	2.421626e-05	6.108878e-07	1
2	rs1724121	96808549	0	-1.843670e-05	-4.160889e-07	1
2	rs1724125	96831355	0	-2.669810e-04	-6.339869e-06	1
2	rs17419569	96868081	0	3.625577e-04	9.197700e-06	1
2	rs17420101	96959616	0	8.724231e-04	2.107790e-05	1
2	rs17479466	96962859	0	8.824629e-04	2.134196e-05	1
2	rs17633463	97016334	0	-5.832367e-05	-1.412619e-06	1
2	rs17746486	95722609	0	2.571715e-04	6.540663e-06	1
2	rs17802697	95667621	0	-5.962053e-04	-1.408688e-05	1
2	rs17803470	95874133	0	-7.169854e-04	-1.827956e-05	1
2	rs17842087	95479775	0	5.430629e-04	1.357929e-05	1
2	rs180689708	96251344	0	2.713308e-04	6.859623e-06	1
2	rs1808357	96421425	0	1.215979e-03	3.090042e-05	1
2	rs180921462	96559228	1	2.905621e-04	7.353493e-06	1
2	rs1809635	95507374	0	-2.762363e-04	-6.925804e-06	1
2	rs1809636	95421697	0	2.950841e-04	6.907635e-06	1
2	rs1813381	96422939	0	1.587514e-04	3.841603e-06	1
2	rs1819213	95373945	0	-5.577723e-04	-1.338746e-05	1
2	rs182144928	96540871	0	8.928018e-05	2.238536e-06	1
2	rs182251407	97051583	0	5.177278e-05	1.316591e-06	1
2	rs182633407	95861495	0	2.299993e-04	5.797079e-06	1
2	rs1830717	95364496	0	-8.585284e-05	-2.019302e-06	1
2	rs1834135	96244225	0	-1.889068e-05	-4.340134e-07	1
2	rs183529337	97024420	0	3.336238e-04	8.521622e-06	1
2	rs183693868	95355921	0	7.935149e-05	1.990674e-06	1
2	rs183861116	96514399	0	1.382588e-04	3.488421e-06	1
2	rs184415311	95564586	0	-2.185636e-04	-5.560821e-06	1
2	rs184965217	96667210	0	-6.185357e-04	-1.590819e-05	1
2	rs185011007	96614558	0	7.512308e-05	1.892159e-06	1
2	rs185085410	96309691	0	1.997631e-04	5.083951e-06	1
2	rs1852300	95341388	0	-4.136898e-04	-9.890779e-06	1
2	rs1852304	95492160	0	7.353141e-04	1.805297e-05	1
2	rs185317920	95367307	0	2.203448e-04	5.556172e-06	1
2	rs185435411	97109169	0	-9.397906e-04	-2.392283e-05	1
2	rs185801119	96013844	0	-4.579876e-04	-1.173541e-05	1
2	rs186057765	96469586	0	-1.655004e-04	-4.216650e-06	1
2	rs186213840	95920667	0	-2.763285e-05	-7.037997e-07	1
2	rs1862896	96184423	0	4.440313e-04	1.115121e-05	1
2	rs1862897	96015741	0	3.500085e-04	8.463555e-06	1
2	rs186291726	96618679	0	3.357867e-04	8.517054e-06	1
2	rs186350083	96518508	0	-1.684351e-04	-4.254287e-06	1
2	rs186412693	95991565	0	-2.271390e-04	-5.759823e-06	1
2	rs1866444	97172125	0	-2.959802e-04	-7.033744e-06	1
2	rs186780297	96650513	0	2.197196e-04	5.582460e-06	1
2	rs1870340	97116953	0	-9.172274e-04	-2.327699e-05	1
2	rs187224440	95990060	0	-7.176193e-05	-1.819560e-06	1
2	rs1875402	95848354	0	1.081078e-04	2.600453e-06	1
2	rs187719500	96923071	0	1.222589e-04	3.112614e-06	1
2	rs187734432	95507347	0	-1.481038e-04	-3.630394e-06	1
2	rs188288420	97127087	0	-1.151187e-04	-2.745151e-06	1
2	rs188390150	95379727	0	-3.736166e-05	-9.457773e-07	1
2	rs188830438	95392020	0	-3.474426e-04	-8.860287e-06	1
2	rs188895880	96872350	0	3.440432e-04	8.719537e-06	1
2	rs189801686	95859331	0	-3.321230e-04	-8.480528e-06	1
2	rs189877528	96546352	0	6.324689e-05	1.598129e-06	1
2	rs189973985	96995981	16	-9.335093e-06	-2.352425e-07	1
2	rs190020557	95920255	0	-2.819380e-04	-7.184219e-06	1
2	rs190046736	95861488	0	2.299993e-04	5.797078e-06	1
2	rs190086088	95474293	0	-2.788537e-04	-7.046926e-06	1
2	rs190242046	96559773	0	5.409786e-05	1.373486e-06	1
2	rs190540477	97109170	0	-9.397906e-04	-2.392282e-05	1
2	rs190938866	96498944	0	1.331539e-05	3.358975e-07	1
2	rs1914687	95615157	0	-7.106102e-05	-1.796524e-06	1
2	rs191542496	96664261	0	-3.756173e-04	-9.618200e-06	1
2	rs1917890	96672001	0	-3.022400e-04	-7.147388e-06	1
2	rs192222904	95375997	0	-3.474426e-04	-8.860287e-06	1
2	rs192435541	97072336	0	-6.912868e-05	-1.748348e-06	1
2	rs192443593	96044290	0	3.483943e-04	8.861630e-06	1
2	rs192641946	96996885	5	-1.217965e-04	-3.093872e-06	1
2	rs192942946	96561777	1	1.888569e-04	4.751621e-06	1
2	rs1963366	95969027	0	8.240884e-05	2.082290e-06	1
2	rs1964284	96424999	0	-1.810520e-04	-4.297864e-06	1
2	rs1966272	95926154	0	-3.082324e-05	-7.540167e-07	1
2	rs1973839	96434042	0	-1.764239e-04	-4.202210e-06	1
2	rs1974770	96468824	0	-3.131450e-04	-7.470840e-06	1
2	rs1974909	96241051	0	1.557648e-04	3.822400e-06	1
2	rs1976770	95521616	0	4.196765e-04	1.002324e-05	1
2	rs1976771	95521701	0	4.196765e-04	1.002324e-05	1
2	rs1979583	95521095	0	3.614705e-04	8.620532e-06	1
2	rs1979584	95521174	0	3.280513e-04	7.812481e-06	1
2	rs199588513	96439808	0	2.698047e-04	6.803044e-06	1
2	rs199675323	96606138	0	3.536953e-04	9.038504e-06	1
2	rs1997257	96429625	0	2.344862e-04	5.582228e-06	1
2	rs199858869	96720524	0	2.573089e-04	6.475173e-06	1
2	rs199961979	96262501	5	1.506382e-04	3.568702e-06	1
2	rs199969223	96563039	2	-5.836096e-04	-1.494485e-05	1
2	rs2001254	95809238	0	1.393973e-04	3.360222e-06	1
2	rs2001748	95423145	0	1.955236e-04	4.601169e-06	1
2	rs200216326	97050159	0	9.495065e-04	2.315530e-05	1
2	rs2004626	95523212	0	3.330561e-04	7.935209e-06	1
2	rs200518446	96563454	3	-4.015966e-05	-1.003840e-06	1
2	rs200535656	96605513	0	7.931308e-05	1.989667e-06	1
2	rs2005613	96423982	0	1.226959e-03	3.105259e-05	1
2	rs2008501	96233960	0	3.208068e-04	8.122591e-06	1
2	rs201034738	97126953	1	-3.328302e-04	-8.353144e-06	1
2	rs2010379	96180093	0	-2.398247e-04	-5.688795e-06	1
2	rs2010533	95929713	0	-1.004455e-04	-2.435551e-06	1
2	rs2016759	96841648	0	7.669972e-05	1.849344e-06	1
2	rs202014239	96573549	1	9.810567e-05	2.458720e-06	1
2	rs202139028	96685900	1	1.480486e-04	3.718284e-06	1
2	rs2038684	95328623	0	-4.482363e-04	-1.107098e-05	1
2	rs2042477	96000943	0	3.500085e-04	8.463544e-06	1
2	rs2059313	96207952	0	7.907088e-04	1.905297e-05	1
2	rs2059314	96006995	0	2.652811e-04	6.248855e-06	1
2	rs2077443	95523255	0	3.602540e-04	8.591407e-06	1
2	rs2083276	97103762	0	-6.516578e-04	-1.564148e-05	1
2	rs2085842	97052508	0	9.436485e-04	2.300528e-05	1
2	rs2098768	95926648	0	-8.980954e-05	-2.180291e-06	1
2	rs2099674	97104134	0	-8.047949e-04	-2.025533e-05	1
2	rs2099675	97104123	0	-4.042462e-05	-9.496087e-07	1
2	rs2113412	96235906	0	1.545967e-04	3.856536e-06	1
2	rs2113417	95999856	0	3.500085e-04	8.463540e-06	1
2	rs2113418	95988849	0	5.680005e-04	1.347139e-05	1
2	rs2113419	96033635	0	-1.197261e-04	-2.931371e-06	1
2	rs2118837	97139171	0	-5.020311e-04	-1.271302e-05	1
2	rs2140938	96751395	0	-5.868567e-04	-1.410352e-05	1
2	rs2161066	96477028	0	1.039500e-03	2.611604e-05	1
2	rs2193883	96385848	0	5.349454e-04	1.350307e-05	1
2	rs2216793	96196322	0	6.718032e-05	1.615076e-06	1
2	rs2229169	96780716	0	5.067710e-04	1.212213e-05	1
2	rs2252697	96778190	0	5.442841e-04	1.300582e-05	1
2	rs2257527	96430500	0	8.495331e-05	2.142951e-06	1
2	rs2276649	96971409	0	7.178732e-04	1.730933e-05	1
2	rs2276650	96861159	0	-2.561053e-04	-6.265069e-06	1
2	rs2278067	95955680	0	1.326549e-04	3.116722e-06	1
2	rs2278564	96688990	0	5.527395e-05	1.367046e-06	1
2	rs2279105	96993757	0	7.217367e-04	1.740161e-05	1
2	rs2279785	95690258	0	-1.038816e-04	-2.624980e-06	1
2	rs2291991	95720630	0	1.917595e-04	4.624329e-06	1
2	rs2293544	96603129	0	2.383235e-04	5.978672e-06	1
2	rs2301707	96931846	0	-6.504543e-04	-1.566990e-05	1
2	rs2305935	97030247	0	9.506847e-04	2.318627e-05	1
2	rs2312955	96777168	0	6.052578e-04	1.453886e-05	1
2	rs2312990	97134027	0	-8.600123e-04	-2.179916e-05	1
2	rs2312991	97133947	0	-9.724448e-04	-2.486431e-05	1
2	rs2315416	96558477	2	-1.299131e-04	-3.074543e-06	1
2	rs2315417	96500289	0	2.074898e-04	4.960258e-06	1
2	rs2315517	96363789	0	2.901284e-04	7.256920e-06	1
2	rs2315667	96465201	0	9.705270e-04	2.431293e-05	1
2	rs2315668	96429562	0	-2.679361e-04	-6.382986e-06	1
2	rs2315669	96429551	0	-2.272186e-04	-5.409759e-06	1
2	rs2320170	96239773	0	-1.889068e-05	-4.339529e-07	1
2	rs2320339	95950045	0	2.701491e-04	6.521814e-06	1
2	rs2320431	96024876	0	-2.358313e-04	-5.798688e-06	1
2	rs2320433	96057011	0	-4.233493e-05	-1.011183e-06	1
2	rs2320619	95734623	0	2.524254e-04	6.099751e-06	1
2	rs2320620	95735140	0	1.081078e-04	2.600428e-06	1
2	rs2320622	95797672	0	4.343972e-04	1.045235e-05	1
2	rs2320624	95856611	0	4.884918e-05	1.171475e-06	1
2	rs2320625	95862736	0	-4.287665e-04	-1.013544e-05	1
2	rs2320870	95417323	0	-4.660583e-04	-1.152942e-05	1
2	rs2320997	95329940	0	-6.203010e-04	-1.542428e-05	1
2	rs2438709	97199694	0	8.605923e-06	2.204610e-07	1
2	rs2438924	96645069	0	-1.385984e-04	-3.265043e-06	1
2	rs2438972	96690873	0	2.215473e-04	5.285530e-06	1
2	rs2462892	95383498	0	-5.487510e-04	-1.359632e-05	1
2	rs2463560	96595589	2	4.759907e-05	1.141109e-06	1
2	rs2464914	97179828	0	-9.813102e-04	-2.392286e-05	1
2	rs2544478	96433494	0	-7.737539e-05	-1.968554e-06	1
2	rs2551307	96083215	0	-8.230518e-05	-1.959996e-06	1
2	rs2576437	96800417	0	-8.062375e-06	-1.718398e-07	1
2	rs2579500	97201682	0	-2.758111e-04	-6.487361e-06	1
2	rs2579501	97199251	0	-8.234042e-05	-1.936950e-06	1
2	rs2579502	97198800	0	-7.237300e-04	-1.750984e-05	1
2	rs2579503	97176634	0	-2.959802e-04	-7.033680e-06	1
2	rs2579505	97167962	0	-9.795258e-04	-2.387300e-05	1
2	rs2579515	96686723	0	-3.773631e-04	-9.010010e-06	1
2	rs2579516	96684876	0	9.258956e-05	2.335841e-06	1
2	rs2579517	96679384	0	-3.773631e-04	-9.010005e-06	1
2	rs2579518	96675259	0	1.580106e-05	3.921559e-07	1
2	rs2579519	96675166	0	6.488887e-05	1.557194e-06	1
2	rs2579520	96660300	0	9.092414e-05	2.168767e-06	1
2	rs2579548	96744212	0	-6.727597e-04	-1.620483e-05	1
2	rs2579549	96742833	0	-5.764741e-04	-1.384689e-05	1
2	rs2579550	96741944	0	-5.764741e-04	-1.384689e-05	1
2	rs2579551	96738585	0	9.626432e-04	2.410502e-05	1
2	rs2579552	96737083	0	-5.764741e-04	-1.384688e-05	1
2	rs2633903	95471708	0	-1.955756e-04	-4.797754e-06	1
2	rs2692893	96756547	0	-4.950919e-04	-1.185752e-05	1
2	rs2692894	96784934	0	4.662186e-04	1.113296e-05	1
2	rs2692906	96430629	0	5.244941e-04	1.317433e-05	1
2	rs2692934	96737860	0	-4.496336e-04	-1.075247e-05	1
2	rs2692936	96745729	0	-5.764741e-04	-1.384686e-05	1
2	rs2692937	96751871	0	-5.764741e-04	-1.384686e-05	1
2	rs2692938	96753149	0	9.193526e-04	2.284714e-05	1
2	rs2692947	96674116	0	8.337931e-04	2.007361e-05	1
2	rs2692948	96673565	0	2.460265e-04	5.921147e-06	1
2	rs2692950	96673524	0	-2.679979e-04	-6.331449e-06	1
2	rs2692954	96683378	0	-3.773631e-04	-9.009943e-06	1
2	rs2693583	95404409	0	3.222919e-04	7.540862e-06	1
2	rs2708975	97184160	0	-1.901622e-04	-4.504643e-06	1
2	rs2708978	97202243	0	-7.237300e-04	-1.750981e-05	1
2	rs28498365	95380052	2	-6.623619e-04	-1.649288e-05	1
2	rs28603323	97166743	0	-6.550559e-04	-1.658412e-05	1
2	rs28619189	95367448	0	-5.487510e-04	-1.359632e-05	1
2	rs28625893	95367438	0	-5.800405e-04	-1.439743e-05	1
2	rs28680439	95528170	0	4.196765e-04	1.002325e-05	1
2	rs2872313	97012308	0	1.541748e-04	3.925373e-06	1
2	rs2874283	95698546	0	3.195288e-04	8.153188e-06	1
2	rs2874315	95731727	0	5.655628e-04	1.433698e-05	1
2	rs2874316	95809604	0	2.118405e-04	5.359304e-06	1
2	rs28795241	97122120	0	-8.600123e-04	-2.179916e-05	1
2	rs28833028	96665281	0	-3.022400e-04	-7.147238e-06	1
2	rs29000576	96779043	0	5.313145e-05	1.324114e-06	1
2	rs29000579	96776888	0	7.788685e-05	1.982970e-06	1
2	rs2917662	96794957	0	-4.658567e-04	-1.112311e-05	1
2	rs2918816	96661401	0	-3.022400e-04	-7.147229e-06	1
2	rs2918910	96597007	3	2.359369e-05	5.731670e-07	1
2	rs2918916	96736568	0	-9.887607e-05	-2.335083e-06	1
2	rs2918929	96683857	0	-3.157097e-04	-7.529685e-06	1
2	rs2949885	96662415	0	-3.022400e-04	-7.147216e-06	1
2	rs2968663	95520746	0	3.590613e-04	8.556352e-06	1
2	rs2969473	96689334	0	6.241935e-05	1.520459e-06	1
2	rs2969475	96685021	0	-3.773631e-04	-9.009908e-06	1
2	rs2969477	96677466	0	-3.773631e-04	-9.009904e-06	1
2	rs2969478	96675306	0	9.258956e-05	2.335844e-06	1
2	rs2969489	96811434	0	5.266279e-05	1.286183e-06	1
2	rs2969490	96803904	0	2.030248e-05	5.054571e-07	1
2	rs2969491	96794982	0	-4.892317e-04	-1.169874e-05	1
2	rs3105098	95698210	0	-1.862855e-06	-5.384491e-08	1
2	rs3105099	95707519	0	3.248278e-04	7.773099e-06	1
2	rs3105100	95742453	0	1.878352e-04	4.532804e-06	1
2	rs3105101	95742678	0	1.897283e-04	4.574855e-06	1
2	rs3105102	95806167	0	1.081078e-04	2.600407e-06	1
2	rs3105104	95816365	0	1.081078e-04	2.600406e-06	1
2	rs3105105	95848018	0	1.081078e-04	2.600405e-06	1
2	rs3111873	96781986	0	5.646942e-04	1.354160e-05	1
2	rs3112221	95816563	0	1.393973e-04	3.360176e-06	1
2	rs3112222	95782742	0	1.081078e-04	2.600402e-06	1
2	rs3112223	95805876	0	1.393973e-04	3.360174e-06	1
2	rs3112225	95791528	0	1.081078e-04	2.600400e-06	1
2	rs3112226	95790331	0	-8.626927e-05	-2.018348e-06	1
2	rs3112228	95835614	0	4.990174e-05	1.193941e-06	1
2	rs3112229	95838674	0	-1.103193e-04	-2.673229e-06	1
2	rs3112230	95846158	0	1.393973e-04	3.360171e-06	1
2	rs3112231	95771096	0	1.678439e-04	4.049486e-06	1
2	rs3112232	95866479	0	-3.195288e-04	-8.153190e-06	1
2	rs3112982	95715867	0	-3.227939e-05	-7.871070e-07	1
2	rs3112983	95716644	0	2.701870e-04	6.532578e-06	1
2	rs3112984	95728363	0	4.884918e-05	1.171443e-06	1
2	rs3112986	95729338	0	1.393973e-04	3.360166e-06	1
2	rs3112987	95731101	0	1.393973e-04	3.360165e-06	1
2	rs3112988	95744882	0	-1.841684e-04	-4.455776e-06	1
2	rs3112989	95745120	0	3.375709e-04	7.988409e-06	1
2	rs3112990	95750419	0	-4.377542e-05	-1.061856e-06	1
2	rs3112991	95755661	0	2.004801e-05	4.766468e-07	1
2	rs3112992	95784975	0	-8.626927e-05	-2.018353e-06	1
2	rs3112994	95805009	0	-8.626927e-05	-2.018350e-06	1
2	rs3112995	95805050	0	1.081078e-04	2.600391e-06	1
2	rs3112996	95812372	0	1.081078e-04	2.600390e-06	1
2	rs3112997	95818151	0	4.884918e-05	1.171438e-06	1
2	rs3112998	95822447	0	2.416939e-04	5.707522e-06	1
2	rs3112999	95849529	0	1.081078e-04	2.600389e-06	1
2	rs3113000	95849653	0	1.393973e-04	3.360161e-06	1
2	rs3113001	95855555	0	1.081078e-04	2.600387e-06	1
2	rs3113002	95700730	0	2.858659e-04	6.835536e-06	1
2	rs3171927	96952833	0	3.798047e-04	9.092697e-06	1
2	rs3214063	96943473	0	7.191329e-04	1.727375e-05	1
2	rs34010054	96334690	0	-9.835623e-04	-2.524897e-05	1
2	rs34017018	95575078	0	-1.307241e-04	-3.291365e-06	1
2	rs34087291	95526907	0	4.196765e-04	1.002326e-05	1
2	rs34119529	96210459	0	2.154860e-04	5.116703e-06	1
2	rs34185860	96043191	0	-1.195080e-04	-3.039995e-06	1
2	rs34196616	95410952	0	-2.413381e-05	-5.649678e-07	1
2	rs34345743	95453315	0	-2.347243e-04	-5.760922e-06	1
2	rs34367982	97070174	0	1.841740e-04	4.659517e-06	1
2	rs34448650	96214949	0	-9.971515e-04	-2.562592e-05	1
2	rs34599749	95407610	0	-3.348433e-04	-8.406625e-06	1
2	rs34639392	96508976	0	-3.348608e-05	-7.817681e-07	1
2	rs34738006	95710096	0	-3.474426e-04	-8.860292e-06	1
2	rs34774407	95596159	0	-1.307241e-04	-3.291364e-06	1
2	rs34775562	95347353	0	-7.568304e-04	-1.894609e-05	1
2	rs34811744	96367067	0	-5.865925e-05	-1.490088e-06	1
2	rs34865952	95338352	0	-1.215161e-04	-3.030703e-06	1
2	rs35034822	95944632	0	-3.012424e-04	-7.671745e-06	1
2	rs35056623	96545293	0	2.518039e-05	6.159454e-07	1
2	rs35078702	95386032	0	-5.800405e-04	-1.439744e-05	1
2	rs35253782	95363559	0	-3.348433e-04	-8.406622e-06	1
2	rs35256168	96185714	0	4.957576e-05	1.166773e-06	1
2	rs35391246	95858319	0	-2.819380e-04	-7.184224e-06	1
2	rs35466766	96016657	0	-7.330778e-05	-1.862789e-06	1
2	rs35684682	96425099	0	3.653380e-04	8.752176e-06	1
2	rs35711624	96365890	0	-4.844023e-04	-1.238114e-05	1
2	rs35737210	95461889	0	-9.086364e-05	-2.230740e-06	1
2	rs35738525	97147587	0	1.311984e-04	3.234115e-06	1
2	rs35803313	95722177	0	-2.565673e-04	-6.519812e-06	1
2	rs35989305	96341433	0	-4.700562e-04	-1.124080e-05	1
2	rs36002514	95333825	1	-2.339548e-04	-5.861612e-06	1
2	rs36045840	95815306	0	-3.012424e-04	-7.671744e-06	1
2	rs36087694	96212699	0	5.259279e-04	1.261658e-05	1
2	rs368296706	96597307	0	3.769725e-04	9.560845e-06	1
2	rs369303397	96692193	1	1.506037e-04	3.784079e-06	1
2	rs370090107	96523401	0	1.230984e-04	3.082355e-06	1
2	rs371784783	96250122	0	3.058320e-04	7.748848e-06	1
2	rs372625168	96525006	0	-4.194443e-04	-1.066677e-05	1
2	rs372786528	96072382	0	2.258302e-04	5.762666e-06	1
2	rs3731930	96966661	0	8.406740e-04	2.028275e-05	1
2	rs3731935	97020049	0	1.758820e-04	4.212069e-06	1
2	rs3731936	97020170	0	1.758820e-04	4.212067e-06	1
2	rs3731937	97166296	0	-5.928410e-04	-1.498759e-05	1
2	rs3731938	97166204	0	-9.773825e-04	-2.380408e-05	1
2	rs3731939	97164943	0	-6.006901e-04	-1.514949e-05	1
2	rs373518598	96624998	0	3.376992e-04	8.577968e-06	1
2	rs373828429	96441589	0	2.288225e-04	5.768321e-06	1
2	rs373857411	96620365	0	2.941561e-04	7.445100e-06	1
2	rs375208412	97050189	0	-1.163131e-04	-2.953447e-06	1
2	rs3755518	96023631	0	-2.397591e-04	-5.895125e-06	1
2	rs3755519	95989272	0	4.386755e-04	1.059178e-05	1
2	rs3755520	95985231	0	4.128917e-04	9.971625e-06	1
2	rs3755521	95983226	0	3.209902e-04	7.741235e-06	1
2	rs3755523	95974818	0	3.945621e-04	9.532991e-06	1
2	rs3755525	95962548	0	4.545059e-04	1.099882e-05	1
2	rs376153430	96717484	0	5.142500e-04	1.299692e-05	1
2	rs3772031	96014891	0	4.000046e-04	9.675048e-06	1
2	rs3772032	96014132	0	4.000046e-04	9.675046e-06	1
2	rs3772033	96013828	0	4.000046e-04	9.675044e-06	1
2	rs3772034	95989766	0	4.140706e-04	1.001044e-05	1
2	rs3772037	95988592	0	4.390289e-04	1.060146e-05	1
2	rs3772041	95972707	0	6.126755e-04	1.488736e-05	1
2	rs3772042	95970952	0	5.527994e-04	1.340457e-05	1
2	rs3772043	95966744	0	5.527994e-04	1.340456e-05	1
2	rs3772044	95966046	0	4.428090e-04	1.071109e-05	1
2	rs3813663	96365518	0	2.693061e-04	6.435522e-06	1
2	rs3821051	96912787	0	-3.496337e-04	-8.308412e-06	1
2	rs3821340	96023664	0	1.297567e-04	3.037524e-06	1
2	rs3821341	95995954	0	2.892846e-04	6.972742e-06	1
2	rs384155	95385262	0	-5.487510e-04	-1.359632e-05	1
2	rs3842882	96422745	0	1.215979e-03	3.090047e-05	1
2	rs384546	95339383	0	-5.380853e-04	-1.333469e-05	1
2	rs3852673	96919642	0	-5.472567e-04	-1.348105e-05	1
2	rs3855810	96424244	0	-1.810520e-04	-4.297640e-06	1
2	rs3866290	96081230	0	1.339908e-04	3.208777e-06	1
2	rs3901108	96430275	0	2.941561e-04	7.445096e-06	1
2	rs3915894	96433984	0	1.750943e-04	4.434674e-06	1
2	rs3968756	96430270	0	-2.272186e-04	-5.409585e-06	1
2	rs4055743	95341920	0	-5.788827e-04	-1.438368e-05	1
2	rs4057261	95859386	0	6.216547e-04	1.577464e-05	1
2	rs4062840	96430046	0	-2.272186e-04	-5.409581e-06	1
2	rs4062891	96343854	0	-8.432176e-05	-1.993619e-06	1
2	rs4062960	96472449	0	1.750943e-04	4.434675e-06	1
2	rs4062989	96481071	0	-3.131450e-04	-7.470607e-06	1
2	rs4063021	96501762	0	-3.348608e-05	-7.817352e-07	1
2	rs4096181	95506057	0	-1.481038e-04	-3.630403e-06	1
2	rs4096183	95459089	0	-1.481038e-04	-3.630402e-06	1
2	rs4096200	95547505	0	7.059952e-06	1.729098e-07	1
2	rs4096824	95616009	0	5.755467e-04	1.358061e-05	1
2	rs4096918	96417608	0	2.698047e-04	6.803021e-06	1
2	rs4103834	95473771	0	-1.361620e-04	-3.338028e-06	1
2	rs4110014	95471392	0	-2.569180e-04	-6.327521e-06	1
2	rs4110023	95411755	0	-5.800405e-04	-1.439743e-05	1
2	rs4110024	95489894	0	-3.668741e-04	-9.125552e-06	1
2	rs4110740	95413207	0	7.366262e-04	1.821680e-05	1
2	rs4115265	95515881	0	-1.287995e-04	-3.156428e-06	1
2	rs41310787	95719703	0	-5.099827e-06	-1.300245e-07	1
2	rs41320144	96798305	0	1.457128e-04	3.671597e-06	1
2	rs4144055	96647856	0	-3.022400e-04	-7.147138e-06	1
2	rs4146062	96561406	2	2.554935e-04	6.437489e-06	1
2	rs4146063	96561651	1	1.294984e-04	3.251780e-06	1
2	rs419631	95342059	0	-4.136898e-04	-9.890817e-06	1
2	rs4241315	95687104	0	-4.067983e-04	-9.879023e-06	1
2	rs4243787	96388762	0	-5.953635e-04	-1.445259e-05	1
2	rs4283455	95999215	0	2.377372e-04	5.728528e-06	1
2	rs4299372	96256261	0	1.582821e-04	3.771183e-06	1
2	rs4332959	96549121	0	-2.333856e-04	-5.537565e-06	1
2	rs4352265	96528657	0	1.939409e-04	4.934877e-06	1
2	rs4371393	96903360	0	-6.348649e-04	-1.568213e-05	1
2	rs4386366	97126685	0	-2.363373e-04	-5.673999e-06	1
2	rs4416250	95497376	0	-1.673876e-04	-4.109499e-06	1
2	rs4426565	97051981	0	-2.737591e-04	-6.637176e-06	1
2	rs4435501	96981369	0	2.349190e-06	6.584593e-08	1
2	rs4443026	95620564	0	-3.529647e-04	-8.251558e-06	1
2	rs4527246	96560303	2	7.475331e-05	1.789898e-06	1
2	rs4544484	96630528	0	3.710836e-04	8.864843e-06	1
2	rs4555374	95639504	0	-4.347969e-05	-1.047809e-06	1
2	rs4564804	95628045	0	2.383677e-04	5.782105e-06	1
2	rs4592891	96878667	0	-4.885088e-04	-1.200932e-05	1
2	rs4605406	96583735	1	-3.000178e-04	-7.154073e-06	1
2	rs4611680	96632533	0	1.084871e-03	2.730204e-05	1
2	rs4613327	96583823	3	-2.474662e-04	-5.893063e-06	1
2	rs4613328	96631964	0	-4.641685e-04	-1.121819e-05	1
2	rs4619650	97088240	0	5.177278e-05	1.316620e-06	1
2	rs4826	96850885	0	-5.590270e-04	-1.376759e-05	1
2	rs4854213	96089946	1	1.257810e-04	3.002776e-06	1
2	rs4854231	95525397	0	6.375499e-04	1.519032e-05	1
2	rs4854232	95529704	0	3.184184e-04	7.585367e-06	1
2	rs4854233	95533808	0	4.196765e-04	1.002328e-05	1
2	rs4854234	95537245	0	2.218830e-04	5.283415e-06	1
2	rs4854235	95537572	1	2.812632e-04	6.776260e-06	1
2	rs4854236	95549825	0	5.201344e-05	1.232323e-06	1
2	rs4854239	95586249	0	-4.445272e-06	-1.147155e-07	1
2	rs4854240	95599930	0	4.618892e-04	1.082403e-05	1
2	rs4854243	95733847	0	1.393973e-04	3.360131e-06	1
2	rs4854246	95837419	0	2.320194e-04	5.635254e-06	1
2	rs4854247	95905658	0	1.009151e-04	2.427714e-06	1
2	rs4854248	95923622	0	6.935330e-05	1.663490e-06	1
2	rs4854249	95930630	0	7.386090e-07	7.259921e-09	1
2	rs4854251	96037247	0	-6.973006e-05	-1.707950e-06	1
2	rs4854253	96056112	0	1.382730e-04	3.309834e-06	1
2	rs4854256	96089945	1	1.257810e-04	3.002783e-06	1
2	rs4907202	96156177	0	-1.684852e-05	-3.848161e-07	1
2	rs4907208	96157309	0	6.006402e-05	1.446503e-06	1
2	rs4907212	96410048	0	1.004975e-04	2.404514e-06	1
2	rs4907217	96544119	0	-3.113357e-04	-7.426160e-06	1
2	rs4907218	96553772	1	-9.400294e-05	-2.219771e-06	1
2	rs4907219	96562873	1	-4.825525e-04	-1.155532e-05	1
2	rs4907222	96576595	2	-3.862435e-04	-9.228402e-06	1
2	rs4907224	96576609	2	-3.862435e-04	-9.228397e-06	1
2	rs4907225	96576670	2	-3.058831e-04	-7.291393e-06	1
2	rs4907226	96652017	0	-3.022400e-04	-7.147078e-06	1
2	rs4907230	96855241	0	-4.899839e-04	-1.173572e-05	1
2	rs4907231	96969543	0	3.717989e-04	8.828169e-06	1
2	rs4907232	96983112	0	3.266711e-04	7.847494e-06	1
2	rs4907233	97053119	0	8.226660e-04	1.993593e-05	1
2	rs4907234	97112939	0	1.257099e-04	2.964905e-06	1
2	rs4907236	97187605	0	-2.940698e-04	-7.014621e-06	1
2	rs4907237	97190497	0	-3.576031e-04	-8.625268e-06	1
2	rs4907238	97197195	0	-3.683854e-04	-8.854571e-06	1
2	rs4907272	96321830	0	2.593125e-04	6.199858e-06	1
2	rs4907273	96322801	0	2.724871e-04	6.516223e-06	1
2	rs4907274	96363682	0	-1.998216e-05	-4.603828e-07	1
2	rs4907275	96384577	0	-3.681043e-04	-9.330247e-06	1
2	rs4907276	96391109	0	-5.231791e-04	-1.254788e-05	1
2	rs4907278	96392196	0	-2.825568e-04	-6.721733e-06	1
2	rs4907279	96399968	0	-2.936383e-04	-7.007132e-06	1
2	rs4907280	96402126	0	-1.228460e-04	-2.904498e-06	1
2	rs4907282	96518022	0	9.543997e-05	2.283852e-06	1
2	rs4907288	96614212	0	-4.425320e-05	-1.050903e-06	1
2	rs4907291	96654605	0	-6.896667e-05	-1.618263e-06	1
2	rs4907292	96664144	0	1.084871e-03	2.730207e-05	1
2	rs4907299	96780122	0	-7.039329e-04	-1.697331e-05	1
2	rs4907301	96836512	0	6.874138e-04	1.697803e-05	1
2	rs4907302	96217197	0	2.181450e-05	5.358473e-07	1
2	rs4907303	96217234	0	5.843887e-05	1.407100e-06	1
2	rs4907304	96898296	0	6.070170e-04	1.498176e-05	1
2	rs4907307	96925269	0	8.459734e-04	2.043429e-05	1
2	rs4907308	96927965	0	4.187156e-04	9.970152e-06	1
2	rs4907309	96936254	0	8.006721e-04	1.938681e-05	1
2	rs4907310	96980113	0	8.226660e-04	1.993590e-05	1
2	rs4907311	97011362	0	8.967817e-04	2.176606e-05	1
2	rs4907312	97033940	0	3.642033e-04	8.696043e-06	1
2	rs4907318	97108265	0	-6.516578e-04	-1.564138e-05	1
2	rs4907319	97138525	0	7.130772e-05	1.676484e-06	1
2	rs5006796	95558515	0	-5.213815e-05	-1.223687e-06	1
2	rs55684901	96544464	0	2.149355e-04	5.473791e-06	1
2	rs55687728	97201026	0	-2.651993e-04	-6.737355e-06	1
2	rs55695015	96501763	0	2.941561e-04	7.445084e-06	1
2	rs55716397	97201265	0	-3.850387e-04	-9.713370e-06	1
2	rs55821308	96682985	0	2.941561e-04	7.445083e-06	1
2	rs55862224	96727959	0	3.130680e-04	7.899758e-06	1
2	rs55908923	96788107	0	1.457128e-04	3.671586e-06	1
2	rs55982351	97162780	0	1.022603e-04	2.598586e-06	1
2	rs56025514	97200810	0	6.847389e-04	1.757338e-05	1
2	rs56027554	97058660	0	3.642033e-04	8.696039e-06	1
2	rs56076470	95444831	0	7.524305e-04	1.850547e-05	1
2	rs56088823	96793024	0	-2.408600e-04	-5.886838e-06	1
2	rs56192525	96475760	0	2.941561e-04	7.445082e-06	1
2	rs56221936	97058485	0	9.718908e-04	2.373677e-05	1
2	rs56229635	96855331	0	5.986857e-05	1.517242e-06	1
2	rs56268488	95902245	0	-3.095443e-04	-7.752349e-06	1
2	rs56284608	97044781	0	-8.727686e-05	-2.216131e-06	1
2	rs56285541	95974982	0	4.331066e-04	1.097080e-05	1
2	rs56289221	96839457	0	3.440432e-04	8.719493e-06	1
2	rs56317316	95487569	0	7.353141e-04	1.805301e-05	1
2	rs56321133	95426050	0	-4.235237e-05	-1.069926e-06	1
2	rs56791141	96587496	1	4.173410e-04	9.981906e-06	1
2	rs56800261	96942273	0	6.996579e-04	1.679881e-05	1
2	rs56847058	96406893	0	-1.228460e-04	-2.904464e-06	1
2	rs57185579	96684975	0	8.346757e-05	2.088279e-06	1
2	rs57251156	96886700	0	4.375247e-05	1.054601e-06	1
2	rs57273135	96482601	0	1.429643e-04	3.589833e-06	1
2	rs57352915	96670607	0	3.931641e-04	9.904559e-06	1
2	rs57406815	97012155	0	5.026510e-04	1.200272e-05	1
2	rs57476471	96902320	0	-7.058326e-04	-1.748398e-05	1
2	rs57579941	96336253	0	1.538691e-04	3.679974e-06	1
2	rs57674617	97101316	0	-8.342103e-04	-2.100335e-05	1
2	rs582014	97075826	0	-4.668041e-04	-1.115881e-05	1
2	rs58328293	97022495	0	9.886425e-04	2.415538e-05	1
2	rs58353777	97121784	0	-8.600123e-04	-2.179914e-05	1
2	rs583705	97068754	0	-4.668041e-04	-1.115881e-05	1
2	rs58372613	96048862	0	9.458422e-05	2.234670e-06	1
2	rs58448550	96880147	0	-4.899839e-04	-1.173565e-05	1
2	rs584811	97069879	0	-6.590590e-04	-1.574711e-05	1
2	rs58540353	95805347	0	4.696804e-05	1.125840e-06	1
2	rs585781	97088623	0	-4.780741e-04	-1.143284e-05	1
2	rs58579958	95431135	0	-2.049080e-04	-5.024225e-06	1
2	rs58610630	96025229	0	-1.197261e-04	-2.931236e-06	1
2	rs58719199	96578247	3	-3.161194e-04	-7.538431e-06	1
2	rs58730124	96413338	0	-1.228460e-04	-2.904436e-06	1
2	rs58751052	96745044	0	4.076613e-04	1.034571e-05	1
2	rs58913898	97114731	0	-8.600123e-04	-2.179913e-05	1
2	rs59033856	96603518	0	-3.484488e-04	-8.770713e-06	1
2	rs59076415	96393944	0	-2.408303e-04	-5.742465e-06	1
2	rs59082429	96839049	0	-5.298141e-04	-1.304061e-05	1
2	rs59210467	97097291	0	-1.218808e-04	-2.913327e-06	1
2	rs59413697	97119750	0	-1.094531e-04	-2.611597e-06	1
2	rs59534363	96556423	1	3.253384e-04	8.186585e-06	1
2	rs596069	97076642	0	6.838040e-05	1.662072e-06	1
2	rs59664047	96869291	0	-4.885088e-04	-1.200936e-05	1
2	rs59665910	96033058	0	2.350890e-04	5.765495e-06	1
2	rs597051	95357109	0	-5.487510e-04	-1.359633e-05	1
2	rs597420	97070353	0	-4.668041e-04	-1.115878e-05	1
2	rs59878168	96685307	0	8.346757e-05	2.088272e-06	1
2	rs59966106	96999086	0	8.226660e-04	1.993585e-05	1
2	rs59979953	97014447	0	6.956796e-04	1.671171e-05	1
2	rs60090597	96406266	0	1.698017e-05	4.385038e-07	1
2	rs60106968	96598679	0	4.758000e-04	1.180564e-05	1
2	rs60273147	96559751	0	-1.569331e-04	-3.716090e-06	1
2	rs60400346	96646580	0	2.941561e-04	7.445071e-06	1
2	rs60409279	96872400	0	-5.138388e-04	-1.275616e-05	1
2	rs60452119	96420050	0	2.836534e-04	6.774803e-06	1
2	rs605175	97082700	0	-4.780741e-04	-1.143281e-05	1
2	rs60538359	96598388	0	3.233608e-04	8.114107e-06	1
2	rs60574455	95568102	0	-4.445272e-06	-1.146973e-07	1
2	rs60700118	97098756	0	-2.578568e-04	-6.194078e-06	1
2	rs607302	97086823	0	-4.906716e-04	-1.176405e-05	1
2	rs60806696	95555581	0	1.549864e-04	3.833831e-06	1
2	rs60944521	96052403	0	-4.315157e-04	-1.031003e-05	1
2	rs609765	97094536	0	-6.135665e-04	-1.470886e-05	1
2	rs61008119	97132514	0	-1.094531e-04	-2.611574e-06	1
2	rs611943	97067074	0	-5.527901e-04	-1.324189e-05	1
2	rs612017	97094011	0	-6.247413e-04	-1.498610e-05	1
2	rs61409777	96581373	2	4.229331e-05	1.020118e-06	1
2	rs61624166	96793213	0	-2.408600e-04	-5.886846e-06	1
2	rs61649840	96025765	0	-2.897551e-04	-7.118716e-06	1
2	rs61697794	96902604	0	2.386028e-04	5.753371e-06	1
2	rs61735195	96798440	0	-5.067905e-04	-1.301571e-05	1
2	rs618454	97080093	0	-4.102180e-04	-9.805841e-06	1
2	rs62146110	95431707	0	7.848169e-04	1.943088e-05	1
2	rs62146115	95456961	0	-5.566696e-06	-1.534650e-07	1
2	rs62146116	95468390	0	8.091028e-04	1.994909e-05	1
2	rs62146919	95504928	0	9.050450e-04	2.240014e-05	1
2	rs62146920	95506694	0	2.473262e-04	6.136901e-06	1
2	rs62146942	95536889	0	5.079835e-04	1.234300e-05	1
2	rs62147969	95564400	0	7.973269e-04	2.000784e-05	1
2	rs62147976	95627160	0	2.427929e-04	6.174592e-06	1
2	rs62147977	95640027	0	7.048976e-04	1.762103e-05	1
2	rs62148039	95700751	0	1.690059e-04	4.283704e-06	1
2	rs62148049	95816137	0	3.809759e-04	9.663279e-06	1
2	rs62148537	95365118	0	3.777401e-04	9.485321e-06	1
2	rs62148538	95371194	0	5.216740e-05	1.309162e-06	1
2	rs62149216	95820666	0	6.216547e-04	1.577460e-05	1
2	rs62149219	95871839	0	4.475841e-04	1.131722e-05	1
2	rs62152962	96773950	0	2.910276e-05	7.281640e-07	1
2	rs62152966	96823524	0	-3.317494e-04	-8.128793e-06	1
2	rs62152972	96842653	0	-6.545000e-04	-1.632536e-05	1
2	rs62153010	96854568	0	-4.260659e-04	-1.045556e-05	1
2	rs62153011	96854578	0	-3.754413e-04	-9.213502e-06	1
2	rs62153014	96865817	0	-4.260659e-04	-1.045556e-05	1
2	rs62153018	96876455	0	-7.704719e-04	-1.913253e-05	1
2	rs62153019	96881715	0	1.562015e-04	3.948135e-06	1
2	rs62153020	96882128	0	-3.976194e-04	-9.747915e-06	1
2	rs62153022	96888164	0	-6.670065e-04	-1.649653e-05	1
2	rs62153026	96910053	0	8.495331e-05	2.142920e-06	1
2	rs62153027	96914741	0	8.495331e-05	2.142920e-06	1
2	rs62153029	96920993	0	-4.563672e-04	-1.120841e-05	1
2	rs62153033	96934504	0	7.090931e-04	1.701690e-05	1
2	rs62153034	96941467	0	2.719670e-04	6.443724e-06	1
2	rs62153035	96941701	0	6.499527e-04	1.555475e-05	1
2	rs62153036	96941820	0	8.348985e-04	2.081516e-05	1
2	rs62153038	96944899	0	8.495331e-05	2.142917e-06	1
2	rs62153039	96945712	0	3.062451e-04	7.261746e-06	1
2	rs62153041	96966193	0	3.717989e-04	8.828079e-06	1
2	rs62153462	95939842	0	4.284425e-04	1.083099e-05	1
2	rs62153508	95989376	0	3.227699e-04	8.178247e-06	1
2	rs62153678	96558346	1	-3.421560e-04	-8.163975e-06	1
2	rs62153679	96558400	1	-1.743385e-05	-3.997483e-07	1
2	rs62153692	96569017	2	-9.837101e-04	-2.392140e-05	1
2	rs62153698	96579526	1	1.483786e-04	3.736063e-06	1
2	rs62153699	96580165	2	3.156972e-04	7.748327e-06	1
2	rs62153898	96966456	0	3.717989e-04	8.828070e-06	1
2	rs62153900	96977284	0	3.825024e-04	9.138063e-06	1
2	rs62153901	96983959	0	3.186653e-04	7.598352e-06	1
2	rs62153902	96987742	0	3.437511e-04	8.202606e-06	1
2	rs62153905	97004840	0	5.452200e-04	1.309934e-05	1
2	rs62153906	97005275	0	4.159157e-04	9.942881e-06	1
2	rs62153915	97026576	0	7.673660e-04	1.855888e-05	1
2	rs62153917	97029168	0	-4.682567e-04	-1.137567e-05	1
2	rs62153922	97060366	0	1.566319e-04	3.746984e-06	1
2	rs62153923	97063603	0	2.282060e-04	5.415360e-06	1
2	rs62154612	96617277	0	8.495331e-05	2.142913e-06	1
2	rs62154786	97087963	0	1.904814e-04	4.514248e-06	1
2	rs62154787	97089912	0	1.904814e-04	4.514244e-06	1
2	rs62154798	97176334	0	2.964478e-04	7.552695e-06	1
2	rs62155085	96149943	0	-6.658383e-05	-1.654817e-06	1
2	rs62155086	96150080	0	2.551533e-04	6.463237e-06	1
2	rs62155096	96257031	0	1.141500e-04	2.884474e-06	1
2	rs62155101	96333656	0	1.141500e-04	2.884474e-06	1
2	rs62155480	96626734	0	-5.365364e-04	-1.287671e-05	1
2	rs62155508	96641039	0	-3.022400e-04	-7.146909e-06	1
2	rs62155510	96645493	0	-5.140451e-04	-1.222648e-05	1
2	rs62155511	96657575	0	-4.311650e-04	-1.020072e-05	1
2	rs62155664	96412996	0	2.941561e-04	7.445063e-06	1
2	rs62155672	96432482	0	8.495331e-05	2.142912e-06	1
2	rs62155675	96438442	0	-3.131450e-04	-7.470358e-06	1
2	rs62155743	96480252	0	-3.446547e-05	-8.651726e-07	1
2	rs62155750	96491456	0	6.090056e-05	1.486390e-06	1
2	rs62155751	96505480	0	4.512644e-04	1.083965e-05	1
2	rs631033	97090430	0	-3.451216e-04	-8.222953e-06	1
2	rs631746	97065499	0	2.316117e-06	7.713108e-08	1
2	rs637532	97078743	0	-4.102180e-04	-9.805834e-06	1
2	rs648225	97066882	0	-4.162306e-04	-9.871377e-06	1
2	rs654224	97080123	0	-2.557223e-04	-6.085373e-06	1
2	rs655101	97080340	0	-5.011074e-04	-1.201534e-05	1
2	rs6576964	96412077	0	7.590177e-04	1.815323e-05	1
2	rs6576968	96904127	0	-7.177486e-04	-1.795295e-05	1
2	rs6576972	97152446	0	-5.200572e-04	-1.239915e-05	1
2	rs6576979	95524238	0	6.229122e-04	1.483712e-05	1
2	rs6577006	95651960	0	-3.098154e-04	-7.503186e-06	1
2	rs6577011	95908904	0	1.036700e-05	2.400789e-07	1
2	rs6577012	95971422	0	5.527994e-04	1.340450e-05	1
2	rs6577013	95984930	0	4.628878e-04	1.118408e-05	1
2	rs6577014	96076409	0	-2.786324e-04	-7.092406e-06	1
2	rs66538946	95433315	0	-2.179685e-04	-5.347000e-06	1
2	rs67014278	95659291	0	-8.093082e-04	-1.928694e-05	1
2	rs670498	97090227	0	-2.960163e-04	-7.044733e-06	1
2	rs6705204	97098095	0	-9.455283e-04	-2.417936e-05	1
2	rs6707154	96216165	9	1.984275e-04	4.919526e-06	1
2	rs6707224	96499474	0	1.429643e-04	3.589816e-06	1
2	rs6707583	96508571	0	-2.793311e-05	-6.506536e-07	1
2	rs6707965	97095583	0	-7.994215e-04	-2.017287e-05	1
2	rs6708474	95632205	0	2.149038e-04	5.216928e-06	1
2	rs6709052	95627407	0	-4.565041e-04	-1.072429e-05	1
2	rs6709448	96679747	0	-1.014723e-04	-2.558665e-06	1
2	rs6711452	97139307	0	-1.792825e-04	-4.272580e-06	1
2	rs6712299	96034803	0	1.464027e-04	3.450847e-06	1
2	rs6715813	95970366	0	5.527994e-04	1.340450e-05	1
2	rs6716242	95459413	0	1.105278e-03	2.676860e-05	1
2	rs6716461	95458986	0	7.062303e-04	1.733592e-05	1
2	rs6716516	96216066	0	-3.329900e-04	-8.473118e-06	1
2	rs6717101	96505552	0	-3.348608e-05	-7.814962e-07	1
2	rs6719098	95896036	0	6.935330e-05	1.663455e-06	1
2	rs6719142	95830652	0	-1.507228e-04	-3.552029e-06	1
2	rs6719395	95330387	0	8.714070e-05	2.147701e-06	1
2	rs6719831	96502590	0	-3.348608e-05	-7.814941e-07	1
2	rs6721123	95630221	0	-2.938228e-04	-6.851927e-06	1
2	rs67216602	96465551	0	2.796589e-04	7.026269e-06	1
2	rs6723333	95733717	0	1.081078e-04	2.600322e-06	1
2	rs6723444	95677094	0	-5.125867e-04	-1.207649e-05	1
2	rs6724620	96679990	0	2.025049e-04	5.071843e-06	1
2	rs6725821	95897767	0	1.009151e-04	2.427676e-06	1
2	rs6725867	96874590	0	4.375247e-05	1.054559e-06	1
2	rs6725878	95566824	0	4.019686e-04	9.417530e-06	1
2	rs6730693	95923465	0	1.036700e-05	2.400759e-07	1
2	rs6734104	95330931	0	3.284633e-05	8.056029e-07	1
2	rs6736042	95524354	0	3.184184e-04	7.585352e-06	1
2	rs6737429	97028762	0	7.975802e-04	1.930250e-05	1
2	rs6739268	95951647	0	7.314883e-05	1.849308e-06	1
2	rs6740563	96653737	0	-8.146629e-05	-1.898227e-06	1
2	rs6741001	96002651	0	3.500085e-04	8.463392e-06	1
2	rs6744596	96002695	0	6.078670e-05	1.534546e-06	1
2	rs6744976	96179305	0	3.002985e-04	7.516248e-06	1
2	rs6745441	96206153	0	3.574109e-04	8.959761e-06	1
2	rs6745473	95988192	0	4.893711e-04	1.207691e-05	1
2	rs6746940	95380426	0	-1.163162e-04	-2.856953e-06	1
2	rs6747563	95683120	0	-3.022738e-04	-7.070114e-06	1
2	rs6748967	95914095	0	6.935330e-05	1.663450e-06	1
2	rs674920	97070156	0	6.838040e-05	1.662139e-06	1
2	rs6750542	96011838	0	2.918025e-04	7.046551e-06	1
2	rs6752002	96670953	0	-9.227521e-04	-2.378572e-05	1
2	rs675239	97076556	0	-4.102180e-04	-9.805797e-06	1
2	rs6752476	95458482	0	-1.481038e-04	-3.630417e-06	1
2	rs6753263	97098802	0	-6.409981e-04	-1.601844e-05	1
2	rs6753667	97160382	0	-9.773825e-04	-2.380397e-05	1
2	rs6755877	97068300	0	2.031202e-04	4.815475e-06	1
2	rs6756208	96832699	0	-5.273521e-04	-1.305081e-05	1
2	rs676007	97075052	0	-5.576936e-04	-1.337521e-05	1
2	rs67628541	96056571	0	1.382730e-04	3.310053e-06	1
2	rs67677651	96790560	0	1.457128e-04	3.671560e-06	1
2	rs67677775	96626760	0	-5.401658e-06	-1.332399e-07	1
2	rs679414	97087788	0	-2.899042e-04	-6.906933e-06	1
2	rs687950	97069612	0	-4.668041e-04	-1.115868e-05	1
2	rs7058	96917588	0	-6.448196e-04	-1.540130e-05	1
2	rs71425502	95543424	0	-1.870346e-04	-4.703582e-06	1
2	rs71427013	95729638	0	-1.094200e-03	-2.837694e-05	1
2	rs71427017	95808221	0	-1.290402e-03	-3.368570e-05	1
2	rs71427025	95970160	0	-2.164013e-04	-5.511408e-06	1
2	rs71427029	96058129	0	-1.245904e-05	-3.148984e-07	1
2	rs71427040	96251136	0	-5.865925e-05	-1.490101e-06	1
2	rs72492163	96417816	0	-1.228460e-04	-2.904286e-06	1
2	rs72492169	96582837	0	2.208187e-04	5.563076e-06	1
2	rs72492198	96627697	0	2.941561e-04	7.445053e-06	1
2	rs72492201	96630201	0	-3.022400e-04	-7.146831e-06	1
2	rs72817637	95425444	0	3.523163e-04	8.903452e-06	1
2	rs72817639	95437592	0	-4.759131e-05	-1.203287e-06	1
2	rs72817642	95457526	0	2.933401e-04	7.294905e-06	1
2	rs72817686	95556720	0	-1.381912e-04	-3.351621e-06	1
2	rs72819415	95612131	0	-2.812914e-05	-7.110211e-07	1
2	rs72819473	95869608	0	2.299993e-04	5.797045e-06	1
2	rs72819474	95881934	0	-3.809540e-04	-9.748594e-06	1
2	rs72819488	95947099	0	3.024467e-04	7.477070e-06	1
2	rs72821412	96006243	0	-4.579876e-04	-1.173540e-05	1
2	rs72821422	96053409	0	1.747083e-04	4.179866e-06	1
2	rs72821424	96062071	0	5.963867e-05	1.504692e-06	1
2	rs72821426	96097401	0	4.429624e-04	1.114979e-05	1
2	rs72821427	96162952	0	6.006402e-05	1.446734e-06	1
2	rs72821432	96173215	0	1.006796e-05	2.555847e-07	1
2	rs72821435	96187935	0	1.171764e-04	2.807993e-06	1
2	rs72821437	96200799	0	1.171764e-04	2.807995e-06	1
2	rs72821446	96340826	0	-8.039404e-05	-1.898923e-06	1
2	rs72823920	96430876	0	-2.506076e-04	-5.966476e-06	1
2	rs72823921	96466075	0	-3.131450e-04	-7.470275e-06	1
2	rs72823924	96499551	0	2.941561e-04	7.445051e-06	1
2	rs72823927	96502029	0	8.346757e-05	2.088252e-06	1
2	rs72823940	96560413	2	2.243965e-04	5.674659e-06	1
2	rs72825836	96788591	0	1.457128e-04	3.671554e-06	1
2	rs72825837	96788710	0	1.457128e-04	3.671553e-06	1
2	rs72825845	96804107	0	1.457128e-04	3.671553e-06	1
2	rs72825850	96825851	0	-1.621086e-04	-3.929982e-06	1
2	rs72825854	96855050	0	-5.169554e-04	-1.272251e-05	1
2	rs72825856	96856127	0	-4.300521e-04	-1.054544e-05	1
2	rs72825861	96871339	0	3.625577e-04	9.197618e-06	1
2	rs72825864	96888608	0	-6.670065e-04	-1.649656e-05	1
2	rs72825865	96889900	0	-3.976194e-04	-9.747936e-06	1
2	rs72825868	96897659	0	-5.625647e-04	-1.385326e-05	1
2	rs72825869	96900287	0	3.440432e-04	8.719457e-06	1
2	rs72825877	96920893	0	-2.572266e-04	-6.284039e-06	1
2	rs72825880	96943433	0	1.864425e-05	4.743441e-07	1
2	rs72825881	96966090	0	1.864425e-05	4.743441e-07	1
2	rs72827922	97136884	0	-2.726157e-04	-6.937587e-06	1
2	rs72827924	97149664	0	-1.908466e-04	-4.615881e-06	1
2	rs72931721	96475164	0	1.429643e-04	3.589803e-06	1
2	rs72935863	96638132	0	2.796589e-04	7.026255e-06	1
2	rs72937811	96811332	0	1.457128e-04	3.671550e-06	1
2	rs72939351	97155372	0	-6.253461e-04	-1.576927e-05	1
2	rs72939365	97182550	0	-5.950529e-04	-1.512111e-05	1
2	rs72939377	97196727	0	2.716395e-04	6.792927e-06	1
2	rs72939379	97198788	0	-4.020398e-04	-1.016532e-05	1
2	rs72939635	97052559	0	5.175691e-04	1.322744e-05	1
2	rs72939637	97059581	0	6.045309e-04	1.548184e-05	1
2	rs72939642	97061654	0	6.045309e-04	1.548184e-05	1
2	rs72947377	97101590	0	-8.342103e-04	-2.100331e-05	1
2	rs72948081	96392880	0	2.826694e-04	7.066469e-06	1
2	rs7340222	95536785	0	-2.801786e-04	-6.915255e-06	1
2	rs73958160	96748169	0	-2.488463e-04	-6.299821e-06	1
2	rs73958180	96844103	0	-6.874472e-04	-1.717370e-05	1
2	rs7422376	95477925	0	-2.540080e-04	-6.242340e-06	1
2	rs7423942	96645257	0	-2.816745e-04	-6.666368e-06	1
2	rs7425006	96731871	0	2.941561e-04	7.445045e-06	1
2	rs7425009	96731917	0	2.941561e-04	7.445045e-06	1
2	rs74263759	96972890	0	1.222589e-04	3.112589e-06	1
2	rs74328999	96521726	0	-4.194443e-04	-1.066673e-05	1
2	rs74428040	95390307	0	-1.048302e-04	-2.588587e-06	1
2	rs74479388	95647444	0	-2.721515e-04	-6.874151e-06	1
2	rs74495263	97032097	0	-1.002611e-05	-2.577417e-07	1
2	rs74583310	97066497	0	2.882827e-04	7.138000e-06	1
2	rs74583470	95860845	0	-3.012424e-04	-7.671750e-06	1
2	rs74700362	96756911	0	4.998866e-05	1.270882e-06	1
2	rs74731813	97004358	0	1.033551e-06	2.349647e-08	1
2	rs74846888	96955981	0	1.037444e-04	2.638144e-06	1
2	rs74856235	97169386	0	-5.187865e-04	-1.309524e-05	1
2	rs74878968	95909488	0	-4.257871e-05	-9.906025e-07	1
2	rs74902679	96953922	0	1.037444e-04	2.638144e-06	1
2	rs749308	95523754	0	4.050389e-04	9.671651e-06	1
2	rs749457	96795944	0	-8.062375e-06	-1.714014e-07	1
2	rs749458	96795857	0	6.150304e-04	1.519906e-05	1
2	rs749459	96795714	0	-4.126666e-04	-9.842536e-06	1
2	rs74962009	96470747	0	1.429643e-04	3.589801e-06	1
2	rs74978286	96741757	0	4.478617e-04	1.138471e-05	1
2	rs75030927	95949877	0	-4.525597e-05	-1.153368e-06	1
2	rs75034373	97076705	0	3.241027e-04	8.283990e-06	1
2	rs75040964	95699801	0	-1.807079e-05	-4.624105e-07	1
2	rs75047240	95732003	0	-3.150834e-04	-7.966965e-06	1
2	rs75098566	96195504	0	-1.650032e-04	-4.164336e-06	1
2	rs75145851	96804588	0	5.880191e-04	1.450094e-05	1
2	rs75223936	96910411	0	1.037444e-04	2.638144e-06	1
2	rs75233929	95948876	0	-9.845872e-04	-2.537512e-05	1
2	rs75247620	97060364	0	5.136414e-04	1.311922e-05	1
2	rs75301566	96925476	0	-2.954886e-05	-7.520916e-07	1
2	rs75402189	95431369	0	-2.788537e-04	-7.046975e-06	1
2	rs75502931	96817987	0	9.735050e-05	2.471125e-06	1
2	rs7558392	96623901	0	2.499754e-04	6.306798e-06	1
2	rs7558406	96539795	0	8.875510e-04	2.203736e-05	1
2	rs7559215	96874307	0	3.613221e-04	8.981855e-06	1
2	rs7560196	95390282	0	-5.487510e-04	-1.359634e-05	1
2	rs7560571	95692774	0	-7.977854e-06	-2.056391e-07	1
2	rs7560811	95451899	0	-2.347243e-04	-5.760926e-06	1
2	rs7561145	95360985	0	-3.698915e-04	-9.119146e-06	1
2	rs7561162	95361028	0	-5.483891e-04	-1.359058e-05	1
2	rs7561198	96774981	0	6.052578e-04	1.453830e-05	1
2	rs7561235	96599983	0	1.084871e-03	2.730210e-05	1
2	rs7562544	97006685	0	4.159157e-04	9.942848e-06	1
2	rs7563350	95931218	0	4.363666e-04	1.072886e-05	1
2	rs7563558	95553668	0	7.299254e-05	1.791965e-06	1
2	rs7563714	96640703	0	9.258956e-05	2.335849e-06	1
2	rs7563891	95991962	0	-1.443126e-04	-3.397151e-06	1
2	rs7564763	97135126	0	-9.724448e-04	-2.486426e-05	1
2	rs7565318	96260979	1	4.649924e-05	1.149200e-06	1
2	rs7565503	96625553	0	-6.471969e-04	-1.558786e-05	1
2	rs75655358	97138197	0	-2.942788e-04	-7.451106e-06	1
2	rs7565772	95684417	0	-1.961547e-04	-4.750601e-06	1
2	rs7566050	96626030	0	-4.127736e-04	-9.792243e-06	1
2	rs7566730	95390389	0	-5.356905e-04	-1.326454e-05	1
2	rs7566917	97112323	0	-8.600123e-04	-2.179910e-05	1
2	rs7570074	96407037	0	1.004975e-04	2.404779e-06	1
2	rs75745422	96898867	0	-2.218074e-04	-5.663175e-06	1
2	rs7574862	95968205	0	5.193100e-04	1.257911e-05	1
2	rs7575318	96412297	6	2.353128e-04	5.932862e-06	1
2	rs7575472	95394418	0	-5.487510e-04	-1.359633e-05	1
2	rs75758249	96375841	0	-1.789003e-04	-4.546015e-06	1
2	rs75768934	95875339	0	2.118405e-04	5.359327e-06	1
2	rs75769401	95683479	0	2.380887e-04	6.023611e-06	1
2	rs7579553	96875297	0	1.188531e-04	2.860960e-06	1
2	rs7579709	96881596	0	-3.976194e-04	-9.747937e-06	1
2	rs7580097	97117808	0	-8.047949e-04	-2.025527e-05	1
2	rs7580178	96848207	0	-3.553850e-04	-8.705406e-06	1
2	rs7580685	95979296	0	4.752998e-04	1.149684e-05	1
2	rs75815746	96041607	0	-9.049549e-05	-2.294934e-06	1
2	rs7583545	95543914	0	6.743957e-05	1.656955e-06	1
2	rs7583558	96372406	0	5.916052e-04	1.494641e-05	1
2	rs7585303	97114152	0	-8.047949e-04	-2.025527e-05	1
2	rs7585473	95740100	0	1.878352e-04	4.532696e-06	1
2	rs7585914	95945568	0	1.300275e-04	3.123930e-06	1
2	rs7586229	95945830	0	1.300275e-04	3.123929e-06	1
2	rs7586802	96152144	0	-4.008493e-05	-9.391907e-07	1
2	rs75868135	95966107	0	-2.763285e-05	-7.038122e-07	1
2	rs7586909	95599481	0	5.937384e-06	1.371028e-07	1
2	rs7587312	95574998	0	5.620657e-04	1.321704e-05	1
2	rs7587384	97126727	0	1.809273e-04	4.275350e-06	1
2	rs7588478	96989500	0	4.688751e-04	1.195350e-05	1
2	rs7589578	95647049	0	-2.665004e-04	-6.454084e-06	1
2	rs7591754	97134859	0	-8.600123e-04	-2.179909e-05	1
2	rs7594144	95973131	0	5.527994e-04	1.340447e-05	1
2	rs7594898	96623968	0	1.904787e-04	4.799933e-06	1
2	rs75954050	96975018	0	-4.513282e-05	-1.132079e-06	1
2	rs75961741	97057040	0	-1.989565e-04	-5.072863e-06	1
2	rs7597765	96600052	0	-2.258111e-05	-5.201288e-07	1
2	rs759789	96329255	0	-2.896825e-04	-6.901003e-06	1
2	rs7599246	95604114	0	-4.445272e-06	-1.146841e-07	1
2	rs75996508	96963715	0	-5.462681e-04	-1.395776e-05	1
2	rs7600796	96251145	0	-2.181543e-05	-5.564953e-07	1
2	rs76009821	96934791	0	1.037444e-04	2.638143e-06	1
2	rs7602232	95952177	0	7.314883e-05	1.849308e-06	1
2	rs76027851	96939456	0	1.037444e-04	2.638143e-06	1
2	rs7602807	96012907	0	3.500085e-04	8.463367e-06	1
2	rs7603710	95426449	0	-2.413381e-05	-5.650013e-07	1
2	rs7603758	96418476	0	1.226959e-03	3.105273e-05	1
2	rs76047826	96948273	0	1.037444e-04	2.638143e-06	1
2	rs7604842	96777340	0	6.052631e-04	1.451131e-05	1
2	rs7604922	95675477	0	1.770305e-04	4.432945e-06	1
2	rs7605623	95550958	0	5.201344e-05	1.232342e-06	1
2	rs7607048	95474603	0	-2.987572e-04	-7.346418e-06	1
2	rs76099099	96758104	0	7.456870e-04	1.914218e-05	1
2	rs76142129	97096513	0	-7.376447e-04	-1.861384e-05	1
2	rs76158645	95992215	0	-2.581779e-04	-6.528718e-06	1
2	rs76254358	95821006	0	-3.150834e-04	-7.966968e-06	1
2	rs76333649	96240368	0	3.542589e-05	9.038282e-07	1
2	rs76373641	95927389	0	-3.150834e-04	-7.966968e-06	1
2	rs76413681	96772950	0	5.113771e-04	1.259244e-05	1
2	rs76433362	95926363	0	-3.747754e-04	-9.516748e-06	1
2	rs76433928	97145852	0	4.289754e-04	1.093407e-05	1
2	rs76514714	96168626	0	-1.789003e-04	-4.546016e-06	1
2	rs76554191	95967628	0	6.180204e-06	1.595497e-07	1
2	rs76746416	95924274	0	-3.150834e-04	-7.966969e-06	1
2	rs76763973	96009340	0	-2.581779e-04	-6.528718e-06	1
2	rs76769583	97090009	0	3.241027e-04	8.283989e-06	1
2	rs76872035	95440794	0	1.026870e-04	2.574106e-06	1
2	rs76926497	96957766	0	-2.954886e-05	-7.520940e-07	1
2	rs77042385	95979891	0	1.326963e-04	3.377672e-06	1
2	rs77103707	97057420	0	3.241027e-04	8.283989e-06	1
2	rs77137338	96169554	0	-4.723298e-06	-1.185557e-07	1
2	rs77150046	96951777	0	5.177278e-05	1.316646e-06	1
2	rs77155089	95872896	0	-3.747754e-04	-9.516748e-06	1
2	rs772154	97021664	0	-7.494309e-04	-1.800991e-05	1
2	rs772156	97029830	0	-1.583658e-04	-3.746812e-06	1
2	rs772159	97036439	0	-1.583658e-04	-3.746809e-06	1
2	rs772161	97043803	0	-1.583658e-04	-3.746806e-06	1
2	rs772167	97077871	0	-4.220737e-04	-1.006810e-05	1
2	rs772173	97000396	0	-2.199102e-04	-5.257134e-06	1
2	rs772174	96991492	0	-1.983229e-04	-4.735906e-06	1
2	rs772175	96944553	0	-6.073818e-04	-1.455892e-05	1
2	rs772177	96960471	0	4.887657e-04	1.186703e-05	1
2	rs772178	96963684	0	-6.073818e-04	-1.455891e-05	1
2	rs77374723	95687653	0	-3.012424e-04	-7.671749e-06	1
2	rs77415097	96741795	0	1.631548e-04	4.159056e-06	1
2	rs77444100	95601436	0	6.085363e-04	1.545086e-05	1
2	rs77480180	96407085	0	2.253979e-04	5.710041e-06	1
2	rs77501534	95824624	0	6.180204e-06	1.595521e-07	1
2	rs77527374	97182497	0	-5.950529e-04	-1.512110e-05	1
2	rs77576319	96991345	0	3.755525e-04	9.560487e-06	1
2	rs77579157	95676075	0	-3.671791e-05	-9.298827e-07	1
2	rs77642907	96689817	0	2.564695e-04	6.460072e-06	1
2	rs77647729	97116316	0	7.047607e-06	1.800834e-07	1
2	rs77715120	95539487	0	-1.192718e-04	-3.026596e-06	1
2	rs77765498	97113401	0	-6.679146e-04	-1.668275e-05	1
2	rs77910653	95755475	0	-3.150834e-04	-7.966969e-06	1
2	rs78211577	97023374	0	-2.576857e-05	-6.556910e-07	1
2	rs78368847	96410196	0	4.058538e-04	1.020970e-05	1
2	rs78489261	97005183	0	2.280769e-04	5.815905e-06	1
2	rs78512664	96893189	0	-3.989072e-04	-1.018763e-05	1
2	rs78519182	96944480	0	1.037444e-04	2.638142e-06	1
2	rs78567493	95389895	0	-2.833278e-04	-7.003340e-06	1
2	rs78642781	95434981	0	-2.788537e-04	-7.046979e-06	1
2	rs78689419	95631823	0	-3.524887e-05	-8.908101e-07	1
2	rs78752116	96738708	0	1.631548e-04	4.159056e-06	1
2	rs78775537	96915677	0	1.037444e-04	2.638142e-06	1
2	rs78833378	96080548	0	1.382730e-04	3.310131e-06	1
2	rs78846739	95648585	0	-2.721515e-04	-6.874157e-06	1
2	rs78911625	95418502	0	-1.048302e-04	-2.588593e-06	1
2	rs79050950	97059003	0	9.735050e-05	2.471123e-06	1
2	rs79102712	96377326	0	4.657879e-04	1.187250e-05	1
2	rs79163674	97035737	0	4.518520e-04	1.109585e-05	1
2	rs79216525	96730409	0	2.941561e-04	7.445035e-06	1
2	rs79435252	95818809	0	-3.150834e-04	-7.966969e-06	1
2	rs79489551	96988698	0	1.864425e-05	4.743413e-07	1
2	rs79504500	95899741	0	-3.747754e-04	-9.516747e-06	1
2	rs79546441	96218872	0	1.084349e-04	2.600054e-06	1
2	rs79584949	95838111	0	2.721900e-04	6.924843e-06	1
2	rs79594972	95594473	0	-3.411326e-04	-8.278960e-06	1
2	rs79602254	96017141	0	2.712498e-05	6.912483e-07	1
2	rs79632388	97119553	0	7.167730e-06	1.765529e-07	1
2	rs79641586	95718195	0	-3.315443e-04	-8.426499e-06	1
2	rs79703910	95436007	0	-3.880762e-05	-9.893732e-07	1
2	rs798202	97024331	0	-5.511921e-04	-1.392835e-05	1
2	rs79920734	97182679	0	-5.950529e-04	-1.512109e-05	1
2	rs80076034	96939520	0	1.037444e-04	2.638141e-06	1
2	rs80177690	96961468	0	-2.576857e-05	-6.556908e-07	1
2	rs80183796	95749999	0	-3.150834e-04	-7.966969e-06	1
2	rs80229301	96874626	0	3.440432e-04	8.719443e-06	1
2	rs810057	97015073	0	-5.909431e-04	-1.412227e-05	1
2	rs869185	96024156	0	-2.397591e-04	-5.895000e-06	1
2	rs869186	96024340	0	3.125039e-04	7.387880e-06	1
2	rs870393	95982093	0	3.804694e-04	9.172653e-06	1
2	rs872580	95722909	0	-1.618810e-06	-4.720951e-08	1
2	rs888610	96421021	0	1.841503e-04	4.650965e-06	1
2	rs889851	95980340	0	4.076107e-04	9.849804e-06	1
2	rs889852	95977790	0	3.127803e-04	7.535182e-06	1
2	rs889853	95977591	0	4.752998e-04	1.149682e-05	1
2	rs889854	95959812	0	1.046812e-04	2.475152e-06	1
2	rs893173	96789787	0	-3.205057e-04	-7.617233e-06	1
2	rs918811	96003762	0	3.500085e-04	8.463352e-06	1
2	rs945747	97116084	0	-8.047949e-04	-2.025526e-05	1
2	rs950320	96029159	0	4.299867e-05	1.053260e-06	1
2	rs954078	95937997	1	4.814526e-04	1.195566e-05	1
2	rs9678800	96009318	0	4.000046e-04	9.674935e-06	1
2	rs997547	96859034	0	-6.590007e-04	-1.644015e-05	1
2	rs997548	96858914	0	-3.976194e-04	-9.747939e-06	1
2	rs9989786	95967746	0	2.700033e-04	6.518630e-06	1
