chr	rs	ps	n_miss	b	beta	gamma
19	rs1004526	58588849	0	1.428843e-03	3.000467e-04	1
19	rs1005050	58949579	0	3.233370e-04	5.186302e-05	1
19	rs101447	58720717	0	8.313353e-04	1.367237e-04	1
19	rs1014767	58528303	0	8.397778e-04	1.330354e-04	1
19	rs1015224	58724380	0	-7.976663e-05	-2.055663e-05	1
19	rs1019490	58610559	0	4.450785e-04	6.348364e-05	1
19	rs1020054	58987301	0	-7.338498e-04	-2.026180e-04	1
19	rs10401711	58624499	0	6.397826e-04	1.223546e-04	1
19	rs10402098	58624615	0	6.397826e-04	1.223546e-04	1
19	rs10402211	58652341	0	8.923908e-04	1.567439e-04	1
19	rs10402307	58624732	0	4.155484e-04	7.033968e-05	1
19	rs10402325	58913507	0	-1.085455e-05	-1.884673e-06	1
19	rs10403117	58744033	0	9.461405e-04	2.558027e-04	1
19	rs10404798	58628509	0	6.347776e-04	1.210288e-04	1
19	rs10405350	58628515	0	8.651862e-04	1.695091e-04	1
19	rs10405769	58917418	0	-3.362958e-04	-4.715547e-05	1
19	rs10406593	58917575	0	1.607614e-04	2.482132e-05	1
19	rs10407096	58887170	0	-8.624950e-04	-1.356781e-04	1
19	rs10407616	58896384	0	-1.205686e-03	-3.506925e-04	1
19	rs10407894	58625081	0	6.397826e-04	1.223545e-04	1
19	rs10409388	58604114	0	6.886241e-04	1.107061e-04	1
19	rs10410171	59097308	0	-4.627614e-04	-6.494346e-05	1
19	rs10411535	58708526	0	1.637101e-03	3.336326e-04	1
19	rs10411892	58923725	0	1.972946e-04	3.052843e-05	1
19	rs10412181	58814507	0	-1.158255e-03	-2.255332e-04	1
19	rs10412209	58629463	0	7.048752e-04	1.368047e-04	1
19	rs10412612	58632446	0	6.774676e-04	1.294064e-04	1
19	rs10413586	59071321	0	-8.383669e-05	-1.174069e-05	1
19	rs10414125	59064327	0	5.326496e-04	1.302190e-04	1
19	rs10415286	58720992	0	1.100226e-03	1.795901e-04	1
19	rs10415313	58675417	0	8.815099e-04	1.547435e-04	1
19	rs10416149	58964306	0	3.190405e-04	4.531843e-05	1
19	rs10417092	58915193	0	1.136537e-04	1.748551e-05	1
19	rs10417104	58923866	0	8.087638e-05	1.134521e-05	1
19	rs10419091	58723359	0	1.214373e-03	2.768563e-04	1
19	rs10419259	58630192	0	5.568740e-04	9.583691e-05	1
19	rs10420221	58794026	0	-2.937544e-04	-4.516990e-05	1
19	rs10420540	58521290	0	1.838508e-04	3.628758e-05	1
19	rs10420801	58609457	0	-2.127000e-05	-3.636056e-06	1
19	rs10421140	58609376	0	1.998183e-05	3.646917e-06	1
19	rs10421350	58609443	0	8.446270e-05	1.449020e-05	1
19	rs10422127	58609220	0	3.288208e-04	6.160830e-05	1
19	rs10422438	58523444	0	4.632783e-04	8.193139e-05	1
19	rs10422730	58618747	0	7.705869e-04	1.469461e-04	1
19	rs10423138	58928302	0	-3.307449e-04	-4.667080e-05	1
19	rs10423778	58627574	0	2.747334e-04	4.570846e-05	1
19	rs10424179	58627725	0	2.504866e-04	4.187905e-05	1
19	rs10425266	58694416	0	1.224924e-03	2.725870e-04	1
19	rs10425685	58703085	0	1.194624e-03	2.624390e-04	1
19	rs10432292	59036273	0	-2.746903e-04	-6.202867e-05	1
19	rs10448	59093239	0	-3.788654e-04	-5.279416e-05	1
19	rs10469313	58892510	0	-8.137786e-04	-1.286077e-04	1
19	rs1051500	58944402	0	-2.225826e-04	-3.120341e-05	1
19	rs1057402	58580277	0	1.840806e-03	4.794453e-04	1
19	rs1058144	59075115	0	4.121441e-04	9.224203e-05	1
19	rs1064267	58597405	0	2.387798e-04	4.358146e-05	1
19	rs1077420	58968875	0	-4.429483e-04	-6.265157e-05	1
19	rs10775573	58614974	0	4.450785e-04	6.348343e-05	1
19	rs10775574	58615053	0	4.450785e-04	6.348341e-05	1
19	rs1080416	58559785	0	9.961543e-05	1.758711e-05	1
19	rs10853902	58614749	0	4.450785e-04	6.348339e-05	1
19	rs10853903	58714926	0	9.871422e-04	1.979687e-04	1
19	rs10853904	58885260	0	-5.521658e-04	-1.360447e-04	1
19	rs10878	58595676	0	4.319472e-05	7.660451e-06	1
19	rs1107399	58955556	0	5.632715e-04	9.192346e-05	1
19	rs11084528	58527472	0	-2.561451e-04	-3.650866e-05	1
19	rs11084531	58582586	0	2.832910e-04	4.081170e-05	1
19	rs11084532	58583939	0	2.455119e-04	3.532543e-05	1
19	rs11084534	58613950	0	4.450785e-04	6.348337e-05	1
19	rs11084535	58614035	0	4.450785e-04	6.348335e-05	1
19	rs11084537	58629227	0	2.405182e-04	4.496751e-05	1
19	rs11084538	58629238	0	8.693095e-04	1.702903e-04	1
19	rs11084542	58932099	0	-1.007497e-04	-1.725336e-05	1
19	rs11084543	58932701	0	-1.113795e-04	-1.906787e-05	1
19	rs11084544	58940127	0	1.159750e-05	1.992082e-06	1
19	rs11084545	58951693	0	1.116800e-04	1.559620e-05	1
19	rs111426967	58526736	0	-3.101740e-04	-6.700543e-05	1
19	rs111476488	58632584	0	2.915967e-04	5.323421e-05	1
19	rs111497992	58952247	0	1.705169e-04	4.394114e-05	1
19	rs111785442	59088450	0	3.301250e-04	8.220668e-05	1
19	rs111938040	58682195	0	2.754222e-04	7.100424e-05	1
19	rs111961880	58521852	0	5.940476e-04	1.533988e-04	1
19	rs112047932	59096384	0	6.862127e-04	1.914399e-04	1
19	rs112072625	58851928	0	-1.866583e-04	-4.525322e-05	1
19	rs112121304	58747493	0	9.889983e-04	2.823952e-04	1
19	rs1122955	58946203	0	-7.917609e-05	-1.364812e-05	1
19	rs112380274	58538047	0	1.429036e-04	3.674782e-05	1
19	rs112404933	59051273	16	8.329609e-04	1.669644e-04	1
19	rs112495529	59086341	0	6.692276e-04	1.672755e-04	1
19	rs112630877	58713159	0	6.760215e-04	1.847894e-04	1
19	rs112710702	58907700	0	1.697566e-04	4.411675e-05	1
19	rs112807223	58957572	0	-5.923663e-05	-1.570951e-05	1
19	rs112809147	58521822	0	2.423723e-04	5.355564e-05	1
19	rs112884174	58795474	0	-2.717993e-04	-4.100420e-05	1
19	rs112905868	58696543	0	1.158576e-03	2.528967e-04	1
19	rs112923015	58843344	0	-6.856536e-05	-1.590439e-05	1
19	rs113038922	58848825	2	-2.598555e-04	-6.335978e-05	1
19	rs113128193	59054938	0	4.994990e-04	1.326826e-04	1
19	rs113129007	58572389	0	-1.453740e-04	-3.945322e-05	1
19	rs113234672	59044327	0	2.746903e-04	6.202868e-05	1
19	rs113267181	59018390	0	-1.634412e-04	-2.404199e-05	1
19	rs113368366	59098134	0	2.243031e-04	4.805470e-05	1
19	rs113630669	59008097	9	-8.278778e-05	-1.231347e-05	1
19	rs113702420	58728671	0	-9.306112e-05	-2.410325e-05	1
19	rs113742427	59035589	0	-6.524497e-05	-9.608043e-06	1
19	rs113744797	58793000	0	1.132488e-04	3.141914e-05	1
19	rs113747485	58702661	0	4.763751e-04	1.190647e-04	1
19	rs113782954	58521588	0	3.451103e-04	6.137791e-05	1
19	rs113896796	58999674	0	1.188277e-04	3.281389e-05	1
19	rs113896797	58522122	0	4.262231e-04	7.546840e-05	1
19	rs113897676	58526091	2	1.313517e-04	2.738493e-05	1
19	rs113909979	58843146	0	-6.856536e-05	-1.590439e-05	1
19	rs113992190	58531244	0	2.423723e-04	5.355564e-05	1
19	rs114393548	58963349	0	3.205791e-04	5.080051e-05	1
19	rs11486499	59017417	0	4.327229e-04	6.225744e-05	1
19	rs115134660	58671275	0	6.232181e-05	1.536103e-05	1
19	rs11545185	59028585	0	-1.190894e-04	-2.175116e-05	1
19	rs11665688	58953762	0	-2.243889e-04	-3.971356e-05	1
19	rs11666156	58790359	0	5.849258e-05	8.255729e-06	1
19	rs11666227	58573559	0	8.230527e-04	1.290682e-04	1
19	rs11666303	58922502	0	-1.113795e-04	-1.906788e-05	1
19	rs11666477	58777937	0	-3.179787e-04	-4.560071e-05	1
19	rs11666502	58953826	0	-1.816615e-04	-3.202208e-05	1
19	rs11666610	58527828	0	2.139177e-04	3.074796e-05	1
19	rs11666716	58920952	0	-1.113795e-04	-1.906789e-05	1
19	rs11666790	59033341	0	2.300048e-04	3.265700e-05	1
19	rs11666928	58914231	0	6.601639e-05	1.148713e-05	1
19	rs11667482	58568958	0	-7.882572e-04	-1.231870e-04	1
19	rs11667581	58622193	0	6.411330e-04	9.419046e-05	1
19	rs11667723	58927489	0	-1.113795e-04	-1.906789e-05	1
19	rs11668071	58973141	0	3.633945e-04	1.030633e-04	1
19	rs11668201	59003632	0	2.480607e-04	4.381835e-05	1
19	rs11668350	58775813	0	6.138772e-04	9.405107e-05	1
19	rs11668420	58937836	0	-3.217137e-06	-5.566476e-07	1
19	rs11668757	58928299	0	3.941982e-05	6.809562e-06	1
19	rs11668785	58780089	0	7.062949e-04	1.079764e-04	1
19	rs11668789	58928309	0	-1.113795e-04	-1.906791e-05	1
19	rs11668814	58946833	0	-7.917609e-05	-1.364815e-05	1
19	rs11668821	58955813	0	-1.816615e-04	-3.202211e-05	1
19	rs11669093	58912795	0	-1.492022e-03	-5.491586e-04	1
19	rs11669127	59003830	0	7.496216e-04	1.495469e-04	1
19	rs11669305	58886431	0	1.329850e-03	3.433548e-04	1
19	rs11669345	59062259	0	-1.779832e-04	-3.121330e-05	1
19	rs11669347	58951632	0	5.710109e-04	9.452405e-05	1
19	rs11669373	58798685	0	-7.678937e-05	-1.081476e-05	1
19	rs11669378	58951686	0	6.382065e-04	1.070642e-04	1
19	rs11669464	58998901	0	1.884039e-04	3.439208e-05	1
19	rs11669526	58998914	0	1.884039e-04	3.439207e-05	1
19	rs11669665	58931885	8	-7.234307e-05	-1.243723e-05	1
19	rs11669741	58960481	0	-4.546290e-04	-6.537506e-05	1
19	rs11669829	58624120	0	6.397826e-04	1.223543e-04	1
19	rs11669919	58580394	0	4.038612e-04	5.882890e-05	1
19	rs11670035	58573649	0	9.735677e-04	1.599225e-04	1
19	rs11670075	58751393	0	1.880127e-04	2.702493e-05	1
19	rs11670192	59017640	0	-4.027948e-04	-7.224758e-05	1
19	rs11670322	58917125	0	1.973029e-04	3.109039e-05	1
19	rs11670347	58917040	0	5.107822e-05	8.268590e-06	1
19	rs11670764	58992896	0	3.161201e-04	4.603701e-05	1
19	rs11670848	58580962	0	3.660821e-04	5.318431e-05	1
19	rs11670864	59030580	0	-1.905442e-04	-3.325869e-05	1
19	rs11670871	58940514	0	2.222722e-05	3.823300e-06	1
19	rs11671033	58963669	0	2.552059e-04	4.591369e-05	1
19	rs11671092	59009109	0	2.617971e-04	4.894315e-05	1
19	rs11671113	58958087	0	-4.546290e-04	-6.537506e-05	1
19	rs11671199	58722673	0	1.418109e-03	3.535132e-04	1
19	rs11671477	58800346	0	-7.678937e-05	-1.081479e-05	1
19	rs11671486	58793064	0	5.443562e-06	7.570110e-07	1
19	rs11671591	58918337	0	-1.007497e-04	-1.725342e-05	1
19	rs11671725	58587046	0	3.660821e-04	5.318431e-05	1
19	rs11672212	59018821	0	-4.475490e-04	-1.119824e-04	1
19	rs11672258	58934685	0	-1.113795e-04	-1.906793e-05	1
19	rs11672379	58575800	0	1.436945e-03	3.159555e-04	1
19	rs11672609	59006924	0	2.617971e-04	4.894314e-05	1
19	rs11672614	59006984	0	2.617971e-04	4.894314e-05	1
19	rs11672645	58718698	0	6.767275e-04	1.179482e-04	1
19	rs11672730	59007203	0	2.617971e-04	4.894313e-05	1
19	rs11672765	58801758	0	6.379326e-04	9.322081e-05	1
19	rs11672773	58801784	0	6.381009e-04	9.426621e-05	1
19	rs11673069	58934918	0	5.423446e-05	9.364870e-06	1
19	rs11673101	58995053	0	4.487212e-04	8.677305e-05	1
19	rs11673436	58576358	0	4.038612e-04	5.882889e-05	1
19	rs11673465	59038895	0	-1.162270e-04	-1.976568e-05	1
19	rs11673550	58777337	0	6.725517e-04	1.001027e-04	1
19	rs11673557	58777390	0	8.194967e-04	1.265257e-04	1
19	rs11673703	58983549	0	-1.651603e-03	-6.984780e-04	1
19	rs116922203	58537659	0	-5.605545e-04	-1.619783e-04	1
19	rs116938565	58752980	0	3.893665e-04	9.701532e-05	1
19	rs117121674	58619217	0	-3.993394e-04	-1.152549e-04	1
19	rs117207849	58645844	0	1.454790e-04	4.045094e-05	1
19	rs117233340	58531540	0	-2.975270e-04	-8.180180e-05	1
19	rs117316552	59087901	0	9.532042e-04	3.090306e-04	1
19	rs117415600	58985438	0	1.602736e-04	4.418112e-05	1
19	rs117450623	58789961	0	-7.639047e-07	-2.085709e-07	1
19	rs117465682	58954770	0	1.602736e-04	4.418112e-05	1
19	rs117482759	58808414	0	-8.078361e-05	-2.248573e-05	1
19	rs117509647	58580355	0	-7.875413e-05	-2.089870e-05	1
19	rs117591817	58875573	0	2.410268e-04	6.696873e-05	1
19	rs117625253	59097933	0	2.827384e-05	7.527242e-06	1
19	rs117667229	58690935	0	7.072998e-04	2.071003e-04	1
19	rs117761389	58665641	0	4.759987e-04	1.342682e-04	1
19	rs117800501	58649809	0	2.552712e-04	6.785561e-05	1
19	rs117831716	58571600	0	-3.699257e-04	-1.066606e-04	1
19	rs117962485	58794158	0	-3.264340e-04	-9.481729e-05	1
19	rs118058287	58726678	0	-1.424906e-04	-3.794895e-05	1
19	rs118098469	59027453	0	3.476550e-04	9.630832e-05	1
19	rs118122480	58697975	0	-2.195724e-04	-5.973232e-05	1
19	rs118165397	58873238	0	7.011400e-04	1.897203e-04	1
19	rs11878198	58920302	0	-1.113795e-04	-1.906795e-05	1
19	rs11878203	58920050	0	-1.007497e-04	-1.725345e-05	1
19	rs11879192	58613591	0	4.450785e-04	6.348321e-05	1
19	rs11879575	58660968	0	-2.314769e-04	-4.210520e-05	1
19	rs11879748	58613819	0	4.450785e-04	6.348319e-05	1
19	rs11879808	58876517	0	-6.654385e-04	-1.622840e-04	1
19	rs11881000	58932788	0	-1.007497e-04	-1.725345e-05	1
19	rs11881126	58523990	0	2.529404e-04	3.652723e-05	1
19	rs11882226	59064636	0	5.326496e-04	1.302191e-04	1
19	rs11882439	58730564	0	2.976709e-04	5.189791e-05	1
19	rs11883119	58750511	0	3.893665e-04	9.701533e-05	1
19	rs11883136	58750671	0	3.893665e-04	9.701533e-05	1
19	rs12052202	59048311	0	-1.123768e-05	-2.696623e-06	1
19	rs12151036	58714235	0	1.256732e-03	2.837984e-04	1
19	rs12459294	58878494	0	-6.348716e-04	-1.584960e-04	1
19	rs12459340	58878484	0	-1.414808e-03	-2.671308e-04	1
19	rs12459664	58883817	0	-7.513437e-04	-1.960386e-04	1
19	rs12459668	58883897	0	-2.635487e-04	-6.396541e-05	1
19	rs12459942	58678797	0	5.602656e-04	1.609068e-04	1
19	rs12460016	58784640	0	2.074794e-04	3.480554e-05	1
19	rs12460050	58666109	0	9.080051e-04	1.896989e-04	1
19	rs12460553	58903304	0	-8.479418e-04	-1.376082e-04	1
19	rs12460623	58903574	0	-1.029366e-03	-1.754497e-04	1
19	rs12460974	58537461	0	-1.721530e-04	-2.405571e-05	1
19	rs12461217	58579927	0	1.254195e-03	2.552384e-04	1
19	rs12461356	58668553	0	9.241991e-04	1.574775e-04	1
19	rs12461832	58611210	0	4.450785e-04	6.348316e-05	1
19	rs12462307	58784732	0	1.032802e-03	1.961941e-04	1
19	rs12462495	59089792	0	9.864778e-04	3.302488e-04	1
19	rs12462497	58964424	0	-4.705812e-04	-1.105038e-04	1
19	rs12462787	58801360	0	-1.568587e-04	-2.674153e-05	1
19	rs12608795	58896477	0	-1.535049e-03	-3.271016e-04	1
19	rs12609270	58888787	0	-1.264073e-03	-2.256532e-04	1
19	rs12611047	58889108	0	-6.371794e-04	-9.610756e-05	1
19	rs1265953	58854566	0	5.662213e-05	1.326256e-05	1
19	rs1265954	58854600	0	1.827770e-05	4.347935e-06	1
19	rs1265955	58856812	0	7.421501e-05	1.780223e-05	1
19	rs1265956	58857131	0	4.107441e-04	9.358792e-05	1
19	rs1265957	58858676	0	-1.477556e-04	-3.768955e-05	1
19	rs1265961	58860387	2	1.105092e-03	2.657780e-04	1
19	rs1268538	58853363	0	-1.827770e-05	-4.347933e-06	1
19	rs12971534	58541508	0	-2.868272e-04	-5.277898e-05	1
19	rs12971923	58634625	0	6.642247e-04	1.224103e-04	1
19	rs12971940	58541514	0	-8.602054e-05	-1.583167e-05	1
19	rs12972034	58690818	0	5.808981e-04	1.000123e-04	1
19	rs12972054	58735053	0	-9.182035e-05	-1.580657e-05	1
19	rs12972201	59035989	0	-2.362406e-04	-5.278666e-05	1
19	rs12972400	59036000	0	7.885888e-04	2.386183e-04	1
19	rs12972438	58728126	0	7.625414e-04	1.367673e-04	1
19	rs12972443	58757870	0	5.162216e-04	7.714973e-05	1
19	rs12972597	59036021	0	7.885888e-04	2.386183e-04	1
19	rs12972636	59036119	0	8.266009e-04	2.528830e-04	1
19	rs12972884	58749797	0	2.142725e-04	3.101303e-05	1
19	rs12972898	58956888	0	-2.832318e-04	-5.096114e-05	1
19	rs12972962	59036017	0	7.885888e-04	2.386183e-04	1
19	rs12973189	58618974	0	2.765005e-04	4.080311e-05	1
19	rs12973218	58729931	0	2.976709e-04	5.189784e-05	1
19	rs12973231	58729904	0	2.976709e-04	5.189783e-05	1
19	rs12973458	58729973	0	2.976709e-04	5.189782e-05	1
19	rs12973718	58580615	0	-5.000212e-04	-9.621284e-05	1
19	rs12974045	58612080	10	5.081455e-04	7.097117e-05	1
19	rs12974312	58612154	0	4.450785e-04	6.348309e-05	1
19	rs12975369	58693418	0	5.808981e-04	1.000122e-04	1
19	rs12975659	58612122	0	6.206526e-04	1.186210e-04	1
19	rs12975995	58553864	0	1.801020e-04	3.226404e-05	1
19	rs12976331	58751639	0	5.234240e-04	8.073893e-05	1
19	rs12976771	58614336	0	4.450785e-04	6.348305e-05	1
19	rs12976842	58614404	0	4.450785e-04	6.348303e-05	1
19	rs12976966	58647516	0	9.663174e-04	2.276517e-04	1
19	rs12977251	58605521	0	2.184528e-04	3.239233e-05	1
19	rs12977390	58614604	0	4.450785e-04	6.348300e-05	1
19	rs12977592	58961056	0	-8.010528e-04	-1.317133e-04	1
19	rs12977863	58702050	0	5.808981e-04	1.000121e-04	1
19	rs12977929	58688430	0	5.808981e-04	1.000121e-04	1
19	rs12978129	58725724	0	4.809230e-04	8.051196e-05	1
19	rs12978139	58732605	0	2.940786e-04	5.128314e-05	1
19	rs12978152	58732656	0	3.515316e-04	5.443067e-05	1
19	rs12978231	58614357	0	4.450785e-04	6.348297e-05	1
19	rs12979108	58732779	0	3.241761e-04	5.669050e-05	1
19	rs12979415	58952608	0	-3.103892e-04	-8.207705e-05	1
19	rs12979906	58732532	0	1.341547e-05	1.941215e-06	1
19	rs12980120	58618223	0	4.065556e-04	7.559774e-05	1
19	rs12980208	58860812	0	3.963917e-05	9.344909e-06	1
19	rs12980211	58611169	0	4.450785e-04	6.348294e-05	1
19	rs12980299	58787473	0	5.443562e-06	7.567724e-07	1
19	rs12980430	59002009	0	-5.893706e-04	-9.009536e-05	1
19	rs12980623	58624996	0	1.144291e-03	2.797586e-04	1
19	rs12980697	58963488	0	-2.440898e-04	-4.250778e-05	1
19	rs12980907	58956326	0	-1.816615e-04	-3.202225e-05	1
19	rs12981083	58963468	0	-4.323061e-04	-7.768493e-05	1
19	rs12981092	58963475	0	-2.858143e-04	-4.961403e-05	1
19	rs12981338	58618736	0	2.419261e-04	3.576628e-05	1
19	rs12981417	58596956	0	4.321077e-04	8.192807e-05	1
19	rs12981649	58930043	0	-1.113795e-04	-1.906805e-05	1
19	rs12981684	58632144	0	6.642247e-04	1.224101e-04	1
19	rs12981875	58935130	0	-9.656482e-05	-1.651191e-05	1
19	rs12982505	58613285	0	5.235055e-04	7.690502e-05	1
19	rs12982863	58715418	0	6.813493e-04	1.189725e-04	1
19	rs12983138	58655373	0	1.707514e-03	3.628068e-04	1
19	rs12983165	58958435	0	-1.816615e-04	-3.202227e-05	1
19	rs12983169	58768177	0	9.193017e-04	1.556214e-04	1
19	rs12983679	58923736	0	-1.007497e-04	-1.725357e-05	1
19	rs12983701	58613499	0	6.920489e-04	1.021139e-04	1
19	rs12983728	58671267	0	8.456833e-04	1.904452e-04	1
19	rs12983843	58923618	1	7.269855e-05	1.245840e-05	1
19	rs12984015	58613031	0	4.450785e-04	6.348281e-05	1
19	rs12984254	58613113	0	4.450785e-04	6.348279e-05	1
19	rs12984878	58562150	0	7.410764e-05	1.306004e-05	1
19	rs12985394	58958585	0	-1.816615e-04	-3.202228e-05	1
19	rs12985543	58689072	0	5.808981e-04	1.000119e-04	1
19	rs12986027	58793596	0	5.443562e-06	7.566776e-07	1
19	rs12986378	58727821	0	7.625414e-04	1.367670e-04	1
19	rs12986387	58927215	0	-1.113795e-04	-1.906808e-05	1
19	rs13343526	58908150	0	-1.204016e-03	-3.451633e-04	1
19	rs13344155	59085666	0	4.020040e-04	8.875262e-05	1
19	rs13344679	58693697	0	1.194624e-03	2.624386e-04	1
19	rs13345808	58674696	0	6.678593e-04	1.091131e-04	1
19	rs13346342	58522715	0	3.012117e-04	6.117858e-05	1
19	rs13382065	58903698	0	-1.197040e-03	-2.183776e-04	1
19	rs139211863	58843003	0	-6.856536e-05	-1.590430e-05	1
19	rs140171882	58659248	0	-4.126770e-04	-7.715853e-05	1
19	rs140214515	58654197	0	3.065252e-04	8.556193e-05	1
19	rs140638120	58754319	0	3.540129e-04	1.022787e-04	1
19	rs140755790	58680275	0	3.064105e-04	7.574116e-05	1
19	rs141669549	58690674	0	6.003832e-04	1.129961e-04	1
19	rs141815249	58690989	0	7.072998e-04	2.071003e-04	1
19	rs141887102	59077031	0	-2.036681e-04	-3.581339e-05	1
19	rs142677013	58655817	0	-3.094559e-04	-8.735261e-05	1
19	rs143096975	58622408	0	1.719587e-04	4.529215e-05	1
19	rs143314212	58810770	0	3.749475e-04	1.029215e-04	1
19	rs143712775	58643218	0	-3.135747e-06	-7.696759e-07	1
19	rs144310654	58669338	0	2.852260e-04	8.014657e-05	1
19	rs144479077	58634823	0	4.939377e-04	1.408011e-04	1
19	rs144760313	58894031	0	8.164169e-04	2.407479e-04	1
19	rs144929606	59015873	0	-2.391106e-04	-3.533011e-05	1
19	rs146262068	59077090	0	9.932019e-04	2.854187e-04	1
19	rs1465789	58946056	0	-2.225826e-04	-3.120341e-05	1
19	rs1469087	58572979	0	-2.033519e-04	-4.221215e-05	1
19	rs147878006	58887658	0	-3.649415e-04	-8.876394e-05	1
19	rs148493024	58655648	0	3.004229e-04	8.073955e-05	1
19	rs148953731	58662865	0	2.685961e-04	6.799450e-05	1
19	rs149513825	58925379	0	1.602736e-04	4.418111e-05	1
19	rs149594935	58681857	0	3.498745e-04	8.724354e-05	1
19	rs149863732	58917068	0	5.325815e-06	8.525359e-07	1
19	rs150191918	58691030	0	2.860529e-04	7.602552e-05	1
19	rs150752046	58888366	0	1.011721e-03	3.103591e-04	1
19	rs150892142	58743405	0	-3.524160e-04	-9.094140e-05	1
19	rs150997678	59052967	1	6.655524e-04	2.041066e-04	1
19	rs151265692	59019648	0	-4.785175e-04	-1.308949e-04	1
19	rs1529329	58600048	0	-1.036980e-03	-2.210702e-04	1
19	rs1529958	58899466	0	-1.429623e-03	-2.694350e-04	1
19	rs1529959	58899342	0	-1.176558e-03	-2.021638e-04	1
19	rs1544796	58542425	0	-1.080370e-03	-3.023967e-04	1
19	rs1544888	58570912	0	6.445880e-04	1.037504e-04	1
19	rs1549279	58528621	0	9.269296e-04	1.528584e-04	1
19	rs1549491	58588434	0	5.717557e-04	9.361853e-05	1
19	rs1549492	58585248	0	1.142366e-03	2.157082e-04	1
19	rs1549493	58585367	0	1.278333e-03	2.517572e-04	1
19	rs1549495	58529518	0	2.964012e-04	4.280946e-05	1
19	rs1550812	59090423	0	-3.332496e-04	-7.633437e-05	1
19	rs1550813	59090227	0	-6.075736e-05	-8.479087e-06	1
19	rs157355	58692686	0	1.745407e-03	3.904934e-04	1
19	rs157357	58693870	0	-1.473469e-04	-2.922464e-05	1
19	rs157358	58643751	0	4.953721e-04	9.477260e-05	1
19	rs157360	58650058	0	1.118815e-03	2.256381e-04	1
19	rs157361	58676017	0	9.198817e-04	2.044398e-04	1
19	rs157362	58675894	0	-4.070051e-04	-7.888408e-05	1
19	rs157363	58675603	0	9.198817e-04	2.044397e-04	1
19	rs157364	58675220	0	8.719435e-04	1.403475e-04	1
19	rs157365	58674756	0	7.434926e-04	1.161087e-04	1
19	rs157366	58674526	0	5.576523e-04	8.726765e-05	1
19	rs157367	58674310	0	8.187294e-04	1.707395e-04	1
19	rs157369	58672078	0	5.472778e-04	8.725265e-05	1
19	rs157370	58671178	0	6.475899e-04	1.052417e-04	1
19	rs157371	58669973	0	5.344541e-04	8.465850e-05	1
19	rs157372	58668597	0	6.475899e-04	1.052417e-04	1
19	rs157373	58666990	0	-1.980934e-04	-3.634673e-05	1
19	rs157374	58666086	0	-3.127078e-04	-5.859630e-05	1
19	rs157375	58665001	0	-1.980934e-04	-3.634673e-05	1
19	rs157376	58663457	0	8.212151e-04	1.689946e-04	1
19	rs157378	58696697	0	5.193869e-04	7.706715e-05	1
19	rs157379	58696598	0	5.689826e-04	8.485922e-05	1
19	rs1592993	58555971	0	-2.665837e-04	-5.873607e-05	1
19	rs1592994	58555932	0	-8.209079e-05	-1.793398e-05	1
19	rs1592995	58555850	0	-1.363674e-04	-2.969913e-05	1
19	rs159667	58648359	0	5.114735e-04	7.807723e-05	1
19	rs159668	58643841	0	4.953721e-04	9.477245e-05	1
19	rs159670	58641777	0	8.736730e-04	1.734370e-04	1
19	rs159671	58641701	0	8.736730e-04	1.734369e-04	1
19	rs159672	58641686	0	-6.406906e-04	-1.251772e-04	1
19	rs159673	58641457	0	8.736730e-04	1.734369e-04	1
19	rs159674	58670181	0	8.122714e-04	1.666814e-04	1
19	rs159675	58668765	0	2.150083e-04	3.016371e-05	1
19	rs159676	58666427	0	2.150083e-04	3.016371e-05	1
19	rs159677	58665490	0	2.698026e-04	3.786688e-05	1
19	rs159678	58679085	0	1.238302e-03	3.101706e-04	1
19	rs159679	58661732	0	3.634078e-04	5.085456e-05	1
19	rs159680	58661581	0	-1.980934e-04	-3.634678e-05	1
19	rs159870	58549366	0	-3.204958e-04	-5.004932e-05	1
19	rs159871	58550281	0	-6.651030e-04	-1.094261e-04	1
19	rs159872	58547449	0	-6.626664e-04	-1.090329e-04	1
19	rs159873	58547516	0	-6.626664e-04	-1.090329e-04	1
19	rs159874	58548431	0	-7.237956e-04	-1.792232e-04	1
19	rs166343	58775182	0	6.725517e-04	1.001022e-04	1
19	rs166830	58658950	3	-3.609192e-04	-6.823548e-05	1
19	rs166831	58676446	0	9.198817e-04	2.044395e-04	1
19	rs169776	58550436	0	-7.237956e-04	-1.792232e-04	1
19	rs16988654	58837269	0	-3.634749e-04	-8.338270e-05	1
19	rs16988659	58840850	0	-1.464166e-04	-3.409905e-05	1
19	rs16988665	58840905	0	-1.586560e-04	-3.796864e-05	1
19	rs16988667	58842180	0	-2.138405e-04	-4.854630e-05	1
19	rs16988668	58850756	0	-2.245422e-04	-5.071596e-05	1
19	rs171851	58758900	0	1.392862e-03	3.842300e-04	1
19	rs171852	58754386	0	1.861265e-03	4.268818e-04	1
19	rs171853	58685051	0	8.837800e-04	1.446033e-04	1
19	rs171854	58666802	0	-4.306993e-04	-8.209193e-05	1
19	rs174280	58711922	0	1.151396e-03	1.989591e-04	1
19	rs174281	58735457	0	3.629359e-04	7.896431e-05	1
19	rs176981	58655580	0	1.126181e-03	2.372924e-04	1
19	rs17853924	58806686	0	1.081518e-03	3.586199e-04	1
19	rs1808397	58572356	0	5.637426e-04	9.086637e-05	1
19	rs1812874	58632506	0	6.774676e-04	1.294054e-04	1
19	rs181320759	58658446	0	-1.443036e-04	-2.618263e-05	1
19	rs181994	58746054	0	9.646646e-04	2.181558e-04	1
19	rs182055294	58526154	4	3.142648e-04	6.565123e-05	1
19	rs183304547	58609059	0	-3.993394e-04	-1.152549e-04	1
19	rs184128	58548760	0	-6.566054e-04	-1.080688e-04	1
19	rs185161330	58916579	3	-2.716233e-04	-4.799234e-05	1
19	rs185464	58776863	0	1.061918e-03	1.765087e-04	1
19	rs185791	58644371	0	7.831974e-04	1.420400e-04	1
19	rs1865960	58894235	0	-5.771999e-04	-1.426754e-04	1
19	rs1867726	59084306	0	1.523320e-04	2.251525e-05	1
19	rs1867727	59084181	0	1.144398e-04	1.686384e-05	1
19	rs187760	58775192	0	1.009391e-03	1.643343e-04	1
19	rs188370	58529192	0	-6.092869e-04	-1.006922e-04	1
19	rs188415	58616313	0	-1.801066e-04	-3.176354e-05	1
19	rs188486366	58526153	4	-2.418382e-04	-5.058189e-05	1
19	rs189981267	58970374	0	3.139724e-06	8.436779e-07	1
19	rs190729	58658029	0	7.200282e-04	1.140955e-04	1
19	rs190882	58529365	0	-4.595221e-04	-7.401642e-05	1
19	rs190975	58631968	0	1.202477e-04	3.154830e-05	1
19	rs193390	58548658	0	-2.238996e-04	-4.615250e-05	1
19	rs1968868	58678383	0	-3.510404e-04	-6.139800e-05	1
19	rs1974819	58656963	0	-2.742453e-04	-5.163623e-05	1
19	rs1974826	58590145	0	1.340086e-03	2.721685e-04	1
19	rs1985434	58764185	0	2.218505e-03	6.282893e-04	1
19	rs1987625	58632634	0	2.458991e-04	4.564362e-05	1
19	rs1987626	58632649	0	6.774676e-04	1.294053e-04	1
19	rs1993463	58786898	0	1.076429e-03	3.526176e-04	1
19	rs1993464	58786953	0	6.245134e-04	1.031049e-04	1
19	rs2003104	59020597	0	1.305846e-04	3.255033e-05	1
19	rs2011666	58990045	0	-2.056403e-04	-3.143896e-05	1
19	rs2013635	58646792	0	8.794865e-05	1.594230e-05	1
19	rs2033711	58999350	1	-3.361942e-04	-4.692393e-05	1
19	rs204216	58660769	0	-1.980934e-04	-3.634682e-05	1
19	rs2046357	58673534	0	3.064105e-04	7.574115e-05	1
19	rs2052733	58625864	0	6.347776e-04	1.210275e-04	1
19	rs2052734	58626005	0	7.995587e-04	1.560897e-04	1
19	rs2052735	58626112	0	8.651862e-04	1.695076e-04	1
19	rs2062251	58715682	0	6.913216e-04	1.220043e-04	1
19	rs2081578	58669335	0	7.561630e-05	1.857467e-05	1
19	rs2098685	58630409	0	3.059639e-04	5.684830e-05	1
19	rs2098686	58630043	0	8.573124e-04	1.692928e-04	1
19	rs2098687	58630023	0	8.309830e-04	1.641879e-04	1
19	rs2098717	58524390	0	2.925273e-04	7.035175e-05	1
19	rs2100610	58802349	0	1.095199e-03	3.800875e-04	1
19	rs2112825	58614156	0	2.152319e-05	4.003691e-06	1
19	rs211579	58615270	0	8.213962e-04	1.670783e-04	1
19	rs2124911	58696798	0	5.808981e-04	1.000115e-04	1
19	rs2168644	58788393	0	5.443562e-06	7.564022e-07	1
19	rs2228162	59074429	0	6.441588e-04	1.592418e-04	1
19	rs2229375	58578578	0	4.038612e-04	5.882913e-05	1
19	rs2229379	58579923	0	3.660821e-04	5.318455e-05	1
19	rs2241406	58549593	0	-5.226884e-04	-1.208174e-04	1
19	rs2241787	58906163	0	-1.477810e-03	-2.933422e-04	1
19	rs2258557	58596449	0	-1.505221e-04	-2.804899e-05	1
19	rs2260914	58598784	0	-5.034336e-04	-9.123485e-05	1
19	rs2287837	58598670	0	-1.036980e-03	-2.210703e-04	1
19	rs2288274	58572959	0	5.894961e-04	9.611459e-05	1
19	rs2289143	58904715	0	1.469606e-03	4.046517e-04	1
19	rs2304521	58988179	0	-5.920433e-04	-1.249090e-04	1
19	rs2305119	59067623	0	1.661670e-04	2.549055e-05	1
19	rs2305120	59059729	0	-1.276063e-04	-2.952824e-05	1
19	rs2305122	59056752	0	-3.093879e-04	-5.505284e-05	1
19	rs2375233	58617203	0	7.418241e-04	1.319320e-04	1
19	rs2375234	58633323	0	6.774676e-04	1.294051e-04	1
19	rs2375235	58634745	0	8.736730e-04	1.734364e-04	1
19	rs2375470	58864867	0	1.979141e-04	4.663810e-05	1
19	rs2396991	59078073	0	4.037699e-04	1.121373e-04	1
19	rs2431835	58647214	0	7.583950e-04	1.164057e-04	1
19	rs2445854	58777608	2	3.570649e-04	5.086270e-05	1
19	rs2445855	58785181	0	-1.181988e-04	-1.789213e-05	1
19	rs2445856	58701358	0	8.772173e-04	1.386189e-04	1
19	rs2445857	58708507	0	-3.844644e-04	-7.731688e-05	1
19	rs2445858	58708730	0	9.393252e-04	1.507899e-04	1
19	rs2445859	58734330	0	8.122409e-05	1.775218e-05	1
19	rs2449628	58781945	0	1.402042e-03	2.564742e-04	1
19	rs2449629	58781917	0	1.187198e-03	1.994385e-04	1
19	rs2449631	58781652	0	2.406474e-03	7.929092e-04	1
19	rs2449632	58781379	0	1.402042e-03	2.564738e-04	1
19	rs2449634	58795207	0	-6.004364e-04	-1.233036e-04	1
19	rs2449635	58785227	0	1.141686e-03	2.021027e-04	1
19	rs2449636	58785202	0	5.538517e-04	9.131568e-05	1
19	rs2449638	58735033	0	2.735542e-05	5.937961e-06	1
19	rs2449639	58777772	0	1.314314e-03	2.395562e-04	1
19	rs2547257	58610107	0	-5.259207e-05	-9.356849e-06	1
19	rs2547258	58638685	0	5.869920e-04	1.031634e-04	1
19	rs2547259	58637237	0	8.188786e-04	1.599075e-04	1
19	rs2547260	58635294	0	4.056064e-04	5.751824e-05	1
19	rs2547295	58617479	0	6.018912e-04	1.139803e-04	1
19	rs2547296	58622896	1	8.891564e-04	1.760968e-04	1
19	rs2547297	58623249	0	6.397826e-04	1.223530e-04	1
19	rs2547298	58626436	0	5.476044e-04	1.034722e-04	1
19	rs2547347	58627459	0	6.347776e-04	1.210271e-04	1
19	rs2547348	58626879	0	6.347776e-04	1.210271e-04	1
19	rs2547349	58626742	0	6.347776e-04	1.210271e-04	1
19	rs2547350	58622950	0	6.397826e-04	1.223529e-04	1
19	rs2547351	58620965	0	6.018912e-04	1.139802e-04	1
19	rs2547352	58610720	0	1.699046e-04	3.035898e-05	1
19	rs2547355	58635125	0	8.736730e-04	1.734360e-04	1
19	rs2547356	58635146	0	8.736730e-04	1.734360e-04	1
19	rs2547357	58636155	0	8.736730e-04	1.734359e-04	1
19	rs2547358	58636656	0	6.774676e-04	1.294047e-04	1
19	rs2547359	58637389	0	8.188786e-04	1.599072e-04	1
19	rs2547360	58638399	0	7.831974e-04	1.420392e-04	1
19	rs2554963	58625364	0	1.178994e-04	2.181110e-05	1
19	rs2554964	58625504	0	4.076575e-04	7.748968e-05	1
19	rs2554965	58625638	0	9.654983e-04	1.955556e-04	1
19	rs2554966	58627271	0	6.347776e-04	1.210268e-04	1
19	rs2554967	58627382	0	2.032092e-04	3.791199e-05	1
19	rs2554968	58627406	0	4.394420e-04	8.206871e-05	1
19	rs2554970	58636732	0	2.915967e-04	5.323452e-05	1
19	rs2554972	58636174	0	6.774676e-04	1.294045e-04	1
19	rs2554973	58631032	0	8.736730e-04	1.734357e-04	1
19	rs2554978	58609677	0	3.966702e-04	7.494570e-05	1
19	rs2554981	58620273	0	1.385825e-04	2.562814e-05	1
19	rs2554982	58620524	0	8.322997e-04	1.615133e-04	1
19	rs2554983	58620872	0	6.018912e-04	1.139799e-04	1
19	rs2554984	58621104	0	8.322997e-04	1.615132e-04	1
19	rs2554985	58621438	0	4.169043e-04	7.973911e-05	1
19	rs2554986	58621492	0	4.604164e-04	8.629760e-05	1
19	rs2554987	58622985	0	6.397826e-04	1.223525e-04	1
19	rs260413	58710468	0	-4.855517e-04	-1.004516e-04	1
19	rs260415	58715944	0	1.289107e-03	2.514771e-04	1
19	rs260416	58717025	0	-3.765482e-04	-6.957738e-05	1
19	rs260418	58720918	0	7.865747e-04	1.357041e-04	1
19	rs260419	58721952	0	-5.764153e-04	-1.221540e-04	1
19	rs260420	58731704	0	2.735542e-05	5.937922e-06	1
19	rs260421	58731390	0	3.515316e-04	5.442991e-05	1
19	rs260422	58729833	0	3.113178e-04	4.554863e-05	1
19	rs260424	58726569	0	-1.903253e-04	-4.324272e-05	1
19	rs260425	58735740	0	3.930334e-04	8.572417e-05	1
19	rs260426	58736177	0	1.618812e-04	3.417123e-05	1
19	rs260427	58736226	0	-2.093463e-06	-3.845833e-07	1
19	rs260428	58736625	0	1.919787e-04	4.052284e-05	1
19	rs260430	58737161	0	1.919787e-04	4.052283e-05	1
19	rs260432	58738273	0	1.919787e-04	4.052283e-05	1
19	rs260433	58738897	0	-2.659582e-04	-3.984745e-05	1
19	rs260434	58739039	1	1.538065e-04	3.245561e-05	1
19	rs260435	58739704	0	1.919787e-04	4.052283e-05	1
19	rs260436	58739710	0	1.618812e-04	3.417122e-05	1
19	rs260437	58739744	0	2.609144e-04	5.531787e-05	1
19	rs260438	58740339	0	1.844814e-04	3.873656e-05	1
19	rs260444	58745470	0	7.299469e-04	1.179161e-04	1
19	rs260446	58746861	0	6.583781e-04	1.369338e-04	1
19	rs260448	58764375	0	1.933650e-03	4.549867e-04	1
19	rs260449	58765459	0	1.571847e-03	3.085560e-04	1
19	rs260450	58766410	0	1.672363e-03	3.497255e-04	1
19	rs260451	58766550	0	1.571847e-03	3.085558e-04	1
19	rs260452	58766874	0	1.598107e-03	3.190768e-04	1
19	rs260453	58767151	0	1.833859e-03	4.160048e-04	1
19	rs260454	58767168	0	1.881184e-03	4.296651e-04	1
19	rs260455	58767492	0	1.392862e-03	3.842287e-04	1
19	rs260456	58767565	0	1.987473e-03	4.844452e-04	1
19	rs260457	58767697	0	1.577872e-03	3.107185e-04	1
19	rs260459	58768500	0	1.598107e-03	3.190760e-04	1
19	rs260460	58769790	6	-1.145395e-04	-3.116663e-05	1
19	rs260461	58770883	0	1.392862e-03	3.842285e-04	1
19	rs260462	58774071	0	7.896110e-04	1.211237e-04	1
19	rs260464	58774762	0	6.725517e-04	1.001007e-04	1
19	rs260465	58775486	0	6.725517e-04	1.001007e-04	1
19	rs260466	58775737	0	1.107313e-03	1.877889e-04	1
19	rs260467	58776215	0	6.725517e-04	1.001006e-04	1
19	rs260468	58776630	0	7.896110e-04	1.211236e-04	1
19	rs260469	58776765	0	6.725517e-04	1.001006e-04	1
19	rs260472	58807757	0	-5.091625e-04	-1.427855e-04	1
19	rs260473	58798137	0	-3.318929e-04	-4.773393e-05	1
19	rs260474	58798300	0	-2.892030e-04	-4.150502e-05	1
19	rs260475	58798490	0	-4.555999e-04	-8.015427e-05	1
19	rs260476	58798598	0	-3.318929e-04	-4.773395e-05	1
19	rs260477	58798628	0	-3.318929e-04	-4.773396e-05	1
19	rs260478	58751030	0	1.779174e-03	3.893847e-04	1
19	rs260482	58748274	0	9.325243e-04	2.189890e-04	1
19	rs260483	58748180	0	9.920978e-04	2.468706e-04	1
19	rs260484	58758451	0	1.790286e-03	3.888744e-04	1
19	rs260486	58753937	0	1.913792e-03	4.433903e-04	1
19	rs260487	58685347	0	1.080030e-03	1.979682e-04	1
19	rs260488	58686991	0	-1.600972e-04	-3.203653e-05	1
19	rs260491	58664447	0	-2.453909e-04	-4.492148e-05	1
19	rs260492	58668565	0	-1.524891e-04	-2.757620e-05	1
19	rs260493	58671334	0	-1.677041e-04	-3.074259e-05	1
19	rs260495	58794240	0	-5.866883e-04	-1.050298e-04	1
19	rs260496	58794033	0	-3.493582e-04	-5.911025e-05	1
19	rs260497	58792213	0	7.646162e-04	1.216942e-04	1
19	rs260498	58792190	0	6.811407e-04	1.050204e-04	1
19	rs260499	58791716	0	-5.866883e-04	-1.050298e-04	1
19	rs260500	58791213	0	7.646162e-04	1.216942e-04	1
19	rs260501	58790807	0	5.572487e-04	8.400305e-05	1
19	rs260502	58790784	0	-4.642789e-04	-8.127172e-05	1
19	rs260503	58790095	0	7.646162e-04	1.216942e-04	1
19	rs281061	58643376	0	8.487922e-04	1.543780e-04	1
19	rs281063	58651941	0	3.334671e-04	4.696531e-05	1
19	rs281064	58649998	0	1.206112e-03	2.499907e-04	1
19	rs281065	58645577	0	2.353414e-05	3.350541e-06	1
19	rs281066	58644840	0	4.953721e-04	9.477104e-05	1
19	rs281069	58659039	3	3.569340e-04	4.855555e-05	1
19	rs281070	58658691	0	6.269912e-04	9.011126e-05	1
19	rs281072	58657714	0	3.334671e-04	4.696527e-05	1
19	rs281073	58656418	0	3.206949e-04	4.494421e-05	1
19	rs281074	58656176	0	-1.980934e-04	-3.634705e-05	1
19	rs281075	58655106	0	-4.059952e-04	-7.450523e-05	1
19	rs281076	58654307	0	6.497918e-04	1.001970e-04	1
19	rs281077	58653376	0	2.841852e-04	4.203957e-05	1
19	rs281078	58653320	0	1.225858e-03	2.917608e-04	1
19	rs281079	58678388	0	9.884372e-04	2.231085e-04	1
19	rs281080	58700131	5	1.036886e-03	1.623509e-04	1
19	rs281081	58698915	0	1.489464e-03	2.920625e-04	1
19	rs28444973	58982044	0	-4.077933e-04	-9.732806e-05	1
19	rs28521102	58597905	0	-3.189834e-04	-8.759147e-05	1
19	rs28575910	59072396	0	6.691989e-04	1.644628e-04	1
19	rs28699075	59069214	0	4.037699e-04	1.121373e-04	1
19	rs28725494	58633618	0	4.680666e-04	7.926776e-05	1
19	rs28757810	58813720	0	-6.216697e-04	-1.039594e-04	1
19	rs28821001	59018503	0	-4.404420e-04	-6.270392e-05	1
19	rs28840697	58825728	0	-3.281773e-05	-7.042574e-06	1
19	rs2889031	58659115	2	3.851753e-04	5.222661e-05	1
19	rs2889128	58973929	0	-1.776899e-04	-2.496009e-05	1
19	rs2889129	59019664	0	-3.109996e-04	-7.858187e-05	1
19	rs292821	58531419	0	-1.383932e-03	-3.864000e-04	1
19	rs292826	58540860	0	-8.005627e-04	-1.360860e-04	1
19	rs292827	58544472	0	-3.933980e-04	-5.984282e-05	1
19	rs292828	58545133	0	-7.237956e-04	-1.792235e-04	1
19	rs292831	58529741	0	-1.383932e-03	-3.864000e-04	1
19	rs2930099	58779403	0	1.325419e-04	2.346308e-05	1
19	rs2930100	58747687	0	6.746868e-04	1.444601e-04	1
19	rs295345	58654195	0	1.089795e-04	1.950095e-05	1
19	rs295346	58616280	0	1.385825e-04	2.562845e-05	1
19	rs295347	58616256	0	2.906159e-05	4.973088e-06	1
19	rs299847	58680688	0	8.541507e-04	1.944847e-04	1
19	rs3087604	58813750	0	-6.454750e-04	-1.078450e-04	1
19	rs3088284	58929427	0	-1.113795e-04	-1.906837e-05	1
19	rs3211055	59094453	0	-4.627614e-04	-6.494351e-05	1
19	rs34003091	58662254	0	7.830634e-04	1.740616e-04	1
19	rs34006653	58731821	2	2.558234e-04	4.449310e-05	1
19	rs34023391	58913368	0	1.160184e-04	2.025587e-05	1
19	rs34114202	58599443	0	2.555142e-04	4.577592e-05	1
19	rs34152946	58923263	0	-1.113795e-04	-1.906838e-05	1
19	rs34188294	58919557	0	-2.251912e-04	-3.927854e-05	1
19	rs34230465	58943576	0	7.412575e-06	1.273346e-06	1
19	rs34282528	59076749	0	9.513757e-04	3.036397e-04	1
19	rs34370122	58546475	0	3.839724e-04	7.002491e-05	1
19	rs34380569	58648528	0	1.093174e-03	2.426349e-04	1
19	rs34415062	59023166	0	-1.408978e-04	-2.447596e-05	1
19	rs34421357	58835863	0	-2.500879e-04	-5.647264e-05	1
19	rs34469398	58677396	0	1.742920e-04	4.858176e-05	1
19	rs34488713	58996454	0	8.794526e-04	2.767253e-04	1
19	rs34503352	58651296	0	9.004777e-04	2.072386e-04	1
19	rs34511020	58921296	0	-1.113795e-04	-1.906838e-05	1
19	rs34526068	58658066	0	6.269912e-04	9.011119e-05	1
19	rs34541537	58912737	0	2.539367e-04	4.688186e-05	1
19	rs34602933	58886495	0	-7.843127e-04	-1.168055e-04	1
19	rs34648696	58554613	0	1.489231e-04	2.668065e-05	1
19	rs34702066	58582806	0	1.341891e-03	2.817898e-04	1
19	rs34873624	58943402	0	-3.217137e-06	-5.571592e-07	1
19	rs34914886	58774094	0	1.710848e-04	4.767364e-05	1
19	rs34947459	58655880	0	-2.314769e-04	-4.210462e-05	1
19	rs3499	59093484	0	-4.545642e-04	-6.402027e-05	1
19	rs34990434	58550992	0	2.043489e-04	3.663546e-05	1
19	rs35081008	58662235	0	7.830634e-04	1.740615e-04	1
19	rs35117909	58912906	0	1.010779e-05	1.768579e-06	1
19	rs35138622	58912788	0	6.873611e-05	1.212146e-05	1
19	rs35219954	59001641	0	-2.834391e-04	-4.130090e-05	1
19	rs35220005	58550233	0	-6.939829e-05	-1.232495e-05	1
19	rs35269060	58933392	0	-5.941721e-04	-1.067303e-04	1
19	rs35350976	59023174	0	-3.626053e-04	-6.429984e-05	1
19	rs35358425	58599760	0	8.199547e-05	1.450705e-05	1
19	rs35394955	58954859	0	1.641226e-04	2.412676e-05	1
19	rs35430780	59028162	0	6.993514e-05	1.689562e-05	1
19	rs35466206	58943252	0	7.412575e-06	1.273324e-06	1
19	rs35511051	58665817	0	9.627995e-04	2.053671e-04	1
19	rs35631681	58999840	11	1.014263e-05	1.884707e-06	1
19	rs35652377	58929200	0	-1.113795e-04	-1.906841e-05	1
19	rs35711932	58658152	0	3.346078e-04	4.695955e-05	1
19	rs35713506	58954919	0	1.641226e-04	2.412676e-05	1
19	rs35740250	58694015	0	3.032717e-04	8.426182e-05	1
19	rs35747322	58544096	0	2.329735e-05	4.299429e-06	1
19	rs35782676	58926345	0	-1.065748e-04	-1.789844e-05	1
19	rs35983901	59016790	0	-1.225862e-03	-2.782089e-04	1
19	rs36057771	58836133	0	-4.172916e-04	-9.607183e-05	1
19	rs36090113	58912384	0	9.273506e-05	1.626777e-05	1
19	rs36095067	58991638	0	9.390997e-05	2.540322e-05	1
19	rs36098050	58652725	0	9.004777e-04	2.072385e-04	1
19	rs36100363	58710837	0	5.808981e-04	1.000106e-04	1
19	rs36111946	58836128	0	-3.346842e-04	-7.712875e-05	1
19	rs36115826	59009166	0	1.004227e-03	3.307294e-04	1
19	rs365040	58799529	0	-2.941590e-04	-5.066905e-05	1
19	rs365699	58799652	0	-2.215549e-04	-3.092362e-05	1
19	rs370335292	58658750	0	9.693882e-04	2.044957e-04	1
19	rs371120005	58658933	2	-5.657868e-04	-1.091187e-04	1
19	rs371149	58779654	0	4.415787e-04	6.297900e-05	1
19	rs373337854	58658806	1	2.178592e-04	5.109113e-05	1
19	rs374431	58790713	0	5.264670e-04	7.856275e-05	1
19	rs3745129	58637498	0	2.353414e-05	3.350405e-06	1
19	rs3745142	58836745	0	-3.346842e-04	-7.712875e-05	1
19	rs3752108	59094709	0	-4.627614e-04	-6.494352e-05	1
19	rs3752109	59082605	0	4.847150e-05	7.133929e-06	1
19	rs3752111	59082368	0	9.333908e-04	3.027339e-04	1
19	rs3752112	58992220	0	-1.636763e-05	-2.947405e-06	1
19	rs3764528	58977554	0	-1.166499e-04	-1.624240e-05	1
19	rs3764529	58945089	0	-8.980580e-05	-1.547474e-05	1
19	rs3764531	58929305	0	-1.730264e-04	-2.402658e-05	1
19	rs3764532	58929222	0	-1.007497e-04	-1.725393e-05	1
19	rs3764533	58929194	0	8.087638e-05	1.134523e-05	1
19	rs3764534	58929136	0	-3.307449e-04	-4.667063e-05	1
19	rs3764535	58929052	0	1.979357e-04	2.782668e-05	1
19	rs3764536	58896712	0	-1.664565e-03	-3.767160e-04	1
19	rs376460183	58658873	1	9.008225e-04	1.888551e-04	1
19	rs376570508	58658612	0	5.339083e-04	9.915033e-05	1
19	rs378452	58786520	0	-7.142346e-05	-1.000446e-05	1
19	rs379075	58785739	0	-5.481956e-05	-7.700283e-06	1
19	rs3794963	59071051	0	1.487996e-04	2.239257e-05	1
19	rs3794964	59070916	0	1.487996e-04	2.239257e-05	1
19	rs3794965	59069353	0	-5.061727e-05	-7.073155e-06	1
19	rs3794966	59068996	0	-2.633445e-04	-4.654719e-05	1
19	rs3794968	58986799	0	-2.381617e-04	-3.266401e-05	1
19	rs3794969	58986561	0	-7.338498e-04	-2.026176e-04	1
19	rs3794970	58986260	0	3.733291e-04	7.038838e-05	1
19	rs3794971	58985866	0	-1.878877e-04	-3.452422e-05	1
19	rs3794974	58897652	0	-1.229474e-03	-2.359574e-04	1
19	rs3794975	58895950	0	-6.887528e-04	-1.724875e-04	1
19	rs3810125	59066730	0	-1.989536e-04	-4.598101e-05	1
19	rs3810126	58610254	0	4.450785e-04	6.348112e-05	1
19	rs3816328	59061357	0	5.689588e-04	1.546137e-04	1
19	rs3816329	59058693	0	-4.508933e-04	-8.009591e-05	1
19	rs3826677	58919002	0	2.367484e-04	3.766383e-05	1
19	rs3826678	58918917	0	2.367484e-04	3.766383e-05	1
19	rs3826679	58918817	0	2.367484e-04	3.766382e-05	1
19	rs3826680	58918800	0	2.367484e-04	3.766382e-05	1
19	rs3826681	58918764	0	-1.113795e-04	-1.906844e-05	1
19	rs3826682	58918748	0	-1.007497e-04	-1.725395e-05	1
19	rs3826683	58918733	0	-1.113795e-04	-1.906845e-05	1
19	rs3826684	58918705	0	-1.113795e-04	-1.906845e-05	1
19	rs384702	58552801	0	-4.953451e-04	-1.166270e-04	1
19	rs3848524	58816529	0	2.868406e-04	6.227688e-05	1
19	rs3875104	59102379	0	-8.868553e-05	-1.200513e-05	1
19	rs3892385	58602870	0	-3.053413e-04	-7.833076e-05	1
19	rs390667	58733011	0	5.745292e-05	1.244712e-05	1
19	rs392644	58780503	0	1.402042e-03	2.564710e-04	1
19	rs392687	58779566	0	5.229354e-04	7.538913e-05	1
19	rs3953740	58659362	0	8.016206e-04	1.362487e-04	1
19	rs3997357	59044566	0	3.166437e-04	4.531969e-05	1
19	rs400733	58797344	0	-3.425227e-04	-4.922287e-05	1
19	rs401706	58733555	0	2.735542e-05	5.937740e-06	1
19	rs403408	58684407	0	1.408719e-04	1.997314e-05	1
19	rs4084852	58835255	0	-4.172916e-04	-9.607184e-05	1
19	rs414948	58738375	0	1.919787e-04	4.052264e-05	1
19	rs424114	58733641	0	5.745292e-05	1.244710e-05	1
19	rs425516	58781229	0	1.284982e-03	2.230823e-04	1
19	rs425605	58786623	0	-5.370284e-04	-7.710566e-05	1
19	rs427988	58779785	0	1.402042e-03	2.564708e-04	1
19	rs429770	58787836	0	-5.230894e-04	-9.471001e-05	1
19	rs431093	58786084	0	1.411301e-04	1.979422e-05	1
19	rs432181	58799781	0	-2.215549e-04	-3.092381e-05	1
19	rs432426	58780131	0	2.440911e-03	8.314848e-04	1
19	rs435442	58807827	0	-2.738602e-04	-7.424668e-05	1
19	rs437183	58799635	0	-2.215549e-04	-3.092392e-05	1
19	rs437229	58790675	0	2.080922e-04	3.089493e-05	1
19	rs4372790	58953693	0	-5.747673e-04	-8.340507e-05	1
19	rs439333	58783027	0	1.284982e-03	2.230818e-04	1
19	rs4444432	58715538	0	5.364018e-04	9.151682e-05	1
19	rs446075	58766735	0	1.598107e-03	3.190734e-04	1
19	rs448147	58778070	0	3.245193e-04	4.548345e-05	1
19	rs448403	58786146	0	1.079866e-03	1.818460e-04	1
19	rs4496257	58669456	0	8.618773e-04	1.490652e-04	1
19	rs449697	58787977	0	-5.866883e-04	-1.050299e-04	1
19	rs4524039	58625270	0	6.347438e-04	1.223160e-04	1
19	rs453737	58800252	0	-1.704520e-04	-2.401397e-05	1
19	rs45454797	59066391	0	1.423403e-05	3.995680e-06	1
19	rs45475596	58881109	0	-6.768302e-04	-1.699916e-04	1
19	rs45535435	58846866	0	-1.043059e-04	-2.423114e-05	1
19	rs45571742	58552111	0	1.801020e-04	3.226344e-05	1
19	rs45589034	58640964	0	2.915967e-04	5.323500e-05	1
19	rs45598236	58521433	0	2.423723e-04	5.355546e-05	1
19	rs45601339	58718247	0	-1.329203e-04	-3.332407e-05	1
19	rs45617039	58951096	0	7.412575e-06	1.273216e-06	1
19	rs4584938	58899303	0	-3.558067e-04	-5.283794e-05	1
19	rs4599020	58691998	0	5.808981e-04	1.000103e-04	1
19	rs4603677	58950721	0	3.233370e-04	5.186332e-05	1
19	rs4608428	58618579	0	6.018912e-04	1.139792e-04	1
19	rs4756	59074653	0	2.341609e-04	3.521160e-05	1
19	rs4801246	58522534	0	-2.188971e-04	-3.434114e-05	1
19	rs4801247	58522561	0	2.538572e-05	3.885158e-06	1
19	rs4801250	58616674	0	2.290581e-04	4.195628e-05	1
19	rs4801251	58617042	0	1.385825e-04	2.562862e-05	1
19	rs4801252	58631676	0	4.924807e-04	9.448951e-05	1
19	rs4801262	58848116	0	1.015975e-04	2.489017e-05	1
19	rs4801267	58882384	0	-3.806081e-04	-9.372942e-05	1
19	rs4801269	58927916	0	2.367484e-04	3.766388e-05	1
19	rs4801270	58932762	0	-3.307449e-04	-4.667060e-05	1
19	rs4801271	58953449	0	5.632715e-04	9.192386e-05	1
19	rs4801272	58977463	0	-4.568125e-04	-6.508101e-05	1
19	rs4801273	59000273	0	-4.737873e-04	-6.786816e-05	1
19	rs4801274	59010593	0	-2.888739e-04	-6.633363e-05	1
19	rs4801275	59021049	0	-5.300325e-04	-1.357412e-04	1
19	rs4801541	58521224	0	1.371465e-04	1.970006e-05	1
19	rs4801542	58522974	0	2.945371e-04	5.127777e-05	1
19	rs4801543	58523804	0	4.811937e-04	8.601264e-05	1
19	rs4801544	58526202	0	3.325313e-04	6.722296e-05	1
19	rs4801546	58526387	0	5.020466e-04	8.869805e-05	1
19	rs4801547	58526742	0	2.575363e-04	5.125214e-05	1
19	rs4801548	58528978	0	3.587665e-04	7.150208e-05	1
19	rs4801555	58600977	0	-1.114766e-03	-2.442696e-04	1
19	rs4801559	58627808	0	8.651862e-04	1.695059e-04	1
19	rs4801562	58634756	0	5.949846e-05	1.052721e-05	1
19	rs4801564	58644826	0	7.596633e-04	1.205705e-04	1
19	rs4801565	58674249	0	-6.575656e-04	-1.270864e-04	1
19	rs4801566	58674788	0	-3.968911e-04	-6.929462e-05	1
19	rs4801567	58675005	0	-3.510404e-04	-6.139715e-05	1
19	rs4801572	58752932	0	3.893665e-04	9.701561e-05	1
19	rs4801573	58754058	0	3.893665e-04	9.701561e-05	1
19	rs4801574	58754102	0	3.893665e-04	9.701561e-05	1
19	rs4801576	58779342	0	1.000139e-03	3.291824e-04	1
19	rs4801577	58799044	0	8.249869e-04	2.493757e-04	1
19	rs4801578	58801599	0	1.008520e-03	3.305848e-04	1
19	rs4801579	58863449	0	6.961436e-04	1.607256e-04	1
19	rs4801581	58913312	0	1.749869e-04	2.451532e-05	1
19	rs4801583	58918405	0	-3.307449e-04	-4.667060e-05	1
19	rs4801584	58920702	0	3.168737e-04	5.115957e-05	1
19	rs4801585	58934305	0	1.156680e-04	1.629456e-05	1
19	rs4801586	58934528	0	-3.307449e-04	-4.667061e-05	1
19	rs4801587	58936679	0	-3.307449e-04	-4.667061e-05	1
19	rs4801588	58949046	0	3.233370e-04	5.186330e-05	1
19	rs4801589	58953398	0	-4.425005e-04	-6.359874e-05	1
19	rs4801590	58961813	0	-4.255121e-04	-6.072651e-05	1
19	rs4801591	58970099	0	3.857990e-04	6.155818e-05	1
19	rs4801593	58972252	0	-2.013740e-04	-3.115893e-05	1
19	rs4801595	58978517	0	4.158003e-05	5.726450e-06	1
19	rs4801599	58995728	0	-3.823819e-04	-5.349176e-05	1
19	rs4801602	59025685	0	-4.036232e-04	-1.044986e-04	1
19	rs4801605	59050873	15	6.054923e-04	9.297857e-05	1
19	rs4801610	59091928	0	-1.123768e-05	-2.696349e-06	1
19	rs4801611	59092122	0	-6.075736e-05	-8.478942e-06	1
19	rs4801613	59096403	0	1.770139e-04	4.839844e-05	1
19	rs4801614	59096950	0	-6.075736e-05	-8.478942e-06	1
19	rs4801615	59097229	0	-5.638487e-04	-8.008885e-05	1
19	rs495839	58545500	4	-7.518795e-04	-1.832776e-04	1
19	rs500286	58785900	0	1.010931e-03	1.671933e-04	1
19	rs523073	58647358	0	5.114735e-04	7.807622e-05	1
19	rs547045	58788236	0	5.642503e-04	9.040482e-05	1
19	rs548671	58801518	1	8.395724e-04	1.378854e-04	1
19	rs550471	58801687	0	6.601669e-04	1.138023e-04	1
19	rs551116	58684611	0	1.408719e-04	1.997300e-05	1
19	rs55633425	58948018	0	-7.917609e-05	-1.364883e-05	1
19	rs55633565	58530628	0	3.743965e-04	7.589264e-05	1
19	rs55652736	59007566	0	2.617971e-04	4.894266e-05	1
19	rs55691818	59033518	0	-5.108919e-04	-9.084114e-05	1
19	rs55697390	58674301	0	1.735395e-04	4.177685e-05	1
19	rs55716128	59048754	0	-3.644318e-04	-6.523767e-05	1
19	rs55734122	58733610	0	7.218593e-04	1.426886e-04	1
19	rs55800631	59085089	0	-9.754056e-05	-1.360459e-05	1
19	rs55827758	58842450	0	-8.362446e-05	-1.999517e-05	1
19	rs55833862	58637690	0	-6.406906e-04	-1.251775e-04	1
19	rs55857578	58914925	0	-5.219214e-07	-9.490275e-08	1
19	rs55875034	58983558	0	2.519858e-04	4.692886e-05	1
19	rs55928441	59009674	0	2.617971e-04	4.894265e-05	1
19	rs55945602	58632305	0	1.745373e-04	3.181665e-05	1
19	rs55959018	58935768	0	2.261187e-04	3.570581e-05	1
19	rs55987239	59085045	0	-3.644318e-04	-6.523767e-05	1
19	rs56026876	59006157	0	6.094520e-04	1.165587e-04	1
19	rs56065611	58520480	0	1.371465e-04	1.970005e-05	1
19	rs56066701	58841066	0	-2.446842e-04	-5.750038e-05	1
19	rs56121586	58585744	0	3.660821e-04	5.318496e-05	1
19	rs56161266	58816642	0	-1.060358e-04	-2.911736e-05	1
19	rs56225452	59024646	0	-7.998012e-05	-1.387196e-05	1
19	rs56236214	58817958	0	-1.209871e-04	-3.306611e-05	1
19	rs56243535	59006150	0	6.940866e-04	1.365235e-04	1
19	rs56268519	59045904	0	4.714217e-04	6.935454e-05	1
19	rs56273550	58611001	0	-4.288233e-04	-1.191834e-04	1
19	rs56290606	58919320	0	-2.558522e-04	-4.422411e-05	1
19	rs56292587	58919066	0	-1.113795e-04	-1.906853e-05	1
19	rs56332086	58917700	0	-2.237674e-05	-3.827766e-06	1
19	rs56390031	58998327	0	-6.768054e-05	-1.039938e-05	1
19	rs56394914	58882740	0	-1.244743e-03	-2.237050e-04	1
19	rs56395112	58577672	0	6.936299e-04	1.073681e-04	1
19	rs56654816	58845187	0	-1.696527e-04	-3.970948e-05	1
19	rs56688575	58851238	0	-1.827770e-05	-4.347821e-06	1
19	rs56725489	58830709	0	-7.401650e-04	-1.849232e-04	1
19	rs57140425	58709015	0	4.763751e-04	1.190645e-04	1
19	rs57201473	58851686	0	-1.827770e-05	-4.347820e-06	1
19	rs57656768	58648536	0	8.210145e-04	2.526358e-04	1
19	rs57760408	58821683	0	-7.008491e-04	-1.762059e-04	1
19	rs57785785	58815158	0	6.776304e-05	1.670744e-05	1
19	rs57797045	58534654	0	9.006761e-04	2.183963e-04	1
19	rs58071659	58784272	0	7.061078e-04	2.047170e-04	1
19	rs58231369	58754967	0	3.893665e-04	9.701561e-05	1
19	rs58371330	58823196	0	-7.008491e-04	-1.762059e-04	1
19	rs58412590	58887647	0	-5.771999e-04	-1.426753e-04	1
19	rs58509147	58840490	0	-5.786069e-04	-1.421375e-04	1
19	rs58576937	58577443	0	-6.016792e-04	-1.787211e-04	1
19	rs58617733	58842534	0	-1.696527e-04	-3.970948e-05	1
19	rs58899074	58611996	0	5.146527e-04	7.381804e-05	1
19	rs59054150	58850341	0	-1.827770e-05	-4.347816e-06	1
19	rs59114323	58649994	0	1.294680e-03	3.156318e-04	1
19	rs59238777	58625136	0	-5.407819e-05	-1.262308e-05	1
19	rs59401383	58882767	0	-6.768302e-04	-1.699916e-04	1
19	rs59460131	59101970	0	6.340187e-04	1.542537e-04	1
19	rs59678004	58813932	0	-5.538204e-04	-9.198753e-05	1
19	rs59874238	58841861	0	-8.362446e-05	-1.999516e-05	1
19	rs59894429	58577444	0	6.936299e-04	1.073681e-04	1
19	rs59908383	58828737	0	-7.701620e-04	-1.944117e-04	1
19	rs59925483	58672788	0	-2.476936e-04	-6.628987e-05	1
19	rs59967605	58835563	0	-4.172916e-04	-9.607184e-05	1
19	rs60075099	58831141	0	-5.067237e-04	-1.210990e-04	1
19	rs60245393	58842745	0	-2.507819e-04	-5.937127e-05	1
19	rs60296671	58843881	0	-6.856536e-05	-1.590413e-05	1
19	rs60329830	58755072	0	3.893665e-04	9.701561e-05	1
19	rs60348321	58841939	0	-1.696527e-04	-3.970947e-05	1
19	rs60404734	58812785	0	2.000783e-04	5.301373e-05	1
19	rs60818748	58842735	1	-1.097468e-04	-2.567413e-05	1
19	rs60973470	58779425	0	7.087586e-04	2.076338e-04	1
19	rs61012884	59085161	0	-3.564856e-04	-8.221755e-05	1
19	rs61022167	59071380	0	4.121441e-04	9.224248e-05	1
19	rs61096651	58845296	0	-8.362446e-05	-1.999515e-05	1
19	rs61301121	58745159	0	-2.667441e-04	-6.258975e-05	1
19	rs61460516	58851462	0	-1.827770e-05	-4.347811e-06	1
19	rs61468392	58823221	0	-7.008491e-04	-1.762059e-04	1
19	rs61514202	58844606	0	-8.362446e-05	-1.999515e-05	1
19	rs61521274	58830879	0	-5.893312e-04	-1.415476e-04	1
19	rs61566502	58581038	0	1.436945e-03	3.159547e-04	1
19	rs61635555	58834694	0	-3.346842e-04	-7.712875e-05	1
19	rs61745224	58723706	0	-2.433629e-04	-6.768821e-05	1
19	rs61746129	58879701	1	-7.273923e-04	-1.857421e-04	1
19	rs61746138	58879660	0	-7.100160e-04	-1.808501e-04	1
19	rs620297	58545433	1	-2.583318e-04	-3.839178e-05	1
19	rs62114175	58776480	0	9.880270e-04	1.605668e-04	1
19	rs62114176	58776483	0	1.017913e-03	1.668149e-04	1
19	rs62114178	58778451	0	7.859677e-05	1.118534e-05	1
19	rs62114179	58778512	0	4.415787e-04	6.297840e-05	1
19	rs62114183	58786176	0	-5.264252e-04	-9.421215e-05	1
19	rs62114208	58787115	0	-5.264252e-04	-9.421215e-05	1
19	rs62114212	58831966	0	-1.496652e-04	-2.676775e-05	1
19	rs62114660	59033674	0	-2.746903e-04	-6.202906e-05	1
19	rs62114663	59035557	0	1.880119e-05	4.423521e-06	1
19	rs62114668	59072371	0	-1.123768e-05	-2.696330e-06	1
19	rs62116004	58720201	0	4.761985e-04	7.966763e-05	1
19	rs62116017	58738767	0	1.092343e-04	1.897109e-05	1
19	rs62116373	58850206	0	1.596618e-04	4.401219e-05	1
19	rs62116378	58875268	0	-7.005235e-04	-1.803719e-04	1
19	rs62116379	58875335	0	-7.258188e-04	-1.878043e-04	1
19	rs62116380	58876618	0	-6.348716e-04	-1.584959e-04	1
19	rs62116381	58877385	0	-6.348716e-04	-1.584959e-04	1
19	rs62116383	58880761	0	-7.100160e-04	-1.808500e-04	1
19	rs62116384	58880884	0	-7.100160e-04	-1.808500e-04	1
19	rs62116388	58884162	0	-5.521658e-04	-1.360445e-04	1
19	rs62116389	58885267	0	1.011721e-03	3.103594e-04	1
19	rs62116432	58901227	0	-1.083402e-03	-1.891114e-04	1
19	rs62116437	58922551	0	2.367484e-04	3.766385e-05	1
19	rs62117593	58941915	0	4.844222e-04	7.896582e-05	1
19	rs62117594	58942709	0	4.844222e-04	7.896582e-05	1
19	rs62117596	58953099	0	5.632715e-04	9.192382e-05	1
19	rs62117599	58994650	0	5.865326e-04	8.913223e-05	1
19	rs62117658	59015297	0	1.305846e-04	3.255041e-05	1
19	rs62125248	58568181	0	-6.793797e-04	-1.037762e-04	1
19	rs62125894	58679627	0	-6.011170e-04	-1.184797e-04	1
19	rs62125914	58706186	0	5.808981e-04	1.000101e-04	1
19	rs62125917	58711509	0	5.808981e-04	1.000101e-04	1
19	rs62126787	58586371	0	5.352807e-04	8.063641e-05	1
19	rs62126791	58587777	0	4.314385e-04	6.307334e-05	1
19	rs62126796	58612051	5	1.390239e-04	2.464515e-05	1
19	rs63283	58740490	0	2.756448e-04	5.800948e-05	1
19	rs6510116	58604319	0	-4.603568e-04	-8.228663e-05	1
19	rs6510125	58637152	0	3.669793e-04	6.122954e-05	1
19	rs6510126	58675916	0	-3.510404e-04	-6.139708e-05	1
19	rs6510128	58761107	0	9.055881e-04	1.419047e-04	1
19	rs6510129	58761533	0	9.055881e-04	1.419047e-04	1
19	rs6510131	58776347	0	1.716938e-04	4.320138e-05	1
19	rs6510133	58801186	0	-1.023725e-04	-1.432766e-05	1
19	rs6510136	58824721	0	-8.003881e-04	-2.069018e-04	1
19	rs6510137	58864150	0	7.742226e-05	1.730972e-05	1
19	rs6510139	58885702	0	-8.742814e-04	-1.377026e-04	1
19	rs6510140	58885773	0	-1.013594e-03	-1.660234e-04	1
19	rs6510141	58885786	0	-1.426447e-03	-2.728155e-04	1
19	rs6510142	58885842	0	-5.521658e-04	-1.360445e-04	1
19	rs6510143	58885874	0	-3.767025e-04	-9.214116e-05	1
19	rs6510148	58924210	0	1.922558e-04	2.976192e-05	1
19	rs6510152	58953319	0	-3.605371e-04	-5.118130e-05	1
19	rs6510153	58975609	0	-6.701852e-04	-1.817606e-04	1
19	rs66616365	58667964	0	8.618773e-04	1.490650e-04	1
19	rs67047437	58676662	0	8.543654e-04	1.514864e-04	1
19	rs67781917	58524126	0	4.811937e-04	8.601261e-05	1
19	rs67825948	58525067	0	1.035878e-03	2.144339e-04	1
19	rs67978350	58894455	0	8.813669e-04	1.743086e-04	1
19	rs71333247	58559583	0	1.673021e-04	2.991632e-05	1
19	rs71333251	58738839	0	-3.349592e-05	-5.923398e-06	1
19	rs71333260	58922220	0	-5.330547e-05	-9.125016e-06	1
19	rs71354068	58531715	0	1.003664e-03	3.056913e-04	1
19	rs71355829	58551080	0	2.043489e-04	3.663533e-05	1
19	rs71355833	58657180	0	1.026464e-03	2.221909e-04	1
19	rs719009	58584722	0	3.212182e-04	4.673208e-05	1
19	rs719010	58584765	0	2.455119e-04	3.532606e-05	1
19	rs719011	58584841	0	2.455119e-04	3.532605e-05	1
19	rs723669	58563100	0	-1.413027e-04	-2.544857e-05	1
19	rs7245923	58874709	0	-7.005235e-04	-1.803718e-04	1
19	rs7246174	58765348	0	2.723072e-04	6.750331e-05	1
19	rs7246751	58804121	0	1.151714e-03	3.974278e-04	1
19	rs7248057	58774513	0	3.330247e-04	8.446095e-05	1
19	rs7248493	58711108	0	1.256732e-03	2.837965e-04	1
19	rs7248512	58716363	0	1.363908e-03	2.488602e-04	1
19	rs7248800	59079257	0	4.273962e-04	6.204225e-05	1
19	rs7249664	58586610	1	1.814847e-03	4.587550e-04	1
19	rs7249714	59058083	0	-3.619428e-05	-5.081276e-06	1
19	rs7249841	59058199	0	-3.130155e-04	-7.061934e-05	1
19	rs7250280	58713774	0	3.803691e-04	6.324913e-05	1
19	rs7250394	58930177	0	4.399297e-04	6.925693e-05	1
19	rs7250524	58611423	0	4.450785e-04	6.348073e-05	1
19	rs7250610	58611723	0	4.440426e-04	8.511415e-05	1
19	rs7250711	58611592	0	4.450785e-04	6.348070e-05	1
19	rs7250715	58611606	0	3.027425e-04	5.127046e-05	1
19	rs7250752	58893108	0	-6.846878e-04	-1.735113e-04	1
19	rs7250816	58581572	0	9.983220e-04	1.801145e-04	1
19	rs7250889	58900337	0	-1.723692e-03	-3.768583e-04	1
19	rs7251261	58629081	13	3.932324e-04	6.770725e-05	1
19	rs7251536	58620679	0	5.060240e-04	8.566518e-05	1
19	rs7251813	58893700	0	-2.334176e-03	-7.872353e-04	1
19	rs7252129	58657428	0	8.016206e-04	1.362482e-04	1
19	rs7252304	58629122	3	7.924485e-04	1.543385e-04	1
19	rs7252333	58900747	0	-1.723692e-03	-3.768579e-04	1
19	rs7253055	58793554	0	-2.460289e-04	-3.703308e-05	1
19	rs7253066	59080198	0	4.121441e-04	9.224255e-05	1
19	rs7253344	58779340	0	2.810984e-04	3.895654e-05	1
19	rs7253357	58779369	0	4.415787e-04	6.297825e-05	1
19	rs7253433	59041723	0	6.445961e-04	9.736596e-05	1
19	rs7254178	58979958	0	-7.338498e-04	-2.026174e-04	1
19	rs7254299	58884965	0	-1.425266e-03	-2.734765e-04	1
19	rs7254639	58876797	0	-6.348716e-04	-1.584957e-04	1
19	rs7255068	59052105	0	3.994627e-04	9.551469e-05	1
19	rs7255290	58583832	0	1.436945e-03	3.159547e-04	1
19	rs7255489	58879965	0	-5.187833e-04	-1.321096e-04	1
19	rs7255491	58901394	0	-1.723692e-03	-3.768577e-04	1
19	rs7255596	58879976	0	-5.187833e-04	-1.321096e-04	1
19	rs7255605	58584251	0	1.436945e-03	3.159547e-04	1
19	rs7255916	58880016	0	-3.730931e-04	-9.152930e-05	1
19	rs7256349	58718269	0	6.767275e-04	1.179457e-04	1
19	rs7256664	58600587	1	-1.043922e-03	-2.209546e-04	1
19	rs7256809	58880184	0	-7.100160e-04	-1.808499e-04	1
19	rs7256940	58880242	0	-7.100160e-04	-1.808499e-04	1
19	rs7256964	58882186	0	-5.077875e-04	-7.451172e-05	1
19	rs7257669	59064939	0	2.341609e-04	3.521152e-05	1
19	rs7257788	58788901	0	1.084269e-03	3.627476e-04	1
19	rs7257872	58928786	0	1.922558e-04	2.976190e-05	1
19	rs7257999	58964860	0	3.713098e-04	5.300189e-05	1
19	rs7258103	58627235	0	6.059194e-05	1.001248e-05	1
19	rs7258239	58734410	2	-3.570668e-05	-7.738603e-06	1
19	rs7259841	58951123	0	2.509130e-05	3.510536e-06	1
19	rs7260445	58571049	0	-3.045455e-04	-8.153364e-05	1
19	rs7260571	58925286	0	-3.307449e-04	-4.667078e-05	1
19	rs72629170	58876368	0	-6.654385e-04	-1.622834e-04	1
19	rs72629171	58880848	0	-7.100160e-04	-1.808499e-04	1
19	rs73056266	58702854	0	1.738253e-04	4.869517e-05	1
19	rs73056270	58709763	0	1.738253e-04	4.869517e-05	1
19	rs73056279	58726998	0	-3.372309e-04	-8.956280e-05	1
19	rs73056286	58750550	0	-6.460814e-05	-1.595488e-05	1
19	rs73056388	58584525	0	1.436945e-03	3.159546e-04	1
19	rs73058504	58589515	0	3.108683e-04	4.490021e-05	1
19	rs73060214	58846001	0	-1.060916e-03	-3.842516e-04	1
19	rs73060254	58899245	0	7.206112e-05	1.954817e-05	1
19	rs73060258	58902954	0	6.113456e-04	1.129881e-04	1
19	rs73060293	58923050	0	-1.113795e-04	-1.906873e-05	1
19	rs73062110	58936642	0	3.941982e-05	6.808660e-06	1
19	rs73064225	58974378	0	4.629983e-05	7.079151e-06	1
19	rs73064302	58994588	0	4.487212e-04	8.677226e-05	1
19	rs73066206	58995042	0	5.056012e-06	7.740409e-07	1
19	rs73066211	58997079	0	4.837127e-04	9.239207e-05	1
19	rs73066226	59008213	0	2.844589e-04	5.274981e-05	1
19	rs73066228	59013196	0	1.023594e-04	1.848925e-05	1
19	rs73066236	59027481	0	-1.797834e-03	-8.740944e-04	1
19	rs73066244	59033153	0	-7.438996e-06	-1.103874e-06	1
19	rs73066245	59038884	0	1.009381e-04	2.272275e-05	1
19	rs73066251	59050356	3	7.266441e-04	1.176574e-04	1
19	rs73068312	59054288	0	2.274497e-04	3.376186e-05	1
19	rs73068321	59072020	0	1.006134e-04	1.492283e-05	1
19	rs73068325	59079096	0	-1.779832e-04	-3.121395e-05	1
19	rs73068327	59079334	0	1.525209e-05	2.255759e-06	1
19	rs73068329	59080325	0	-1.779832e-04	-3.121395e-05	1
19	rs73068335	59089308	0	-1.779832e-04	-3.121395e-05	1
19	rs73068339	59090263	0	4.847150e-05	7.133839e-06	1
19	rs73068342	59091717	0	4.847150e-05	7.133837e-06	1
19	rs73071847	58548748	0	1.801020e-04	3.226337e-05	1
19	rs731259	58989424	0	3.158159e-04	5.938143e-05	1
19	rs731835	58898436	0	-1.845744e-03	-4.639510e-04	1
19	rs734379	58899182	0	-1.639616e-03	-3.472544e-04	1
19	rs734380	58898963	0	6.760670e-04	9.717374e-05	1
19	rs735278	59083594	0	1.303003e-04	1.958596e-05	1
19	rs735507	58720360	0	1.184931e-03	2.564471e-04	1
19	rs73562704	59073613	0	6.691989e-04	1.644630e-04	1
19	rs73566790	58743866	0	-2.014657e-04	-4.576989e-05	1
19	rs73570604	58810827	0	-4.610132e-04	-9.942035e-05	1
19	rs73570633	58828121	0	-5.067237e-04	-1.210991e-04	1
19	rs73570653	58832874	0	-5.426976e-04	-1.291870e-04	1
19	rs73570658	58834522	0	-3.346842e-04	-7.712878e-05	1
19	rs73570691	58841364	0	-1.696527e-04	-3.970945e-05	1
19	rs73570694	58841515	0	-8.362446e-05	-1.999515e-05	1
19	rs73572621	58845441	0	-1.696527e-04	-3.970945e-05	1
19	rs73572630	58847132	0	-1.043059e-04	-2.423110e-05	1
19	rs73572641	58852541	0	-1.827770e-05	-4.347810e-06	1
19	rs7359845	58831819	0	-5.893312e-04	-1.415477e-04	1
19	rs7359922	58830261	0	-7.701620e-04	-1.944117e-04	1
19	rs73939627	58848734	0	-9.926709e-05	-2.313148e-05	1
19	rs7408188	58939389	0	-2.077679e-04	-2.919857e-05	1
19	rs7409473	58939165	0	-2.077679e-04	-2.919857e-05	1
19	rs74357328	58550617	0	-3.720473e-05	-1.009253e-05	1
19	rs74414988	58524349	0	2.423723e-04	5.355541e-05	1
19	rs74496797	58749776	0	3.893665e-04	9.701566e-05	1
19	rs74625788	58757001	0	3.893665e-04	9.701566e-05	1
19	rs74733770	59027672	0	2.827384e-05	7.527296e-06	1
19	rs74815034	58658965	1	1.030034e-03	2.254729e-04	1
19	rs74831398	58919814	0	2.307211e-05	6.348291e-06	1
19	rs75072205	58755366	0	3.893665e-04	9.701566e-05	1
19	rs7507609	58611111	0	3.893064e-04	5.815910e-05	1
19	rs7508106	58876115	0	-2.987807e-04	-7.312508e-05	1
19	rs751745	58722129	0	-2.789445e-04	-7.288410e-05	1
19	rs75196460	58952297	0	-2.825331e-04	-7.941106e-05	1
19	rs75217180	59055112	0	-4.538198e-04	-1.058868e-04	1
19	rs753530	58632768	0	8.736730e-04	1.734344e-04	1
19	rs75597	58720236	0	-1.703103e-04	-3.696921e-05	1
19	rs75672965	59063157	0	7.273364e-04	2.223933e-04	1
19	rs75814085	58993994	0	-5.925056e-04	-1.607592e-04	1
19	rs75904835	58810044	0	5.091625e-04	1.427856e-04	1
19	rs75999937	58924419	0	-1.155904e-05	-3.212851e-06	1
19	rs76652149	58524660	0	2.423723e-04	5.355540e-05	1
19	rs76783065	59075668	0	2.030904e-04	5.483300e-05	1
19	rs76795181	58684319	0	-1.972516e-05	-5.481840e-06	1
19	rs76798942	58653114	0	-4.816567e-04	-9.164516e-05	1
19	rs76938992	58877357	0	-3.740429e-05	-1.029373e-05	1
19	rs76958646	58562357	0	-5.534340e-04	-1.541899e-04	1
19	rs76963345	58743142	0	-3.524160e-04	-9.094094e-05	1
19	rs77101457	59076912	0	9.012136e-04	2.531489e-04	1
19	rs77140992	58521189	0	2.423723e-04	5.355540e-05	1
19	rs77193614	58820450	0	-2.898740e-05	-6.101875e-06	1
19	rs77222313	58533610	0	1.742928e-04	3.815950e-05	1
19	rs77235242	58929230	0	6.677580e-05	1.876539e-05	1
19	rs77262558	58684431	0	-6.536721e-05	-1.757864e-05	1
19	rs77358356	59065154	0	2.030904e-04	5.483300e-05	1
19	rs77377117	58742665	0	4.120643e-04	1.125321e-04	1
19	rs77498029	58993254	0	3.085517e-04	5.803958e-05	1
19	rs77537775	59083268	0	3.528081e-04	1.013835e-04	1
19	rs77659740	59056991	0	8.736043e-04	2.701794e-04	1
19	rs77688534	59043748	0	9.855734e-04	3.297915e-04	1
19	rs77755501	58915005	0	8.263656e-04	2.527856e-04	1
19	rs77999299	59095570	0	9.864778e-04	3.302483e-04	1
19	rs78202231	58668413	0	-3.094559e-04	-8.735264e-05	1
19	rs78282402	59008259	0	-1.895169e-04	-5.109885e-05	1
19	rs78282479	58682941	0	3.395962e-04	8.325612e-05	1
19	rs78293168	58755872	0	3.893665e-04	9.701566e-05	1
19	rs78397785	59080070	0	9.864778e-04	3.302483e-04	1
19	rs78560062	58662212	0	-3.624502e-04	-6.787404e-05	1
19	rs78604285	58712758	0	7.212792e-04	2.164633e-04	1
19	rs78664025	58695007	0	2.860529e-04	7.602580e-05	1
19	rs78968038	58658294	0	8.016206e-04	1.362482e-04	1
19	rs7910	59093464	0	-4.627614e-04	-6.494374e-05	1
19	rs79132177	58701780	0	4.763751e-04	1.190645e-04	1
19	rs79135878	58642383	0	-3.085855e-04	-8.666178e-05	1
19	rs79192210	58561312	0	-2.565449e-04	-6.978265e-05	1
19	rs79208032	58556652	0	2.561135e-05	4.656329e-06	1
19	rs79222418	58664418	0	9.004777e-04	2.072380e-04	1
19	rs79259289	58752257	0	1.337808e-03	3.585842e-04	1
19	rs79282983	58898840	0	-1.532623e-03	-5.775205e-04	1
19	rs79287592	58789765	0	1.008520e-03	3.305848e-04	1
19	rs79428816	58834505	0	2.404391e-04	6.855529e-05	1
19	rs79463936	58755254	0	3.893665e-04	9.701567e-05	1
19	rs79481083	58820403	0	1.627805e-04	3.521616e-05	1
19	rs79562691	58745897	0	2.215399e-04	6.301699e-05	1
19	rs79639614	59070578	0	-1.645930e-04	-3.654349e-05	1
19	rs79894507	58699453	0	7.212792e-04	2.164633e-04	1
19	rs79955355	58665816	0	4.759987e-04	1.342681e-04	1
19	rs80090318	58702017	0	4.763751e-04	1.190645e-04	1
19	rs80153933	58526696	0	-3.101740e-04	-6.700554e-05	1
19	rs80298408	58807275	0	2.567751e-04	6.984530e-05	1
19	rs80320621	58816329	0	2.689252e-04	5.810197e-05	1
19	rs80330258	59010439	0	-8.598469e-05	-2.262073e-05	1
19	rs8099852	58895221	0	-2.381362e-03	-8.203096e-04	1
19	rs8100253	59087479	0	7.096504e-04	1.721469e-04	1
19	rs8100259	58932360	0	2.367484e-04	3.766365e-05	1
19	rs8100276	58534236	0	8.850455e-04	2.123245e-04	1
19	rs8100534	58534484	0	9.006761e-04	2.183963e-04	1
19	rs8100738	58581904	0	2.455119e-04	3.532601e-05	1
19	rs8100801	58892060	0	-6.846878e-04	-1.735111e-04	1
19	rs8101391	58892524	0	-3.392550e-04	-8.354858e-05	1
19	rs8102157	58589599	0	1.363487e-03	2.795664e-04	1
19	rs8102402	58892672	0	-3.767025e-04	-9.214106e-05	1
19	rs8102457	58926008	0	2.408064e-04	3.735319e-05	1
19	rs8102541	59091380	1	-1.718554e-04	-2.393878e-05	1
19	rs8103813	59072684	0	-3.644318e-04	-6.523791e-05	1
19	rs8103853	58577762	0	1.180145e-03	2.264153e-04	1
19	rs8104061	58795986	0	2.893651e-04	4.564499e-05	1
19	rs8104221	58905109	0	-3.207131e-04	-4.970119e-05	1
19	rs8104276	58603983	0	-7.290548e-04	-1.372613e-04	1
19	rs8105044	58796805	0	4.378082e-05	6.135276e-06	1
19	rs8105799	58761585	0	9.055881e-04	1.419044e-04	1
19	rs8105906	58791636	0	1.084269e-03	3.627476e-04	1
19	rs8105935	58821088	0	1.225617e-05	2.579392e-06	1
19	rs8106345	58888317	0	-1.321867e-03	-2.415619e-04	1
19	rs8106379	59094136	0	6.340187e-04	1.542538e-04	1
19	rs8106477	58888441	0	-7.446672e-04	-1.139945e-04	1
19	rs8107581	58809154	0	-1.478845e-03	-2.924912e-04	1
19	rs8107931	58636461	0	6.774676e-04	1.294033e-04	1
19	rs8108238	58757968	0	3.893665e-04	9.701567e-05	1
19	rs8108371	58730394	0	-5.384494e-04	-1.381981e-04	1
19	rs8108493	58730489	0	-3.080186e-04	-7.749453e-05	1
19	rs8109093	58833871	0	-5.893312e-04	-1.415477e-04	1
19	rs8109275	58629878	0	8.309830e-04	1.641858e-04	1
19	rs8109359	58629914	0	8.309830e-04	1.641858e-04	1
19	rs8109471	58621794	0	6.397826e-04	1.223515e-04	1
19	rs8109694	58621307	0	4.440426e-04	8.511396e-05	1
19	rs8109925	58623323	0	6.397826e-04	1.223514e-04	1
19	rs8109932	58903466	0	-1.669656e-03	-3.526587e-04	1
19	rs8109937	58584643	0	2.455119e-04	3.532601e-05	1
19	rs8110117	58600626	0	3.725253e-04	6.781797e-05	1
19	rs8110135	58998464	0	-5.681046e-04	-8.801250e-05	1
19	rs8110249	58824237	0	-7.286279e-04	-1.813408e-04	1
19	rs8110595	59095126	0	-9.754056e-05	-1.360477e-05	1
19	rs8110941	58824163	0	-7.179376e-04	-1.786100e-04	1
19	rs8111222	58750413	0	8.254182e-04	1.276570e-04	1
19	rs8111238	58667076	0	9.738538e-04	1.744273e-04	1
19	rs8111301	58750326	0	3.893665e-04	9.701568e-05	1
19	rs8111498	58749994	0	2.830777e-04	6.802162e-05	1
19	rs8112286	58752391	0	4.239410e-04	1.049046e-04	1
19	rs8112340	58759679	0	3.136602e-04	7.685519e-05	1
19	rs8112556	58886459	0	-2.642871e-04	-6.272575e-05	1
19	rs8113810	58932106	0	-3.307449e-04	-4.667091e-05	1
19	rs873104	59065952	0	4.847150e-05	7.133768e-06	1
19	rs877796	58753615	0	5.604513e-04	1.387107e-04	1
19	rs877797	58753649	0	3.893665e-04	9.701567e-05	1
19	rs880162	59013134	0	-3.069151e-04	-4.852179e-05	1
19	rs882609	58991479	0	-2.013785e-04	-2.763286e-05	1
19	rs882610	58991900	0	-5.426635e-04	-8.337076e-05	1
19	rs889158	58601981	0	6.092669e-04	9.611998e-05	1
19	rs889159	58584522	0	2.455119e-04	3.532601e-05	1
19	rs889160	58584434	0	1.511909e-03	3.313194e-04	1
19	rs889161	58584324	0	1.801362e-04	2.585522e-05	1
19	rs893179	58899056	0	-1.286842e-03	-2.270451e-04	1
19	rs893180	58865091	0	1.540132e-04	3.532941e-05	1
19	rs893181	58865082	0	1.540132e-04	3.532941e-05	1
19	rs893182	58865068	0	1.540132e-04	3.532941e-05	1
19	rs893183	58865054	0	1.540132e-04	3.532941e-05	1
19	rs893184	58864479	0	1.005208e-04	2.321080e-05	1
19	rs893185	58989495	0	-1.021426e-04	-1.395209e-05	1
19	rs893186	58969179	0	-2.844842e-04	-3.966642e-05	1
19	rs893187	58963018	0	9.874995e-05	1.538610e-05	1
19	rs893188	58962958	0	3.464238e-04	5.468767e-05	1
19	rs895374	59066918	0	-8.383669e-05	-1.174069e-05	1
19	rs918544	58620103	0	6.018912e-04	1.139787e-04	1
19	rs918545	58620068	0	6.018912e-04	1.139787e-04	1
19	rs922929	58734596	0	2.735542e-05	5.937786e-06	1
19	rs922931	58734749	0	5.745292e-05	1.244715e-05	1
19	rs9304813	58931557	0	1.698791e-04	2.383877e-05	1
19	rs9304814	58951811	0	1.860013e-04	2.636598e-05	1
19	rs933670	58619847	0	-7.909035e-06	-1.626148e-06	1
19	rs9636162	59019452	0	-9.366185e-04	-2.982499e-04	1
19	rs9676281	58756728	0	2.723072e-04	6.750336e-05	1
19	rs9676287	58756655	0	3.893665e-04	9.701568e-05	1
19	rs9676487	58756869	0	2.723072e-04	6.750336e-05	1
19	rs971711	58632872	0	4.924807e-04	9.448911e-05	1
19	rs9749456	58882192	0	-1.560325e-03	-3.197890e-04	1
19	rs975947	58898193	0	6.750062e-04	9.736113e-05	1
19	rs9797792	59019531	0	-3.216468e-05	-5.113888e-06	1
19	rs9941466	58945962	0	-5.633266e-04	-1.521926e-04	1
