chr	rs	ps	n_miss	b	beta	gamma
16	rs10083738	29927702	0	-3.744527e-04	-4.586599e-05	1
16	rs10163301	29149596	0	-2.745609e-04	-4.318662e-05	1
16	rs10204	29826538	0	-1.744203e-04	-2.510739e-05	1
16	rs10445105	29999488	0	4.320131e-04	9.149259e-05	1
16	rs1045968	29826365	0	4.120626e-04	6.464597e-05	1
16	rs10499	28915527	0	4.506771e-04	6.023181e-05	1
16	rs1050881	29675928	0	2.481167e-04	4.766186e-05	1
16	rs10521145	28596884	0	-2.657438e-04	-4.455264e-05	1
16	rs1057451	29833488	0	2.736995e-04	3.993338e-05	1
16	rs1057452	29833714	0	6.201044e-04	1.059299e-04	1
16	rs1059491	28603655	0	6.471819e-05	8.085832e-06	1
16	rs1074629	28554148	0	3.124425e-05	6.320427e-06	1
16	rs1074631	28554108	0	-7.975168e-05	-1.002704e-05	1
16	rs10797300	28607196	0	-2.657438e-04	-4.455264e-05	1
16	rs10871449	29652488	0	-3.451829e-05	-4.402099e-06	1
16	rs10871451	29986205	0	-2.673090e-04	-3.300775e-05	1
16	rs10871481	29284112	0	-1.376714e-04	-1.731939e-05	1
16	rs11074908	28608356	0	-3.781266e-04	-6.478042e-05	1
16	rs11074911	28583865	0	4.333794e-05	5.414800e-06	1
16	rs1109520	29190758	0	5.870972e-04	8.213902e-05	1
16	rs1109521	29190753	0	5.870972e-04	8.213902e-05	1
16	rs111265045	30373233	0	-8.313997e-04	-1.481622e-04	1
16	rs11150561	29644794	0	7.721099e-05	9.902663e-06	1
16	rs11150563	29662903	0	-1.179276e-03	-2.054566e-04	1
16	rs11150564	29666736	0	-8.698573e-04	-1.283705e-04	1
16	rs11150574	29934819	0	-3.744527e-04	-4.586597e-05	1
16	rs11150575	29935066	1	-4.295558e-04	-5.335398e-05	1
16	rs11150576	29965496	0	-5.331602e-05	-6.490099e-06	1
16	rs11150577	29986525	0	-1.142407e-04	-1.400341e-05	1
16	rs11150579	30000330	0	-5.331602e-05	-6.490084e-06	1
16	rs11150580	30014564	0	-2.619094e-05	-3.174284e-06	1
16	rs11150581	30030699	0	-3.952909e-04	-5.110374e-05	1
16	rs11150582	30034127	0	5.221762e-04	8.753474e-05	1
16	rs11150583	30034189	0	-8.532493e-05	-1.018588e-05	1
16	rs11150585	30184286	0	2.483477e-03	1.582011e-03	1
16	rs11150586	30420851	0	1.039901e-03	1.797467e-04	1
16	rs11150609	28870596	0	-1.356601e-04	-1.694045e-05	1
16	rs11150623	28881001	0	-8.151391e-04	-1.241957e-04	1
16	rs11150675	28980531	0	7.417239e-04	1.101672e-04	1
16	rs11150696	29142826	0	-3.954154e-04	-6.580408e-05	1
16	rs11150712	29243047	0	-7.520713e-04	-1.175243e-04	1
16	rs11150713	29282753	0	-1.572998e-04	-2.253953e-05	1
16	rs111688805	30448522	0	-1.142187e-03	-2.932012e-04	1
16	rs111693583	28583610	0	6.013090e-05	7.482925e-06	1
16	rs111720341	28522590	0	-6.361246e-04	-1.378671e-04	1
16	rs111820348	28645127	0	4.623752e-04	6.527467e-05	1
16	rs111875922	28562479	0	6.016450e-05	1.283238e-05	1
16	rs112047757	28590862	0	7.126204e-05	8.859972e-06	1
16	rs112128999	29264813	0	4.491798e-04	7.173232e-05	1
16	rs112131656	29764539	0	-1.606548e-04	-2.268926e-05	1
16	rs112165220	29408955	0	-2.824684e-04	-5.605539e-05	1
16	rs112191041	28583362	0	6.013090e-05	7.482933e-06	1
16	rs112194055	30120942	0	8.084728e-04	2.091800e-04	1
16	rs112201399	29690177	0	6.247110e-04	1.424692e-04	1
16	rs112265026	29809181	0	6.413371e-06	1.227752e-06	1
16	rs112294239	30052868	0	1.442218e-04	2.825950e-05	1
16	rs112366001	28561785	1	8.832868e-05	1.094075e-05	1
16	rs112400041	29669780	0	-6.530223e-05	-1.181446e-05	1
16	rs112414374	30353586	0	4.523245e-04	8.360833e-05	1
16	rs112484223	29764728	0	-1.198098e-04	-1.674240e-05	1
16	rs112498248	29259987	0	3.224584e-04	5.140265e-05	1
16	rs112517029	28567754	0	-3.552846e-04	-7.094818e-05	1
16	rs112533759	30003756	0	1.140564e-04	2.286715e-05	1
16	rs112549897	29832950	0	2.332357e-04	4.681817e-05	1
16	rs112565029	30102391	0	-2.520391e-04	-5.300228e-05	1
16	rs112600506	29004363	0	-3.619588e-05	-6.727422e-06	1
16	rs112625256	29314477	0	1.660603e-04	2.851741e-05	1
16	rs112652568	29412437	0	-3.913796e-04	-7.932483e-05	1
16	rs112780074	29150174	0	3.971208e-04	6.731091e-05	1
16	rs112831778	28590989	0	7.610841e-06	9.575501e-07	1
16	rs1129003	30017283	0	2.152867e-04	3.864481e-05	1
16	rs112918513	29230177	0	-6.756376e-05	-1.192938e-05	1
16	rs1129700	29918034	0	-5.717623e-04	-7.745394e-05	1
16	rs112997245	30010353	0	2.617645e-04	4.678189e-05	1
16	rs113029997	28825100	0	-2.301347e-04	-2.891888e-05	1
16	rs113072320	30187226	0	8.488197e-04	1.833923e-04	1
16	rs113079736	28860183	0	-1.356601e-04	-1.694042e-05	1
16	rs113100612	29222962	0	-8.777993e-05	-1.162081e-05	1
16	rs113118899	29296414	0	-5.366664e-04	-9.194106e-05	1
16	rs113137773	29753314	0	5.596487e-04	9.572378e-05	1
16	rs113145245	29278701	0	-5.267372e-06	-7.688075e-07	1
16	rs1131543	28997997	0	-7.527157e-05	-9.403132e-06	1
16	rs113208333	28606160	0	3.508208e-05	4.370437e-06	1
16	rs113223003	29765012	0	4.838713e-04	7.995658e-05	1
16	rs1133238	30455458	0	9.572340e-05	1.850144e-05	1
16	rs113376800	29736698	0	1.395258e-04	2.094472e-05	1
16	rs113378736	29294130	0	-5.267372e-06	-7.688054e-07	1
16	rs113389983	29285085	0	-5.267372e-06	-7.688032e-07	1
16	rs11344	29910518	0	-1.277640e-03	-2.457950e-04	1
16	rs113443718	29892184	0	-1.464511e-03	-3.547480e-04	1
16	rs113458503	28973267	0	3.527384e-04	4.362427e-05	1
16	rs1134700	29709777	0	3.516100e-04	5.650740e-05	1
16	rs113478212	29596230	0	-1.863774e-04	-3.963258e-05	1
16	rs113592099	29751483	0	-1.301643e-04	-1.855237e-05	1
16	rs113753753	29891206	0	1.895382e-04	4.063638e-05	1
16	rs1137843	28977713	0	6.336168e-04	8.993205e-05	1
16	rs113826909	29747901	0	2.356038e-04	3.682815e-05	1
16	rs113834633	29662778	0	-1.899841e-04	-4.042127e-05	1
16	rs11401	28602991	0	-3.253731e-04	-5.091994e-05	1
16	rs1140239	30021402	0	-3.143878e-04	-4.020792e-05	1
16	rs114588746	30053597	0	1.178142e-04	2.175458e-05	1
16	rs114956645	28830288	0	1.170079e-04	2.238018e-05	1
16	rs115014474	28516823	0	3.633987e-05	6.799025e-06	1
16	rs11544328	30037128	0	-1.844188e-04	-2.212835e-05	1
16	rs11546678	29827681	0	4.324333e-04	8.304369e-05	1
16	rs11547490	28975662	0	2.527384e-04	5.350571e-05	1
16	rs115518563	30055603	0	2.387853e-04	4.515106e-05	1
16	rs115616784	29000446	0	7.892783e-04	1.191904e-04	1
16	rs11569775	28607526	0	3.085446e-04	6.248363e-05	1
16	rs11574550	29673970	0	-1.725299e-04	-2.965484e-05	1
16	rs11574551	29673995	0	-1.858411e-04	-3.228603e-05	1
16	rs115777649	29344781	0	-1.465759e-04	-2.965378e-05	1
16	rs116286717	29275779	0	1.174430e-04	1.852765e-05	1
16	rs11639897	28952638	0	1.672537e-04	2.130144e-05	1
16	rs11640105	29158075	0	-1.920041e-04	-2.422987e-05	1
16	rs11640805	29160996	0	-1.088506e-04	-1.377112e-05	1
16	rs11640950	30426001	0	-6.596716e-04	-1.079467e-04	1
16	rs11641216	28893532	0	-1.356601e-04	-1.694039e-05	1
16	rs11641378	29190130	0	5.870972e-04	8.213903e-05	1
16	rs11641732	29154294	0	-1.508927e-04	-1.902369e-05	1
16	rs11641843	29154548	0	-5.761785e-06	-7.239068e-07	1
16	rs11641853	28589719	0	-3.564714e-04	-6.153811e-05	1
16	rs11641922	29662638	0	-1.266324e-03	-2.326775e-04	1
16	rs11642046	29993108	0	-3.401186e-04	-4.254075e-05	1
16	rs11642399	30059593	0	-1.797799e-04	-2.142988e-05	1
16	rs11642430	30045789	0	-3.952909e-04	-5.110347e-05	1
16	rs11642449	28896015	0	-2.409496e-04	-3.065716e-05	1
16	rs11642612	30030195	0	-3.952909e-04	-5.110346e-05	1
16	rs11642638	28984945	0	7.823338e-04	1.182518e-04	1
16	rs11642676	30371655	0	-1.026987e-03	-1.826869e-04	1
16	rs11642692	29190237	0	5.870972e-04	8.213904e-05	1
16	rs11642720	29157143	0	-1.920041e-04	-2.422986e-05	1
16	rs11642727	28974240	0	7.417239e-04	1.101671e-04	1
16	rs11642740	30060655	0	-7.707999e-04	-1.120584e-04	1
16	rs11642837	29165747	0	-1.668320e-04	-2.106152e-05	1
16	rs11642933	29946708	0	-4.083230e-04	-5.063206e-05	1
16	rs11643582	29654705	0	-1.779175e-04	-2.273308e-05	1
16	rs11644151	28895660	0	-4.875913e-04	-6.956369e-05	1
16	rs11644176	29158254	0	-4.587563e-06	-5.747030e-07	1
16	rs11644273	29132010	0	8.517030e-05	1.062526e-05	1
16	rs11644442	29153897	0	-2.434828e-04	-3.113428e-05	1
16	rs11644459	30095236	0	-4.591486e-04	-5.762163e-05	1
16	rs11644622	29154350	0	-4.921340e-05	-6.217315e-06	1
16	rs11644791	28601186	0	-2.657438e-04	-4.455260e-05	1
16	rs11645118	29194175	0	5.212874e-04	7.156369e-05	1
16	rs11645143	28893409	6	-5.815174e-04	-7.956371e-05	1
16	rs11645306	28983936	0	3.986919e-04	5.438347e-05	1
16	rs11645581	30351624	0	-1.435998e-03	-3.388658e-04	1
16	rs11646118	29926471	0	-5.673221e-04	-1.167806e-04	1
16	rs11646127	29966277	0	-3.256830e-04	-4.073427e-05	1
16	rs11646130	30376959	0	-1.007806e-03	-1.772303e-04	1
16	rs11646140	29155480	0	3.652386e-05	4.617781e-06	1
16	rs11646318	29265508	0	1.273521e-04	2.037264e-05	1
16	rs11646576	29145862	0	6.923102e-05	8.700274e-06	1
16	rs11646653	28922149	0	4.087796e-04	5.434216e-05	1
16	rs11647753	29928115	0	-8.793601e-05	-1.059492e-05	1
16	rs11647881	28606173	0	-3.564714e-04	-6.153809e-05	1
16	rs11647900	29292055	0	-9.146935e-04	-2.475596e-04	1
16	rs11648430	29022557	0	3.119136e-04	3.802602e-05	1
16	rs11648675	29780731	0	-6.010818e-04	-8.324041e-05	1
16	rs11648963	29214950	0	7.819290e-04	1.186025e-04	1
16	rs11649149	30008644	0	1.176135e-04	1.393902e-05	1
16	rs11649274	30026469	0	-3.314376e-04	-4.233182e-05	1
16	rs11649499	29908433	0	-8.504314e-04	-1.656508e-04	1
16	rs11649612	29946670	0	-4.083230e-04	-5.063199e-05	1
16	rs11649671	29328594	0	-3.711749e-05	-7.940834e-06	1
16	rs116878064	30063549	0	5.908022e-04	1.285649e-04	1
16	rs116922328	29965785	0	8.140101e-04	1.970896e-04	1
16	rs117075401	29614830	0	3.200968e-04	6.580269e-05	1
16	rs117075874	28606423	0	1.100827e-04	2.160814e-05	1
16	rs117077416	29971913	0	1.273001e-04	2.546862e-05	1
16	rs117079286	28906666	0	4.601513e-04	9.499230e-05	1
16	rs117106225	30460283	0	-1.710612e-04	-3.562419e-05	1
16	rs1171214	29257432	0	-5.517335e-05	-9.826174e-06	1
16	rs117198781	28523937	0	-1.234821e-05	-2.359489e-06	1
16	rs117266893	29276374	0	6.260173e-04	1.265574e-04	1
16	rs117267704	30394926	0	1.369817e-04	2.951607e-05	1
16	rs117310634	29285034	0	6.260173e-04	1.265574e-04	1
16	rs117313280	28651893	0	2.667681e-04	3.602011e-05	1
16	rs117383236	29939177	0	-2.192221e-04	-4.313093e-05	1
16	rs117388875	29207035	0	1.838684e-04	3.621494e-05	1
16	rs117400114	29356326	0	-7.491815e-05	-1.483187e-05	1
16	rs117417282	29137508	0	4.434670e-04	9.668244e-05	1
16	rs117470737	28581727	0	-2.429710e-04	-5.100386e-05	1
16	rs117472293	29172837	0	1.838684e-04	3.621494e-05	1
16	rs117475154	28822819	0	-1.914810e-04	-3.956070e-05	1
16	rs117481765	28492306	0	3.139565e-04	6.644317e-05	1
16	rs117527829	30106982	0	7.247034e-05	1.540697e-05	1
16	rs117562643	29313383	0	-2.267765e-04	-4.593107e-05	1
16	rs117580044	28859861	0	2.856778e-04	5.710314e-05	1
16	rs117590634	29934113	0	2.298894e-04	4.740978e-05	1
16	rs117673009	29971781	0	7.014052e-05	1.457395e-05	1
16	rs117718914	29265493	0	1.350041e-04	2.759280e-05	1
16	rs117782601	29613511	0	9.703275e-07	1.779998e-07	1
16	rs117841027	28885725	0	1.641992e-04	3.521495e-05	1
16	rs117870157	29316133	0	5.169883e-05	1.050370e-05	1
16	rs117898009	28838018	0	2.756934e-04	5.463831e-05	1
16	rs117905809	29246098	0	1.608047e-04	3.394389e-05	1
16	rs118024944	28978833	0	-7.689150e-06	-1.597061e-06	1
16	rs118027139	29963812	0	-2.131761e-04	-4.039751e-05	1
16	rs118040062	29314466	0	5.169883e-05	1.050370e-05	1
16	rs118058081	29860299	0	1.098550e-04	2.351201e-05	1
16	rs118058279	28539519	0	5.862490e-05	1.187162e-05	1
16	rs118064647	28558444	0	5.932697e-05	1.241236e-05	1
16	rs118134830	28552552	0	1.100827e-04	2.160814e-05	1
16	rs11859512	28871853	0	-1.356601e-04	-1.694035e-05	1
16	rs11859871	29835440	0	2.736995e-04	3.993347e-05	1
16	rs11859981	29138143	0	-3.954154e-04	-6.580406e-05	1
16	rs11860294	29273758	0	-1.061236e-04	-1.330188e-05	1
16	rs11860513	28825420	0	-2.301347e-04	-2.891879e-05	1
16	rs11860782	29989739	0	3.378791e-04	6.504118e-05	1
16	rs11860935	30080780	0	1.471131e-04	2.746292e-05	1
16	rs11861040	29301166	0	3.868596e-05	5.394636e-06	1
16	rs11861132	28871860	0	-1.356601e-04	-1.694034e-05	1
16	rs11861174	28871989	0	-1.356601e-04	-1.694033e-05	1
16	rs11861297	29298364	0	1.395794e-04	1.943713e-05	1
16	rs11861511	29113641	0	-4.415617e-04	-7.428331e-05	1
16	rs11861842	30094180	0	8.629017e-05	1.593828e-05	1
16	rs11862055	29733712	0	2.084943e-04	3.152746e-05	1
16	rs11862091	29273501	0	-2.236138e-04	-2.825621e-05	1
16	rs11862099	29338534	0	-1.164552e-04	-2.384368e-05	1
16	rs11862319	29298280	0	1.395794e-04	1.943713e-05	1
16	rs11862691	30187851	0	1.501859e-04	2.472113e-05	1
16	rs11862806	30364071	0	-1.645808e-03	-4.417038e-04	1
16	rs11863083	30100789	0	2.375727e-04	4.385959e-05	1
16	rs11863129	30095492	0	8.629017e-05	1.593828e-05	1
16	rs11863145	29272255	0	-2.020645e-04	-2.552542e-05	1
16	rs11863150	30385503	0	1.471925e-03	3.361475e-04	1
16	rs11863174	30019375	0	3.006924e-04	3.619132e-05	1
16	rs11863286	29272644	0	-2.020645e-04	-2.552542e-05	1
16	rs11863370	28879484	0	-7.107733e-05	-8.830658e-06	1
16	rs11863619	29134064	0	-3.404739e-04	-5.601876e-05	1
16	rs11863731	29848932	0	4.429480e-04	6.991190e-05	1
16	rs11863734	29848946	0	3.078692e-04	4.515668e-05	1
16	rs11863748	29835588	0	4.242899e-04	6.690854e-05	1
16	rs11864107	28885931	0	-1.356601e-04	-1.694033e-05	1
16	rs11864149	29999225	0	3.378791e-04	6.504116e-05	1
16	rs11864180	29830829	0	4.120626e-04	6.464613e-05	1
16	rs11864422	29268820	0	-4.434191e-05	-5.415106e-06	1
16	rs11864642	30084276	0	8.629017e-05	1.593827e-05	1
16	rs11864750	28875204	0	-1.356601e-04	-1.694032e-05	1
16	rs11865101	29288501	0	-2.147562e-04	-2.737303e-05	1
16	rs11865379	29274056	0	-1.061236e-04	-1.330187e-05	1
16	rs11865525	29244432	0	1.852782e-04	2.837872e-05	1
16	rs11865661	29296666	0	-2.369506e-04	-3.015256e-05	1
16	rs11865711	29118679	0	-1.908139e-04	-3.184158e-05	1
16	rs11865716	30164488	0	2.056210e-03	7.351123e-04	1
16	rs11866084	30012922	0	1.559833e-04	2.826746e-05	1
16	rs11867026	30079450	0	8.629017e-05	1.593824e-05	1
16	rs11901	29984070	0	-1.142407e-04	-1.400296e-05	1
16	rs12050928	28982517	0	-8.859838e-05	-1.105356e-05	1
16	rs12102320	30178516	0	2.483477e-03	1.581994e-03	1
16	rs12102648	29105470	0	-4.127826e-04	-6.091871e-05	1
16	rs12102943	29014309	0	2.618392e-04	3.675369e-05	1
16	rs12148998	29085164	0	3.680952e-04	7.340367e-05	1
16	rs12325014	28860237	0	-1.356601e-04	-1.694026e-05	1
16	rs12325113	28848668	0	-2.457582e-04	-3.106294e-05	1
16	rs12325239	29894662	0	-4.684989e-05	-9.089525e-06	1
16	rs12325278	28848818	0	-1.356601e-04	-1.694025e-05	1
16	rs12325400	30023786	0	-2.415782e-04	-3.047877e-05	1
16	rs12325539	30033633	0	-5.060893e-04	-6.724624e-05	1
16	rs12373078	30187676	0	2.241017e-03	9.952775e-04	1
16	rs12373113	30187513	0	2.333291e-03	1.157900e-03	1
16	rs12443881	28841777	0	-2.457582e-04	-3.106292e-05	1
16	rs12444108	30027694	0	-6.685873e-04	-9.300198e-05	1
16	rs12444171	28845251	0	-1.356601e-04	-1.694023e-05	1
16	rs12444415	30118345	0	-1.019190e-04	-1.177796e-05	1
16	rs12444973	30107285	0	-3.985922e-04	-4.747568e-05	1
16	rs12444978	29924422	0	-3.161799e-04	-3.823248e-05	1
16	rs12445519	28606152	0	-2.928096e-04	-5.081149e-05	1
16	rs12445705	28609696	6	-5.701687e-04	-9.555934e-05	1
16	rs12445744	28588395	0	6.471819e-05	8.086146e-06	1
16	rs12445768	30089911	0	-5.421685e-04	-6.948221e-05	1
16	rs12445823	28588049	0	6.471819e-05	8.086149e-06	1
16	rs12445982	29982484	0	-5.331602e-05	-6.489237e-06	1
16	rs12446008	28644459	0	5.418207e-04	7.762142e-05	1
16	rs12446189	29011297	0	4.060334e-04	6.958199e-05	1
16	rs12446288	30388709	0	1.478758e-03	3.476053e-04	1
16	rs12446378	30043110	0	-1.844188e-04	-2.212785e-05	1
16	rs12446550	28543381	0	-7.391621e-05	-9.124816e-06	1
16	rs12446589	28870962	0	-2.688109e-04	-3.411966e-05	1
16	rs12447159	29610670	0	5.100477e-04	1.140991e-04	1
16	rs12447415	29682945	0	-3.045604e-04	-3.942628e-05	1
16	rs12447461	28582941	0	6.013090e-05	7.483189e-06	1
16	rs12447715	29152765	0	-2.269095e-04	-3.474081e-05	1
16	rs12447833	30390314	0	1.019709e-03	1.805467e-04	1
16	rs12447915	30089908	0	-5.157673e-04	-6.584455e-05	1
16	rs12448270	28541124	0	-4.065754e-05	-7.887529e-06	1
16	rs12448429	28588443	0	3.508208e-05	4.370681e-06	1
16	rs12448633	29400742	1	2.262319e-04	4.470678e-05	1
16	rs12448769	29672197	0	-9.734617e-04	-1.516841e-04	1
16	rs12449272	28962755	0	8.298813e-04	1.272660e-04	1
16	rs12596042	29934754	0	-3.260007e-04	-3.970056e-05	1
16	rs12596308	29691196	0	6.644075e-04	9.739546e-05	1
16	rs12596536	29402369	0	3.926120e-04	8.358663e-05	1
16	rs12596543	30029135	0	-1.107528e-05	-1.294053e-06	1
16	rs12596940	29692240	0	9.018948e-04	1.575549e-04	1
16	rs12597368	29645078	0	7.721099e-05	9.902407e-06	1
16	rs12597404	29152906	0	-2.434828e-04	-3.113432e-05	1
16	rs12597953	29189394	0	4.645994e-04	6.247667e-05	1
16	rs12598856	30029548	0	-6.253901e-04	-8.659986e-05	1
16	rs12599208	29153112	2	-5.258041e-05	-6.590539e-06	1
16	rs12599318	29692414	0	4.014332e-04	5.390173e-05	1
16	rs12691307	29939877	0	-5.704145e-04	-7.408716e-05	1
16	rs12716972	29936654	0	-5.209425e-04	-6.640774e-05	1
16	rs12716973	29937652	0	-3.189567e-04	-3.857279e-05	1
16	rs12716974	29944832	0	-4.083230e-04	-5.063119e-05	1
16	rs12716975	29950829	0	-1.492156e-04	-1.782849e-05	1
16	rs12717010	28957170	0	-5.364367e-04	-7.218014e-05	1
16	rs12851	30016977	0	3.153563e-04	6.021796e-05	1
16	rs12917712	29882490	0	-9.655664e-04	-1.595611e-04	1
16	rs12917921	29156976	0	-1.920041e-04	-2.422987e-05	1
16	rs12918652	29964357	0	-2.992818e-04	-3.739968e-05	1
16	rs12919022	30434509	0	4.494783e-04	9.157114e-05	1
16	rs12919058	28927818	0	2.720346e-04	3.311052e-05	1
16	rs12919612	29895303	0	-1.199731e-03	-2.117724e-04	1
16	rs12919683	29943367	0	-4.083230e-04	-5.063115e-05	1
16	rs12919889	29142372	0	-1.916594e-05	-2.392797e-06	1
16	rs12920185	30172025	0	1.501859e-04	2.472113e-05	1
16	rs12920514	28835900	0	-3.945468e-04	-5.470521e-05	1
16	rs12920760	29844279	0	4.429480e-04	6.991225e-05	1
16	rs12921440	30408765	0	1.008780e-03	1.646949e-04	1
16	rs12921608	29192526	0	4.982347e-04	6.761981e-05	1
16	rs12921723	30351842	1	-1.671108e-03	-4.930840e-04	1
16	rs12921753	30018720	0	-6.898967e-04	-9.769850e-05	1
16	rs12921944	29152340	0	-2.434828e-04	-3.113431e-05	1
16	rs12921996	30011618	0	-2.310880e-05	-2.799023e-06	1
16	rs12922100	30129936	0	1.593749e-04	3.149670e-05	1
16	rs12922496	29130999	0	-1.724245e-04	-2.174565e-05	1
16	rs12923163	28934139	0	-6.482936e-04	-9.134650e-05	1
16	rs12923394	29133896	0	3.902399e-05	4.865570e-06	1
16	rs12923534	30189297	0	1.393763e-04	2.296647e-05	1
16	rs12923643	28966835	0	7.697812e-07	1.544987e-07	1
16	rs12923760	29147462	0	-5.667417e-06	-7.111924e-07	1
16	rs12923886	29732022	0	4.276947e-04	9.424566e-05	1
16	rs12923895	29022380	0	5.277940e-05	6.174920e-06	1
16	rs12923999	29140410	0	-1.252272e-04	-2.684039e-05	1
16	rs12924041	29156139	0	-1.508927e-04	-1.902369e-05	1
16	rs12924167	29140524	0	-3.954154e-04	-6.580406e-05	1
16	rs12924622	30084052	0	-4.591486e-04	-5.762097e-05	1
16	rs12926100	30169472	0	1.501859e-04	2.472112e-05	1
16	rs12926138	29193056	0	5.212874e-04	7.156367e-05	1
16	rs12927033	29687168	0	6.116551e-04	8.945153e-05	1
16	rs12927190	30169393	0	2.199486e-03	9.365537e-04	1
16	rs12927318	29226741	0	-3.570762e-04	-4.871797e-05	1
16	rs12928404	28847246	0	-1.730574e-04	-2.048795e-05	1
16	rs12928610	30016022	0	-2.316298e-05	-2.723381e-06	1
16	rs12928632	29118255	0	2.309202e-04	2.871921e-05	1
16	rs12928754	29679989	0	3.069180e-04	4.005668e-05	1
16	rs12929333	29680389	0	6.622363e-04	9.885241e-05	1
16	rs12929818	29191328	0	5.870972e-04	8.213906e-05	1
16	rs12929826	29717884	0	-9.063430e-06	-1.257174e-06	1
16	rs12930146	29286610	0	-2.147562e-04	-2.737305e-05	1
16	rs12930239	29908777	0	-9.497769e-04	-1.482830e-04	1
16	rs12930787	30381303	0	-1.220794e-03	-2.453581e-04	1
16	rs12931589	28979297	0	1.765060e-04	2.171927e-05	1
16	rs12931955	30013066	0	2.497265e-04	2.977464e-05	1
16	rs12932023	29715852	0	6.074827e-04	1.412391e-04	1
16	rs12932306	29148307	0	-5.667417e-06	-7.111696e-07	1
16	rs12932310	29846133	0	5.077087e-04	8.280269e-05	1
16	rs12932680	29689845	0	7.852857e-04	1.726103e-04	1
16	rs12932691	29846729	0	6.374819e-04	1.096398e-04	1
16	rs12932818	29143427	0	-3.010124e-05	-5.581396e-06	1
16	rs12932957	29680256	0	3.069180e-04	4.005667e-05	1
16	rs12933229	29182190	0	-1.430064e-04	-1.822165e-05	1
16	rs12933498	29943459	0	-5.135149e-04	-6.544085e-05	1
16	rs12933548	29790709	0	9.881398e-04	2.401871e-04	1
16	rs12933575	30022564	0	-7.117777e-05	-8.442091e-06	1
16	rs12933766	29922011	0	-5.297594e-04	-7.065937e-05	1
16	rs12934200	29142415	0	2.698038e-05	3.372513e-06	1
16	rs12934920	28566933	0	-1.924043e-04	-3.298131e-05	1
16	rs12934948	29192289	0	3.694257e-04	4.878390e-05	1
16	rs12934960	28979263	0	1.765060e-04	2.171928e-05	1
16	rs12935265	29931028	0	7.852975e-05	1.663945e-05	1
16	rs12935321	28572021	0	-2.531859e-04	-4.361815e-05	1
16	rs12935500	30174984	0	1.501859e-04	2.472106e-05	1
16	rs12935701	30026748	0	-3.840349e-04	-4.947082e-05	1
16	rs12935834	29764461	1	-1.165736e-04	-1.639824e-05	1
16	rs13329884	29281054	0	-2.369506e-04	-3.015259e-05	1
16	rs13330019	29316224	0	4.921545e-04	7.558832e-05	1
16	rs13331170	28561982	0	-1.309839e-04	-1.682437e-05	1
16	rs13331487	28621679	0	1.424142e-04	2.860155e-05	1
16	rs13331691	28570050	0	-1.134822e-04	-2.193339e-05	1
16	rs13331733	29848417	0	4.429480e-04	6.991232e-05	1
16	rs13331798	29747291	0	2.117702e-04	3.135422e-05	1
16	rs13331817	30172627	0	2.199486e-03	9.365507e-04	1
16	rs13332078	29850705	0	3.845970e-04	5.987913e-05	1
16	rs13332660	29905882	0	-8.504314e-04	-1.656510e-04	1
16	rs13332927	28560344	0	-6.544917e-05	-1.278692e-05	1
16	rs13333093	30407269	0	1.008780e-03	1.646943e-04	1
16	rs13333583	29302116	0	-3.478827e-06	-4.805748e-07	1
16	rs13333675	29302353	0	-3.478827e-06	-4.805756e-07	1
16	rs13333760	29302523	0	-1.272578e-04	-1.760832e-05	1
16	rs13333866	29302751	0	1.447367e-04	2.059340e-05	1
16	rs13334660	30178281	0	1.501859e-04	2.472101e-05	1
16	rs13334779	29302037	0	-3.478827e-06	-4.805779e-07	1
16	rs13334820	29302136	0	-3.478827e-06	-4.805787e-07	1
16	rs13335021	29746830	0	2.260885e-04	3.352022e-05	1
16	rs13335878	29281267	0	-1.376714e-04	-1.731943e-05	1
16	rs13336311	28600277	0	-2.999322e-05	-5.947464e-06	1
16	rs13336980	29279020	0	-1.376714e-04	-1.731943e-05	1
16	rs13337460	29299409	0	3.021012e-04	4.859329e-05	1
16	rs13338599	29104927	0	-3.051392e-04	-4.058147e-05	1
16	rs13338912	29760347	0	-1.724282e-04	-2.422866e-05	1
16	rs13339053	28614801	0	-2.869785e-04	-5.665633e-05	1
16	rs13339070	29297315	2	1.037111e-04	1.609843e-05	1
16	rs1345885	29134874	0	-5.756357e-04	-8.009377e-05	1
16	rs1345886	29135029	0	-5.756357e-04	-8.009376e-05	1
16	rs1364270	29168052	0	-5.658188e-05	-8.795970e-06	1
16	rs137887650	29332059	0	-8.561863e-05	-1.761286e-05	1
16	rs137959928	30434035	0	1.737742e-04	3.660489e-05	1
16	rs137993956	29913708	0	2.084733e-04	4.414747e-05	1
16	rs138211469	29735979	0	4.920521e-04	8.111007e-05	1
16	rs138273920	29320074	0	-4.147439e-05	-8.513055e-06	1
16	rs138599723	29732960	0	4.383242e-04	7.134439e-05	1
16	rs138729861	30399088	0	1.721142e-04	3.464980e-05	1
16	rs138755187	29763892	0	3.513424e-05	6.701262e-06	1
16	rs138825134	29613456	0	9.703275e-07	1.779800e-07	1
16	rs138849409	29339409	0	-1.709681e-04	-3.509409e-05	1
16	rs138850578	29736312	6	3.217470e-04	5.177189e-05	1
16	rs139102754	28580031	0	8.074297e-05	1.631391e-05	1
16	rs139142574	29323824	0	1.213219e-04	2.434301e-05	1
16	rs139356180	28593131	0	2.247019e-05	4.544267e-06	1
16	rs139356318	30048461	0	-3.911946e-04	-7.755283e-05	1
16	rs139876505	29098499	0	9.923855e-05	1.946035e-05	1
16	rs139904690	29667021	0	2.182576e-04	4.544717e-05	1
16	rs139969273	28861624	0	2.772789e-04	5.514732e-05	1
16	rs140478766	29148476	0	1.509393e-04	2.964755e-05	1
16	rs140677174	29334964	0	-1.257275e-04	-2.558396e-05	1
16	rs140785784	29714172	1	3.439529e-04	5.484680e-05	1
16	rs141305120	30120522	0	4.186725e-04	8.001299e-05	1
16	rs141436390	29826014	0	3.210496e-04	6.960970e-05	1
16	rs141912061	29335386	0	-8.561863e-05	-1.761285e-05	1
16	rs142086495	29958635	0	-1.395979e-04	-2.875171e-05	1
16	rs142098164	29922723	0	1.973573e-04	4.287162e-05	1
16	rs142125746	29606607	0	5.100477e-04	1.140990e-04	1
16	rs142271886	28484047	0	2.235873e-04	4.694169e-05	1
16	rs142380960	28988500	0	4.584459e-04	9.809531e-05	1
16	rs142505175	28590157	0	-9.902443e-07	-1.925676e-07	1
16	rs142649835	28558966	0	3.085446e-04	6.248377e-05	1
16	rs142665962	28561185	0	-9.108763e-05	-1.835611e-05	1
16	rs142759638	29330786	0	-1.830801e-04	-3.521726e-05	1
16	rs143249661	30016820	0	-6.536829e-04	-1.590999e-04	1
16	rs143257664	29131933	0	-1.252272e-04	-2.684038e-05	1
16	rs143399275	28590978	0	2.247019e-05	4.544267e-06	1
16	rs143430033	29222972	0	3.830275e-05	8.100016e-06	1
16	rs143485673	29346961	0	-1.727872e-04	-3.639244e-05	1
16	rs143614346	29163043	0	2.064918e-04	4.387939e-05	1
16	rs143662876	29753188	0	-1.001385e-04	-1.892493e-05	1
16	rs143662976	29189418	0	8.987131e-05	1.784409e-05	1
16	rs143840454	29791575	0	-7.912084e-05	-1.615446e-05	1
16	rs143893157	29760427	0	4.720978e-04	7.765867e-05	1
16	rs144101542	29355989	0	-3.185430e-05	-6.379942e-06	1
16	rs144237376	30426319	0	9.512611e-05	1.876797e-05	1
16	rs144246384	29076387	1	9.043925e-04	1.423068e-04	1
16	rs144637766	29661941	0	3.500643e-04	7.450771e-05	1
16	rs144721815	29760405	0	2.442715e-04	5.147803e-05	1
16	rs144769215	29259479	0	4.554663e-05	9.455694e-06	1
16	rs144865761	30350114	0	1.661562e-04	3.290620e-05	1
16	rs145037259	29613205	0	-3.452220e-05	-6.839965e-06	1
16	rs145223727	29631927	0	2.364381e-04	4.819216e-05	1
16	rs145338730	29631150	0	-1.863774e-04	-3.963256e-05	1
16	rs145495208	28917298	0	-1.398687e-05	-3.005340e-06	1
16	rs145516392	29202034	0	3.276197e-05	5.340431e-06	1
16	rs145631601	29613904	0	9.703275e-07	1.779795e-07	1
16	rs145790611	28603263	0	3.085446e-04	6.248377e-05	1
16	rs145832035	29733357	0	4.920521e-04	8.111006e-05	1
16	rs146126857	28536805	0	5.862490e-05	1.187153e-05	1
16	rs146398705	29336775	0	-1.401315e-04	-2.886193e-05	1
16	rs146585275	29559005	11	1.036868e-04	2.016292e-05	1
16	rs146746415	29347453	0	-1.285188e-04	-2.606835e-05	1
16	rs146772260	29713946	0	-3.363773e-06	-7.120214e-07	1
16	rs147132314	29243324	0	4.321905e-04	7.222167e-05	1
16	rs147278356	29750550	0	4.639019e-04	7.686599e-05	1
16	rs147389183	28545437	0	3.124425e-05	6.320325e-06	1
16	rs147413292	28511206	0	4.681294e-04	9.834155e-05	1
16	rs147553474	30050605	0	1.705643e-04	3.341814e-05	1
16	rs147580758	29337506	0	-2.042632e-04	-4.140817e-05	1
16	rs147667954	29121426	0	3.680952e-04	7.340369e-05	1
16	rs147684209	28867061	0	-1.091011e-04	-1.346964e-05	1
16	rs147768264	29437178	1	-2.779704e-04	-5.485274e-05	1
16	rs147988288	29251704	0	-7.232655e-04	-1.109757e-04	1
16	rs148016441	28520076	0	7.837944e-05	1.481726e-05	1
16	rs148317558	29319614	0	-6.437899e-05	-1.313291e-05	1
16	rs148319768	29954615	0	-2.112178e-04	-4.177154e-05	1
16	rs148579588	29120577	0	7.559724e-05	1.341183e-05	1
16	rs148639118	30127786	0	3.735029e-04	8.381122e-05	1
16	rs148758831	29336851	0	-8.561863e-05	-1.761285e-05	1
16	rs148776955	30458271	0	1.012938e-04	2.133169e-05	1
16	rs148788997	30323168	0	-3.094768e-04	-5.532149e-05	1
16	rs149201347	29741932	1	3.702553e-04	6.289361e-05	1
16	rs149271	28506872	0	3.647312e-05	4.612425e-06	1
16	rs149278	28561581	0	-6.075701e-04	-8.249551e-05	1
16	rs149299	28485141	0	8.182177e-05	1.026327e-05	1
16	rs149301	28499659	14	-3.753387e-04	-5.048390e-05	1
16	rs149486782	29149504	0	3.680952e-04	7.340369e-05	1
16	rs150334812	29272321	0	2.402097e-04	3.857291e-05	1
16	rs150509203	29705064	0	1.970122e-04	3.931535e-05	1
16	rs150713896	29426017	0	-2.824684e-04	-5.605535e-05	1
16	rs150773264	30120692	0	5.298255e-04	1.042803e-04	1
16	rs150845792	29789489	0	4.572331e-05	9.673419e-06	1
16	rs151035219	30144009	0	-1.301320e-05	-2.730298e-06	1
16	rs151174	28508069	0	9.988953e-05	1.264149e-05	1
16	rs151178	28483061	1	-2.844534e-04	-3.649968e-05	1
16	rs151179	28487056	0	-9.076552e-05	-1.142417e-05	1
16	rs151180	28487213	12	2.229239e-04	2.801732e-05	1
16	rs151181	28490517	0	-9.076552e-05	-1.142417e-05	1
16	rs151182	28495752	0	4.981228e-06	6.330373e-07	1
16	rs151225	28553802	0	-4.059877e-04	-7.175519e-05	1
16	rs151226	28549823	0	-3.733755e-04	-4.721189e-05	1
16	rs151227	28549508	0	-3.863568e-04	-6.693406e-05	1
16	rs151228	28563026	0	-5.167851e-04	-6.719579e-05	1
16	rs151229	28584937	0	-2.596166e-04	-4.340061e-05	1
16	rs151230	28583215	0	-3.572108e-04	-6.079312e-05	1
16	rs151231	28582849	0	-3.492676e-04	-4.409862e-05	1
16	rs151232	28580333	0	-3.191234e-04	-3.994157e-05	1
16	rs151233	28506428	0	-1.316804e-03	-3.668146e-04	1
16	rs151235673	30104843	0	-2.299820e-05	-4.899955e-06	1
16	rs151301	28497059	0	-4.250921e-05	-5.310290e-06	1
16	rs151303	28492510	0	-5.218298e-05	-6.538715e-06	1
16	rs151320	28568678	0	-3.443172e-04	-5.938630e-05	1
16	rs151321	28555590	0	-3.198886e-04	-4.014001e-05	1
16	rs153104	28528310	0	2.511007e-04	4.635422e-05	1
16	rs153105	28527246	0	2.511007e-04	4.635422e-05	1
16	rs153106	28526897	0	-2.460792e-04	-3.097206e-05	1
16	rs153107	28525305	0	1.400538e-04	2.219054e-05	1
16	rs153108	28521721	0	1.229288e-04	1.964683e-05	1
16	rs153109	28519096	0	-2.097393e-04	-2.569829e-05	1
16	rs153110	28516719	0	1.966151e-04	3.154913e-05	1
16	rs153173	29239889	0	-7.826750e-04	-1.123064e-04	1
16	rs153175	29163890	0	-5.660334e-04	-7.562242e-05	1
16	rs153177	29169490	0	1.929132e-05	3.002906e-06	1
16	rs153180	29225431	0	-7.605406e-04	-1.087936e-04	1
16	rs1531973	29292442	0	-1.154770e-04	-1.456797e-05	1
16	rs1531974	29317096	0	4.767399e-04	6.302609e-05	1
16	rs153207	29244995	0	-4.715638e-04	-7.213831e-05	1
16	rs153208	29248084	0	-1.492095e-04	-1.817562e-05	1
16	rs153209	29251861	0	7.417446e-04	1.040505e-04	1
16	rs153210	29093963	0	-1.636852e-04	-2.005478e-05	1
16	rs153211	29093830	0	-2.503075e-04	-3.300264e-05	1
16	rs153212	29090858	0	-3.277932e-04	-4.892074e-05	1
16	rs153213	29234201	0	-1.927524e-04	-2.983796e-05	1
16	rs153214	29224464	0	-6.372214e-04	-8.758886e-05	1
16	rs153217	29215610	0	-5.101682e-04	-7.917355e-05	1
16	rs153219	29215298	0	-5.739346e-04	-9.011556e-05	1
16	rs153220	29213783	0	-5.059636e-04	-7.802584e-05	1
16	rs1540388	29127033	0	-2.310105e-04	-2.945185e-05	1
16	rs1540389	29127350	0	-5.466692e-05	-6.902567e-06	1
16	rs1611782	29152487	0	-2.269095e-04	-3.474068e-05	1
16	rs1611991	29151593	0	-2.269095e-04	-3.474068e-05	1
16	rs1624102	29123330	0	1.212446e-05	1.483106e-06	1
16	rs1625280	29131925	0	-5.529550e-04	-7.561186e-05	1
16	rs1627180	29138002	0	-3.377310e-04	-5.037529e-05	1
16	rs1627805	29138026	0	-5.756357e-04	-8.009367e-05	1
16	rs1627843	29138043	0	-5.756357e-04	-8.009366e-05	1
16	rs1627862	29132221	0	-5.529550e-04	-7.561182e-05	1
16	rs1628751	29138147	0	-5.756357e-04	-8.009363e-05	1
16	rs1628834	29132359	0	-5.529550e-04	-7.561180e-05	1
16	rs1630274	29132462	0	-5.529550e-04	-7.561179e-05	1
16	rs1630929	29117661	0	-2.860303e-04	-4.222535e-05	1
16	rs1633805	29724394	0	1.095541e-05	1.566273e-06	1
16	rs1633810	29721864	0	-1.410476e-05	-1.970892e-06	1
16	rs1641906	29150344	0	-1.890266e-04	-2.910167e-05	1
16	rs1641908	29151299	0	-4.703923e-04	-6.008687e-05	1
16	rs1641909	29151522	0	-4.703923e-04	-6.008686e-05	1
16	rs1641910	29153242	7	-5.203260e-04	-8.811915e-05	1
16	rs1641911	29153945	0	-2.858774e-04	-4.413422e-05	1
16	rs1641913	29154852	0	-2.371822e-04	-3.640242e-05	1
16	rs1641918	29160958	0	-4.461133e-04	-5.648850e-05	1
16	rs1641919	29161645	0	-4.461133e-04	-5.648849e-05	1
16	rs1641920	29162623	0	-4.461133e-04	-5.648848e-05	1
16	rs1641921	29163081	0	-4.461133e-04	-5.648847e-05	1
16	rs1641959	29212864	0	-2.291779e-04	-2.801447e-05	1
16	rs1641991	29116527	0	2.309202e-04	2.871940e-05	1
16	rs1641993	29119860	0	1.824120e-04	2.252447e-05	1
16	rs1641994	29119880	0	2.309202e-04	2.871940e-05	1
16	rs1641995	29120520	0	-2.860303e-04	-4.222531e-05	1
16	rs1641996	29124150	0	-2.860303e-04	-4.222531e-05	1
16	rs1641997	29124421	0	-5.239350e-04	-7.176173e-05	1
16	rs1641999	29127260	0	-2.361288e-04	-3.489005e-05	1
16	rs1642001	29130549	0	-5.756357e-04	-8.009353e-05	1
16	rs1642002	29132320	0	-5.529550e-04	-7.561170e-05	1
16	rs1642003	29134593	0	-5.756357e-04	-8.009351e-05	1
16	rs1642005	29135958	0	-5.756357e-04	-8.009350e-05	1
16	rs1642006	29136331	0	-5.928716e-04	-7.926426e-05	1
16	rs1642007	29136893	0	-5.756357e-04	-8.009348e-05	1
16	rs1642008	29137377	0	-5.800560e-04	-8.086352e-05	1
16	rs1642009	29137588	0	-5.756357e-04	-8.009346e-05	1
16	rs1642010	29138071	0	-7.331464e-04	-1.030829e-04	1
16	rs1642011	29138392	0	-3.377310e-04	-5.037519e-05	1
16	rs1642012	29139244	0	-5.756357e-04	-8.009344e-05	1
16	rs1642013	29139398	0	-7.794863e-04	-1.156839e-04	1
16	rs1642014	29139416	0	-5.756357e-04	-8.009342e-05	1
16	rs1642015	29139779	0	-5.756357e-04	-8.009340e-05	1
16	rs1642016	29140057	0	-5.756357e-04	-8.009339e-05	1
16	rs1642017	29140224	0	-5.756357e-04	-8.009338e-05	1
16	rs1642018	29140448	0	-5.756357e-04	-8.009337e-05	1
16	rs1642019	29140754	0	-5.756357e-04	-8.009336e-05	1
16	rs1642020	29142059	0	-5.756357e-04	-8.009335e-05	1
16	rs1642022	29142204	0	-5.756357e-04	-8.009334e-05	1
16	rs1642023	29143639	0	-5.756357e-04	-8.009333e-05	1
16	rs1642024	29143759	0	-5.139652e-04	-7.020096e-05	1
16	rs1642025	29147718	0	-3.377310e-04	-5.037515e-05	1
16	rs1642026	29148565	0	-4.770189e-04	-6.103900e-05	1
16	rs1642027	29149386	0	-5.444694e-04	-7.509311e-05	1
16	rs1646084	29139021	0	-5.756357e-04	-8.009329e-05	1
16	rs1646085	29139401	0	-5.756357e-04	-8.009327e-05	1
16	rs1646086	29139655	0	-7.159105e-04	-1.046125e-04	1
16	rs1646087	29139771	0	-5.756357e-04	-8.009325e-05	1
16	rs1646092	29212861	0	-5.343008e-04	-8.353838e-05	1
16	rs1646106	29166463	0	-5.658188e-05	-8.795771e-06	1
16	rs1646112	29154049	0	-2.269095e-04	-3.474050e-05	1
16	rs1646113	29153803	0	-2.858774e-04	-4.413408e-05	1
16	rs1646114	29153526	0	-2.269095e-04	-3.474050e-05	1
16	rs1646116	29152112	0	-2.269095e-04	-3.474049e-05	1
16	rs1646117	29152043	0	-5.293602e-04	-6.884318e-05	1
16	rs1646118	29150945	0	-4.703923e-04	-6.008660e-05	1
16	rs1646119	29150785	0	-4.703923e-04	-6.008659e-05	1
16	rs1646121	29144222	0	-4.983231e-04	-6.788723e-05	1
16	rs1646122	29143040	0	-5.756357e-04	-8.009320e-05	1
16	rs1646123	29142980	0	-6.080124e-04	-8.501437e-05	1
16	rs1646124	29142933	0	-7.331464e-04	-1.030828e-04	1
16	rs1646125	29142895	0	-5.756357e-04	-8.009318e-05	1
16	rs1646126	29142681	0	-5.756357e-04	-8.009316e-05	1
16	rs1646127	29142163	0	-3.377310e-04	-5.037507e-05	1
16	rs1646128	29141436	0	-7.331464e-04	-1.030827e-04	1
16	rs1646129	29140688	0	-5.756357e-04	-8.009315e-05	1
16	rs1646132	29113766	0	1.494063e-04	1.846555e-05	1
16	rs1646133	29113747	0	1.494063e-04	1.846555e-05	1
16	rs1646142	29117596	0	-2.361288e-04	-3.488990e-05	1
16	rs1646168	29128732	0	-5.239350e-04	-7.176133e-05	1
16	rs1646169	29128778	0	-5.239350e-04	-7.176132e-05	1
16	rs1646172	29129381	0	-5.756357e-04	-8.009311e-05	1
16	rs1646173	29130642	0	-5.924279e-04	-8.242261e-05	1
16	rs1646174	29130649	0	-5.924279e-04	-8.242260e-05	1
16	rs1646175	29131020	0	-5.756357e-04	-8.009307e-05	1
16	rs1646176	29131233	0	-3.719132e-04	-5.582778e-05	1
16	rs1646177	29131853	0	-5.861950e-04	-7.953116e-05	1
16	rs1646188	29133735	0	-5.529550e-04	-7.561124e-05	1
16	rs1646190	29136708	0	-5.756357e-04	-8.009304e-05	1
16	rs1646191	29136873	0	-5.756357e-04	-8.009303e-05	1
16	rs166148	29245857	0	-5.039404e-04	-7.785025e-05	1
16	rs166152	29156005	0	-2.371822e-04	-3.640220e-05	1
16	rs166153	29158597	0	-5.475862e-04	-7.096991e-05	1
16	rs166154	29160416	0	-4.461133e-04	-5.648812e-05	1
16	rs168778	29112626	0	2.860303e-04	4.222510e-05	1
16	rs168919	29301994	0	-2.960669e-05	-5.822604e-06	1
16	rs1690405	28620311	0	-4.485962e-04	-5.984097e-05	1
16	rs170978	29743033	0	-1.254570e-04	-1.787518e-05	1
16	rs17639997	28600282	0	-6.499126e-04	-1.395744e-04	1
16	rs17640009	28595700	0	4.438625e-05	5.516330e-06	1
16	rs17640225	29713066	0	3.339574e-04	5.336273e-05	1
16	rs17707300	28593347	0	3.508208e-05	4.370775e-06	1
16	rs17779364	29188221	0	1.702446e-05	2.773921e-06	1
16	rs17779818	29346790	0	1.029643e-04	1.397034e-05	1
16	rs17835978	29432712	1	5.136219e-04	1.150643e-04	1
16	rs17839551	30363382	0	-8.972095e-04	-1.653803e-04	1
16	rs17842265	29653752	0	-4.381647e-04	-9.802855e-05	1
16	rs17842268	29684180	0	-1.499534e-04	-1.900646e-05	1
16	rs17855750	28515228	0	4.707032e-05	8.886187e-06	1
16	rs180394	29715032	0	1.471296e-04	2.151650e-05	1
16	rs180701530	29609315	0	-1.883237e-05	-3.482707e-06	1
16	rs180743	28507644	0	6.698529e-05	8.457583e-06	1
16	rs180744	28508048	0	-1.991096e-04	-2.530419e-05	1
16	rs181195	28488369	0	-1.076837e-05	-1.341299e-06	1
16	rs181203	28512371	0	-3.922370e-04	-5.320090e-05	1
16	rs181204	28512524	0	-2.023121e-04	-2.688181e-05	1
16	rs181206	28513403	0	-4.669405e-04	-6.435285e-05	1
16	rs181207	28513530	0	-2.931901e-04	-3.882223e-05	1
16	rs181209	28514854	0	-3.922370e-04	-5.320089e-05	1
16	rs181522608	30062856	0	1.039248e-04	2.156381e-05	1
16	rs182433739	29420750	0	-1.305656e-04	-2.595869e-05	1
16	rs183186934	29606753	0	4.481167e-05	8.664916e-06	1
16	rs185202	29106324	0	-2.860303e-04	-4.222510e-05	1
16	rs185409	29404501	0	3.926120e-04	8.358664e-05	1
16	rs1872657	29307765	0	2.223139e-04	3.600335e-05	1
16	rs1872658	29307672	0	5.486686e-05	7.673817e-06	1
16	rs1872659	29304790	0	2.646713e-04	3.219129e-05	1
16	rs1872660	29304775	0	5.366435e-07	7.293840e-08	1
16	rs1872667	29299377	0	1.513528e-04	2.122782e-05	1
16	rs1872673	29320397	0	1.752487e-04	2.447416e-05	1
16	rs1872675	29320228	0	2.798500e-06	3.969581e-07	1
16	rs187570477	28604122	0	-8.338009e-06	-1.693471e-06	1
16	rs187668816	28829117	15	2.192192e-04	2.857782e-05	1
16	rs188304685	29939689	0	1.973573e-04	4.287163e-05	1
16	rs188708252	29881170	0	3.102757e-04	6.788105e-05	1
16	rs188742196	29336063	0	-8.561863e-05	-1.761284e-05	1
16	rs188899883	29624668	0	7.318220e-05	1.446464e-05	1
16	rs189278832	28539386	1	-2.072556e-04	-2.595921e-05	1
16	rs189757140	30180490	11	2.498694e-03	1.428328e-03	1
16	rs192245	29245739	0	-4.715638e-04	-7.213805e-05	1
16	rs192537440	29619215	0	1.792096e-04	3.806773e-05	1
16	rs193301319	29221971	0	-1.152609e-04	-2.458274e-05	1
16	rs193628	28582142	0	8.677954e-04	1.289205e-04	1
16	rs194045	29246102	0	2.842543e-05	4.245211e-06	1
16	rs1964299	29090804	1	-1.434804e-04	-1.810156e-05	1
16	rs1968751	28631759	0	1.084125e-04	1.310496e-05	1
16	rs1968752	28631585	0	1.084125e-04	1.310496e-05	1
16	rs1974875	29245881	0	-7.520713e-04	-1.175238e-04	1
16	rs1985680	30123216	0	4.291528e-04	8.064882e-05	1
16	rs1987471	28825866	0	-2.301347e-04	-2.891846e-05	1
16	rs1987472	28825777	0	-2.301347e-04	-2.891846e-05	1
16	rs199859689	29626836	1	2.295144e-04	4.666672e-05	1
16	rs199900182	29416563	0	-2.771022e-04	-5.544826e-05	1
16	rs200735808	29406242	1	-2.396349e-04	-4.665514e-05	1
16	rs200830445	29402846	0	4.387584e-04	9.595854e-05	1
16	rs2008514	28825605	0	-2.301347e-04	-2.891845e-05	1
16	rs201244608	29076044	7	4.087234e-04	4.981849e-05	1
16	rs201259820	29274607	0	-1.149954e-04	-1.639604e-05	1
16	rs201555010	29562640	1	2.242840e-04	4.577391e-05	1
16	rs201724537	29409881	0	-2.824684e-04	-5.605528e-05	1
16	rs201917490	29430680	0	3.792678e-04	7.745270e-05	1
16	rs202014106	28702943	3	-5.214546e-04	-8.642019e-05	1
16	rs2020407	29623593	0	2.207453e-04	4.481504e-05	1
16	rs202166863	29440457	1	4.729915e-04	1.026896e-04	1
16	rs2034874	28554699	0	3.124425e-05	6.320289e-06	1
16	rs2035974	29306908	0	5.762163e-05	8.840931e-06	1
16	rs2070962	28950432	0	8.278042e-04	1.260318e-04	1
16	rs2071342	28915433	0	9.778609e-04	1.598929e-04	1
16	rs2077031	28603168	0	6.471819e-05	8.086374e-06	1
16	rs2081199	28958754	0	5.535788e-04	7.158098e-05	1
16	rs2083237	30175509	0	2.181180e-03	8.964323e-04	1
16	rs2088727	28608142	1	-7.888733e-05	-1.610756e-05	1
16	rs2106480	28537971	0	-1.042846e-04	-1.296578e-05	1
16	rs2113272	29161934	0	-5.862520e-04	-7.912748e-05	1
16	rs2131750	29319678	0	-1.259887e-04	-1.703730e-05	1
16	rs2161704	29162036	0	-4.461133e-04	-5.648806e-05	1
16	rs2171222	29298533	0	1.395794e-04	1.943715e-05	1
16	rs2244752	29153808	0	-2.858774e-04	-4.413390e-05	1
16	rs2246441	29114352	0	1.494063e-04	1.846567e-05	1
16	rs2252323	29135394	0	-5.756357e-04	-8.009300e-05	1
16	rs2252590	29133132	11	-3.406812e-04	-3.963231e-05	1
16	rs2252599	29133000	3	1.216888e-04	1.295282e-05	1
16	rs2252605	29132962	2	-6.892817e-04	-9.781687e-05	1
16	rs2252609	29132865	0	-3.488816e-04	-5.143038e-05	1
16	rs2253253	29128185	0	5.239350e-04	7.176117e-05	1
16	rs2256528	29124661	0	1.212446e-05	1.483587e-06	1
16	rs2278557	30093779	0	-6.211137e-04	-8.626906e-05	1
16	rs2291400	29262688	0	3.252105e-04	5.177216e-05	1
16	rs2291401	29262601	0	1.449957e-04	2.117294e-05	1
16	rs2291937	28602449	0	-8.338009e-06	-1.693501e-06	1
16	rs2303255	29706444	0	2.986235e-04	4.738527e-05	1
16	rs231970	28567004	0	-3.443172e-04	-5.938629e-05	1
16	rs231971	28536519	0	-6.942113e-04	-1.518789e-04	1
16	rs231972	28538336	0	-4.428097e-04	-7.761631e-05	1
16	rs231974	28540322	0	-4.428097e-04	-7.761630e-05	1
16	rs231975	28547251	0	-3.443172e-04	-5.938628e-05	1
16	rs231976	28545587	0	-4.455977e-04	-5.720739e-05	1
16	rs231977	28542172	0	-5.260107e-04	-6.835124e-05	1
16	rs234889	28535812	0	-6.820570e-04	-1.487730e-04	1
16	rs235630	29743018	0	-1.254570e-04	-1.787519e-05	1
16	rs235631	29743529	0	-1.052757e-04	-1.508766e-05	1
16	rs235659	29788919	0	-1.381681e-03	-2.532606e-04	1
16	rs235663	29748325	0	-5.782701e-04	-9.893298e-05	1
16	rs2370277	29261174	0	2.782796e-04	4.248333e-05	1
16	rs2370291	29264508	0	-4.889899e-05	-7.269422e-06	1
16	rs2370299	29271946	0	-3.258435e-04	-4.180202e-05	1
16	rs2370302	29283348	0	-2.433182e-05	-3.019807e-06	1
16	rs2370336	29308255	0	1.890911e-04	2.820982e-05	1
16	rs2370534	29319603	0	-6.437899e-05	-1.313289e-05	1
16	rs2370535	29320022	0	1.229894e-05	1.580268e-06	1
16	rs240702	28531353	0	-2.515316e-04	-3.150999e-05	1
16	rs240703	28530623	0	-1.983252e-04	-3.990100e-05	1
16	rs240704	28529949	0	-3.168301e-04	-4.007369e-05	1
16	rs240705	28529716	0	-3.004176e-04	-3.810480e-05	1
16	rs240707	28524612	0	-4.296636e-04	-5.431319e-05	1
16	rs240708	28520576	0	-4.135127e-04	-5.217337e-05	1
16	rs240709	28513853	0	1.082456e-04	1.929515e-05	1
16	rs2411431	28653784	0	7.603936e-05	9.079554e-06	1
16	rs2430674	29124524	0	1.212446e-05	1.483590e-06	1
16	rs2430675	29128117	0	2.860303e-04	4.222500e-05	1
16	rs2442141	29088221	0	-3.066722e-04	-3.844971e-05	1
16	rs252243	29239828	0	-1.908031e-04	-2.737976e-05	1
16	rs252244	29240018	0	-9.530038e-05	-1.321931e-05	1
16	rs252245	29241010	0	-4.338430e-04	-6.660964e-05	1
16	rs252246	29241389	0	1.163329e-05	1.752836e-06	1
16	rs252247	29242488	0	2.842543e-05	4.245257e-06	1
16	rs252248	29243109	0	-4.170509e-04	-6.332456e-05	1
16	rs252249	29243425	0	-4.046612e-04	-6.128967e-05	1
16	rs252250	29244405	0	-4.715638e-04	-7.213799e-05	1
16	rs252251	29244537	0	-2.862856e-04	-3.535272e-05	1
16	rs252252	29245019	0	-4.715638e-04	-7.213798e-05	1
16	rs252253	29245171	0	4.559460e-05	6.963216e-06	1
16	rs252254	29246993	0	7.042832e-05	1.053061e-05	1
16	rs252255	29247800	0	7.042832e-05	1.053062e-05	1
16	rs252256	29248418	0	-4.383381e-04	-5.815261e-05	1
16	rs252257	29250312	0	5.462251e-04	7.318803e-05	1
16	rs252258	29251278	0	7.093680e-04	9.814828e-05	1
16	rs252259	29251923	0	-1.031570e-04	-2.043340e-05	1
16	rs252260	29252478	0	7.417446e-04	1.040510e-04	1
16	rs252261	29092109	1	-2.941812e-04	-3.789837e-05	1
16	rs252264	29105873	0	1.494063e-04	1.846573e-05	1
16	rs252265	29105123	0	-3.051392e-04	-4.058078e-05	1
16	rs252270	29102219	0	-2.517138e-04	-3.685061e-05	1
16	rs252272	29101402	0	-3.277932e-04	-4.892029e-05	1
16	rs252274	29097369	0	-3.277932e-04	-4.892029e-05	1
16	rs252275	29094925	0	1.891573e-04	2.314055e-05	1
16	rs252276	29094515	1	-5.138825e-04	-8.116889e-05	1
16	rs252277	29093432	0	-2.119028e-04	-2.596777e-05	1
16	rs252283	29164026	0	-2.565510e-04	-4.115294e-05	1
16	rs252285	29164976	0	3.259172e-04	5.727192e-05	1
16	rs252287	29165923	0	-1.155498e-04	-1.800792e-05	1
16	rs252289	29168094	0	-5.658188e-05	-8.795536e-06	1
16	rs252291	29169717	0	1.929132e-05	3.003327e-06	1
16	rs252303	29225489	0	-7.650660e-04	-1.103854e-04	1
16	rs252304	29224442	0	-1.535105e-04	-2.282904e-05	1
16	rs252305	29223485	0	-3.772091e-04	-4.810805e-05	1
16	rs252306	29222442	0	-2.085513e-04	-2.592619e-05	1
16	rs252308	29221318	0	-2.731120e-04	-3.300173e-05	1
16	rs252311	29217605	0	-2.552194e-04	-3.127477e-05	1
16	rs252312	29215274	0	-2.552194e-04	-3.127476e-05	1
16	rs252313	29214126	0	-2.722263e-04	-3.429823e-05	1
16	rs252314	29213635	1	-5.978436e-04	-9.856382e-05	1
16	rs252315	29210513	0	-5.646203e-04	-9.233837e-05	1
16	rs252316	29203732	0	-8.876094e-04	-1.618376e-04	1
16	rs252317	29202810	0	-3.210708e-04	-3.989588e-05	1
16	rs252323	29197960	0	-3.902186e-04	-6.072100e-05	1
16	rs252326	29194415	0	-5.946739e-04	-9.812780e-05	1
16	rs252328	29194228	0	-5.946739e-04	-9.812779e-05	1
16	rs252365	29205691	0	-5.382191e-04	-8.731862e-05	1
16	rs252475	29245333	0	5.039404e-04	7.785007e-05	1
16	rs252480	29250915	0	-2.049511e-04	-3.095663e-05	1
16	rs252491	29158794	0	-4.886183e-04	-6.217448e-05	1
16	rs252493	29159047	0	-5.168002e-04	-6.586385e-05	1
16	rs252494	29159061	0	-5.168002e-04	-6.586384e-05	1
16	rs252495	29159094	1	-5.201578e-04	-6.598323e-05	1
16	rs252496	29159435	0	-4.461133e-04	-5.648786e-05	1
16	rs252497	29159564	0	-4.461133e-04	-5.648785e-05	1
16	rs252498	29160376	0	-4.461133e-04	-5.648784e-05	1
16	rs2549974	29641013	0	3.336759e-05	4.273686e-06	1
16	rs2550178	29118406	0	2.309202e-04	2.871993e-05	1
16	rs257867	29413322	0	5.117661e-04	1.145614e-04	1
16	rs257869	29411526	0	4.387584e-04	9.595853e-05	1
16	rs257877	29298466	0	-2.960669e-05	-5.822583e-06	1
16	rs257878	29332380	0	9.399799e-05	1.978418e-05	1
16	rs257882	29318542	0	2.919061e-04	4.342573e-05	1
16	rs2630830	29335148	0	-1.802405e-04	-3.678540e-05	1
16	rs2630834	29255737	0	8.686038e-06	1.720577e-06	1
16	rs26528	28517709	0	-2.097393e-04	-2.569827e-05	1
16	rs27741	28504181	0	-2.751919e-04	-3.419487e-05	1
16	rs28372334	29278281	0	-1.376714e-04	-1.731923e-05	1
16	rs28395262	29347907	0	1.029643e-04	1.397044e-05	1
16	rs28403629	28854769	0	-1.356601e-04	-1.693997e-05	1
16	rs28410083	28631360	0	-2.355726e-05	-2.829544e-06	1
16	rs28420715	29297583	0	1.796034e-04	2.832487e-05	1
16	rs28433345	28883327	0	-4.804030e-04	-6.516118e-05	1
16	rs28449958	28528781	0	-4.356953e-04	-5.933160e-05	1
16	rs28452050	29317318	0	4.767399e-04	6.302634e-05	1
16	rs28469632	29278346	0	-1.376714e-04	-1.731923e-05	1
16	rs28478844	29301227	0	3.868596e-05	5.394678e-06	1
16	rs28480369	28627004	0	1.084125e-04	1.310492e-05	1
16	rs28488113	29298160	0	1.796034e-04	2.832487e-05	1
16	rs28490313	29640683	0	1.831199e-04	2.372433e-05	1
16	rs28493497	29280362	0	-1.376714e-04	-1.731923e-05	1
16	rs28517865	29914142	0	-6.702670e-04	-9.333745e-05	1
16	rs28548178	29296334	0	-3.607296e-04	-4.672439e-05	1
16	rs28587565	29278629	0	-1.376714e-04	-1.731923e-05	1
16	rs28599680	29860685	0	2.280651e-04	3.446004e-05	1
16	rs28605917	29282396	0	3.788056e-05	5.214893e-06	1
16	rs28616078	29306272	0	4.098712e-05	6.207733e-06	1
16	rs28627978	29280810	0	-1.376714e-04	-1.731923e-05	1
16	rs28635424	29278498	0	-1.376714e-04	-1.731922e-05	1
16	rs2864228	29193522	0	5.212874e-04	7.156403e-05	1
16	rs28642341	29278637	0	-1.376714e-04	-1.731922e-05	1
16	rs28646116	29259446	0	4.778336e-04	7.731346e-05	1
16	rs28663614	29659786	0	-6.415023e-05	-1.160523e-05	1
16	rs28676837	28627063	0	1.084125e-04	1.310492e-05	1
16	rs28681294	29282365	0	2.483467e-06	3.441905e-07	1
16	rs28693455	29248014	0	-4.157912e-04	-6.278102e-05	1
16	rs28698017	29276196	0	-2.290569e-05	-2.870399e-06	1
16	rs28698667	28533071	0	-6.315490e-05	-7.821907e-06	1
16	rs28709291	30083912	0	8.629017e-05	1.593795e-05	1
16	rs28729187	28626966	0	1.084125e-04	1.310491e-05	1
16	rs28742124	29269146	0	-2.684255e-04	-3.900269e-05	1
16	rs28772958	28535305	0	-1.042846e-04	-1.296576e-05	1
16	rs2887714	29292113	0	-2.369506e-04	-3.015238e-05	1
16	rs28877870	30168682	0	1.523570e-04	2.513671e-05	1
16	rs2887799	30163833	0	1.705714e-03	4.308842e-04	1
16	rs28888764	28829228	0	-7.177226e-04	-1.032655e-04	1
16	rs28970385	29281963	0	-1.376714e-04	-1.731922e-05	1
16	rs2904880	28944396	0	2.810922e-04	3.612396e-05	1
16	rs2909044	29110035	0	1.494063e-04	1.846585e-05	1
16	rs2925624	28618545	0	-3.288545e-04	-4.263338e-05	1
16	rs2927728	29646905	0	1.092779e-05	1.402844e-06	1
16	rs2934456	29358351	0	3.905755e-05	4.858744e-06	1
16	rs3088215	28853996	0	-1.356601e-04	-1.693993e-05	1
16	rs3194168	28603012	0	-2.657438e-04	-4.455249e-05	1
16	rs34049928	29983015	0	1.886014e-04	3.877049e-05	1
16	rs34127220	29842891	0	4.429480e-04	6.991267e-05	1
16	rs34166377	30183041	0	1.501859e-04	2.472097e-05	1
16	rs34201022	29188474	0	3.465219e-04	4.563280e-05	1
16	rs34205348	29668898	0	-8.821689e-04	-1.311517e-04	1
16	rs34222852	29859627	0	4.375939e-04	7.063778e-05	1
16	rs34261613	30430628	0	1.508644e-04	2.890343e-05	1
16	rs34286592	29820480	0	6.315123e-04	1.094054e-04	1
16	rs34395441	28508892	0	1.891531e-04	3.721600e-05	1
16	rs34413922	28572005	0	-1.001577e-04	-2.012843e-05	1
16	rs34427301	28921866	0	1.992632e-05	3.989211e-06	1
16	rs34437886	29156994	0	-1.920041e-04	-2.422952e-05	1
16	rs34564246	30135798	0	5.844038e-05	1.141509e-05	1
16	rs34596480	29863620	0	9.696276e-05	2.065125e-05	1
16	rs34652864	29189158	0	4.645994e-04	6.247704e-05	1
16	rs34666323	29133969	0	-3.404739e-04	-5.601864e-05	1
16	rs34710374	29675855	0	-1.221837e-04	-2.618075e-05	1
16	rs34714403	29842547	0	4.551753e-04	7.222593e-05	1
16	rs34745112	29261537	0	-7.232655e-04	-1.109753e-04	1
16	rs34763945	28950051	0	2.719168e-04	5.269224e-05	1
16	rs34792575	29273070	0	-2.020645e-04	-2.552532e-05	1
16	rs34833	28517905	0	1.602752e-04	2.898733e-05	1
16	rs34835	28499291	0	1.184315e-05	1.503024e-06	1
16	rs34836	28494823	0	3.228963e-04	4.107675e-05	1
16	rs34838	28494350	0	5.254615e-04	7.085192e-05	1
16	rs34839	28489346	0	5.254615e-04	7.085192e-05	1
16	rs34843513	30409241	0	1.254883e-04	2.580598e-05	1
16	rs34876189	30332203	0	-2.716761e-04	-5.486003e-05	1
16	rs34878107	29157326	0	-1.920041e-04	-2.422951e-05	1
16	rs35042042	29871730	0	-4.552186e-04	-7.706558e-05	1
16	rs35055037	29193705	0	6.028014e-04	8.497324e-05	1
16	rs35089016	30192359	0	4.600181e-04	8.447790e-05	1
16	rs35105141	30057148	0	-3.952909e-04	-5.110193e-05	1
16	rs35175818	28608746	0	-2.816387e-05	-3.507716e-06	1
16	rs35181256	29093132	0	-1.636852e-04	-2.005415e-05	1
16	rs35189546	29167368	0	-1.904813e-05	-2.404378e-06	1
16	rs35309968	29204338	0	3.989747e-04	8.551317e-05	1
16	rs35324093	29244747	0	-7.751239e-04	-1.223265e-04	1
16	rs35345720	29933603	0	2.610718e-04	5.191859e-05	1
16	rs35388821	29151237	0	-4.003478e-04	-6.471607e-05	1
16	rs35458038	29157660	0	-1.193907e-04	-1.489624e-05	1
16	rs35467921	30048553	0	-7.707999e-04	-1.120562e-04	1
16	rs35478648	30054613	0	1.023422e-04	1.907082e-05	1
16	rs35480350	30366039	0	-1.026987e-03	-1.826833e-04	1
16	rs35529295	29126007	0	-1.252272e-04	-2.684038e-05	1
16	rs35605010	30033428	0	-8.177036e-05	-9.690587e-06	1
16	rs35676868	29142969	0	-4.567951e-05	-5.737684e-06	1
16	rs35697633	29116957	0	1.731163e-04	2.179102e-05	1
16	rs35722494	29272970	0	-2.020645e-04	-2.552532e-05	1
16	rs35725751	28845584	0	-2.083172e-04	-2.814916e-05	1
16	rs3574	30411382	0	9.524905e-04	1.552655e-04	1
16	rs35763655	29124635	0	-4.415617e-04	-7.428321e-05	1
16	rs35900366	30199584	0	7.284710e-05	1.213298e-05	1
16	rs35901559	29829615	0	4.120626e-04	6.464688e-05	1
16	rs35979293	28944700	0	8.914721e-04	1.403711e-04	1
16	rs35983149	30174024	0	1.501859e-04	2.472095e-05	1
16	rs35985586	29093157	0	1.162854e-04	1.456594e-05	1
16	rs36028249	29118764	0	-3.010124e-05	-5.581333e-06	1
16	rs36050267	29115577	0	2.309202e-04	2.871996e-05	1
16	rs36069862	30186202	0	1.501859e-04	2.472095e-05	1
16	rs36122065	29115014	0	4.684423e-04	6.209812e-05	1
16	rs370228531	29275615	16	2.590294e-04	5.064926e-05	1
16	rs370559426	28656150	1	3.301244e-04	4.640722e-05	1
16	rs370590486	29120017	0	1.316938e-04	2.749592e-05	1
16	rs371085	29730246	0	-2.436748e-04	-3.735764e-05	1
16	rs373528142	29569181	2	1.266581e-04	2.563578e-05	1
16	rs3743963	28604686	0	-4.051247e-04	-5.142804e-05	1
16	rs375132703	28656244	9	3.965118e-04	6.293995e-05	1
16	rs3759987	29673903	0	-1.725299e-04	-2.965534e-05	1
16	rs3764275	29672982	0	-1.706545e-04	-2.926735e-05	1
16	rs3764289	29239829	0	-7.836671e-04	-1.258629e-04	1
16	rs376487988	28618469	0	2.207447e-04	4.378374e-05	1
16	rs3766	30368591	0	-9.251316e-04	-1.732593e-04	1
16	rs377567672	29275748	0	2.634715e-04	4.281711e-05	1
16	rs3785354	28550667	0	5.018476e-05	6.255701e-06	1
16	rs3809627	30103160	0	1.130360e-03	1.911438e-04	1
16	rs3814877	30042677	0	-5.721532e-04	-7.661391e-05	1
16	rs3814878	30041966	0	-2.276470e-04	-2.692299e-05	1
16	rs3814880	30017895	0	1.949355e-05	2.384990e-06	1
16	rs3814884	29994736	0	-2.210754e-05	-2.676378e-06	1
16	rs3815824	29852860	0	2.398386e-04	3.656488e-05	1
16	rs3844222	29283230	0	4.846900e-04	6.479708e-05	1
16	rs3851756	29253652	0	-2.381509e-04	-3.028895e-05	1
16	rs3851757	29259687	0	5.812238e-05	8.362686e-06	1
16	rs3851758	29260222	0	2.555559e-04	4.017393e-05	1
16	rs3851759	29264113	0	1.609404e-04	2.571689e-05	1
16	rs3851760	29264225	0	-4.889899e-05	-7.269429e-06	1
16	rs3851761	29268268	0	-4.434191e-05	-5.414568e-06	1
16	rs3851762	29268273	0	-2.151172e-04	-3.173258e-05	1
16	rs3851764	29271554	0	-2.020645e-04	-2.552531e-05	1
16	rs3851765	29271655	0	-2.020645e-04	-2.552531e-05	1
16	rs3851766	29272118	0	-2.020645e-04	-2.552530e-05	1
16	rs3851770	29274452	0	-6.536104e-05	-8.238695e-06	1
16	rs3851772	29278071	0	-1.376714e-04	-1.731919e-05	1
16	rs3851774	29279743	0	-1.376714e-04	-1.731919e-05	1
16	rs3851775	29279750	0	-1.376714e-04	-1.731918e-05	1
16	rs3851776	29280037	0	-1.258980e-04	-1.588455e-05	1
16	rs3851777	29285675	0	-2.369506e-04	-3.015234e-05	1
16	rs3859172	28566158	0	-9.293354e-05	-1.142490e-05	1
16	rs3862476	29687360	0	4.274936e-04	8.412421e-05	1
16	rs3863453	29274934	0	-5.563135e-05	-6.876394e-06	1
16	rs3863454	29274973	0	2.375788e-04	3.803590e-05	1
16	rs3863455	29275022	0	-1.179277e-04	-1.476067e-05	1
16	rs3863461	29276274	0	-2.290569e-05	-2.870358e-06	1
16	rs3863462	29276316	0	-2.290569e-05	-2.870356e-06	1
16	rs3863463	29276381	0	-1.221849e-04	-1.540604e-05	1
16	rs3863464	29276410	0	-2.290569e-05	-2.870353e-06	1
16	rs3888190	28889486	0	-1.356601e-04	-1.693990e-05	1
16	rs3889407	29271509	0	-3.493759e-04	-4.557616e-05	1
16	rs3891914	29274081	0	-1.061236e-04	-1.330172e-05	1
16	rs3891915	29274463	0	-5.324578e-05	-6.683346e-06	1
16	rs3898532	29273997	0	-1.362318e-04	-1.713706e-05	1
16	rs3922668	28992646	0	3.544960e-04	4.404861e-05	1
16	rs3924376	28925978	0	2.751547e-04	3.548301e-05	1
16	rs3924855	29954955	0	-2.532906e-04	-3.101284e-05	1
16	rs3935714	29042014	0	2.896065e-04	5.514689e-05	1
16	rs3935873	30018500	0	-5.331602e-05	-6.488406e-06	1
16	rs3976455	29861447	0	2.280651e-04	3.446008e-05	1
16	rs3986793	28583589	0	2.247019e-05	4.544198e-06	1
16	rs3987654	28647568	0	1.270326e-04	1.525453e-05	1
16	rs3987663	28651904	0	4.462145e-04	6.175745e-05	1
16	rs402720	29762882	0	4.040395e-05	5.560337e-06	1
16	rs4072401	28937275	0	-5.808962e-04	-8.002492e-05	1
16	rs4072402	28937259	0	-5.620000e-05	-6.853628e-06	1
16	rs4077410	29998200	0	3.288284e-04	3.975031e-05	1
16	rs40834	28510393	0	-5.663404e-04	-7.417743e-05	1
16	rs40835	28510455	0	-4.330322e-04	-7.285588e-05	1
16	rs40836	28510537	0	-3.708482e-04	-4.647671e-05	1
16	rs40837	28510845	0	-3.708482e-04	-4.647671e-05	1
16	rs41278162	28617361	0	-3.300266e-04	-4.295985e-05	1
16	rs41280854	30064471	0	-2.302392e-04	-4.582718e-05	1
16	rs41292378	30390677	0	-5.898101e-04	-1.362447e-04	1
16	rs4149398	28608938	0	8.692739e-05	1.089793e-05	1
16	rs4149399	28608816	0	-8.338009e-06	-1.693517e-06	1
16	rs4149406	28607070	0	3.508208e-05	4.371006e-06	1
16	rs4149409	28601802	0	-2.999322e-05	-5.947533e-06	1
16	rs423096	29730626	0	1.556917e-05	2.289108e-06	1
16	rs4232893	30423751	0	3.138458e-04	5.049889e-05	1
16	rs4238959	30038647	0	-1.996798e-04	-2.389729e-05	1
16	rs4238961	30380486	0	1.752987e-03	4.883975e-04	1
16	rs4247355	30392099	0	1.167453e-03	2.273815e-04	1
16	rs4258647	29287505	0	-2.147562e-04	-2.737276e-05	1
16	rs4281737	29642392	0	1.847053e-04	2.383495e-05	1
16	rs4283241	29988349	0	-2.454393e-04	-3.033603e-05	1
16	rs42861	28494421	0	3.228963e-04	4.107681e-05	1
16	rs4312332	29287936	0	-4.388862e-04	-5.795045e-05	1
16	rs4318227	29984839	0	-1.142407e-04	-1.400165e-05	1
16	rs4334325	29156282	0	-8.883263e-05	-1.116491e-05	1
16	rs4340343	30404484	0	1.062650e-03	1.800338e-04	1
16	rs4344767	30165139	0	2.064510e-03	7.442578e-04	1
16	rs4402589	29954654	0	-3.512014e-04	-4.342512e-05	1
16	rs4407079	29931899	0	-3.744527e-04	-4.586358e-05	1
16	rs4420550	29938820	0	-4.945413e-04	-6.277078e-05	1
16	rs4424923	29939293	0	-5.209425e-04	-6.640650e-05	1
16	rs4447459	29155672	0	-1.523750e-04	-1.938641e-05	1
16	rs4451951	28836205	0	-2.301347e-04	-2.891829e-05	1
16	rs4500754	30376691	0	-1.331907e-03	-4.146501e-04	1
16	rs4527039	29946945	0	-6.103088e-04	-8.036969e-05	1
16	rs45470995	28608749	0	-8.338009e-06	-1.693537e-06	1
16	rs4552048	29269826	1	-1.546300e-04	-1.904375e-05	1
16	rs4563056	29698606	0	3.607113e-04	5.559183e-05	1
16	rs4583255	29988941	0	-5.331602e-05	-6.488222e-06	1
16	rs4609871	29932064	0	-5.764385e-04	-7.474547e-05	1
16	rs4614756	29126906	0	-4.415617e-04	-7.428319e-05	1
16	rs4620996	29121113	0	-2.860303e-04	-4.222482e-05	1
16	rs4787455	28589455	0	8.976702e-05	1.121329e-05	1
16	rs4787456	28559573	0	5.018476e-05	6.255781e-06	1
16	rs4787457	28555400	0	5.018476e-05	6.255784e-06	1
16	rs4787458	28531287	0	-2.903947e-04	-3.674392e-05	1
16	rs4787460	28959477	17	9.391137e-04	1.584485e-04	1
16	rs4787461	29021852	0	4.358640e-04	5.690604e-05	1
16	rs4787466	29272099	0	2.570018e-04	4.105197e-05	1
16	rs4787467	29275842	0	1.720141e-04	2.738277e-05	1
16	rs4787480	29857316	0	2.280651e-04	3.446016e-05	1
16	rs4787483	29885447	0	-1.207142e-03	-2.307225e-04	1
16	rs4787484	29906546	0	-8.413545e-04	-1.295504e-04	1
16	rs4787486	29977562	0	-2.069585e-04	-2.565786e-05	1
16	rs4787488	29995803	0	1.467097e-04	1.736594e-05	1
16	rs4787489	29995880	0	-5.331602e-05	-6.488181e-06	1
16	rs4787491	30015337	0	4.567600e-04	5.650024e-05	1
16	rs4787492	30055549	0	-1.996798e-04	-2.389712e-05	1
16	rs4787495	30165725	0	2.035568e-03	7.105137e-04	1
16	rs4787642	30359408	0	-1.440066e-03	-3.406494e-04	1
16	rs4787643	30393660	0	1.145878e-03	2.184100e-04	1
16	rs4787644	30418119	0	3.701269e-04	5.987970e-05	1
16	rs4788061	28643300	0	2.662607e-04	3.558682e-05	1
16	rs4788073	28594549	0	3.508208e-05	4.371077e-06	1
16	rs4788074	28593597	0	6.471819e-05	8.086577e-06	1
16	rs4788076	28570005	0	1.409124e-04	1.767225e-05	1
16	rs4788077	28569764	0	-3.197142e-05	-3.991431e-06	1
16	rs4788078	28559981	0	5.018476e-05	6.255830e-06	1
16	rs4788080	28558081	0	5.018476e-05	6.255833e-06	1
16	rs4788081	28556147	0	-2.035306e-04	-2.594942e-05	1
16	rs4788083	28545449	0	-4.827775e-05	-5.976156e-06	1
16	rs4788084	28539848	0	-6.315490e-05	-7.821742e-06	1
16	rs4788085	28535003	0	-1.042846e-04	-1.296559e-05	1
16	rs4788095	28831359	0	-2.301347e-04	-2.891822e-05	1
16	rs4788099	28855727	0	-1.356601e-04	-1.693978e-05	1
16	rs4788100	28864673	0	-1.868552e-04	-2.334848e-05	1
16	rs4788101	28867804	0	-1.356601e-04	-1.693977e-05	1
16	rs4788102	28873398	0	-1.356601e-04	-1.693977e-05	1
16	rs4788111	28980693	0	7.417239e-04	1.101666e-04	1
16	rs4788112	28987518	0	7.823338e-04	1.182513e-04	1
16	rs4788113	28992000	0	7.823338e-04	1.182513e-04	1
16	rs4788116	29011438	0	4.519482e-04	6.634077e-05	1
16	rs4788117	29011464	0	3.530432e-04	4.991465e-05	1
16	rs4788118	29016390	0	5.364847e-04	9.921372e-05	1
16	rs4788119	29019356	0	3.178055e-04	4.846474e-05	1
16	rs4788122	29085693	0	3.499380e-04	6.583124e-05	1
16	rs4788138	29253744	0	8.503095e-04	1.284359e-04	1
16	rs4788139	29254070	1	6.242849e-04	8.411609e-05	1
16	rs4788140	29254781	0	-1.930008e-04	-2.439916e-05	1
16	rs4788141	29274290	0	2.125608e-04	3.301494e-05	1
16	rs4788142	29275571	11	2.418667e-04	4.442641e-05	1
16	rs4788143	29275901	0	1.720141e-04	2.738279e-05	1
16	rs4788148	29286147	0	-2.369506e-04	-3.015231e-05	1
16	rs4788172	29668253	0	-2.513685e-04	-4.540848e-05	1
16	rs4788173	29670736	0	-1.242362e-04	-2.228461e-05	1
16	rs4788185	29839893	0	4.429480e-04	6.991286e-05	1
16	rs4788186	29841225	0	-1.419471e-04	-1.774503e-05	1
16	rs4788187	29845685	0	3.078692e-04	4.515737e-05	1
16	rs4788188	29860863	0	9.298628e-05	1.330134e-05	1
16	rs4788189	29921211	0	-3.443066e-04	-4.421993e-05	1
16	rs4788190	29948401	0	-4.903281e-04	-6.172505e-05	1
16	rs4788195	29960593	0	-1.647440e-04	-2.023320e-05	1
16	rs4788196	29967434	0	-3.256830e-04	-4.073249e-05	1
16	rs4788197	29970834	0	-2.047985e-04	-2.525630e-05	1
16	rs4788199	29970857	0	1.935871e-04	2.323843e-05	1
16	rs4788200	29971265	0	-1.142407e-04	-1.400133e-05	1
16	rs4788201	29972690	0	-1.142407e-04	-1.400132e-05	1
16	rs4788202	29978003	0	-2.069585e-04	-2.565769e-05	1
16	rs4788203	29978827	0	1.721944e-04	2.125552e-05	1
16	rs4788204	29995218	0	-4.621693e-04	-5.948434e-05	1
16	rs4788207	30010274	0	1.769169e-04	2.093824e-05	1
16	rs4788209	30013266	0	-5.331602e-05	-6.487997e-06	1
16	rs4788210	30013674	0	-5.331602e-05	-6.487989e-06	1
16	rs4788211	30015565	0	1.602158e-04	1.908492e-05	1
16	rs4788212	30034469	0	-8.532493e-05	-1.018428e-05	1
16	rs4788213	30034524	0	-8.532493e-05	-1.018427e-05	1
16	rs4788215	30047930	0	-1.844188e-04	-2.212684e-05	1
16	rs4788216	30048077	0	-1.844188e-04	-2.212683e-05	1
16	rs4788217	30051312	0	-2.924935e-04	-3.548194e-05	1
16	rs4788218	30055750	0	-7.707999e-04	-1.120554e-04	1
16	rs4788219	30063646	0	-2.763357e-04	-3.337717e-05	1
16	rs4788220	30063780	0	-2.763357e-04	-3.337716e-05	1
16	rs4788409	30393771	0	1.145878e-03	2.184098e-04	1
16	rs4788410	30396805	0	1.002916e-03	1.759612e-04	1
16	rs4788411	30396815	0	1.132370e-03	2.142368e-04	1
16	rs4788412	30405726	0	-9.918126e-04	-1.899840e-04	1
16	rs4788413	30410445	0	7.550773e-04	1.153046e-04	1
16	rs480400	28574615	0	-4.410873e-04	-5.650972e-05	1
16	rs4843799	29157234	0	-1.920041e-04	-2.422951e-05	1
16	rs4992888	29259096	0	3.224584e-04	5.140291e-05	1
16	rs4993636	29293055	0	-2.369506e-04	-3.015230e-05	1
16	rs5009662	29155845	0	-1.508927e-04	-1.902334e-05	1
16	rs5013201	30404522	0	2.514415e-04	5.023903e-05	1
16	rs5013247	29307041	0	5.762163e-05	8.841059e-06	1
16	rs5026091	29273620	0	-2.530810e-04	-3.198964e-05	1
16	rs5026093	29273735	0	-1.610651e-04	-2.019080e-05	1
16	rs5026096	29273786	0	-1.061236e-04	-1.330170e-05	1
16	rs5029446	29297706	0	1.395794e-04	1.943720e-05	1
16	rs5029449	29297793	0	7.624239e-05	1.057798e-05	1
16	rs508022	28573963	0	-3.572108e-04	-6.079308e-05	1
16	rs554206	28576369	0	-3.572108e-04	-6.079308e-05	1
16	rs55662298	29288820	0	-1.154770e-04	-1.456769e-05	1
16	rs55678597	30118232	0	3.011500e-04	5.517287e-05	1
16	rs55680018	29288704	0	1.778232e-04	2.266020e-05	1
16	rs55680039	30048962	0	-6.870970e-04	-1.674263e-04	1
16	rs55710189	29207939	0	-1.809117e-05	-3.160968e-06	1
16	rs55719896	28846866	0	-1.356601e-04	-1.693972e-05	1
16	rs55732292	29039660	0	2.779650e-04	4.889968e-05	1
16	rs55736310	29240017	0	-2.562338e-05	-4.531595e-06	1
16	rs55736766	29269252	0	-2.600007e-04	-3.799394e-05	1
16	rs55740063	29258996	0	3.224584e-04	5.140291e-05	1
16	rs55754126	29299928	0	1.796034e-04	2.832499e-05	1
16	rs55762054	30015249	0	1.854764e-04	3.110564e-05	1
16	rs55764428	29287123	0	-2.147562e-04	-2.737273e-05	1
16	rs55779019	29267834	0	4.997530e-04	8.618373e-05	1
16	rs55780732	29261698	0	3.548351e-04	5.689767e-05	1
16	rs55788822	29287062	0	-2.477192e-04	-3.164974e-05	1
16	rs55792032	28599411	0	6.013090e-05	7.483692e-06	1
16	rs55816101	29293621	0	3.334537e-04	5.453766e-05	1
16	rs55816166	29180008	0	1.211903e-04	1.981663e-05	1
16	rs55830740	28847149	0	-1.356601e-04	-1.693972e-05	1
16	rs55903157	29994398	0	-1.027527e-04	-2.116166e-05	1
16	rs55918844	29287222	0	-2.332377e-04	-2.969737e-05	1
16	rs55963273	29296589	0	-1.154770e-04	-1.456768e-05	1
16	rs55991577	28843025	0	-1.356601e-04	-1.693971e-05	1
16	rs56000057	29595921	0	2.964333e-04	6.159070e-05	1
16	rs56031255	29306955	0	3.978368e-04	6.667496e-05	1
16	rs56040780	28861881	0	-1.356601e-04	-1.693971e-05	1
16	rs56096128	29184346	0	-1.225697e-05	-1.991841e-06	1
16	rs56106502	29617167	0	9.371470e-05	1.848702e-05	1
16	rs56108370	29294350	0	3.334537e-04	5.453767e-05	1
16	rs56135456	29267951	0	5.158340e-04	8.931519e-05	1
16	rs56143494	29257009	0	5.812238e-05	8.362696e-06	1
16	rs56143700	30360998	0	-9.218762e-05	-1.904423e-05	1
16	rs56152301	29278582	0	-1.376714e-04	-1.731913e-05	1
16	rs56159078	29170454	0	-2.087591e-04	-3.888502e-05	1
16	rs56162440	29141853	0	-1.866147e-04	-2.353637e-05	1
16	rs56169261	28619178	0	-3.300266e-04	-4.295965e-05	1
16	rs56183743	30007325	0	1.559833e-04	2.826703e-05	1
16	rs56186137	28825953	0	-2.301347e-04	-2.891814e-05	1
16	rs56187809	29297643	0	3.334537e-04	5.453767e-05	1
16	rs56188385	29286983	0	-2.147562e-04	-2.737273e-05	1
16	rs56209193	28585636	0	-5.719216e-05	-7.143699e-06	1
16	rs56212525	29269271	0	-2.600007e-04	-3.799394e-05	1
16	rs56234416	29297454	0	-3.084409e-04	-3.905050e-05	1
16	rs56270796	29122741	0	2.496465e-04	3.186603e-05	1
16	rs56272201	28580685	0	7.610841e-06	9.583585e-07	1
16	rs56272859	29142566	0	-3.954154e-04	-6.580390e-05	1
16	rs56326379	28619241	0	2.207447e-04	4.378370e-05	1
16	rs56329348	30030092	0	2.502979e-05	5.021940e-06	1
16	rs56341237	29243884	0	2.273853e-04	3.573009e-05	1
16	rs56354901	28523144	0	-4.886736e-04	-6.698925e-05	1
16	rs56357328	29303737	0	5.136738e-04	8.676040e-05	1
16	rs56358680	28843118	0	-1.356601e-04	-1.693969e-05	1
16	rs56377705	29301302	0	1.925363e-04	2.749087e-05	1
16	rs56396270	28580829	0	8.976702e-05	1.121346e-05	1
16	rs56399904	30166183	0	2.094761e-03	7.936764e-04	1
16	rs56404918	28846840	0	-1.356601e-04	-1.693968e-05	1
16	rs56766083	29272842	0	-3.013438e-04	-3.863241e-05	1
16	rs56933819	28940916	0	3.361178e-04	4.217976e-05	1
16	rs57312298	30012691	0	1.407223e-04	2.508733e-05	1
16	rs57519568	29354770	0	2.487749e-04	4.245978e-05	1
16	rs57601653	29290980	0	5.404423e-05	6.827353e-06	1
16	rs57615206	30014034	0	1.407223e-04	2.508733e-05	1
16	rs57840023	29265279	0	3.894622e-04	6.541061e-05	1
16	rs57884885	29272820	0	-2.020645e-04	-2.552527e-05	1
16	rs58005809	29252470	0	-7.232655e-04	-1.109752e-04	1
16	rs58047105	29273019	0	-2.020645e-04	-2.552527e-05	1
16	rs58307916	29218966	0	3.029937e-04	4.021490e-05	1
16	rs58332563	29266340	0	-2.789119e-05	-4.047219e-06	1
16	rs58354524	29354782	0	2.356023e-04	4.021166e-05	1
16	rs58475855	29299203	0	3.334537e-04	5.453768e-05	1
16	rs58483534	30131301	0	6.194830e-04	1.200045e-04	1
16	rs58579888	29291300	0	-2.369506e-04	-3.015228e-05	1
16	rs58727628	29266471	0	-8.472202e-05	-1.240706e-05	1
16	rs59086095	29210257	0	5.330560e-04	7.325772e-05	1
16	rs59364995	29258092	0	4.871698e-04	7.845900e-05	1
16	rs59419098	30010363	1	3.433146e-04	6.272230e-05	1
16	rs59432882	29102563	0	-3.997988e-04	-6.480375e-05	1
16	rs59576480	29286920	0	-1.470010e-04	-1.855538e-05	1
16	rs59823182	29272110	0	5.381685e-04	9.164493e-05	1
16	rs59933097	29282400	0	4.447834e-05	6.096349e-06	1
16	rs60350735	29268210	0	5.269682e-05	7.794627e-06	1
16	rs60548676	29291112	0	-1.258980e-04	-1.588448e-05	1
16	rs60683614	29999993	0	3.378791e-04	6.504065e-05	1
16	rs60779366	29130953	0	-8.615823e-05	-1.079070e-05	1
16	rs60799184	29110135	0	2.457762e-04	3.102774e-05	1
16	rs60978850	30010475	0	2.000257e-04	3.531328e-05	1
16	rs61364777	29038582	0	1.518567e-04	2.552444e-05	1
16	rs61737565	28855522	0	-1.356601e-04	-1.693967e-05	1
16	rs61738759	28509509	0	-6.768415e-04	-1.495981e-04	1
16	rs61764220	30127888	0	-1.156924e-04	-2.421080e-05	1
16	rs61978578	30408961	0	2.876098e-04	5.808254e-05	1
16	rs62031560	28605915	0	-3.829911e-05	-4.765544e-06	1
16	rs62031562	28609329	0	-2.860134e-05	-3.558151e-06	1
16	rs62031607	28631530	0	3.122886e-04	4.080820e-05	1
16	rs62034318	28527221	0	-4.971800e-04	-6.876298e-05	1
16	rs62034319	28532188	0	-3.490529e-04	-4.446790e-05	1
16	rs62034321	28534038	0	-6.315490e-05	-7.821611e-06	1
16	rs62034322	28535834	0	-1.217798e-04	-1.511833e-05	1
16	rs62034323	28536473	0	-6.315490e-05	-7.821604e-06	1
16	rs62034324	28536762	0	-6.315490e-05	-7.821601e-06	1
16	rs62034325	28538640	0	-8.319726e-05	-1.028121e-05	1
16	rs62034326	28539293	0	-6.315490e-05	-7.821595e-06	1
16	rs62034350	28562256	0	3.576842e-05	4.444801e-06	1
16	rs62034351	28565489	0	-3.197142e-05	-3.991257e-06	1
16	rs62034355	28581038	0	7.610841e-06	9.584291e-07	1
16	rs62034358	28587597	0	6.471819e-05	8.086763e-06	1
16	rs62034359	28600091	0	6.471819e-05	8.086767e-06	1
16	rs62035308	29086987	0	-1.520588e-04	-2.931729e-05	1
16	rs62035311	29090699	0	-6.301075e-05	-1.006142e-05	1
16	rs62035313	29094002	0	-1.295042e-04	-2.440452e-05	1
16	rs62035316	29098418	0	-3.536525e-04	-5.678310e-05	1
16	rs62035317	29099071	0	-1.295042e-04	-2.440451e-05	1
16	rs62035486	29253866	0	5.272636e-04	9.047802e-05	1
16	rs62035487	29254402	0	5.272636e-04	9.047802e-05	1
16	rs62035492	29259109	0	5.272636e-04	9.047802e-05	1
16	rs62035493	29259207	0	4.871698e-04	7.845900e-05	1
16	rs62035494	29259775	0	3.224584e-04	5.140290e-05	1
16	rs62035498	29267352	0	5.158340e-04	8.931519e-05	1
16	rs62035501	29268270	0	4.985359e-04	8.371801e-05	1
16	rs62035503	29268396	0	5.040549e-04	8.487891e-05	1
16	rs62035580	29344604	0	1.186782e-04	1.610885e-05	1
16	rs62035581	29344690	0	-2.469121e-04	-3.353348e-05	1
16	rs62035582	29344835	0	1.186782e-04	1.610885e-05	1
16	rs62035945	29167081	0	-4.173840e-04	-8.124873e-05	1
16	rs62036613	28823097	0	-3.570258e-04	-4.597502e-05	1
16	rs62036614	28824685	0	-3.402328e-04	-4.348765e-05	1
16	rs62036616	28826307	0	-3.402328e-04	-4.348764e-05	1
16	rs62036617	28827498	0	-2.301347e-04	-2.891804e-05	1
16	rs62036618	28828834	0	-2.673661e-04	-3.371589e-05	1
16	rs62036620	28833097	0	-2.301347e-04	-2.891803e-05	1
16	rs62036621	28833299	0	-2.301347e-04	-2.891802e-05	1
16	rs62036623	28839735	0	-2.457582e-04	-3.106224e-05	1
16	rs62036624	28839930	0	-2.331974e-04	-2.932424e-05	1
16	rs62036626	28844284	0	-1.356601e-04	-1.693958e-05	1
16	rs62036657	28844365	0	-1.356601e-04	-1.693958e-05	1
16	rs62036658	28850371	0	-3.224152e-04	-4.108390e-05	1
16	rs62037275	29281487	0	1.556287e-04	1.980308e-05	1
16	rs62037276	29281496	0	1.556287e-04	1.980308e-05	1
16	rs62037283	29285187	0	1.778232e-04	2.266022e-05	1
16	rs62037317	29291124	0	1.778232e-04	2.266022e-05	1
16	rs62037323	29297094	0	6.755335e-04	1.396863e-04	1
16	rs62037328	29300794	0	1.796034e-04	2.832501e-05	1
16	rs62037329	29301022	0	3.334537e-04	5.453769e-05	1
16	rs62037332	29301809	0	-3.478827e-06	-4.804534e-07	1
16	rs62037333	29301819	0	-3.478827e-06	-4.804542e-07	1
16	rs62037334	29301896	0	-3.478827e-06	-4.804550e-07	1
16	rs62037363	28865042	0	-1.356601e-04	-1.693957e-05	1
16	rs62037364	28868695	0	-1.729575e-04	-2.160228e-05	1
16	rs62037365	28868962	0	-7.921612e-05	-9.833074e-06	1
16	rs62037366	28871657	0	-2.457582e-04	-3.106221e-05	1
16	rs62037367	28874547	0	-1.215166e-04	-1.513919e-05	1
16	rs62037369	28883841	0	-2.457582e-04	-3.106220e-05	1
16	rs62037371	28890131	0	-1.356601e-04	-1.693954e-05	1
16	rs62037373	28893295	0	-4.804030e-04	-6.516081e-05	1
16	rs62037412	28917746	0	4.146399e-04	5.491935e-05	1
16	rs62037421	28954408	0	8.278042e-04	1.260312e-04	1
16	rs62037422	28963012	0	7.955468e-04	1.196127e-04	1
16	rs62037423	28964716	0	7.417239e-04	1.101664e-04	1
16	rs62037427	29002706	0	8.991956e-04	1.419943e-04	1
16	rs62038177	29195695	0	1.315598e-04	2.156439e-05	1
16	rs62038185	29211174	0	-1.633117e-04	-2.684835e-05	1
16	rs62038186	29211398	0	-1.633117e-04	-2.684835e-05	1
16	rs62038208	29224870	0	1.173438e-04	1.865332e-05	1
16	rs62038210	29230210	0	2.061381e-04	3.768394e-05	1
16	rs62038224	29247919	0	2.763121e-04	4.334350e-05	1
16	rs62038226	29249437	0	5.272636e-04	9.047801e-05	1
16	rs62038227	29249549	0	5.272636e-04	9.047800e-05	1
16	rs62038228	29252252	0	5.272636e-04	9.047800e-05	1
16	rs62038967	29305726	0	5.762163e-05	8.841068e-06	1
16	rs62038969	29307683	0	5.059439e-04	8.762261e-05	1
16	rs62038970	29309914	2	4.175759e-04	7.959205e-05	1
16	rs62038973	29310960	0	3.978368e-04	6.667497e-05	1
16	rs62038974	29310994	0	1.569009e-04	2.425925e-05	1
16	rs62038975	29311190	0	1.569009e-04	2.425925e-05	1
16	rs62038976	29314400	0	6.131992e-04	1.054667e-04	1
16	rs62038977	29319954	0	3.294371e-04	4.669560e-05	1
16	rs62054860	29720349	0	1.413703e-05	2.091490e-06	1
16	rs62054862	29723193	0	3.915357e-04	6.272871e-05	1
16	rs62054863	29723815	0	2.085168e-04	3.210735e-05	1
16	rs62054867	29726088	0	3.915357e-04	6.272871e-05	1
16	rs62054874	29734427	0	4.383242e-04	7.134451e-05	1
16	rs62054875	29735902	0	4.920521e-04	8.111018e-05	1
16	rs62054877	29738423	0	1.936785e-04	2.928913e-05	1
16	rs62054880	29740557	0	4.920521e-04	8.111018e-05	1
16	rs62054881	29740571	0	4.076411e-04	6.652889e-05	1
16	rs62054903	29750555	0	2.710839e-05	5.819374e-06	1
16	rs62054904	29757134	0	2.710839e-05	5.819374e-06	1
16	rs62055376	30164758	1	1.673194e-03	4.136507e-04	1
16	rs62055459	30398408	1	9.135607e-04	1.497966e-04	1
16	rs62056369	29823905	0	2.710839e-05	5.819369e-06	1
16	rs62056371	29834954	0	4.242899e-04	6.690959e-05	1
16	rs62056375	29857901	0	4.862644e-04	7.988455e-05	1
16	rs62057680	29986627	0	6.685834e-04	1.484253e-04	1
16	rs62057756	30117253	0	-6.368303e-04	-8.913735e-05	1
16	rs62059020	29669910	0	-9.576060e-04	-1.478047e-04	1
16	rs62059023	29681707	0	-3.877586e-04	-5.082125e-05	1
16	rs62059024	29681734	0	-4.887697e-04	-6.566950e-05	1
16	rs62059025	29692277	0	-2.368222e-04	-3.005392e-05	1
16	rs62060162	29710492	0	1.114188e-04	1.714127e-05	1
16	rs62060163	29710682	0	1.114188e-04	1.714127e-05	1
16	rs62060164	29711801	0	3.106239e-04	4.917560e-05	1
16	rs62060166	29713913	0	3.430194e-04	5.435296e-05	1
16	rs62060167	29715145	0	3.689749e-04	5.908641e-05	1
16	rs62639718	29281661	0	1.556287e-04	1.980307e-05	1
16	rs62639719	29281756	0	-1.382413e-04	-1.671524e-05	1
16	rs62639720	29281814	1	4.092296e-04	6.707634e-05	1
16	rs62639721	29281841	0	2.926147e-04	3.768853e-05	1
16	rs634395	29719579	0	-1.417441e-04	-1.994098e-05	1
16	rs634977	29733308	0	-6.603718e-05	-9.194473e-06	1
16	rs637460	29805803	0	2.564472e-04	5.119487e-05	1
16	rs645946	29734314	1	-3.257002e-04	-4.596458e-05	1
16	rs648559	29740645	0	-1.359588e-04	-1.927120e-05	1
16	rs6498089	28629300	0	8.196529e-05	9.859703e-06	1
16	rs6565169	29692692	0	2.350765e-04	3.106960e-05	1
16	rs6565173	29974167	0	-1.142407e-04	-1.400106e-05	1
16	rs6565174	30111904	0	6.528849e-04	1.297329e-04	1
16	rs6565176	30174926	0	2.284770e-03	1.112781e-03	1
16	rs6565180	30361341	0	-1.697009e-03	-4.763749e-04	1
16	rs6565182	30374381	0	-1.007806e-03	-1.772251e-04	1
16	rs6565183	30382755	0	-1.395655e-03	-3.003664e-04	1
16	rs6565229	28872598	0	-1.356601e-04	-1.693948e-05	1
16	rs6565259	28898793	0	-5.743264e-04	-7.512721e-05	1
16	rs6565261	28903656	0	-3.451239e-04	-4.510462e-05	1
16	rs6565293	28933248	0	1.294398e-04	1.612084e-05	1
16	rs6565300	28993049	0	4.287216e-04	5.890778e-05	1
16	rs6565375	29317861	0	3.771340e-04	4.860285e-05	1
16	rs66467443	30050494	1	-2.398929e-04	-2.912728e-05	1
16	rs66818723	29887215	0	-1.129489e-03	-2.054712e-04	1
16	rs66957695	29114514	0	2.685984e-04	3.415959e-05	1
16	rs67218159	30050505	0	-3.335059e-04	-4.063468e-05	1
16	rs67396493	29314454	0	1.660603e-04	2.851776e-05	1
16	rs67479058	28970852	0	-6.047072e-04	-1.028931e-04	1
16	rs67575668	29669560	0	-6.530223e-05	-1.181506e-05	1
16	rs67817011	30179098	0	4.632612e-04	8.391458e-05	1
16	rs67822311	29093939	0	1.641080e-04	2.048496e-05	1
16	rs67846049	29191344	0	5.870972e-04	8.213946e-05	1
16	rs67966242	29215824	0	3.686415e-04	4.834080e-05	1
16	rs68024357	29128937	0	-4.567951e-05	-5.737669e-06	1
16	rs6839	28617128	0	-3.288545e-04	-4.263287e-05	1
16	rs710410	28603342	0	-6.225091e-05	-7.834978e-06	1
16	rs71277298	29732886	0	2.853407e-04	6.042504e-05	1
16	rs71383744	29008330	0	-3.272330e-06	-6.625617e-07	1
16	rs71383755	29204636	0	-2.026473e-04	-4.193745e-05	1
16	rs71383756	29225035	0	-3.570762e-04	-4.871758e-05	1
16	rs71383757	29227937	0	-4.418810e-04	-6.317376e-05	1
16	rs71387642	29095150	0	2.895449e-04	6.049205e-05	1
16	rs71387647	29161822	0	-2.311337e-05	-2.911246e-06	1
16	rs71387648	29201069	0	3.368999e-04	7.069399e-05	1
16	rs71387656	29297762	0	2.349054e-04	4.836646e-05	1
16	rs71389428	29842632	0	4.429480e-04	6.991303e-05	1
16	rs71389435	29907027	0	1.475455e-04	2.995636e-05	1
16	rs71389462	30326963	0	4.348150e-04	8.731667e-05	1
16	rs71391316	28601175	0	2.335906e-04	4.808356e-05	1
16	rs71391317	28607630	0	2.335906e-04	4.808356e-05	1
16	rs7140	28995757	0	4.287216e-04	5.890777e-05	1
16	rs7184075	29287841	0	-1.154770e-04	-1.456768e-05	1
16	rs7184288	29935052	0	-4.411334e-05	-5.259698e-06	1
16	rs7184597	28921809	0	5.188777e-04	7.150116e-05	1
16	rs7184953	29315879	0	5.878253e-04	9.265180e-05	1
16	rs7185232	28933468	0	-5.620000e-05	-6.853985e-06	1
16	rs7185289	29303041	0	5.096064e-04	8.137489e-05	1
16	rs7185357	30443785	0	-3.975865e-04	-7.870044e-05	1
16	rs7185941	29267117	0	-1.037039e-04	-1.309536e-05	1
16	rs7186573	28587389	0	3.508208e-05	4.371436e-06	1
16	rs7186597	29292314	0	-1.154770e-04	-1.456767e-05	1
16	rs7186784	29018610	0	4.475463e-04	7.162718e-05	1
16	rs7187333	28865916	0	-2.457582e-04	-3.106209e-05	1
16	rs7187575	28990101	0	3.986919e-04	5.438240e-05	1
16	rs7187604	28565953	0	-9.906486e-05	-1.231489e-05	1
16	rs7187776	28857645	0	-8.598861e-05	-1.051010e-05	1
16	rs7188071	28917644	0	3.405790e-04	4.416711e-05	1
16	rs7188093	29190050	0	5.870972e-04	8.213947e-05	1
16	rs7188570	29314999	0	5.505055e-04	8.547155e-05	1
16	rs7188661	29287978	0	-2.392559e-04	-3.048639e-05	1
16	rs7188755	28956464	0	4.900217e-04	6.220621e-05	1
16	rs7189056	29122047	0	2.133995e-04	2.681574e-05	1
16	rs7189093	29288252	0	-1.154770e-04	-1.456767e-05	1
16	rs7189265	29288308	0	-2.147562e-04	-2.737271e-05	1
16	rs7189550	29911260	0	-1.174411e-03	-2.124778e-04	1
16	rs7189750	29911416	0	-1.174411e-03	-2.124778e-04	1
16	rs7189870	29735063	0	4.920521e-04	8.111020e-05	1
16	rs7189927	28913787	0	3.096940e-04	3.979735e-05	1
16	rs7190126	29267092	0	9.835652e-05	1.210418e-05	1
16	rs7190132	29752794	0	-1.301643e-04	-1.855230e-05	1
16	rs7190185	29962352	0	-2.553018e-04	-3.165726e-05	1
16	rs7190456	29264848	0	1.927113e-04	3.090430e-05	1
16	rs7190532	29302798	0	-3.478827e-06	-4.804613e-07	1
16	rs7190771	28590030	1	-4.901205e-05	-6.132275e-06	1
16	rs7190932	29303037	0	-3.896465e-05	-5.475674e-06	1
16	rs7191083	29303083	0	-3.896465e-05	-5.475674e-06	1
16	rs7191618	28565667	0	-9.293354e-05	-1.142444e-05	1
16	rs7191849	30023157	0	-1.313260e-04	-1.566561e-05	1
16	rs7192443	29118975	0	4.684423e-04	6.209806e-05	1
16	rs7192601	28614488	0	-2.001576e-04	-2.552069e-05	1
16	rs7192833	29317811	0	2.838925e-04	3.589091e-05	1
16	rs7193274	28872788	0	-4.579286e-04	-6.483279e-05	1
16	rs7193402	28586127	0	6.471819e-05	8.086970e-06	1
16	rs7193414	29005895	0	3.153478e-06	5.870498e-07	1
16	rs7193532	29962802	0	-5.331602e-05	-6.487584e-06	1
16	rs7193733	28875482	0	-1.356601e-04	-1.693941e-05	1
16	rs7193756	29749904	0	-1.301643e-04	-1.855230e-05	1
16	rs7194487	29262119	0	-2.689591e-04	-3.437838e-05	1
16	rs7195050	29711343	0	3.027664e-06	4.437001e-07	1
16	rs7195182	30169761	0	2.398253e-03	1.314634e-03	1
16	rs7195477	29288634	0	-1.154770e-04	-1.456768e-05	1
16	rs7195557	29683587	0	3.130687e-04	4.093519e-05	1
16	rs7195596	29749599	0	-1.301643e-04	-1.855230e-05	1
16	rs7196737	29287441	0	-1.154770e-04	-1.456768e-05	1
16	rs7196973	29118865	0	4.684423e-04	6.209805e-05	1
16	rs7197001	30155031	0	2.141445e-03	8.351505e-04	1
16	rs7197665	29585848	0	2.147106e-04	4.359997e-05	1
16	rs7198549	29657542	0	6.225933e-04	8.456567e-05	1
16	rs7198606	28875122	0	-1.356601e-04	-1.693935e-05	1
16	rs7200220	29314555	0	4.963351e-04	6.572544e-05	1
16	rs7200437	28931953	0	-7.009043e-04	-1.000993e-04	1
16	rs7201384	29924905	0	-5.209425e-04	-6.640538e-05	1
16	rs7201518	30082508	0	-4.871883e-04	-6.051437e-05	1
16	rs7201519	29859977	0	2.280651e-04	3.446049e-05	1
16	rs7201546	29020294	0	4.812509e-04	7.989144e-05	1
16	rs7201780	30147265	0	8.516720e-04	1.236414e-04	1
16	rs7201797	29287496	0	-1.154770e-04	-1.456768e-05	1
16	rs7201929	28871966	0	-4.579286e-04	-6.483276e-05	1
16	rs7201971	29290799	0	-1.154770e-04	-1.456768e-05	1
16	rs7202271	30022656	0	2.000257e-04	3.531308e-05	1
16	rs7202714	30177807	0	1.402364e-03	2.895841e-04	1
16	rs7202802	29289240	0	-1.779311e-04	-2.330128e-05	1
16	rs7202948	28558289	0	-4.490053e-05	-5.518203e-06	1
16	rs7203173	29244914	0	2.603984e-04	4.108363e-05	1
16	rs7203224	30061754	0	8.629017e-05	1.593768e-05	1
16	rs7203240	29268585	0	-2.684255e-04	-3.900272e-05	1
16	rs7203359	30400307	0	8.407609e-04	1.356957e-04	1
16	rs7203494	29288540	0	-1.154770e-04	-1.456768e-05	1
16	rs7203688	29288617	0	-1.217373e-04	-1.536331e-05	1
16	rs7203712	29716569	0	-3.198980e-05	-4.765610e-06	1
16	rs7203872	29288675	0	-1.154770e-04	-1.456767e-05	1
16	rs7204265	29270304	0	-3.087974e-06	-4.488791e-07	1
16	rs7204334	29303244	0	-3.896465e-05	-5.475701e-06	1
16	rs7204748	29267517	0	-7.241873e-05	-1.062853e-05	1
16	rs7204797	29968015	0	-2.047985e-04	-2.525558e-05	1
16	rs7204838	29270649	0	-1.691462e-04	-2.427940e-05	1
16	rs7204852	30040178	0	-1.844188e-04	-2.212634e-05	1
16	rs7205278	29754683	0	-1.301643e-04	-1.855230e-05	1
16	rs7205323	28865892	0	-1.356601e-04	-1.693934e-05	1
16	rs7205802	30114124	0	-2.973506e-04	-3.535010e-05	1
16	rs7206214	28919341	0	4.506771e-04	6.023019e-05	1
16	rs7206427	29258842	0	3.224584e-04	5.140294e-05	1
16	rs7206544	29192661	0	5.212874e-04	7.156408e-05	1
16	rs7206553	29255243	0	5.179780e-04	8.359332e-05	1
16	rs7206859	29293869	0	-1.154770e-04	-1.456767e-05	1
16	rs72483435	29752368	0	5.453303e-04	9.290366e-05	1
16	rs72622204	28579082	0	2.247019e-05	4.544097e-06	1
16	rs72622205	28585621	0	2.247019e-05	4.544097e-06	1
16	rs72622206	28591579	0	2.247019e-05	4.544097e-06	1
16	rs72622207	28591755	0	2.247019e-05	4.544097e-06	1
16	rs72622208	28605147	0	-8.338009e-06	-1.693603e-06	1
16	rs72791208	30035806	0	-3.045676e-04	-6.454709e-05	1
16	rs72791222	30059792	0	1.852926e-04	3.720416e-05	1
16	rs72791226	30091251	0	-1.346252e-04	-2.801693e-05	1
16	rs72791231	30111922	0	1.547030e-04	3.093870e-05	1
16	rs72791250	30349065	0	1.661562e-04	3.290596e-05	1
16	rs72791266	30458954	0	6.299185e-04	1.245899e-04	1
16	rs72791878	28531285	0	3.484915e-04	7.151328e-05	1
16	rs72791888	28551803	0	-7.146941e-05	-1.484993e-05	1
16	rs72791892	28568130	0	3.085446e-04	6.248403e-05	1
16	rs72793807	28651732	0	2.667681e-04	3.602089e-05	1
16	rs72793809	28832382	0	-2.301347e-04	-2.891776e-05	1
16	rs72793811	28839392	0	-2.457582e-04	-3.106196e-05	1
16	rs72793812	28840381	0	-3.402328e-04	-4.348732e-05	1
16	rs72793828	28935580	0	-2.746662e-04	-5.868046e-05	1
16	rs72795939	29210154	0	-1.426263e-04	-2.669041e-05	1
16	rs72795950	29234586	0	1.383159e-04	2.554101e-05	1
16	rs72798106	29658573	0	-2.739880e-04	-3.550486e-05	1
16	rs72798151	29933890	0	-6.874688e-04	-1.682337e-04	1
16	rs729956	29128512	0	-4.081759e-05	-5.181799e-06	1
16	rs73524459	29266200	1	1.709535e-04	2.736139e-05	1
16	rs73526294	29652229	0	-6.415023e-05	-1.160551e-05	1
16	rs73530179	30107781	0	-5.365258e-04	-6.688277e-05	1
16	rs73532550	30190487	0	-5.165400e-05	-7.880985e-06	1
16	rs73532600	30398677	7	5.527717e-04	7.342059e-05	1
16	rs73535886	29027425	1	1.192853e-04	1.436051e-05	1
16	rs735645	29242115	0	-5.640803e-04	-7.700073e-05	1
16	rs7359380	29902414	0	-1.111107e-03	-2.005956e-04	1
16	rs7359397	28885659	0	-2.457582e-04	-3.106195e-05	1
16	rs74017608	29327055	0	-5.430197e-05	-1.065536e-05	1
16	rs74017612	29335171	0	-1.819440e-04	-3.701404e-05	1
16	rs74017619	29437092	1	4.729915e-04	1.026895e-04	1
16	rs7404778	29083429	0	3.366267e-04	6.329014e-05	1
16	rs74249933	29751163	0	-1.301643e-04	-1.855230e-05	1
16	rs743590	28608230	0	3.508208e-05	4.371585e-06	1
16	rs74400203	30036049	0	2.169080e-04	4.042748e-05	1
16	rs74451468	30146257	0	9.138552e-04	2.287178e-04	1
16	rs74657328	29224228	0	2.808825e-04	5.836338e-05	1
16	rs74767856	30095734	0	5.825054e-05	1.049790e-05	1
16	rs74893465	29749194	0	5.453303e-04	9.290367e-05	1
16	rs74899071	28562377	0	3.124425e-05	6.320173e-06	1
16	rs749253	29241309	0	-8.417718e-04	-1.237025e-04	1
16	rs74949322	28506109	0	-2.459139e-04	-5.262774e-05	1
16	rs74974765	28832565	0	-7.802711e-05	-1.490478e-05	1
16	rs7498372	29910725	0	-9.821535e-04	-1.556226e-04	1
16	rs7498555	28893571	0	-2.457582e-04	-3.106194e-05	1
16	rs7498603	28882424	0	-1.356601e-04	-1.693931e-05	1
16	rs7498665	28883241	0	-1.356601e-04	-1.693930e-05	1
16	rs7499337	28872354	0	-2.457582e-04	-3.106193e-05	1
16	rs7499878	28868464	0	-3.624465e-04	-5.020528e-05	1
16	rs7500073	29274563	0	-5.324578e-05	-6.683339e-06	1
16	rs7500321	28977020	0	4.040386e-04	5.523034e-05	1
16	rs75009327	28875738	0	2.856778e-04	5.710317e-05	1
16	rs75177050	29161090	0	-2.756979e-05	-5.379662e-06	1
16	rs75227850	28555894	0	3.085446e-04	6.248404e-05	1
16	rs75281532	29607027	0	5.100477e-04	1.140989e-04	1
16	rs753130	29319599	0	2.969838e-04	4.222503e-05	1
16	rs7542	30125840	0	9.683268e-04	1.406575e-04	1
16	rs75422760	29748442	0	5.311492e-04	9.014501e-05	1
16	rs75460591	30392011	0	-1.215403e-04	-2.498295e-05	1
16	rs75539558	28595810	0	4.333876e-05	5.387345e-06	1
16	rs75549506	29933739	0	-3.205642e-04	-6.276756e-05	1
16	rs75721735	30079724	0	8.629017e-05	1.593766e-05	1
16	rs75738775	28513827	0	4.780005e-05	9.175098e-06	1
16	rs75771	29241928	0	-5.640803e-04	-7.700071e-05	1
16	rs75814811	29269862	0	2.202318e-05	3.238036e-06	1
16	rs75832891	30171625	0	9.772278e-04	2.042334e-04	1
16	rs76001209	29301974	0	-3.478827e-06	-4.804897e-07	1
16	rs76007774	28550269	0	2.317707e-04	4.591220e-05	1
16	rs76106647	30388890	0	-1.296839e-04	-2.658750e-05	1
16	rs762633	28608341	0	6.471819e-05	8.087104e-06	1
16	rs762634	28603335	0	-4.016942e-05	-5.045301e-06	1
16	rs76264759	29628208	0	2.845296e-04	6.069078e-05	1
16	rs76308645	29213135	0	-1.152609e-04	-2.458266e-05	1
16	rs76369024	29301967	0	-3.478827e-06	-4.804903e-07	1
16	rs76436263	29264833	0	1.607433e-04	2.568495e-05	1
16	rs76445101	29751561	0	-1.301643e-04	-1.855231e-05	1
16	rs76507221	29199269	0	-1.152609e-04	-2.458266e-05	1
16	rs76569227	28564991	0	3.124425e-05	6.320172e-06	1
16	rs76662516	28496014	0	1.936028e-04	4.090140e-05	1
16	rs76712312	29976076	0	1.592232e-04	3.122861e-05	1
16	rs76764777	28534196	0	5.862490e-05	1.187137e-05	1
16	rs767812	29316092	0	1.660603e-04	2.851781e-05	1
16	rs76834203	30156068	1	1.027161e-03	2.516227e-04	1
16	rs76840156	29965436	0	-6.536829e-04	-1.591003e-04	1
16	rs7698	30125800	0	6.809396e-04	1.425828e-04	1
16	rs77000650	29749969	0	5.596487e-04	9.572438e-05	1
16	rs77003191	28974698	0	3.098511e-05	6.599755e-06	1
16	rs77016006	30354216	0	-8.633189e-04	-1.575131e-04	1
16	rs77017255	29296898	0	-5.267372e-06	-7.685304e-07	1
16	rs77042391	30138432	0	-4.657212e-05	-9.890304e-06	1
16	rs77070948	30019821	0	7.214200e-04	1.662244e-04	1
16	rs77422319	29039112	0	2.279636e-04	4.291223e-05	1
16	rs77462351	29264820	0	2.250936e-04	3.609931e-05	1
16	rs77465505	29084241	0	4.438400e-04	8.872071e-05	1
16	rs77535137	28565445	0	-9.108763e-05	-1.835625e-05	1
16	rs77595156	28488943	0	4.534701e-04	9.415895e-05	1
16	rs77663651	29750851	0	5.453303e-04	9.290367e-05	1
16	rs77679610	30462291	0	-5.154083e-05	-1.073939e-05	1
16	rs77685267	30192435	0	9.031076e-04	1.979584e-04	1
16	rs77689392	30424412	0	5.498519e-04	1.284135e-04	1
16	rs77730873	30046763	0	-4.687930e-04	-1.068124e-04	1
16	rs77794588	29133007	1	-2.831663e-04	-5.655534e-05	1
16	rs77871165	30405895	0	-1.282657e-04	-2.629540e-05	1
16	rs78008308	30014976	0	-6.536829e-04	-1.591003e-04	1
16	rs78048980	29324276	0	7.367402e-05	1.334020e-05	1
16	rs78055730	29584446	0	-2.874208e-04	-5.959415e-05	1
16	rs78102288	28562642	0	-7.774298e-05	-1.469196e-05	1
16	rs78114333	29260000	0	5.083997e-04	8.084678e-05	1
16	rs78210758	30063191	0	3.562104e-04	7.008019e-05	1
16	rs78225763	28519693	0	-1.110469e-04	-2.052637e-05	1
16	rs78244732	29764804	0	4.838713e-04	7.995688e-05	1
16	rs78363733	30030333	0	3.378791e-04	6.504043e-05	1
16	rs78417606	29874855	0	-4.352659e-04	-9.652533e-05	1
16	rs78520265	29750947	0	5.453303e-04	9.290367e-05	1
16	rs78564187	30131777	0	5.335672e-04	1.038467e-04	1
16	rs78613234	28839425	0	-1.356601e-04	-1.693928e-05	1
16	rs78721020	28532499	0	8.553357e-05	1.728696e-05	1
16	rs78722125	28987857	0	-1.545191e-04	-2.922619e-05	1
16	rs78807581	30014975	0	-6.536829e-04	-1.591003e-04	1
16	rs78850123	29679227	0	-1.221837e-04	-2.618068e-05	1
16	rs79043334	29671016	0	3.225212e-04	6.440728e-05	1
16	rs79046494	28527326	0	-4.971800e-04	-6.876255e-05	1
16	rs79077329	28499121	0	1.936028e-04	4.090140e-05	1
16	rs79186913	29113775	0	4.281591e-04	5.678678e-05	1
16	rs79317729	28523248	0	-1.110469e-04	-2.052637e-05	1
16	rs79323299	30137608	0	4.164284e-04	9.358207e-05	1
16	rs79437555	29353130	0	3.721747e-04	8.089802e-05	1
16	rs79512505	30194328	0	8.488197e-04	1.833906e-04	1
16	rs79619339	30058313	0	1.852926e-04	3.720416e-05	1
16	rs79623117	30190891	0	-9.070351e-05	-1.821755e-05	1
16	rs79654572	29153247	0	-6.992324e-05	-8.795733e-06	1
16	rs79658697	29008509	0	5.201846e-04	1.143057e-04	1
16	rs79722818	28559261	0	-9.108763e-05	-1.835625e-05	1
16	rs79758803	29753925	0	5.453303e-04	9.290367e-05	1
16	rs79780529	28587165	0	6.712897e-04	1.510118e-04	1
16	rs79850259	28552692	0	3.124425e-05	6.320172e-06	1
16	rs79867441	29950820	0	6.058656e-04	1.275261e-04	1
16	rs79912905	28568215	0	-9.108763e-05	-1.835625e-05	1
16	rs80000693	30362813	0	4.751137e-04	1.072124e-04	1
16	rs80179197	29060011	0	5.407273e-04	6.969870e-05	1
16	rs80225586	30406410	0	1.661562e-04	3.290596e-05	1
16	rs80247256	28558457	0	3.124425e-05	6.320171e-06	1
16	rs80260207	30134251	0	4.164284e-04	9.358207e-05	1
16	rs80273739	29933901	0	-2.002007e-04	-3.914583e-05	1
16	rs80282267	30059960	0	-2.112178e-04	-4.177110e-05	1
16	rs80344130	28534448	0	5.862490e-05	1.187137e-05	1
16	rs8043811	29764279	0	-1.606548e-04	-2.268940e-05	1
16	rs8043883	30044581	0	-1.844188e-04	-2.212630e-05	1
16	rs8044407	29154849	0	3.230057e-05	4.094114e-06	1
16	rs8045252	30422415	0	-7.263928e-04	-1.233696e-04	1
16	rs8045276	29025978	0	1.531116e-04	2.041812e-05	1
16	rs8045351	29737351	0	4.378995e-04	7.087227e-05	1
16	rs8045570	30422565	0	-6.308618e-04	-1.039947e-04	1
16	rs8045689	28988269	0	3.986919e-04	5.438221e-05	1
16	rs8046258	29267784	0	2.834030e-04	4.553201e-05	1
16	rs8046271	28541394	0	-6.315490e-05	-7.821233e-06	1
16	rs8046445	30386262	0	1.370115e-03	2.858618e-04	1
16	rs8046545	28915217	0	3.608177e-04	4.732742e-05	1
16	rs8046764	29260696	0	3.224584e-04	5.140296e-05	1
16	rs8047140	29922988	0	6.690000e-04	1.144792e-04	1
16	rs8047315	29216457	0	3.845076e-04	5.185936e-05	1
16	rs8047453	29257145	0	3.224584e-04	5.140295e-05	1
16	rs8047777	29151923	0	-2.434828e-04	-3.113393e-05	1
16	rs8048139	30166626	0	2.172501e-03	8.754549e-04	1
16	rs8048433	29931593	0	-3.070270e-05	-3.650730e-06	1
16	rs8048750	29266272	0	-1.483856e-05	-1.845430e-06	1
16	rs8049052	29272871	0	-2.020645e-04	-2.552530e-05	1
16	rs8049108	30376486	0	-1.608213e-03	-4.104666e-04	1
16	rs8049399	29279209	0	-1.376714e-04	-1.731911e-05	1
16	rs8049739	28632288	0	3.053935e-07	3.233021e-08	1
16	rs8049837	30089438	0	8.629017e-05	1.593762e-05	1
16	rs8050132	29265186	0	9.331346e-05	1.455228e-05	1
16	rs8050576	29919792	0	-5.717623e-04	-7.745214e-05	1
16	rs8051721	30047920	0	2.387853e-04	4.515032e-05	1
16	rs8051833	29896390	0	-1.253717e-03	-2.426100e-04	1
16	rs8052502	29929728	0	-3.744527e-04	-4.586216e-05	1
16	rs8053114	29319922	0	6.776318e-05	8.731587e-06	1
16	rs8053518	29692132	0	1.047318e-03	1.972757e-04	1
16	rs8054074	29016132	0	1.854316e-05	2.269511e-06	1
16	rs8054172	29655864	0	-3.084274e-04	-3.994805e-05	1
16	rs8054272	29692224	0	4.107663e-04	5.557841e-05	1
16	rs8054337	29279597	0	-1.376714e-04	-1.731911e-05	1
16	rs8054507	30046042	0	-1.844188e-04	-2.212619e-05	1
16	rs8054556	29958216	0	1.041229e-04	1.272895e-05	1
16	rs8055138	28891465	0	-1.356601e-04	-1.693925e-05	1
16	rs8055413	29323508	0	-8.204874e-06	-1.653274e-06	1
16	rs8055762	29323692	0	-8.204874e-06	-1.653274e-06	1
16	rs8055867	29958215	0	5.794184e-04	1.219360e-04	1
16	rs8055982	28881202	0	-1.356601e-04	-1.693925e-05	1
16	rs8056114	29266333	0	4.834573e-04	8.294626e-05	1
16	rs8056216	30009589	0	2.000257e-04	3.531301e-05	1
16	rs8056419	29318077	0	2.062481e-05	3.408064e-06	1
16	rs8056535	29960468	0	-1.647440e-04	-2.023226e-05	1
16	rs8056890	28897452	0	-2.409496e-04	-3.065578e-05	1
16	rs8057063	29012393	0	2.852039e-04	4.046106e-05	1
16	rs8057141	29279028	0	3.434272e-05	4.190356e-06	1
16	rs8057332	29279114	0	-1.118298e-04	-1.402093e-05	1
16	rs8057425	30182541	0	2.428544e-03	1.420832e-03	1
16	rs8057883	29279402	0	-1.376714e-04	-1.731913e-05	1
16	rs8058049	29684572	0	-3.731292e-04	-4.878543e-05	1
16	rs8058242	29018407	0	6.480498e-05	7.941811e-06	1
16	rs8058765	30013457	0	1.407223e-04	2.508701e-05	1
16	rs8058824	29828710	0	4.120626e-04	6.464757e-05	1
16	rs8059516	29257291	0	3.224584e-04	5.140297e-05	1
16	rs8059619	29925445	0	-3.744527e-04	-4.586194e-05	1
16	rs8060295	29266170	0	4.834573e-04	8.294628e-05	1
16	rs8060345	29023105	0	2.805949e-04	3.400994e-05	1
16	rs8060511	30101596	0	-5.995574e-04	-7.649260e-05	1
16	rs8060534	28941480	0	-6.139125e-05	-7.600436e-06	1
16	rs8060853	30403858	0	8.790213e-04	1.428128e-04	1
16	rs8061029	29272747	0	-2.020645e-04	-2.552532e-05	1
16	rs8061590	28895130	0	-1.862307e-04	-2.341499e-05	1
16	rs8061634	29833414	0	4.321095e-04	6.800638e-05	1
16	rs8061772	30119525	0	4.622238e-04	7.605219e-05	1
16	rs8061773	29746166	0	2.260885e-04	3.352032e-05	1
16	rs8061877	28856819	0	-4.579286e-04	-6.483276e-05	1
16	rs8062082	29672582	0	-1.234474e-04	-2.203698e-05	1
16	rs8062405	28837906	0	-1.668152e-04	-2.071194e-05	1
16	rs8062695	29284412	0	-1.376714e-04	-1.731912e-05	1
16	rs8062730	29279180	3	3.441620e-05	4.262450e-06	1
16	rs8063282	29257288	0	4.871698e-04	7.845902e-05	1
16	rs8063490	29257435	0	4.871698e-04	7.845902e-05	1
16	rs8063720	30174531	0	2.136901e-04	3.498319e-05	1
16	rs8063942	30455434	0	-3.975865e-04	-7.870060e-05	1
16	rs8335	29869748	0	1.104817e-04	2.155184e-05	1
16	rs871886	29318553	0	1.480156e-04	2.066542e-05	1
16	rs871887	29318619	0	2.661756e-04	3.767023e-05	1
16	rs871888	29318906	0	3.690135e-04	5.308466e-05	1
16	rs889567	29144706	0	-5.444694e-04	-7.509244e-05	1
16	rs889682	29145543	0	-5.444694e-04	-7.509243e-05	1
16	rs889684	29128811	0	-5.239350e-04	-7.176085e-05	1
16	rs889685	29128990	0	-5.239350e-04	-7.176084e-05	1
16	rs889686	29193424	0	5.212874e-04	7.156409e-05	1
16	rs889687	29193375	0	5.212874e-04	7.156409e-05	1
16	rs889688	29193338	0	5.212874e-04	7.156410e-05	1
16	rs930392	30194840	0	2.309897e-03	1.108755e-03	1
16	rs9319595	29149645	0	-2.745609e-04	-4.318653e-05	1
16	rs9319596	29149660	0	-2.745609e-04	-4.318653e-05	1
16	rs9708958	28922743	0	4.007178e-04	5.335677e-05	1
16	rs9746702	28903188	0	8.103004e-04	1.225010e-04	1
16	rs9783783	30078492	0	-6.201750e-04	-8.015040e-05	1
16	rs9888967	30407979	0	9.646447e-04	1.584520e-04	1
16	rs9921268	29280801	0	1.556287e-04	1.980312e-05	1
16	rs9921711	30394541	0	1.145878e-03	2.184060e-04	1
16	rs9921783	29839449	0	4.429480e-04	6.991345e-05	1
16	rs9922041	30110467	0	-4.472345e-04	-5.449428e-05	1
16	rs9922666	29698625	0	-7.832118e-04	-1.252620e-04	1
16	rs9923079	28546620	0	5.688271e-05	1.117662e-05	1
16	rs9923341	29698710	0	-6.556073e-04	-1.011768e-04	1
16	rs9923649	29832138	0	4.120626e-04	6.464763e-05	1
16	rs9924308	30154740	0	2.141445e-03	8.351380e-04	1
16	rs9924471	28591530	0	-2.649288e-04	-4.155431e-05	1
16	rs9924619	29016528	0	4.263820e-04	6.912613e-05	1
16	rs9924686	30003076	0	-5.331602e-05	-6.486748e-06	1
16	rs9925102	29983148	0	-3.994220e-04	-5.095867e-05	1
16	rs9925602	29004399	0	1.171144e-04	1.464288e-05	1
16	rs9925915	29993686	0	-3.401186e-04	-4.253755e-05	1
16	rs9926245	28555706	0	7.743136e-05	9.611576e-06	1
16	rs9926308	29022130	0	1.590526e-04	2.088741e-05	1
16	rs9928448	30072530	0	-5.323868e-04	-6.814228e-05	1
16	rs9929088	29001460	0	4.698570e-04	6.487767e-05	1
16	rs9929198	28644980	0	2.219794e-04	2.695994e-05	1
16	rs9929456	29015149	0	3.723160e-04	5.447755e-05	1
16	rs9929469	29281066	0	1.556287e-04	1.980311e-05	1
16	rs9929925	29763764	0	5.416078e-05	7.551139e-06	1
16	rs9931989	28906084	0	3.133697e-04	4.025911e-05	1
16	rs9932193	30068469	0	-5.733181e-04	-7.388005e-05	1
16	rs9932196	29983119	0	-3.266124e-04	-4.103744e-05	1
16	rs9932416	29682494	0	3.329667e-04	4.425618e-05	1
16	rs9932605	30092048	0	-6.013577e-04	-7.687937e-05	1
16	rs9932653	29865673	0	2.423835e-04	3.666452e-05	1
16	rs9932702	29982961	0	-3.994220e-04	-5.095861e-05	1
16	rs9933198	28888409	0	-4.875913e-04	-6.956364e-05	1
16	rs9933310	29690904	0	-3.952769e-04	-5.165431e-05	1
16	rs9933358	30182074	1	1.001107e-04	1.658861e-05	1
16	rs9933431	29280425	0	-2.830224e-04	-3.632005e-05	1
16	rs9934360	29588933	0	4.397708e-04	8.639277e-05	1
16	rs9934724	29303629	0	-3.896465e-05	-5.475737e-06	1
16	rs9935557	29283463	0	1.556287e-04	1.980312e-05	1
16	rs9936065	30409699	0	-1.345069e-04	-2.527299e-05	1
16	rs9936474	29932691	0	-3.744527e-04	-4.586157e-05	1
16	rs9936496	29758793	0	-1.724282e-04	-2.422880e-05	1
16	rs9937596	28555157	0	5.688271e-05	1.117660e-05	1
16	rs9937600	29277513	2	-1.394536e-04	-1.742648e-05	1
16	rs9937676	28969480	0	1.512811e-04	1.818340e-05	1
16	rs9938630	29837108	0	3.503235e-04	5.221493e-05	1
16	rs9939514	29855731	0	2.280651e-04	3.446078e-05	1
16	rs9939774	30068354	0	-6.211137e-04	-8.626648e-05	1
16	rs9940440	29684788	0	-3.804939e-04	-4.986662e-05	1
16	rs9940962	29703334	0	1.073488e-04	1.671925e-05	1
16	rs9972693	28859802	0	-1.356601e-04	-1.693910e-05	1
16	rs9972768	28861734	0	-1.356601e-04	-1.693910e-05	1
