chr	rs	ps	n_miss	b	beta	gamma
19	rs1004526	58588849	0	3.689722e-04	1.263324e-05	1
19	rs1005050	58949579	0	3.032036e-04	1.043467e-05	1
19	rs101447	58720717	0	7.157561e-04	2.476509e-05	1
19	rs1014767	58528303	0	1.170252e-03	4.159547e-05	1
19	rs1015224	58724380	0	-4.401027e-04	-1.625789e-05	1
19	rs1019490	58610559	0	-1.946386e-04	-6.577089e-06	1
19	rs1020054	58987301	0	-1.297398e-04	-4.725446e-06	1
19	rs10401711	58624499	0	1.096650e-04	3.829133e-06	1
19	rs10402098	58624615	0	1.096650e-04	3.829132e-06	1
19	rs10402211	58652341	0	1.168932e-03	4.206125e-05	1
19	rs10402307	58624732	0	9.214443e-04	3.286446e-05	1
19	rs10402325	58913507	0	2.935544e-04	1.028171e-05	1
19	rs10403117	58744033	0	1.535725e-03	6.056096e-05	1
19	rs10404798	58628509	0	2.567601e-04	8.994857e-06	1
19	rs10405350	58628515	0	1.865700e-04	6.498264e-06	1
19	rs10405769	58917418	0	6.871887e-04	2.350641e-05	1
19	rs10406593	58917575	0	2.120205e-04	7.242902e-06	1
19	rs10407096	58887170	0	-3.369449e-04	-1.140305e-05	1
19	rs10407616	58896384	0	1.815907e-04	6.506833e-06	1
19	rs10407894	58625081	0	1.096650e-04	3.829123e-06	1
19	rs10409388	58604114	0	1.116846e-03	3.983139e-05	1
19	rs10411535	58708526	0	7.864695e-04	2.697077e-05	1
19	rs10411892	58923725	0	1.263703e-04	4.298125e-06	1
19	rs10412181	58814507	0	6.130164e-04	2.131867e-05	1
19	rs10412209	58629463	0	2.634445e-04	9.229907e-06	1
19	rs10412612	58632446	0	1.479729e-04	5.164342e-06	1
19	rs10414125	59064327	0	-9.791115e-06	-3.599484e-07	1
19	rs10415286	58720992	0	-2.038576e-05	-6.994466e-07	1
19	rs10415313	58675417	0	9.008416e-04	3.175620e-05	1
19	rs10416149	58964306	0	-1.715743e-05	-6.024610e-07	1
19	rs10417092	58915193	0	3.201817e-04	1.097716e-05	1
19	rs10417104	58923866	0	6.141592e-05	2.047063e-06	1
19	rs10419091	58723359	0	7.635145e-04	2.717207e-05	1
19	rs10419259	58630192	0	1.056690e-03	3.802224e-05	1
19	rs10420221	58794026	0	-3.258991e-04	-1.118173e-05	1
19	rs10420540	58521290	0	4.348585e-05	1.537463e-06	1
19	rs10420801	58609457	0	2.923326e-04	1.021451e-05	1
19	rs10421140	58609376	0	2.125796e-04	7.488368e-06	1
19	rs10421350	58609443	0	2.616739e-04	9.138627e-06	1
19	rs10422127	58609220	0	2.168591e-04	7.630015e-06	1
19	rs10422438	58523444	0	4.422162e-04	1.549263e-05	1
19	rs10422730	58618747	0	2.403470e-04	8.381710e-06	1
19	rs10423138	58928302	0	7.082560e-04	2.428292e-05	1
19	rs10423778	58627574	0	1.186840e-03	4.323629e-05	1
19	rs10424179	58627725	0	1.226209e-03	4.488046e-05	1
19	rs10425266	58694416	0	1.398443e-03	5.224121e-05	1
19	rs10425685	58703085	0	1.390545e-03	5.190673e-05	1
19	rs10432292	59036273	0	4.966904e-05	1.794915e-06	1
19	rs10469313	58892510	0	-4.936352e-04	-1.683739e-05	1
19	rs1051500	58944402	0	7.572049e-04	2.604238e-05	1
19	rs1057402	58580277	0	6.514773e-05	2.198063e-06	1
19	rs1064267	58597405	0	-1.283936e-03	-4.791536e-05	1
19	rs1077420	58968875	0	5.324824e-04	1.807264e-05	1
19	rs10775573	58614974	0	-1.946386e-04	-6.577137e-06	1
19	rs10775574	58615053	0	-1.946386e-04	-6.577139e-06	1
19	rs1080416	58559785	0	-4.666119e-04	-1.643012e-05	1
19	rs10853902	58614749	0	-1.946386e-04	-6.577140e-06	1
19	rs10853903	58714926	0	1.417356e-03	5.300569e-05	1
19	rs10853904	58885260	0	3.461356e-05	1.255916e-06	1
19	rs10878	58595676	0	-1.157154e-03	-4.256857e-05	1
19	rs1107399	58955556	0	2.375789e-04	8.136834e-06	1
19	rs11084528	58527472	0	1.057020e-03	3.719602e-05	1
19	rs11084531	58582586	0	-3.473133e-05	-1.192489e-06	1
19	rs11084532	58583939	0	-1.796066e-05	-6.243518e-07	1
19	rs11084534	58613950	0	-1.946386e-04	-6.577142e-06	1
19	rs11084535	58614035	0	-1.946386e-04	-6.577145e-06	1
19	rs11084537	58629227	0	3.664603e-04	1.295680e-05	1
19	rs11084538	58629238	0	2.395243e-04	8.350101e-06	1
19	rs11084542	58932099	0	-7.474258e-05	-2.595132e-06	1
19	rs11084543	58932701	0	-9.725065e-05	-3.379505e-06	1
19	rs11084544	58940127	0	-6.540889e-05	-2.272832e-06	1
19	rs11084545	58951693	0	7.564660e-04	2.602400e-05	1
19	rs111426967	58526736	0	5.442367e-04	1.972271e-05	1
19	rs111476488	58632584	0	-7.666215e-05	-2.686589e-06	1
19	rs111497992	58952247	0	-1.743106e-04	-6.394658e-06	1
19	rs111938040	58682195	0	-3.007190e-04	-1.104107e-05	1
19	rs111961880	58521852	0	1.178629e-05	4.244910e-07	1
19	rs112072625	58851928	0	-1.123845e-04	-4.090525e-06	1
19	rs112121304	58747493	0	1.910032e-03	7.948361e-05	1
19	rs1122955	58946203	0	-8.852165e-05	-3.078080e-06	1
19	rs112380274	58538047	0	6.661428e-04	2.483308e-05	1
19	rs112404933	59051273	16	2.118931e-04	7.402085e-06	1
19	rs112630877	58713159	0	8.906514e-04	3.347215e-05	1
19	rs112710702	58907700	0	5.746791e-05	2.106327e-06	1
19	rs112807223	58957572	0	-1.895336e-05	-6.972821e-07	1
19	rs112809147	58521822	0	3.433761e-04	1.240476e-05	1
19	rs112884174	58795474	0	3.569915e-04	1.223990e-05	1
19	rs112905868	58696543	0	1.419744e-03	5.322515e-05	1
19	rs112923015	58843344	0	-6.405650e-06	-2.333084e-07	1
19	rs113038922	58848825	2	9.114166e-05	3.316336e-06	1
19	rs113128193	59054938	0	1.700684e-04	6.217450e-06	1
19	rs113129007	58572389	0	-8.240414e-05	-3.034993e-06	1
19	rs113234672	59044327	0	-4.966904e-05	-1.794915e-06	1
19	rs113267181	59018390	0	7.232039e-04	2.503458e-05	1
19	rs113630669	59008097	9	9.373978e-04	3.296126e-05	1
19	rs113702420	58728671	0	-4.675676e-04	-1.729678e-05	1
19	rs113742427	59035589	0	6.607713e-04	2.281723e-05	1
19	rs113744797	58793000	0	5.070132e-04	1.892045e-05	1
19	rs113747485	58702661	0	8.294091e-04	3.092987e-05	1
19	rs113782954	58521588	0	1.002322e-04	3.492328e-06	1
19	rs113896796	58999674	0	5.514370e-05	2.036446e-06	1
19	rs113896797	58522122	0	3.868620e-04	1.354350e-05	1
19	rs113897676	58526091	2	4.860399e-04	1.753260e-05	1
19	rs113909979	58843146	0	-6.405650e-06	-2.333070e-07	1
19	rs113992190	58531244	0	3.433761e-04	1.240476e-05	1
19	rs114393548	58963349	0	3.056865e-04	1.050444e-05	1
19	rs11486499	59017417	0	-3.740799e-04	-1.266305e-05	1
19	rs115134660	58671275	0	2.949034e-04	1.079401e-05	1
19	rs11545185	59028585	0	-9.399811e-04	-3.413786e-05	1
19	rs11665688	58953762	0	-1.562544e-04	-5.459101e-06	1
19	rs11666156	58790359	0	-3.154290e-04	-1.070391e-05	1
19	rs11666227	58573559	0	3.313050e-04	1.122445e-05	1
19	rs11666303	58922502	0	-9.725065e-05	-3.379496e-06	1
19	rs11666477	58777937	0	-2.125019e-04	-7.203203e-06	1
19	rs11666502	58953826	0	-1.613859e-04	-5.637723e-06	1
19	rs11666610	58527828	0	8.525181e-04	2.963003e-05	1
19	rs11666716	58920952	0	-9.725065e-05	-3.379494e-06	1
19	rs11666790	59033341	0	-3.767284e-04	-1.277083e-05	1
19	rs11666928	58914231	0	-2.978695e-05	-1.033003e-06	1
19	rs11667482	58568958	0	5.377104e-04	1.838751e-05	1
19	rs11667581	58622193	0	-8.757578e-05	-2.959694e-06	1
19	rs11667723	58927489	0	-9.725065e-05	-3.379493e-06	1
19	rs11668071	58973141	0	1.042799e-04	3.846554e-06	1
19	rs11668201	59003632	0	-3.943041e-04	-1.384360e-05	1
19	rs11668350	58775813	0	-3.800162e-04	-1.296951e-05	1
19	rs11668420	58937836	0	-4.830178e-05	-1.676033e-06	1
19	rs11668757	58928299	0	6.031610e-05	2.112685e-06	1
19	rs11668785	58780089	0	-5.486658e-04	-1.876141e-05	1
19	rs11668789	58928309	0	-9.725065e-05	-3.379488e-06	1
19	rs11668814	58946833	0	-8.852165e-05	-3.078062e-06	1
19	rs11668821	58955813	0	-1.613859e-04	-5.637713e-06	1
19	rs11669093	58912795	0	4.242485e-04	1.538339e-05	1
19	rs11669127	59003830	0	-4.719675e-04	-1.667482e-05	1
19	rs11669305	58886431	0	-5.476432e-05	-1.940754e-06	1
19	rs11669345	59062259	0	-6.270422e-04	-2.220961e-05	1
19	rs11669347	58951632	0	2.397369e-04	8.226306e-06	1
19	rs11669373	58798685	0	-3.805812e-04	-1.292602e-05	1
19	rs11669378	58951686	0	2.895110e-04	9.950618e-06	1
19	rs11669464	58998901	0	-5.550988e-04	-1.971050e-05	1
19	rs11669526	58998914	0	-5.550988e-04	-1.971050e-05	1
19	rs11669665	58931885	8	-3.040314e-05	-1.051805e-06	1
19	rs11669741	58960481	0	5.832712e-04	1.988959e-05	1
19	rs11669829	58624120	0	1.096650e-04	3.829096e-06	1
19	rs11669919	58580394	0	-3.809900e-05	-1.306204e-06	1
19	rs11670035	58573649	0	2.018306e-04	6.817874e-06	1
19	rs11670075	58751393	0	3.132973e-05	1.049750e-06	1
19	rs11670192	59017640	0	-5.299004e-04	-1.868225e-05	1
19	rs11670322	58917125	0	2.592085e-04	8.899300e-06	1
19	rs11670347	58917040	0	4.022769e-04	1.394762e-05	1
19	rs11670764	58992896	0	1.547422e-04	5.268532e-06	1
19	rs11670848	58580962	0	-2.132833e-05	-7.382672e-07	1
19	rs11670864	59030580	0	-6.299740e-04	-2.229850e-05	1
19	rs11670871	58940514	0	-4.290083e-05	-1.487890e-06	1
19	rs11671033	58963669	0	-4.201187e-04	-1.480259e-05	1
19	rs11671092	59009109	0	-6.428411e-04	-2.297322e-05	1
19	rs11671113	58958087	0	5.832712e-04	1.988958e-05	1
19	rs11671199	58722673	0	9.814584e-04	3.538767e-05	1
19	rs11671477	58800346	0	-3.805812e-04	-1.292602e-05	1
19	rs11671486	58793064	0	-2.878380e-04	-9.760464e-06	1
19	rs11671591	58918337	0	-7.474258e-05	-2.595096e-06	1
19	rs11671725	58587046	0	-2.132833e-05	-7.382711e-07	1
19	rs11672212	59018821	0	3.672898e-05	1.337113e-06	1
19	rs11672258	58934685	0	-9.725065e-05	-3.379470e-06	1
19	rs11672379	58575800	0	1.032467e-04	3.537935e-06	1
19	rs11672609	59006924	0	-6.428411e-04	-2.297322e-05	1
19	rs11672614	59006984	0	-6.428411e-04	-2.297322e-05	1
19	rs11672645	58718698	0	-4.073040e-04	-1.411200e-05	1
19	rs11672730	59007203	0	-6.428411e-04	-2.297322e-05	1
19	rs11672765	58801758	0	2.767898e-04	9.334447e-06	1
19	rs11672773	58801784	0	1.114069e-04	3.754911e-06	1
19	rs11673069	58934918	0	4.320899e-05	1.515232e-06	1
19	rs11673101	58995053	0	-3.246606e-04	-1.147491e-05	1
19	rs11673436	58576358	0	-3.809900e-05	-1.306220e-06	1
19	rs11673465	59038895	0	-5.455482e-04	-1.917296e-05	1
19	rs11673550	58777337	0	5.947476e-04	2.027207e-05	1
19	rs11673557	58777390	0	5.951744e-04	2.029662e-05	1
19	rs11673703	58983549	0	6.866561e-04	2.522117e-05	1
19	rs116922203	58537659	0	-2.039885e-04	-7.513225e-06	1
19	rs116938565	58752980	0	-1.468391e-04	-5.337700e-06	1
19	rs117121674	58619217	0	5.758040e-05	2.127750e-06	1
19	rs117207849	58645844	0	-2.235565e-04	-8.273627e-06	1
19	rs117233340	58531540	0	-1.270363e-04	-4.678659e-06	1
19	rs117415600	58985438	0	-2.332486e-04	-8.627299e-06	1
19	rs117450623	58789961	0	2.271600e-05	8.328880e-07	1
19	rs117465682	58954770	0	-2.332486e-04	-8.627299e-06	1
19	rs117482759	58808414	0	7.309298e-05	2.700793e-06	1
19	rs117509647	58580355	0	-2.119748e-04	-7.809953e-06	1
19	rs117591817	58875573	0	1.641142e-04	6.059903e-06	1
19	rs117667229	58690935	0	6.051601e-04	2.250095e-05	1
19	rs117761389	58665641	0	1.656454e-04	6.099494e-06	1
19	rs117800501	58649809	0	-7.337526e-05	-2.700733e-06	1
19	rs117831716	58571600	0	-1.980534e-04	-7.331957e-06	1
19	rs117962485	58794158	0	2.181095e-04	8.087600e-06	1
19	rs118058287	58726678	0	5.994817e-04	2.235405e-05	1
19	rs118098469	59027453	0	3.581489e-05	1.319741e-06	1
19	rs118122480	58697975	0	2.553590e-04	9.426291e-06	1
19	rs118165397	58873238	0	4.460753e-04	1.634843e-05	1
19	rs11878198	58920302	0	-9.725065e-05	-3.379461e-06	1
19	rs11878203	58920050	0	-7.474258e-05	-2.595085e-06	1
19	rs11879192	58613591	0	-1.946386e-04	-6.577151e-06	1
19	rs11879575	58660968	0	-2.068540e-04	-7.266331e-06	1
19	rs11879748	58613819	0	-1.946386e-04	-6.577153e-06	1
19	rs11879808	58876517	0	3.465674e-04	1.254229e-05	1
19	rs11881000	58932788	0	-7.474258e-05	-2.595084e-06	1
19	rs11881126	58523990	0	8.644682e-04	3.007697e-05	1
19	rs11882226	59064636	0	-9.791115e-06	-3.599473e-07	1
19	rs11882439	58730564	0	-6.461418e-04	-2.283715e-05	1
19	rs11883119	58750511	0	-1.468391e-04	-5.337699e-06	1
19	rs11883136	58750671	0	-1.468391e-04	-5.337699e-06	1
19	rs12052202	59048311	0	-2.075509e-04	-7.560411e-06	1
19	rs12151036	58714235	0	1.368935e-03	5.098052e-05	1
19	rs12459294	58878494	0	2.262012e-04	8.195800e-06	1
19	rs12459340	58878484	0	-2.376719e-04	-7.998194e-06	1
19	rs12459664	58883817	0	1.098177e-04	3.977797e-06	1
19	rs12459668	58883897	0	-2.733140e-04	-9.961503e-06	1
19	rs12459942	58678797	0	9.326422e-05	3.429913e-06	1
19	rs12460016	58784640	0	1.074812e-03	3.889716e-05	1
19	rs12460050	58666109	0	-7.389519e-05	-2.563293e-06	1
19	rs12460553	58903304	0	-6.900826e-04	-2.381531e-05	1
19	rs12460623	58903574	0	-4.421655e-04	-1.508496e-05	1
19	rs12460974	58537461	0	-1.618297e-03	-6.001324e-05	1
19	rs12461217	58579927	0	1.570951e-04	5.394578e-06	1
19	rs12461356	58668553	0	1.523204e-03	5.645204e-05	1
19	rs12461832	58611210	0	-1.946386e-04	-6.577161e-06	1
19	rs12462307	58784732	0	-4.615373e-04	-1.603023e-05	1
19	rs12462497	58964424	0	-1.960262e-04	-7.076903e-06	1
19	rs12462787	58801360	0	4.762601e-04	1.668868e-05	1
19	rs12608795	58896477	0	-3.689514e-05	-1.240398e-06	1
19	rs12609270	58888787	0	-5.536630e-04	-1.885748e-05	1
19	rs12611047	58889108	0	-5.318334e-04	-1.815063e-05	1
19	rs1265953	58854566	0	1.134097e-04	4.116040e-06	1
19	rs1265954	58854600	0	1.738953e-04	6.326747e-06	1
19	rs1265955	58856812	0	2.139476e-04	7.794064e-06	1
19	rs1265956	58857131	0	1.659924e-04	5.981334e-06	1
19	rs1265957	58858676	0	1.564652e-04	5.731502e-06	1
19	rs1265961	58860387	2	3.716788e-05	1.316370e-06	1
19	rs1268538	58853363	0	-1.738953e-04	-6.326747e-06	1
19	rs12971534	58541508	0	-5.177496e-04	-1.833945e-05	1
19	rs12971923	58634625	0	-3.916480e-04	-1.367876e-05	1
19	rs12971940	58541514	0	-5.951128e-04	-2.119364e-05	1
19	rs12972034	58690818	0	-5.816491e-04	-2.032142e-05	1
19	rs12972054	58735053	0	-1.875997e-04	-6.518979e-06	1
19	rs12972201	59035989	0	-2.751160e-05	-9.865240e-07	1
19	rs12972400	59036000	0	-4.106887e-04	-1.514939e-05	1
19	rs12972438	58728126	0	-2.865342e-04	-9.896180e-06	1
19	rs12972443	58757870	0	-2.239992e-05	-7.710916e-07	1
19	rs12972597	59036021	0	-4.106887e-04	-1.514939e-05	1
19	rs12972636	59036119	0	-4.429749e-04	-1.635083e-05	1
19	rs12972884	58749797	0	-3.810224e-05	-1.303784e-06	1
19	rs12972898	58956888	0	-8.806104e-05	-3.076812e-06	1
19	rs12972962	59036017	0	-4.106887e-04	-1.514939e-05	1
19	rs12973189	58618974	0	-9.147644e-04	-3.200896e-05	1
19	rs12973218	58729931	0	-6.461418e-04	-2.283712e-05	1
19	rs12973231	58729904	0	-6.461418e-04	-2.283712e-05	1
19	rs12973458	58729973	0	-6.461418e-04	-2.283711e-05	1
19	rs12973718	58580615	0	1.597605e-05	5.836491e-07	1
19	rs12974045	58612080	10	6.950666e-05	2.319238e-06	1
19	rs12974312	58612154	0	-1.946386e-04	-6.577145e-06	1
19	rs12975369	58693418	0	-5.816491e-04	-2.032139e-05	1
19	rs12975659	58612122	0	-2.229331e-05	-7.873327e-07	1
19	rs12975995	58553864	0	-5.736104e-04	-2.031460e-05	1
19	rs12976331	58751639	0	3.227282e-04	1.101837e-05	1
19	rs12976771	58614336	0	-1.946386e-04	-6.577146e-06	1
19	rs12976842	58614404	0	-1.946386e-04	-6.577148e-06	1
19	rs12976966	58647516	0	-2.797910e-04	-9.920387e-06	1
19	rs12977251	58605521	0	-7.903155e-04	-2.748461e-05	1
19	rs12977390	58614604	0	-1.946386e-04	-6.577144e-06	1
19	rs12977592	58961056	0	3.412900e-04	1.168167e-05	1
19	rs12977863	58702050	0	-5.816491e-04	-2.032138e-05	1
19	rs12977929	58688430	0	-5.816491e-04	-2.032137e-05	1
19	rs12978129	58725724	0	-4.033504e-04	-1.397134e-05	1
19	rs12978139	58732605	0	-5.288976e-04	-1.859422e-05	1
19	rs12978152	58732656	0	-1.007024e-03	-3.572055e-05	1
19	rs12978231	58614357	0	-1.946386e-04	-6.577136e-06	1
19	rs12979108	58732779	0	-6.880807e-04	-2.437295e-05	1
19	rs12979415	58952608	0	-2.781016e-04	-1.023050e-05	1
19	rs12979906	58732532	0	-1.157040e-03	-4.124078e-05	1
19	rs12980120	58618223	0	1.022519e-04	3.577960e-06	1
19	rs12980208	58860812	0	3.335517e-04	1.215924e-05	1
19	rs12980211	58611169	0	-1.946386e-04	-6.577137e-06	1
19	rs12980299	58787473	0	-2.878380e-04	-9.760438e-06	1
19	rs12980430	59002009	0	6.410690e-04	2.205097e-05	1
19	rs12980623	58624996	0	-6.275202e-04	-2.245027e-05	1
19	rs12980697	58963488	0	-2.347585e-04	-8.193641e-06	1
19	rs12980907	58956326	0	-1.613859e-04	-5.637681e-06	1
19	rs12981083	58963468	0	7.046808e-05	2.466456e-06	1
19	rs12981092	58963475	0	-1.536659e-04	-5.348957e-06	1
19	rs12981338	58618736	0	-8.794009e-04	-3.072285e-05	1
19	rs12981417	58596956	0	-1.182737e-03	-4.380557e-05	1
19	rs12981649	58930043	0	-9.725065e-05	-3.379450e-06	1
19	rs12981684	58632144	0	-3.916480e-04	-1.367870e-05	1
19	rs12981875	58935130	0	-1.143578e-04	-3.975924e-06	1
19	rs12982505	58613285	0	3.049729e-05	1.021324e-06	1
19	rs12982863	58715418	0	-7.311864e-04	-2.570931e-05	1
19	rs12983138	58655373	0	1.143069e-03	4.021102e-05	1
19	rs12983165	58958435	0	-1.613859e-04	-5.637675e-06	1
19	rs12983169	58768177	0	-2.817436e-04	-9.630434e-06	1
19	rs12983679	58923736	0	-7.474258e-05	-2.595071e-06	1
19	rs12983701	58613499	0	6.679867e-06	2.141113e-07	1
19	rs12983728	58671267	0	-3.687986e-04	-1.311446e-05	1
19	rs12983843	58923618	1	-1.468567e-04	-5.111708e-06	1
19	rs12984015	58613031	0	-1.946386e-04	-6.577132e-06	1
19	rs12984254	58613113	0	-1.946386e-04	-6.577135e-06	1
19	rs12984878	58562150	0	-3.908378e-04	-1.372261e-05	1
19	rs12985394	58958585	0	-1.613859e-04	-5.637672e-06	1
19	rs12985543	58689072	0	-5.816491e-04	-2.032133e-05	1
19	rs12986027	58793596	0	-2.878380e-04	-9.760430e-06	1
19	rs12986378	58727821	0	-2.865342e-04	-9.896094e-06	1
19	rs12986387	58927215	0	-9.725065e-05	-3.379442e-06	1
19	rs13343526	58908150	0	5.688932e-04	2.060005e-05	1
19	rs13344679	58693697	0	1.390545e-03	5.190659e-05	1
19	rs13345808	58674696	0	8.505760e-04	2.981225e-05	1
19	rs13346342	58522715	0	3.905759e-04	1.396569e-05	1
19	rs13382065	58903698	0	-5.615309e-04	-1.926696e-05	1
19	rs139211863	58843003	0	-6.405650e-06	-2.333216e-07	1
19	rs140171882	58659248	0	-2.142218e-05	-7.488251e-07	1
19	rs140214515	58654197	0	-2.436481e-04	-9.005489e-06	1
19	rs140638120	58754319	0	-9.697231e-06	-3.541370e-07	1
19	rs140755790	58680275	0	3.421942e-04	1.251326e-05	1
19	rs141669549	58690674	0	1.153276e-03	4.233971e-05	1
19	rs141815249	58690989	0	6.051601e-04	2.250095e-05	1
19	rs142677013	58655817	0	7.636406e-05	2.817853e-06	1
19	rs143096975	58622408	0	-2.578410e-04	-9.497431e-06	1
19	rs143314212	58810770	0	4.156525e-04	1.538705e-05	1
19	rs143712775	58643218	0	1.986198e-04	7.254493e-06	1
19	rs144310654	58669338	0	-1.700642e-04	-6.283734e-06	1
19	rs144479077	58634823	0	8.300517e-06	3.061574e-07	1
19	rs144760313	58894031	0	-6.291296e-04	-2.333035e-05	1
19	rs144929606	59015873	0	7.708645e-04	2.675382e-05	1
19	rs1465789	58946056	0	7.572049e-04	2.604231e-05	1
19	rs1469087	58572979	0	6.347611e-04	2.301465e-05	1
19	rs147878006	58887658	0	-2.039294e-04	-7.412023e-06	1
19	rs148493024	58655648	0	-1.016848e-04	-3.743099e-06	1
19	rs148953731	58662865	0	-4.609545e-04	-1.698246e-05	1
19	rs149513825	58925379	0	-2.332486e-04	-8.627305e-06	1
19	rs149594935	58681857	0	-9.720431e-05	-3.539118e-06	1
19	rs149863732	58917068	0	3.119202e-04	1.077210e-05	1
19	rs150191918	58691030	0	-1.853386e-05	-6.861503e-07	1
19	rs150752046	58888366	0	5.266050e-04	1.934882e-05	1
19	rs150892142	58743405	0	-6.152236e-04	-2.281425e-05	1
19	rs150997678	59052967	1	-4.127900e-06	-1.474274e-07	1
19	rs151265692	59019648	0	1.709059e-04	6.275438e-06	1
19	rs1529329	58600048	0	4.427713e-04	1.558639e-05	1
19	rs1529958	58899466	0	-3.954429e-04	-1.336940e-05	1
19	rs1529959	58899342	0	-6.980028e-04	-2.393018e-05	1
19	rs1544796	58542425	0	-1.051135e-04	-3.781307e-06	1
19	rs1544888	58570912	0	4.848735e-05	1.653116e-06	1
19	rs1549279	58528621	0	1.294663e-03	4.665501e-05	1
19	rs1549491	58588434	0	3.952315e-04	1.361898e-05	1
19	rs1549492	58585248	0	3.517772e-04	1.206462e-05	1
19	rs1549493	58585367	0	3.479605e-04	1.191061e-05	1
19	rs1549495	58529518	0	8.561596e-04	2.975414e-05	1
19	rs157355	58692686	0	9.277004e-04	3.224188e-05	1
19	rs157357	58693870	0	3.487755e-04	1.244832e-05	1
19	rs157358	58643751	0	1.509147e-04	5.297005e-06	1
19	rs157360	58650058	0	4.895190e-04	1.704438e-05	1
19	rs157361	58676017	0	4.244488e-04	1.506336e-05	1
19	rs157362	58675894	0	3.439198e-04	1.220268e-05	1
19	rs157363	58675603	0	4.244488e-04	1.506335e-05	1
19	rs157364	58675220	0	-2.839457e-04	-9.605190e-06	1
19	rs157365	58674756	0	-2.703022e-04	-9.142333e-06	1
19	rs157366	58674526	0	-6.158641e-04	-2.124993e-05	1
19	rs157367	58674310	0	4.328640e-04	1.531219e-05	1
19	rs157369	58672078	0	-8.116260e-04	-2.839392e-05	1
19	rs157370	58671178	0	-8.527423e-04	-2.990618e-05	1
19	rs157371	58669973	0	-7.149331e-04	-2.485482e-05	1
19	rs157372	58668597	0	-8.527423e-04	-2.990616e-05	1
19	rs157373	58666990	0	-4.839437e-04	-1.713752e-05	1
19	rs157374	58666086	0	-2.193274e-04	-7.713383e-06	1
19	rs157375	58665001	0	-4.839437e-04	-1.713752e-05	1
19	rs157376	58663457	0	6.946527e-04	2.481383e-05	1
19	rs157378	58696697	0	6.082290e-04	2.084687e-05	1
19	rs157379	58696598	0	7.916638e-04	2.738104e-05	1
19	rs1592993	58555971	0	2.675961e-04	9.641465e-06	1
19	rs1592994	58555932	0	3.040127e-04	1.097072e-05	1
19	rs1592995	58555850	0	2.662810e-04	9.593372e-06	1
19	rs159667	58648359	0	-3.086710e-04	-1.048992e-05	1
19	rs159668	58643841	0	1.509147e-04	5.297014e-06	1
19	rs159670	58641777	0	2.731295e-04	9.538399e-06	1
19	rs159671	58641701	0	2.731295e-04	9.538398e-06	1
19	rs159672	58641686	0	-3.801471e-04	-1.339828e-05	1
19	rs159673	58641457	0	2.731295e-04	9.538396e-06	1
19	rs159674	58670181	0	6.957515e-04	2.485400e-05	1
19	rs159675	58668765	0	-5.595399e-04	-1.904240e-05	1
19	rs159676	58666427	0	-5.595399e-04	-1.904239e-05	1
19	rs159677	58665490	0	-5.145860e-04	-1.746730e-05	1
19	rs159678	58679085	0	5.150713e-04	1.830321e-05	1
19	rs159679	58661732	0	-5.855719e-04	-1.989806e-05	1
19	rs159680	58661581	0	-4.839437e-04	-1.713750e-05	1
19	rs159870	58549366	0	5.053908e-04	1.745330e-05	1
19	rs159871	58550281	0	5.068138e-04	1.749084e-05	1
19	rs159872	58547449	0	4.790132e-04	1.651494e-05	1
19	rs159873	58547516	0	4.790132e-04	1.651494e-05	1
19	rs159874	58548431	0	-5.010127e-05	-1.805439e-06	1
19	rs166343	58775182	0	5.947476e-04	2.027205e-05	1
19	rs166830	58658950	3	-4.176451e-04	-1.477960e-05	1
19	rs166831	58676446	0	4.244488e-04	1.506337e-05	1
19	rs169776	58550436	0	-5.010127e-05	-1.805440e-06	1
19	rs16988654	58837269	0	-4.590137e-04	-1.668492e-05	1
19	rs16988659	58840850	0	9.652943e-05	3.496950e-06	1
19	rs16988665	58840905	0	-9.855432e-05	-3.583487e-06	1
19	rs16988667	58842180	0	-1.131148e-04	-4.086437e-06	1
19	rs16988668	58850756	0	-1.712081e-04	-6.183319e-06	1
19	rs171851	58758900	0	1.089456e-03	4.015571e-05	1
19	rs171852	58754386	0	1.008900e-03	3.507087e-05	1
19	rs171853	58685051	0	6.495778e-04	2.236504e-05	1
19	rs171854	58666802	0	-4.517661e-05	-1.586442e-06	1
19	rs174280	58711922	0	7.294859e-04	2.510052e-05	1
19	rs174281	58735457	0	-3.840711e-04	-1.384271e-05	1
19	rs176981	58655580	0	4.610674e-04	1.611774e-05	1
19	rs17853924	58806686	0	4.324703e-04	1.590710e-05	1
19	rs1808397	58572356	0	1.604286e-04	5.496731e-06	1
19	rs1812874	58632506	0	1.479729e-04	5.164342e-06	1
19	rs181320759	58658446	0	-1.871481e-04	-6.575324e-06	1
19	rs181994	58746054	0	2.381473e-04	8.407092e-06	1
19	rs182055294	58526154	4	5.687308e-04	2.054441e-05	1
19	rs183304547	58609059	0	5.758040e-05	2.127757e-06	1
19	rs184128	58548760	0	4.376664e-04	1.507072e-05	1
19	rs185161330	58916579	3	-3.753575e-04	-1.317092e-05	1
19	rs185464	58776863	0	4.479085e-04	1.519457e-05	1
19	rs185791	58644371	0	1.752183e-04	6.052174e-06	1
19	rs1865960	58894235	0	-7.773418e-05	-2.809422e-06	1
19	rs187760	58775192	0	6.176039e-04	2.107995e-05	1
19	rs188370	58529192	0	1.865025e-03	7.278379e-05	1
19	rs188415	58616313	0	9.592415e-05	3.353058e-06	1
19	rs188486366	58526153	4	5.947972e-04	2.153836e-05	1
19	rs189981267	58970374	0	3.624055e-04	1.341642e-05	1
19	rs190729	58658029	0	-4.334714e-04	-1.478934e-05	1
19	rs190882	58529365	0	1.750719e-03	6.729439e-05	1
19	rs190975	58631968	0	3.541636e-04	1.306944e-05	1
19	rs193390	58548658	0	-5.823442e-05	-2.078166e-06	1
19	rs1968868	58678383	0	-2.827214e-04	-9.871138e-06	1
19	rs1974819	58656963	0	-3.932096e-05	-1.381835e-06	1
19	rs1974826	58590145	0	2.916170e-04	9.971288e-06	1
19	rs1985434	58764185	0	6.388994e-04	2.167168e-05	1
19	rs1987625	58632634	0	2.048591e-04	7.204880e-06	1
19	rs1987626	58632649	0	1.479729e-04	5.164338e-06	1
19	rs1993463	58786898	0	8.782039e-05	3.206536e-06	1
19	rs1993464	58786953	0	1.550873e-04	5.304374e-06	1
19	rs2003104	59020597	0	-3.181927e-04	-1.166097e-05	1
19	rs2011666	58990045	0	4.833651e-04	1.664254e-05	1
19	rs2013635	58646792	0	-2.342749e-05	-8.192939e-07	1
19	rs2033711	58999350	1	6.574531e-05	2.187474e-06	1
19	rs204216	58660769	0	-4.839437e-04	-1.713750e-05	1
19	rs2046357	58673534	0	3.421942e-04	1.251326e-05	1
19	rs2052733	58625864	0	2.567601e-04	8.994844e-06	1
19	rs2052734	58626005	0	1.395721e-04	4.862683e-06	1
19	rs2052735	58626112	0	1.865700e-04	6.498263e-06	1
19	rs2062251	58715682	0	-5.681518e-04	-1.983623e-05	1
19	rs2081578	58669335	0	3.223683e-04	1.180148e-05	1
19	rs2098685	58630409	0	3.889135e-05	1.369480e-06	1
19	rs2098686	58630043	0	3.486501e-04	1.220028e-05	1
19	rs2098687	58630023	0	3.819168e-04	1.339294e-05	1
19	rs2098717	58524390	0	4.733072e-04	1.732533e-05	1
19	rs2100610	58802349	0	-1.904597e-04	-6.984952e-06	1
19	rs2112825	58614156	0	1.451020e-04	5.119944e-06	1
19	rs211579	58615270	0	6.471683e-05	2.263217e-06	1
19	rs2124911	58696798	0	-5.816491e-04	-2.032128e-05	1
19	rs2168644	58788393	0	-2.878380e-04	-9.760466e-06	1
19	rs2229375	58578578	0	-3.809900e-05	-1.306300e-06	1
19	rs2229379	58579923	0	-2.132833e-05	-7.383568e-07	1
19	rs2241406	58549593	0	-1.811757e-04	-6.523457e-06	1
19	rs2241787	58906163	0	-3.652858e-04	-1.238261e-05	1
19	rs2258557	58596449	0	-1.540936e-03	-5.937535e-05	1
19	rs2260914	58598784	0	3.437594e-04	1.204485e-05	1
19	rs2287837	58598670	0	4.427713e-04	1.558643e-05	1
19	rs2288274	58572959	0	1.811077e-04	6.213421e-06	1
19	rs2289143	58904715	0	-8.744381e-05	-3.087389e-06	1
19	rs2304521	58988179	0	-1.405454e-04	-4.989755e-06	1
19	rs2305119	59067623	0	-7.639275e-04	-2.671356e-05	1
19	rs2305120	59059729	0	2.725227e-04	9.895331e-06	1
19	rs2305122	59056752	0	-7.172894e-04	-2.553414e-05	1
19	rs2375233	58617203	0	2.805285e-06	8.936707e-08	1
19	rs2375234	58633323	0	1.479729e-04	5.164332e-06	1
19	rs2375235	58634745	0	2.731295e-04	9.538388e-06	1
19	rs2375470	58864867	0	1.109895e-05	4.026774e-07	1
19	rs2431835	58647214	0	9.516562e-04	3.315608e-05	1
19	rs2445854	58777608	2	4.365820e-04	1.480830e-05	1
19	rs2445855	58785181	0	3.935874e-04	1.350916e-05	1
19	rs2445856	58701358	0	6.772504e-04	2.323359e-05	1
19	rs2445857	58708507	0	3.396400e-04	1.210111e-05	1
19	rs2445858	58708730	0	6.556398e-04	2.246148e-05	1
19	rs2445859	58734330	0	-4.962476e-04	-1.802134e-05	1
19	rs2449628	58781945	0	8.989048e-05	2.991873e-06	1
19	rs2449629	58781917	0	1.398990e-04	4.672986e-06	1
19	rs2449631	58781652	0	4.252988e-04	1.431904e-05	1
19	rs2449632	58781379	0	8.989048e-05	2.991855e-06	1
19	rs2449634	58795207	0	2.926494e-04	1.036721e-05	1
19	rs2449635	58785227	0	5.492460e-04	1.881274e-05	1
19	rs2449636	58785202	0	5.398621e-04	1.873480e-05	1
19	rs2449638	58735033	0	-3.189433e-04	-1.150921e-05	1
19	rs2449639	58777772	0	3.146894e-04	1.062972e-05	1
19	rs2547257	58610107	0	3.679753e-04	1.295230e-05	1
19	rs2547258	58638685	0	5.006163e-05	1.721662e-06	1
19	rs2547259	58637237	0	2.281756e-04	7.960639e-06	1
19	rs2547260	58635294	0	-7.505460e-04	-2.575720e-05	1
19	rs2547295	58617479	0	1.709066e-04	5.976445e-06	1
19	rs2547296	58622896	1	7.346237e-06	2.504597e-07	1
19	rs2547297	58623249	0	1.096650e-04	3.829096e-06	1
19	rs2547298	58626436	0	2.370542e-04	8.312217e-06	1
19	rs2547347	58627459	0	2.567601e-04	8.994821e-06	1
19	rs2547348	58626879	0	2.567601e-04	8.994819e-06	1
19	rs2547349	58626742	0	2.567601e-04	8.994818e-06	1
19	rs2547350	58622950	0	1.096650e-04	3.829088e-06	1
19	rs2547351	58620965	0	1.709066e-04	5.976432e-06	1
19	rs2547352	58610720	0	-4.650320e-05	-1.624992e-06	1
19	rs2547355	58635125	0	2.731295e-04	9.538364e-06	1
19	rs2547356	58635146	0	2.731295e-04	9.538362e-06	1
19	rs2547357	58636155	0	2.731295e-04	9.538361e-06	1
19	rs2547358	58636656	0	1.479729e-04	5.164301e-06	1
19	rs2547359	58637389	0	2.281756e-04	7.960621e-06	1
19	rs2547360	58638399	0	1.752183e-04	6.052128e-06	1
19	rs2554963	58625364	0	5.772361e-05	2.035290e-06	1
19	rs2554964	58625504	0	4.652916e-04	1.649738e-05	1
19	rs2554965	58625638	0	1.454538e-04	5.061806e-06	1
19	rs2554966	58627271	0	2.567601e-04	8.994800e-06	1
19	rs2554967	58627382	0	3.136464e-04	1.107431e-05	1
19	rs2554968	58627406	0	1.881054e-04	6.596036e-06	1
19	rs2554970	58636732	0	-7.666215e-05	-2.686590e-06	1
19	rs2554972	58636174	0	1.479729e-04	5.164288e-06	1
19	rs2554973	58631032	0	2.731295e-04	9.538344e-06	1
19	rs2554978	58609677	0	2.019610e-04	7.102255e-06	1
19	rs2554981	58620273	0	2.913943e-05	1.028323e-06	1
19	rs2554982	58620524	0	1.007165e-04	3.502729e-06	1
19	rs2554983	58620872	0	1.709066e-04	5.976407e-06	1
19	rs2554984	58621104	0	1.007165e-04	3.502727e-06	1
19	rs2554985	58621438	0	2.387472e-04	8.412770e-06	1
19	rs2554986	58621492	0	3.868396e-05	1.345353e-06	1
19	rs2554987	58622985	0	1.096650e-04	3.829056e-06	1
19	rs260413	58710468	0	3.502245e-04	1.249790e-05	1
19	rs260415	58715944	0	1.331071e-03	4.839338e-05	1
19	rs260416	58717025	0	-2.259534e-04	-7.940986e-06	1
19	rs260418	58720918	0	7.771516e-04	2.722945e-05	1
19	rs260419	58721952	0	3.324626e-04	1.186493e-05	1
19	rs260420	58731704	0	-3.189433e-04	-1.150922e-05	1
19	rs260421	58731390	0	-1.007024e-03	-3.572050e-05	1
19	rs260422	58729833	0	-1.201623e-03	-4.294194e-05	1
19	rs260424	58726569	0	-1.127674e-04	-4.073677e-06	1
19	rs260425	58735740	0	-5.432542e-04	-1.968398e-05	1
19	rs260426	58736177	0	-3.636591e-04	-1.308623e-05	1
19	rs260427	58736226	0	-6.964815e-04	-2.495406e-05	1
19	rs260428	58736625	0	-5.228422e-04	-1.891029e-05	1
19	rs260430	58737161	0	-5.228422e-04	-1.891029e-05	1
19	rs260432	58738273	0	-5.228422e-04	-1.891029e-05	1
19	rs260433	58738897	0	-7.440237e-04	-2.584330e-05	1
19	rs260434	58739039	1	-5.512351e-04	-1.996685e-05	1
19	rs260435	58739704	0	-5.228422e-04	-1.891029e-05	1
19	rs260436	58739710	0	-3.636591e-04	-1.308623e-05	1
19	rs260437	58739744	0	-5.613905e-04	-2.033046e-05	1
19	rs260438	58740339	0	-5.692480e-04	-2.061606e-05	1
19	rs260444	58745470	0	1.027476e-03	3.640054e-05	1
19	rs260446	58746861	0	-2.891727e-04	-1.027631e-05	1
19	rs260448	58764375	0	7.571538e-04	2.584748e-05	1
19	rs260449	58765459	0	8.908640e-04	3.071411e-05	1
19	rs260450	58766410	0	8.913081e-04	3.077947e-05	1
19	rs260451	58766550	0	8.908640e-04	3.071409e-05	1
19	rs260452	58766874	0	8.214320e-04	2.821034e-05	1
19	rs260453	58767151	0	8.548728e-04	2.942237e-05	1
19	rs260454	58767168	0	9.122184e-04	3.144281e-05	1
19	rs260455	58767492	0	1.089456e-03	4.015564e-05	1
19	rs260456	58767565	0	6.745929e-04	2.293181e-05	1
19	rs260457	58767697	0	7.846458e-04	2.687486e-05	1
19	rs260459	58768500	0	8.214320e-04	2.821029e-05	1
19	rs260460	58769790	6	2.393248e-04	8.844013e-06	1
19	rs260461	58770883	0	1.089456e-03	4.015563e-05	1
19	rs260462	58774071	0	4.787850e-04	1.624814e-05	1
19	rs260464	58774762	0	5.947476e-04	2.027186e-05	1
19	rs260465	58775486	0	5.947476e-04	2.027185e-05	1
19	rs260466	58775737	0	3.977196e-04	1.347762e-05	1
19	rs260467	58776215	0	5.947476e-04	2.027184e-05	1
19	rs260468	58776630	0	4.787850e-04	1.624810e-05	1
19	rs260469	58776765	0	5.947476e-04	2.027182e-05	1
19	rs260472	58807757	0	-4.012459e-04	-1.483287e-05	1
19	rs260473	58798137	0	8.663761e-06	2.703149e-07	1
19	rs260474	58798300	0	-1.001235e-04	-3.410068e-06	1
19	rs260475	58798490	0	4.200326e-04	1.468544e-05	1
19	rs260476	58798598	0	8.663761e-06	2.703038e-07	1
19	rs260477	58798628	0	8.663761e-06	2.702990e-07	1
19	rs260478	58751030	0	1.080417e-03	3.776489e-05	1
19	rs260482	58748274	0	-1.811364e-04	-6.457516e-06	1
19	rs260483	58748180	0	-9.910547e-05	-3.547879e-06	1
19	rs260484	58758451	0	8.733936e-04	3.003364e-05	1
19	rs260486	58753937	0	8.392045e-04	2.877173e-05	1
19	rs260487	58685347	0	1.545953e-04	5.268148e-06	1
19	rs260488	58686991	0	5.046567e-04	1.812073e-05	1
19	rs260491	58664447	0	-1.765636e-04	-6.203551e-06	1
19	rs260492	58668565	0	-3.511590e-04	-1.237337e-05	1
19	rs260493	58671334	0	-2.221073e-04	-7.817886e-06	1
19	rs260495	58794240	0	6.128644e-04	2.157247e-05	1
19	rs260496	58794033	0	1.045868e-03	3.773664e-05	1
19	rs260497	58792213	0	3.435108e-04	1.169263e-05	1
19	rs260498	58792190	0	-9.999773e-05	-3.411558e-06	1
19	rs260499	58791716	0	6.128644e-04	2.157246e-05	1
19	rs260500	58791213	0	3.435108e-04	1.169262e-05	1
19	rs260501	58790807	0	-4.404124e-05	-1.514592e-06	1
19	rs260502	58790784	0	6.646673e-04	2.345860e-05	1
19	rs260503	58790095	0	3.435108e-04	1.169261e-05	1
19	rs281061	58643376	0	8.657897e-05	2.974157e-06	1
19	rs281063	58651941	0	-5.676107e-04	-1.930398e-05	1
19	rs281064	58649998	0	7.121240e-04	2.502253e-05	1
19	rs281065	58645577	0	-7.717951e-04	-2.666488e-05	1
19	rs281066	58644840	0	1.509147e-04	5.296929e-06	1
19	rs281069	58659039	3	-7.532063e-04	-2.569425e-05	1
19	rs281070	58658691	0	-9.319467e-04	-3.223748e-05	1
19	rs281072	58657714	0	-5.676107e-04	-1.930394e-05	1
19	rs281073	58656418	0	-5.820155e-04	-1.979417e-05	1
19	rs281074	58656176	0	-4.839437e-04	-1.713748e-05	1
19	rs281075	58655106	0	-6.646306e-04	-2.364815e-05	1
19	rs281076	58654307	0	-5.304040e-04	-1.813422e-05	1
19	rs281077	58653376	0	-4.712883e-04	-1.610822e-05	1
19	rs281078	58653320	0	6.013211e-04	2.134034e-05	1
19	rs281079	58678388	0	3.729424e-04	1.319685e-05	1
19	rs281080	58700131	5	3.508832e-04	1.178030e-05	1
19	rs281081	58698915	0	8.131550e-04	2.805547e-05	1
19	rs28444973	58982044	0	-3.719215e-04	-1.352905e-05	1
19	rs28521102	58597905	0	1.844354e-04	6.801186e-06	1
19	rs28699075	59069214	0	2.268160e-04	8.359517e-06	1
19	rs28725494	58633618	0	1.023676e-03	3.673868e-05	1
19	rs28757810	58813720	0	8.692112e-04	3.070404e-05	1
19	rs28821001	59018503	0	9.505969e-04	3.304923e-05	1
19	rs28840697	58825728	0	1.086576e-03	4.080816e-05	1
19	rs2889031	58659115	2	-8.348964e-04	-2.859056e-05	1
19	rs2889128	58973929	0	-1.339429e-04	-4.548057e-06	1
19	rs2889129	59019664	0	-4.297426e-05	-1.566334e-06	1
19	rs292821	58531419	0	4.776797e-04	1.701919e-05	1
19	rs292826	58540860	0	3.399985e-04	1.166359e-05	1
19	rs292827	58544472	0	3.295246e-04	1.124933e-05	1
19	rs292828	58545133	0	-5.010127e-05	-1.805461e-06	1
19	rs292831	58529741	0	4.776797e-04	1.701919e-05	1
19	rs2930099	58779403	0	5.404444e-04	1.909051e-05	1
19	rs2930100	58747687	0	-1.267652e-04	-4.514114e-06	1
19	rs295345	58654195	0	-2.830706e-04	-9.946985e-06	1
19	rs295346	58616280	0	2.913943e-05	1.028387e-06	1
19	rs295347	58616256	0	1.699357e-04	5.923202e-06	1
19	rs299847	58680688	0	6.312114e-04	2.272472e-05	1
19	rs3087604	58813750	0	8.586841e-04	3.028582e-05	1
19	rs3088284	58929427	0	-9.725065e-05	-3.379465e-06	1
19	rs34003091	58662254	0	-3.076884e-04	-1.093133e-05	1
19	rs34006653	58731821	2	-7.360041e-04	-2.614682e-05	1
19	rs34023391	58913368	0	-2.868153e-05	-9.947783e-07	1
19	rs34114202	58599443	0	-1.435057e-03	-5.423138e-05	1
19	rs34152946	58923263	0	-9.725065e-05	-3.379461e-06	1
19	rs34188294	58919557	0	-2.067630e-04	-7.216513e-06	1
19	rs34230465	58943576	0	-2.579372e-05	-8.910937e-07	1
19	rs34370122	58546475	0	-5.822016e-04	-2.061539e-05	1
19	rs34380569	58648528	0	-4.923213e-05	-1.695228e-06	1
19	rs34415062	59023166	0	-5.340110e-04	-1.881409e-05	1
19	rs34421357	58835863	0	-4.842820e-04	-1.761927e-05	1
19	rs34469398	58677396	0	1.103165e-04	4.081721e-06	1
19	rs34488713	58996454	0	-4.323124e-04	-1.595921e-05	1
19	rs34503352	58651296	0	-3.238447e-04	-1.150145e-05	1
19	rs34511020	58921296	0	-9.725065e-05	-3.379456e-06	1
19	rs34526068	58658066	0	-9.319467e-04	-3.223739e-05	1
19	rs34541537	58912737	0	6.407515e-05	2.256230e-06	1
19	rs34602933	58886495	0	1.345823e-04	4.543956e-06	1
19	rs34648696	58554613	0	-5.871408e-04	-2.081309e-05	1
19	rs34702066	58582806	0	9.381673e-05	3.214492e-06	1
19	rs34873624	58943402	0	-4.830178e-05	-1.675999e-06	1
19	rs34914886	58774094	0	1.445592e-04	5.348184e-06	1
19	rs34947459	58655880	0	-2.068540e-04	-7.266271e-06	1
19	rs34990434	58550992	0	-6.129786e-04	-2.174580e-05	1
19	rs35081008	58662235	0	-3.076884e-04	-1.093131e-05	1
19	rs35117909	58912906	0	-2.390591e-05	-8.286692e-07	1
19	rs35138622	58912788	0	4.752288e-05	1.667610e-06	1
19	rs35219954	59001641	0	6.454999e-04	2.218944e-05	1
19	rs35220005	58550233	0	-6.844571e-04	-2.435965e-05	1
19	rs35269060	58933392	0	3.312080e-04	1.156655e-05	1
19	rs35350976	59023174	0	-5.600290e-04	-1.975166e-05	1
19	rs35358425	58599760	0	-1.526402e-03	-5.826430e-05	1
19	rs35394955	58954859	0	-4.376368e-04	-1.496237e-05	1
19	rs35430780	59028162	0	3.131516e-04	1.143906e-05	1
19	rs35466206	58943252	0	-2.579372e-05	-8.910820e-07	1
19	rs35511051	58665817	0	-2.894130e-05	-9.874100e-07	1
19	rs35631681	58999840	11	-3.722531e-04	-1.317914e-05	1
19	rs35652377	58929200	0	-9.725065e-05	-3.379445e-06	1
19	rs35711932	58658152	0	-6.976053e-04	-2.386265e-05	1
19	rs35713506	58954919	0	-4.376368e-04	-1.496237e-05	1
19	rs35740250	58694015	0	-2.554365e-04	-9.435401e-06	1
19	rs35747322	58544096	0	-6.143142e-04	-2.191201e-05	1
19	rs35782676	58926345	0	1.506964e-04	5.245207e-06	1
19	rs35983901	59016790	0	-6.532945e-04	-2.311784e-05	1
19	rs36057771	58836133	0	-5.546407e-04	-2.022148e-05	1
19	rs36090113	58912384	0	-1.172422e-04	-4.091843e-06	1
19	rs36095067	58991638	0	3.096697e-04	1.145427e-05	1
19	rs36098050	58652725	0	-3.238447e-04	-1.150142e-05	1
19	rs36100363	58710837	0	-5.816491e-04	-2.032129e-05	1
19	rs36111946	58836128	0	-3.326766e-04	-1.205720e-05	1
19	rs36115826	59009166	0	-5.707710e-04	-2.115877e-05	1
19	rs365040	58799529	0	3.871450e-04	1.352179e-05	1
19	rs365699	58799652	0	1.032366e-04	3.456367e-06	1
19	rs370335292	58658750	0	-2.608550e-04	-9.123170e-06	1
19	rs371120005	58658933	2	1.888454e-05	6.662565e-07	1
19	rs371149	58779654	0	-4.666708e-05	-1.600104e-06	1
19	rs373337854	58658806	1	-4.261720e-05	-1.543904e-06	1
19	rs374431	58790713	0	-9.888263e-05	-3.372064e-06	1
19	rs3745129	58637498	0	-7.717951e-04	-2.666477e-05	1
19	rs3745142	58836745	0	-3.326766e-04	-1.205720e-05	1
19	rs3752112	58992220	0	-3.704332e-04	-1.305327e-05	1
19	rs3764528	58977554	0	-1.675508e-05	-5.878829e-07	1
19	rs3764529	58945089	0	-1.110297e-04	-3.863379e-06	1
19	rs3764531	58929305	0	-7.288516e-04	-2.499810e-05	1
19	rs3764532	58929222	0	-7.474258e-05	-2.595067e-06	1
19	rs3764533	58929194	0	6.141592e-05	2.046975e-06	1
19	rs3764534	58929136	0	7.082560e-04	2.428282e-05	1
19	rs3764535	58929052	0	-5.454667e-05	-1.867780e-06	1
19	rs3764536	58896712	0	-1.374557e-04	-4.654009e-06	1
19	rs376460183	58658873	1	-2.173777e-04	-7.611060e-06	1
19	rs376570508	58658612	0	-2.355149e-04	-8.226431e-06	1
19	rs378452	58786520	0	1.320603e-06	4.299478e-08	1
19	rs379075	58785739	0	-1.042453e-04	-3.522727e-06	1
19	rs3794963	59071051	0	-8.403059e-04	-2.943229e-05	1
19	rs3794964	59070916	0	-8.403059e-04	-2.943229e-05	1
19	rs3794965	59069353	0	6.677815e-05	2.229150e-06	1
19	rs3794966	59068996	0	-6.752237e-04	-2.397660e-05	1
19	rs3794968	58986799	0	2.618624e-04	8.793229e-06	1
19	rs3794969	58986561	0	-1.297398e-04	-4.725415e-06	1
19	rs3794970	58986260	0	-5.057173e-04	-1.795102e-05	1
19	rs3794971	58985866	0	-6.943502e-04	-2.484246e-05	1
19	rs3794974	58897652	0	-1.405472e-04	-4.784883e-06	1
19	rs3794975	58895950	0	-3.796972e-05	-1.367847e-06	1
19	rs3810125	59066730	0	3.380791e-04	1.228532e-05	1
19	rs3810126	58610254	0	-1.946386e-04	-6.577214e-06	1
19	rs3816328	59061357	0	8.285219e-05	3.026007e-06	1
19	rs3816329	59058693	0	-8.246996e-04	-2.945244e-05	1
19	rs3826677	58919002	0	2.404757e-04	8.259365e-06	1
19	rs3826678	58918917	0	2.404757e-04	8.259360e-06	1
19	rs3826679	58918817	0	2.404757e-04	8.259354e-06	1
19	rs3826680	58918800	0	2.404757e-04	8.259348e-06	1
19	rs3826681	58918764	0	-9.725065e-05	-3.379438e-06	1
19	rs3826682	58918748	0	-7.474258e-05	-2.595062e-06	1
19	rs3826683	58918733	0	-9.725065e-05	-3.379435e-06	1
19	rs3826684	58918705	0	-9.725065e-05	-3.379434e-06	1
19	rs384702	58552801	0	-1.865517e-04	-6.736958e-06	1
19	rs3848524	58816529	0	7.002742e-04	2.559676e-05	1
19	rs3892385	58602870	0	2.967489e-04	1.088944e-05	1
19	rs390667	58733011	0	-4.781264e-04	-1.733286e-05	1
19	rs392644	58780503	0	8.989048e-05	2.991647e-06	1
19	rs392687	58779566	0	3.016024e-07	-1.685435e-08	1
19	rs3953740	58659362	0	1.221668e-03	4.412075e-05	1
19	rs3997357	59044566	0	4.342511e-04	1.473932e-05	1
19	rs400733	58797344	0	-1.384431e-05	-4.908664e-07	1
19	rs401706	58733555	0	-3.189433e-04	-1.150923e-05	1
19	rs403408	58684407	0	-6.157981e-04	-2.107849e-05	1
19	rs4084852	58835255	0	-5.546407e-04	-2.022148e-05	1
19	rs414948	58738375	0	-5.228422e-04	-1.891032e-05	1
19	rs424114	58733641	0	-4.781264e-04	-1.733286e-05	1
19	rs425516	58781229	0	2.058531e-04	6.891087e-06	1
19	rs425605	58786623	0	4.654677e-04	1.576504e-05	1
19	rs427988	58779785	0	8.989048e-05	2.991621e-06	1
19	rs429770	58787836	0	4.840261e-04	1.700173e-05	1
19	rs431093	58786084	0	-1.833056e-04	-6.195984e-06	1
19	rs432181	58799781	0	1.032366e-04	3.456330e-06	1
19	rs432426	58780131	0	3.538870e-04	1.189379e-05	1
19	rs435442	58807827	0	-4.262370e-04	-1.579201e-05	1
19	rs437183	58799635	0	1.032366e-04	3.456321e-06	1
19	rs437229	58790675	0	4.471084e-04	1.531382e-05	1
19	rs4372790	58953693	0	6.044355e-04	2.059829e-05	1
19	rs439333	58783027	0	2.058531e-04	6.891055e-06	1
19	rs4444432	58715538	0	-4.009214e-04	-1.390391e-05	1
19	rs446075	58766735	0	8.214320e-04	2.821011e-05	1
19	rs448147	58778070	0	6.929551e-05	2.306202e-06	1
19	rs448403	58786146	0	-1.488445e-05	-5.025125e-07	1
19	rs4496257	58669456	0	1.228301e-03	4.439142e-05	1
19	rs449697	58787977	0	6.128644e-04	2.157241e-05	1
19	rs4524039	58625270	0	1.419613e-04	4.967645e-06	1
19	rs453737	58800252	0	-2.422381e-05	-8.410822e-07	1
19	rs45454797	59066391	0	2.470194e-04	9.162296e-06	1
19	rs45475596	58881109	0	2.311313e-04	8.369321e-06	1
19	rs45535435	58846866	0	-2.152182e-05	-7.807713e-07	1
19	rs45571742	58552111	0	-5.736104e-04	-2.031446e-05	1
19	rs45589034	58640964	0	-7.666215e-05	-2.686508e-06	1
19	rs45598236	58521433	0	3.433761e-04	1.240477e-05	1
19	rs45601339	58718247	0	-1.614099e-04	-5.894119e-06	1
19	rs45617039	58951096	0	-2.579372e-05	-8.910728e-07	1
19	rs4584938	58899303	0	-7.139665e-04	-2.469759e-05	1
19	rs4599020	58691998	0	-5.816491e-04	-2.032129e-05	1
19	rs4603677	58950721	0	3.032036e-04	1.043448e-05	1
19	rs4608428	58618579	0	1.709066e-04	5.976417e-06	1
19	rs4801246	58522534	0	1.699870e-03	6.492524e-05	1
19	rs4801247	58522561	0	1.689266e-03	6.426083e-05	1
19	rs4801250	58616674	0	1.270507e-04	4.468918e-06	1
19	rs4801251	58617042	0	2.913943e-05	1.028404e-06	1
19	rs4801252	58631676	0	2.158134e-04	7.589496e-06	1
19	rs4801262	58848116	0	2.371958e-04	8.658362e-06	1
19	rs4801267	58882384	0	-1.573514e-04	-5.720178e-06	1
19	rs4801269	58927916	0	2.404757e-04	8.259336e-06	1
19	rs4801270	58932762	0	7.082560e-04	2.428279e-05	1
19	rs4801271	58953449	0	2.375789e-04	8.136676e-06	1
19	rs4801272	58977463	0	-1.540015e-04	-5.214300e-06	1
19	rs4801273	59000273	0	-2.585418e-05	-8.964523e-07	1
19	rs4801274	59010593	0	-4.324868e-04	-1.572589e-05	1
19	rs4801275	59021049	0	3.308753e-05	1.205581e-06	1
19	rs4801541	58521224	0	7.446655e-04	2.573305e-05	1
19	rs4801542	58522974	0	4.196753e-04	1.470948e-05	1
19	rs4801543	58523804	0	5.221610e-04	1.836781e-05	1
19	rs4801544	58526202	0	-3.703822e-05	-1.321795e-06	1
19	rs4801546	58526387	0	7.012284e-04	2.481725e-05	1
19	rs4801547	58526742	0	1.845124e-04	6.551950e-06	1
19	rs4801548	58528978	0	2.792406e-04	9.920164e-06	1
19	rs4801555	58600977	0	7.083994e-04	2.520395e-05	1
19	rs4801559	58627808	0	1.865700e-04	6.498229e-06	1
19	rs4801562	58634756	0	-3.341749e-04	-1.174377e-05	1
19	rs4801564	58644826	0	9.470134e-04	3.315810e-05	1
19	rs4801565	58674249	0	-3.907330e-05	-1.364489e-06	1
19	rs4801566	58674788	0	-3.287741e-04	-1.147828e-05	1
19	rs4801567	58675005	0	-2.827214e-04	-9.871043e-06	1
19	rs4801572	58752932	0	-1.468391e-04	-5.337650e-06	1
19	rs4801573	58754058	0	-1.468391e-04	-5.337650e-06	1
19	rs4801574	58754102	0	-1.468391e-04	-5.337649e-06	1
19	rs4801576	58779342	0	-7.769060e-05	-2.842873e-06	1
19	rs4801577	58799044	0	-2.847411e-04	-1.045672e-05	1
19	rs4801578	58801599	0	-2.453605e-04	-8.998764e-06	1
19	rs4801579	58863449	0	-5.695206e-04	-2.061343e-05	1
19	rs4801581	58913312	0	3.277647e-04	1.107683e-05	1
19	rs4801583	58918405	0	7.082560e-04	2.428276e-05	1
19	rs4801584	58920702	0	5.229116e-05	1.771088e-06	1
19	rs4801585	58934305	0	5.003753e-05	1.663720e-06	1
19	rs4801586	58934528	0	7.082560e-04	2.428275e-05	1
19	rs4801587	58936679	0	7.082560e-04	2.428274e-05	1
19	rs4801588	58949046	0	3.032036e-04	1.043443e-05	1
19	rs4801589	58953398	0	5.842444e-04	1.992776e-05	1
19	rs4801590	58961813	0	6.468405e-04	2.211011e-05	1
19	rs4801591	58970099	0	1.580817e-04	5.401093e-06	1
19	rs4801593	58972252	0	2.812207e-04	9.634277e-06	1
19	rs4801595	58978517	0	2.009925e-04	6.752347e-06	1
19	rs4801599	58995728	0	1.800180e-04	6.036775e-06	1
19	rs4801602	59025685	0	1.544482e-05	5.666941e-07	1
19	rs4801605	59050873	15	3.315268e-04	1.126740e-05	1
19	rs495839	58545500	4	-6.823440e-05	-2.451844e-06	1
19	rs500286	58785900	0	2.366385e-05	7.995678e-07	1
19	rs523073	58647358	0	-3.086710e-04	-1.048975e-05	1
19	rs547045	58788236	0	3.386799e-04	1.161590e-05	1
19	rs548671	58801518	1	-3.411159e-06	-1.350876e-07	1
19	rs550471	58801687	0	6.401638e-04	2.239589e-05	1
19	rs551116	58684611	0	-6.157981e-04	-2.107847e-05	1
19	rs55633425	58948018	0	-8.852165e-05	-3.078024e-06	1
19	rs55633565	58530628	0	4.501804e-04	1.610022e-05	1
19	rs55652736	59007566	0	-6.428411e-04	-2.297323e-05	1
19	rs55691818	59033518	0	-5.851237e-04	-2.060008e-05	1
19	rs55697390	58674301	0	4.771200e-04	1.749960e-05	1
19	rs55716128	59048754	0	-6.646392e-04	-2.359111e-05	1
19	rs55734122	58733610	0	1.182952e-03	4.365208e-05	1
19	rs55827758	58842450	0	-1.481947e-04	-5.392460e-06	1
19	rs55833862	58637690	0	-3.801471e-04	-1.339821e-05	1
19	rs55857578	58914925	0	-4.641397e-05	-1.615532e-06	1
19	rs55875034	58983558	0	-4.869854e-04	-1.727946e-05	1
19	rs55928441	59009674	0	-6.428411e-04	-2.297322e-05	1
19	rs55945602	58632305	0	3.930044e-05	1.382832e-06	1
19	rs55959018	58935768	0	2.179677e-04	7.472574e-06	1
19	rs56026876	59006157	0	-6.070262e-04	-2.155113e-05	1
19	rs56065611	58520480	0	7.446655e-04	2.573305e-05	1
19	rs56066701	58841066	0	5.381918e-05	1.948453e-06	1
19	rs56121586	58585744	0	-2.132833e-05	-7.383857e-07	1
19	rs56161266	58816642	0	-3.583739e-05	-1.323837e-06	1
19	rs56225452	59024646	0	-4.902168e-04	-1.724308e-05	1
19	rs56236214	58817958	0	-1.201303e-04	-4.430650e-06	1
19	rs56243535	59006150	0	-5.264123e-04	-1.864060e-05	1
19	rs56268519	59045904	0	6.179191e-04	2.116523e-05	1
19	rs56273550	58611001	0	4.669776e-05	1.715858e-06	1
19	rs56290606	58919320	0	-7.341805e-05	-2.547635e-06	1
19	rs56292587	58919066	0	-9.725065e-05	-3.379434e-06	1
19	rs56332086	58917700	0	-1.609101e-04	-5.601254e-06	1
19	rs56390031	58998327	0	5.001138e-04	1.725941e-05	1
19	rs56394914	58882740	0	-2.151429e-04	-7.258290e-06	1
19	rs56395112	58577672	0	-2.142762e-04	-7.291754e-06	1
19	rs56654816	58845187	0	4.178846e-06	1.501361e-07	1
19	rs56688575	58851238	0	-1.738953e-04	-6.326769e-06	1
19	rs56725489	58830709	0	-4.457697e-04	-1.617734e-05	1
19	rs57140425	58709015	0	8.294091e-04	3.092986e-05	1
19	rs57201473	58851686	0	-1.738953e-04	-6.326769e-06	1
19	rs57656768	58648536	0	-2.540967e-06	-9.234845e-08	1
19	rs57760408	58821683	0	-3.490615e-04	-1.265514e-05	1
19	rs57785785	58815158	0	5.096549e-04	1.878109e-05	1
19	rs57797045	58534654	0	8.212200e-04	3.004487e-05	1
19	rs58071659	58784272	0	6.637203e-04	2.472714e-05	1
19	rs58231369	58754967	0	-1.468391e-04	-5.337649e-06	1
19	rs58371330	58823196	0	-3.490615e-04	-1.265514e-05	1
19	rs58412590	58887647	0	-7.773418e-05	-2.809396e-06	1
19	rs58509147	58840490	0	-4.106997e-06	-1.495162e-07	1
19	rs58576937	58577443	0	-3.169106e-04	-1.172543e-05	1
19	rs58617733	58842534	0	4.178846e-06	1.501367e-07	1
19	rs58899074	58611996	0	-2.922933e-04	-9.881803e-06	1
19	rs59054150	58850341	0	-1.738953e-04	-6.326769e-06	1
19	rs59114323	58649994	0	-1.086191e-04	-3.774627e-06	1
19	rs59238777	58625136	0	5.814495e-05	2.107970e-06	1
19	rs59401383	58882767	0	2.311313e-04	8.369336e-06	1
19	rs59678004	58813932	0	8.543131e-04	3.017993e-05	1
19	rs59874238	58841861	0	-1.481947e-04	-5.392460e-06	1
19	rs59894429	58577444	0	-2.142762e-04	-7.291758e-06	1
19	rs59908383	58828737	0	-5.435608e-04	-1.980041e-05	1
19	rs59925483	58672788	0	-2.171663e-04	-7.993999e-06	1
19	rs59967605	58835563	0	-5.546407e-04	-2.022148e-05	1
19	rs60075099	58831141	0	-3.617394e-04	-1.312522e-05	1
19	rs60245393	58842745	0	1.744428e-04	6.331045e-06	1
19	rs60296671	58843881	0	-6.405650e-06	-2.333373e-07	1
19	rs60329830	58755072	0	-1.468391e-04	-5.337649e-06	1
19	rs60348321	58841939	0	4.178846e-06	1.501368e-07	1
19	rs60404734	58812785	0	4.592249e-04	1.700896e-05	1
19	rs60818748	58842735	1	-7.990532e-05	-2.899564e-06	1
19	rs60973470	58779425	0	6.041447e-04	2.246195e-05	1
19	rs61096651	58845296	0	-1.481947e-04	-5.392459e-06	1
19	rs61301121	58745159	0	-4.670090e-04	-1.705823e-05	1
19	rs61460516	58851462	0	-1.738953e-04	-6.326769e-06	1
19	rs61468392	58823221	0	-3.490615e-04	-1.265514e-05	1
19	rs61514202	58844606	0	-1.481947e-04	-5.392459e-06	1
19	rs61521274	58830879	0	-5.837036e-04	-2.131516e-05	1
19	rs61566502	58581038	0	1.032467e-04	3.537931e-06	1
19	rs61635555	58834694	0	-3.326766e-04	-1.205720e-05	1
19	rs61745224	58723706	0	-2.988105e-04	-1.106506e-05	1
19	rs61746129	58879701	1	2.259561e-04	8.181098e-06	1
19	rs61746138	58879660	0	2.312716e-04	8.377525e-06	1
19	rs620297	58545433	1	4.787344e-04	1.640384e-05	1
19	rs62114175	58776480	0	4.097911e-04	1.387692e-05	1
19	rs62114176	58776483	0	5.261805e-04	1.789728e-05	1
19	rs62114178	58778451	0	3.191150e-04	1.083768e-05	1
19	rs62114179	58778512	0	-4.666708e-05	-1.600183e-06	1
19	rs62114183	58786176	0	4.292717e-04	1.502092e-05	1
19	rs62114208	58787115	0	4.292717e-04	1.502091e-05	1
19	rs62114212	58831966	0	-1.966104e-04	-6.900440e-06	1
19	rs62114660	59033674	0	4.966904e-05	1.794950e-06	1
19	rs62114663	59035557	0	-3.422820e-05	-1.243039e-06	1
19	rs62116004	58720201	0	-4.081201e-04	-1.413934e-05	1
19	rs62116017	58738767	0	-2.080116e-04	-7.244450e-06	1
19	rs62116373	58850206	0	-1.008232e-04	-3.721628e-06	1
19	rs62116378	58875268	0	9.004337e-05	3.261462e-06	1
19	rs62116379	58875335	0	1.747252e-04	6.330546e-06	1
19	rs62116380	58876618	0	2.262012e-04	8.195824e-06	1
19	rs62116381	58877385	0	2.262012e-04	8.195824e-06	1
19	rs62116383	58880761	0	2.312716e-04	8.377524e-06	1
19	rs62116384	58880884	0	2.312716e-04	8.377524e-06	1
19	rs62116388	58884162	0	3.461356e-05	1.255953e-06	1
19	rs62116389	58885267	0	5.266050e-04	1.934880e-05	1
19	rs62116432	58901227	0	-4.528944e-04	-1.546854e-05	1
19	rs62116437	58922551	0	2.404757e-04	8.259242e-06	1
19	rs62117593	58941915	0	1.770089e-04	6.060349e-06	1
19	rs62117594	58942709	0	1.770089e-04	6.060343e-06	1
19	rs62117596	58953099	0	2.375789e-04	8.136575e-06	1
19	rs62117599	58994650	0	-1.337063e-04	-4.511255e-06	1
19	rs62117658	59015297	0	-3.181927e-04	-1.166094e-05	1
19	rs62125248	58568181	0	7.138877e-04	2.461872e-05	1
19	rs62125894	58679627	0	-6.883111e-05	-2.417255e-06	1
19	rs62125914	58706186	0	-5.816491e-04	-2.032126e-05	1
19	rs62125917	58711509	0	-5.816491e-04	-2.032125e-05	1
19	rs62126787	58586371	0	-1.941378e-04	-6.609089e-06	1
19	rs62126791	58587777	0	2.106765e-05	6.966296e-07	1
19	rs62126796	58612051	5	-8.941630e-05	-3.125696e-06	1
19	rs63283	58740490	0	-1.451208e-04	-5.193702e-06	1
19	rs6510116	58604319	0	6.991413e-04	2.481542e-05	1
19	rs6510125	58637152	0	1.034260e-03	3.714898e-05	1
19	rs6510126	58675916	0	-2.827214e-04	-9.871049e-06	1
19	rs6510128	58761107	0	-1.692390e-04	-5.710345e-06	1
19	rs6510129	58761533	0	-1.692390e-04	-5.710346e-06	1
19	rs6510131	58776347	0	-4.144943e-04	-1.523898e-05	1
19	rs6510133	58801186	0	4.586255e-06	1.317312e-07	1
19	rs6510136	58824721	0	-3.568071e-04	-1.293048e-05	1
19	rs6510137	58864150	0	3.667804e-05	1.323707e-06	1
19	rs6510139	58885702	0	-4.902902e-04	-1.667245e-05	1
19	rs6510140	58885773	0	-4.549943e-04	-1.544809e-05	1
19	rs6510141	58885786	0	-4.556767e-04	-1.545965e-05	1
19	rs6510142	58885842	0	3.461356e-05	1.255956e-06	1
19	rs6510143	58885874	0	-3.426758e-04	-1.249735e-05	1
19	rs6510148	58924210	0	1.586666e-04	5.408116e-06	1
19	rs6510152	58953319	0	6.969499e-04	2.389235e-05	1
19	rs6510153	58975609	0	-1.827645e-04	-6.664306e-06	1
19	rs66616365	58667964	0	1.228301e-03	4.439135e-05	1
19	rs67047437	58676662	0	8.113873e-04	2.851545e-05	1
19	rs67781917	58524126	0	5.221610e-04	1.836781e-05	1
19	rs67825948	58525067	0	4.946403e-04	1.736076e-05	1
19	rs67978350	58894455	0	-1.989531e-04	-6.937556e-06	1
19	rs71333247	58559583	0	-2.928939e-04	-1.026506e-05	1
19	rs71333251	58738839	0	-1.338772e-04	-4.660019e-06	1
19	rs71333260	58922220	0	3.076233e-05	1.079981e-06	1
19	rs71354068	58531715	0	-9.902449e-04	-3.738102e-05	1
19	rs71355829	58551080	0	-6.129786e-04	-2.174574e-05	1
19	rs71355833	58657180	0	-8.196599e-05	-2.842779e-06	1
19	rs719009	58584722	0	-2.466590e-06	-1.001189e-07	1
19	rs719010	58584765	0	-1.796066e-05	-6.245182e-07	1
19	rs719011	58584841	0	-1.796066e-05	-6.245216e-07	1
19	rs723669	58563100	0	-4.193142e-04	-1.477580e-05	1
19	rs7245923	58874709	0	9.004337e-05	3.261468e-06	1
19	rs7246174	58765348	0	-3.087652e-05	-1.116143e-06	1
19	rs7246751	58804121	0	-2.529814e-04	-9.256438e-06	1
19	rs7248057	58774513	0	-1.189409e-04	-4.334113e-06	1
19	rs7248493	58711108	0	1.368935e-03	5.098003e-05	1
19	rs7248512	58716363	0	2.567517e-04	8.636609e-06	1
19	rs7249664	58586610	1	-7.875915e-05	-2.701574e-06	1
19	rs7249714	59058083	0	3.481102e-04	1.178346e-05	1
19	rs7249841	59058199	0	4.868262e-04	1.769483e-05	1
19	rs7250280	58713774	0	-5.824652e-04	-2.034777e-05	1
19	rs7250394	58930177	0	9.519978e-05	3.224996e-06	1
19	rs7250524	58611423	0	-1.946386e-04	-6.577231e-06	1
19	rs7250610	58611723	0	1.344802e-04	4.725473e-06	1
19	rs7250711	58611592	0	-1.946386e-04	-6.577234e-06	1
19	rs7250715	58611606	0	9.237623e-04	3.302787e-05	1
19	rs7250752	58893108	0	-1.859331e-05	-6.690251e-07	1
19	rs7250816	58581572	0	3.754004e-04	1.289608e-05	1
19	rs7250889	58900337	0	-3.249503e-04	-1.096208e-05	1
19	rs7251261	58629081	13	-1.125004e-04	-3.916291e-06	1
19	rs7251536	58620679	0	1.019356e-03	3.654166e-05	1
19	rs7251813	58893700	0	1.100752e-04	3.733281e-06	1
19	rs7252129	58657428	0	1.221668e-03	4.412058e-05	1
19	rs7252304	58629122	3	9.927261e-06	3.361191e-07	1
19	rs7252333	58900747	0	-3.249503e-04	-1.096207e-05	1
19	rs7253055	58793554	0	1.560175e-04	5.333206e-06	1
19	rs7253344	58779340	0	4.131663e-05	1.362424e-06	1
19	rs7253357	58779369	0	-4.666708e-05	-1.600206e-06	1
19	rs7253433	59041723	0	6.359417e-04	2.178757e-05	1
19	rs7254178	58979958	0	-1.297398e-04	-4.725408e-06	1
19	rs7254299	58884965	0	-3.469873e-04	-1.173515e-05	1
19	rs7254639	58876797	0	2.262012e-04	8.195834e-06	1
19	rs7255068	59052105	0	4.406533e-05	1.589644e-06	1
19	rs7255290	58583832	0	1.032467e-04	3.537930e-06	1
19	rs7255489	58879965	0	-1.829670e-04	-6.656130e-06	1
19	rs7255491	58901394	0	-3.249503e-04	-1.096206e-05	1
19	rs7255596	58879976	0	-1.829670e-04	-6.656129e-06	1
19	rs7255605	58584251	0	1.032467e-04	3.537929e-06	1
19	rs7255916	58880016	0	-9.144135e-05	-3.320537e-06	1
19	rs7256349	58718269	0	-4.073040e-04	-1.411180e-05	1
19	rs7256664	58600587	1	6.894019e-04	2.448635e-05	1
19	rs7256809	58880184	0	2.312716e-04	8.377536e-06	1
19	rs7256940	58880242	0	2.312716e-04	8.377536e-06	1
19	rs7256964	58882186	0	-4.275558e-04	-1.452390e-05	1
19	rs7257669	59064939	0	-7.921244e-04	-2.763655e-05	1
19	rs7257788	58788901	0	-2.570517e-04	-9.413901e-06	1
19	rs7257872	58928786	0	1.586666e-04	5.408091e-06	1
19	rs7257999	58964860	0	-5.637404e-05	-1.925951e-06	1
19	rs7258103	58627235	0	1.203779e-03	4.396712e-05	1
19	rs7258239	58734410	2	-3.383208e-04	-1.221117e-05	1
19	rs7259841	58951123	0	6.937381e-04	2.379927e-05	1
19	rs7260445	58571049	0	-3.091283e-04	-1.139482e-05	1
19	rs7260571	58925286	0	7.082560e-04	2.428263e-05	1
19	rs72629170	58876368	0	3.465674e-04	1.254233e-05	1
19	rs72629171	58880848	0	2.312716e-04	8.377539e-06	1
19	rs73056266	58702854	0	-1.633191e-04	-6.040890e-06	1
19	rs73056270	58709763	0	-1.633191e-04	-6.040890e-06	1
19	rs73056279	58726998	0	2.797595e-05	1.025506e-06	1
19	rs73056286	58750550	0	4.693999e-05	1.707572e-06	1
19	rs73056388	58584525	0	1.032467e-04	3.537929e-06	1
19	rs73058504	58589515	0	2.443532e-05	8.109094e-07	1
19	rs73060214	58846001	0	-1.601141e-04	-5.897333e-06	1
19	rs73060254	58899245	0	3.234055e-04	1.197029e-05	1
19	rs73060258	58902954	0	-3.027205e-04	-1.059001e-05	1
19	rs73060293	58923050	0	-9.725065e-05	-3.379442e-06	1
19	rs73062110	58936642	0	6.031610e-05	2.112739e-06	1
19	rs73064225	58974378	0	2.177539e-04	7.438953e-06	1
19	rs73064302	58994588	0	-3.246606e-04	-1.147489e-05	1
19	rs73066206	58995042	0	3.589880e-04	1.232603e-05	1
19	rs73066211	58997079	0	-4.384372e-04	-1.551241e-05	1
19	rs73066226	59008213	0	-6.545536e-04	-2.336954e-05	1
19	rs73066228	59013196	0	-6.772993e-04	-2.416691e-05	1
19	rs73066236	59027481	0	7.841178e-04	2.900315e-05	1
19	rs73066244	59033153	0	8.073334e-04	2.813750e-05	1
19	rs73066245	59038884	0	-1.871236e-04	-6.755591e-06	1
19	rs73066251	59050356	3	4.691533e-04	1.609347e-05	1
19	rs73068312	59054288	0	6.005822e-04	2.068086e-05	1
19	rs73071847	58548748	0	-5.736104e-04	-2.031441e-05	1
19	rs731259	58989424	0	-4.581311e-04	-1.624313e-05	1
19	rs731835	58898436	0	-6.402257e-04	-2.203309e-05	1
19	rs734379	58899182	0	-5.757870e-04	-1.963047e-05	1
19	rs734380	58898963	0	1.008130e-03	3.503409e-05	1
19	rs735507	58720360	0	2.309523e-04	7.986472e-06	1
19	rs73566790	58743866	0	-4.350444e-04	-1.582665e-05	1
19	rs73570604	58810827	0	6.691435e-04	2.430702e-05	1
19	rs73570633	58828121	0	-3.617394e-04	-1.312522e-05	1
19	rs73570653	58832874	0	-5.099771e-04	-1.857180e-05	1
19	rs73570658	58834522	0	-3.326766e-04	-1.205720e-05	1
19	rs73570691	58841364	0	4.178846e-06	1.501373e-07	1
19	rs73570694	58841515	0	-1.481947e-04	-5.392460e-06	1
19	rs73572621	58845441	0	4.178846e-06	1.501373e-07	1
19	rs73572630	58847132	0	-2.152182e-05	-7.807667e-07	1
19	rs73572641	58852541	0	-1.738953e-04	-6.326768e-06	1
19	rs7359845	58831819	0	-5.837036e-04	-2.131516e-05	1
19	rs7359922	58830261	0	-5.435608e-04	-1.980041e-05	1
19	rs73939627	58848734	0	-5.381809e-05	-1.952208e-06	1
19	rs7408188	58939389	0	7.400978e-04	2.544377e-05	1
19	rs7409473	58939165	0	7.400978e-04	2.544377e-05	1
19	rs74357328	58550617	0	2.280200e-04	8.421452e-06	1
19	rs74414988	58524349	0	3.433761e-04	1.240478e-05	1
19	rs74496797	58749776	0	-1.468391e-04	-5.337634e-06	1
19	rs74625788	58757001	0	-1.468391e-04	-5.337634e-06	1
19	rs74733770	59027672	0	4.236012e-05	1.561045e-06	1
19	rs74815034	58658965	1	-2.051612e-04	-7.174569e-06	1
19	rs74831398	58919814	0	-5.140789e-05	-1.896624e-06	1
19	rs75072205	58755366	0	-1.468391e-04	-5.337633e-06	1
19	rs7507609	58611111	0	-9.170825e-04	-3.209841e-05	1
19	rs7508106	58876115	0	-2.750099e-04	-1.002863e-05	1
19	rs751745	58722129	0	-3.648985e-04	-1.344222e-05	1
19	rs75196460	58952297	0	-1.855013e-04	-6.856231e-06	1
19	rs75217180	59055112	0	4.534077e-04	1.647856e-05	1
19	rs753530	58632768	0	2.731295e-04	9.538345e-06	1
19	rs75597	58720236	0	1.007599e-04	3.619976e-06	1
19	rs75672965	59063157	0	-2.286832e-04	-8.435912e-06	1
19	rs75814085	58993994	0	1.535898e-04	5.616578e-06	1
19	rs75904835	58810044	0	4.012459e-04	1.483289e-05	1
19	rs75999937	58924419	0	3.441658e-04	1.277870e-05	1
19	rs76652149	58524660	0	3.433761e-04	1.240478e-05	1
19	rs76795181	58684319	0	-5.490504e-05	-2.027950e-06	1
19	rs76798942	58653114	0	-3.286385e-04	-1.157531e-05	1
19	rs76938992	58877357	0	2.836970e-05	1.050253e-06	1
19	rs76958646	58562357	0	-1.302614e-04	-4.781298e-06	1
19	rs76963345	58743142	0	-6.152236e-04	-2.281422e-05	1
19	rs77140992	58521189	0	3.433761e-04	1.240478e-05	1
19	rs77193614	58820450	0	1.052732e-03	3.933309e-05	1
19	rs77222313	58533610	0	3.145661e-04	1.135142e-05	1
19	rs77235242	58929230	0	8.235623e-05	3.045926e-06	1
19	rs77262558	58684431	0	1.236549e-04	4.554776e-06	1
19	rs77358356	59065154	0	-5.488838e-05	-2.019226e-06	1
19	rs77377117	58742665	0	-4.211905e-06	-1.606337e-07	1
19	rs77498029	58993254	0	-4.597193e-04	-1.630326e-05	1
19	rs77659740	59056991	0	1.440615e-04	5.276298e-06	1
19	rs77688534	59043748	0	1.352005e-04	4.962507e-06	1
19	rs77755501	58915005	0	-2.952858e-04	-1.085134e-05	1
19	rs78202231	58668413	0	7.636406e-05	2.817864e-06	1
19	rs78282402	59008259	0	2.584028e-04	9.530647e-06	1
19	rs78282479	58682941	0	3.420539e-04	1.248942e-05	1
19	rs78293168	58755872	0	-1.468391e-04	-5.337633e-06	1
19	rs78560062	58662212	0	-6.060104e-05	-2.127931e-06	1
19	rs78604285	58712758	0	4.638860e-04	1.717950e-05	1
19	rs78664025	58695007	0	-1.853386e-05	-6.861668e-07	1
19	rs78968038	58658294	0	1.221668e-03	4.412054e-05	1
19	rs79132177	58701780	0	8.294091e-04	3.092986e-05	1
19	rs79135878	58642383	0	6.504418e-05	2.398925e-06	1
19	rs79192210	58561312	0	6.606129e-05	2.435891e-06	1
19	rs79208032	58556652	0	-4.078034e-04	-1.439085e-05	1
19	rs79222418	58664418	0	-3.238447e-04	-1.150134e-05	1
19	rs79259289	58752257	0	1.067774e-03	3.929340e-05	1
19	rs79282983	58898840	0	1.266158e-03	4.847504e-05	1
19	rs79287592	58789765	0	-2.453605e-04	-8.998759e-06	1
19	rs79428816	58834505	0	-1.193052e-04	-4.413602e-06	1
19	rs79463936	58755254	0	-1.468391e-04	-5.337631e-06	1
19	rs79481083	58820403	0	8.202993e-04	3.022886e-05	1
19	rs79562691	58745897	0	1.905856e-04	7.059706e-06	1
19	rs79639614	59070578	0	-3.548242e-04	-1.284962e-05	1
19	rs79894507	58699453	0	4.638860e-04	1.717950e-05	1
19	rs79955355	58665816	0	1.656454e-04	6.099507e-06	1
19	rs80090318	58702017	0	8.294091e-04	3.092986e-05	1
19	rs80153933	58526696	0	5.442367e-04	1.972274e-05	1
19	rs80298408	58807275	0	3.026067e-04	1.117392e-05	1
19	rs80320621	58816329	0	6.203295e-04	2.257541e-05	1
19	rs80330258	59010439	0	-2.109325e-05	-7.746801e-07	1
19	rs8099852	58895221	0	-1.755146e-05	-5.748681e-07	1
19	rs8100259	58932360	0	2.404757e-04	8.259128e-06	1
19	rs8100276	58534236	0	6.853430e-04	2.486334e-05	1
19	rs8100534	58534484	0	8.212200e-04	3.004485e-05	1
19	rs8100738	58581904	0	-1.796066e-05	-6.245493e-07	1
19	rs8100801	58892060	0	-1.859331e-05	-6.690108e-07	1
19	rs8101391	58892524	0	-2.888081e-04	-1.053399e-05	1
19	rs8102157	58589599	0	3.265762e-04	1.117639e-05	1
19	rs8102402	58892672	0	-3.426758e-04	-1.249734e-05	1
19	rs8102457	58926008	0	9.261134e-05	3.138855e-06	1
19	rs8103853	58577762	0	3.350066e-04	1.148429e-05	1
19	rs8104061	58795986	0	-1.791752e-04	-6.152651e-06	1
19	rs8104221	58905109	0	-6.037008e-04	-2.092366e-05	1
19	rs8104276	58603983	0	4.509963e-04	1.582179e-05	1
19	rs8105044	58796805	0	-3.839488e-04	-1.303914e-05	1
19	rs8105799	58761585	0	-1.692390e-04	-5.710356e-06	1
19	rs8105906	58791636	0	-2.570517e-04	-9.413900e-06	1
19	rs8105935	58821088	0	1.041282e-03	3.886990e-05	1
19	rs8106345	58888317	0	-5.504267e-04	-1.874380e-05	1
19	rs8106477	58888441	0	-4.726925e-04	-1.607365e-05	1
19	rs8107581	58809154	0	-2.886293e-04	-9.759125e-06	1
19	rs8107931	58636461	0	1.479729e-04	5.164283e-06	1
19	rs8108238	58757968	0	-1.468391e-04	-5.337630e-06	1
19	rs8108371	58730394	0	-4.707157e-04	-1.726912e-05	1
19	rs8108493	58730489	0	-3.091992e-04	-1.132038e-05	1
19	rs8109093	58833871	0	-5.837036e-04	-2.131516e-05	1
19	rs8109275	58629878	0	3.819168e-04	1.339289e-05	1
19	rs8109359	58629914	0	3.819168e-04	1.339289e-05	1
19	rs8109471	58621794	0	1.096650e-04	3.829060e-06	1
19	rs8109694	58621307	0	1.344802e-04	4.725458e-06	1
19	rs8109925	58623323	0	1.096650e-04	3.829057e-06	1
19	rs8109932	58903466	0	-3.142215e-04	-1.059003e-05	1
19	rs8109937	58584643	0	-1.796066e-05	-6.245569e-07	1
19	rs8110117	58600626	0	-1.533320e-03	-5.860702e-05	1
19	rs8110135	58998464	0	5.825379e-04	2.003471e-05	1
19	rs8110249	58824237	0	-4.416345e-04	-1.602397e-05	1
19	rs8110941	58824163	0	-4.150300e-04	-1.505123e-05	1
19	rs8111222	58750413	0	-1.002003e-04	-3.384505e-06	1
19	rs8111238	58667076	0	1.204773e-03	4.345012e-05	1
19	rs8111301	58750326	0	-1.468391e-04	-5.337628e-06	1
19	rs8111498	58749994	0	9.078634e-05	3.305035e-06	1
19	rs8112286	58752391	0	-1.822026e-04	-6.617599e-06	1
19	rs8112340	58759679	0	-1.623332e-04	-5.900163e-06	1
19	rs8112556	58886459	0	-9.893173e-05	-3.584385e-06	1
19	rs8113810	58932106	0	7.082560e-04	2.428257e-05	1
19	rs873104	59065952	0	4.088625e-04	1.396880e-05	1
19	rs877796	58753615	0	-2.279938e-06	-6.948081e-08	1
19	rs877797	58753649	0	-1.468391e-04	-5.337625e-06	1
19	rs880162	59013134	0	1.047753e-06	2.853383e-08	1
19	rs882609	58991479	0	1.728010e-04	5.789483e-06	1
19	rs882610	58991900	0	4.765029e-04	1.630689e-05	1
19	rs889158	58601981	0	9.926456e-04	3.504687e-05	1
19	rs889159	58584522	0	-1.796066e-05	-6.245657e-07	1
19	rs889160	58584434	0	1.871302e-04	6.373778e-06	1
19	rs889161	58584324	0	-1.737018e-05	-6.058169e-07	1
19	rs893179	58899056	0	-4.391801e-04	-1.485907e-05	1
19	rs893180	58865091	0	-1.125251e-05	-4.051456e-07	1
19	rs893181	58865082	0	-1.125251e-05	-4.051455e-07	1
19	rs893182	58865068	0	-1.125251e-05	-4.051453e-07	1
19	rs893183	58865054	0	-1.125251e-05	-4.051452e-07	1
19	rs893184	58864479	0	-6.629363e-05	-2.398729e-06	1
19	rs893185	58989495	0	8.166087e-05	2.720589e-06	1
19	rs893186	58969179	0	6.288478e-04	2.144657e-05	1
19	rs893187	58963018	0	3.054480e-04	1.049149e-05	1
19	rs893188	58962958	0	2.419812e-04	8.287802e-06	1
19	rs895374	59066918	0	8.249859e-05	2.760319e-06	1
19	rs918544	58620103	0	1.709066e-04	5.976405e-06	1
19	rs918545	58620068	0	1.709066e-04	5.976403e-06	1
19	rs922929	58734596	0	-3.189433e-04	-1.150923e-05	1
19	rs922931	58734749	0	-4.781264e-04	-1.733286e-05	1
19	rs9304813	58931557	0	-2.243570e-06	-1.032199e-07	1
19	rs9304814	58951811	0	8.472486e-04	2.936590e-05	1
19	rs933670	58619847	0	2.731062e-04	9.760234e-06	1
19	rs9636162	59019452	0	-2.272632e-05	-8.293748e-07	1
19	rs9676281	58756728	0	-3.087652e-05	-1.116128e-06	1
19	rs9676287	58756655	0	-1.468391e-04	-5.337625e-06	1
19	rs9676487	58756869	0	-3.087652e-05	-1.116127e-06	1
19	rs971711	58632872	0	2.158134e-04	7.589477e-06	1
19	rs9749456	58882192	0	-2.895701e-04	-9.780392e-06	1
19	rs975947	58898193	0	9.375690e-04	3.243937e-05	1
19	rs9797792	59019531	0	2.372938e-04	8.158393e-06	1
19	rs9941466	58945962	0	-4.242938e-05	-1.547793e-06	1
