chr	rs	ps	n_miss	b	beta	gamma
16	rs10083738	29927702	0	-1.364362e-03	-1.839386e-04	1
16	rs10163301	29149596	0	4.303809e-04	6.889909e-05	1
16	rs10204	29826538	0	2.176333e-03	6.329280e-04	1
16	rs1036696	30682376	0	4.562078e-04	1.034625e-04	1
16	rs10445105	29999488	0	6.597067e-04	1.318399e-04	1
16	rs1045968	29826365	0	-2.301892e-03	-8.285947e-04	1
16	rs1046276	30914626	0	5.220969e-04	6.166695e-05	1
16	rs1050881	29675928	0	-9.675085e-04	-2.166479e-04	1
16	rs1057451	29833488	0	-2.176333e-03	-6.329276e-04	1
16	rs1057452	29833714	0	-2.110785e-03	-6.714249e-04	1
16	rs1064524	30492823	0	4.272861e-04	8.600927e-05	1
16	rs10871449	29652488	0	-1.329445e-03	-1.687512e-04	1
16	rs10871451	29986205	0	-8.292087e-04	-9.960922e-05	1
16	rs10871453	30536918	0	1.267336e-04	1.489467e-05	1
16	rs10871481	29284112	0	6.876089e-04	8.803632e-05	1
16	rs1109520	29190758	0	-3.486375e-04	-4.404947e-05	1
16	rs1109521	29190753	0	-1.875397e-04	-2.344528e-05	1
16	rs111230245	30478891	0	-4.227434e-04	-6.705428e-05	1
16	rs111265045	30373233	0	-4.414420e-04	-6.249088e-05	1
16	rs111400675	30829764	0	5.222039e-04	5.901836e-05	1
16	rs11150561	29644794	0	-1.794777e-03	-2.990502e-04	1
16	rs11150563	29662903	0	-1.212990e-03	-1.550052e-04	1
16	rs11150564	29666736	0	-1.317003e-03	-1.645215e-04	1
16	rs11150574	29934819	0	-1.364362e-03	-1.839384e-04	1
16	rs11150575	29935066	0	-1.516386e-03	-2.129421e-04	1
16	rs11150576	29965496	0	-6.248382e-04	-7.311888e-05	1
16	rs11150577	29986525	0	-7.289139e-04	-8.687915e-05	1
16	rs11150579	30000330	0	-7.289139e-04	-8.687913e-05	1
16	rs11150580	30014564	0	-3.780330e-04	-4.334613e-05	1
16	rs11150581	30030699	0	-8.679660e-04	-1.180069e-04	1
16	rs11150582	30034127	0	-3.041600e-04	-5.213874e-05	1
16	rs11150583	30034189	0	-1.605090e-05	-1.850469e-06	1
16	rs11150585	30184286	0	1.729658e-03	2.424081e-04	1
16	rs11150586	30420851	0	8.995011e-04	1.185594e-04	1
16	rs11150590	30493881	0	5.887042e-04	7.095343e-05	1
16	rs11150596	30850242	0	-1.948844e-04	-2.127873e-05	1
16	rs11150599	30897456	0	1.603308e-04	1.754307e-05	1
16	rs11150675	28980531	0	-2.991225e-04	-3.492850e-05	1
16	rs11150696	29142826	0	5.097576e-04	8.346049e-05	1
16	rs11150712	29243047	0	-1.357492e-03	-2.229859e-04	1
16	rs11150713	29282753	0	-1.263269e-04	-1.734210e-05	1
16	rs111555633	30475160	0	-5.531004e-04	-9.733338e-05	1
16	rs111639166	30636893	0	-1.547749e-04	-1.758890e-05	1
16	rs111688805	30448522	0	-6.266008e-04	-1.121790e-04	1
16	rs111813229	30595710	0	2.448854e-04	5.307016e-05	1
16	rs111935448	30919807	0	2.311146e-04	3.793672e-05	1
16	rs111954099	30789623	0	7.744731e-05	1.265417e-05	1
16	rs112128999	29264813	0	-9.052944e-04	-1.446516e-04	1
16	rs112131656	29764539	0	-9.317911e-04	-1.498575e-04	1
16	rs112165220	29408955	0	1.471580e-04	2.794527e-05	1
16	rs112194055	30120942	0	3.525123e-04	7.121820e-05	1
16	rs112201399	29690177	0	1.072604e-03	2.625895e-04	1
16	rs112234000	30778808	0	7.744731e-05	1.265417e-05	1
16	rs112265026	29809181	0	4.273867e-04	8.661434e-05	1
16	rs112282032	30826936	0	6.816323e-04	8.294527e-05	1
16	rs112294239	30052868	0	4.204314e-04	8.630554e-05	1
16	rs112400041	29669780	0	-9.445227e-04	-2.018686e-04	1
16	rs112414374	30353586	0	4.406113e-04	7.811876e-05	1
16	rs112421755	30551685	0	8.242414e-04	1.141703e-04	1
16	rs112484223	29764728	0	-8.252824e-04	-1.274773e-04	1
16	rs112498248	29259987	0	1.046331e-04	1.440777e-05	1
16	rs112533759	30003756	0	4.683551e-04	9.972957e-05	1
16	rs112549897	29832950	0	7.450644e-04	1.548279e-04	1
16	rs112565029	30102391	0	5.009870e-04	1.125683e-04	1
16	rs112600506	29004363	0	-1.998789e-04	-3.788704e-05	1
16	rs112625256	29314477	0	-1.344654e-03	-2.983164e-04	1
16	rs112652568	29412437	0	2.054884e-04	3.892078e-05	1
16	rs112691371	30868216	0	8.340340e-05	1.351428e-05	1
16	rs112750937	30622942	0	5.015583e-04	8.340892e-05	1
16	rs112780074	29150174	0	-3.798336e-04	-5.996395e-05	1
16	rs112790372	30898456	0	-5.724177e-04	-7.514937e-05	1
16	rs1129003	30017283	0	6.966513e-04	1.270181e-04	1
16	rs112918513	29230177	0	-2.247195e-04	-3.921031e-05	1
16	rs1129700	29918034	0	-9.863004e-04	-1.245955e-04	1
16	rs112997245	30010353	0	6.030409e-04	1.084912e-04	1
16	rs113024433	30636808	0	2.157022e-04	2.428976e-05	1
16	rs113072320	30187226	0	1.602316e-04	2.730959e-05	1
16	rs113085280	30638004	0	-1.979506e-05	-4.182471e-06	1
16	rs113100612	29222962	0	-7.183309e-04	-9.723604e-05	1
16	rs113118899	29296414	0	-5.732926e-04	-9.784014e-05	1
16	rs113137773	29753314	0	-1.236479e-03	-2.521207e-04	1
16	rs113145245	29278701	0	2.268419e-05	3.570718e-06	1
16	rs1131543	28997997	0	7.440933e-04	1.061850e-04	1
16	rs113223003	29765012	0	-1.205933e-03	-2.431853e-04	1
16	rs113303075	30482393	0	4.585071e-04	9.603468e-05	1
16	rs1133238	30455458	0	-2.519875e-04	-4.809845e-05	1
16	rs113376800	29736698	0	-5.191231e-04	-7.951842e-05	1
16	rs113378736	29294130	0	1.604637e-06	2.535759e-07	1
16	rs113389983	29285085	0	2.268419e-05	3.570720e-06	1
16	rs11344	29910518	0	-1.396973e-03	-2.067742e-04	1
16	rs113443718	29892184	0	-1.875579e-03	-3.614022e-04	1
16	rs113448632	30898219	0	-4.268255e-04	-5.515773e-05	1
16	rs113454775	30809534	0	7.744731e-05	1.265416e-05	1
16	rs113458503	28973267	0	-6.575056e-05	-7.313284e-06	1
16	rs1134700	29709777	0	-1.313463e-03	-2.664979e-04	1
16	rs113478212	29596230	0	6.835105e-05	1.456505e-05	1
16	rs113567606	30839445	0	-6.388407e-04	-1.220828e-04	1
16	rs113592099	29751483	0	-1.074941e-03	-1.799578e-04	1
16	rs113711475	30497954	0	2.661474e-04	5.521331e-05	1
16	rs113711981	30572096	0	6.568150e-04	1.213677e-04	1
16	rs113753753	29891206	0	4.245268e-04	9.188888e-05	1
16	rs1137843	28977713	0	-2.697903e-04	-3.139435e-05	1
16	rs113826909	29747901	0	-1.535064e-03	-3.474176e-04	1
16	rs113834633	29662778	0	-4.984863e-05	-1.070629e-05	1
16	rs113907898	30514041	0	2.045526e-04	4.191086e-05	1
16	rs1140239	30021402	0	-8.679660e-04	-1.180068e-04	1
16	rs114588746	30053597	0	8.542977e-04	1.679594e-04	1
16	rs115229322	30523908	0	7.358063e-04	1.131329e-04	1
16	rs11544328	30037128	0	-1.605090e-05	-1.850433e-06	1
16	rs11546678	29827681	0	6.464854e-04	1.133907e-04	1
16	rs11547490	28975662	0	-1.241194e-04	-2.624939e-05	1
16	rs115518563	30055603	0	6.476849e-04	1.254372e-04	1
16	rs115616784	29000446	0	-2.991225e-04	-3.492851e-05	1
16	rs11574550	29673970	0	-8.306232e-04	-1.503349e-04	1
16	rs11574551	29673995	0	-9.527746e-04	-1.818093e-04	1
16	rs11574941	30493000	0	-3.803572e-04	-6.032750e-05	1
16	rs11574945	30510036	0	1.847658e-04	3.858483e-05	1
16	rs115777649	29344781	0	7.718594e-05	1.493480e-05	1
16	rs116286717	29275779	0	-5.576891e-04	-8.966050e-05	1
16	rs11639897	28952638	0	1.151576e-03	1.611438e-04	1
16	rs11640105	29158075	0	-1.608694e-04	-2.058897e-05	1
16	rs11640805	29160996	0	-4.709394e-04	-6.148884e-05	1
16	rs11640950	30426001	0	2.301379e-04	3.308330e-05	1
16	rs11641321	30880319	0	-4.759189e-05	-7.817370e-06	1
16	rs11641378	29190130	0	-2.490284e-04	-3.156948e-05	1
16	rs11641732	29154294	0	-1.608694e-04	-2.058896e-05	1
16	rs11641843	29154548	0	-4.709394e-04	-6.148882e-05	1
16	rs11641922	29662638	0	-1.023514e-03	-1.250458e-04	1
16	rs11642046	29993108	0	-7.951139e-04	-9.460648e-05	1
16	rs11642399	30059593	0	-2.473692e-05	-2.835606e-06	1
16	rs11642430	30045789	0	-8.679660e-04	-1.180067e-04	1
16	rs11642466	30781942	0	7.744731e-05	1.265415e-05	1
16	rs11642603	30886221	0	-4.759189e-05	-7.817373e-06	1
16	rs11642612	30030195	0	-8.679660e-04	-1.180067e-04	1
16	rs11642632	30667964	0	-1.761085e-04	-3.619477e-05	1
16	rs11642638	28984945	0	-2.991225e-04	-3.492851e-05	1
16	rs11642676	30371655	0	-6.282477e-04	-7.678628e-05	1
16	rs11642692	29190237	0	-3.486375e-04	-4.404940e-05	1
16	rs11642720	29157143	0	-1.608694e-04	-2.058894e-05	1
16	rs11642727	28974240	0	-2.991225e-04	-3.492851e-05	1
16	rs11642740	30060655	0	-1.166768e-03	-1.712218e-04	1
16	rs11642837	29165747	0	-1.608694e-04	-2.058893e-05	1
16	rs11642862	30785824	0	7.744731e-05	1.265415e-05	1
16	rs11642933	29946708	0	-1.461831e-03	-2.017193e-04	1
16	rs11643582	29654705	0	-1.580615e-03	-2.176053e-04	1
16	rs11643652	30497597	0	-9.341345e-05	-1.338644e-05	1
16	rs11644176	29158254	0	-4.709394e-04	-6.148878e-05	1
16	rs11644273	29132010	0	-4.223297e-04	-5.454513e-05	1
16	rs11644433	30504046	0	-1.727051e-04	-2.477592e-05	1
16	rs11644442	29153897	0	-1.608694e-04	-2.058890e-05	1
16	rs11644454	30909872	0	3.442918e-05	5.609359e-06	1
16	rs11644459	30095236	0	-1.180875e-04	-1.378190e-05	1
16	rs11644622	29154350	0	-5.853881e-04	-7.745637e-05	1
16	rs11645118	29194175	0	-1.875397e-04	-2.344518e-05	1
16	rs11645175	30803299	0	7.744731e-05	1.265415e-05	1
16	rs11645306	28983936	0	8.603022e-04	1.158941e-04	1
16	rs11645367	30770074	0	2.715124e-04	4.500078e-05	1
16	rs11645581	30351624	0	-4.199203e-04	-5.020716e-05	1
16	rs11646082	30911950	0	-4.964582e-06	-8.047625e-07	1
16	rs11646118	29926471	0	-3.075413e-04	-5.593082e-05	1
16	rs11646127	29966277	0	-7.234296e-04	-8.601910e-05	1
16	rs11646130	30376959	0	-7.733474e-04	-9.668526e-05	1
16	rs11646140	29155480	0	-4.709394e-04	-6.148874e-05	1
16	rs11646318	29265508	0	-7.232810e-04	-1.201781e-04	1
16	rs11646576	29145862	0	-1.322583e-05	-1.668034e-06	1
16	rs11647246	30528132	0	1.327740e-04	2.652232e-05	1
16	rs11647697	30872471	0	1.645566e-04	2.091256e-05	1
16	rs11647753	29928115	0	-8.233153e-04	-9.916871e-05	1
16	rs11647900	29292055	0	-1.509696e-04	-3.018143e-05	1
16	rs11648125	30889653	0	-4.759189e-05	-7.817378e-06	1
16	rs11648430	29022557	0	-8.987322e-04	-1.036930e-04	1
16	rs11648675	29780731	0	1.383284e-03	2.017055e-04	1
16	rs11648963	29214950	0	2.892300e-04	3.719497e-05	1
16	rs11649149	30008644	0	1.288352e-04	1.399962e-05	1
16	rs11649274	30026469	0	-7.034283e-04	-9.258109e-05	1
16	rs11649499	29908433	0	-1.393089e-03	-2.773967e-04	1
16	rs11649612	29946670	0	-1.461831e-03	-2.017192e-04	1
16	rs11649653	30918487	0	-1.437403e-03	-2.063606e-04	1
16	rs11649671	29328594	0	-3.893906e-05	-8.149461e-06	1
16	rs116849262	30720376	0	-7.172471e-04	-1.634690e-04	1
16	rs116878064	30063549	0	1.875616e-04	3.553862e-05	1
16	rs116922328	29965785	0	3.656140e-04	6.997894e-05	1
16	rs117075401	29614830	0	1.885147e-05	4.115552e-06	1
16	rs117077416	29971913	0	-3.393269e-04	-7.042530e-05	1
16	rs117106225	30460283	0	-2.670713e-04	-5.613944e-05	1
16	rs1171214	29257432	0	-9.471683e-04	-1.955395e-04	1
16	rs117266893	29276374	0	-1.643872e-04	-2.786232e-05	1
16	rs117310634	29285034	0	-1.643872e-04	-2.786232e-05	1
16	rs117378813	30884458	0	-1.550429e-04	-3.395255e-05	1
16	rs117383236	29939177	0	-7.597780e-04	-1.765679e-04	1
16	rs117388875	29207035	0	3.185320e-04	6.500124e-05	1
16	rs117391625	30504932	0	4.208290e-05	7.890426e-06	1
16	rs117400114	29356326	0	-6.815107e-05	-1.255115e-05	1
16	rs117417282	29137508	0	-3.420505e-04	-7.049524e-05	1
16	rs117472293	29172837	0	3.185320e-04	6.500124e-05	1
16	rs117527829	30106982	0	1.779583e-04	3.751358e-05	1
16	rs117562643	29313383	0	-7.779644e-04	-1.787301e-04	1
16	rs117590634	29934113	0	-6.484418e-06	-1.438812e-06	1
16	rs117671724	30558484	0	-9.532267e-04	-1.938579e-04	1
16	rs117673009	29971781	0	-4.545121e-05	-9.682897e-06	1
16	rs117718914	29265493	0	-4.151409e-04	-8.903160e-05	1
16	rs117782601	29613511	0	1.062867e-03	2.441434e-04	1
16	rs117829446	30632657	0	6.172090e-04	1.078968e-04	1
16	rs117870157	29316133	0	2.086211e-04	4.339934e-05	1
16	rs117905809	29246098	0	3.858859e-04	8.510577e-05	1
16	rs117910240	30558579	0	-7.484512e-04	-1.472923e-04	1
16	rs117957142	30887482	0	4.435438e-04	9.553132e-05	1
16	rs117984039	30784011	0	-1.202697e-04	-2.417897e-05	1
16	rs118024944	28978833	0	-4.515032e-04	-9.588044e-05	1
16	rs118027139	29963812	0	-2.069289e-05	-3.847353e-06	1
16	rs118040062	29314466	0	2.086211e-04	4.339934e-05	1
16	rs118058081	29860299	0	1.797235e-04	4.014487e-05	1
16	rs118154869	30479065	0	7.376822e-04	1.700815e-04	1
16	rs118176746	30877351	0	6.009954e-04	1.054923e-04	1
16	rs11859871	29835440	0	-2.176333e-03	-6.329268e-04	1
16	rs11859981	29138143	0	5.097576e-04	8.346045e-05	1
16	rs11860294	29273758	0	3.775100e-04	4.703595e-05	1
16	rs11860782	29989739	0	7.628513e-04	1.507285e-04	1
16	rs11860935	30080780	0	6.476849e-04	1.254372e-04	1
16	rs11861040	29301166	0	9.384311e-04	1.310395e-04	1
16	rs11861297	29298364	0	9.384311e-04	1.310395e-04	1
16	rs11861511	29113641	0	7.015559e-04	1.183635e-04	1
16	rs11861842	30094180	0	8.542977e-04	1.679593e-04	1
16	rs11862055	29733712	0	-5.903976e-04	-9.216065e-05	1
16	rs11862091	29273501	0	3.751274e-04	4.633515e-05	1
16	rs11862099	29338534	0	-7.571041e-05	-1.473970e-05	1
16	rs11862319	29298280	0	9.384311e-04	1.310394e-04	1
16	rs11862597	30490854	0	-4.227434e-04	-6.705419e-05	1
16	rs11862691	30187851	0	7.691432e-04	1.257845e-04	1
16	rs11862806	30364071	0	-1.062023e-04	-1.155406e-05	1
16	rs11862859	30757274	0	8.577190e-04	1.044085e-04	1
16	rs11863083	30100789	0	6.508202e-04	1.253897e-04	1
16	rs11863129	30095492	0	8.542977e-04	1.679593e-04	1
16	rs11863145	29272255	0	4.671374e-04	5.871551e-05	1
16	rs11863150	30385503	0	-7.857158e-05	-8.771519e-06	1
16	rs11863174	30019375	0	-3.464529e-05	-3.745338e-06	1
16	rs11863286	29272644	0	4.671374e-04	5.871550e-05	1
16	rs11863619	29134064	0	5.121402e-04	8.414580e-05	1
16	rs11863731	29848932	0	-2.301892e-03	-8.285927e-04	1
16	rs11863734	29848946	0	-2.176333e-03	-6.329264e-04	1
16	rs11863748	29835588	0	-2.301892e-03	-8.285922e-04	1
16	rs11864054	30846134	0	6.639773e-04	8.320948e-05	1
16	rs11864149	29999225	0	7.628513e-04	1.507284e-04	1
16	rs11864180	29830829	0	-2.301892e-03	-8.285919e-04	1
16	rs11864422	29268820	0	-3.861833e-04	-4.711493e-05	1
16	rs11864642	30084276	0	8.542977e-04	1.679593e-04	1
16	rs11865101	29288501	0	2.102177e-04	2.554275e-05	1
16	rs11865379	29274056	0	3.775100e-04	4.703587e-05	1
16	rs11865525	29244432	0	3.811460e-04	5.269774e-05	1
16	rs11865661	29296666	0	3.978208e-04	4.872797e-05	1
16	rs11865711	29118679	0	2.509563e-04	4.007224e-05	1
16	rs11865716	30164488	0	1.405302e-03	1.791685e-04	1
16	rs11866084	30012922	0	8.577491e-04	1.659981e-04	1
16	rs11867026	30079450	0	8.542977e-04	1.679592e-04	1
16	rs11901	29984070	0	-7.289139e-04	-8.687866e-05	1
16	rs12050928	28982517	0	7.289373e-04	1.037349e-04	1
16	rs12102320	30178516	0	1.729658e-03	2.424074e-04	1
16	rs12102367	30866781	0	2.045466e-04	2.706044e-05	1
16	rs12102648	29105470	0	2.427997e-04	3.457283e-05	1
16	rs12102943	29014309	1	9.064197e-05	1.130905e-05	1
16	rs12148998	29085164	0	2.502799e-05	4.755490e-06	1
16	rs12325239	29894662	0	-5.580428e-04	-1.267689e-04	1
16	rs12325400	30023786	0	-8.679660e-04	-1.180064e-04	1
16	rs12325539	30033633	0	-8.880080e-04	-1.214962e-04	1
16	rs12373078	30187676	0	1.121613e-03	1.310755e-04	1
16	rs12373113	30187513	0	1.121613e-03	1.310755e-04	1
16	rs12444108	30027694	0	-7.730682e-04	-1.018692e-04	1
16	rs12444415	30118345	0	-3.831049e-04	-4.538487e-05	1
16	rs12444973	30107285	1	-2.079350e-04	-2.428119e-05	1
16	rs12444978	29924422	0	-1.364362e-03	-1.839376e-04	1
16	rs12445768	30089911	0	-1.180875e-04	-1.378174e-05	1
16	rs12445982	29982484	0	-7.289139e-04	-8.687854e-05	1
16	rs12446189	29011297	0	1.019339e-03	1.870420e-04	1
16	rs12446288	30388709	0	5.033540e-05	5.861550e-06	1
16	rs12446378	30043110	0	-1.605090e-05	-1.850191e-06	1
16	rs12447159	29610670	0	3.339097e-04	7.139068e-05	1
16	rs12447415	29682945	0	-1.267149e-03	-1.720752e-04	1
16	rs12447534	30804257	0	-5.858381e-04	-6.592108e-05	1
16	rs12447715	29152765	0	-5.011038e-06	-7.002240e-07	1
16	rs12447833	30390314	0	6.890374e-04	8.788934e-05	1
16	rs12447915	30089908	0	-1.180875e-04	-1.378172e-05	1
16	rs12448633	29400742	0	5.625031e-04	1.245082e-04	1
16	rs12448769	29672197	0	-1.588896e-03	-2.157886e-04	1
16	rs12449272	28962755	0	7.794459e-05	9.034201e-06	1
16	rs12596042	29934754	0	-1.438891e-03	-1.995830e-04	1
16	rs12596308	29691196	0	5.972795e-04	7.550556e-05	1
16	rs12596536	29402369	0	7.312138e-04	1.624812e-04	1
16	rs12596543	30029135	0	-1.736974e-04	-1.980406e-05	1
16	rs12596940	29692240	0	4.545715e-04	6.304340e-05	1
16	rs12597368	29645078	0	-1.794777e-03	-2.990501e-04	1
16	rs12597404	29152906	0	-1.608694e-04	-2.058877e-05	1
16	rs12597953	29189394	0	-1.875397e-04	-2.344511e-05	1
16	rs12598856	30029548	0	-7.975374e-04	-1.065068e-04	1
16	rs12599208	29153112	1	2.438824e-04	3.047905e-05	1
16	rs12599318	29692414	0	-5.499385e-04	-6.909846e-05	1
16	rs12599614	30466741	0	-4.680517e-04	-7.365358e-05	1
16	rs12691307	29939877	0	-1.520205e-03	-2.137461e-04	1
16	rs12716972	29936654	0	-1.583834e-03	-2.304119e-04	1
16	rs12716973	29937652	0	-1.516386e-03	-2.129409e-04	1
16	rs12716974	29944832	0	-1.461831e-03	-2.017184e-04	1
16	rs12716975	29950829	1	-1.460359e-03	-2.014226e-04	1
16	rs12717010	28957170	0	9.963022e-04	1.532247e-04	1
16	rs12851	30016977	0	7.288389e-04	1.420194e-04	1
16	rs12917712	29882490	0	-2.098020e-03	-4.235447e-04	1
16	rs12917921	29156976	0	-1.608694e-04	-2.058874e-05	1
16	rs12918327	30626616	0	9.220187e-04	1.333404e-04	1
16	rs12918652	29964357	0	-7.234296e-04	-8.601855e-05	1
16	rs12919022	30434509	0	1.313402e-04	2.413736e-05	1
16	rs12919612	29895303	0	-1.766417e-03	-2.900574e-04	1
16	rs12919683	29943367	0	-1.461831e-03	-2.017183e-04	1
16	rs12919889	29142372	0	-2.452934e-04	-3.131758e-05	1
16	rs12920185	30172025	0	7.651214e-04	1.227821e-04	1
16	rs12920760	29844279	0	-2.301892e-03	-8.285907e-04	1
16	rs12920857	30866026	2	-2.129939e-04	-2.193082e-05	1
16	rs12921440	30408765	0	3.219135e-04	3.772641e-05	1
16	rs12921608	29192526	0	-1.875397e-04	-2.344508e-05	1
16	rs12921723	30351842	0	-4.313368e-04	-5.180756e-05	1
16	rs12921753	30018720	0	-1.166768e-03	-1.712209e-04	1
16	rs12921944	29152340	0	-1.608694e-04	-2.058871e-05	1
16	rs12921996	30011618	0	-7.289139e-04	-8.687821e-05	1
16	rs12922100	30129936	0	5.026319e-04	1.045376e-04	1
16	rs12922496	29130999	0	-6.295765e-04	-8.247119e-05	1
16	rs12922984	30514470	0	5.256512e-04	6.053591e-05	1
16	rs12923394	29133896	0	-2.565014e-04	-3.274083e-05	1
16	rs12923534	30189297	0	7.691432e-04	1.257845e-04	1
16	rs12923573	30514296	0	3.066126e-04	3.449300e-05	1
16	rs12923643	28966835	0	4.377875e-04	8.711138e-05	1
16	rs12923760	29147462	0	-3.515150e-04	-4.514071e-05	1
16	rs12923886	29732022	0	3.960264e-04	8.536674e-05	1
16	rs12923895	29022380	0	-7.054202e-04	-7.744100e-05	1
16	rs12923999	29140410	0	-3.035198e-04	-6.737906e-05	1
16	rs12924041	29156139	0	-1.608694e-04	-2.058868e-05	1
16	rs12924167	29140524	0	5.097576e-04	8.346035e-05	1
16	rs12924622	30084052	0	-1.180875e-04	-1.378155e-05	1
16	rs12924903	30928970	0	6.008295e-04	7.127180e-05	1
16	rs12926100	30169472	0	8.715296e-04	1.437693e-04	1
16	rs12926138	29193056	0	-1.875397e-04	-2.344505e-05	1
16	rs12926237	30837596	0	-6.745302e-04	-7.825489e-05	1
16	rs12926295	30890538	0	2.589541e-04	2.832351e-05	1
16	rs12927033	29687168	0	9.051565e-04	1.291358e-04	1
16	rs12927190	30169393	0	1.400245e-03	1.790310e-04	1
16	rs12927318	29226741	0	-6.840293e-04	-8.996982e-05	1
16	rs12928081	30885159	4	3.114442e-04	3.961402e-05	1
16	rs12928610	30016022	0	-9.772040e-05	-1.054477e-05	1
16	rs12928632	29118255	0	-8.245498e-04	-9.536961e-05	1
16	rs12928754	29679989	0	-7.609179e-04	-9.868373e-05	1
16	rs12929007	30929696	0	9.513901e-04	1.467362e-04	1
16	rs12929065	30873881	0	1.645566e-04	2.091244e-05	1
16	rs12929333	29680389	0	7.280166e-05	8.921950e-06	1
16	rs12929818	29191328	0	-1.875397e-04	-2.344503e-05	1
16	rs12929826	29717884	0	2.941908e-04	3.953347e-05	1
16	rs12930146	29286610	0	2.496114e-04	3.030233e-05	1
16	rs12930239	29908777	0	-1.798129e-03	-3.033683e-04	1
16	rs12930545	30938811	0	-1.658977e-04	-1.843987e-05	1
16	rs12930657	30931968	0	-1.658977e-04	-1.843987e-05	1
16	rs12930787	30381303	0	-2.297789e-04	-2.721895e-05	1
16	rs12930944	30874075	0	1.645566e-04	2.091244e-05	1
16	rs12931096	30874201	0	1.645566e-04	2.091244e-05	1
16	rs12931589	28979297	0	4.657232e-04	6.182677e-05	1
16	rs12931955	30013066	0	-3.226261e-05	-3.469885e-06	1
16	rs12932023	29715852	0	3.050364e-04	6.500937e-05	1
16	rs12932306	29148307	0	-3.515150e-04	-4.514068e-05	1
16	rs12932310	29846133	0	-2.323058e-03	-8.246000e-04	1
16	rs12932680	29689845	0	9.984808e-04	1.959483e-04	1
16	rs12932691	29846729	0	-2.110785e-03	-6.714214e-04	1
16	rs12932818	29143427	0	2.194666e-04	4.112111e-05	1
16	rs12932957	29680256	0	-9.656935e-04	-1.303076e-04	1
16	rs12933229	29182190	0	-4.197931e-04	-5.343257e-05	1
16	rs12933498	29943459	0	-1.461831e-03	-2.017180e-04	1
16	rs12933548	29790709	0	6.665353e-04	1.163369e-04	1
16	rs12933575	30022564	0	-1.033340e-04	-1.171907e-05	1
16	rs12933766	29922011	0	-9.814404e-04	-1.230260e-04	1
16	rs12934200	29142415	0	-4.370917e-04	-5.663143e-05	1
16	rs12934900	30923602	0	-4.478006e-04	-5.060822e-05	1
16	rs12934948	29192289	0	-1.481459e-04	-1.848393e-05	1
16	rs12934960	28979263	0	4.657232e-04	6.182676e-05	1
16	rs12935265	29931028	0	-6.788078e-05	-1.482905e-05	1
16	rs12935500	30174984	0	7.651214e-04	1.227820e-04	1
16	rs12935701	30026748	0	-8.679660e-04	-1.180058e-04	1
16	rs12935834	29764461	0	6.649709e-04	9.778871e-05	1
16	rs13329884	29281054	0	5.265111e-04	6.537058e-05	1
16	rs13330019	29316224	0	1.198576e-03	1.934665e-04	1
16	rs13331733	29848417	0	-2.301892e-03	-8.285894e-04	1
16	rs13331798	29747291	0	-1.254339e-03	-2.276417e-04	1
16	rs13331817	30172627	0	1.293837e-03	1.600673e-04	1
16	rs13332078	29850705	0	-2.434228e-03	-9.362816e-04	1
16	rs13332167	30557226	0	1.275441e-03	2.090365e-04	1
16	rs13332660	29905882	0	-1.393089e-03	-2.773965e-04	1
16	rs13333093	30407269	0	3.219135e-04	3.772639e-05	1
16	rs13333583	29302116	0	9.360484e-04	1.290279e-04	1
16	rs13333675	29302353	0	9.360484e-04	1.290279e-04	1
16	rs13333760	29302523	0	9.360484e-04	1.290279e-04	1
16	rs13333866	29302751	0	7.460510e-04	1.041000e-04	1
16	rs13334660	30178281	0	7.691432e-04	1.257844e-04	1
16	rs13334779	29302037	0	9.360484e-04	1.290279e-04	1
16	rs13334820	29302136	0	9.360484e-04	1.290279e-04	1
16	rs13335021	29746830	0	-1.254339e-03	-2.276417e-04	1
16	rs13335878	29281267	0	6.876089e-04	8.803608e-05	1
16	rs13336980	29279020	0	6.876089e-04	8.803607e-05	1
16	rs13337460	29299409	0	6.256729e-04	8.976033e-05	1
16	rs13337900	30822409	0	5.307792e-04	5.888466e-05	1
16	rs13338599	29104927	0	-5.117468e-04	-6.677573e-05	1
16	rs13338912	29760347	0	-9.006476e-04	-1.415109e-04	1
16	rs13338946	30700858	0	1.225973e-03	1.715910e-04	1
16	rs13339070	29297315	6	7.704343e-04	1.123735e-04	1
16	rs1345885	29134874	0	3.278638e-04	4.109593e-05	1
16	rs1345886	29135029	0	3.304841e-04	4.183911e-05	1
16	rs1364270	29168052	0	5.498341e-05	7.744341e-06	1
16	rs137887650	29332059	0	-3.108571e-04	-6.338283e-05	1
16	rs137993956	29913708	0	2.130453e-04	4.688850e-05	1
16	rs138211469	29735979	0	-1.077829e-03	-1.934304e-04	1
16	rs138213568	30930652	0	1.084476e-03	1.783528e-04	1
16	rs138273920	29320074	0	-1.349526e-04	-2.794563e-05	1
16	rs138425427	30591862	0	6.172090e-04	1.078969e-04	1
16	rs138447338	30513485	0	9.797233e-04	1.985559e-04	1
16	rs138599723	29732960	0	-1.077829e-03	-1.934304e-04	1
16	rs138729861	30399088	0	2.372156e-04	4.644341e-05	1
16	rs138755187	29763892	0	-5.644744e-04	-1.106777e-04	1
16	rs138825134	29613456	0	1.062867e-03	2.441434e-04	1
16	rs138849409	29339409	0	-1.340409e-04	-2.632778e-05	1
16	rs138850578	29736312	1	-1.089555e-03	-1.975240e-04	1
16	rs139053518	30504631	0	-2.622341e-06	-5.567916e-07	1
16	rs139142574	29323824	0	2.419483e-04	4.936119e-05	1
16	rs139356318	30048461	0	-1.825614e-05	-3.456465e-06	1
16	rs139876505	29098499	0	-4.943929e-04	-9.798953e-05	1
16	rs139904690	29667021	0	1.279376e-04	2.629049e-05	1
16	rs140478766	29148476	0	-4.943929e-04	-9.798953e-05	1
16	rs140646207	30469481	0	-2.670713e-04	-5.613942e-05	1
16	rs140677174	29334964	0	-3.108571e-04	-6.338283e-05	1
16	rs140785784	29714172	0	-7.655147e-04	-1.286188e-04	1
16	rs141305120	30120522	0	8.737880e-04	1.756275e-04	1
16	rs141436390	29826014	0	-3.924251e-05	-8.640952e-06	1
16	rs141659187	30729739	0	3.521640e-04	7.668625e-05	1
16	rs141912061	29335386	0	-3.108571e-04	-6.338283e-05	1
16	rs142086495	29958635	0	6.031184e-05	1.317089e-05	1
16	rs142098164	29922723	0	-3.647322e-04	-8.229257e-05	1
16	rs142125746	29606607	0	2.637845e-04	5.642079e-05	1
16	rs142166536	30930613	1	7.631026e-04	1.159706e-04	1
16	rs142380960	28988500	0	5.311501e-04	1.083527e-04	1
16	rs142718941	30478759	0	7.242534e-05	1.556378e-05	1
16	rs142759638	29330786	0	-3.245203e-04	-6.490996e-05	1
16	rs143249661	30016820	0	9.049706e-05	1.881116e-05	1
16	rs143257664	29131933	0	-3.035198e-04	-6.737906e-05	1
16	rs143430033	29222972	0	4.705219e-04	1.025934e-04	1
16	rs143614346	29163043	0	4.705219e-04	1.025934e-04	1
16	rs143662876	29753188	0	7.746453e-04	1.685563e-04	1
16	rs143662976	29189418	0	-2.824336e-05	-5.551345e-06	1
16	rs143840454	29791575	0	-1.013842e-04	-2.180381e-05	1
16	rs143893157	29760427	0	-1.174789e-03	-2.334577e-04	1
16	rs144101542	29355989	0	-2.150198e-05	-4.066871e-06	1
16	rs144237376	30426319	0	6.229149e-04	1.275937e-04	1
16	rs144246384	29076387	1	4.624606e-04	5.757133e-05	1
16	rs144445645	30930561	0	8.008458e-04	1.223000e-04	1
16	rs144637766	29661941	0	3.213401e-04	6.655107e-05	1
16	rs144721815	29760405	0	1.684015e-04	3.726427e-05	1
16	rs144769215	29259479	0	3.734727e-04	8.363780e-05	1
16	rs144865761	30350114	0	5.054698e-04	1.019513e-04	1
16	rs145037259	29613205	0	-7.079411e-04	-1.483686e-04	1
16	rs145223727	29631927	0	-2.532597e-04	-5.030371e-05	1
16	rs145338730	29631150	0	6.835105e-05	1.456501e-05	1
16	rs145516392	29202034	0	-1.695135e-04	-2.523681e-05	1
16	rs145631601	29613904	0	1.062867e-03	2.441434e-04	1
16	rs1458201	30916129	0	-3.267930e-04	-4.323709e-05	1
16	rs145832035	29733357	0	-1.077829e-03	-1.934303e-04	1
16	rs146398705	29336775	0	-1.901591e-04	-3.810319e-05	1
16	rs146585275	29559005	5	-2.209059e-04	-4.090138e-05	1
16	rs146746415	29347453	0	-8.391188e-05	-1.612711e-05	1
16	rs146772260	29713946	0	2.380119e-04	5.079329e-05	1
16	rs147132314	29243324	0	2.166251e-04	3.015735e-05	1
16	rs147278356	29750550	0	-1.371762e-03	-2.936498e-04	1
16	rs147553474	30050605	0	-8.463579e-05	-1.654314e-05	1
16	rs147580758	29337506	0	-1.901591e-04	-3.810319e-05	1
16	rs147667954	29121426	0	2.440666e-04	4.795367e-05	1
16	rs147768264	29437178	0	1.471580e-04	2.794536e-05	1
16	rs147988288	29251704	0	-1.357492e-03	-2.229854e-04	1
16	rs148317558	29319614	0	-2.234900e-05	-4.578091e-06	1
16	rs148319768	29954615	0	-7.475262e-04	-1.731457e-04	1
16	rs148579588	29120577	0	-9.501009e-04	-1.794830e-04	1
16	rs148603263	30554096	0	-3.067073e-04	-6.697308e-05	1
16	rs148639118	30127786	0	-3.647322e-04	-8.229257e-05	1
16	rs148702283	30652427	0	-4.614802e-04	-8.987642e-05	1
16	rs148758831	29336851	0	-1.901591e-04	-3.810319e-05	1
16	rs148776955	30458271	0	2.800277e-04	6.148224e-05	1
16	rs148788997	30323168	0	-8.075630e-04	-1.530996e-04	1
16	rs149201347	29741932	2	-1.589159e-03	-4.123176e-04	1
16	rs149486782	29149504	0	1.185529e-04	2.366432e-05	1
16	rs149689856	30552187	0	-1.153269e-03	-2.521024e-04	1
16	rs150334812	29272321	0	-6.922228e-04	-1.139386e-04	1
16	rs150458589	30693135	0	8.211942e-04	1.525322e-04	1
16	rs150509203	29705064	0	-3.757351e-04	-8.416277e-05	1
16	rs150713896	29426017	0	1.471580e-04	2.794536e-05	1
16	rs150773264	30120692	0	6.817628e-04	1.307115e-04	1
16	rs150845792	29789489	0	3.391204e-04	7.372572e-05	1
16	rs151035219	30144009	0	-1.645197e-04	-3.438649e-05	1
16	rs153173	29239889	0	-2.107154e-03	-4.626262e-04	1
16	rs153175	29163890	0	4.619658e-05	5.454196e-06	1
16	rs153177	29169490	0	1.046358e-04	1.474998e-05	1
16	rs153180	29225431	0	-9.628687e-04	-1.200890e-04	1
16	rs1531973	29292442	0	3.713155e-04	4.598855e-05	1
16	rs1531974	29317096	0	2.176487e-04	2.520215e-05	1
16	rs153207	29244995	0	-1.033433e-03	-1.661623e-04	1
16	rs153208	29248084	0	-7.296000e-04	-9.193120e-05	1
16	rs153209	29251861	0	-1.667882e-04	-2.007024e-05	1
16	rs153210	29093963	0	-9.868000e-04	-1.216244e-04	1
16	rs153211	29093830	0	-4.639517e-04	-6.012148e-05	1
16	rs153212	29090858	0	-1.419232e-04	-2.014223e-05	1
16	rs153213	29234201	0	-8.235483e-04	-1.293838e-04	1
16	rs153214	29224464	0	-4.738776e-04	-5.506369e-05	1
16	rs153217	29215610	0	-9.634913e-05	-1.278280e-05	1
16	rs153219	29215298	0	-3.692414e-04	-4.967905e-05	1
16	rs153220	29213783	0	-1.564944e-05	-2.079415e-06	1
16	rs1540388	29127033	0	-8.429640e-05	-1.072403e-05	1
16	rs1540389	29127350	0	-5.444812e-04	-7.126003e-05	1
16	rs1611782	29152487	0	-5.011038e-06	-7.001203e-07	1
16	rs1611991	29151593	0	-5.011038e-06	-7.001174e-07	1
16	rs1624102	29123330	0	-1.244346e-04	-1.348504e-05	1
16	rs1625280	29131925	0	2.343027e-04	2.924434e-05	1
16	rs1627180	29138002	0	1.933177e-05	2.691069e-06	1
16	rs1627805	29138026	0	3.304841e-04	4.183917e-05	1
16	rs1627843	29138043	0	3.304841e-04	4.183917e-05	1
16	rs1627862	29132221	0	2.302808e-04	2.868335e-05	1
16	rs1628751	29138147	0	3.304841e-04	4.183917e-05	1
16	rs1628834	29132359	0	2.343027e-04	2.924434e-05	1
16	rs1630274	29132462	0	2.343027e-04	2.924434e-05	1
16	rs1630929	29117661	0	1.933177e-05	2.691072e-06	1
16	rs1633805	29724394	0	3.833172e-04	5.399514e-05	1
16	rs1633810	29721864	0	1.627581e-04	2.168773e-05	1
16	rs1641906	29150344	0	2.908374e-05	4.104468e-06	1
16	rs1641908	29151299	0	-1.658804e-04	-1.866305e-05	1
16	rs1641909	29151522	0	-1.658804e-04	-1.866304e-05	1
16	rs1641910	29153242	2	1.015786e-04	1.472192e-05	1
16	rs1641911	29153945	0	-5.011038e-06	-7.000896e-07	1
16	rs1641913	29154852	0	-5.011038e-06	-7.000867e-07	1
16	rs1641918	29160958	0	-1.688371e-04	-1.909912e-05	1
16	rs1641919	29161645	0	-1.688371e-04	-1.909911e-05	1
16	rs1641920	29162623	0	-1.688371e-04	-1.909910e-05	1
16	rs1641921	29163081	0	-1.058860e-04	-1.201489e-05	1
16	rs1641959	29212864	0	1.339273e-05	1.490981e-06	1
16	rs1641991	29116527	0	-8.411519e-04	-9.813110e-05	1
16	rs1641993	29119860	0	-7.945028e-04	-9.091794e-05	1
16	rs1641994	29119880	0	-8.411519e-04	-9.813107e-05	1
16	rs1641995	29120520	0	1.933177e-05	2.691130e-06	1
16	rs1641996	29124150	0	1.933177e-05	2.691133e-06	1
16	rs1641997	29124421	0	2.009486e-04	2.523682e-05	1
16	rs1641999	29127260	0	-8.408378e-05	-1.172291e-05	1
16	rs1642001	29130549	0	2.343027e-04	2.924441e-05	1
16	rs1642002	29132320	0	2.343027e-04	2.924441e-05	1
16	rs1642003	29134593	0	3.304841e-04	4.183924e-05	1
16	rs1642005	29135958	0	3.304841e-04	4.183924e-05	1
16	rs1642006	29136331	0	5.282451e-04	6.555877e-05	1
16	rs1642007	29136893	0	3.304841e-04	4.183924e-05	1
16	rs1642008	29137377	0	3.304841e-04	4.183924e-05	1
16	rs1642009	29137588	0	3.304841e-04	4.183924e-05	1
16	rs1642010	29138071	0	5.290893e-04	6.572665e-05	1
16	rs1642011	29138392	0	1.933177e-05	2.691136e-06	1
16	rs1642012	29139244	0	3.304841e-04	4.183924e-05	1
16	rs1642013	29139398	0	-1.285255e-05	-1.580428e-06	1
16	rs1642014	29139416	0	3.304841e-04	4.183924e-05	1
16	rs1642015	29139779	0	3.304841e-04	4.183924e-05	1
16	rs1642016	29140057	0	3.304841e-04	4.183924e-05	1
16	rs1642017	29140224	0	3.304841e-04	4.183924e-05	1
16	rs1642018	29140448	0	3.304841e-04	4.183924e-05	1
16	rs1642019	29140754	0	3.304841e-04	4.183924e-05	1
16	rs1642020	29142059	0	3.304841e-04	4.183924e-05	1
16	rs1642022	29142204	0	3.304841e-04	4.183924e-05	1
16	rs1642023	29143639	0	3.304841e-04	4.183924e-05	1
16	rs1642024	29143759	0	3.304841e-04	4.183924e-05	1
16	rs1642025	29147718	0	1.933177e-05	2.691139e-06	1
16	rs1642026	29148565	0	1.177829e-03	1.644258e-04	1
16	rs1642027	29149386	0	4.272689e-04	5.520404e-05	1
16	rs1646084	29139021	0	3.304841e-04	4.183924e-05	1
16	rs1646085	29139401	0	3.304841e-04	4.183924e-05	1
16	rs1646086	29139655	0	3.313284e-04	4.186728e-05	1
16	rs1646087	29139771	0	3.304841e-04	4.183924e-05	1
16	rs1646092	29212861	0	-4.062803e-04	-5.575545e-05	1
16	rs1646106	29166463	0	-7.967744e-06	-1.118278e-06	1
16	rs1646112	29154049	0	-5.011038e-06	-7.000331e-07	1
16	rs1646113	29153803	0	-5.011038e-06	-7.000302e-07	1
16	rs1646114	29153526	0	-5.011038e-06	-7.000273e-07	1
16	rs1646116	29152112	0	-5.011038e-06	-7.000244e-07	1
16	rs1646117	29152043	0	-1.658804e-04	-1.866294e-05	1
16	rs1646118	29150945	0	-1.658804e-04	-1.866293e-05	1
16	rs1646119	29150785	0	-1.658804e-04	-1.866293e-05	1
16	rs1646121	29144222	0	2.354705e-04	3.002462e-05	1
16	rs1646122	29143040	0	3.304841e-04	4.183927e-05	1
16	rs1646123	29142980	0	3.304841e-04	4.183927e-05	1
16	rs1646124	29142933	0	5.290893e-04	6.572667e-05	1
16	rs1646125	29142895	0	3.304841e-04	4.183926e-05	1
16	rs1646126	29142681	0	3.304841e-04	4.183926e-05	1
16	rs1646127	29142163	0	1.933177e-05	2.691170e-06	1
16	rs1646128	29141436	0	5.290893e-04	6.572667e-05	1
16	rs1646129	29140688	0	3.304841e-04	4.183926e-05	1
16	rs1646132	29113766	0	-6.800541e-04	-7.690057e-05	1
16	rs1646133	29113747	0	-6.800541e-04	-7.690056e-05	1
16	rs1646142	29117596	0	-8.408378e-05	-1.172287e-05	1
16	rs1646168	29128732	0	2.302808e-04	2.868345e-05	1
16	rs1646169	29128778	0	2.343027e-04	2.924445e-05	1
16	rs1646172	29129381	0	2.343027e-04	2.924445e-05	1
16	rs1646173	29130642	0	2.343027e-04	2.924445e-05	1
16	rs1646174	29130649	0	2.343027e-04	2.924445e-05	1
16	rs1646175	29131020	0	2.343027e-04	2.924445e-05	1
16	rs1646176	29131233	0	1.933177e-05	2.691185e-06	1
16	rs1646177	29131853	0	2.342088e-04	2.893213e-05	1
16	rs1646188	29133735	0	3.304841e-04	4.183928e-05	1
16	rs1646190	29136708	0	3.304841e-04	4.183928e-05	1
16	rs1646191	29136873	0	3.304841e-04	4.183928e-05	1
16	rs166148	29245857	0	-1.033433e-03	-1.661622e-04	1
16	rs166152	29156005	0	-5.011038e-06	-6.999864e-07	1
16	rs166153	29158597	0	-1.029292e-04	-1.161654e-05	1
16	rs166154	29160416	0	-1.688371e-04	-1.909897e-05	1
16	rs168778	29112626	0	-1.933177e-05	-2.691204e-06	1
16	rs168919	29301994	0	-4.813147e-04	-1.019411e-04	1
16	rs170978	29743033	0	2.949067e-04	4.020565e-05	1
16	rs17640225	29713066	0	-9.978870e-04	-1.792204e-04	1
16	rs17779364	29188221	0	5.114471e-05	7.673743e-06	1
16	rs17779818	29346790	0	-8.764808e-04	-1.210304e-04	1
16	rs17790434	30520856	0	6.249462e-04	9.163483e-05	1
16	rs17790906	30569659	0	-9.402495e-04	-1.959579e-04	1
16	rs17835978	29432712	0	5.394154e-04	1.178902e-04	1
16	rs17839544	30491783	0	-3.734044e-04	-6.383516e-05	1
16	rs17839548	30564526	0	5.347970e-04	1.088201e-04	1
16	rs17839551	30363382	0	-4.319372e-04	-6.122200e-05	1
16	rs17842268	29684180	0	-1.355493e-03	-1.930971e-04	1
16	rs17850402	30566747	0	7.749975e-04	1.477456e-04	1
16	rs180394	29715032	0	7.175941e-04	1.076477e-04	1
16	rs180701530	29609315	0	8.694644e-04	1.888927e-04	1
16	rs181522608	30062856	0	3.868975e-04	8.680458e-05	1
16	rs182339188	30781511	0	4.121438e-04	8.816423e-05	1
16	rs182433739	29420750	0	3.867657e-04	7.642242e-05	1
16	rs183186934	29606753	0	-2.274376e-04	-4.449324e-05	1
16	rs185202	29106324	0	1.933177e-05	2.691211e-06	1
16	rs185409	29404501	0	7.312138e-04	1.624811e-04	1
16	rs186014137	30725355	0	-8.424170e-04	-1.841182e-04	1
16	rs1872657	29307765	0	-7.024377e-04	-1.178450e-04	1
16	rs1872658	29307672	0	9.998388e-04	1.418444e-04	1
16	rs1872659	29304790	0	2.336106e-04	2.654539e-05	1
16	rs1872660	29304775	0	9.360484e-04	1.290277e-04	1
16	rs1872667	29299377	0	9.384311e-04	1.310390e-04	1
16	rs1872673	29320397	0	-1.306772e-03	-2.135966e-04	1
16	rs1872675	29320228	0	-1.399276e-03	-2.436441e-04	1
16	rs188304685	29939689	0	-3.647322e-04	-8.229258e-05	1
16	rs188708252	29881170	0	6.768254e-05	1.491087e-05	1
16	rs188742196	29336063	0	-3.108571e-04	-6.338281e-05	1
16	rs188899883	29624668	0	-7.079411e-04	-1.483686e-04	1
16	rs189757140	30180490	4	2.544039e-03	4.739737e-04	1
16	rs191825667	30801184	0	7.744731e-05	1.265410e-05	1
16	rs192245	29245739	0	-1.033433e-03	-1.661621e-04	1
16	rs192537440	29619215	0	-1.468527e-04	-3.218010e-05	1
16	rs193301319	29221971	0	-1.244135e-04	-2.746538e-05	1
16	rs194045	29246102	0	-9.442408e-04	-1.517902e-04	1
16	rs1964299	29090804	0	-1.564109e-03	-2.574378e-04	1
16	rs1974875	29245881	0	-1.357492e-03	-2.229852e-04	1
16	rs1985680	30123216	0	8.883757e-04	1.733525e-04	1
16	rs199859689	29626836	0	4.084272e-05	8.768368e-06	1
16	rs199900182	29416563	0	1.471580e-04	2.794540e-05	1
16	rs200735808	29406242	0	1.471580e-04	2.794540e-05	1
16	rs200830445	29402846	0	5.394154e-04	1.178902e-04	1
16	rs201244608	29076044	5	-1.991344e-04	-2.340665e-05	1
16	rs201259820	29274607	0	-1.186991e-04	-1.774784e-05	1
16	rs201555010	29562640	0	-3.456715e-04	-6.978036e-05	1
16	rs201724537	29409881	0	1.471580e-04	2.794540e-05	1
16	rs201917490	29430680	0	4.253445e-04	8.974228e-05	1
16	rs201918052	30772988	0	5.335764e-04	1.184202e-04	1
16	rs2020407	29623593	0	4.084272e-05	8.768366e-06	1
16	rs202166863	29440457	0	5.394154e-04	1.178902e-04	1
16	rs2035974	29306908	0	8.770780e-04	1.305921e-04	1
16	rs2070962	28950432	0	-7.407927e-05	-8.508483e-06	1
16	rs2081199	28958754	0	4.814389e-04	5.375423e-05	1
16	rs2083237	30175509	0	6.898134e-04	7.464204e-05	1
16	rs2113272	29161934	0	1.039190e-04	1.219268e-05	1
16	rs2125293	30863875	0	1.645566e-04	2.091241e-05	1
16	rs2131750	29319678	0	-5.629664e-04	-7.298978e-05	1
16	rs2161704	29162036	0	-1.688371e-04	-1.909891e-05	1
16	rs2168834	30863847	1	1.768000e-04	2.252289e-05	1
16	rs2171222	29298533	0	9.384311e-04	1.310389e-04	1
16	rs2230433	30518041	0	9.569449e-04	1.235890e-04	1
16	rs2230434	30518096	0	-2.653822e-04	-4.783261e-05	1
16	rs2244752	29153808	0	-5.011038e-06	-6.999269e-07	1
16	rs2246441	29114352	0	-6.800541e-04	-7.690045e-05	1
16	rs2252323	29135394	0	3.304841e-04	4.183933e-05	1
16	rs2252590	29133132	2	8.116084e-04	9.606903e-05	1
16	rs2252599	29133000	2	6.574582e-04	7.256212e-05	1
16	rs2252605	29132962	2	7.309203e-04	9.623365e-05	1
16	rs2252609	29132865	0	3.053973e-05	4.190725e-06	1
16	rs2253253	29128185	0	-2.343027e-04	-2.924450e-05	1
16	rs2256528	29124661	0	-1.244346e-04	-1.348477e-05	1
16	rs2278557	30093779	0	-8.201708e-04	-1.106906e-04	1
16	rs2289442	30739919	0	1.133695e-03	1.541264e-04	1
16	rs2291400	29262688	0	1.046331e-04	1.440744e-05	1
16	rs2291401	29262601	0	3.353642e-04	4.430558e-05	1
16	rs2303255	29706444	0	-9.498263e-04	-1.688451e-04	1
16	rs235630	29743018	0	2.949067e-04	4.020565e-05	1
16	rs235631	29743529	0	2.180631e-04	3.010090e-05	1
16	rs235659	29788919	0	1.439917e-03	2.019079e-04	1
16	rs235663	29748325	0	1.029867e-03	1.939026e-04	1
16	rs2370277	29261174	0	-7.831430e-04	-1.215458e-04	1
16	rs2370291	29264508	0	7.321011e-04	1.032226e-04	1
16	rs2370299	29271946	0	4.671374e-04	5.871517e-05	1
16	rs2370302	29283348	0	1.106356e-03	1.533770e-04	1
16	rs2370336	29308255	0	7.240738e-04	1.027148e-04	1
16	rs2370534	29319603	0	-2.234900e-05	-4.578056e-06	1
16	rs2370535	29320022	0	2.466772e-04	3.045113e-05	1
16	rs2430674	29124524	0	-1.244346e-04	-1.348475e-05	1
16	rs2430675	29128117	0	-1.933177e-05	-2.691286e-06	1
16	rs2442141	29088221	0	-2.077687e-04	-2.562739e-05	1
16	rs252243	29239828	0	-7.163654e-04	-1.066085e-04	1
16	rs252244	29240018	0	-7.980850e-04	-1.174144e-04	1
16	rs252245	29241010	0	-8.723352e-04	-1.349317e-04	1
16	rs252246	29241389	0	-7.831430e-04	-1.215458e-04	1
16	rs252247	29242488	0	-9.442408e-04	-1.517901e-04	1
16	rs252248	29243109	0	-1.033433e-03	-1.661620e-04	1
16	rs252249	29243425	0	-8.143944e-04	-1.243787e-04	1
16	rs252250	29244405	0	-1.033433e-03	-1.661620e-04	1
16	rs252251	29244537	0	-6.522871e-04	-8.088183e-05	1
16	rs252252	29245019	0	-1.033433e-03	-1.661620e-04	1
16	rs252253	29245171	0	-6.326666e-04	-9.741358e-05	1
16	rs252254	29246993	0	-7.831430e-04	-1.215457e-04	1
16	rs252255	29247800	0	-7.831430e-04	-1.215457e-04	1
16	rs252256	29248418	0	-1.767169e-03	-3.305496e-04	1
16	rs252257	29250312	0	-6.785099e-04	-8.579959e-05	1
16	rs252258	29251278	0	-1.667882e-04	-2.007016e-05	1
16	rs252259	29251923	0	-8.263349e-04	-1.924823e-04	1
16	rs252260	29252478	0	-1.667882e-04	-2.007016e-05	1
16	rs252261	29092109	0	-1.049074e-03	-1.400154e-04	1
16	rs252264	29105873	0	-6.800541e-04	-7.690036e-05	1
16	rs252265	29105123	0	-5.117468e-04	-6.677546e-05	1
16	rs252270	29102219	1	6.133924e-05	8.779656e-06	1
16	rs252272	29101402	0	-5.516067e-05	-7.821249e-06	1
16	rs252274	29097369	0	-5.516067e-05	-7.821247e-06	1
16	rs252275	29094925	0	-9.156444e-04	-1.099631e-04	1
16	rs252276	29094515	0	-6.029547e-04	-9.093812e-05	1
16	rs252277	29093432	0	-8.856915e-04	-1.063612e-04	1
16	rs252283	29164026	0	1.968078e-04	2.792094e-05	1
16	rs252285	29164976	0	-3.274604e-04	-5.321163e-05	1
16	rs252287	29165923	0	-7.967744e-06	-1.118047e-06	1
16	rs252289	29168094	0	-7.967744e-06	-1.118044e-06	1
16	rs252291	29169717	0	1.046358e-04	1.475034e-05	1
16	rs252303	29225489	0	-9.081129e-04	-1.132657e-04	1
16	rs252304	29224442	0	-5.550378e-05	-7.675439e-06	1
16	rs252305	29223485	0	-4.714950e-04	-5.507147e-05	1
16	rs252306	29222442	0	-1.729302e-04	-1.960537e-05	1
16	rs252308	29221318	0	-5.046100e-04	-5.834429e-05	1
16	rs252311	29217605	0	-2.022703e-04	-2.307607e-05	1
16	rs252312	29215274	0	-2.576741e-04	-2.931220e-05	1
16	rs252313	29214126	0	-1.014205e-04	-1.329561e-05	1
16	rs252314	29213635	0	8.991322e-05	1.236226e-05	1
16	rs252315	29210513	0	-5.033173e-04	-7.186458e-05	1
16	rs252316	29203732	0	-8.944598e-04	-1.322828e-04	1
16	rs252317	29202810	0	-8.584058e-06	-9.636728e-07	1
16	rs252323	29197960	0	-6.077699e-04	-8.704996e-05	1
16	rs252326	29194415	0	-6.200011e-04	-8.737425e-05	1
16	rs252328	29194228	0	-6.200011e-04	-8.737424e-05	1
16	rs252365	29205691	0	-5.329439e-04	-7.430916e-05	1
16	rs252475	29245333	0	1.033433e-03	1.661618e-04	1
16	rs252480	29250915	0	9.442408e-04	1.517898e-04	1
16	rs252491	29158794	0	-1.658804e-04	-1.866262e-05	1
16	rs252493	29159047	0	-1.658804e-04	-1.866261e-05	1
16	rs252494	29159061	0	-1.658804e-04	-1.866260e-05	1
16	rs252495	29159094	0	-1.658804e-04	-1.866259e-05	1
16	rs252496	29159435	0	-1.688371e-04	-1.909868e-05	1
16	rs252497	29159564	0	-1.688371e-04	-1.909867e-05	1
16	rs252498	29160376	0	-1.688371e-04	-1.909866e-05	1
16	rs2549974	29641013	0	-1.955875e-03	-3.481288e-04	1
16	rs2550178	29118406	0	-8.411519e-04	-9.813059e-05	1
16	rs257867	29413322	0	5.394154e-04	1.178902e-04	1
16	rs257869	29411526	0	5.394154e-04	1.178902e-04	1
16	rs257877	29298466	0	-4.813147e-04	-1.019411e-04	1
16	rs257878	29332380	0	-4.382293e-04	-9.660847e-05	1
16	rs257882	29318542	0	-5.216965e-04	-7.121418e-05	1
16	rs2630830	29335148	0	-3.108571e-04	-6.338279e-05	1
16	rs2630834	29255737	0	-8.263349e-04	-1.924822e-04	1
16	rs28360556	30929167	0	2.508276e-03	7.095254e-04	1
16	rs28372334	29278281	0	6.876089e-04	8.803583e-05	1
16	rs28395262	29347907	0	-8.764808e-04	-1.210304e-04	1
16	rs28420715	29297583	0	6.256729e-04	8.976005e-05	1
16	rs28421305	30838128	0	6.676488e-04	8.105310e-05	1
16	rs28452050	29317318	0	2.176487e-04	2.520216e-05	1
16	rs28469632	29278346	0	6.876089e-04	8.803581e-05	1
16	rs28478844	29301227	0	9.384311e-04	1.310387e-04	1
16	rs28488113	29298160	0	6.256729e-04	8.976002e-05	1
16	rs28490313	29640683	0	-1.794777e-03	-2.990500e-04	1
16	rs28493497	29280362	0	6.876089e-04	8.803579e-05	1
16	rs28517865	29914142	0	-9.422459e-04	-1.177197e-04	1
16	rs28548178	29296334	0	5.054316e-04	6.280048e-05	1
16	rs28587565	29278629	0	6.876089e-04	8.803577e-05	1
16	rs28599680	29860685	0	-2.343822e-03	-8.396797e-04	1
16	rs28605917	29282396	0	6.865222e-04	9.741661e-05	1
16	rs28616078	29306272	0	1.209450e-03	1.961038e-04	1
16	rs28627978	29280810	0	6.876089e-04	8.803574e-05	1
16	rs28635424	29278498	0	6.260141e-04	7.966626e-05	1
16	rs2864228	29193522	0	-1.875397e-04	-2.344475e-05	1
16	rs28642341	29278637	0	6.876089e-04	8.803572e-05	1
16	rs28646116	29259446	0	9.936362e-04	1.523948e-04	1
16	rs28663614	29659786	0	-1.026374e-03	-2.238205e-04	1
16	rs28681294	29282365	0	4.360020e-04	6.095045e-05	1
16	rs28693455	29248014	0	-1.225231e-03	-2.087722e-04	1
16	rs28698017	29276196	0	6.876089e-04	8.803569e-05	1
16	rs28708641	30507972	0	1.214584e-03	1.690678e-04	1
16	rs28709291	30083912	0	8.542977e-04	1.679589e-04	1
16	rs28742124	29269146	0	6.606992e-04	9.205286e-05	1
16	rs2878304	30878366	0	2.225731e-04	2.808565e-05	1
16	rs28841118	30630226	0	4.530737e-04	5.306324e-05	1
16	rs28853644	30801027	0	7.792753e-04	9.524562e-05	1
16	rs2887714	29292113	0	5.054316e-04	6.280038e-05	1
16	rs28877870	30168682	0	8.715296e-04	1.437691e-04	1
16	rs2887799	30163833	0	3.440140e-04	3.712227e-05	1
16	rs28970385	29281963	0	6.876089e-04	8.803567e-05	1
16	rs2904880	28944396	0	1.056678e-03	1.443420e-04	1
16	rs2909044	29110035	0	-6.800541e-04	-7.690012e-05	1
16	rs2919426	30660700	0	2.523945e-04	2.879695e-05	1
16	rs2927728	29646905	0	-1.809359e-03	-3.023759e-04	1
16	rs2934456	29358351	0	-1.658256e-04	-1.863149e-05	1
16	rs3087438	30500761	0	1.332030e-03	1.900407e-04	1
16	rs3087439	30505821	0	5.909764e-04	1.089210e-04	1
16	rs3087443	30522152	0	6.383711e-04	9.525053e-05	1
16	rs34049928	29983015	0	-1.293116e-04	-2.717970e-05	1
16	rs34127220	29842891	0	-2.301892e-03	-8.285873e-04	1
16	rs34166377	30183041	0	7.691432e-04	1.257843e-04	1
16	rs34201022	29188474	0	-1.875397e-04	-2.344474e-05	1
16	rs34205348	29668898	0	-1.147648e-03	-1.430119e-04	1
16	rs34222852	29859627	0	-2.152716e-03	-6.810085e-04	1
16	rs34261613	30430628	0	6.099751e-05	1.112296e-05	1
16	rs34286592	29820480	0	-2.110785e-03	-6.714190e-04	1
16	rs34437886	29156994	0	-1.608694e-04	-2.058828e-05	1
16	rs34480360	30798689	0	9.447247e-04	1.292268e-04	1
16	rs34499019	30501609	0	-6.878542e-05	-9.824791e-06	1
16	rs34564246	30135798	0	5.026319e-04	1.045377e-04	1
16	rs34596480	29863620	0	1.118152e-04	2.425464e-05	1
16	rs34640030	30888012	0	1.354495e-04	3.017892e-05	1
16	rs34652864	29189158	0	-1.875397e-04	-2.344471e-05	1
16	rs34666323	29133969	0	5.121402e-04	8.414523e-05	1
16	rs34714403	29842547	0	-2.301892e-03	-8.285865e-04	1
16	rs34745112	29261537	0	-1.357492e-03	-2.229850e-04	1
16	rs34763945	28950051	0	-6.216121e-05	-1.172208e-05	1
16	rs34792575	29273070	0	4.671374e-04	5.871491e-05	1
16	rs34840035	30871515	0	1.645566e-04	2.091240e-05	1
16	rs34876189	30332203	0	-8.814099e-05	-1.835456e-05	1
16	rs34876239	30498824	0	1.074750e-03	1.433700e-04	1
16	rs34878107	29157326	0	-1.608694e-04	-2.058825e-05	1
16	rs35042042	29871730	0	1.921586e-04	3.154768e-05	1
16	rs35055037	29193705	0	-3.486375e-04	-4.404888e-05	1
16	rs35069260	30502558	0	-9.032681e-04	-1.724036e-04	1
16	rs35089016	30192359	0	6.471549e-04	1.180660e-04	1
16	rs35105141	30057148	0	-8.679660e-04	-1.180056e-04	1
16	rs35181256	29093132	0	-1.004259e-03	-1.228415e-04	1
16	rs35189546	29167368	0	-4.709394e-04	-6.148801e-05	1
16	rs35262362	30507196	0	1.189176e-03	3.147625e-04	1
16	rs35309968	29204338	0	-2.699721e-04	-5.644802e-05	1
16	rs35324093	29244747	0	-1.357492e-03	-2.229850e-04	1
16	rs35345720	29933603	0	1.390521e-04	2.672276e-05	1
16	rs35388821	29151237	0	-6.328256e-04	-9.951109e-05	1
16	rs35458038	29157660	0	1.030276e-04	1.290869e-05	1
16	rs35467921	30048553	0	-1.166768e-03	-1.712203e-04	1
16	rs35478648	30054613	0	2.148320e-04	4.156927e-05	1
16	rs35480350	30366039	0	-6.282477e-04	-7.678579e-05	1
16	rs35529295	29126007	0	-3.035198e-04	-6.737908e-05	1
16	rs35605010	30033428	0	-1.277660e-04	-1.474695e-05	1
16	rs35629860	30671532	0	1.103493e-03	1.643141e-04	1
16	rs35675346	30936081	0	-7.212965e-04	-9.954077e-05	1
16	rs35676868	29142969	0	-4.482997e-04	-5.810142e-05	1
16	rs35695082	30792389	0	6.726305e-04	1.043081e-04	1
16	rs35697633	29116957	0	-1.290531e-03	-1.930351e-04	1
16	rs35722494	29272970	0	4.671374e-04	5.871490e-05	1
16	rs3574	30411382	0	7.619908e-04	9.687075e-05	1
16	rs35763655	29124635	0	7.015559e-04	1.183628e-04	1
16	rs35822450	30498783	0	1.332030e-03	1.900406e-04	1
16	rs35900366	30199584	0	6.316329e-04	1.024222e-04	1
16	rs35901559	29829615	0	-2.301892e-03	-8.285860e-04	1
16	rs35968985	30516531	0	2.149561e-04	4.364317e-05	1
16	rs35969813	30714417	0	1.349376e-03	2.135716e-04	1
16	rs35979293	28944700	0	-1.074571e-04	-1.238346e-05	1
16	rs35983149	30174024	0	7.651214e-04	1.227818e-04	1
16	rs35985586	29093157	0	-1.290531e-03	-1.930350e-04	1
16	rs36028249	29118764	0	1.459662e-04	2.738445e-05	1
16	rs36050267	29115577	0	-8.411519e-04	-9.813037e-05	1
16	rs36064568	30646970	0	3.925025e-04	4.504928e-05	1
16	rs36069862	30186202	0	7.691432e-04	1.257842e-04	1
16	rs36122065	29115014	0	-8.138346e-04	-1.065684e-04	1
16	rs370228531	29275615	7	-6.612496e-04	-1.348709e-04	1
16	rs370590486	29120017	0	3.169444e-04	6.872245e-05	1
16	rs371085	29730246	0	7.278773e-04	1.154933e-04	1
16	rs373528142	29569181	2	4.424496e-05	9.260032e-06	1
16	rs3747481	30666367	0	9.380431e-04	1.227975e-04	1
16	rs3747486	30786927	0	8.577190e-04	1.044082e-04	1
16	rs3759987	29673903	0	-8.306232e-04	-1.503356e-04	1
16	rs3764275	29672982	0	-7.680063e-04	-1.369669e-04	1
16	rs3764289	29239829	0	-1.450472e-03	-2.459312e-04	1
16	rs3766	30368591	0	-5.330457e-04	-7.641135e-05	1
16	rs377567672	29275748	0	-8.869978e-04	-1.534833e-04	1
16	rs3809627	30103160	0	3.274583e-04	3.789208e-05	1
16	rs3812999	30773605	0	8.577190e-04	1.044082e-04	1
16	rs3813020	30934075	0	-1.658977e-04	-1.843976e-05	1
16	rs3814877	30042677	0	-6.637358e-04	-8.670282e-05	1
16	rs3814878	30041966	0	-3.326361e-04	-3.841878e-05	1
16	rs3814880	30017895	0	-7.289139e-04	-8.687762e-05	1
16	rs3814884	29994736	0	-8.213257e-04	-9.909361e-05	1
16	rs3815824	29852860	0	-2.343822e-03	-8.396775e-04	1
16	rs3844222	29283230	0	8.674960e-04	1.147620e-04	1
16	rs3851756	29253652	0	-1.767169e-03	-3.305494e-04	1
16	rs3851757	29259687	0	3.734664e-04	4.832306e-05	1
16	rs3851758	29260222	0	1.046331e-04	1.440715e-05	1
16	rs3851759	29264113	0	5.013699e-04	7.233977e-05	1
16	rs3851760	29264225	0	7.321011e-04	1.032222e-04	1
16	rs3851761	29268268	0	-3.861833e-04	-4.711502e-05	1
16	rs3851762	29268273	0	2.818762e-04	4.422424e-05	1
16	rs3851764	29271554	0	4.671374e-04	5.871486e-05	1
16	rs3851765	29271655	0	3.060395e-04	3.759578e-05	1
16	rs3851766	29272118	0	4.671374e-04	5.871484e-05	1
16	rs3851770	29274452	0	4.351272e-04	5.467193e-05	1
16	rs3851772	29278071	0	6.876089e-04	8.803555e-05	1
16	rs3851774	29279743	0	6.876089e-04	8.803554e-05	1
16	rs3851775	29279750	0	6.876089e-04	8.803553e-05	1
16	rs3851776	29280037	0	6.876089e-04	8.803552e-05	1
16	rs3851777	29285675	0	5.054316e-04	6.280023e-05	1
16	rs3862476	29687360	0	1.327412e-04	2.523847e-05	1
16	rs3863453	29274934	0	5.892453e-04	7.408895e-05	1
16	rs3863454	29274973	0	-5.955696e-04	-9.664377e-05	1
16	rs3863455	29275022	0	3.961808e-04	4.876567e-05	1
16	rs3863461	29276274	0	6.876089e-04	8.803548e-05	1
16	rs3863462	29276316	0	6.876089e-04	8.803547e-05	1
16	rs3863463	29276381	0	5.265111e-04	6.536991e-05	1
16	rs3863464	29276410	0	6.876089e-04	8.803545e-05	1
16	rs3889407	29271509	0	6.201416e-04	8.041886e-05	1
16	rs3891914	29274081	0	3.775100e-04	4.703515e-05	1
16	rs3891915	29274463	0	4.351272e-04	5.467181e-05	1
16	rs3898532	29273997	0	3.775100e-04	4.703513e-05	1
16	rs3922668	28992646	0	-6.808900e-05	-7.541738e-06	1
16	rs3924855	29954955	0	-1.529279e-03	-2.183958e-04	1
16	rs3935714	29042014	0	3.955994e-04	7.501037e-05	1
16	rs3935873	30018500	0	-7.289139e-04	-8.687753e-05	1
16	rs3976455	29861447	0	-2.343822e-03	-8.396770e-04	1
16	rs402720	29762882	0	6.940347e-04	9.993492e-05	1
16	rs4077410	29998200	0	-3.226261e-05	-3.469529e-06	1
16	rs41280854	30064471	0	-6.702132e-04	-1.534857e-04	1
16	rs41292378	30390677	0	4.062994e-04	8.615582e-05	1
16	rs423096	29730626	0	2.404459e-04	3.457545e-05	1
16	rs4232893	30423751	0	1.403870e-03	3.053535e-04	1
16	rs4238959	30038647	0	-1.277660e-04	-1.474685e-05	1
16	rs4238961	30380486	0	4.566792e-04	5.190647e-05	1
16	rs4243232	30514723	0	5.256512e-04	6.053547e-05	1
16	rs4247355	30392099	0	4.568626e-04	5.690664e-05	1
16	rs4258647	29287505	0	2.102177e-04	2.554209e-05	1
16	rs4281737	29642392	0	-1.794777e-03	-2.990500e-04	1
16	rs4283241	29988349	0	-6.363988e-04	-7.471147e-05	1
16	rs4290486	30890145	0	2.589541e-04	2.832369e-05	1
16	rs4312332	29287936	0	2.102177e-04	2.554208e-05	1
16	rs4318227	29984839	0	-7.289139e-04	-8.687745e-05	1
16	rs4334325	29156282	0	-1.608694e-04	-2.058812e-05	1
16	rs4340343	30404484	0	4.796171e-04	5.739501e-05	1
16	rs4341759	30514103	0	-4.249247e-04	-4.879118e-05	1
16	rs4344767	30165139	0	4.369093e-04	4.574394e-05	1
16	rs4402589	29954654	0	-1.529279e-03	-2.183956e-04	1
16	rs4407079	29931899	0	-1.364362e-03	-1.839359e-04	1
16	rs4420550	29938820	0	-1.520205e-03	-2.137445e-04	1
16	rs4424923	29939293	0	-1.681302e-03	-2.516580e-04	1
16	rs4447459	29155672	0	-1.608694e-04	-2.058810e-05	1
16	rs4485386	30636611	0	1.991000e-04	2.248622e-05	1
16	rs4500754	30376691	0	-9.551268e-04	-1.841106e-04	1
16	rs4527039	29946945	0	-1.529279e-03	-2.183954e-04	1
16	rs4552048	29269826	0	-3.861833e-04	-4.711514e-05	1
16	rs4563056	29698606	0	1.162260e-05	1.709935e-06	1
16	rs4583255	29988941	0	-7.289139e-04	-8.687730e-05	1
16	rs4598924	30514138	0	-3.135926e-04	-6.742434e-05	1
16	rs4609871	29932064	0	-1.431810e-03	-1.993553e-04	1
16	rs4614756	29126906	0	7.015559e-04	1.183627e-04	1
16	rs4616297	30730679	0	1.022007e-03	1.355046e-04	1
16	rs4620996	29121113	0	1.933177e-05	2.691614e-06	1
16	rs4787460	28959477	8	1.535638e-04	1.848893e-05	1
16	rs4787461	29021852	0	-6.668909e-04	-8.114619e-05	1
16	rs4787466	29272099	0	-6.922228e-04	-1.139379e-04	1
16	rs4787467	29275842	0	-8.869978e-04	-1.534831e-04	1
16	rs4787480	29857316	0	-2.343822e-03	-8.396762e-04	1
16	rs4787483	29885447	0	-1.895498e-03	-3.471556e-04	1
16	rs4787484	29906546	0	-1.474486e-03	-2.301224e-04	1
16	rs4787486	29977562	0	-5.299405e-04	-6.096777e-05	1
16	rs4787488	29995803	0	-3.226261e-05	-3.469320e-06	1
16	rs4787489	29995880	0	-7.289139e-04	-8.687717e-05	1
16	rs4787491	30015337	0	-2.189524e-04	-2.381600e-05	1
16	rs4787492	30055549	0	-1.111638e-04	-1.277713e-05	1
16	rs4787495	30165725	0	5.287156e-04	5.635669e-05	1
16	rs4787642	30359408	0	-5.012965e-04	-6.043810e-05	1
16	rs4787643	30393660	0	4.208831e-04	5.164474e-05	1
16	rs4787644	30418119	0	1.304887e-03	2.727163e-04	1
16	rs4788111	28980693	0	-2.991225e-04	-3.492866e-05	1
16	rs4788112	28987518	0	-2.991225e-04	-3.492866e-05	1
16	rs4788113	28992000	0	-2.991225e-04	-3.492866e-05	1
16	rs4788116	29011438	0	7.095970e-04	9.859558e-05	1
16	rs4788117	29011464	0	3.133902e-04	3.990558e-05	1
16	rs4788118	29016390	0	1.092119e-03	2.144626e-04	1
16	rs4788119	29019356	0	6.552169e-05	9.051360e-06	1
16	rs4788122	29085693	0	6.335969e-04	1.215770e-04	1
16	rs4788138	29253744	0	-8.049286e-04	-1.025276e-04	1
16	rs4788139	29254070	0	-2.732988e-04	-3.269718e-05	1
16	rs4788140	29254781	0	-1.767169e-03	-3.305495e-04	1
16	rs4788141	29274290	0	-4.353160e-04	-6.725536e-05	1
16	rs4788142	29275571	4	-4.880935e-04	-9.286461e-05	1
16	rs4788143	29275901	0	-8.869978e-04	-1.534831e-04	1
16	rs4788148	29286147	0	5.054316e-04	6.280009e-05	1
16	rs4788172	29668253	0	-1.149342e-03	-2.479079e-04	1
16	rs4788173	29670736	0	-9.953996e-04	-2.122946e-04	1
16	rs4788185	29839893	0	-2.301892e-03	-8.285837e-04	1
16	rs4788186	29841225	0	-7.881568e-06	-9.329506e-07	1
16	rs4788187	29845685	0	-2.176333e-03	-6.329210e-04	1
16	rs4788188	29860863	0	-2.218263e-03	-6.442638e-04	1
16	rs4788189	29921211	0	-1.012899e-03	-1.276214e-04	1
16	rs4788190	29948401	0	-1.161670e-03	-1.472844e-04	1
16	rs4788195	29960593	0	-7.395854e-04	-8.695337e-05	1
16	rs4788196	29967434	0	-7.234296e-04	-8.601736e-05	1
16	rs4788197	29970834	0	-5.323231e-04	-6.146706e-05	1
16	rs4788199	29970857	0	4.397719e-05	4.778288e-06	1
16	rs4788200	29971265	0	-6.248382e-04	-7.311681e-05	1
16	rs4788201	29972690	0	-6.248382e-04	-7.311680e-05	1
16	rs4788202	29978003	0	-5.299405e-04	-6.096756e-05	1
16	rs4788203	29978827	0	-3.334153e-04	-3.720688e-05	1
16	rs4788204	29995218	0	-7.951139e-04	-9.460451e-05	1
16	rs4788207	30010274	0	-3.226261e-05	-3.469132e-06	1
16	rs4788209	30013266	0	-7.289139e-04	-8.687692e-05	1
16	rs4788210	30013674	0	-7.289139e-04	-8.687690e-05	1
16	rs4788211	30015565	0	1.288352e-04	1.400087e-05	1
16	rs4788212	30034469	0	-1.605090e-05	-1.849396e-06	1
16	rs4788213	30034524	0	-1.605090e-05	-1.849391e-06	1
16	rs4788215	30047930	0	-1.605090e-05	-1.849387e-06	1
16	rs4788216	30048077	0	-1.605090e-05	-1.849383e-06	1
16	rs4788217	30051312	0	-1.605090e-05	-1.849378e-06	1
16	rs4788218	30055750	0	-1.166768e-03	-1.712194e-04	1
16	rs4788219	30063646	0	-1.277660e-04	-1.474647e-05	1
16	rs4788220	30063780	0	-1.277660e-04	-1.474646e-05	1
16	rs4788409	30393771	0	4.042810e-04	5.003998e-05	1
16	rs4788410	30396805	0	7.056395e-04	8.927073e-05	1
16	rs4788411	30396815	0	4.208831e-04	5.164468e-05	1
16	rs4788412	30405726	0	-6.826229e-04	-9.973593e-05	1
16	rs4788413	30410445	0	7.056395e-04	8.927072e-05	1
16	rs4843799	29157234	0	-1.608694e-04	-2.058802e-05	1
16	rs4889489	30812962	0	-5.858381e-04	-6.592077e-05	1
16	rs4889490	30823047	0	-7.091817e-04	-9.071382e-05	1
16	rs4889495	30502152	0	1.214584e-03	1.690674e-04	1
16	rs4889534	30865440	0	1.645566e-04	2.091227e-05	1
16	rs4889536	30871755	0	1.645566e-04	2.091227e-05	1
16	rs4889614	30862135	0	1.645566e-04	2.091227e-05	1
16	rs4889622	30870957	0	1.455156e-04	1.844937e-05	1
16	rs4889627	30875217	0	7.819258e-05	8.502882e-06	1
16	rs4889630	30877544	0	-1.031877e-03	-1.537027e-04	1
16	rs4889631	30877636	0	-1.607383e-03	-2.886019e-04	1
16	rs4889634	30878863	0	-5.038947e-04	-6.029437e-05	1
16	rs4889651	30895545	0	4.156175e-04	5.306436e-05	1
16	rs4889653	30895713	0	4.156175e-04	5.306436e-05	1
16	rs4889685	30929444	0	4.202113e-04	4.939133e-05	1
16	rs4992888	29259096	0	2.657309e-04	3.691343e-05	1
16	rs4993636	29293055	0	5.054316e-04	6.280008e-05	1
16	rs5009662	29155845	0	-1.608694e-04	-2.058801e-05	1
16	rs5013201	30404522	0	2.372156e-04	4.644356e-05	1
16	rs5013247	29307041	0	8.770780e-04	1.305914e-04	1
16	rs5026091	29273620	0	5.913110e-04	7.395285e-05	1
16	rs5026093	29273735	0	3.751274e-04	4.633426e-05	1
16	rs5026096	29273786	0	3.775100e-04	4.703503e-05	1
16	rs5029446	29297706	0	9.384311e-04	1.310382e-04	1
16	rs5029449	29297793	0	8.801006e-04	1.213451e-04	1
16	rs55662298	29288820	0	4.136542e-04	5.186554e-05	1
16	rs55676522	30883849	0	-1.169620e-03	-2.776477e-04	1
16	rs55678597	30118232	0	8.883757e-04	1.733522e-04	1
16	rs55680018	29288704	0	1.472233e-04	1.808973e-05	1
16	rs55680039	30048962	0	-5.390487e-05	-1.113327e-05	1
16	rs55710189	29207939	0	-3.627811e-04	-6.380072e-05	1
16	rs55719146	30901946	0	-4.268255e-04	-5.515736e-05	1
16	rs55732292	29039660	0	3.966351e-04	7.135006e-05	1
16	rs55736310	29240017	0	1.589016e-04	2.799547e-05	1
16	rs55736766	29269252	0	6.842867e-04	9.580258e-05	1
16	rs55740063	29258996	0	2.657309e-04	3.691337e-05	1
16	rs55754126	29299928	0	6.256729e-04	8.975971e-05	1
16	rs55762054	30015249	0	6.187429e-04	1.061145e-04	1
16	rs55764428	29287123	0	2.102177e-04	2.554198e-05	1
16	rs55779019	29267834	0	2.280353e-04	3.234613e-05	1
16	rs55780732	29261698	0	1.046331e-04	1.440695e-05	1
16	rs55788822	29287062	0	2.102177e-04	2.554197e-05	1
16	rs55816101	29293621	0	4.574621e-04	6.437034e-05	1
16	rs55816166	29180008	0	5.114471e-05	7.673243e-06	1
16	rs55861648	30833896	0	1.233801e-04	1.891982e-05	1
16	rs55903157	29994398	0	-3.072192e-06	-6.492530e-07	1
16	rs55918844	29287222	0	2.102177e-04	2.554196e-05	1
16	rs55919902	30473161	0	-5.531004e-04	-9.733227e-05	1
16	rs55963273	29296589	0	2.637047e-04	3.230633e-05	1
16	rs56000057	29595921	0	-2.532597e-04	-5.030359e-05	1
16	rs56031255	29306955	0	5.212525e-04	7.615698e-05	1
16	rs56083427	30881298	0	-4.268255e-04	-5.515735e-05	1
16	rs56096128	29184346	0	-4.226924e-04	-6.745408e-05	1
16	rs56106502	29617167	0	-7.079411e-04	-1.483686e-04	1
16	rs56108370	29294350	0	4.110423e-04	5.835934e-05	1
16	rs56135456	29267951	0	2.280353e-04	3.234609e-05	1
16	rs56142883	30875335	0	-6.587545e-04	-1.445432e-04	1
16	rs56143494	29257009	0	3.734664e-04	4.832275e-05	1
16	rs56143700	30360998	0	4.111927e-04	9.179308e-05	1
16	rs56152301	29278582	0	6.876089e-04	8.803521e-05	1
16	rs56153335	30605536	0	-3.942470e-04	-6.155712e-05	1
16	rs56159078	29170454	0	-1.180244e-04	-2.131467e-05	1
16	rs56162440	29141853	0	-5.410977e-04	-7.022892e-05	1
16	rs56183743	30007325	0	8.577491e-04	1.659974e-04	1
16	rs56187809	29297643	0	4.574621e-04	6.437030e-05	1
16	rs56188385	29286983	0	2.102177e-04	2.554192e-05	1
16	rs56212525	29269271	0	6.842867e-04	9.580248e-05	1
16	rs56234416	29297454	1	5.127763e-04	6.244599e-05	1
16	rs56270796	29122741	0	-9.711729e-05	-1.207530e-05	1
16	rs56272859	29142566	0	5.097576e-04	8.345953e-05	1
16	rs56311083	30557392	0	-6.556169e-04	-1.315101e-04	1
16	rs56329348	30030092	0	-8.534464e-08	-1.710729e-08	1
16	rs56341237	29243884	0	3.430438e-04	4.798546e-05	1
16	rs56357328	29303737	0	4.574621e-04	6.437027e-05	1
16	rs56377705	29301302	0	6.091224e-04	8.102904e-05	1
16	rs56391383	30538419	0	1.267336e-04	1.489525e-05	1
16	rs56399904	30166183	0	6.510027e-04	7.101063e-05	1
16	rs56656810	30788759	0	1.133695e-03	1.541264e-04	1
16	rs56766083	29272842	0	3.060395e-04	3.759539e-05	1
16	rs56933819	28940916	0	3.482335e-04	3.821260e-05	1
16	rs57312298	30012691	0	8.577491e-04	1.659974e-04	1
16	rs57442742	30506532	0	1.214584e-03	1.690673e-04	1
16	rs57519568	29354770	0	4.164228e-04	7.547906e-05	1
16	rs57601653	29290980	0	1.472233e-04	1.808961e-05	1
16	rs57615206	30014034	0	8.577491e-04	1.659974e-04	1
16	rs57840023	29265279	0	5.034324e-04	7.319877e-05	1
16	rs57884885	29272820	0	4.671374e-04	5.871442e-05	1
16	rs58005809	29252470	0	-1.357492e-03	-2.229847e-04	1
16	rs58047105	29273019	0	4.671374e-04	5.871442e-05	1
16	rs58307916	29218966	0	-2.447804e-04	-3.137764e-05	1
16	rs58332563	29266340	0	2.014816e-04	3.127991e-05	1
16	rs58354524	29354782	0	6.506578e-04	1.245947e-04	1
16	rs58475855	29299203	0	4.574621e-04	6.437023e-05	1
16	rs58483534	30131301	0	9.988026e-04	1.991000e-04	1
16	rs58579888	29291300	0	5.054316e-04	6.279986e-05	1
16	rs58727628	29266471	0	2.014816e-04	3.127991e-05	1
16	rs59086095	29210257	0	4.489748e-04	5.786868e-05	1
16	rs59151595	30603262	0	-3.572381e-04	-5.538836e-05	1
16	rs59364995	29258092	0	6.163548e-04	8.639520e-05	1
16	rs59419098	30010363	1	6.191015e-04	1.117380e-04	1
16	rs59432882	29102563	0	7.760483e-04	1.310472e-04	1
16	rs59576480	29286920	0	3.713155e-04	4.598775e-05	1
16	rs59823182	29272110	0	2.661375e-04	3.768756e-05	1
16	rs59933097	29282400	0	6.865222e-04	9.741602e-05	1
16	rs60350735	29268210	0	-2.147666e-04	-3.391002e-05	1
16	rs60548676	29291112	0	6.665294e-04	8.533454e-05	1
16	rs60683614	29999993	0	7.628513e-04	1.507278e-04	1
16	rs60779366	29130953	0	-4.610414e-04	-5.964168e-05	1
16	rs60799184	29110135	0	-1.157171e-03	-1.670334e-04	1
16	rs60978850	30010475	0	6.966513e-04	1.270172e-04	1
16	rs61364777	29038582	0	3.419354e-04	5.846954e-05	1
16	rs61396327	30644253	8	-4.137819e-04	-4.534470e-05	1
16	rs61738568	30680655	0	-2.508040e-04	-5.585454e-05	1
16	rs61744716	30569349	0	-1.011471e-04	-2.175268e-05	1
16	rs61764220	30127888	0	5.535686e-04	1.267308e-04	1
16	rs61978578	30408961	0	2.372156e-04	4.644357e-05	1
16	rs62035308	29086987	0	1.386913e-04	2.579429e-05	1
16	rs62035311	29090699	0	4.073386e-04	6.503482e-05	1
16	rs62035313	29094002	0	1.390849e-04	2.556240e-05	1
16	rs62035316	29098418	0	5.842500e-04	9.535427e-05	1
16	rs62035317	29099071	0	1.390849e-04	2.556240e-05	1
16	rs62035486	29253866	0	1.393122e-04	1.930053e-05	1
16	rs62035487	29254402	0	1.393122e-04	1.930053e-05	1
16	rs62035492	29259109	0	1.393122e-04	1.930052e-05	1
16	rs62035493	29259207	0	6.163548e-04	8.639514e-05	1
16	rs62035494	29259775	0	2.657309e-04	3.691316e-05	1
16	rs62035498	29267352	0	2.280353e-04	3.234594e-05	1
16	rs62035501	29268270	0	2.661375e-04	3.768751e-05	1
16	rs62035503	29268396	0	3.060707e-04	4.352817e-05	1
16	rs62035580	29344604	0	-7.291429e-04	-9.780597e-05	1
16	rs62035581	29344690	0	-6.188195e-04	-8.152918e-05	1
16	rs62035582	29344835	0	-7.874733e-04	-1.067896e-04	1
16	rs62035945	29167081	0	-3.295346e-05	-5.941670e-06	1
16	rs62037275	29281487	0	4.635167e-04	5.857545e-05	1
16	rs62037276	29281496	0	4.635167e-04	5.857544e-05	1
16	rs62037283	29285187	0	1.683029e-04	2.064144e-05	1
16	rs62037317	29291124	0	1.472233e-04	1.808951e-05	1
16	rs62037323	29297094	0	-7.237719e-05	-1.228001e-05	1
16	rs62037328	29300794	0	6.256729e-04	8.975945e-05	1
16	rs62037329	29301022	0	4.574621e-04	6.437012e-05	1
16	rs62037332	29301809	0	9.360484e-04	1.290265e-04	1
16	rs62037333	29301819	0	9.360484e-04	1.290265e-04	1
16	rs62037334	29301896	0	9.360484e-04	1.290264e-04	1
16	rs62037421	28954408	0	-7.407927e-05	-8.508631e-06	1
16	rs62037422	28963012	0	2.398705e-04	2.780737e-05	1
16	rs62037423	28964716	0	-2.991225e-04	-3.492872e-05	1
16	rs62037427	29002706	0	-2.695209e-04	-3.170520e-05	1
16	rs62038177	29195695	0	-1.406141e-04	-2.096247e-05	1
16	rs62038185	29211174	0	-1.985982e-04	-2.921899e-05	1
16	rs62038186	29211398	0	-1.985982e-04	-2.921900e-05	1
16	rs62038208	29224870	0	1.118057e-04	1.623353e-05	1
16	rs62038210	29230210	0	1.220818e-04	2.099278e-05	1
16	rs62038224	29247919	0	4.575292e-04	6.382268e-05	1
16	rs62038226	29249437	0	1.393122e-04	1.930042e-05	1
16	rs62038227	29249549	0	1.393122e-04	1.930041e-05	1
16	rs62038228	29252252	0	1.393122e-04	1.930041e-05	1
16	rs62038967	29305726	0	8.770780e-04	1.305910e-04	1
16	rs62038969	29307683	0	5.212525e-04	7.615670e-05	1
16	rs62038970	29309914	4	-3.856918e-05	-6.956581e-06	1
16	rs62038973	29310960	0	5.212525e-04	7.615669e-05	1
16	rs62038974	29310994	0	1.038176e-03	1.631903e-04	1
16	rs62038975	29311190	0	1.038176e-03	1.631903e-04	1
16	rs62038976	29314400	0	6.605839e-04	1.029792e-04	1
16	rs62038977	29319954	0	-7.188607e-04	-9.982808e-05	1
16	rs62054860	29720349	0	-6.178872e-04	-9.628433e-05	1
16	rs62054862	29723193	0	-1.104396e-03	-1.981997e-04	1
16	rs62054863	29723815	0	-8.408799e-04	-1.392271e-04	1
16	rs62054867	29726088	0	-1.104396e-03	-1.981997e-04	1
16	rs62054874	29734427	0	-1.077829e-03	-1.934299e-04	1
16	rs62054875	29735902	0	-1.077829e-03	-1.934299e-04	1
16	rs62054877	29738423	0	-6.487281e-04	-1.024978e-04	1
16	rs62054880	29740557	0	-1.077829e-03	-1.934299e-04	1
16	rs62054881	29740571	0	-1.000986e-03	-1.804919e-04	1
16	rs62054903	29750555	0	1.283462e-04	2.786190e-05	1
16	rs62054904	29757134	0	1.283462e-04	2.786190e-05	1
16	rs62055376	30164758	1	5.019144e-04	5.269709e-05	1
16	rs62055459	30398408	0	4.987749e-04	5.987241e-05	1
16	rs62056369	29823905	0	1.283462e-04	2.786190e-05	1
16	rs62056371	29834954	0	-2.301892e-03	-8.285823e-04	1
16	rs62056375	29857901	0	-2.152716e-03	-6.810043e-04	1
16	rs62057183	30744826	0	-3.122811e-04	-5.269191e-05	1
16	rs62057184	30745976	0	-4.281507e-04	-7.441280e-05	1
16	rs62057223	30801987	0	-5.858381e-04	-6.592078e-05	1
16	rs62057232	30820866	0	-7.091817e-04	-9.071388e-05	1
16	rs62057680	29986627	0	9.269340e-04	1.849241e-04	1
16	rs62057756	30117253	0	-8.579941e-04	-1.164120e-04	1
16	rs62059020	29669910	0	-1.123296e-03	-1.391648e-04	1
16	rs62059023	29681707	0	-1.367847e-03	-1.919520e-04	1
16	rs62059024	29681734	0	-1.347517e-03	-1.886226e-04	1
16	rs62059025	29692277	0	-1.097237e-03	-1.443474e-04	1
16	rs62060162	29710492	0	-7.343713e-04	-1.222542e-04	1
16	rs62060163	29710682	0	-7.343713e-04	-1.222542e-04	1
16	rs62060164	29711801	0	-8.238452e-04	-1.406266e-04	1
16	rs62060166	29713913	0	-9.978870e-04	-1.792201e-04	1
16	rs62060167	29715145	0	-7.655147e-04	-1.286184e-04	1
16	rs62622830	30770950	0	-9.958688e-05	-1.524750e-05	1
16	rs62639718	29281661	0	4.635167e-04	5.857534e-05	1
16	rs62639719	29281756	0	8.231198e-04	1.034776e-04	1
16	rs62639720	29281814	0	2.574830e-04	3.509336e-05	1
16	rs62639721	29281841	0	2.586776e-04	3.158916e-05	1
16	rs634395	29719579	0	3.348589e-04	4.455227e-05	1
16	rs634977	29733308	0	1.933697e-04	2.551520e-05	1
16	rs637460	29805803	0	6.516100e-04	1.381309e-04	1
16	rs645946	29734314	0	4.237255e-04	5.844104e-05	1
16	rs648559	29740645	0	2.949067e-04	4.020566e-05	1
16	rs6565169	29692692	0	-2.948942e-04	-3.626726e-05	1
16	rs6565173	29974167	0	-6.248382e-04	-7.311657e-05	1
16	rs6565174	30111904	0	2.244118e-04	3.929589e-05	1
16	rs6565176	30174926	0	1.293837e-03	1.600658e-04	1
16	rs6565180	30361341	0	-1.358287e-04	-1.480650e-05	1
16	rs6565182	30374381	0	-7.733474e-04	-9.668441e-05	1
16	rs6565183	30382755	1	8.361734e-05	9.340271e-06	1
16	rs6565191	30546488	0	6.952000e-05	8.056526e-06	1
16	rs6565193	30600260	0	3.943342e-04	8.220338e-05	1
16	rs6565195	30648547	0	3.999767e-04	4.598425e-05	1
16	rs6565196	30656594	0	3.544498e-04	4.099350e-05	1
16	rs6565197	30706477	0	6.711281e-04	7.914158e-05	1
16	rs6565201	30747191	1	9.776963e-04	1.216380e-04	1
16	rs6565207	30835963	0	-2.997643e-04	-3.293354e-05	1
16	rs6565300	28993049	0	3.976342e-04	5.022631e-05	1
16	rs6565375	29317861	0	2.176487e-04	2.520194e-05	1
16	rs66467443	30050494	2	1.230333e-04	1.416576e-05	1
16	rs66818723	29887215	0	-1.895498e-03	-3.471544e-04	1
16	rs66957695	29114514	0	-1.269364e-03	-1.909150e-04	1
16	rs67128646	30672097	0	1.225644e-03	1.891801e-04	1
16	rs67218159	30050505	0	2.734220e-04	3.155682e-05	1
16	rs67264578	30879395	0	-4.268255e-04	-5.515733e-05	1
16	rs67396493	29314454	0	-1.344654e-03	-2.983147e-04	1
16	rs67456513	30714828	0	8.195898e-04	9.932454e-05	1
16	rs67456613	30888295	0	-4.268255e-04	-5.515734e-05	1
16	rs67479058	28970852	0	6.170038e-04	1.068924e-04	1
16	rs67575585	30468890	0	-2.315822e-04	-3.382059e-05	1
16	rs67575668	29669560	0	-9.445227e-04	-2.018691e-04	1
16	rs67693285	30623979	0	6.862983e-04	8.411895e-05	1
16	rs67817011	30179098	0	7.846652e-04	1.444617e-04	1
16	rs67822311	29093939	0	-9.316393e-04	-1.258015e-04	1
16	rs67846049	29191344	0	-1.875397e-04	-2.344444e-05	1
16	rs67966242	29215824	0	-1.710798e-04	-2.194847e-05	1
16	rs68024357	29128937	0	-5.444812e-04	-7.125935e-05	1
16	rs71277298	29732886	0	3.960264e-04	8.536698e-05	1
16	rs71383744	29008330	0	4.377875e-04	8.711152e-05	1
16	rs71383755	29204636	0	1.026803e-04	2.155904e-05	1
16	rs71383756	29225035	0	-6.800074e-04	-8.935147e-05	1
16	rs71383757	29227937	0	-9.783784e-04	-1.397668e-04	1
16	rs71387642	29095150	0	-2.699721e-04	-5.644781e-05	1
16	rs71387647	29161822	0	-4.709394e-04	-6.148757e-05	1
16	rs71387648	29201069	0	-2.699721e-04	-5.644781e-05	1
16	rs71387656	29297762	0	-1.926592e-04	-4.033436e-05	1
16	rs71389428	29842632	0	-2.301892e-03	-8.285815e-04	1
16	rs71389435	29907027	0	2.106629e-04	4.383486e-05	1
16	rs71389462	30326963	0	3.663868e-04	6.901243e-05	1
16	rs7140	28995757	0	3.976342e-04	5.022629e-05	1
16	rs7184055	30640550	0	3.999767e-04	4.598421e-05	1
16	rs7184075	29287841	0	3.713155e-04	4.598757e-05	1
16	rs7184288	29935052	0	-8.705059e-04	-1.073677e-04	1
16	rs7184953	29315879	0	8.692677e-04	1.307790e-04	1
16	rs7185007	30927509	0	-3.608878e-04	-4.791016e-05	1
16	rs7185289	29303041	0	9.639000e-06	1.329068e-06	1
16	rs7185357	30443785	0	3.950186e-04	7.363786e-05	1
16	rs7185620	30648260	0	3.925025e-04	4.504923e-05	1
16	rs7185941	29267117	0	4.695200e-04	5.954207e-05	1
16	rs7186597	29292314	0	3.713155e-04	4.598755e-05	1
16	rs7186784	29018610	0	4.880532e-04	7.072922e-05	1
16	rs7186852	30635659	0	3.925025e-04	4.504923e-05	1
16	rs7187071	30644567	0	3.925025e-04	4.504923e-05	1
16	rs7187359	30703155	0	6.711281e-04	7.914151e-05	1
16	rs7187409	30497816	0	6.889579e-04	1.483922e-04	1
16	rs7187575	28990101	0	8.603022e-04	1.158933e-04	1
16	rs7187802	30639710	0	5.067549e-04	5.941612e-05	1
16	rs7188093	29190050	0	-1.875397e-04	-2.344440e-05	1
16	rs7188570	29314999	0	1.198576e-03	1.934656e-04	1
16	rs7188661	29287978	0	3.713155e-04	4.598754e-05	1
16	rs7188755	28956464	0	4.814389e-04	5.375373e-05	1
16	rs7188789	30640185	0	3.828211e-04	4.390254e-05	1
16	rs7189056	29122047	0	-1.279323e-03	-1.909795e-04	1
16	rs7189093	29288252	0	3.713155e-04	4.598754e-05	1
16	rs7189265	29288308	0	2.102177e-04	2.554162e-05	1
16	rs7189550	29911260	0	-1.633010e-03	-2.638932e-04	1
16	rs7189750	29911416	0	-1.633010e-03	-2.638931e-04	1
16	rs7189870	29735063	0	-1.077829e-03	-1.934297e-04	1
16	rs7190126	29267092	0	-3.861833e-04	-4.711543e-05	1
16	rs7190132	29752794	0	-1.074941e-03	-1.799575e-04	1
16	rs7190185	29962352	0	-6.922861e-04	-8.132402e-05	1
16	rs7190456	29264848	0	7.812027e-04	1.182022e-04	1
16	rs7190532	29302798	0	9.360484e-04	1.290262e-04	1
16	rs7190552	30471046	0	-8.936568e-04	-1.483523e-04	1
16	rs7190932	29303037	0	5.014442e-04	6.497884e-05	1
16	rs7191083	29303083	0	5.014442e-04	6.497883e-05	1
16	rs7191389	30636737	0	1.991000e-04	2.248616e-05	1
16	rs7191761	30645416	0	3.789455e-04	4.327986e-05	1
16	rs7191849	30023157	0	-1.033340e-04	-1.171847e-05	1
16	rs7192443	29118975	0	-8.138346e-04	-1.065680e-04	1
16	rs7192475	30828672	0	5.222039e-04	5.901787e-05	1
16	rs7192833	29317811	0	2.176487e-04	2.520189e-05	1
16	rs7193414	29005895	0	-1.998789e-04	-3.788763e-05	1
16	rs7193532	29962802	0	-6.248382e-04	-7.311642e-05	1
16	rs7193756	29749904	0	-1.074941e-03	-1.799575e-04	1
16	rs7194487	29262119	0	-1.767169e-03	-3.305499e-04	1
16	rs7195050	29711343	0	-1.013681e-03	-1.686280e-04	1
16	rs7195182	30169761	0	1.561080e-03	2.071542e-04	1
16	rs7195241	30469957	0	-2.315822e-04	-3.382058e-05	1
16	rs7195477	29288634	0	3.713155e-04	4.598750e-05	1
16	rs7195557	29683587	0	-4.663561e-04	-5.672872e-05	1
16	rs7195596	29749599	0	-1.074941e-03	-1.799575e-04	1
16	rs7196298	30528272	0	1.679632e-04	3.199225e-05	1
16	rs7196737	29287441	0	3.713155e-04	4.598749e-05	1
16	rs7196973	29118865	0	-8.138346e-04	-1.065680e-04	1
16	rs7197001	30155031	0	1.405806e-03	1.813522e-04	1
16	rs7197475	30642867	0	3.925025e-04	4.504920e-05	1
16	rs7197665	29585848	0	-2.532597e-04	-5.030357e-05	1
16	rs7197770	30715908	0	6.711281e-04	7.914148e-05	1
16	rs7198250	30746822	0	8.577190e-04	1.044080e-04	1
16	rs7198549	29657542	0	-1.018335e-03	-1.326418e-04	1
16	rs7200220	29314555	0	9.695074e-05	1.115788e-05	1
16	rs7201384	29924905	0	-1.583834e-03	-2.304091e-04	1
16	rs7201518	30082508	0	-1.149522e-04	-1.346661e-05	1
16	rs7201519	29859977	0	-2.343822e-03	-8.396724e-04	1
16	rs7201546	29020294	0	1.134440e-03	2.085129e-04	1
16	rs7201780	30147265	0	1.414584e-03	1.971772e-04	1
16	rs7201797	29287496	0	3.713155e-04	4.598748e-05	1
16	rs7201971	29290799	0	3.713155e-04	4.598748e-05	1
16	rs7202271	30022656	0	6.966513e-04	1.270170e-04	1
16	rs7202714	30177807	0	8.039313e-04	9.470969e-05	1
16	rs7202802	29289240	0	2.406960e-04	3.228128e-05	1
16	rs7203173	29244914	0	2.657309e-04	3.691294e-05	1
16	rs7203224	30061754	0	8.542977e-04	1.679584e-04	1
16	rs7203240	29268585	0	6.606992e-04	9.205188e-05	1
16	rs7203359	30400307	0	6.890374e-04	8.788864e-05	1
16	rs7203494	29288540	0	3.713155e-04	4.598745e-05	1
16	rs7203688	29288617	0	2.102177e-04	2.554154e-05	1
16	rs7203712	29716569	0	-1.187723e-03	-2.120516e-04	1
16	rs7203872	29288675	0	3.713155e-04	4.598744e-05	1
16	rs7204265	29270304	0	-3.522769e-04	-5.640553e-05	1
16	rs7204278	30730274	0	9.721225e-04	1.207449e-04	1
16	rs7204334	29303244	0	5.014442e-04	6.497876e-05	1
16	rs7204632	30644216	0	4.500144e-04	5.117478e-05	1
16	rs7204748	29267517	0	1.704234e-04	2.648128e-05	1
16	rs7204797	29968015	0	-5.323231e-04	-6.146659e-05	1
16	rs7204838	29270649	0	8.217970e-04	1.179783e-04	1
16	rs7204852	30040178	0	-1.605090e-05	-1.849232e-06	1
16	rs7205278	29754683	0	-1.074941e-03	-1.799575e-04	1
16	rs7205479	30644261	8	-3.886557e-04	-4.267375e-05	1
16	rs7205802	30114124	0	-2.214532e-04	-2.594969e-05	1
16	rs7206427	29258842	0	1.046331e-04	1.440651e-05	1
16	rs7206544	29192661	0	-3.486375e-04	-4.404854e-05	1
16	rs7206553	29255243	0	6.163548e-04	8.639480e-05	1
16	rs7206859	29293869	0	3.713155e-04	4.598741e-05	1
16	rs72483435	29752368	0	-1.236479e-03	-2.521191e-04	1
16	rs72791208	30035806	0	5.168502e-04	1.155016e-04	1
16	rs72791222	30059792	0	1.155392e-05	2.330137e-06	1
16	rs72791226	30091251	0	5.535686e-04	1.267308e-04	1
16	rs72791231	30111922	0	6.693866e-06	1.339093e-06	1
16	rs72791250	30349065	0	5.054698e-04	1.019510e-04	1
16	rs72791266	30458954	0	-3.358539e-04	-5.944024e-05	1
16	rs72793343	30556903	0	-1.133385e-03	-2.459761e-04	1
16	rs72793348	30573059	0	2.862876e-04	6.398292e-05	1
16	rs72793351	30602563	0	-3.572381e-04	-5.538837e-05	1
16	rs72793353	30623514	0	-5.773142e-04	-1.133204e-04	1
16	rs72793363	30671578	0	-3.555388e-04	-6.635978e-05	1
16	rs72793368	30685272	0	3.521640e-04	7.668617e-05	1
16	rs72793369	30703455	0	3.521640e-04	7.668617e-05	1
16	rs72793372	30718873	0	-9.958688e-05	-1.524738e-05	1
16	rs72793375	30737905	0	-9.958688e-05	-1.524738e-05	1
16	rs72793380	30758743	0	-7.574824e-04	-1.575467e-04	1
16	rs72793383	30785467	0	1.695674e-04	3.752538e-05	1
16	rs72795939	29210154	0	9.421121e-05	1.708876e-05	1
16	rs72795950	29234586	0	3.907001e-04	6.984281e-05	1
16	rs72798106	29658573	0	-1.648755e-03	-2.319386e-04	1
16	rs72798151	29933890	0	-2.058957e-04	-4.219092e-05	1
16	rs72799316	30827205	0	5.010510e-04	5.590963e-05	1
16	rs72799319	30852783	0	5.815388e-04	9.389795e-05	1
16	rs72799321	30874830	0	4.782772e-04	7.448239e-05	1
16	rs72799330	30893555	0	-4.268255e-04	-5.515733e-05	1
16	rs72799341	30936743	0	-3.442856e-04	-4.561662e-05	1
16	rs729956	29128512	0	3.483056e-04	4.395564e-05	1
16	rs73524459	29266200	0	-7.232810e-04	-1.201768e-04	1
16	rs73524556	30823162	0	5.783639e-04	6.480518e-05	1
16	rs73526294	29652229	0	-1.127659e-03	-2.564481e-04	1
16	rs73530179	30107781	0	-2.238359e-04	-2.633558e-05	1
16	rs73532550	30190487	0	6.471423e-04	9.778592e-05	1
16	rs73532600	30398677	7	1.256878e-04	1.377654e-05	1
16	rs73535886	29027425	1	-8.256857e-04	-9.505513e-05	1
16	rs735645	29242115	0	-1.767169e-03	-3.305499e-04	1
16	rs7359380	29902414	0	-1.474486e-03	-2.301212e-04	1
16	rs74017608	29327055	0	-5.450646e-05	-1.053720e-05	1
16	rs74017612	29335171	0	-5.202003e-04	-1.077568e-04	1
16	rs74017619	29437092	0	5.394154e-04	1.178900e-04	1
16	rs7404778	29083429	0	6.913193e-04	1.350042e-04	1
16	rs74249933	29751163	0	-1.074941e-03	-1.799574e-04	1
16	rs74315902	30742669	0	-3.380062e-04	-7.666888e-05	1
16	rs74400203	30036049	0	8.542977e-04	1.679583e-04	1
16	rs74451468	30146257	0	2.216396e-04	4.134458e-05	1
16	rs74483355	30836430	0	7.744731e-05	1.265414e-05	1
16	rs74657328	29224228	0	-2.699721e-04	-5.644775e-05	1
16	rs74767856	30095734	0	8.574331e-04	1.677618e-04	1
16	rs74893465	29749194	0	-1.236479e-03	-2.521191e-04	1
16	rs749253	29241309	0	-2.110680e-03	-4.549141e-04	1
16	rs7498372	29910725	0	-1.739596e-03	-2.857506e-04	1
16	rs7499339	30636777	0	2.065742e-04	2.335828e-05	1
16	rs7500073	29274563	0	4.351272e-04	5.467113e-05	1
16	rs7500321	28977020	0	5.887406e-04	7.609989e-05	1
16	rs7500719	30840877	0	6.676488e-04	8.105302e-05	1
16	rs75177050	29161090	0	7.908348e-05	1.544600e-05	1
16	rs75231191	30788601	0	7.744731e-05	1.265414e-05	1
16	rs75281532	29607027	0	2.637845e-04	5.642058e-05	1
16	rs753130	29319599	0	-1.117326e-03	-1.702311e-04	1
16	rs7542	30125840	0	1.738041e-03	2.655803e-04	1
16	rs75422760	29748442	0	-1.183898e-03	-2.377734e-04	1
16	rs75460591	30392011	0	2.045083e-04	4.460357e-05	1
16	rs75500538	30782449	0	7.744731e-05	1.265414e-05	1
16	rs75549506	29933739	0	2.695963e-05	5.085374e-06	1
16	rs75721735	30079724	0	8.542977e-04	1.679583e-04	1
16	rs75771	29241928	0	-1.767169e-03	-3.305499e-04	1
16	rs75814811	29269862	0	-3.522769e-04	-5.640552e-05	1
16	rs75832891	30171625	0	4.399403e-04	7.592150e-05	1
16	rs76001209	29301974	0	9.360484e-04	1.290260e-04	1
16	rs76106647	30388890	0	-1.107819e-04	-2.403078e-05	1
16	rs76264759	29628208	0	4.084272e-05	8.768236e-06	1
16	rs76308645	29213135	0	-1.244135e-04	-2.746533e-05	1
16	rs76359228	30553899	0	-6.349532e-04	-9.443239e-05	1
16	rs76369024	29301967	0	9.360484e-04	1.290260e-04	1
16	rs76436263	29264833	0	6.654088e-04	9.851935e-05	1
16	rs76445101	29751561	0	-1.074941e-03	-1.799574e-04	1
16	rs76507221	29199269	0	-1.244135e-04	-2.746533e-05	1
16	rs76712312	29976076	0	3.722775e-04	7.738254e-05	1
16	rs767812	29316092	0	-1.440793e-03	-3.434918e-04	1
16	rs76834203	30156068	1	3.992956e-04	7.147258e-05	1
16	rs76840156	29965436	0	9.049706e-05	1.881106e-05	1
16	rs76919728	30933851	0	3.772908e-04	8.299826e-05	1
16	rs7698	30125800	0	6.817628e-04	1.307109e-04	1
16	rs77000650	29749969	0	-1.236479e-03	-2.521190e-04	1
16	rs77003191	28974698	0	5.736804e-04	1.342378e-04	1
16	rs77016006	30354216	0	-4.414420e-04	-6.248958e-05	1
16	rs77017255	29296898	0	1.604637e-06	2.537074e-07	1
16	rs77042391	30138432	0	-1.956632e-04	-4.129436e-05	1
16	rs77070948	30019821	0	3.027281e-04	5.754468e-05	1
16	rs77088799	30933547	0	-1.576748e-04	-3.400028e-05	1
16	rs77250249	30841085	0	-2.229654e-05	-4.909399e-06	1
16	rs77422319	29039112	0	4.329280e-04	8.250035e-05	1
16	rs77462351	29264820	0	7.133411e-04	1.062954e-04	1
16	rs77465505	29084241	0	4.130348e-04	7.941030e-05	1
16	rs77503088	30814764	0	-1.202697e-04	-2.417881e-05	1
16	rs77604316	30921487	0	2.311146e-04	3.793679e-05	1
16	rs77663651	29750851	0	-1.120526e-03	-2.202163e-04	1
16	rs77679610	30462291	0	1.268422e-04	2.666332e-05	1
16	rs77685267	30192435	0	2.233855e-04	3.821612e-05	1
16	rs77689392	30424412	0	-3.647322e-04	-8.229268e-05	1
16	rs77730873	30046763	0	2.904439e-05	6.237783e-06	1
16	rs77794588	29133007	1	1.505301e-04	2.836271e-05	1
16	rs77871165	30405895	0	4.711618e-04	9.746965e-05	1
16	rs78008308	30014976	0	9.049706e-05	1.881106e-05	1
16	rs78048980	29324276	0	7.261604e-04	1.414209e-04	1
16	rs78055730	29584446	0	-3.122875e-04	-6.461088e-05	1
16	rs78114333	29260000	0	6.544570e-04	8.989778e-05	1
16	rs78210758	30063191	0	6.476849e-04	1.254363e-04	1
16	rs78244732	29764804	0	-1.205933e-03	-2.431838e-04	1
16	rs78363733	30030333	0	7.628513e-04	1.507276e-04	1
16	rs78382251	30704893	0	2.492158e-04	4.021469e-05	1
16	rs78417606	29874855	0	1.149420e-04	2.453421e-05	1
16	rs78520265	29750947	0	-1.236479e-03	-2.521189e-04	1
16	rs78564187	30131777	0	8.883757e-04	1.733518e-04	1
16	rs78641771	30916404	0	3.772908e-04	8.299826e-05	1
16	rs78722125	28987857	0	-3.467830e-05	-6.722904e-06	1
16	rs78807581	30014975	0	9.049706e-05	1.881107e-05	1
16	rs78985803	30812608	0	-8.424170e-04	-1.841179e-04	1
16	rs79043334	29671016	0	3.986233e-05	8.029218e-06	1
16	rs79128613	30788236	0	-8.424170e-04	-1.841179e-04	1
16	rs79186913	29113775	0	-8.250426e-04	-1.080941e-04	1
16	rs79323299	30137608	0	-3.647322e-04	-8.229268e-05	1
16	rs79437555	29353130	0	-6.487212e-05	-1.429044e-05	1
16	rs79512505	30194328	0	3.507628e-04	6.122799e-05	1
16	rs79597785	30735038	0	2.448604e-04	5.219680e-05	1
16	rs79619339	30058313	0	1.155392e-05	2.330125e-06	1
16	rs79623117	30190891	0	4.316856e-04	9.070941e-05	1
16	rs79654572	29153247	0	-1.383780e-04	-1.767115e-05	1
16	rs79658697	29008509	0	5.311501e-04	1.083525e-04	1
16	rs79758803	29753925	0	-1.236479e-03	-2.521189e-04	1
16	rs79867441	29950820	0	8.826697e-04	1.788988e-04	1
16	rs80000693	30362813	0	-3.647322e-04	-8.229268e-05	1
16	rs80157007	30598966	0	4.121438e-04	8.816452e-05	1
16	rs80179197	29060011	0	1.561000e-04	1.853080e-05	1
16	rs80225586	30406410	0	5.054698e-04	1.019510e-04	1
16	rs80260207	30134251	0	-3.647322e-04	-8.229268e-05	1
16	rs80273739	29933901	0	-8.370909e-04	-1.972255e-04	1
16	rs80282267	30059960	0	-7.475262e-04	-1.731449e-04	1
16	rs80318951	30829668	0	5.537014e-04	6.557006e-05	1
16	rs8043811	29764279	0	-9.317911e-04	-1.498572e-04	1
16	rs8043883	30044581	0	-1.605090e-05	-1.849212e-06	1
16	rs8044407	29154849	0	-5.853881e-04	-7.745497e-05	1
16	rs8045252	30422415	0	2.301379e-04	3.308401e-05	1
16	rs8045276	29025978	0	-1.026939e-03	-1.338394e-04	1
16	rs8045351	29737351	0	-1.006555e-03	-1.750747e-04	1
16	rs8045570	30422565	0	3.325164e-04	4.839115e-05	1
16	rs8045689	28988269	0	8.603022e-04	1.158931e-04	1
16	rs8046001	30833321	0	5.222039e-04	5.901779e-05	1
16	rs8046258	29267784	0	-6.922228e-04	-1.139375e-04	1
16	rs8046445	30386262	0	9.761682e-05	1.135609e-05	1
16	rs8046707	30916233	0	-1.336294e-03	-1.855455e-04	1
16	rs8046764	29260696	0	-1.913692e-04	-2.682123e-05	1
16	rs8047140	29922988	0	2.298184e-04	3.515139e-05	1
16	rs8047315	29216457	0	-2.407585e-04	-3.085305e-05	1
16	rs8047453	29257145	0	1.046331e-04	1.440644e-05	1
16	rs8047664	30844546	0	-2.654015e-04	-5.677799e-05	1
16	rs8047777	29151923	0	-1.608694e-04	-2.058770e-05	1
16	rs8048011	30866966	0	4.989063e-04	1.091134e-04	1
16	rs8048139	30166626	0	7.458865e-04	8.144147e-05	1
16	rs8048433	29931593	0	-8.323893e-04	-1.004225e-04	1
16	rs8048448	30692208	0	8.577190e-04	1.044079e-04	1
16	rs8048750	29266272	0	4.981955e-04	6.229980e-05	1
16	rs8049052	29272871	0	4.671374e-04	5.871396e-05	1
16	rs8049108	30376486	0	-2.369372e-04	-2.598787e-05	1
16	rs8049399	29279209	0	6.876089e-04	8.803462e-05	1
16	rs8049837	30089438	0	8.542977e-04	1.679582e-04	1
16	rs8050107	30893451	0	4.156175e-04	5.306432e-05	1
16	rs8050132	29265186	0	-9.143874e-04	-1.582436e-04	1
16	rs8050330	30824970	0	8.567226e-04	1.022046e-04	1
16	rs8050576	29919792	0	-9.814404e-04	-1.230245e-04	1
16	rs8050588	30937799	0	2.082364e-04	2.332870e-05	1
16	rs8051050	30687909	0	1.225973e-03	1.715907e-04	1
16	rs8051721	30047920	0	6.476849e-04	1.254363e-04	1
16	rs8051833	29896390	0	-1.917698e-03	-3.482559e-04	1
16	rs8052245	30916430	0	-3.245266e-04	-3.659786e-05	1
16	rs8052502	29929728	0	-1.364362e-03	-1.839345e-04	1
16	rs8053114	29319922	0	2.466772e-04	3.045114e-05	1
16	rs8053518	29692132	0	4.192807e-04	5.720795e-05	1
16	rs8054074	29016132	0	-7.085695e-04	-8.089543e-05	1
16	rs8054172	29655864	0	-1.605705e-03	-2.215196e-04	1
16	rs8054272	29692224	0	-5.935023e-04	-7.524902e-05	1
16	rs8054337	29279597	0	6.876089e-04	8.803461e-05	1
16	rs8054507	30046042	0	-1.605090e-05	-1.849174e-06	1
16	rs8054556	29958216	0	-1.104318e-03	-1.410033e-04	1
16	rs8055315	30688412	0	1.202902e-03	1.675995e-04	1
16	rs8055413	29323508	0	2.820529e-04	5.677366e-05	1
16	rs8055661	30688584	0	1.133695e-03	1.541261e-04	1
16	rs8055762	29323692	0	2.820529e-04	5.677366e-05	1
16	rs8055867	29958215	0	8.257372e-04	1.657721e-04	1
16	rs8056114	29266333	0	2.280353e-04	3.234564e-05	1
16	rs8056216	30009589	0	5.744998e-04	1.028288e-04	1
16	rs8056419	29318077	0	4.298909e-04	7.489430e-05	1
16	rs8056535	29960468	0	-7.395854e-04	-8.695259e-05	1
16	rs8056929	30570011	0	-4.066986e-04	-6.726659e-05	1
16	rs8057063	29012393	0	7.389292e-04	1.018640e-04	1
16	rs8057141	29279028	0	-1.993889e-04	-2.364413e-05	1
16	rs8057332	29279114	0	6.876089e-04	8.803459e-05	1
16	rs8057425	30182541	0	1.729658e-03	2.424037e-04	1
16	rs8057883	29279402	0	6.876089e-04	8.803458e-05	1
16	rs8058049	29684572	0	-1.351471e-03	-1.915424e-04	1
16	rs8058242	29018407	0	-6.424734e-04	-7.404026e-05	1
16	rs8058472	30918289	0	1.084811e-03	1.814335e-04	1
16	rs8058578	30726248	0	1.084312e-03	1.452995e-04	1
16	rs8058765	30013457	0	8.577491e-04	1.659970e-04	1
16	rs8058824	29828710	0	-2.301892e-03	-8.285796e-04	1
16	rs8058928	30704312	0	7.634059e-04	9.180355e-05	1
16	rs8058961	30809063	0	7.768926e-04	9.511396e-05	1
16	rs8059475	30868485	0	1.645566e-04	2.091225e-05	1
16	rs8059516	29257291	0	1.046331e-04	1.440640e-05	1
16	rs8059619	29925445	0	-1.364362e-03	-1.839343e-04	1
16	rs8060295	29266170	0	2.422056e-04	3.443800e-05	1
16	rs8060345	29023105	0	-7.357604e-04	-8.260135e-05	1
16	rs8060511	30101596	0	-1.149522e-04	-1.346649e-05	1
16	rs8060534	28941480	0	5.813530e-04	7.774258e-05	1
16	rs8060853	30403858	0	6.890374e-04	8.788849e-05	1
16	rs8061029	29272747	0	4.671374e-04	5.871389e-05	1
16	rs8061634	29833414	0	-2.301892e-03	-8.285792e-04	1
16	rs8061772	30119525	0	4.765657e-04	7.855246e-05	1
16	rs8061773	29746166	0	-1.254339e-03	-2.276411e-04	1
16	rs8062082	29672582	0	-1.190592e-03	-2.639235e-04	1
16	rs8062695	29284412	0	6.876089e-04	8.803455e-05	1
16	rs8062730	29279180	1	6.600091e-04	8.315465e-05	1
16	rs8063005	30617698	0	-3.514161e-04	-5.412450e-05	1
16	rs8063282	29257288	0	6.163548e-04	8.639464e-05	1
16	rs8063490	29257435	0	6.163548e-04	8.639463e-05	1
16	rs8063565	30883965	0	4.156175e-04	5.306430e-05	1
16	rs8063700	30909244	0	-7.049645e-04	-9.973171e-05	1
16	rs8063720	30174531	0	7.802161e-04	1.251350e-04	1
16	rs8063942	30455434	0	3.950186e-04	7.363773e-05	1
16	rs8335	29869748	0	-4.418074e-04	-8.341555e-05	1
16	rs871886	29318553	0	-9.562284e-04	-1.399087e-04	1
16	rs871887	29318619	0	-9.562284e-04	-1.399087e-04	1
16	rs871888	29318906	0	-3.804003e-04	-5.051639e-05	1
16	rs885107	30672719	0	6.711281e-04	7.914131e-05	1
16	rs889567	29144706	0	4.272689e-04	5.520431e-05	1
16	rs889682	29145543	0	4.232470e-04	5.456526e-05	1
16	rs889684	29128811	0	2.343027e-04	2.924471e-05	1
16	rs889685	29128990	0	2.343027e-04	2.924471e-05	1
16	rs889686	29193424	0	-1.875397e-04	-2.344426e-05	1
16	rs889687	29193375	0	-1.875397e-04	-2.344426e-05	1
16	rs889688	29193338	0	-1.875397e-04	-2.344425e-05	1
16	rs897984	30886643	0	2.589541e-04	2.832387e-05	1
16	rs930392	30194840	0	1.431954e-03	1.816255e-04	1
16	rs9319587	30833246	0	-6.530582e-04	-8.185574e-05	1
16	rs9319588	30930983	0	-1.658977e-04	-1.843970e-05	1
16	rs9319595	29149645	0	4.303809e-04	6.889746e-05	1
16	rs9319596	29149660	0	4.303809e-04	6.889745e-05	1
16	rs9673428	30548565	0	2.471480e-04	2.866460e-05	1
16	rs9783783	30078492	0	4.354811e-04	5.186339e-05	1
16	rs9796793	30495652	0	1.168449e-03	2.935347e-04	1
16	rs9796842	30876208	0	1.645566e-04	2.091223e-05	1
16	rs9806804	30556490	0	-1.070171e-03	-2.222579e-04	1
16	rs9888967	30407979	0	7.619908e-04	9.687036e-05	1
16	rs9921268	29280801	0	4.635167e-04	5.857502e-05	1
16	rs9921711	30394541	0	4.042810e-04	5.003968e-05	1
16	rs9921783	29839449	0	-2.301892e-03	-8.285788e-04	1
16	rs9921835	30811891	0	7.768926e-04	9.511395e-05	1
16	rs9922041	30110467	0	-2.214532e-04	-2.594956e-05	1
16	rs9922666	29698625	0	-1.880099e-03	-3.865200e-04	1
16	rs9923341	29698710	0	-1.837998e-03	-3.758886e-04	1
16	rs9923649	29832138	0	-2.301892e-03	-8.285785e-04	1
16	rs9924077	30606489	0	3.943342e-04	8.220330e-05	1
16	rs9924308	30154740	0	1.405806e-03	1.813515e-04	1
16	rs9924619	29016528	0	1.193493e-03	2.244504e-04	1
16	rs9924686	30003076	0	-7.289139e-04	-8.687603e-05	1
16	rs9925025	30644899	0	2.743200e-04	3.133800e-05	1
16	rs9925102	29983148	0	-6.340161e-04	-7.414613e-05	1
16	rs9925602	29004399	0	2.911936e-04	3.840285e-05	1
16	rs9925915	29993686	0	-7.951139e-04	-9.460365e-05	1
16	rs9926308	29022130	0	-7.420854e-04	-9.188709e-05	1
16	rs9927137	30634300	0	8.237832e-04	1.038098e-04	1
16	rs9928448	30072530	0	-1.180875e-04	-1.378061e-05	1
16	rs9928572	30743522	0	-6.711281e-04	-7.914128e-05	1
16	rs9929088	29001460	0	2.123333e-04	2.644243e-05	1
16	rs9929456	29015149	0	2.594902e-04	3.614401e-05	1
16	rs9929469	29281066	0	4.635167e-04	5.857501e-05	1
16	rs9929925	29763764	0	-9.832851e-04	-1.579657e-04	1
16	rs9930280	30503414	0	9.079226e-04	1.187891e-04	1
16	rs9932193	30068469	0	-8.694404e-05	-1.006768e-05	1
16	rs9932196	29983119	0	-6.340161e-04	-7.414609e-05	1
16	rs9932416	29682494	0	-6.623661e-04	-8.383630e-05	1
16	rs9932572	30841642	0	4.667374e-04	5.288073e-05	1
16	rs9932605	30092048	0	-8.380872e-05	-9.742438e-06	1
16	rs9932653	29865673	0	-2.343822e-03	-8.396695e-04	1
16	rs9932702	29982961	0	-6.695738e-04	-7.842385e-05	1
16	rs9933310	29690904	0	-1.008604e-03	-1.279762e-04	1
16	rs9933358	30182074	0	4.888982e-04	7.868101e-05	1
16	rs9933431	29280425	0	3.024189e-04	3.777883e-05	1
16	rs9933875	30815838	0	5.783639e-04	6.480502e-05	1
16	rs9934249	30833912	0	-5.296781e-04	-6.012204e-05	1
16	rs9934360	29588933	0	4.004225e-04	7.651798e-05	1
16	rs9934579	30474856	0	-3.017318e-04	-4.550552e-05	1
16	rs9934724	29303629	0	5.014442e-04	6.497851e-05	1
16	rs9934806	30593059	0	-2.350867e-04	-3.597640e-05	1
16	rs9935557	29283463	0	4.635167e-04	5.857500e-05	1
16	rs9936065	30409699	0	-2.104638e-04	-4.272255e-05	1
16	rs9936474	29932691	0	-1.364362e-03	-1.839339e-04	1
16	rs9936496	29758793	0	-8.794810e-04	-1.377465e-04	1
16	rs9937600	29277513	1	8.260205e-04	1.054933e-04	1
16	rs9937676	28969480	0	-6.808900e-05	-7.542209e-06	1
16	rs9938088	30830004	0	4.040214e-04	4.534531e-05	1
16	rs9938630	29837108	0	-2.173950e-03	-6.469178e-04	1
16	rs9939514	29855731	0	-2.343822e-03	-8.396689e-04	1
16	rs9939774	30068354	0	-8.201708e-04	-1.106887e-04	1
16	rs9940440	29684788	0	-1.267149e-03	-1.720749e-04	1
16	rs9940962	29703334	0	-1.233730e-03	-2.413101e-04	1
