chr	rs	ps	n_miss	b	beta	gamma
2	rs1006021	95952641	0	-1.121469e-03	-6.709170e-05	1
2	rs1011040	97212755	0	1.968286e-04	1.032318e-05	1
2	rs10168251	96348510	0	-4.522677e-04	-2.620052e-05	1
2	rs10169387	97555804	0	-2.578837e-04	-1.386635e-05	1
2	rs10170018	97101893	0	4.798214e-05	2.483638e-06	1
2	rs10171441	97877292	1	-9.852125e-05	-5.523767e-06	1
2	rs10171471	96847036	0	-1.962095e-04	-1.054951e-05	1
2	rs10171740	97877591	0	-1.291978e-04	-7.665379e-06	1
2	rs10175319	97660528	0	-2.129490e-05	-1.172516e-06	1
2	rs10175415	97188552	0	2.403619e-04	1.414818e-05	1
2	rs10177168	97280240	0	-5.216656e-05	-2.707683e-06	1
2	rs10177295	97761259	0	2.941358e-04	1.651401e-05	1
2	rs10177368	97761286	0	2.941358e-04	1.651401e-05	1
2	rs10178701	97644015	0	-6.121358e-05	-3.603672e-06	1
2	rs10179546	97573950	0	-4.044035e-04	-2.309084e-05	1
2	rs10179966	97845100	0	2.941358e-04	1.651401e-05	1
2	rs10181138	97115019	0	3.601971e-04	2.112491e-05	1
2	rs10182668	97562258	0	1.209249e-04	6.499518e-06	1
2	rs10182965	97562551	0	1.582932e-04	8.541441e-06	1
2	rs10183151	96774786	0	-7.644315e-04	-4.195767e-05	1
2	rs10183164	97257528	0	4.305189e-04	2.524757e-05	1
2	rs10183454	96164681	0	2.030490e-05	1.173699e-06	1
2	rs10183746	97877528	0	-4.146858e-05	-2.455637e-06	1
2	rs10184209	97337491	0	-1.430665e-04	-7.497098e-06	1
2	rs10185002	97249593	0	4.305189e-04	2.524757e-05	1
2	rs10186233	97877399	1	-5.524214e-05	-3.095149e-06	1
2	rs10189727	97386826	0	-4.761074e-04	-2.585433e-05	1
2	rs10191663	97573844	0	-2.412969e-05	-1.328264e-06	1
2	rs10191828	97126511	0	3.601971e-04	2.112491e-05	1
2	rs10194468	97340763	0	-1.430665e-04	-7.497098e-06	1
2	rs10195614	95957777	0	-4.955993e-04	-2.691546e-05	1
2	rs10196554	97346403	0	-2.335182e-04	-1.369376e-05	1
2	rs10199227	97237714	0	1.631856e-04	9.594193e-06	1
2	rs10201845	96150959	0	-5.226267e-04	-3.035531e-05	1
2	rs10202644	97611396	0	-8.326087e-05	-4.489723e-06	1
2	rs10203024	97119982	0	3.235310e-04	1.898391e-05	1
2	rs10203346	97517237	0	-4.080605e-07	-2.240999e-08	1
2	rs10203766	97230259	0	2.555472e-04	1.495039e-05	1
2	rs10206773	97890168	0	1.293813e-04	7.296656e-06	1
2	rs10207513	97134360	0	3.601971e-04	2.112491e-05	1
2	rs10208126	97786676	0	-3.639736e-04	-2.051099e-05	1
2	rs10209315	97325027	1	-2.598903e-05	-1.546881e-06	1
2	rs10209780	97140142	0	2.377679e-05	1.229463e-06	1
2	rs1030864	96822373	0	8.423680e-04	4.636342e-05	1
2	rs10427212	97338126	0	-3.474514e-04	-2.052141e-05	1
2	rs1043092	96480181	0	3.238362e-04	1.730642e-05	1
2	rs10439526	97502088	0	7.876885e-05	4.395980e-06	1
2	rs1044594	96937296	0	-1.500875e-03	-9.217507e-05	1
2	rs10445975	96890745	0	-1.254868e-03	-7.857586e-05	1
2	rs10460601	97252444	0	1.796938e-04	9.661307e-06	1
2	rs1048675	96993884	0	-8.962744e-04	-5.037506e-05	1
2	rs10496325	97683329	0	3.631165e-04	2.029825e-05	1
2	rs1066090	97045813	0	-2.343339e-04	-1.248233e-05	1
2	rs1081711	97085961	0	7.797160e-06	3.991691e-07	1
2	rs1081713	97091840	0	5.953016e-05	3.084607e-06	1
2	rs1081717	96978317	0	-1.652264e-04	-8.793683e-06	1
2	rs10874458	96637870	0	-1.507840e-04	-8.877693e-06	1
2	rs10874471	96038093	0	5.680297e-04	3.188534e-05	1
2	rs1104775	95948987	0	-5.987367e-04	-3.286572e-05	1
2	rs111237064	97456578	0	3.635790e-04	2.100505e-05	1
2	rs111303715	97401674	0	1.039674e-04	6.010897e-06	1
2	rs111315064	97501352	0	1.664055e-04	9.496973e-06	1
2	rs111328597	97206473	0	-1.516509e-04	-8.862151e-06	1
2	rs111368952	97464277	0	1.608211e-04	9.559107e-06	1
2	rs111376985	95973657	0	2.239834e-04	1.331992e-05	1
2	rs111397326	96374796	0	1.282920e-04	7.114307e-06	1
2	rs111495538	97503747	0	2.285391e-04	1.360857e-05	1
2	rs111507197	96407476	0	-2.378394e-04	-1.409287e-05	1
2	rs111532237	96974302	0	-1.574590e-05	-9.401365e-07	1
2	rs111559998	96663537	0	-1.375710e-04	-8.118060e-06	1
2	rs111589950	97602756	0	3.240844e-04	1.821066e-05	1
2	rs11164049	96345518	0	6.181275e-04	3.305847e-05	1
2	rs11164050	96352451	0	7.538086e-04	4.084927e-05	1
2	rs11164053	96556598	0	4.746202e-04	2.556840e-05	1
2	rs11164095	97155208	0	1.672308e-05	9.106610e-07	1
2	rs11164109	97300833	0	1.796938e-04	9.661319e-06	1
2	rs11164114	97846850	1	-1.349524e-04	-7.625505e-06	1
2	rs11164122	95976912	0	-4.559884e-04	-2.457311e-05	1
2	rs11164123	96018056	0	2.871118e-04	1.723476e-05	1
2	rs11164125	96057129	0	6.395957e-04	3.433933e-05	1
2	rs11164126	96159722	0	-1.052815e-04	-6.055425e-06	1
2	rs111692316	96890138	0	3.104282e-04	1.844589e-05	1
2	rs111722521	97555321	0	-2.578837e-04	-1.386634e-05	1
2	rs111796043	97374813	0	-6.184012e-05	-3.585308e-06	1
2	rs111809589	96582191	1	-1.171115e-05	-6.892947e-07	1
2	rs111814169	97132933	0	8.732173e-05	5.189127e-06	1
2	rs111998380	95966565	0	2.239834e-04	1.331992e-05	1
2	rs112032102	97342607	0	-2.548514e-04	-1.502594e-05	1
2	rs112032343	96044014	0	7.409625e-04	4.522986e-05	1
2	rs112036964	97311394	0	-1.796959e-04	-1.055382e-05	1
2	rs112062547	96879281	0	-1.574590e-05	-9.401358e-07	1
2	rs112072122	97034263	0	8.636638e-05	5.126005e-06	1
2	rs112080055	97670132	0	9.276491e-05	5.315640e-06	1
2	rs1122238	97186917	0	1.057459e-04	5.669867e-06	1
2	rs112354135	97213643	0	8.850449e-05	5.267324e-06	1
2	rs112414504	96545393	0	1.611154e-04	9.338745e-06	1
2	rs112456888	96842893	0	-6.743354e-04	-4.102937e-05	1
2	rs112566500	97024399	0	-4.008843e-04	-2.294454e-05	1
2	rs112635660	96242676	0	-3.838018e-04	-2.271660e-05	1
2	rs112704122	96546462	0	-2.404066e-04	-1.428344e-05	1
2	rs112729952	97555371	0	-1.698057e-04	-9.108435e-06	1
2	rs112762625	97447303	0	-1.155883e-04	-6.853851e-06	1
2	rs112826173	97489654	0	2.285391e-04	1.360857e-05	1
2	rs112847284	97104962	0	1.820445e-04	1.075163e-05	1
2	rs112904912	97646772	0	9.276491e-05	5.315640e-06	1
2	rs112935613	96612118	0	1.140975e-03	6.745599e-05	1
2	rs112999549	96390576	0	-1.962121e-04	-1.152034e-05	1
2	rs113045278	97213289	0	-1.516509e-04	-8.862145e-06	1
2	rs113060722	97619542	0	-2.580659e-05	-1.519587e-06	1
2	rs113083565	97418686	0	9.320309e-05	5.235815e-06	1
2	rs113107817	96972104	0	5.777623e-05	3.441405e-06	1
2	rs113142306	97587959	0	8.812053e-06	5.193822e-07	1
2	rs113190483	96328039	0	6.836184e-04	3.685869e-05	1
2	rs113222096	97749730	0	1.309827e-04	7.811605e-06	1
2	rs113304159	97333316	0	-1.569065e-04	-9.220905e-06	1
2	rs113319086	97633267	0	9.276491e-05	5.315640e-06	1
2	rs113369057	97665533	0	-2.118539e-06	-1.272683e-07	1
2	rs113370809	97313241	0	1.668811e-05	9.929443e-07	1
2	rs113397604	97862928	0	3.666798e-04	2.081269e-05	1
2	rs113451578	97289422	0	-9.654455e-05	-5.510252e-06	1
2	rs113485946	97866442	0	1.071208e-04	6.152462e-06	1
2	rs113558205	97452244	0	3.787878e-04	2.268179e-05	1
2	rs113646501	97330432	0	1.903561e-04	1.140382e-05	1
2	rs113670563	96181714	0	5.956700e-04	3.182517e-05	1
2	rs113717668	97150288	0	1.530225e-04	9.019062e-06	1
2	rs113733089	96016402	0	-4.825651e-04	-2.855327e-05	1
2	rs113790011	96582824	0	2.399926e-04	1.336597e-05	1
2	rs113804169	96877001	0	-1.574590e-05	-9.401354e-07	1
2	rs113858701	97557873	0	3.892722e-05	2.321513e-06	1
2	rs113863815	97657813	0	9.276491e-05	5.315638e-06	1
2	rs113897931	96328043	0	6.836184e-04	3.685867e-05	1
2	rs113899902	97207887	0	1.358700e-04	8.117481e-06	1
2	rs113914866	97325466	0	-1.569065e-04	-9.220903e-06	1
2	rs113974174	96056769	0	-3.838018e-04	-2.271660e-05	1
2	rs113994558	96026199	0	7.542678e-04	4.605900e-05	1
2	rs114081176	95942203	0	3.661521e-04	2.179098e-05	1
2	rs114089901	97528099	0	-8.194633e-05	-4.876460e-06	1
2	rs114176507	96383508	0	1.485323e-04	8.874021e-06	1
2	rs114192053	97871906	0	1.071208e-04	6.152462e-06	1
2	rs114200183	97350229	0	8.837450e-05	5.199671e-06	1
2	rs114201541	95988386	0	7.409625e-04	4.522985e-05	1
2	rs114226629	96914252	0	5.543556e-04	3.355560e-05	1
2	rs114236840	97587503	0	-1.360836e-04	-8.083685e-06	1
2	rs114254570	96170622	0	-3.793846e-04	-2.253437e-05	1
2	rs114267084	97214861	0	-1.541611e-04	-9.104309e-06	1
2	rs114329473	96401427	0	-2.081328e-04	-1.238556e-05	1
2	rs114404415	97655457	0	2.581813e-04	1.528538e-05	1
2	rs114487683	96896290	0	5.388657e-04	3.262064e-05	1
2	rs114564306	97584530	0	3.892722e-05	2.321512e-06	1
2	rs114615899	96467253	0	-1.088450e-04	-6.217015e-06	1
2	rs114680975	97060284	0	-3.791481e-04	-2.260226e-05	1
2	rs114686952	96437015	0	-1.854439e-04	-1.100695e-05	1
2	rs114702568	97495705	0	-1.165252e-04	-6.731135e-06	1
2	rs114707893	97566051	0	-8.194633e-05	-4.876460e-06	1
2	rs114737753	97566563	0	-3.234681e-04	-1.917553e-05	1
2	rs114738552	97374019	0	-1.926196e-04	-1.143616e-05	1
2	rs114810987	97547869	0	-2.251685e-04	-1.340540e-05	1
2	rs114835094	96909049	0	5.543556e-04	3.355560e-05	1
2	rs1148577	97736260	0	-5.367057e-04	-2.836831e-05	1
2	rs1148579	97735029	1	-2.796628e-04	-1.457075e-05	1
2	rs1148582	97731306	0	-8.909500e-05	-5.308826e-06	1
2	rs1148587	97716214	0	-6.009765e-04	-3.225577e-05	1
2	rs1148588	97716168	0	-6.009765e-04	-3.225577e-05	1
2	rs1148590	97714431	0	-6.009765e-04	-3.225576e-05	1
2	rs1148591	97714323	0	-6.009765e-04	-3.225576e-05	1
2	rs1148592	97714031	0	-6.009765e-04	-3.225575e-05	1
2	rs1148593	97711764	0	-6.009765e-04	-3.225575e-05	1
2	rs1148594	97710803	0	-6.058014e-04	-3.243638e-05	1
2	rs1148595	97710299	0	-6.009765e-04	-3.225574e-05	1
2	rs1148597	97708011	0	-5.673067e-04	-3.036571e-05	1
2	rs1148598	97707562	0	-6.009765e-04	-3.225573e-05	1
2	rs1148599	97705554	0	-2.829399e-04	-1.607691e-05	1
2	rs114862860	97129788	0	-3.791481e-04	-2.260226e-05	1
2	rs114887607	96066706	0	3.321881e-04	1.984007e-05	1
2	rs114891533	97346019	0	7.634961e-05	4.475051e-06	1
2	rs115058895	96227253	0	4.387324e-04	2.643638e-05	1
2	rs115086514	97808825	0	1.233583e-04	7.250078e-06	1
2	rs115231541	97655079	0	-1.740877e-05	-1.034493e-06	1
2	rs11526124	96669134	0	-1.375710e-04	-8.118060e-06	1
2	rs115337286	97707657	0	-4.260552e-04	-2.536686e-05	1
2	rs115348870	97285604	0	-9.411840e-05	-5.415343e-06	1
2	rs11539221	96874415	0	1.217382e-04	7.270790e-06	1
2	rs11539223	96851617	0	6.680500e-05	3.964251e-06	1
2	rs115399453	97139959	0	-2.051529e-04	-1.205714e-05	1
2	rs115422148	97626485	0	1.233583e-04	7.250078e-06	1
2	rs115504929	96802475	0	-9.511317e-05	-5.623934e-06	1
2	rs115507803	97752054	0	1.071208e-04	6.152448e-06	1
2	rs11551400	96914636	0	-1.091262e-04	-5.933157e-06	1
2	rs115528323	95972159	0	-1.011819e-04	-5.954499e-06	1
2	rs115549761	97100249	0	-3.132786e-04	-1.858665e-05	1
2	rs115568896	97265351	0	-1.329736e-04	-7.844490e-06	1
2	rs115570616	96979927	0	-7.944537e-05	-4.710846e-06	1
2	rs115573143	97192003	0	-9.411840e-05	-5.415343e-06	1
2	rs115576680	97328890	0	-1.329736e-04	-7.844490e-06	1
2	rs115597125	97578393	0	3.151543e-04	1.864275e-05	1
2	rs115601522	96821296	0	5.543556e-04	3.355560e-05	1
2	rs115616831	96077519	0	4.387324e-04	2.643638e-05	1
2	rs115622355	97225280	0	1.719379e-05	1.027099e-06	1
2	rs115641503	96407567	0	-6.681120e-05	-3.901937e-06	1
2	rs115656191	96386722	0	2.032189e-04	1.212650e-05	1
2	rs115661023	97865044	0	3.394811e-06	1.986093e-07	1
2	rs115695144	96425841	0	-1.768757e-04	-1.039057e-05	1
2	rs115700567	96240419	0	4.387324e-04	2.643638e-05	1
2	rs115706318	97143761	0	6.053775e-05	3.585569e-06	1
2	rs115786506	96809015	0	3.296850e-05	1.959469e-06	1
2	rs115793054	97197995	0	-4.312136e-04	-2.589287e-05	1
2	rs115838944	97258178	0	-2.294116e-04	-1.362438e-05	1
2	rs115880417	95983210	0	7.270810e-04	4.339103e-05	1
2	rs115893811	97580765	0	2.831205e-04	1.670128e-05	1
2	rs115940547	96207739	0	3.661521e-04	2.179098e-05	1
2	rs115967585	96837527	0	3.693474e-04	2.195332e-05	1
2	rs116013309	96071285	0	3.901720e-04	2.333626e-05	1
2	rs116013757	96474721	0	-6.681120e-05	-3.901936e-06	1
2	rs116069341	97711739	0	-4.260552e-04	-2.536686e-05	1
2	rs116085569	96912401	0	-2.427844e-05	-1.427496e-06	1
2	rs116097873	97167343	0	6.161268e-05	3.667144e-06	1
2	rs116098247	97288512	0	-4.312136e-04	-2.589287e-05	1
2	rs116118641	96358603	0	-1.929455e-04	-1.132650e-05	1
2	rs116121826	97441914	0	2.605036e-04	1.496565e-05	1
2	rs116135059	96409566	0	-1.067277e-04	-6.295259e-06	1
2	rs116166651	96915586	0	3.950571e-05	2.351132e-06	1
2	rs116168553	97063870	0	3.693474e-04	2.195332e-05	1
2	rs116171118	97695036	0	1.071208e-04	6.152447e-06	1
2	rs116177021	97245736	0	-1.541611e-04	-9.104304e-06	1
2	rs116221421	97367352	0	-1.679463e-04	-9.942927e-06	1
2	rs116241992	97339553	0	-1.329736e-04	-7.844490e-06	1
2	rs116276763	96344462	0	2.843930e-04	1.701885e-05	1
2	rs116287759	96473318	0	-1.834191e-06	-9.796206e-08	1
2	rs116333847	97205403	0	-4.312136e-04	-2.589287e-05	1
2	rs116347249	97551672	0	1.891392e-04	1.112180e-05	1
2	rs116376867	97549729	0	-1.965905e-04	-1.159742e-05	1
2	rs116441543	97729483	0	-1.192313e-04	-6.699559e-06	1
2	rs116472230	96248976	0	5.718839e-04	3.438656e-05	1
2	rs116516854	97229995	0	-1.541611e-04	-9.104303e-06	1
2	rs116581863	97154141	0	-3.791481e-04	-2.260226e-05	1
2	rs116595726	96604177	0	-2.081328e-04	-1.238556e-05	1
2	rs116633060	97236439	0	-1.195556e-04	-6.978371e-06	1
2	rs116656846	97455276	0	-1.926196e-04	-1.143615e-05	1
2	rs116661617	97204048	0	4.077554e-04	2.431472e-05	1
2	rs11674404	96608533	0	2.581062e-05	1.423828e-06	1
2	rs11675608	97813769	0	-4.805446e-04	-2.550291e-05	1
2	rs116761824	96787827	0	5.388657e-04	3.262064e-05	1
2	rs11676886	97249011	0	-1.153287e-06	-4.631604e-08	1
2	rs11676901	96370571	0	5.059287e-04	2.684890e-05	1
2	rs11676926	96504594	0	1.734299e-04	9.290220e-06	1
2	rs11677429	96193061	0	5.956700e-04	3.182515e-05	1
2	rs11677797	97559759	0	-2.298341e-04	-1.234957e-05	1
2	rs11678174	97249103	0	2.002823e-04	1.077313e-05	1
2	rs11679899	96378162	0	5.714196e-04	3.054597e-05	1
2	rs11681534	97394755	0	2.535349e-04	1.499072e-05	1
2	rs11681875	97850677	1	-4.657355e-04	-2.463813e-05	1
2	rs11682182	96378210	0	5.714196e-04	3.054596e-05	1
2	rs11682671	97349315	0	2.780014e-04	1.539836e-05	1
2	rs11682934	97237153	0	1.796938e-04	9.661332e-06	1
2	rs11682994	97425561	0	1.910785e-04	1.026622e-05	1
2	rs116833964	95967623	0	7.854852e-04	4.713065e-05	1
2	rs11683523	96544855	0	4.746202e-04	2.556835e-05	1
2	rs11683767	96170855	0	5.956700e-04	3.182512e-05	1
2	rs11684258	96603068	0	2.822078e-04	1.580503e-05	1
2	rs11685849	96243804	0	3.330795e-04	1.753365e-05	1
2	rs11687113	96658588	0	3.852727e-04	2.035766e-05	1
2	rs11687211	97111246	0	2.172445e-04	1.156124e-05	1
2	rs11687923	96838865	0	3.691426e-04	2.194109e-05	1
2	rs11688045	96243805	0	3.330795e-04	1.753364e-05	1
2	rs11688555	96397341	0	1.822898e-05	9.460251e-07	1
2	rs11688674	97237093	0	5.532809e-05	3.224786e-06	1
2	rs11688742	96367616	0	-1.314123e-04	-7.286060e-06	1
2	rs11688743	96328756	0	6.181275e-04	3.305834e-05	1
2	rs1168965	96787899	0	8.561674e-04	4.731629e-05	1
2	rs1168966	96798510	0	7.391439e-04	4.026627e-05	1
2	rs1168967	96826016	0	7.665319e-04	4.182938e-05	1
2	rs1168968	96825363	0	8.423680e-04	4.636324e-05	1
2	rs1168969	96822981	0	-3.753259e-04	-2.031336e-05	1
2	rs1168970	96816606	0	8.423680e-04	4.636323e-05	1
2	rs1168972	96815492	0	8.423680e-04	4.636322e-05	1
2	rs1168974	96814928	0	9.064356e-04	5.038125e-05	1
2	rs1168975	96814075	0	9.064356e-04	5.038124e-05	1
2	rs1168976	96813480	0	9.064356e-04	5.038123e-05	1
2	rs11689832	96554851	1	5.481538e-04	2.976989e-05	1
2	rs11690061	96514476	0	2.571365e-04	1.365617e-05	1
2	rs11691090	96514212	0	4.746202e-04	2.556823e-05	1
2	rs11691245	96615769	0	2.081502e-04	1.163161e-05	1
2	rs11691471	97827469	0	-6.075675e-04	-3.230455e-05	1
2	rs11691670	97238770	0	1.796938e-04	9.661368e-06	1
2	rs11693625	97193347	0	-2.411303e-04	-1.314976e-05	1
2	rs11693818	97789020	0	-5.785724e-04	-3.067280e-05	1
2	rs11694151	96353286	0	5.435545e-04	2.892342e-05	1
2	rs11694296	97563128	0	1.903270e-04	1.028254e-05	1
2	rs11694498	97352409	0	-2.429923e-05	-1.253061e-06	1
2	rs11695705	97135162	0	1.711606e-05	8.904968e-07	1
2	rs11885652	97540580	0	-4.060630e-04	-2.142920e-05	1
2	rs11885811	97601119	0	3.400493e-04	1.981679e-05	1
2	rs11886450	97051699	0	3.846267e-05	2.287146e-06	1
2	rs11886999	96841793	0	3.540131e-05	1.936262e-06	1
2	rs11888101	97568453	0	1.094783e-04	5.847822e-06	1
2	rs11889085	97448127	0	1.560274e-04	8.830334e-06	1
2	rs11889101	97590888	0	1.800727e-04	1.054272e-05	1
2	rs11890407	97621647	0	1.801272e-04	1.018068e-05	1
2	rs11891457	97632449	0	2.393695e-04	1.332581e-05	1
2	rs11891926	97339781	0	-1.153287e-06	-4.619276e-08	1
2	rs11894782	97870961	0	3.346460e-04	1.889267e-05	1
2	rs11897786	97506872	0	2.526089e-04	1.385034e-05	1
2	rs11897976	96007303	0	-6.955807e-04	-3.817509e-05	1
2	rs11900310	97141830	0	-2.253739e-05	-1.180359e-06	1
2	rs11900461	97615993	0	3.152592e-04	1.803836e-05	1
2	rs11900466	97585936	0	1.480389e-04	8.649086e-06	1
2	rs11900808	97007007	0	4.504669e-05	2.687699e-06	1
2	rs11903257	96998906	0	4.504669e-05	2.687699e-06	1
2	rs11903461	96999580	0	-9.252181e-04	-5.221031e-05	1
2	rs12052336	97106451	0	3.601971e-04	2.112491e-05	1
2	rs12105727	97797225	0	2.941358e-04	1.651398e-05	1
2	rs12105775	97130761	0	1.997108e-04	1.059146e-05	1
2	rs12172	97500852	0	7.779939e-06	4.477202e-07	1
2	rs12329128	97284917	0	-2.868748e-04	-1.515161e-05	1
2	rs12373651	96072408	0	3.090901e-04	1.639173e-05	1
2	rs12464148	96596710	0	2.196567e-04	1.150275e-05	1
2	rs12464868	97561440	0	-1.316391e-04	-6.758680e-06	1
2	rs12465634	96600265	0	4.120814e-04	2.187925e-05	1
2	rs12466906	97359442	0	4.418051e-04	2.626530e-05	1
2	rs12468117	96194583	0	6.277038e-04	3.361205e-05	1
2	rs12468777	96038810	0	5.043733e-04	2.816501e-05	1
2	rs12469420	97243305	0	1.796938e-04	9.661387e-06	1
2	rs12471390	97322958	0	2.827692e-04	1.524789e-05	1
2	rs12471472	96205455	0	5.956700e-04	3.182496e-05	1
2	rs12471925	96555522	0	4.746202e-04	2.556818e-05	1
2	rs12471991	96430547	0	3.527799e-04	1.887171e-05	1
2	rs12473378	97257546	0	-8.508352e-05	-5.078670e-06	1
2	rs12473765	96387339	0	9.802351e-04	5.530577e-05	1
2	rs12476564	97867488	0	-3.427112e-04	-2.033515e-05	1
2	rs12476591	96387311	0	3.217104e-04	1.912460e-05	1
2	rs12477206	96535332	0	5.171341e-04	2.786931e-05	1
2	rs12477963	97261593	0	-1.781151e-04	-9.494665e-06	1
2	rs12478605	96377078	0	5.435545e-04	2.892335e-05	1
2	rs12479095	97689382	0	-3.974110e-04	-2.372334e-05	1
2	rs1256985	97690443	0	-6.009765e-04	-3.225577e-05	1
2	rs1256986	97690757	0	-2.829399e-04	-1.607692e-05	1
2	rs1256987	97694551	0	-5.673067e-04	-3.036574e-05	1
2	rs1256991	97669386	0	-1.109671e-04	-6.195488e-06	1
2	rs1256993	97667475	0	-1.109671e-04	-6.195487e-06	1
2	rs1256995	97683439	0	-2.374448e-04	-1.325822e-05	1
2	rs1256996	97682954	0	1.238751e-04	7.330108e-06	1
2	rs1256997	97682163	0	-2.586663e-04	-1.435967e-05	1
2	rs1256998	97680507	0	-2.086403e-04	-1.156956e-05	1
2	rs1257000	97678319	0	-2.086403e-04	-1.156956e-05	1
2	rs1257001	97738962	0	-2.735152e-04	-1.530889e-05	1
2	rs1257004	97711378	0	-6.009765e-04	-3.225575e-05	1
2	rs1257005	97708740	0	-5.673067e-04	-3.036573e-05	1
2	rs1257006	97708611	0	-5.673067e-04	-3.036572e-05	1
2	rs1257008	97634672	0	-1.874187e-04	-1.045543e-05	1
2	rs1257009	97634206	0	-2.212545e-04	-1.233968e-05	1
2	rs1257011	97633772	0	-1.874187e-04	-1.045543e-05	1
2	rs1257012	97633013	0	-1.874187e-04	-1.045543e-05	1
2	rs1257015	97631585	0	-2.212545e-04	-1.233967e-05	1
2	rs1257016	97640502	0	-1.469241e-04	-8.064485e-06	1
2	rs1257017	97639135	0	-1.874187e-04	-1.045543e-05	1
2	rs1257018	97617227	0	7.069883e-06	3.892592e-07	1
2	rs1257019	97617140	0	-6.938177e-05	-3.736890e-06	1
2	rs1257023	97663840	0	-1.348475e-04	-7.480135e-06	1
2	rs1257024	97658798	0	-2.346533e-04	-1.287044e-05	1
2	rs1257025	97657418	0	-1.109671e-04	-6.195468e-06	1
2	rs1257027	97655882	0	-2.564125e-04	-1.425042e-05	1
2	rs1257028	97655299	0	-1.553850e-04	-8.653944e-06	1
2	rs1257029	97654678	0	-2.346533e-04	-1.287044e-05	1
2	rs1257052	97742711	0	-6.663919e-04	-3.587282e-05	1
2	rs1257053	97742596	0	-5.921157e-04	-3.168438e-05	1
2	rs1257054	97742529	0	-6.073509e-04	-3.261769e-05	1
2	rs1257070	97721663	0	-5.992772e-04	-3.207935e-05	1
2	rs1257081	97720088	0	-1.181668e-04	-6.637534e-06	1
2	rs1257088	97754504	0	-5.455475e-04	-2.884978e-05	1
2	rs1257093	97750561	0	-2.829399e-04	-1.607689e-05	1
2	rs1257095	97747894	0	-4.497223e-04	-2.559962e-05	1
2	rs1257097	97764450	0	-3.874632e-04	-2.028817e-05	1
2	rs1257099	97766551	0	-3.874632e-04	-2.028817e-05	1
2	rs1257101	97758953	0	-3.874632e-04	-2.028816e-05	1
2	rs1257102	97759198	0	-1.248556e-04	-7.052681e-06	1
2	rs1257108	97776819	0	-3.874632e-04	-2.028816e-05	1
2	rs1257109	97776627	0	-3.874632e-04	-2.028815e-05	1
2	rs1257111	97774801	0	-4.501526e-04	-2.366014e-05	1
2	rs1257113	97717522	0	-7.490018e-04	-4.041381e-05	1
2	rs1257114	97717398	0	-4.492413e-04	-2.573103e-05	1
2	rs1257116	97712540	0	-6.009765e-04	-3.225568e-05	1
2	rs1257119	97709260	0	-6.009765e-04	-3.225567e-05	1
2	rs12612700	96600712	0	2.301938e-04	1.288311e-05	1
2	rs12613055	97420876	0	5.746173e-05	3.290826e-06	1
2	rs12613171	97553747	0	-2.578837e-04	-1.386636e-05	1
2	rs12613703	96646293	0	-1.507840e-04	-8.877685e-06	1
2	rs12614188	97083089	0	-1.019322e-03	-5.822983e-05	1
2	rs12614696	97118957	0	3.891408e-04	2.288576e-05	1
2	rs12617019	96905568	0	-1.373509e-04	-7.517462e-06	1
2	rs12618133	96892134	0	3.054998e-05	1.684271e-06	1
2	rs12620892	95945189	0	-9.010931e-04	-5.348220e-05	1
2	rs1262300	97768178	0	-3.874632e-04	-2.028813e-05	1
2	rs12623771	96633504	0	2.196567e-04	1.150273e-05	1
2	rs12624036	96158720	0	-5.226267e-04	-3.035526e-05	1
2	rs12624038	96158728	0	-5.226267e-04	-3.035526e-05	1
2	rs1267178	97729845	0	-8.909500e-05	-5.308821e-06	1
2	rs1267180	97766574	0	-3.874632e-04	-2.028813e-05	1
2	rs1268682	97640997	0	-2.212545e-04	-1.233964e-05	1
2	rs1268683	97657540	0	-2.564125e-04	-1.425038e-05	1
2	rs1268684	97762107	0	-3.874632e-04	-2.028813e-05	1
2	rs1271063	97739057	0	-5.455475e-04	-2.884973e-05	1
2	rs12717775	96496891	0	-7.396945e-04	-4.003041e-05	1
2	rs12717776	96523006	0	-6.447546e-04	-3.618535e-05	1
2	rs12717777	96523009	0	-6.447546e-04	-3.618535e-05	1
2	rs12717778	96523047	0	-6.447546e-04	-3.618535e-05	1
2	rs12717779	96559064	1	-9.920523e-04	-5.485337e-05	1
2	rs12717781	97249142	0	-1.928449e-04	-1.012386e-05	1
2	rs12717782	97254116	0	-2.868748e-04	-1.515158e-05	1
2	rs12717787	97648832	0	-5.063655e-04	-2.846113e-05	1
2	rs12846	97477374	0	3.838561e-04	2.108684e-05	1
2	rs12988306	97664892	0	-3.286932e-04	-1.828282e-05	1
2	rs12992413	97277489	0	-1.928449e-04	-1.012386e-05	1
2	rs12994584	97871314	1	-3.616480e-04	-1.911922e-05	1
2	rs12994989	97387731	0	6.205916e-05	3.415091e-06	1
2	rs12996352	97849219	1	-4.140589e-04	-2.183858e-05	1
2	rs12996789	96061242	0	-1.245469e-04	-7.353232e-06	1
2	rs12998267	96248482	0	6.487715e-04	3.789397e-05	1
2	rs13005712	97860971	1	-5.431570e-04	-2.969419e-05	1
2	rs13006000	97228473	0	-2.731190e-04	-1.635724e-05	1
2	rs13006507	97607484	0	4.347659e-04	2.429387e-05	1
2	rs13007343	97306236	0	-2.232697e-04	-1.173118e-05	1
2	rs13009727	96769883	2	-5.324803e-04	-2.817643e-05	1
2	rs13010219	96076077	0	-1.107476e-04	-6.545001e-06	1
2	rs13011421	97823971	0	-1.986897e-04	-1.042052e-05	1
2	rs13014679	97333492	0	-2.991446e-04	-1.773982e-05	1
2	rs13016654	97624524	0	-1.040727e-04	-5.559662e-06	1
2	rs13018621	97582235	0	-7.451955e-05	-4.404397e-06	1
2	rs13019986	97243058	0	-2.232697e-04	-1.173117e-05	1
2	rs13021723	97624492	0	-1.040727e-04	-5.559660e-06	1
2	rs13022177	96919208	0	-4.339383e-04	-2.596256e-05	1
2	rs13024196	97859274	0	-5.001355e-04	-2.610929e-05	1
2	rs13025231	97680395	0	-2.086403e-04	-1.156949e-05	1
2	rs13025764	96584005	1	-5.357797e-05	-3.166667e-06	1
2	rs13026122	97806018	0	-4.400344e-04	-2.323162e-05	1
2	rs13026942	97209159	0	-2.311152e-05	-1.302971e-06	1
2	rs13028622	97872148	0	-3.364058e-04	-1.775543e-05	1
2	rs13029764	97328874	0	2.715292e-06	1.445745e-07	1
2	rs13032005	97598719	0	3.861512e-04	2.153730e-05	1
2	rs13035412	97787558	0	-4.804118e-04	-2.536064e-05	1
2	rs1317911	97488698	0	2.526089e-04	1.385032e-05	1
2	rs1318597	97463095	0	-1.960060e-04	-1.014181e-05	1
2	rs1320146	97507727	0	7.876885e-05	4.396003e-06	1
2	rs1320147	97600626	0	5.005742e-04	2.736611e-05	1
2	rs1320149	97493877	0	2.526089e-04	1.385031e-05	1
2	rs13383143	97599266	0	1.018913e-04	5.938212e-06	1
2	rs13383845	97557261	0	-2.578837e-04	-1.386638e-05	1
2	rs13384114	97299078	0	1.631856e-04	9.594175e-06	1
2	rs13389475	97331585	0	1.954135e-04	1.134819e-05	1
2	rs13390019	97797680	0	7.157293e-05	3.999502e-06	1
2	rs13392201	95992354	0	-4.281721e-04	-2.465389e-05	1
2	rs13393393	97598899	0	5.677660e-04	3.099937e-05	1
2	rs13393729	97306987	0	4.305189e-04	2.524754e-05	1
2	rs13393893	97870072	0	3.261696e-04	1.840740e-05	1
2	rs13395011	97272135	0	4.305189e-04	2.524754e-05	1
2	rs13398740	97226402	0	3.427897e-04	2.008577e-05	1
2	rs13399849	95994706	0	-4.218465e-04	-2.432291e-05	1
2	rs13400545	97871626	0	7.000548e-05	3.949825e-06	1
2	rs13402271	97863525	0	-5.197507e-04	-2.835555e-05	1
2	rs13403225	97600827	0	5.005742e-04	2.736610e-05	1
2	rs13404200	97675768	0	-6.121358e-05	-3.603697e-06	1
2	rs13404734	97598672	0	4.563034e-04	2.569729e-05	1
2	rs13405842	97258451	0	2.555472e-04	1.495037e-05	1
2	rs13407036	97578150	0	1.892843e-04	1.016743e-05	1
2	rs13410790	97557872	0	-2.578837e-04	-1.386638e-05	1
2	rs13419073	97507554	0	7.804428e-05	4.321506e-06	1
2	rs13419697	97826968	0	-1.408936e-04	-8.243313e-06	1
2	rs13421275	97560629	0	-2.298341e-04	-1.234961e-05	1
2	rs13423092	97557019	0	-2.578837e-04	-1.386638e-05	1
2	rs13425281	97562035	0	1.209249e-04	6.499472e-06	1
2	rs13428530	97863565	0	-4.146858e-05	-2.455655e-06	1
2	rs13430237	97558926	0	-2.857037e-04	-1.470346e-05	1
2	rs1345917	96200603	0	5.956700e-04	3.182494e-05	1
2	rs1364394	96195730	0	6.277038e-04	3.361201e-05	1
2	rs1364395	96195632	0	2.871118e-04	1.723476e-05	1
2	rs138056790	97345239	0	-2.294116e-04	-1.362438e-05	1
2	rs138229651	97108246	0	3.601971e-04	2.112489e-05	1
2	rs138270841	97073802	0	-1.556658e-04	-9.151050e-06	1
2	rs138423313	96837492	0	-1.854439e-04	-1.100692e-05	1
2	rs138491075	96373634	0	6.913244e-04	4.059503e-05	1
2	rs138562995	96545159	0	2.547830e-04	1.469430e-05	1
2	rs138652415	96481291	0	5.684112e-04	3.439875e-05	1
2	rs138784752	96091635	0	6.872425e-04	3.689324e-05	1
2	rs138803287	96580405	0	-3.787176e-05	-2.248061e-06	1
2	rs139044077	97261952	0	5.370764e-04	3.225000e-05	1
2	rs139290800	97051795	0	8.555682e-05	5.114109e-06	1
2	rs139356016	96841486	0	-1.209164e-04	-7.135512e-06	1
2	rs139443361	96645996	0	-2.081328e-04	-1.238556e-05	1
2	rs139741888	97743103	0	-3.711532e-05	-2.195090e-06	1
2	rs139954837	96155864	0	2.032189e-04	1.212652e-05	1
2	rs140086987	97143626	0	-1.077995e-04	-6.390376e-06	1
2	rs140332007	97410188	0	-6.184012e-05	-3.585296e-06	1
2	rs140338516	97456237	0	2.718834e-04	1.624101e-05	1
2	rs140562818	96540755	0	-6.681120e-05	-3.901927e-06	1
2	rs140636580	97807404	0	1.308363e-04	6.782403e-06	1
2	rs140705063	97051282	0	7.153440e-05	4.263020e-06	1
2	rs141600622	96929044	0	-5.598575e-05	-3.293063e-06	1
2	rs142037408	96492900	0	-1.067277e-04	-6.295225e-06	1
2	rs142071064	96580463	0	-2.081328e-04	-1.238556e-05	1
2	rs142246646	96367495	0	6.643786e-05	3.955340e-06	1
2	rs142350543	97517082	0	-1.926196e-04	-1.143612e-05	1
2	rs1424362	96198358	3	-1.602797e-04	-9.087652e-06	1
2	rs142480529	96540430	0	-6.681120e-05	-3.901927e-06	1
2	rs142655285	97189188	0	-1.972992e-05	-1.174496e-06	1
2	rs142797090	96538620	0	4.746202e-04	2.556815e-05	1
2	rs142912577	96667314	0	-8.752358e-05	-5.186921e-06	1
2	rs143178295	97868511	0	-4.441076e-04	-2.643768e-05	1
2	rs143274998	96259184	0	-3.838018e-04	-2.271658e-05	1
2	rs143287966	97659875	0	-1.740877e-05	-1.034508e-06	1
2	rs143379982	97216166	0	-1.541611e-04	-9.104268e-06	1
2	rs143460482	96328954	0	-3.234017e-04	-1.904186e-05	1
2	rs143656906	96660965	0	-1.970584e-04	-1.166854e-05	1
2	rs143747853	97860150	1	-3.244524e-05	-1.928740e-06	1
2	rs144068932	97771695	0	-3.874632e-04	-2.028807e-05	1
2	rs144470057	96426256	0	-3.787176e-05	-2.248061e-06	1
2	rs144752070	96890556	0	6.680500e-05	3.964258e-06	1
2	rs144968254	96336560	0	4.387324e-04	2.643638e-05	1
2	rs145056855	97778065	0	1.071208e-04	6.152415e-06	1
2	rs145156058	96466727	0	3.011903e-04	1.796042e-05	1
2	rs145268833	97279510	0	-7.085843e-05	-4.227352e-06	1
2	rs145367784	96557739	1	3.037145e-04	1.811309e-05	1
2	rs145382287	96671320	0	-1.970584e-04	-1.166854e-05	1
2	rs145556366	96598928	0	-4.771509e-04	-2.840404e-05	1
2	rs145574797	96256308	0	-3.595956e-04	-2.136206e-05	1
2	rs145815500	97136780	0	-2.962192e-04	-1.773581e-05	1
2	rs1458585	97102854	0	3.601971e-04	2.112489e-05	1
2	rs145886511	96241058	0	-2.877539e-04	-1.722641e-05	1
2	rs146063982	96666439	0	-8.752358e-05	-5.186921e-06	1
2	rs146310052	97865157	0	1.071208e-04	6.152415e-06	1
2	rs146587505	97177727	0	5.021149e-04	3.022850e-05	1
2	rs146663992	97095772	0	1.176069e-04	7.022441e-06	1
2	rs146795629	97113386	0	-3.791481e-04	-2.260222e-05	1
2	rs146800800	96979336	0	-2.140701e-04	-1.262225e-05	1
2	rs146806856	97290448	0	5.164879e-04	3.100437e-05	1
2	rs146900333	96090491	0	-3.466272e-04	-2.060450e-05	1
2	rs147070070	97415741	0	-4.047202e-04	-2.436736e-05	1
2	rs147116541	97140573	0	-2.294116e-04	-1.362438e-05	1
2	rs147408728	96689460	0	-1.569091e-04	-9.363854e-06	1
2	rs147413903	96177936	0	-1.614023e-04	-9.505332e-06	1
2	rs147887564	96848082	0	5.543556e-04	3.355562e-05	1
2	rs147890593	97757347	0	1.071208e-04	6.152414e-06	1
2	rs147938160	96540749	0	-6.681120e-05	-3.901926e-06	1
2	rs148034879	96245997	0	-7.616418e-04	-4.650661e-05	1
2	rs148235025	96398596	0	-7.990842e-05	-4.754640e-06	1
2	rs148497457	96813150	0	-2.140701e-04	-1.262225e-05	1
2	rs148552067	96675497	0	-1.375710e-04	-8.118055e-06	1
2	rs148587694	97502634	0	7.489853e-05	4.449495e-06	1
2	rs148849801	97836470	0	-4.400344e-04	-2.323159e-05	1
2	rs148904587	96839081	0	3.124056e-04	1.856778e-05	1
2	rs148980086	96085655	0	-3.838018e-04	-2.271658e-05	1
2	rs149026780	97881612	0	1.071208e-04	6.152413e-06	1
2	rs149129321	96966273	0	-2.888173e-04	-1.711674e-05	1
2	rs149547324	97680369	0	-1.740519e-04	-1.017728e-05	1
2	rs149619171	96502367	0	-8.752358e-05	-5.186921e-06	1
2	rs149724409	96421042	0	-6.681120e-05	-3.901925e-06	1
2	rs149848831	96859656	0	3.625137e-04	2.183939e-05	1
2	rs149907687	97221719	0	2.262414e-04	1.325425e-05	1
2	rs149987796	97667474	0	-2.475727e-04	-1.463907e-05	1
2	rs150195180	96514492	0	2.571365e-04	1.365608e-05	1
2	rs150287453	96524205	0	-1.184767e-04	-6.917798e-06	1
2	rs150357746	97679337	0	1.071208e-04	6.152412e-06	1
2	rs150363943	96674324	0	-1.768757e-04	-1.039055e-05	1
2	rs150471479	96815524	0	-1.279535e-04	-7.568701e-06	1
2	rs150520153	97111029	0	3.601971e-04	2.112489e-05	1
2	rs150521427	97110664	0	8.849228e-05	4.574556e-06	1
2	rs150655650	96665201	0	2.477017e-04	1.299609e-05	1
2	rs150729474	97065906	0	-3.120674e-04	-1.872442e-05	1
2	rs151157387	97107312	0	1.820445e-04	1.075163e-05	1
2	rs151196928	96748054	0	5.684112e-04	3.439875e-05	1
2	rs1559483	95969879	0	-4.676029e-04	-2.521054e-05	1
2	rs1585272	97161749	0	-2.029377e-05	-1.077583e-06	1
2	rs1623881	97613748	0	-1.170966e-04	-6.317155e-06	1
2	rs1624170	97676497	0	-2.086403e-04	-1.156948e-05	1
2	rs1624844	97613616	0	7.069883e-06	3.893031e-07	1
2	rs1657502	96795608	0	6.657035e-04	3.605300e-05	1
2	rs17119362	96861041	0	6.680500e-05	3.964257e-06	1
2	rs17119507	97219047	0	-1.532058e-04	-9.014939e-06	1
2	rs17119523	97260006	0	-1.541611e-04	-9.104264e-06	1
2	rs17119562	97381844	0	-6.184012e-05	-3.585296e-06	1
2	rs17119564	97384728	0	-6.184012e-05	-3.585296e-06	1
2	rs17119591	97435557	0	-6.184012e-05	-3.585296e-06	1
2	rs17119598	97486315	0	7.779939e-06	4.477250e-07	1
2	rs17119615	96817011	0	5.913456e-04	3.356918e-05	1
2	rs17119627	96820847	0	-1.384567e-04	-8.213263e-06	1
2	rs17119643	97553300	0	3.059577e-04	1.802120e-05	1
2	rs17119645	97553909	0	1.891392e-04	1.112180e-05	1
2	rs17119655	97577495	0	4.637343e-05	2.590608e-06	1
2	rs17119656	97578329	0	-1.468121e-04	-8.224667e-06	1
2	rs17119922	96380253	0	-9.567788e-05	-5.693103e-06	1
2	rs1724120	96809331	0	1.182850e-03	6.694124e-05	1
2	rs1724121	96808549	0	7.059772e-04	3.829132e-05	1
2	rs1724125	96831355	0	9.064356e-04	5.038108e-05	1
2	rs1730105	97701659	0	-2.829399e-04	-1.607686e-05	1
2	rs1730106	97674463	0	-2.086403e-04	-1.156948e-05	1
2	rs1730119	97638713	0	-1.469241e-04	-8.064415e-06	1
2	rs1730120	97638038	0	-1.469241e-04	-8.064414e-06	1
2	rs1730122	97630540	0	-2.212545e-04	-1.233961e-05	1
2	rs1730123	97629704	0	-1.994953e-04	-1.100942e-05	1
2	rs1730124	97629673	0	-1.994953e-04	-1.100941e-05	1
2	rs1730126	97622920	0	-1.032175e-04	-5.563025e-06	1
2	rs1730127	97622408	0	-2.024478e-05	-1.051378e-06	1
2	rs1730128	97619913	0	-1.032175e-04	-5.563022e-06	1
2	rs1730129	97619682	0	-1.032175e-04	-5.563020e-06	1
2	rs1730130	97618572	0	-1.032175e-04	-5.563019e-06	1
2	rs1730131	97617924	0	-6.938177e-05	-3.736829e-06	1
2	rs17419569	96868081	0	6.680500e-05	3.964258e-06	1
2	rs17420101	96959616	0	-1.546976e-03	-9.606777e-05	1
2	rs17479466	96962859	0	-1.547874e-03	-9.624371e-05	1
2	rs17633463	97016334	0	-5.313139e-04	-2.893896e-05	1
2	rs17634791	97328852	0	5.801943e-04	3.088931e-05	1
2	rs17635425	97486461	0	2.849320e-04	1.672139e-05	1
2	rs17685664	97315570	0	2.508466e-04	1.334190e-05	1
2	rs17685766	97319534	0	3.018599e-04	1.604712e-05	1
2	rs1796027	97618166	0	-1.032175e-04	-5.563020e-06	1
2	rs1796028	97618953	0	-1.032175e-04	-5.563018e-06	1
2	rs1796029	97629250	0	-1.109671e-04	-6.195412e-06	1
2	rs1796032	97628540	0	-1.994953e-04	-1.100941e-05	1
2	rs1796036	97677631	0	-2.086403e-04	-1.156947e-05	1
2	rs1796038	97674168	0	-2.086403e-04	-1.156947e-05	1
2	rs1796041	97627260	0	-1.874187e-04	-1.045536e-05	1
2	rs1796044	97623109	0	-1.032175e-04	-5.563013e-06	1
2	rs1796045	97623010	0	-1.032175e-04	-5.563011e-06	1
2	rs1796046	97621998	0	2.985921e-05	1.619443e-06	1
2	rs1796047	97621763	0	-1.032175e-04	-5.563009e-06	1
2	rs1796049	97645785	0	-2.564125e-04	-1.425034e-05	1
2	rs1796056	97669253	0	-2.884462e-04	-1.606177e-05	1
2	rs180689708	96251344	0	5.718839e-04	3.438654e-05	1
2	rs180704486	97886049	0	-5.093992e-04	-3.037116e-05	1
2	rs1808357	96421425	0	-7.101540e-04	-4.071342e-05	1
2	rs180921462	96559228	0	-8.752358e-05	-5.186921e-06	1
2	rs1813381	96422939	0	1.215272e-04	6.422608e-06	1
2	rs181346457	97568071	0	3.151543e-04	1.864276e-05	1
2	rs182144928	96540871	0	-6.681120e-05	-3.901926e-06	1
2	rs182251407	97051583	0	2.313870e-04	1.377796e-05	1
2	rs182390914	97471817	0	-2.627740e-04	-1.545867e-05	1
2	rs183345273	97611011	0	-4.260552e-04	-2.536687e-05	1
2	rs1834135	96244225	0	7.052330e-04	3.808268e-05	1
2	rs183529337	97024420	0	1.461464e-04	8.719062e-06	1
2	rs183743021	97283676	0	-2.602561e-05	-1.546347e-06	1
2	rs183861116	96514399	0	-8.752358e-05	-5.186920e-06	1
2	rs184022879	97602087	0	-1.091806e-04	-6.417938e-06	1
2	rs184965217	96667210	0	-4.566161e-04	-2.770647e-05	1
2	rs185011007	96614558	0	-1.768757e-04	-1.039055e-05	1
2	rs185085410	96309691	0	4.387324e-04	2.643638e-05	1
2	rs185435411	97109169	0	3.601971e-04	2.112489e-05	1
2	rs185801119	96013844	0	2.032189e-04	1.212652e-05	1
2	rs186057765	96469586	0	-2.004426e-04	-1.199310e-05	1
2	rs1862896	96184423	0	5.233867e-05	3.019677e-06	1
2	rs1862897	96015741	0	-6.955807e-04	-3.817502e-05	1
2	rs186291726	96618679	0	3.693474e-04	2.195329e-05	1
2	rs186350083	96518508	0	-2.312832e-04	-1.371822e-05	1
2	rs186412693	95991565	0	-3.793846e-04	-2.253435e-05	1
2	rs1866444	97172125	0	-2.273913e-04	-1.189447e-05	1
2	rs1866445	97203224	0	-1.041770e-04	-6.157103e-06	1
2	rs186780297	96650513	0	3.011903e-04	1.796041e-05	1
2	rs186870869	97840906	0	7.000548e-05	3.949822e-06	1
2	rs1870340	97116953	0	3.374078e-04	1.974273e-05	1
2	rs187088133	97568815	0	3.151543e-04	1.864276e-05	1
2	rs187218462	97344414	0	-8.508352e-05	-5.078669e-06	1
2	rs187224440	95990060	0	5.114893e-05	3.049179e-06	1
2	rs188288420	97127087	0	2.108087e-04	1.118391e-05	1
2	rs188895880	96872350	0	2.629486e-05	1.557781e-06	1
2	rs189183467	97852182	0	2.811727e-04	1.670265e-05	1
2	rs189877528	96546352	0	1.840287e-04	1.089713e-05	1
2	rs189973985	96995981	6	-1.700213e-04	-1.012098e-05	1
2	rs190044388	97571480	0	3.151543e-04	1.864276e-05	1
2	rs1901501	97862260	1	-2.123220e-04	-1.198476e-05	1
2	rs190242046	96559773	1	-1.035150e-04	-6.105226e-06	1
2	rs190540477	97109170	0	3.601971e-04	2.112489e-05	1
2	rs190807904	97640634	0	-1.740877e-05	-1.034513e-06	1
2	rs190938866	96498944	0	-1.854439e-04	-1.100691e-05	1
2	rs191678423	97779191	0	1.071208e-04	6.152417e-06	1
2	rs1917890	96672001	0	3.704407e-04	1.952422e-05	1
2	rs192379875	97455618	0	-3.126032e-04	-1.865507e-05	1
2	rs192435541	97072336	0	-2.335958e-05	-1.389477e-06	1
2	rs192443593	96044290	0	4.804777e-05	2.853943e-06	1
2	rs192641946	96996885	4	2.410433e-04	1.437868e-05	1
2	rs192942946	96561777	0	-1.375710e-04	-8.118054e-06	1
2	rs1963366	95969027	0	1.678427e-04	9.940445e-06	1
2	rs1964284	96424999	0	4.681844e-04	2.514593e-05	1
2	rs1971209	97876010	0	-1.248556e-04	-7.052641e-06	1
2	rs1973839	96434042	0	5.931353e-04	3.231910e-05	1
2	rs1974770	96468824	0	4.746202e-04	2.556807e-05	1
2	rs1974909	96241051	0	-5.058819e-04	-2.939633e-05	1
2	rs199588513	96439808	0	-1.086273e-04	-6.414795e-06	1
2	rs1997257	96429625	0	1.557215e-04	8.279036e-06	1
2	rs199858869	96720524	0	-1.095260e-04	-6.451700e-06	1
2	rs199961979	96262501	0	6.836015e-04	3.634372e-05	1
2	rs199969223	96563039	1	-1.408564e-04	-8.379532e-06	1
2	rs200216326	97050159	0	-8.697867e-04	-4.874815e-05	1
2	rs200518446	96563454	0	3.548140e-05	2.061355e-06	1
2	rs200535656	96605513	0	3.821522e-05	2.265122e-06	1
2	rs2005613	96423982	0	-5.080931e-04	-2.812338e-05	1
2	rs200765455	97783831	0	1.071208e-04	6.152419e-06	1
2	rs2008501	96233960	0	-9.567788e-05	-5.693100e-06	1
2	rs201034738	97126953	0	3.041345e-04	1.801009e-05	1
2	rs2010379	96180093	0	5.073805e-04	2.693004e-05	1
2	rs2016759	96841648	0	3.540131e-05	1.936311e-06	1
2	rs202014239	96573549	0	-1.375710e-04	-8.118051e-06	1
2	rs202139028	96685900	0	-1.095260e-04	-6.451699e-06	1
2	rs2042477	96000943	0	-6.955807e-04	-3.817500e-05	1
2	rs2059313	96207952	0	1.418957e-04	7.398076e-06	1
2	rs2059314	96006995	0	3.559667e-04	1.849254e-05	1
2	rs2060828	97782995	0	-3.616528e-04	-1.901678e-05	1
2	rs2083276	97103762	0	4.798214e-05	2.483484e-06	1
2	rs2085842	97052508	0	-8.697867e-04	-4.874814e-05	1
2	rs2099674	97104134	0	3.374078e-04	1.974273e-05	1
2	rs2099675	97104123	0	2.172445e-04	1.156101e-05	1
2	rs2113412	96235906	0	1.062323e-04	6.128557e-06	1
2	rs2113417	95999856	0	-6.955807e-04	-3.817499e-05	1
2	rs2113418	95988849	0	-2.915625e-05	-1.501993e-06	1
2	rs2113419	96033635	0	5.680297e-04	3.188510e-05	1
2	rs2118837	97139171	0	8.247005e-05	4.840414e-06	1
2	rs2139406	97366779	0	2.536358e-06	1.410884e-07	1
2	rs2140938	96751395	0	5.582095e-04	2.989057e-05	1
2	rs2161066	96477028	0	-7.037182e-04	-4.030481e-05	1
2	rs2193883	96385848	0	8.395657e-05	4.862687e-06	1
2	rs2216793	96196322	0	5.956700e-04	3.182479e-05	1
2	rs2229169	96780716	0	-8.584442e-04	-4.750943e-05	1
2	rs2252697	96778190	0	-5.912312e-04	-3.181453e-05	1
2	rs2257527	96430500	0	-6.263097e-04	-3.798176e-05	1
2	rs2271893	97405440	0	-2.957160e-04	-1.582642e-05	1
2	rs2276649	96971409	0	-1.139588e-03	-6.600757e-05	1
2	rs2276650	96861159	0	2.864834e-04	1.590717e-05	1
2	rs2276654	97492479	0	7.779939e-06	4.477429e-07	1
2	rs2278067	95955680	0	4.087739e-04	2.113847e-05	1
2	rs2278563	97212693	0	3.348270e-04	1.809353e-05	1
2	rs2278564	96688990	0	-3.323410e-04	-1.940306e-05	1
2	rs2279105	96993757	0	-9.243194e-04	-5.211378e-05	1
2	rs2280355	97366303	0	-3.535860e-04	-1.912230e-05	1
2	rs2280356	97366324	0	6.536063e-05	3.725825e-06	1
2	rs2292939	97365213	0	-1.209154e-04	-7.120823e-06	1
2	rs2292942	97336089	0	2.188811e-04	1.281917e-05	1
2	rs2293544	96603129	0	-7.834323e-06	-4.588989e-07	1
2	rs2301707	96931846	0	6.841219e-04	3.702898e-05	1
2	rs2305935	97030247	0	-8.697867e-04	-4.874809e-05	1
2	rs2312955	96777168	0	-7.824451e-04	-4.298266e-05	1
2	rs2312990	97134027	0	3.601971e-04	2.112489e-05	1
2	rs2312991	97133947	0	3.601971e-04	2.112489e-05	1
2	rs2314109	97243532	0	-2.232697e-04	-1.173114e-05	1
2	rs2314397	97336979	0	1.313958e-04	6.870915e-06	1
2	rs2314398	97413488	0	-3.193320e-04	-1.706302e-05	1
2	rs2314399	97442390	0	1.039674e-04	6.010917e-06	1
2	rs2314650	97564284	0	1.538205e-04	8.333465e-06	1
2	rs2314651	97552912	0	8.633245e-05	4.783739e-06	1
2	rs2314652	97552627	0	-1.153920e-04	-5.941128e-06	1
2	rs2314653	97552614	0	-2.139272e-05	-1.090746e-06	1
2	rs2315416	96558477	0	4.051801e-04	2.173710e-05	1
2	rs2315417	96500289	0	2.002996e-04	1.066835e-05	1
2	rs2315517	96363789	0	3.731298e-05	2.165543e-06	1
2	rs2315667	96465201	0	-8.423415e-04	-4.914093e-05	1
2	rs2315668	96429562	0	4.746202e-04	2.556798e-05	1
2	rs2315669	96429551	0	4.746202e-04	2.556797e-05	1
2	rs2320170	96239773	0	7.052330e-04	3.808254e-05	1
2	rs2320339	95950045	0	-5.987367e-04	-3.286550e-05	1
2	rs2320431	96024876	0	3.184997e-04	1.766753e-05	1
2	rs2320433	96057011	0	1.515995e-04	7.913348e-06	1
2	rs2438709	97199694	0	-2.293412e-06	-1.246851e-07	1
2	rs2438711	97214601	0	-1.041770e-04	-6.157101e-06	1
2	rs2438712	97219710	0	1.153287e-06	4.601591e-08	1
2	rs2438924	96645069	0	2.196567e-04	1.150253e-05	1
2	rs2438972	96690873	0	3.839659e-04	2.041740e-05	1
2	rs2442162	97773699	0	-1.430797e-04	-8.079090e-06	1
2	rs2443892	97802319	0	-1.248556e-04	-7.052655e-06	1
2	rs2443909	97797486	0	-4.400344e-04	-2.323162e-05	1
2	rs2463560	96595589	1	2.830127e-04	1.489034e-05	1
2	rs2463903	97700870	2	-6.047255e-04	-3.204677e-05	1
2	rs2464914	97179828	0	1.305575e-04	6.801005e-06	1
2	rs2464915	97211467	0	-5.404322e-05	-2.813266e-06	1
2	rs2544478	96433494	0	-2.555408e-04	-1.509340e-05	1
2	rs2551307	96083215	0	3.683052e-04	1.931091e-05	1
2	rs2576437	96800417	0	6.969872e-04	3.787845e-05	1
2	rs2579498	97231885	0	1.153287e-06	4.599719e-08	1
2	rs2579499	97232656	0	-1.313958e-04	-6.870952e-06	1
2	rs2579500	97201682	0	-9.451663e-05	-4.907712e-06	1
2	rs2579501	97199251	0	-1.737738e-04	-9.055768e-06	1
2	rs2579502	97198800	0	1.856130e-04	9.727058e-06	1
2	rs2579503	97176634	0	-1.868812e-04	-9.765360e-06	1
2	rs2579505	97167962	0	2.057130e-04	1.072914e-05	1
2	rs2579506	97207321	0	9.301083e-05	4.812587e-06	1
2	rs2579515	96686723	0	5.473164e-04	2.941944e-05	1
2	rs2579516	96684876	0	-3.268313e-04	-1.921754e-05	1
2	rs2579517	96679384	0	5.473164e-04	2.941943e-05	1
2	rs2579518	96675259	0	4.245774e-04	2.268070e-05	1
2	rs2579519	96675166	0	2.987106e-04	1.581882e-05	1
2	rs2579520	96660300	0	2.477017e-04	1.299587e-05	1
2	rs2579548	96744212	0	6.027223e-04	3.246939e-05	1
2	rs2579549	96742833	0	4.961784e-04	2.651396e-05	1
2	rs2579550	96741944	0	4.961784e-04	2.651395e-05	1
2	rs2579551	96738585	0	-7.674159e-04	-4.445592e-05	1
2	rs2579552	96737083	0	4.961784e-04	2.651394e-05	1
2	rs2692893	96756547	0	4.291921e-04	2.282052e-05	1
2	rs2692894	96784934	0	-8.333780e-04	-4.595276e-05	1
2	rs2692906	96430629	0	-1.859697e-04	-1.081135e-05	1
2	rs2692934	96737860	0	5.251221e-04	2.810927e-05	1
2	rs2692936	96745729	0	4.961784e-04	2.651391e-05	1
2	rs2692937	96751871	0	4.961784e-04	2.651391e-05	1
2	rs2692938	96753149	0	-5.653550e-04	-3.162274e-05	1
2	rs2692947	96674116	0	-1.227215e-04	-6.453345e-06	1
2	rs2692948	96673565	0	4.125424e-04	2.208112e-05	1
2	rs2692950	96673524	0	3.704407e-04	1.952397e-05	1
2	rs2692954	96683378	0	5.473164e-04	2.941933e-05	1
2	rs2707304	97687366	0	-3.625535e-04	-2.031635e-05	1
2	rs2708975	97184160	0	-1.737738e-04	-9.055855e-06	1
2	rs2708977	97230074	0	1.722564e-04	9.018201e-06	1
2	rs2708978	97202243	0	1.856130e-04	9.727022e-06	1
2	rs28404646	97882648	0	4.577196e-04	2.493755e-05	1
2	rs28603323	97166743	0	2.394632e-04	1.406021e-05	1
2	rs28612110	97567628	0	1.631430e-04	8.753937e-06	1
2	rs28687044	97558360	0	-2.578837e-04	-1.386634e-05	1
2	rs2872313	97012308	0	5.255872e-05	3.094846e-06	1
2	rs2872633	97366599	0	4.029370e-06	2.341207e-07	1
2	rs2872686	97601024	0	5.005742e-04	2.736616e-05	1
2	rs28795241	97122120	0	3.601971e-04	2.112490e-05	1
2	rs28833028	96665281	0	3.704407e-04	1.952395e-05	1
2	rs28839187	97886879	0	3.044744e-04	1.773504e-05	1
2	rs29000576	96779043	0	-8.744339e-05	-5.175918e-06	1
2	rs29000579	96776888	0	-1.844899e-04	-1.097124e-05	1
2	rs2917662	96794957	0	8.333780e-04	4.595270e-05	1
2	rs2918816	96661401	0	3.704407e-04	1.952394e-05	1
2	rs2918910	96597007	1	2.830127e-04	1.489020e-05	1
2	rs2918916	96736568	0	5.393276e-04	2.895644e-05	1
2	rs2918929	96683857	0	5.473164e-04	2.941929e-05	1
2	rs2923985	97812676	0	-4.400344e-04	-2.323166e-05	1
2	rs2949885	96662415	0	3.704407e-04	1.952392e-05	1
2	rs2969473	96689334	0	2.372634e-04	1.260114e-05	1
2	rs2969475	96685021	0	4.268605e-04	2.276418e-05	1
2	rs2969477	96677466	0	5.473164e-04	2.941927e-05	1
2	rs2969478	96675306	0	-3.268313e-04	-1.921755e-05	1
2	rs2969489	96811434	0	1.101983e-03	6.170668e-05	1
2	rs2969490	96803904	0	7.487202e-04	4.084984e-05	1
2	rs2969491	96794982	0	8.333780e-04	4.595263e-05	1
2	rs3111873	96781986	0	-8.561674e-04	-4.731565e-05	1
2	rs3171927	96952833	0	-1.080612e-03	-6.259791e-05	1
2	rs3214063	96943473	0	-1.501774e-03	-9.235206e-05	1
2	rs34010054	96334690	0	6.487715e-04	3.789408e-05	1
2	rs34029026	97250042	0	-4.056579e-04	-2.149166e-05	1
2	rs34119529	96210459	0	4.334984e-05	2.289313e-06	1
2	rs34152169	97826852	0	-8.121835e-04	-4.781885e-05	1
2	rs34185860	96043191	0	-1.107476e-04	-6.544961e-06	1
2	rs34367982	97070174	0	-2.556110e-04	-1.511086e-05	1
2	rs34434950	97642214	0	-3.089837e-04	-1.728074e-05	1
2	rs34448650	96214949	0	6.487715e-04	3.789408e-05	1
2	rs34639392	96508976	0	3.238362e-04	1.730575e-05	1
2	rs34811744	96367067	0	-1.107476e-04	-6.544960e-06	1
2	rs34930820	97387361	0	-2.806682e-04	-1.667677e-05	1
2	rs35034822	95944632	0	-1.361614e-04	-8.019657e-06	1
2	rs35056623	96545293	0	-1.788421e-04	-1.054983e-05	1
2	rs35071802	97402064	0	-2.760708e-04	-1.470268e-05	1
2	rs35256168	96185714	0	1.510462e-04	7.944164e-06	1
2	rs35460642	97682465	0	-4.260552e-04	-2.536684e-05	1
2	rs35466766	96016657	0	-1.829511e-04	-1.083253e-05	1
2	rs35479416	97795701	0	-4.774027e-04	-2.526097e-05	1
2	rs35608744	97668022	0	3.928312e-04	2.195432e-05	1
2	rs35684682	96425099	0	-7.811517e-04	-4.313284e-05	1
2	rs35701303	97812713	0	-4.400344e-04	-2.323166e-05	1
2	rs35711624	96365890	0	-2.302889e-04	-1.369641e-05	1
2	rs35715176	97271090	0	1.958020e-04	1.164588e-05	1
2	rs35738525	97147587	0	3.455687e-05	1.911459e-06	1
2	rs35836525	97601693	0	-6.634281e-05	-3.897923e-06	1
2	rs35965387	97812504	0	-4.400344e-04	-2.323166e-05	1
2	rs35989305	96341433	0	2.369736e-04	1.247282e-05	1
2	rs36087694	96212699	0	8.825785e-05	4.656791e-06	1
2	rs368296706	96597307	0	-1.198532e-04	-7.088624e-06	1
2	rs369303397	96692193	0	-1.095260e-04	-6.451690e-06	1
2	rs370090107	96523401	0	-2.714222e-04	-1.603299e-05	1
2	rs371784783	96250122	0	-1.233387e-05	-7.324467e-07	1
2	rs372625168	96525006	0	3.466572e-04	2.068913e-05	1
2	rs372754140	97840704	1	-4.352641e-05	-2.577314e-06	1
2	rs372786528	96072382	0	-2.877539e-04	-1.722642e-05	1
2	rs3731930	96966661	0	-1.500875e-03	-9.217449e-05	1
2	rs3731935	97020049	0	-6.445464e-04	-3.561528e-05	1
2	rs3731936	97020170	0	-6.445464e-04	-3.561527e-05	1
2	rs3731937	97166296	0	2.298869e-04	1.350992e-05	1
2	rs3731938	97166204	0	1.209812e-04	6.288019e-06	1
2	rs3731939	97164943	0	2.070976e-04	1.211041e-05	1
2	rs3731940	97377883	0	1.798585e-04	1.047519e-05	1
2	rs3731941	97476219	0	7.779939e-06	4.477821e-07	1
2	rs373518598	96624998	0	1.302024e-04	7.767566e-06	1
2	rs373828429	96441589	0	-1.086273e-04	-6.414788e-06	1
2	rs373857411	96620365	0	-8.752358e-05	-5.186913e-06	1
2	rs375208412	97050189	0	-3.791481e-04	-2.260218e-05	1
2	rs3755518	96023631	0	3.280760e-04	1.819780e-05	1
2	rs3755519	95989272	0	-4.598592e-04	-2.471328e-05	1
2	rs3755520	95985231	0	-4.918929e-04	-2.648856e-05	1
2	rs3755521	95983226	0	-4.996367e-04	-2.699352e-05	1
2	rs3755523	95974818	0	-4.900604e-04	-2.645651e-05	1
2	rs3755525	95962548	0	-3.918609e-04	-2.103394e-05	1
2	rs376153430	96717484	0	-1.227390e-04	-7.213552e-06	1
2	rs3772031	96014891	0	-6.635470e-04	-3.630822e-05	1
2	rs3772032	96014132	0	-6.635470e-04	-3.630822e-05	1
2	rs3772033	96013828	0	-6.635470e-04	-3.630821e-05	1
2	rs3772034	95989766	0	-4.918929e-04	-2.648853e-05	1
2	rs3772037	95988592	0	-3.962028e-04	-2.121398e-05	1
2	rs3772041	95972707	0	-4.958445e-04	-2.678405e-05	1
2	rs3772042	95970952	0	-4.676029e-04	-2.521033e-05	1
2	rs3772043	95966744	0	-5.609395e-04	-3.045359e-05	1
2	rs3772044	95966046	0	-7.201256e-04	-3.975098e-05	1
2	rs3813663	96365518	0	5.155050e-04	2.738725e-05	1
2	rs3821051	96912787	0	8.429437e-04	4.649914e-05	1
2	rs3821340	96023664	0	3.521098e-04	1.816784e-05	1
2	rs3821341	95995954	0	-5.518845e-04	-2.983761e-05	1
2	rs3842882	96422745	0	-7.101540e-04	-4.071352e-05	1
2	rs3852673	96919642	0	3.054998e-05	1.684411e-06	1
2	rs3855809	97751849	0	-5.041318e-05	-2.984821e-06	1
2	rs3855810	96424244	0	4.681844e-04	2.514552e-05	1
2	rs3866290	96081230	0	6.334164e-04	3.393468e-05	1
2	rs3901108	96430275	0	-8.752358e-05	-5.186911e-06	1
2	rs3903548	97591670	0	1.800727e-04	1.054273e-05	1
2	rs3915894	96433984	0	3.693474e-04	2.195325e-05	1
2	rs3926004	97870317	0	-3.364058e-04	-1.775548e-05	1
2	rs3926005	97870339	1	-3.616480e-04	-1.911924e-05	1
2	rs3927071	97735043	2	-3.128837e-04	-1.625645e-05	1
2	rs3929206	97816821	0	-1.003270e-04	-5.596105e-06	1
2	rs3968756	96430270	0	4.746202e-04	2.556767e-05	1
2	rs4062840	96430046	0	4.746202e-04	2.556767e-05	1
2	rs4062891	96343854	0	6.277038e-04	3.361151e-05	1
2	rs4062960	96472449	0	3.693474e-04	2.195325e-05	1
2	rs4062989	96481071	0	4.746202e-04	2.556766e-05	1
2	rs4063021	96501762	0	3.238362e-04	1.730568e-05	1
2	rs4063406	97782007	0	-4.400344e-04	-2.323166e-05	1
2	rs4077343	97490752	0	1.664055e-04	9.497081e-06	1
2	rs4092199	97860043	1	-4.657355e-04	-2.463809e-05	1
2	rs4096918	96417608	0	-1.086273e-04	-6.414785e-06	1
2	rs4101913	97825361	0	-7.139409e-04	-3.840135e-05	1
2	rs41286594	97465384	0	-1.926196e-04	-1.143608e-05	1
2	rs41320144	96798305	0	-8.744339e-05	-5.175917e-06	1
2	rs4144055	96647856	0	4.223468e-04	2.237476e-05	1
2	rs4146062	96561406	0	-9.596089e-05	-5.657973e-06	1
2	rs4146063	96561651	1	-1.341289e-04	-7.914431e-06	1
2	rs4243787	96388762	0	9.738764e-04	5.608460e-05	1
2	rs4260285	97570081	0	9.819506e-05	5.457270e-06	1
2	rs4283455	95999215	0	-6.635470e-04	-3.630815e-05	1
2	rs4299372	96256261	0	6.373320e-04	3.409113e-05	1
2	rs4328671	97884763	0	5.197507e-04	2.835560e-05	1
2	rs4332959	96549121	0	1.936338e-04	1.028514e-05	1
2	rs4352265	96528657	0	-4.763907e-05	-2.822328e-06	1
2	rs4366944	97628047	0	-1.994953e-04	-1.100944e-05	1
2	rs4371393	96903360	0	-1.373509e-04	-7.517300e-06	1
2	rs4375909	97878195	1	-5.838740e-04	-3.193032e-05	1
2	rs4386366	97126685	0	2.172445e-04	1.156068e-05	1
2	rs4386368	97814956	0	-6.140864e-04	-3.311938e-05	1
2	rs4426565	97051981	0	2.849704e-04	1.565365e-05	1
2	rs4435501	96981369	0	3.086015e-04	1.769445e-05	1
2	rs4473423	97515830	0	6.731223e-05	3.873472e-06	1
2	rs4524160	97871442	0	-3.364058e-04	-1.775546e-05	1
2	rs4527246	96560303	0	2.874805e-04	1.529342e-05	1
2	rs4530406	97860223	1	-1.921692e-04	-1.075512e-05	1
2	rs4535082	97861636	0	-1.248556e-04	-7.052661e-06	1
2	rs4544484	96630528	0	-8.242692e-04	-4.544672e-05	1
2	rs4577322	97862656	0	-5.197507e-04	-2.835559e-05	1
2	rs4586672	97628231	0	-1.994953e-04	-1.100944e-05	1
2	rs4592891	96878667	0	3.054998e-05	1.684424e-06	1
2	rs4599158	97721714	0	3.514497e-04	1.978582e-05	1
2	rs4605406	96583735	1	5.530193e-04	2.996664e-05	1
2	rs4611680	96632533	0	-8.063053e-04	-4.670150e-05	1
2	rs4613327	96583823	3	5.771580e-04	3.136494e-05	1
2	rs4613328	96631964	0	-1.389665e-04	-7.524770e-06	1
2	rs4619650	97088240	0	2.313870e-04	1.377790e-05	1
2	rs4619651	97416153	0	-3.193320e-04	-1.706321e-05	1
2	rs4645037	97887987	0	9.930274e-05	5.578540e-06	1
2	rs4826	96850885	0	1.606308e-06	9.894493e-08	1
2	rs4854213	96089946	0	6.120321e-04	3.259180e-05	1
2	rs4854251	96037247	0	6.000635e-04	3.378615e-05	1
2	rs4854253	96056112	0	5.473025e-04	2.915742e-05	1
2	rs4854256	96089945	0	6.120321e-04	3.259179e-05	1
2	rs4907200	97320737	0	-1.153287e-06	-4.574662e-08	1
2	rs4907202	96156177	0	5.956700e-04	3.182435e-05	1
2	rs4907203	97556543	0	-2.578837e-04	-1.386633e-05	1
2	rs4907204	97558105	0	-2.578837e-04	-1.386633e-05	1
2	rs4907205	97558150	0	-2.578837e-04	-1.386633e-05	1
2	rs4907206	97560913	0	-3.175634e-04	-1.712457e-05	1
2	rs4907208	96157309	0	6.277038e-04	3.361142e-05	1
2	rs4907212	96410048	0	3.463441e-04	1.847732e-05	1
2	rs4907217	96544119	0	4.746202e-04	2.556757e-05	1
2	rs4907218	96553772	1	2.598118e-04	1.389121e-05	1
2	rs4907219	96562873	1	6.385354e-04	3.479786e-05	1
2	rs4907222	96576595	2	5.230886e-04	2.829492e-05	1
2	rs4907224	96576609	2	5.230886e-04	2.829491e-05	1
2	rs4907225	96576670	1	5.334598e-04	2.878906e-05	1
2	rs4907226	96652017	0	3.704407e-04	1.952368e-05	1
2	rs4907230	96855241	0	6.841219e-04	3.702850e-05	1
2	rs4907231	96969543	0	-1.322415e-03	-7.823744e-05	1
2	rs4907232	96983112	0	-5.040564e-04	-2.754193e-05	1
2	rs4907233	97053119	0	-8.997038e-04	-5.060835e-05	1
2	rs4907234	97112939	0	-4.714156e-04	-2.536868e-05	1
2	rs4907236	97187605	0	1.057459e-04	5.670234e-06	1
2	rs4907237	97190497	0	2.203380e-04	1.189370e-05	1
2	rs4907238	97197195	0	5.859433e-04	3.171678e-05	1
2	rs4907240	97228039	0	1.796938e-04	9.661595e-06	1
2	rs4907241	97241928	0	1.796938e-04	9.661597e-06	1
2	rs4907242	97273113	0	2.002823e-04	1.077341e-05	1
2	rs4907246	97326286	0	2.106991e-04	1.133755e-05	1
2	rs4907254	97549668	0	-3.497970e-04	-1.805678e-05	1
2	rs4907256	97554581	0	-2.578837e-04	-1.386631e-05	1
2	rs4907257	97554615	0	-2.578837e-04	-1.386631e-05	1
2	rs4907258	97554706	0	-2.578837e-04	-1.386631e-05	1
2	rs4907259	97555920	0	-2.578837e-04	-1.386631e-05	1
2	rs4907260	97556272	0	-2.578837e-04	-1.386631e-05	1
2	rs4907262	97576854	0	-6.611696e-05	-3.716665e-06	1
2	rs4907272	96321830	0	6.199620e-04	3.325414e-05	1
2	rs4907273	96322801	0	6.199620e-04	3.325414e-05	1
2	rs4907274	96363682	0	5.339782e-04	2.838056e-05	1
2	rs4907275	96384577	0	3.217104e-04	1.912456e-05	1
2	rs4907276	96391109	0	8.280169e-04	4.587998e-05	1
2	rs4907278	96392196	0	6.765520e-04	3.696403e-05	1
2	rs4907279	96399968	0	4.619303e-04	2.478207e-05	1
2	rs4907280	96402126	0	4.681844e-04	2.514531e-05	1
2	rs4907282	96518022	0	3.238362e-04	1.730551e-05	1
2	rs4907288	96614212	0	3.490630e-04	1.928243e-05	1
2	rs4907291	96654605	0	2.477017e-04	1.299547e-05	1
2	rs4907292	96664144	0	-8.063053e-04	-4.670155e-05	1
2	rs4907299	96780122	0	1.120786e-03	6.426183e-05	1
2	rs4907301	96836512	0	-1.521232e-03	-1.003513e-04	1
2	rs4907302	96217197	0	7.052330e-04	3.808203e-05	1
2	rs4907303	96217234	0	7.052330e-04	3.808202e-05	1
2	rs4907304	96898296	0	-4.547650e-04	-2.525900e-05	1
2	rs4907307	96925269	0	-1.472830e-03	-8.998883e-05	1
2	rs4907308	96927965	0	-1.224318e-03	-7.158055e-05	1
2	rs4907309	96936254	0	-1.289942e-03	-7.664165e-05	1
2	rs4907310	96980113	0	-9.252181e-04	-5.220984e-05	1
2	rs4907311	97011362	0	-7.664209e-04	-4.235399e-05	1
2	rs4907312	97033940	0	-9.633504e-04	-5.460148e-05	1
2	rs4907318	97108265	0	8.849228e-05	4.574363e-06	1
2	rs4907319	97138525	0	-1.338361e-04	-7.118374e-06	1
2	rs55674661	97473929	0	3.838561e-04	2.108697e-05	1
2	rs55684901	96544464	0	-7.020797e-05	-4.168499e-06	1
2	rs55687728	97201026	0	1.958020e-04	1.164588e-05	1
2	rs55693512	97687102	0	2.356739e-04	1.311684e-05	1
2	rs55695015	96501763	0	-8.752358e-05	-5.186905e-06	1
2	rs55698638	97219692	0	-5.703397e-05	-3.408736e-06	1
2	rs55716397	97201265	0	2.403619e-04	1.414817e-05	1
2	rs55821308	96682985	0	-8.752358e-05	-5.186905e-06	1
2	rs55862224	96727959	0	-8.058228e-05	-4.750685e-06	1
2	rs55908923	96788107	0	-1.279535e-04	-7.568689e-06	1
2	rs55982351	97162780	0	-3.179325e-04	-1.902844e-05	1
2	rs56025514	97200810	0	4.544567e-04	2.719587e-05	1
2	rs56027554	97058660	0	-9.561531e-04	-5.415521e-05	1
2	rs56051127	97839613	0	-2.718187e-04	-1.419264e-05	1
2	rs56088823	96793024	0	4.903516e-04	2.760844e-05	1
2	rs56092602	97206932	0	-2.025597e-04	-1.058429e-05	1
2	rs56159881	97864288	0	-3.684396e-04	-1.953040e-05	1
2	rs56192525	96475760	0	-8.752358e-05	-5.186905e-06	1
2	rs56221936	97058485	0	-7.463827e-04	-4.117642e-05	1
2	rs56223017	97629848	0	8.140537e-05	4.825806e-06	1
2	rs56229635	96855331	0	-3.290340e-04	-1.962157e-05	1
2	rs56284608	97044781	0	-4.343059e-04	-2.601922e-05	1
2	rs56285541	95974982	0	-9.764686e-05	-5.759792e-06	1
2	rs56289221	96839457	0	2.629486e-05	1.557794e-06	1
2	rs56351161	97373817	0	-3.377675e-04	-1.808042e-05	1
2	rs56361249	97380229	0	-1.627957e-04	-8.647970e-06	1
2	rs56402677	97822563	0	-4.761851e-04	-2.562572e-05	1
2	rs56786098	97808198	0	-1.534520e-04	-8.700234e-06	1
2	rs56791141	96587496	1	4.615978e-04	2.479538e-05	1
2	rs56797569	97413555	0	2.605036e-04	1.496576e-05	1
2	rs56800261	96942273	0	-1.500875e-03	-9.217416e-05	1
2	rs56807297	97861340	0	3.666798e-04	2.081263e-05	1
2	rs56847058	96406893	0	4.681844e-04	2.514525e-05	1
2	rs56913233	97405896	0	1.039674e-04	6.010980e-06	1
2	rs57035274	97608124	0	2.902487e-04	1.630886e-05	1
2	rs57185579	96684975	0	-1.375710e-04	-8.118032e-06	1
2	rs57251156	96886700	0	3.540131e-05	1.936555e-06	1
2	rs57273135	96482601	0	-1.375710e-04	-8.118032e-06	1
2	rs57352915	96670607	0	-1.227390e-04	-7.213538e-06	1
2	rs57397886	97592123	0	1.800727e-04	1.054274e-05	1
2	rs57406815	97012155	0	-8.856954e-04	-4.961070e-05	1
2	rs57476471	96902320	0	-1.373509e-04	-7.517183e-06	1
2	rs57579941	96336253	0	6.836184e-04	3.685766e-05	1
2	rs57582887	97406354	0	1.039674e-04	6.010981e-06	1
2	rs57674617	97101316	0	4.730932e-04	2.746881e-05	1
2	rs57675226	97560137	0	-2.788064e-04	-1.590997e-05	1
2	rs57729589	97559333	0	3.059577e-04	1.802125e-05	1
2	rs58147284	97508082	0	7.804428e-05	4.321664e-06	1
2	rs582014	97075826	0	1.776405e-04	9.259131e-06	1
2	rs58232717	97583683	0	6.698410e-05	3.947751e-06	1
2	rs58328293	97022495	0	-8.962744e-04	-5.037442e-05	1
2	rs58353777	97121784	0	3.601971e-04	2.112491e-05	1
2	rs58361269	97403110	0	-3.770599e-04	-2.025747e-05	1
2	rs583705	97068754	0	1.776405e-04	9.259132e-06	1
2	rs58372613	96048862	0	2.419302e-04	1.262445e-05	1
2	rs58446419	97539830	0	-2.808385e-04	-1.477458e-05	1
2	rs58447335	97591997	0	1.878245e-04	1.092717e-05	1
2	rs58448550	96880147	0	6.841219e-04	3.702835e-05	1
2	rs584811	97069879	0	1.049909e-03	5.915513e-05	1
2	rs585781	97088623	0	5.337582e-05	2.764086e-06	1
2	rs58610630	96025229	0	5.680297e-04	3.188476e-05	1
2	rs58719199	96578247	0	5.463153e-04	2.965152e-05	1
2	rs58730124	96413338	0	4.681844e-04	2.514521e-05	1
2	rs58751052	96745044	0	-5.947857e-05	-3.518912e-06	1
2	rs58913898	97114731	0	3.601971e-04	2.112491e-05	1
2	rs58984980	97570759	0	7.286114e-05	4.071266e-06	1
2	rs59021132	97318066	0	-8.342351e-06	-4.818603e-07	1
2	rs59033856	96603518	0	-3.358826e-05	-1.967750e-06	1
2	rs59073958	97352693	0	8.414955e-05	4.844209e-06	1
2	rs59076415	96393944	0	6.274390e-04	3.419065e-05	1
2	rs59082429	96839049	0	2.180717e-04	1.200260e-05	1
2	rs59118112	97226310	0	-2.307352e-04	-1.345370e-05	1
2	rs59131346	97566768	0	9.819506e-05	5.457310e-06	1
2	rs59178801	97604455	0	2.904145e-04	1.630609e-05	1
2	rs59210467	97097291	0	2.172445e-04	1.156046e-05	1
2	rs59244622	97501632	0	1.664055e-04	9.497133e-06	1
2	rs59271006	97529360	0	-1.466407e-04	-7.705732e-06	1
2	rs59284047	97614559	0	4.119376e-05	2.368633e-06	1
2	rs59371153	97810798	0	2.941358e-04	1.651395e-05	1
2	rs59398186	97240002	0	4.286933e-04	2.510881e-05	1
2	rs59413697	97119750	0	2.172445e-04	1.156046e-05	1
2	rs59426746	97327721	0	1.631856e-04	9.594182e-06	1
2	rs59534363	96556423	0	-1.507840e-04	-8.877661e-06	1
2	rs596069	97076642	0	2.780293e-04	1.463191e-05	1
2	rs59648446	97351561	0	8.010677e-05	4.488682e-06	1
2	rs59660613	97576659	0	1.540698e-04	8.625555e-06	1
2	rs59664047	96869291	0	3.054998e-05	1.684554e-06	1
2	rs59665910	96033058	0	-5.398847e-04	-3.122655e-05	1
2	rs597420	97070353	0	1.776405e-04	9.259105e-06	1
2	rs59878168	96685307	0	-1.375710e-04	-8.118029e-06	1
2	rs59966106	96999086	0	-9.252181e-04	-5.220975e-05	1
2	rs59979953	97014447	0	-7.944659e-04	-4.401818e-05	1
2	rs60019075	97604895	0	3.240844e-04	1.821066e-05	1
2	rs60063645	97584258	0	2.996854e-04	1.754703e-05	1
2	rs60090597	96406266	0	4.295722e-04	2.307386e-05	1
2	rs60106968	96598679	0	7.580517e-04	4.428386e-05	1
2	rs60273147	96559751	1	4.215675e-04	2.258648e-05	1
2	rs60283912	97634434	0	-2.212545e-04	-1.233966e-05	1
2	rs60326991	97208305	0	2.955706e-04	1.732042e-05	1
2	rs60330255	97593614	0	-1.025179e-04	-5.901920e-06	1
2	rs60400346	96646580	0	-8.752358e-05	-5.186901e-06	1
2	rs60409279	96872400	0	1.742557e-04	9.720250e-06	1
2	rs60452119	96420050	0	3.463441e-04	1.847709e-05	1
2	rs60501446	97318219	0	-1.796959e-04	-1.055368e-05	1
2	rs605175	97082700	0	3.058649e-05	1.584263e-06	1
2	rs60538359	96598388	0	-1.133054e-04	-6.612490e-06	1
2	rs60608738	97608085	0	2.902487e-04	1.630887e-05	1
2	rs60621865	97598001	0	4.800368e-04	2.612559e-05	1
2	rs60700118	97098756	0	2.172445e-04	1.156044e-05	1
2	rs607302	97086823	0	-3.689525e-05	-1.926976e-06	1
2	rs60793520	97721706	0	-3.711532e-05	-2.195080e-06	1
2	rs60795069	97864374	0	-3.910085e-04	-2.075041e-05	1
2	rs60944521	96052403	0	-5.223461e-06	-2.572226e-07	1
2	rs609765	97094536	0	4.798214e-05	2.483304e-06	1
2	rs61008119	97132514	0	2.172445e-04	1.156043e-05	1
2	rs61009229	97635520	0	-6.121358e-05	-3.603684e-06	1
2	rs61063398	97306215	0	2.637053e-04	1.519126e-05	1
2	rs611943	97067074	0	1.204689e-04	6.265278e-06	1
2	rs612017	97094011	0	4.798214e-05	2.483300e-06	1
2	rs61218502	97864333	0	-3.684396e-04	-1.953041e-05	1
2	rs61382911	97561851	0	1.209249e-04	6.499562e-06	1
2	rs61409777	96581373	0	3.238362e-04	1.730537e-05	1
2	rs61624166	96793213	0	4.903516e-04	2.760848e-05	1
2	rs61649840	96025765	0	2.960422e-04	1.638732e-05	1
2	rs61697794	96902604	0	1.805129e-04	9.821282e-06	1
2	rs61742095	97366088	0	-6.184012e-05	-3.585204e-06	1
2	rs61750875	97359364	0	-5.813509e-06	-3.313159e-07	1
2	rs618454	97080093	0	1.548512e-04	8.061495e-06	1
2	rs62152765	97440420	0	2.605036e-04	1.496577e-05	1
2	rs62152766	97440567	0	-6.184012e-05	-3.585204e-06	1
2	rs62152767	97442818	0	-6.184012e-05	-3.585204e-06	1
2	rs62152768	97442906	0	2.605036e-04	1.496577e-05	1
2	rs62152770	97446243	0	1.925652e-04	1.104835e-05	1
2	rs62152771	97447121	0	-6.184012e-05	-3.585204e-06	1
2	rs62152772	97448055	0	2.605036e-04	1.496577e-05	1
2	rs62152773	97448073	0	2.605036e-04	1.496577e-05	1
2	rs62152774	97448377	0	2.605036e-04	1.496577e-05	1
2	rs62152775	97448474	0	2.605036e-04	1.496577e-05	1
2	rs62152777	97452100	0	2.605036e-04	1.496577e-05	1
2	rs62152780	97456022	0	7.747964e-05	4.482268e-06	1
2	rs62152781	97457014	0	3.372088e-04	2.001414e-05	1
2	rs62152783	97457389	0	2.605036e-04	1.496577e-05	1
2	rs62152784	97457849	0	1.831536e-04	1.049564e-05	1
2	rs62152785	97459403	0	2.340159e-04	1.344356e-05	1
2	rs62152786	97459530	0	1.560274e-04	8.830454e-06	1
2	rs62152787	97459642	0	-6.184012e-05	-3.585205e-06	1
2	rs62152788	97470223	0	-2.425383e-05	-1.389999e-06	1
2	rs62152790	97478579	0	-2.425383e-05	-1.389999e-06	1
2	rs62152793	97484948	0	7.779939e-06	4.478364e-07	1
2	rs62152794	97485110	0	7.804428e-05	4.321676e-06	1
2	rs62152795	97487699	0	2.526089e-04	1.385047e-05	1
2	rs62152834	97504863	0	7.876885e-05	4.396154e-06	1
2	rs62152860	97516818	0	7.779939e-06	4.478360e-07	1
2	rs62152861	97517129	0	-1.416548e-04	-8.401632e-06	1
2	rs62152862	97520838	0	-1.416548e-04	-8.401632e-06	1
2	rs62152863	97521439	0	7.779939e-06	4.478361e-07	1
2	rs62152864	97521454	0	1.664055e-04	9.497136e-06	1
2	rs62152866	97532849	0	-1.484928e-04	-8.462950e-06	1
2	rs62152867	97535303	0	-3.973084e-05	-2.084722e-06	1
2	rs62152868	97537070	0	4.965940e-05	2.681304e-06	1
2	rs62152871	97544016	0	-8.513117e-05	-4.848233e-06	1
2	rs62152872	97545306	0	-2.251685e-04	-1.340535e-05	1
2	rs62152900	97561927	0	-3.566518e-04	-2.037294e-05	1
2	rs62152901	97564898	0	7.864309e-06	4.312348e-07	1
2	rs62152902	97569119	0	-2.422931e-04	-1.383280e-05	1
2	rs62152903	97570377	0	7.286114e-05	4.071263e-06	1
2	rs62152904	97571873	0	1.271387e-04	7.075289e-06	1
2	rs62152905	97572222	0	7.286114e-05	4.071261e-06	1
2	rs62152906	97572270	0	7.286114e-05	4.071261e-06	1
2	rs62152907	97572772	0	7.286114e-05	4.071260e-06	1
2	rs62152908	97574592	0	7.286114e-05	4.071259e-06	1
2	rs62152910	97577082	0	4.637343e-05	2.590675e-06	1
2	rs62152962	96773950	0	-5.392903e-04	-3.237485e-05	1
2	rs62152966	96823524	0	6.584393e-04	3.775266e-05	1
2	rs62152972	96842653	0	2.551233e-04	1.427244e-05	1
2	rs62152991	97808047	0	-5.179428e-04	-2.784479e-05	1
2	rs62153010	96854568	0	1.114176e-04	6.121007e-06	1
2	rs62153011	96854578	0	3.072363e-04	1.702493e-05	1
2	rs62153014	96865817	0	1.114176e-04	6.121010e-06	1
2	rs62153018	96876455	0	-1.662946e-04	-9.106366e-06	1
2	rs62153019	96881715	0	-6.743354e-04	-4.102923e-05	1
2	rs62153020	96882128	0	3.054998e-05	1.684576e-06	1
2	rs62153022	96888164	0	-1.373509e-04	-7.517141e-06	1
2	rs62153026	96910053	0	-6.263097e-04	-3.798168e-05	1
2	rs62153027	96914741	0	-6.263097e-04	-3.798168e-05	1
2	rs62153029	96920993	0	3.054998e-05	1.684580e-06	1
2	rs62153033	96934504	0	-1.500875e-03	-9.217404e-05	1
2	rs62153034	96941467	0	-1.445517e-03	-8.788136e-05	1
2	rs62153035	96941701	0	-1.546976e-03	-9.606695e-05	1
2	rs62153036	96941820	0	-1.254868e-03	-7.857545e-05	1
2	rs62153038	96944899	0	-6.263097e-04	-3.798168e-05	1
2	rs62153039	96945712	0	-1.415008e-03	-8.517136e-05	1
2	rs62153041	96966193	0	-1.392219e-03	-8.365346e-05	1
2	rs62153462	95939842	0	-4.263257e-04	-2.534510e-05	1
2	rs62153508	95989376	0	2.804350e-05	1.670261e-06	1
2	rs62153678	96558346	1	5.023865e-04	2.712804e-05	1
2	rs62153679	96558400	0	3.238362e-04	1.730533e-05	1
2	rs62153692	96569017	0	4.456449e-04	2.381584e-05	1
2	rs62153698	96579526	0	-5.222462e-04	-3.109556e-05	1
2	rs62153699	96580165	1	1.561621e-04	8.639609e-06	1
2	rs62153881	97828786	0	1.928567e-05	1.087533e-06	1
2	rs62153898	96966456	0	-1.392219e-03	-8.365344e-05	1
2	rs62153900	96977284	0	-8.156631e-04	-4.542696e-05	1
2	rs62153901	96983959	0	-8.156631e-04	-4.542696e-05	1
2	rs62153902	96987742	0	-8.156631e-04	-4.542695e-05	1
2	rs62153905	97004840	0	-1.136129e-03	-6.619690e-05	1
2	rs62153906	97005275	0	-9.561531e-04	-5.415501e-05	1
2	rs62153915	97026576	0	-8.697867e-04	-4.874754e-05	1
2	rs62153917	97029168	0	-3.112551e-04	-1.692086e-05	1
2	rs62153922	97060366	0	-7.961623e-04	-4.466162e-05	1
2	rs62153923	97063603	0	-8.433244e-04	-4.708179e-05	1
2	rs62154612	96617277	0	-6.743354e-04	-4.102921e-05	1
2	rs62154786	97087963	0	-9.903784e-04	-5.633658e-05	1
2	rs62154787	97089912	0	-9.903784e-04	-5.633657e-05	1
2	rs62154798	97176334	0	-2.731190e-04	-1.635720e-05	1
2	rs62154845	97267644	0	1.796938e-04	9.661798e-06	1
2	rs62155085	96149943	0	-5.226267e-04	-3.035508e-05	1
2	rs62155086	96150080	0	-5.360499e-05	-3.186895e-06	1
2	rs62155096	96257031	0	-7.616418e-04	-4.650648e-05	1
2	rs62155101	96333656	0	-7.616418e-04	-4.650648e-05	1
2	rs62155480	96626734	0	1.555598e-04	8.258049e-06	1
2	rs62155508	96641039	0	3.704407e-04	1.952340e-05	1
2	rs62155510	96645493	0	3.252996e-04	1.710440e-05	1
2	rs62155511	96657575	0	2.905323e-04	1.516013e-05	1
2	rs62155542	97735790	0	-5.455475e-04	-2.884983e-05	1
2	rs62155664	96412996	0	-8.752358e-05	-5.186904e-06	1
2	rs62155672	96432482	0	-6.263097e-04	-3.798166e-05	1
2	rs62155675	96438442	0	5.118038e-04	2.763466e-05	1
2	rs62155743	96480252	0	-1.872671e-04	-1.095313e-05	1
2	rs62155750	96491456	0	1.279630e-04	6.782664e-06	1
2	rs62155751	96505480	0	-6.263718e-04	-3.406919e-05	1
2	rs62156206	97357108	0	-6.184012e-05	-3.585182e-06	1
2	rs62156207	97359236	0	7.581203e-06	4.378827e-07	1
2	rs62156208	97383686	0	-6.184012e-05	-3.585182e-06	1
2	rs62156209	97392423	0	-5.088554e-07	-3.049331e-08	1
2	rs62156210	97393736	0	1.039674e-04	6.011004e-06	1
2	rs62156211	97398757	0	1.039674e-04	6.011004e-06	1
2	rs62156212	97399096	0	1.039674e-04	6.011004e-06	1
2	rs62156213	97399100	0	1.039674e-04	6.011004e-06	1
2	rs62156215	97402210	0	3.372088e-04	2.001416e-05	1
2	rs62156216	97405127	0	1.039674e-04	6.011004e-06	1
2	rs62156219	97409086	0	-5.088554e-07	-3.049400e-08	1
2	rs62156220	97409138	0	1.039674e-04	6.011003e-06	1
2	rs62156221	97410850	0	1.039674e-04	6.011003e-06	1
2	rs62156222	97410988	0	-6.184012e-05	-3.585183e-06	1
2	rs62156223	97412167	0	-1.246644e-04	-7.205491e-06	1
2	rs62156225	97414118	0	2.605036e-04	1.496579e-05	1
2	rs62156226	97417108	0	2.605036e-04	1.496579e-05	1
2	rs62156227	97417942	0	2.605036e-04	1.496579e-05	1
2	rs62156228	97420335	0	1.039674e-04	6.011003e-06	1
2	rs62156229	97421271	0	1.560274e-04	8.830472e-06	1
2	rs62156230	97424915	0	1.560274e-04	8.830472e-06	1
2	rs62156231	97425603	0	2.605036e-04	1.496579e-05	1
2	rs62156232	97431161	0	-6.184012e-05	-3.585183e-06	1
2	rs62156233	97434061	0	1.560274e-04	8.830472e-06	1
2	rs631033	97090430	0	6.820780e-05	3.547157e-06	1
2	rs631746	97065499	0	9.973947e-05	5.238226e-06	1
2	rs637532	97078743	0	1.548512e-04	8.061531e-06	1
2	rs648225	97066882	0	6.934180e-04	3.763656e-05	1
2	rs654224	97080123	0	1.924725e-04	1.004517e-05	1
2	rs655101	97080340	0	1.548512e-04	8.061524e-06	1
2	rs6576964	96412077	0	-6.564849e-04	-3.487517e-05	1
2	rs6576968	96904127	0	1.742557e-04	9.720322e-06	1
2	rs6576972	97152446	0	1.366432e-04	7.061113e-06	1
2	rs6576973	97218367	0	-1.516509e-04	-8.861980e-06	1
2	rs6576974	97244385	0	-1.153287e-06	-4.547364e-08	1
2	rs6576975	97245037	0	-1.569065e-04	-9.220748e-06	1
2	rs6576976	97246667	0	-1.153287e-06	-4.547044e-08	1
2	rs6576978	97285852	0	-8.583643e-05	-4.453267e-06	1
2	rs6576981	97394406	0	-5.088554e-07	-3.049372e-08	1
2	rs6576983	97454650	0	-1.960060e-04	-1.014215e-05	1
2	rs6576984	97454705	0	-1.960060e-04	-1.014215e-05	1
2	rs6576986	97508320	0	7.876885e-05	4.396173e-06	1
2	rs6576987	97512059	0	7.876885e-05	4.396172e-06	1
2	rs6576990	97572798	0	2.385029e-04	1.321142e-05	1
2	rs6576992	97620946	0	-1.032175e-04	-5.563033e-06	1
2	rs6576993	97620961	0	7.069883e-06	3.893194e-07	1
2	rs6576994	97620975	0	-1.032175e-04	-5.563030e-06	1
2	rs6576995	97621274	0	-1.032175e-04	-5.563028e-06	1
2	rs6576996	97623312	0	1.525835e-04	8.459721e-06	1
2	rs6576997	97637031	0	-2.212545e-04	-1.233969e-05	1
2	rs6576998	97643684	0	-3.711532e-05	-2.195084e-06	1
2	rs6576999	97646445	0	-2.346533e-04	-1.287048e-05	1
2	rs6577003	97869539	0	-1.281347e-04	-7.238446e-06	1
2	rs6577005	97888236	0	2.993731e-04	1.673356e-05	1
2	rs6577012	95971422	0	-4.676029e-04	-2.521014e-05	1
2	rs6577013	95984930	0	-4.598592e-04	-2.471303e-05	1
2	rs6577014	96076409	0	2.871118e-04	1.723476e-05	1
2	rs66727130	97324991	0	1.796938e-04	9.661806e-06	1
2	rs670498	97090227	0	3.674083e-05	1.899699e-06	1
2	rs6705204	97098095	0	3.601971e-04	2.112490e-05	1
2	rs6707154	96216165	2	3.389048e-04	1.949686e-05	1
2	rs6707224	96499474	0	-1.375710e-04	-8.118027e-06	1
2	rs6707255	97612214	0	7.069883e-06	3.893241e-07	1
2	rs6707583	96508571	0	3.238362e-04	1.730525e-05	1
2	rs6707965	97095583	0	3.374078e-04	1.974275e-05	1
2	rs6708171	97552734	0	-9.812386e-05	-5.598698e-06	1
2	rs6709448	96679747	0	-1.063293e-04	-6.132448e-06	1
2	rs6711452	97139307	0	1.942117e-05	1.002565e-06	1
2	rs6712299	96034803	0	4.677421e-05	2.416640e-06	1
2	rs6714860	97637516	0	-1.686832e-04	-9.353478e-06	1
2	rs6715329	97637905	0	-2.212545e-04	-1.233969e-05	1
2	rs6715813	95970366	0	-4.676029e-04	-2.521013e-05	1
2	rs6715933	97235703	0	-1.541611e-04	-9.104153e-06	1
2	rs6716516	96216066	0	3.285355e-04	1.964831e-05	1
2	rs6717064	97577343	0	7.170736e-05	3.984518e-06	1
2	rs6717101	96505552	0	3.238362e-04	1.730524e-05	1
2	rs6718164	97799285	0	2.941358e-04	1.651394e-05	1
2	rs6718340	97206409	0	2.955706e-04	1.732042e-05	1
2	rs6718420	97572470	0	7.286114e-05	4.071276e-06	1
2	rs6719831	96502590	0	3.238362e-04	1.730524e-05	1
2	rs67216602	96465551	0	-1.507840e-04	-8.877660e-06	1
2	rs6721921	97566501	0	9.819506e-05	5.457317e-06	1
2	rs6723188	97208158	0	-1.541611e-04	-9.104152e-06	1
2	rs6724620	96679990	0	-2.668784e-04	-1.572957e-05	1
2	rs6725867	96874590	0	3.540131e-05	1.936686e-06	1
2	rs6727384	97400324	0	-1.988084e-04	-1.028773e-05	1
2	rs6728642	97607071	0	2.902487e-04	1.630887e-05	1
2	rs6730773	97441643	0	-1.960060e-04	-1.014216e-05	1
2	rs6731522	97647997	0	2.730394e-04	1.520994e-05	1
2	rs6732095	97607668	0	3.748321e-05	2.178633e-06	1
2	rs6732115	97335510	0	2.555472e-04	1.495038e-05	1
2	rs6732237	97577661	0	3.893043e-05	2.198683e-06	1
2	rs6733589	97293140	0	2.188811e-04	1.281918e-05	1
2	rs6734326	97569735	0	-2.367471e-04	-1.353754e-05	1
2	rs6734673	97577241	0	4.637343e-05	2.590690e-06	1
2	rs6735969	97548391	0	-8.836401e-05	-4.996497e-06	1
2	rs6736365	97617682	0	3.748321e-05	2.178633e-06	1
2	rs6737429	97028762	0	-9.059277e-04	-5.099742e-05	1
2	rs6739268	95951647	0	9.892337e-05	5.875203e-06	1
2	rs6740563	96653737	0	4.266199e-04	2.254352e-05	1
2	rs6741001	96002651	0	-6.955807e-04	-3.817459e-05	1
2	rs6741277	97294903	0	-5.216656e-05	-2.706743e-06	1
2	rs6741561	97458436	0	-1.960060e-04	-1.014217e-05	1
2	rs6743469	97826741	0	-3.343989e-04	-1.794130e-05	1
2	rs6744596	96002695	0	9.892337e-05	5.875204e-06	1
2	rs6744976	96179305	0	2.030490e-05	1.173653e-06	1
2	rs6745441	96206153	0	2.030490e-05	1.173653e-06	1
2	rs6745473	95988192	0	-3.378414e-04	-1.933771e-05	1
2	rs6746020	97572503	0	-2.687809e-04	-1.537343e-05	1
2	rs6746896	97410949	0	-3.377675e-04	-1.808055e-05	1
2	rs6747149	97246956	0	1.796938e-04	9.661819e-06	1
2	rs6749086	97656166	0	2.730394e-04	1.520994e-05	1
2	rs6749159	97267293	0	1.796938e-04	9.661821e-06	1
2	rs674920	97070156	0	2.780293e-04	1.463190e-05	1
2	rs6750542	96011838	0	-6.955807e-04	-3.817458e-05	1
2	rs6750709	97827790	0	3.081463e-04	1.771880e-05	1
2	rs6751132	97405866	0	-5.088554e-07	-3.049527e-08	1
2	rs6751815	97566948	0	9.091355e-05	5.085467e-06	1
2	rs6752002	96670953	0	5.341783e-04	3.164851e-05	1
2	rs675239	97076556	0	1.548512e-04	8.061499e-06	1
2	rs6753263	97098802	0	3.426635e-04	1.989129e-05	1
2	rs6753667	97160382	0	1.209812e-04	6.287960e-06	1
2	rs6753713	97220657	0	1.204665e-05	7.095890e-07	1
2	rs6753926	97298949	0	9.144680e-05	4.788666e-06	1
2	rs6753987	97521820	0	7.804428e-05	4.321691e-06	1
2	rs6755877	97068300	0	-8.433244e-04	-4.708174e-05	1
2	rs6756208	96832699	0	3.259625e-04	1.826552e-05	1
2	rs6756249	97826431	0	-3.952352e-04	-2.081881e-05	1
2	rs6756482	97458561	0	1.749128e-04	9.843365e-06	1
2	rs6756986	97881267	0	1.450337e-04	8.068014e-06	1
2	rs67570263	97383007	0	-1.635203e-04	-8.694471e-06	1
2	rs6757916	97646109	0	-2.346533e-04	-1.287049e-05	1
2	rs6758151	97388884	0	-5.088554e-07	-3.049641e-08	1
2	rs6758174	97528365	0	-4.947181e-04	-2.637494e-05	1
2	rs6758519	97824043	0	-9.903045e-06	-5.910314e-07	1
2	rs6759099	97267260	0	1.796938e-04	9.661826e-06	1
2	rs676007	97075052	0	1.776405e-04	9.259092e-06	1
2	rs67628541	96056571	0	5.473025e-04	2.915700e-05	1
2	rs67677651	96790560	0	-1.279535e-04	-7.568686e-06	1
2	rs67677775	96626760	0	1.740736e-04	1.026842e-05	1
2	rs679414	97087788	0	4.541847e-05	2.357946e-06	1
2	rs68026712	97396403	0	-1.988084e-04	-1.028775e-05	1
2	rs687950	97069612	0	1.776405e-04	9.259086e-06	1
2	rs7058	96917588	0	1.122038e-03	6.338706e-05	1
2	rs71427025	95970160	0	-1.107476e-04	-6.544909e-06	1
2	rs71427029	96058129	0	-1.245469e-04	-7.353141e-06	1
2	rs71427040	96251136	0	-1.107476e-04	-6.544909e-06	1
2	rs71427097	97526963	0	-2.755714e-06	-1.623329e-07	1
2	rs71427101	97671697	0	3.693182e-04	2.061545e-05	1
2	rs72492163	96417816	0	4.681844e-04	2.514499e-05	1
2	rs72492169	96582837	0	-1.055372e-04	-6.231275e-06	1
2	rs72492198	96627697	0	-8.752358e-05	-5.186900e-06	1
2	rs72492201	96630201	0	4.223468e-04	2.237427e-05	1
2	rs72809811	97292386	0	1.041770e-04	6.157088e-06	1
2	rs72809820	97360079	0	-6.156931e-04	-3.353038e-05	1
2	rs72809822	97362025	0	3.892722e-05	2.321444e-06	1
2	rs72809824	97381556	0	9.719070e-05	5.712430e-06	1
2	rs72809825	97385585	0	2.470825e-04	1.452057e-05	1
2	rs72809827	97390953	0	-3.770599e-04	-2.025760e-05	1
2	rs72809828	97392778	0	-3.377675e-04	-1.808057e-05	1
2	rs72809835	97418083	0	-1.265660e-04	-7.539136e-06	1
2	rs72809838	97428320	0	-5.733626e-04	-3.118627e-05	1
2	rs72809845	97439075	0	-2.747873e-05	-1.633071e-06	1
2	rs72809850	97449762	0	2.605036e-04	1.496579e-05	1
2	rs72811623	97496473	0	7.779939e-06	4.478597e-07	1
2	rs72811627	97517749	0	7.779939e-06	4.478598e-07	1
2	rs72811629	97519901	0	-4.080605e-07	-2.220747e-08	1
2	rs72811637	97540653	0	-1.676402e-04	-9.922322e-06	1
2	rs72811647	97564695	0	3.892722e-05	2.321444e-06	1
2	rs72811651	97572229	0	7.286114e-05	4.071273e-06	1
2	rs72811653	97573742	0	-2.367471e-04	-1.353754e-05	1
2	rs72811663	97585910	0	2.996854e-04	1.754703e-05	1
2	rs72811667	97593213	0	6.698410e-05	3.947753e-06	1
2	rs72811670	97595330	0	1.018913e-04	5.938261e-06	1
2	rs72811676	97599886	0	8.060234e-05	4.784753e-06	1
2	rs72811680	97601342	0	1.833381e-04	1.083067e-05	1
2	rs72813606	97634828	0	1.309827e-04	7.811530e-06	1
2	rs72813616	97661594	0	8.140537e-05	4.825825e-06	1
2	rs72815607	97857145	0	-3.451051e-05	-2.051516e-06	1
2	rs72819488	95947099	0	5.580215e-04	3.163027e-05	1
2	rs72821412	96006243	0	2.032189e-04	1.212655e-05	1
2	rs72821422	96053409	0	6.334164e-04	3.393415e-05	1
2	rs72821424	96062071	0	-8.302690e-05	-4.953900e-06	1
2	rs72821426	96097401	0	2.941665e-04	1.724603e-05	1
2	rs72821427	96162952	0	6.277038e-04	3.361098e-05	1
2	rs72821432	96173215	0	5.956700e-04	3.182390e-05	1
2	rs72821435	96187935	0	6.277038e-04	3.361097e-05	1
2	rs72821437	96200799	0	6.277038e-04	3.361096e-05	1
2	rs72821446	96340826	0	6.181275e-04	3.305714e-05	1
2	rs72823920	96430876	0	4.746202e-04	2.556710e-05	1
2	rs72823921	96466075	0	4.746202e-04	2.556710e-05	1
2	rs72823924	96499551	0	-8.752358e-05	-5.186898e-06	1
2	rs72823927	96502029	0	-1.375710e-04	-8.118022e-06	1
2	rs72823940	96560413	0	-8.752358e-05	-5.186897e-06	1
2	rs72825836	96788591	0	-1.279535e-04	-7.568684e-06	1
2	rs72825837	96788710	0	-1.279535e-04	-7.568684e-06	1
2	rs72825845	96804107	0	-8.744339e-05	-5.175912e-06	1
2	rs72825850	96825851	0	2.849704e-04	1.565330e-05	1
2	rs72825854	96855050	0	1.114176e-04	6.121127e-06	1
2	rs72825856	96856127	0	1.114176e-04	6.121129e-06	1
2	rs72825861	96871339	0	6.680500e-05	3.964271e-06	1
2	rs72825864	96888608	0	-1.373509e-04	-7.517020e-06	1
2	rs72825865	96889900	0	3.054998e-05	1.684696e-06	1
2	rs72825868	96897659	0	-3.742020e-04	-2.065364e-05	1
2	rs72825869	96900287	0	2.629486e-05	1.557799e-06	1
2	rs72825877	96920893	0	4.012628e-05	2.208167e-06	1
2	rs72825880	96943433	0	-1.848574e-04	-1.100795e-05	1
2	rs72825881	96966090	0	-1.848574e-04	-1.100795e-05	1
2	rs72827922	97136884	0	1.318946e-04	7.832159e-06	1
2	rs72827924	97149664	0	-2.818153e-04	-1.548767e-05	1
2	rs72931721	96475164	0	-1.375710e-04	-8.118022e-06	1
2	rs72935863	96638132	0	-1.507840e-04	-8.877653e-06	1
2	rs72937811	96811332	0	-1.279535e-04	-7.568684e-06	1
2	rs72939351	97155372	0	2.764408e-04	1.618732e-05	1
2	rs72939365	97182550	0	1.758068e-04	1.028925e-05	1
2	rs72939377	97196727	0	-6.565165e-05	-3.827435e-06	1
2	rs72939379	97198788	0	2.036958e-04	1.200508e-05	1
2	rs72939635	97052559	0	7.679007e-05	4.563745e-06	1
2	rs72939637	97059581	0	5.987867e-05	3.557685e-06	1
2	rs72939642	97061654	0	5.987867e-05	3.557685e-06	1
2	rs72941209	97285062	0	2.555472e-04	1.495038e-05	1
2	rs72941214	97287838	0	2.555472e-04	1.495038e-05	1
2	rs72941219	97300739	0	2.555472e-04	1.495038e-05	1
2	rs72941235	97343303	0	2.188811e-04	1.281918e-05	1
2	rs72941253	97392707	0	-1.988084e-04	-1.028777e-05	1
2	rs72947377	97101590	0	4.730932e-04	2.746875e-05	1
2	rs72948081	96392880	0	-5.291407e-06	-3.105516e-07	1
2	rs73958160	96748169	0	-3.288531e-04	-1.961035e-05	1
2	rs73958180	96844103	0	2.551233e-04	1.427254e-05	1
2	rs73959416	97604518	0	2.904145e-04	1.630609e-05	1
2	rs7423942	96645257	1	2.830127e-04	1.488956e-05	1
2	rs7425006	96731871	0	-8.752358e-05	-5.186898e-06	1
2	rs7425009	96731917	0	-8.752358e-05	-5.186898e-06	1
2	rs74328999	96521726	0	3.466572e-04	2.068911e-05	1
2	rs74495263	97032097	0	-3.791481e-04	-2.260210e-05	1
2	rs74583310	97066497	0	2.849068e-04	1.606429e-05	1
2	rs74700362	96756911	0	2.300168e-04	1.365775e-05	1
2	rs74731813	97004358	0	-2.712355e-04	-1.621803e-05	1
2	rs747757	97314175	0	2.555472e-04	1.495038e-05	1
2	rs74856235	97169386	0	2.684069e-04	1.579654e-05	1
2	rs74902679	96953922	0	-9.544332e-05	-5.706274e-06	1
2	rs749027	97203137	0	1.856130e-04	9.726926e-06	1
2	rs749457	96795944	0	6.969872e-04	3.787754e-05	1
2	rs749458	96795857	0	-6.611444e-04	-3.735830e-05	1
2	rs749459	96795714	0	5.081280e-04	2.724745e-05	1
2	rs74962009	96470747	0	-1.375710e-04	-8.118024e-06	1
2	rs74978286	96741757	0	3.511907e-04	2.082681e-05	1
2	rs74995253	97463070	0	-1.075107e-04	-6.339178e-06	1
2	rs75030927	95949877	0	3.321881e-04	1.984010e-05	1
2	rs75034373	97076705	0	8.555682e-05	5.114112e-06	1
2	rs75098566	96195504	0	-3.234017e-04	-1.904168e-05	1
2	rs75145851	96804588	0	4.602899e-04	2.578315e-05	1
2	rs75233929	95948876	0	-5.884795e-05	-3.360241e-06	1
2	rs75247620	97060364	0	5.987867e-05	3.557685e-06	1
2	rs75297860	97600078	0	9.276491e-05	5.315620e-06	1
2	rs75301566	96925476	0	-2.888173e-04	-1.711661e-05	1
2	rs75502931	96817987	0	-1.609569e-04	-9.579063e-06	1
2	rs7558392	96623901	0	8.015502e-05	4.751398e-06	1
2	rs7558406	96539795	0	-8.063053e-04	-4.670167e-05	1
2	rs7559215	96874307	0	1.498617e-04	8.415292e-06	1
2	rs7561198	96774981	0	-7.824451e-04	-4.298163e-05	1
2	rs7561235	96599983	0	-8.063053e-04	-4.670167e-05	1
2	rs7562544	97006685	0	-9.561531e-04	-5.415487e-05	1
2	rs7563714	96640703	0	-3.268313e-04	-1.921755e-05	1
2	rs7563891	95991962	0	5.806664e-05	3.026903e-06	1
2	rs7564763	97135126	0	3.601971e-04	2.112490e-05	1
2	rs7565318	96260979	0	-1.641112e-04	-9.414607e-06	1
2	rs7565503	96625553	0	1.877649e-04	9.882741e-06	1
2	rs75655358	97138197	0	8.415263e-05	4.979414e-06	1
2	rs7566050	96626030	0	3.732816e-04	1.963298e-05	1
2	rs7566917	97112323	1	2.126454e-04	1.240675e-05	1
2	rs7568206	97393108	0	-5.088554e-07	-3.048187e-08	1
2	rs7568407	97720525	0	3.394811e-06	1.985957e-07	1
2	rs7569432	97793615	0	-3.976934e-04	-2.095138e-05	1
2	rs7569434	97624097	0	-1.032175e-04	-5.563028e-06	1
2	rs7569893	97793998	0	-4.400344e-04	-2.323177e-05	1
2	rs7569895	97794006	0	-4.400344e-04	-2.323176e-05	1
2	rs7570074	96407037	0	3.463441e-04	1.847682e-05	1
2	rs7572852	97573426	0	4.744720e-05	2.536582e-06	1
2	rs7574488	97599618	0	5.005742e-04	2.736624e-05	1
2	rs75745422	96898867	0	-1.574590e-05	-9.400988e-07	1
2	rs7574862	95968205	0	-4.676029e-04	-2.521006e-05	1
2	rs7575254	97275760	0	4.788225e-04	2.607474e-05	1
2	rs7575318	96412297	1	-7.968401e-05	-4.723234e-06	1
2	rs75758249	96375841	0	3.661521e-04	2.179104e-05	1
2	rs75763821	97392694	0	1.039674e-04	6.011008e-06	1
2	rs7578377	97793324	0	-4.400344e-04	-2.323176e-05	1
2	rs7579553	96875297	0	1.261198e-05	6.954943e-07	1
2	rs7579709	96881596	0	3.054998e-05	1.684717e-06	1
2	rs7580048	97304180	0	1.796938e-04	9.661866e-06	1
2	rs7580097	97117808	0	3.374078e-04	1.974274e-05	1
2	rs7580178	96848207	0	3.054998e-05	1.684719e-06	1
2	rs7580182	97771972	0	-3.889883e-05	-2.150162e-06	1
2	rs7580337	97346334	0	8.180193e-04	4.481807e-05	1
2	rs7580504	97605597	0	1.052270e-04	6.008136e-06	1
2	rs7580685	95979296	0	-4.676029e-04	-2.521006e-05	1
2	rs7580942	97468276	0	-1.095250e-04	-6.122061e-06	1
2	rs75815746	96041607	0	5.114893e-05	3.049230e-06	1
2	rs7582249	97463529	0	-1.960060e-04	-1.014222e-05	1
2	rs7583191	97670090	1	3.175781e-04	1.774844e-05	1
2	rs7583558	96372406	0	7.387182e-05	4.282622e-06	1
2	rs7584318	97648424	0	-1.109671e-04	-6.195489e-06	1
2	rs7584335	97624304	0	-1.032175e-04	-5.563026e-06	1
2	rs7584641	97607655	0	2.902487e-04	1.630886e-05	1
2	rs7584930	97298290	0	-5.216656e-05	-2.706643e-06	1
2	rs7585303	97114152	0	3.374078e-04	1.974274e-05	1
2	rs7585914	95945568	0	-6.761107e-04	-3.747136e-05	1
2	rs7586229	95945830	0	-6.761107e-04	-3.747136e-05	1
2	rs7586317	97447831	0	-1.960060e-04	-1.014223e-05	1
2	rs7586802	96152144	0	5.873264e-04	3.133030e-05	1
2	rs75868135	95966107	0	-2.140477e-04	-1.283115e-05	1
2	rs7587384	97126727	0	-4.942050e-04	-2.664444e-05	1
2	rs7588478	96989500	0	-1.086564e-04	-6.478934e-06	1
2	rs7588752	97849669	1	-2.123220e-04	-1.198488e-05	1
2	rs7589232	97566148	0	9.819506e-05	5.457321e-06	1
2	rs7591754	97134859	0	3.601971e-04	2.112490e-05	1
2	rs7591775	97579270	0	1.114929e-04	6.177063e-06	1
2	rs7592101	97579507	0	1.094783e-04	5.847911e-06	1
2	rs7593493	97611040	1	-1.287546e-04	-6.976336e-06	1
2	rs7593754	97607544	0	2.902487e-04	1.630886e-05	1
2	rs7594144	95973131	0	-4.676029e-04	-2.521004e-05	1
2	rs7594727	97489870	0	2.526089e-04	1.385050e-05	1
2	rs7594898	96623968	0	8.015502e-05	4.751399e-06	1
2	rs75954050	96975018	0	-7.944537e-05	-4.710836e-06	1
2	rs75961741	97057040	0	1.358700e-04	8.117531e-06	1
2	rs7597743	97608837	0	1.305356e-04	7.062120e-06	1
2	rs7597765	96600052	0	2.196567e-04	1.150167e-05	1
2	rs759789	96329255	0	2.369736e-04	1.247321e-05	1
2	rs7599598	97351840	0	-9.751114e-05	-4.983604e-06	1
2	rs7599624	97455715	4	-8.147428e-04	-4.536540e-05	1
2	rs75996508	96963715	0	-2.374414e-04	-1.404399e-05	1
2	rs7600796	96251145	0	1.062323e-04	6.128524e-06	1
2	rs7602232	95952177	0	9.892337e-05	5.875205e-06	1
2	rs76027851	96939456	0	-9.544332e-05	-5.706274e-06	1
2	rs7602807	96012907	0	-6.955807e-04	-3.817450e-05	1
2	rs7603256	97567389	0	1.094783e-04	5.847910e-06	1
2	rs7603758	96418476	0	-5.080931e-04	-2.812379e-05	1
2	rs7604736	97244163	0	2.555472e-04	1.495038e-05	1
2	rs76047826	96948273	0	-9.544332e-05	-5.706274e-06	1
2	rs7604842	96777340	0	-7.191847e-04	-3.922502e-05	1
2	rs7605469	97328326	0	-1.796959e-04	-1.055363e-05	1
2	rs7606426	97794022	0	-4.400344e-04	-2.323175e-05	1
2	rs7607990	97235814	0	4.305189e-04	2.524755e-05	1
2	rs7608325	97305080	0	-1.569065e-04	-9.220721e-06	1
2	rs7608621	97483783	0	2.526089e-04	1.385050e-05	1
2	rs7608661	97459920	0	-1.960060e-04	-1.014224e-05	1
2	rs76099099	96758104	0	4.882081e-04	2.932172e-05	1
2	rs76109429	97574984	0	2.531232e-04	1.499988e-05	1
2	rs76142129	97096513	0	6.165070e-04	3.644000e-05	1
2	rs76158645	95992215	0	-3.838018e-04	-2.271651e-05	1
2	rs76333649	96240368	0	3.321881e-04	1.984011e-05	1
2	rs76413681	96772950	0	3.545339e-04	1.974723e-05	1
2	rs76433928	97145852	0	-1.989732e-04	-1.181955e-05	1
2	rs76514714	96168626	0	3.661521e-04	2.179104e-05	1
2	rs76554191	95967628	0	3.129374e-04	1.877664e-05	1
2	rs76653475	97324202	0	1.958020e-04	1.164587e-05	1
2	rs76653480	97375549	0	-9.387389e-05	-5.439604e-06	1
2	rs76763973	96009340	0	-3.838018e-04	-2.271651e-05	1
2	rs76769583	97090009	0	8.555682e-05	5.114113e-06	1
2	rs76926497	96957766	0	-2.888173e-04	-1.711660e-05	1
2	rs77042385	95979891	0	3.902322e-04	2.347645e-05	1
2	rs77103707	97057420	0	8.555682e-05	5.114113e-06	1
2	rs77137338	96169554	0	4.838544e-05	2.877097e-06	1
2	rs77150046	96951777	0	2.313870e-04	1.377782e-05	1
2	rs77169098	97638495	0	-7.677153e-05	-4.523187e-06	1
2	rs772154	97021664	0	6.592092e-04	3.573645e-05	1
2	rs772156	97029830	0	-1.900184e-04	-1.003560e-05	1
2	rs772159	97036439	0	-1.900184e-04	-1.003560e-05	1
2	rs772161	97043803	0	-1.828211e-04	-9.648318e-06	1
2	rs772167	97077871	0	1.776405e-04	9.259017e-06	1
2	rs772173	97000396	0	-2.343339e-04	-1.248290e-05	1
2	rs772174	96991492	0	-2.263412e-04	-1.204439e-05	1
2	rs772175	96944553	0	8.870976e-04	4.917160e-05	1
2	rs772177	96960471	0	-5.319493e-04	-2.884464e-05	1
2	rs772178	96963684	0	8.870976e-04	4.917159e-05	1
2	rs77415097	96741795	0	-2.641754e-05	-1.578185e-06	1
2	rs77480180	96407085	0	-6.263097e-04	-3.798164e-05	1
2	rs77527374	97182497	0	1.758068e-04	1.028924e-05	1
2	rs77576319	96991345	0	2.225736e-05	1.326200e-06	1
2	rs77639823	97309696	0	2.036958e-04	1.200507e-05	1
2	rs77642907	96689817	0	-1.095260e-04	-6.451666e-06	1
2	rs77647729	97116316	0	1.694719e-04	1.008609e-05	1
2	rs77765498	97113401	0	3.426635e-04	1.989129e-05	1
2	rs77923832	97569200	0	3.151543e-04	1.864281e-05	1
2	rs78018759	97293759	0	1.958020e-04	1.164587e-05	1
2	rs78099783	97329411	0	2.014628e-04	1.200138e-05	1
2	rs78131290	97606810	0	-5.041318e-05	-2.984824e-06	1
2	rs78152671	97218789	0	1.561490e-04	9.238031e-06	1
2	rs78368847	96410196	0	-3.876619e-05	-2.259994e-06	1
2	rs78381888	97500775	0	1.060325e-04	5.904998e-06	1
2	rs78424221	97410399	0	-6.184012e-05	-3.585175e-06	1
2	rs78489261	97005183	0	4.504669e-05	2.687708e-06	1
2	rs78512664	96893189	0	7.328460e-05	4.368501e-06	1
2	rs78752116	96738708	0	-2.641754e-05	-1.578185e-06	1
2	rs78757165	97647242	0	-4.260552e-04	-2.536677e-05	1
2	rs78783493	97668945	0	2.436293e-04	1.420534e-05	1
2	rs78833378	96080548	0	5.473025e-04	2.915683e-05	1
2	rs79050950	97059003	0	-2.443010e-04	-1.455577e-05	1
2	rs79102712	96377326	0	3.802349e-04	2.279911e-05	1
2	rs79163674	97035737	0	4.602899e-04	2.578311e-05	1
2	rs79216525	96730409	0	-8.752358e-05	-5.186895e-06	1
2	rs79489551	96988698	0	-1.848574e-04	-1.100794e-05	1
2	rs79546441	96218872	0	7.372668e-04	3.991813e-05	1
2	rs79556424	97629132	0	-5.041318e-05	-2.984823e-06	1
2	rs79602254	96017141	0	6.133202e-05	3.663775e-06	1
2	rs79632388	97119553	0	2.136816e-04	1.232659e-05	1
2	rs79644073	97649556	0	-7.677153e-05	-4.523186e-06	1
2	rs79724734	97559322	0	1.271081e-04	7.495900e-06	1
2	rs798202	97024331	0	-4.305555e-04	-2.503672e-05	1
2	rs79920734	97182679	0	1.758068e-04	1.028924e-05	1
2	rs80076034	96939520	0	-9.544332e-05	-5.706273e-06	1
2	rs80229301	96874626	0	2.629486e-05	1.557801e-06	1
2	rs80341479	97560801	0	1.891392e-04	1.112186e-05	1
2	rs810057	97015073	0	5.013107e-04	2.688104e-05	1
2	rs868168	97353725	0	3.088830e-05	1.606139e-06	1
2	rs869185	96024156	0	3.280760e-04	1.819746e-05	1
2	rs869186	96024340	0	3.283380e-04	1.701164e-05	1
2	rs870393	95982093	0	-4.039465e-04	-2.169621e-05	1
2	rs878064	97438552	1	1.812789e-04	1.027474e-05	1
2	rs878919	97437990	0	-3.184990e-04	-1.653544e-05	1
2	rs888610	96421021	0	-2.242442e-04	-1.311511e-05	1
2	rs889851	95980340	0	-4.676029e-04	-2.521001e-05	1
2	rs889852	95977790	0	-4.039465e-04	-2.169621e-05	1
2	rs889853	95977591	0	-4.676029e-04	-2.521000e-05	1
2	rs889854	95959812	0	5.508057e-04	2.909592e-05	1
2	rs893173	96789787	0	7.054245e-04	3.827932e-05	1
2	rs918811	96003762	0	-6.955807e-04	-3.817445e-05	1
2	rs9324211	97867870	0	-6.100815e-04	-3.342387e-05	1
2	rs945747	97116084	0	3.374078e-04	1.974274e-05	1
2	rs950320	96029159	0	4.848775e-04	2.689640e-05	1
2	rs954078	95937997	0	5.444213e-04	3.091760e-05	1
2	rs9631085	97886295	0	5.402807e-04	3.085913e-05	1
2	rs9636495	97869056	0	-3.249060e-04	-1.718453e-05	1
2	rs9636496	97771060	0	-1.269769e-04	-7.063462e-06	1
2	rs9677420	97837869	0	-1.248556e-04	-7.052740e-06	1
2	rs9678800	96009318	0	-6.635470e-04	-3.630782e-05	1
2	rs968470	97423626	0	-1.988084e-04	-1.028783e-05	1
2	rs9752465	97306204	0	-1.796959e-04	-1.055362e-05	1
2	rs994430	97439001	0	-1.960060e-04	-1.014227e-05	1
2	rs9973492	97498481	0	7.876885e-05	4.396194e-06	1
2	rs9973669	97679094	0	4.590723e-05	2.576810e-06	1
2	rs9973823	97681593	0	3.526878e-04	1.972982e-05	1
2	rs997547	96859034	0	1.742557e-04	9.720381e-06	1
2	rs997548	96858914	0	3.054998e-05	1.684743e-06	1
2	rs9989786	95967746	0	-4.512183e-04	-2.442872e-05	1
