chr	rs	ps	n_miss	b	beta	gamma
1	rs10127888	120498250	0	-1.075838e-03	-2.012699e-04	1
1	rs10158797	120239681	0	-6.706171e-04	-1.147524e-04	1
1	rs10159423	120243630	0	-8.005980e-04	-1.398419e-04	1
1	rs10218713	120247899	0	1.385521e-03	2.471434e-04	1
1	rs1036726	120332727	0	-1.295931e-03	-2.087430e-04	1
1	rs1043964	120455095	0	5.864289e-04	1.307216e-04	1
1	rs1045827	120162442	0	5.300958e-04	7.633836e-05	1
1	rs10494227	120137445	0	-3.860948e-04	-6.714171e-05	1
1	rs10494229	120229117	0	1.385521e-03	2.471433e-04	1
1	rs10494230	120271265	0	-4.015489e-04	-8.899738e-05	1
1	rs10494231	120324319	0	-5.269287e-04	-7.185537e-05	1
1	rs10494232	120358750	0	-3.105103e-04	-7.239895e-05	1
1	rs10494233	120460916	0	6.978010e-04	1.612151e-04	1
1	rs10494234	120513447	0	5.864289e-04	1.307216e-04	1
1	rs10494235	120520715	0	-5.345204e-04	-8.502713e-05	1
1	rs1052972	120336785	0	-1.627910e-04	-2.184775e-05	1
1	rs10733104	120113504	0	-9.605484e-04	-1.391452e-04	1
1	rs10737756	120163247	0	5.300958e-04	7.633835e-05	1
1	rs10737757	120320726	0	-1.693424e-03	-2.560215e-04	1
1	rs10737758	120334080	0	-7.100085e-04	-9.750319e-05	1
1	rs10737759	120334100	0	-7.100085e-04	-9.750318e-05	1
1	rs10737760	120334177	0	-7.100085e-04	-9.750316e-05	1
1	rs10737761	120693041	0	4.371264e-04	1.011964e-04	1
1	rs10754411	120123642	0	1.368816e-03	2.432074e-04	1
1	rs10754416	120163531	0	5.952178e-04	8.551986e-05	1
1	rs10754417	120177454	0	-1.053991e-03	-1.436721e-04	1
1	rs10754420	120320995	0	-4.907099e-04	-6.699145e-05	1
1	rs10754421	120324615	0	-1.729643e-03	-2.619381e-04	1
1	rs10754422	120334112	0	-7.100085e-04	-9.750311e-05	1
1	rs10754423	120334167	0	-7.100085e-04	-9.750309e-05	1
1	rs10754424	120335363	0	-7.616286e-04	-1.055075e-04	1
1	rs10754425	120335574	0	-7.540885e-04	-1.041598e-04	1
1	rs10802113	120111002	0	-2.560165e-04	-3.580834e-05	1
1	rs10802114	120115654	0	3.466834e-04	5.746752e-05	1
1	rs10802116	120121951	0	5.229594e-04	8.603785e-05	1
1	rs10802119	120154682	0	3.809282e-04	6.242951e-05	1
1	rs10802121	120154709	0	3.844476e-04	5.371980e-05	1
1	rs10802122	120154798	0	-9.603210e-04	-1.579758e-04	1
1	rs10802123	120159125	0	5.738451e-04	8.248255e-05	1
1	rs10802124	120164252	0	4.811888e-04	6.868877e-05	1
1	rs10802125	120167304	0	-1.143045e-04	-2.133181e-05	1
1	rs10802127	120169052	0	-9.065050e-04	-1.534206e-04	1
1	rs10802131	120240427	0	-6.706171e-04	-1.147523e-04	1
1	rs10802132	120242537	0	5.849226e-04	8.251172e-05	1
1	rs10802133	120247855	0	5.706760e-04	8.003845e-05	1
1	rs10802134	120338608	0	-7.100085e-04	-9.750304e-05	1
1	rs10802135	120338659	0	-7.100085e-04	-9.750303e-05	1
1	rs10802136	120338691	0	-7.100085e-04	-9.750301e-05	1
1	rs10802137	120338776	0	-7.100085e-04	-9.750299e-05	1
1	rs10923864	120120848	0	3.466834e-04	5.746751e-05	1
1	rs10923867	120127818	0	1.582657e-03	2.675263e-04	1
1	rs10923870	120137759	0	1.159966e-04	2.135038e-05	1
1	rs10923871	120138151	0	4.928153e-04	9.785509e-05	1
1	rs10923872	120150452	0	3.680291e-04	6.097892e-05	1
1	rs10923873	120150486	0	4.079526e-04	6.846550e-05	1
1	rs10923874	120150683	0	1.237950e-04	2.037818e-05	1
1	rs10923875	120150949	0	8.678554e-04	1.268062e-04	1
1	rs10923876	120154603	0	1.747039e-04	2.804287e-05	1
1	rs10923878	120159422	0	5.300958e-04	7.633827e-05	1
1	rs10923879	120163831	0	5.300958e-04	7.633826e-05	1
1	rs10923880	120180239	0	-1.327743e-03	-3.153077e-04	1
1	rs10923881	120180377	0	-1.327743e-03	-3.153077e-04	1
1	rs10923883	120203217	0	-6.146891e-05	-1.383752e-05	1
1	rs10923884	120207225	0	-1.248957e-03	-2.444948e-04	1
1	rs10923886	120240221	0	-6.706171e-04	-1.147523e-04	1
1	rs10923888	120246938	0	-8.148446e-04	-1.404258e-04	1
1	rs10923893	120267220	0	-6.812080e-04	-1.514629e-04	1
1	rs10923895	120274130	0	-4.493169e-05	-9.180432e-06	1
1	rs10923897	120297295	0	-2.236371e-04	-4.537410e-05	1
1	rs10923900	120317625	0	-5.269287e-04	-7.185511e-05	1
1	rs10923903	120328395	0	-2.066564e-03	-3.265473e-04	1
1	rs10923904	120328603	0	-2.066564e-03	-3.265473e-04	1
1	rs10923905	120328885	0	-2.066564e-03	-3.265472e-04	1
1	rs10923918	120412885	0	-1.175522e-03	-1.719200e-04	1
1	rs10923920	120421604	0	3.404140e-04	6.596782e-05	1
1	rs10923921	120425847	0	-2.232973e-04	-3.041164e-05	1
1	rs10923926	120489057	0	3.552392e-04	5.322656e-05	1
1	rs10923929	120505996	0	1.319099e-04	1.985677e-05	1
1	rs10923931	120517959	0	-1.075838e-03	-2.012698e-04	1
1	rs111334782	120608422	0	5.864289e-04	1.307216e-04	1
1	rs111458676	121287994	0	4.361656e-04	8.147895e-05	1
1	rs111782559	120199166	0	-2.952676e-04	-6.529059e-05	1
1	rs111818689	120400299	0	-6.888992e-04	-1.445998e-04	1
1	rs111833627	120145607	0	-6.107804e-04	-1.305778e-04	1
1	rs111972115	120305514	0	-1.610295e-03	-3.985193e-04	1
1	rs112249727	120215048	0	-8.307168e-04	-1.896153e-04	1
1	rs112305138	120494103	0	8.396455e-04	1.951152e-04	1
1	rs112391001	120473682	0	6.978010e-04	1.612152e-04	1
1	rs11249433	121280613	0	-2.563176e-03	-4.608486e-04	1
1	rs112569227	120161504	0	-1.361677e-03	-3.138730e-04	1
1	rs112731652	120140053	0	1.159966e-04	2.135034e-05	1
1	rs113167148	120570510	0	5.864289e-04	1.307216e-04	1
1	rs113666135	120244787	0	-1.146391e-03	-2.112961e-04	1
1	rs113736263	120657775	0	-1.112599e-03	-2.468180e-04	1
1	rs113846069	120304254	0	-1.610295e-03	-3.985193e-04	1
1	rs113860154	120140057	0	1.159966e-04	2.135034e-05	1
1	rs113896243	120470312	0	6.978010e-04	1.612152e-04	1
1	rs114020859	120284775	0	-9.365619e-05	-1.888613e-05	1
1	rs114337666	120290243	0	1.172995e-03	2.694545e-04	1
1	rs114509131	120312782	0	4.790767e-05	1.036092e-05	1
1	rs114551810	121330717	0	-5.728160e-05	-1.305253e-05	1
1	rs114642204	121299507	0	6.007290e-05	1.393188e-05	1
1	rs114711020	120134599	0	9.654420e-05	2.240366e-05	1
1	rs11487673	120120562	0	5.229594e-04	8.603784e-05	1
1	rs11487674	120286950	0	-9.365619e-05	-1.888613e-05	1
1	rs114910647	120210059	0	7.032211e-04	1.586084e-04	1
1	rs114915501	120170684	0	-8.130002e-04	-1.794824e-04	1
1	rs115064704	121160505	0	-5.142861e-04	-1.174165e-04	1
1	rs115348036	120379932	0	2.517838e-05	5.595908e-06	1
1	rs115393462	121214127	0	-1.879671e-04	-4.315247e-05	1
1	rs115467558	120163899	0	-8.141429e-04	-1.816110e-04	1
1	rs115640286	120444009	0	3.000818e-04	6.405038e-05	1
1	rs115706173	121280485	0	2.643825e-05	5.983155e-06	1
1	rs115764389	120446294	0	1.911281e-04	3.464438e-05	1
1	rs11577560	120229865	0	1.385521e-03	2.471432e-04	1
1	rs11577851	121262933	0	3.623640e-03	1.108801e-03	1
1	rs115809828	120271778	0	5.564643e-04	1.264511e-04	1
1	rs11583993	120255370	0	-2.526113e-04	-4.857077e-05	1
1	rs11586489	120138246	0	-1.237434e-04	-2.248294e-05	1
1	rs116007468	120190021	0	-8.327090e-05	-1.851697e-05	1
1	rs116062645	120525480	0	3.528277e-04	8.138476e-05	1
1	rs1163251	120209755	0	4.796580e-04	6.734821e-05	1
1	rs1163541	120340918	0	-1.486965e-03	-2.482569e-04	1
1	rs1163542	120340699	0	-9.484357e-04	-1.480568e-04	1
1	rs1163543	120339854	0	-7.769561e-04	-1.166116e-04	1
1	rs1163544	120339494	0	-1.002775e-03	-1.526387e-04	1
1	rs1163545	120339471	0	-1.627910e-04	-2.184806e-05	1
1	rs1163547	120335834	0	-2.031822e-03	-3.532569e-04	1
1	rs1163548	120335806	0	-2.089683e-03	-3.727291e-04	1
1	rs1163549	120335353	0	-1.860342e-03	-3.259952e-04	1
1	rs1163550	120334976	0	-1.321814e-03	-2.116124e-04	1
1	rs116567297	120524331	0	1.382484e-03	3.301651e-04	1
1	rs116612731	120210231	0	-6.370496e-04	-1.288907e-04	1
1	rs116699707	121301729	0	-1.017408e-04	-2.213427e-05	1
1	rs1177389	120333728	0	-1.158840e-03	-1.837573e-04	1
1	rs11799473	120407589	0	-6.888992e-04	-1.445998e-04	1
1	rs11800545	120428280	0	-1.121579e-03	-2.448010e-04	1
1	rs11801176	120431807	0	-1.245391e-03	-2.745535e-04	1
1	rs11802076	120418844	0	-9.201646e-04	-1.976667e-04	1
1	rs11808443	120415361	0	-9.201646e-04	-1.976667e-04	1
1	rs12023426	120229719	0	-1.146391e-03	-2.112961e-04	1
1	rs12024906	120157692	0	6.568633e-04	1.106971e-04	1
1	rs12024934	120157766	0	5.300958e-04	7.633822e-05	1
1	rs12025390	120216287	0	-1.384039e-03	-2.763183e-04	1
1	rs12030462	120111257	0	-1.494565e-03	-2.392095e-04	1
1	rs12030689	120692710	0	1.093670e-03	1.923300e-04	1
1	rs12030925	120247782	0	-8.148446e-04	-1.404257e-04	1
1	rs12032931	120111235	0	1.405774e-03	2.470429e-04	1
1	rs12042810	120202112	0	-1.248855e-03	-2.630859e-04	1
1	rs12043284	120207433	0	-1.248855e-03	-2.630859e-04	1
1	rs12045485	120209842	0	-1.248855e-03	-2.630859e-04	1
1	rs12045785	120139819	0	6.180514e-04	8.770903e-05	1
1	rs12047532	120335315	0	-7.100085e-04	-9.750283e-05	1
1	rs12057420	120428046	0	3.404140e-04	6.596784e-05	1
1	rs12057776	120262152	0	-1.346269e-03	-2.026436e-04	1
1	rs12060442	120334402	0	-7.100085e-04	-9.750282e-05	1
1	rs12060624	120415364	0	3.404140e-04	6.596784e-05	1
1	rs12061487	120422838	0	5.577547e-04	1.094596e-04	1
1	rs12061529	120422965	0	5.577547e-04	1.094596e-04	1
1	rs12064784	120272120	0	-4.368626e-04	-9.923047e-05	1
1	rs12067381	120169199	0	-2.185047e-04	-4.166559e-05	1
1	rs12068218	120174683	0	-1.507459e-03	-3.718841e-04	1
1	rs12070041	120280554	0	2.943239e-04	5.981467e-05	1
1	rs12075536	120435771	0	-3.412521e-05	-7.821070e-06	1
1	rs12076924	120165826	0	4.811888e-04	6.868866e-05	1
1	rs12078510	120167121	0	-9.729603e-04	-2.020967e-04	1
1	rs12079115	120308275	0	-3.484120e-05	-7.148123e-06	1
1	rs12081887	120164303	0	-5.657364e-04	-8.499779e-05	1
1	rs12082229	120239649	0	-6.706171e-04	-1.147522e-04	1
1	rs12087022	120172669	0	-1.160209e-03	-2.757287e-04	1
1	rs12091329	120217357	0	-1.351846e-04	-2.936655e-05	1
1	rs12094392	120273909	0	-3.223658e-04	-7.245764e-05	1
1	rs12095134	120194293	0	-1.249297e-03	-2.935622e-04	1
1	rs12095466	120347430	0	-1.440203e-03	-3.348689e-04	1
1	rs12097800	120425169	0	5.577547e-04	1.094596e-04	1
1	rs12117337	120463398	0	3.993915e-04	9.067049e-05	1
1	rs12119140	120133429	0	1.159966e-04	2.135034e-05	1
1	rs12121219	120302419	0	7.396211e-06	1.401997e-06	1
1	rs12121447	120216971	0	1.196942e-03	2.318419e-04	1
1	rs12123085	120309593	0	4.077657e-04	7.756184e-05	1
1	rs12123783	120109563	0	1.146030e-03	1.895095e-04	1
1	rs12127451	120227630	0	1.450414e-03	2.610129e-04	1
1	rs12127605	120228184	0	1.193774e-03	2.311490e-04	1
1	rs12128948	120116441	0	3.466834e-04	5.746748e-05	1
1	rs12132223	120119845	0	4.713392e-04	7.745161e-05	1
1	rs12132511	120530100	0	4.806748e-04	1.101857e-04	1
1	rs12134798	120115384	0	4.225192e-04	7.029022e-05	1
1	rs12135688	121288049	0	-2.321176e-03	-5.990790e-04	1
1	rs12138742	120134029	0	3.231823e-04	6.289176e-05	1
1	rs12139088	120131597	0	1.159966e-04	2.135031e-05	1
1	rs12139789	120119902	0	3.305134e-04	5.509766e-05	1
1	rs12139860	120262848	0	1.436300e-03	2.820384e-04	1
1	rs12142582	120142603	1	1.105864e-03	1.935466e-04	1
1	rs12142927	121197263	0	1.234652e-03	2.979534e-04	1
1	rs12143019	120122891	0	4.225192e-04	7.029021e-05	1
1	rs12144094	120264823	0	1.436300e-03	2.820383e-04	1
1	rs12406668	120303055	0	-2.236371e-04	-4.537412e-05	1
1	rs12562383	120305525	0	-1.338465e-03	-2.081859e-04	1
1	rs12565338	120235855	0	1.450414e-03	2.610129e-04	1
1	rs12566808	120332542	0	-2.437673e-03	-4.079921e-04	1
1	rs12567027	120332678	0	-7.100085e-04	-9.750277e-05	1
1	rs12567029	120332687	0	-7.100085e-04	-9.750275e-05	1
1	rs12719823	121251086	0	4.120784e-03	1.249103e-03	1
1	rs12724120	121268555	0	3.980484e-03	1.372968e-03	1
1	rs12727820	120110747	0	-1.631541e-03	-2.690937e-04	1
1	rs12727832	120110774	0	-1.631541e-03	-2.690936e-04	1
1	rs12730035	120334799	0	-7.100085e-04	-9.750275e-05	1
1	rs12731874	120110755	0	-1.631541e-03	-2.690936e-04	1
1	rs12734865	120392239	0	-4.851502e-04	-1.023165e-04	1
1	rs12743661	121476556	2	4.509324e-03	1.402521e-03	1
1	rs12745055	120376580	0	-3.770125e-04	-7.386931e-05	1
1	rs12745167	120110685	0	-1.631541e-03	-2.690936e-04	1
1	rs12745178	120110708	0	-1.631541e-03	-2.690935e-04	1
1	rs12746459	120110768	0	-1.631541e-03	-2.690935e-04	1
1	rs12747679	120334853	0	-7.100085e-04	-9.750276e-05	1
1	rs12751751	121286423	0	3.709429e-03	1.174020e-03	1
1	rs138404144	120141554	0	1.159966e-04	2.135028e-05	1
1	rs138409220	120158862	0	5.807155e-04	1.298997e-04	1
1	rs139478394	120424845	0	-8.055652e-04	-1.729600e-04	1
1	rs140014891	120384066	0	1.056609e-03	2.524970e-04	1
1	rs1406917	120232281	0	6.355694e-04	8.923411e-05	1
1	rs140920776	120395879	0	-1.333508e-03	-3.038388e-04	1
1	rs141319820	120141459	0	1.159966e-04	2.135028e-05	1
1	rs143257075	120265273	0	-6.812080e-04	-1.514629e-04	1
1	rs1441006	120330447	0	-7.100085e-04	-9.750274e-05	1
1	rs1441007	120330442	0	-1.912722e-03	-2.965024e-04	1
1	rs1441009	120307515	0	-1.190555e-03	-1.840184e-04	1
1	rs1441010	120301432	0	5.511252e-04	7.731563e-05	1
1	rs1441011	120245374	0	1.385521e-03	2.471431e-04	1
1	rs1441012	120339250	0	-7.100085e-04	-9.750270e-05	1
1	rs1441013	120339196	0	-7.100085e-04	-9.750268e-05	1
1	rs145320872	120517570	0	-9.436057e-04	-2.173093e-04	1
1	rs145345638	120121602	0	5.229594e-04	8.603767e-05	1
1	rs145368283	121200854	0	-5.728160e-05	-1.305259e-05	1
1	rs145678269	121223609	0	-5.728160e-05	-1.305259e-05	1
1	rs146140447	121310385	0	-2.741909e-04	-6.126695e-05	1
1	rs146695762	121343930	0	1.234652e-03	2.979534e-04	1
1	rs146784183	121223447	0	4.361656e-04	8.147893e-05	1
1	rs147121792	120121570	0	3.787319e-04	6.191941e-05	1
1	rs147398873	121345296	0	-2.741909e-04	-6.126695e-05	1
1	rs147768181	120364125	0	-7.772796e-07	-1.727855e-07	1
1	rs147993228	121229783	0	-5.728160e-05	-1.305259e-05	1
1	rs148935027	120682249	0	-1.198241e-04	-2.714829e-05	1
1	rs1493691	120531973	0	-1.075838e-03	-2.012697e-04	1
1	rs1493693	120528568	0	7.009257e-04	1.566088e-04	1
1	rs1493694	120526982	0	-1.229381e-03	-2.234132e-04	1
1	rs1493696	120505532	0	-4.894093e-04	-8.264014e-05	1
1	rs1493698	120531133	0	-4.894093e-04	-8.264013e-05	1
1	rs151254733	120235197	0	-1.150205e-03	-2.126216e-04	1
1	rs1530227	120333930	0	-7.100085e-04	-9.750267e-05	1
1	rs1539072	120334484	0	-7.100085e-04	-9.750265e-05	1
1	rs1539074	120334585	0	-7.100085e-04	-9.750263e-05	1
1	rs1539075	120334601	0	-7.100085e-04	-9.750262e-05	1
1	rs1660606	120344936	0	-1.737190e-03	-3.023781e-04	1
1	rs17024064	120195788	0	-1.249297e-03	-2.935621e-04	1
1	rs17024124	120253117	0	-6.812080e-04	-1.514629e-04	1
1	rs17024167	120282232	0	4.292027e-04	8.055380e-05	1
1	rs17024432	120428831	0	3.404140e-04	6.596789e-05	1
1	rs17024486	120452676	0	5.864289e-04	1.307216e-04	1
1	rs17024487	120454086	0	5.864289e-04	1.307216e-04	1
1	rs17024508	120461629	0	5.864289e-04	1.307216e-04	1
1	rs17024519	120465584	0	5.864289e-04	1.307216e-04	1
1	rs17024521	120466754	0	7.306564e-04	1.654082e-04	1
1	rs17024536	120478352	0	5.864289e-04	1.307216e-04	1
1	rs17024559	120491301	0	5.864289e-04	1.307216e-04	1
1	rs17024564	120501712	0	5.864289e-04	1.307216e-04	1
1	rs17024577	120506032	0	5.864289e-04	1.307216e-04	1
1	rs17024584	120511386	0	5.864289e-04	1.307216e-04	1
1	rs17024593	120515554	0	5.864289e-04	1.307216e-04	1
1	rs17038446	120392714	0	-4.851502e-04	-1.023165e-04	1
1	rs17186233	120297163	0	3.961064e-04	7.579336e-05	1
1	rs17186247	120299060	0	1.144254e-03	2.633760e-04	1
1	rs17186323	120413071	0	-1.151326e-03	-2.672451e-04	1
1	rs17186372	120500951	0	-6.840063e-04	-1.466287e-04	1
1	rs17258348	120139662	0	-2.475552e-04	-4.495725e-05	1
1	rs17258425	120286863	0	1.913380e-05	3.612019e-06	1
1	rs17258467	120323058	0	-5.269287e-04	-7.185473e-05	1
1	rs17258579	120469077	0	2.450362e-04	4.434726e-05	1
1	rs17258599	120515284	0	-6.840063e-04	-1.466287e-04	1
1	rs17258606	120517702	0	6.978010e-04	1.612152e-04	1
1	rs1738647	120532209	0	-8.316041e-04	-1.527681e-04	1
1	rs17842561	121267173	0	-5.215673e-04	-1.205404e-04	1
1	rs17842567	121308280	0	8.376559e-04	1.607272e-04	1
1	rs1812822	120112259	0	-1.886843e-03	-3.164261e-04	1
1	rs1814447	120315384	0	-1.531980e-03	-2.528462e-04	1
1	rs1815687	120377129	0	-9.278753e-04	-1.588394e-04	1
1	rs1830534	120136379	0	-3.860948e-04	-6.714173e-05	1
1	rs1830535	120137336	0	9.174776e-04	1.297522e-04	1
1	rs184588361	120141531	0	1.159966e-04	2.135025e-05	1
1	rs1853048	120240114	0	1.450414e-03	2.610129e-04	1
1	rs185541848	120553299	0	5.864289e-04	1.307216e-04	1
1	rs1856970	120368721	0	-1.081212e-03	-1.872823e-04	1
1	rs1856971	120368670	0	-1.081212e-03	-1.872823e-04	1
1	rs1869634	120683052	0	6.920003e-04	1.308226e-04	1
1	rs1886736	120267544	0	1.927282e-04	3.356283e-05	1
1	rs190082035	120544333	0	5.864289e-04	1.307216e-04	1
1	rs191535	120204208	0	-1.182216e-04	-2.710815e-05	1
1	rs1923025	120138083	0	-6.541760e-04	-9.254853e-05	1
1	rs1986111	121204788	0	-5.043317e-03	-1.718297e-03	1
1	rs1992377	120342215	0	7.068862e-04	1.109924e-04	1
1	rs200648026	120653251	0	-1.455248e-03	-2.049853e-04	1
1	rs2008694	120109785	1	-5.606964e-04	-8.102879e-05	1
1	rs2008921	120109113	0	-1.566564e-03	-2.535602e-04	1
1	rs2024838	120144321	0	7.004852e-04	1.148531e-04	1
1	rs2027447	120440029	0	-1.316752e-03	-2.521122e-04	1
1	rs2031401	120347632	0	1.527280e-03	3.173286e-04	1
1	rs2092930	120114294	0	3.466834e-04	5.746729e-05	1
1	rs2119470	120334696	0	-7.100085e-04	-9.750256e-05	1
1	rs2144769	120119053	0	-1.667732e-03	-2.542942e-04	1
1	rs2153675	120363381	5	-8.723972e-04	-1.458667e-04	1
1	rs2153676	120387376	0	-9.278753e-04	-1.588394e-04	1
1	rs2185608	120366283	0	-1.081212e-03	-1.872822e-04	1
1	rs2226084	120382121	0	-3.647580e-04	-5.639178e-05	1
1	rs2236398	120269567	0	-5.035034e-04	-8.758507e-05	1
1	rs2236399	120286457	0	2.943239e-04	5.981463e-05	1
1	rs2241868	120293169	0	-2.236371e-04	-4.537416e-05	1
1	rs2246410	120274455	0	-1.388804e-03	-2.286960e-04	1
1	rs2255944	120332837	0	-2.005939e-03	-3.477084e-04	1
1	rs2266023	120408549	0	-1.167817e-03	-2.039452e-04	1
1	rs2281493	120162787	0	5.300958e-04	7.633813e-05	1
1	rs2282402	120344880	0	-2.190394e-03	-4.694941e-04	1
1	rs2282403	120344900	0	1.055994e-03	1.503647e-04	1
1	rs2298069	120354019	0	-1.009835e-03	-1.905394e-04	1
1	rs2319969	121207335	0	4.714583e-03	1.533564e-03	1
1	rs2319970	121209836	0	4.570616e-03	1.431298e-03	1
1	rs2363498	120214824	0	-1.351846e-04	-2.936652e-05	1
1	rs2363611	120372492	0	-6.419063e-04	-1.003460e-04	1
1	rs2453040	120529750	0	-1.214644e-03	-2.317039e-04	1
1	rs2453042	120528932	0	-5.588297e-04	-8.909045e-05	1
1	rs2453044	120508524	0	-4.894093e-04	-8.264008e-05	1
1	rs2453051	120499573	0	-1.075838e-03	-2.012695e-04	1
1	rs2453056	120477998	0	-5.350382e-04	-8.933698e-05	1
1	rs2453058	120480709	0	-1.075838e-03	-2.012695e-04	1
1	rs2487569	120442257	6	-1.309348e-03	-2.581947e-04	1
1	rs2487570	120393118	0	-8.457112e-04	-1.438906e-04	1
1	rs2487571	120394328	0	-9.278753e-04	-1.588393e-04	1
1	rs2487573	120395095	0	-6.899841e-04	-1.091915e-04	1
1	rs2487575	120395914	0	-9.628491e-05	-1.564570e-05	1
1	rs2493389	120474178	0	-1.052725e-03	-1.992111e-04	1
1	rs2493390	120473066	0	-1.075838e-03	-2.012694e-04	1
1	rs2493391	120472507	0	-1.075838e-03	-2.012694e-04	1
1	rs2493392	120471857	0	-1.075838e-03	-2.012694e-04	1
1	rs2493394	120471224	0	-1.075838e-03	-2.012693e-04	1
1	rs2493411	120506786	0	-4.894093e-04	-8.263992e-05	1
1	rs2493415	120492200	0	-1.075838e-03	-2.012693e-04	1
1	rs2493416	120492164	0	-4.894093e-04	-8.263989e-05	1
1	rs2493420	120484421	0	-4.894093e-04	-8.263988e-05	1
1	rs2495288	120392355	0	-9.278753e-04	-1.588392e-04	1
1	rs2582779	120332045	0	-1.412372e-03	-2.214091e-04	1
1	rs2582780	120331433	0	-1.458337e-03	-2.313999e-04	1
1	rs2582782	120326426	0	-1.622487e-05	-2.455570e-06	1
1	rs2582784	120324506	0	-1.658735e-03	-2.767126e-04	1
1	rs2582785	120321791	0	-1.244380e-03	-1.952170e-04	1
1	rs2582786	120321101	0	-1.557863e-03	-2.556035e-04	1
1	rs2582788	120320497	0	-1.760973e-03	-2.958541e-04	1
1	rs2582796	120344134	0	-1.879107e-03	-3.336737e-04	1
1	rs2641316	120525554	0	-5.588297e-04	-8.909022e-05	1
1	rs2641317	120516618	0	-1.075838e-03	-2.012692e-04	1
1	rs2641346	120443540	0	-1.075838e-03	-2.012692e-04	1
1	rs2641352	120446063	0	-1.316752e-03	-2.521118e-04	1
1	rs2764886	120241771	0	8.182588e-04	1.142524e-04	1
1	rs2793823	120437718	0	-7.450592e-04	-1.211300e-04	1
1	rs2793824	120344105	0	-1.879107e-03	-3.336737e-04	1
1	rs2793825	120344146	0	-1.879107e-03	-3.336736e-04	1
1	rs2793827	120448805	0	-5.350382e-04	-8.933670e-05	1
1	rs2793829	120461253	0	-1.075838e-03	-2.012692e-04	1
1	rs2793831	120523902	0	-1.075838e-03	-2.012691e-04	1
1	rs2793833	120409578	0	-1.407557e-03	-2.525812e-04	1
1	rs2793837	120428635	0	-1.230443e-03	-2.182644e-04	1
1	rs2843015	120323893	0	-1.234044e-03	-1.920658e-04	1
1	rs2843016	120322961	0	-1.521644e-03	-2.488072e-04	1
1	rs2843017	120318021	0	-1.531980e-03	-2.528459e-04	1
1	rs2843020	120307560	0	-1.416335e-03	-3.100363e-04	1
1	rs2843021	120432181	0	-1.318323e-03	-2.353877e-04	1
1	rs2843023	120269079	0	1.330953e-03	2.544213e-04	1
1	rs2843024	120429554	0	-1.320714e-03	-2.447258e-04	1
1	rs2843025	120428796	0	-1.041610e-03	-2.178085e-04	1
1	rs2843027	120425577	0	-1.188618e-03	-2.093318e-04	1
1	rs28501188	120259794	0	-9.884495e-04	-1.667327e-04	1
1	rs28704102	121314554	0	4.365018e-03	1.441420e-03	1
1	rs28770871	121344500	0	4.545502e-03	1.440722e-03	1
1	rs28822785	121338964	0	4.545502e-03	1.440720e-03	1
1	rs2934381	120506108	0	-1.075838e-03	-2.012691e-04	1
1	rs2934387	120495506	0	-1.075838e-03	-2.012690e-04	1
1	rs2994808	120350309	0	-7.279949e-04	-1.208404e-04	1
1	rs2994809	120351977	0	-1.398334e-03	-2.819745e-04	1
1	rs2994810	120352453	0	-8.092782e-04	-1.351417e-04	1
1	rs2994811	120355513	0	-1.081212e-03	-1.872820e-04	1
1	rs2994812	120356568	0	-9.278753e-04	-1.588390e-04	1
1	rs2994814	120362531	0	-3.647580e-04	-5.639168e-05	1
1	rs2994815	120365519	0	-6.419063e-04	-1.003459e-04	1
1	rs2994816	120371217	0	-6.419063e-04	-1.003459e-04	1
1	rs2994817	120371903	0	-5.180946e-04	-8.053108e-05	1
1	rs2994818	120372282	0	-5.180946e-04	-8.053107e-05	1
1	rs2994819	120373264	0	-1.081212e-03	-1.872819e-04	1
1	rs2994820	120384205	0	-3.647580e-04	-5.639160e-05	1
1	rs2994822	120384785	0	-3.647580e-04	-5.639158e-05	1
1	rs2994823	120385937	0	-4.222021e-04	-8.619677e-05	1
1	rs3009184	120380008	0	-3.647580e-04	-5.639157e-05	1
1	rs3009186	120380990	0	-3.647580e-04	-5.639156e-05	1
1	rs3009187	120384682	0	-9.278753e-04	-1.588389e-04	1
1	rs3009189	120389133	0	-3.647580e-04	-5.639153e-05	1
1	rs3009190	120389422	0	-9.278753e-04	-1.588389e-04	1
1	rs3009191	120390071	0	-9.278753e-04	-1.588389e-04	1
1	rs3009192	120390354	0	-9.278753e-04	-1.588388e-04	1
1	rs3009194	120373298	0	-7.651981e-04	-1.276428e-04	1
1	rs3009195	120366712	0	-1.081212e-03	-1.872817e-04	1
1	rs3009196	120360473	0	-5.180946e-04	-8.053090e-05	1
1	rs3009197	120359998	0	-5.180946e-04	-8.053089e-05	1
1	rs3009198	120353364	0	-7.279949e-04	-1.208401e-04	1
1	rs3009199	120353189	0	-6.047031e-04	-9.437089e-05	1
1	rs3121203	120652074	0	-2.940954e-04	-4.154340e-05	1
1	rs34205653	120275219	0	-3.977039e-04	-8.925564e-05	1
1	rs34662109	120156653	0	-4.796548e-04	-8.605070e-05	1
1	rs346671	120129258	0	9.521903e-04	1.361616e-04	1
1	rs346673	120129427	0	1.208668e-03	1.751705e-04	1
1	rs346674	120129664	0	7.874705e-04	1.112057e-04	1
1	rs346675	120129678	0	7.874705e-04	1.112057e-04	1
1	rs346677	120130935	0	9.174776e-04	1.297521e-04	1
1	rs346681	120132493	0	1.170001e-03	1.686305e-04	1
1	rs346682	120133323	0	4.012802e-04	6.266533e-05	1
1	rs346683	120138931	0	-9.153504e-05	-1.507448e-05	1
1	rs347904	120177620	0	9.401198e-06	1.325678e-06	1
1	rs347905	120180034	0	9.391894e-04	1.644122e-04	1
1	rs347906	120180126	0	1.077639e-03	1.918888e-04	1
1	rs34791792	120332723	0	-7.100085e-04	-9.750260e-05	1
1	rs35273427	120436751	0	-9.826807e-04	-1.979206e-04	1
1	rs35821663	120156788	0	-4.359055e-04	-7.695303e-05	1
1	rs35826960	120424791	0	-3.911766e-04	-7.726707e-05	1
1	rs35922771	120163675	0	7.784405e-04	1.356632e-04	1
1	rs372313548	120552453	0	3.993915e-04	9.067049e-05	1
1	rs3748711	120164738	0	4.811888e-04	6.868852e-05	1
1	rs377033	120196652	0	2.004292e-03	3.369537e-04	1
1	rs3790692	120309868	0	-1.033285e-03	-1.556678e-04	1
1	rs3790693	120309462	0	-1.033285e-03	-1.556678e-04	1
1	rs3790694	120309441	0	-1.033285e-03	-1.556677e-04	1
1	rs3790696	120309148	0	-9.972566e-04	-1.482945e-04	1
1	rs3790706	120264675	0	-6.812080e-04	-1.514629e-04	1
1	rs3790707	120264573	0	-6.812080e-04	-1.514629e-04	1
1	rs3795661	120165125	0	8.842944e-06	1.257945e-06	1
1	rs3795662	120165135	0	4.811888e-04	6.868849e-05	1
1	rs3795663	120165187	0	4.811888e-04	6.868847e-05	1
1	rs3795666	120458924	0	6.978010e-04	1.612150e-04	1
1	rs3828089	120309274	0	-9.972566e-04	-1.482945e-04	1
1	rs3850869	120136017	0	-3.860948e-04	-6.714181e-05	1
1	rs3850870	120161037	0	7.432431e-04	1.000545e-04	1
1	rs3862258	120114879	0	-1.178179e-03	-1.722413e-04	1
1	rs3862260	120160789	0	7.432431e-04	1.000545e-04	1
1	rs3862261	120160822	0	7.432431e-04	1.000544e-04	1
1	rs3897478	120451190	0	-1.075838e-03	-2.012690e-04	1
1	rs3929689	120248525	0	1.385521e-03	2.471431e-04	1
1	rs4021423	120115723	0	-1.305782e-03	-1.930913e-04	1
1	rs4021424	120115735	0	-1.305782e-03	-1.930913e-04	1
1	rs4077553	120130394	0	1.159966e-04	2.135020e-05	1
1	rs4079793	120161324	0	5.300958e-04	7.633797e-05	1
1	rs41276622	120162587	0	-1.217450e-03	-2.767768e-04	1
1	rs41276624	120262065	0	-8.616027e-04	-1.560678e-04	1
1	rs41276626	120262112	0	1.436300e-03	2.820382e-04	1
1	rs41276630	120264100	0	-6.812080e-04	-1.514629e-04	1
1	rs41277624	120459433	0	-3.340711e-04	-7.081648e-05	1
1	rs41306195	120463044	0	1.297187e-03	2.792749e-04	1
1	rs41427946	120109260	0	-1.140793e-03	-2.644730e-04	1
1	rs4147001	121236110	0	3.980484e-03	1.372963e-03	1
1	rs41529645	120156051	0	-3.778723e-04	-5.298971e-05	1
1	rs422647	120195840	0	2.004292e-03	3.369535e-04	1
1	rs4391705	120288740	0	7.430280e-04	1.397772e-04	1
1	rs4481896	120131516	0	-1.237434e-04	-2.248307e-05	1
1	rs454510	120195042	0	2.004292e-03	3.369535e-04	1
1	rs45488800	120267061	0	-1.006598e-03	-1.865413e-04	1
1	rs4659010	120119497	0	-1.257513e-03	-1.851406e-04	1
1	rs4659011	120119724	0	4.046875e-04	6.693797e-05	1
1	rs4659012	120120632	0	-1.763848e-03	-2.864265e-04	1
1	rs4659014	120127497	0	5.711851e-04	8.495014e-05	1
1	rs4659016	120116183	0	-1.305782e-03	-1.930912e-04	1
1	rs4659019	120303322	0	-3.897120e-04	-7.238243e-05	1
1	rs4659202	120110074	0	-1.528003e-03	-2.472401e-04	1
1	rs4659203	120110104	0	-1.519197e-03	-2.455489e-04	1
1	rs4659204	120110175	0	-1.566564e-03	-2.535601e-04	1
1	rs4659205	120110257	0	-1.562750e-03	-2.535385e-04	1
1	rs4659206	120111383	0	-1.469882e-04	-2.083038e-05	1
1	rs4659207	120111468	0	-4.453955e-04	-6.283002e-05	1
1	rs4659209	120146035	0	-9.153504e-05	-1.507453e-05	1
1	rs4659210	120146123	0	1.159966e-04	2.135019e-05	1
1	rs4659211	120150673	0	3.333272e-04	5.309744e-05	1
1	rs4659212	120153626	0	1.237219e-03	2.114493e-04	1
1	rs4659216	120160884	0	7.784405e-04	1.356631e-04	1
1	rs4659219	120161441	0	1.891773e-03	3.037599e-04	1
1	rs4659222	120169137	0	-5.630902e-05	-7.861267e-06	1
1	rs4659233	120303332	0	-3.897120e-04	-7.238244e-05	1
1	rs4659236	120331584	0	-7.100085e-04	-9.750262e-05	1
1	rs4659237	120336278	0	-6.737897e-04	-9.260248e-05	1
1	rs4659245	120415986	0	-2.668244e-04	-3.648562e-05	1
1	rs4659247	120425404	0	-2.232973e-04	-3.041151e-05	1
1	rs4659248	120474899	0	2.487650e-04	4.293300e-05	1
1	rs4659250	120498086	0	-1.078302e-04	-1.626059e-05	1
1	rs477992	120257576	0	9.123012e-05	1.395958e-05	1
1	rs478093	120255126	0	-3.063570e-04	-4.629948e-05	1
1	rs478450	120233922	0	8.182588e-04	1.142522e-04	1
1	rs483180	120267505	0	-4.240542e-04	-6.536047e-05	1
1	rs483360	120200606	0	1.413696e-04	1.967745e-05	1
1	rs4844580	121220798	0	-5.081984e-03	-1.772943e-03	1
1	rs487081	120217389	0	-4.796580e-04	-6.734868e-05	1
1	rs487884	120217330	0	-4.796580e-04	-6.734868e-05	1
1	rs493427	120207482	0	-1.494222e-03	-2.347434e-04	1
1	rs496195	120207182	0	-3.657344e-04	-5.110296e-05	1
1	rs496198	120207177	0	-3.657344e-04	-5.110295e-05	1
1	rs5025718	120478285	0	-1.078302e-04	-1.626051e-05	1
1	rs511059	120217081	0	-4.796580e-04	-6.734871e-05	1
1	rs514491	120216743	0	-4.796580e-04	-6.734872e-05	1
1	rs517533	120229170	0	6.740313e-04	9.391835e-05	1
1	rs518027	120278487	0	7.936856e-04	1.213242e-04	1
1	rs522277	120288333	0	4.589217e-04	6.821247e-05	1
1	rs532303	120265444	0	2.565237e-04	3.913417e-05	1
1	rs539304	120275602	0	-1.338168e-03	-2.538215e-04	1
1	rs539426	120275647	0	-1.338168e-03	-2.538215e-04	1
1	rs539708	120208503	0	4.796580e-04	6.734874e-05	1
1	rs539799	120208472	0	-1.494222e-03	-2.347433e-04	1
1	rs541503	120208297	0	4.796580e-04	6.734876e-05	1
1	rs541763	120245407	0	5.048455e-04	8.176467e-05	1
1	rs543703	120285546	0	8.210608e-04	1.260394e-04	1
1	rs550174	120263643	0	4.533190e-04	7.319701e-05	1
1	rs55713555	120233470	0	-8.307168e-04	-1.896151e-04	1
1	rs55806106	120232539	0	1.450414e-03	2.610128e-04	1
1	rs55899400	120267431	0	1.436300e-03	2.820382e-04	1
1	rs56051540	120156014	0	-3.057953e-04	-5.442640e-05	1
1	rs56096705	120145484	0	1.159966e-04	2.135014e-05	1
1	rs56181107	120128098	0	-2.396425e-04	-4.803106e-05	1
1	rs56187249	120199391	0	-1.159550e-03	-2.617714e-04	1
1	rs561931	120254506	0	-4.404227e-04	-6.277157e-05	1
1	rs562038	120254545	0	-2.467195e-04	-3.785052e-05	1
1	rs56239558	120307994	0	-2.366269e-04	-4.260310e-05	1
1	rs56266123	121188655	0	-2.075773e-03	-5.103360e-04	1
1	rs56302051	120519618	0	-1.075838e-03	-2.012689e-04	1
1	rs56342935	120462468	0	5.864289e-04	1.307214e-04	1
1	rs56384412	120370288	0	-7.857640e-04	-1.661131e-04	1
1	rs566864	120293748	0	6.910799e-04	1.054211e-04	1
1	rs56918624	120432060	0	3.404140e-04	6.596801e-05	1
1	rs57257204	120500640	0	5.864289e-04	1.307214e-04	1
1	rs573763	120237072	0	4.399522e-04	7.103786e-05	1
1	rs586650	120260969	0	-3.286340e-04	-4.573047e-05	1
1	rs59024536	120490046	0	5.864289e-04	1.307214e-04	1
1	rs590825	120287800	0	8.210608e-04	1.260393e-04	1
1	rs591162	120287826	0	7.024570e-04	1.069450e-04	1
1	rs592762	120247355	0	6.740313e-04	9.391828e-05	1
1	rs593911	120288463	0	4.589217e-04	6.821242e-05	1
1	rs594400	120214275	0	4.796580e-04	6.734880e-05	1
1	rs595283	120247887	0	6.740313e-04	9.391826e-05	1
1	rs597308	120214953	0	-4.796580e-04	-6.734882e-05	1
1	rs598100	120213847	0	1.892807e-04	2.936694e-05	1
1	rs598685	120215269	0	-4.796580e-04	-6.734882e-05	1
1	rs60234477	120433211	0	3.404140e-04	6.596802e-05	1
1	rs60466603	120247482	0	1.504043e-03	2.727897e-04	1
1	rs606312	120222582	0	-4.439994e-04	-6.265218e-05	1
1	rs608358	120289407	0	-1.505407e-03	-2.613192e-04	1
1	rs60949447	120425174	0	7.241523e-04	1.445795e-04	1
1	rs610404	120283249	0	8.749689e-04	1.346173e-04	1
1	rs611365	120242571	0	8.182588e-04	1.142520e-04	1
1	rs612430	120216025	0	-4.796580e-04	-6.734885e-05	1
1	rs61447698	120417470	0	3.404140e-04	6.596802e-05	1
1	rs61598511	120356172	0	-1.009835e-03	-1.905392e-04	1
1	rs61787108	120211330	0	6.753805e-04	9.414203e-05	1
1	rs61789690	120345229	0	-1.566189e-03	-3.102272e-04	1
1	rs61789693	120381846	0	1.767010e-03	4.173438e-04	1
1	rs61789907	120693210	0	1.414238e-03	2.507227e-04	1
1	rs61803643	121196877	0	1.255783e-03	2.899140e-04	1
1	rs61808511	120116588	0	4.225192e-04	7.028989e-05	1
1	rs61808529	120138690	0	-6.258349e-04	-1.097642e-04	1
1	rs61808532	120146650	0	3.709179e-04	8.410495e-05	1
1	rs61808533	120146656	0	3.709179e-04	8.410495e-05	1
1	rs61808545	120157783	0	4.723459e-04	7.640341e-05	1
1	rs620741	120230079	0	2.675604e-04	4.303194e-05	1
1	rs627070	120284669	0	8.210608e-04	1.260393e-04	1
1	rs627707	120217133	0	-4.796580e-04	-6.734887e-05	1
1	rs629735	120206932	0	-3.657344e-04	-5.110279e-05	1
1	rs636101	120256713	0	5.291549e-04	8.574534e-05	1
1	rs637868	120257110	0	-1.382620e-03	-2.024205e-04	1
1	rs639216	120217414	0	-4.796580e-04	-6.734887e-05	1
1	rs639761	120217558	0	-4.796580e-04	-6.734888e-05	1
1	rs640195	120217650	0	-4.796580e-04	-6.734888e-05	1
1	rs6428833	120123179	0	-8.992564e-04	-1.273289e-04	1
1	rs646124	120237803	0	5.048455e-04	8.176458e-05	1
1	rs649733	120291724	0	6.910799e-04	1.054210e-04	1
1	rs651347	120298703	0	1.614131e-04	2.378309e-05	1
1	rs658442	120244858	0	6.740313e-04	9.391818e-05	1
1	rs6600671	121200490	0	5.371566e-03	2.244739e-03	1
1	rs660073	120245173	0	6.740313e-04	9.391807e-05	1
1	rs6600746	121288121	0	-5.248281e-03	-2.029374e-03	1
1	rs662243	120209564	0	-3.657344e-04	-5.110258e-05	1
1	rs662602	120266903	0	4.240542e-04	6.536013e-05	1
1	rs662924	120299022	0	3.768397e-04	5.478060e-05	1
1	rs6656016	120154070	0	2.684339e-04	4.226502e-05	1
1	rs6661517	120340115	0	-7.100085e-04	-9.750264e-05	1
1	rs6662643	120549727	0	5.864289e-04	1.307214e-04	1
1	rs6667041	121204834	0	1.364864e-04	2.632284e-05	1
1	rs6668119	120439109	0	-1.564884e-03	-3.085477e-04	1
1	rs6668773	120116142	0	3.558957e-04	5.894736e-05	1
1	rs666930	120258970	0	-1.382620e-03	-2.024206e-04	1
1	rs6669539	121318329	0	4.603155e-03	1.482361e-03	1
1	rs6669867	120418046	0	3.404140e-04	6.596793e-05	1
1	rs667226	120293352	0	-1.334204e-03	-2.582470e-04	1
1	rs6672394	120111261	0	1.339150e-03	2.332836e-04	1
1	rs667246	120293367	0	3.010341e-04	4.439797e-05	1
1	rs6677352	120116050	0	3.466834e-04	5.746699e-05	1
1	rs667770	120259154	0	4.533190e-04	7.319681e-05	1
1	rs6680423	120116698	0	-1.828742e-03	-3.005830e-04	1
1	rs668156	120293568	0	-1.334204e-03	-2.582470e-04	1
1	rs6681563	120565984	0	1.286004e-03	2.788906e-04	1
1	rs6683122	120242179	0	1.385521e-03	2.471429e-04	1
1	rs6683791	120418499	0	-5.797506e-04	-1.019104e-04	1
1	rs6683871	120336008	0	-7.100085e-04	-9.750264e-05	1
1	rs6685892	120458004	0	-1.075838e-03	-2.012689e-04	1
1	rs6686155	120406847	0	-8.981085e-04	-1.925476e-04	1
1	rs6688004	120474507	0	-2.438484e-05	-3.615489e-06	1
1	rs6688574	120121208	0	-2.186238e-03	-3.787874e-04	1
1	rs6689072	120327455	0	-2.030345e-03	-3.200567e-04	1
1	rs6689350	120152082	0	2.439289e-04	3.978044e-05	1
1	rs6697258	120485335	0	1.286004e-03	2.788906e-04	1
1	rs6697347	120327339	0	-1.804526e-03	-2.739589e-04	1
1	rs6698813	120336182	0	-7.100085e-04	-9.750256e-05	1
1	rs6698907	120336083	0	-7.100085e-04	-9.750255e-05	1
1	rs6700084	121220095	0	3.900930e-03	1.099231e-03	1
1	rs6701437	120115285	0	-1.134296e-03	-1.749382e-04	1
1	rs67222477	120157733	0	4.723459e-04	7.640328e-05	1
1	rs67591840	120422045	0	3.404140e-04	6.596796e-05	1
1	rs677277	120202298	0	-3.767764e-04	-5.253730e-05	1
1	rs67765421	120434793	0	3.404140e-04	6.596796e-05	1
1	rs67905606	120422061	0	3.404140e-04	6.596796e-05	1
1	rs686362	120221011	0	1.337716e-03	2.096155e-04	1
1	rs699775	120162152	0	5.738451e-04	8.248188e-05	1
1	rs699778	120336876	0	-7.100085e-04	-9.750254e-05	1
1	rs699779	120455310	0	-1.060354e-03	-1.980787e-04	1
1	rs71519737	120110779	0	-1.631541e-03	-2.690930e-04	1
1	rs71519738	120110781	0	-1.631541e-03	-2.690930e-04	1
1	rs71519739	120110783	0	-1.631541e-03	-2.690930e-04	1
1	rs71672734	120285236	0	-3.977039e-04	-8.925559e-05	1
1	rs71672737	120341256	0	-3.397146e-04	-6.828909e-05	1
1	rs72695107	120133000	0	1.159966e-04	2.135007e-05	1
1	rs72695109	120133103	0	1.159966e-04	2.135006e-05	1
1	rs72695110	120135045	0	-3.860948e-04	-6.714184e-05	1
1	rs72695115	120143370	0	-8.243513e-04	-1.808017e-04	1
1	rs72695117	120144450	0	1.159966e-04	2.135006e-05	1
1	rs72695118	120145530	0	-6.107804e-04	-1.305774e-04	1
1	rs72695123	120147862	0	-7.815120e-06	-1.437650e-06	1
1	rs72695127	120152460	0	-1.217450e-03	-2.767766e-04	1
1	rs72695153	120185841	0	-1.207331e-03	-2.853355e-04	1
1	rs72695180	120306216	0	-4.063205e-04	-9.336348e-05	1
1	rs72695200	120350386	0	-3.041062e-05	-6.470539e-06	1
1	rs72697203	120352832	0	4.750292e-04	1.095125e-04	1
1	rs72697210	120374995	0	1.031781e-04	2.365351e-05	1
1	rs72697218	120396298	0	4.267684e-04	9.644897e-05	1
1	rs72697221	120402436	0	4.750292e-04	1.095125e-04	1
1	rs72697235	120470445	0	-1.223341e-04	-2.098470e-05	1
1	rs72697237	120473425	0	-1.052725e-03	-1.992105e-04	1
1	rs72697239	120478807	0	-6.840063e-04	-1.466284e-04	1
1	rs72697300	121180236	0	-2.071505e-03	-5.136020e-04	1
1	rs72697302	121182981	0	-2.071505e-03	-5.136020e-04	1
1	rs72699833	121281487	0	-1.839216e-04	-3.712225e-05	1
1	rs729234	120337835	0	-1.990098e-04	-2.657234e-05	1
1	rs74115381	120414678	0	-9.201646e-04	-1.976662e-04	1
1	rs74115384	120429402	0	-1.121579e-03	-2.448005e-04	1
1	rs74115387	120445032	0	5.864289e-04	1.307213e-04	1
1	rs74115388	120446201	0	5.864289e-04	1.307213e-04	1
1	rs74115390	120450282	0	5.864289e-04	1.307213e-04	1
1	rs74115392	120451209	0	5.864289e-04	1.307213e-04	1
1	rs74115396	120453618	0	5.864289e-04	1.307213e-04	1
1	rs74115509	120522764	0	5.864289e-04	1.307213e-04	1
1	rs74117505	120469983	0	5.864289e-04	1.307213e-04	1
1	rs74117563	120487636	0	5.864289e-04	1.307213e-04	1
1	rs74117565	120487938	0	5.864289e-04	1.307213e-04	1
1	rs74117567	120488880	0	5.864289e-04	1.307213e-04	1
1	rs74117568	120489335	0	5.864289e-04	1.307213e-04	1
1	rs74117570	120490204	0	5.864289e-04	1.307213e-04	1
1	rs7412780	120538874	0	6.978010e-04	1.612149e-04	1
1	rs74338522	120489877	0	-1.306987e-04	-2.944820e-05	1
1	rs74428125	120148876	0	4.906261e-04	1.085884e-04	1
1	rs74710428	120412019	0	-7.963529e-04	-1.700485e-04	1
1	rs74848367	120154679	0	-1.361677e-03	-3.138725e-04	1
1	rs74984954	120234068	0	1.450414e-03	2.610126e-04	1
1	rs7512994	120347239	0	-1.098568e-03	-1.599347e-04	1
1	rs7515431	120513548	0	-1.190335e-03	-2.258691e-04	1
1	rs7516324	120339697	0	-7.100085e-04	-9.750251e-05	1
1	rs75173717	120430326	0	-6.053652e-04	-1.397845e-04	1
1	rs7521305	120237650	0	-8.940349e-04	-1.592361e-04	1
1	rs7527186	120457501	0	6.798658e-04	1.516732e-04	1
1	rs75292191	120218508	0	-1.384039e-03	-2.763183e-04	1
1	rs75308846	120199209	0	-1.249297e-03	-2.935619e-04	1
1	rs753425	120316746	0	-1.328523e-03	-2.112166e-04	1
1	rs7534585	120496119	0	-1.075838e-03	-2.012687e-04	1
1	rs7534586	120496127	0	-1.075838e-03	-2.012687e-04	1
1	rs75393459	120399587	0	-6.981115e-04	-1.472952e-04	1
1	rs7539526	120428097	0	-2.232973e-04	-3.041136e-05	1
1	rs75402728	120218416	0	-1.384039e-03	-2.763183e-04	1
1	rs7544341	120691852	0	-5.692098e-04	-1.023644e-04	1
1	rs7547168	120435163	0	-1.741364e-03	-4.094358e-04	1
1	rs7551417	120124350	0	-1.785085e-03	-2.828350e-04	1
1	rs7552885	120164966	0	4.811888e-04	6.868816e-05	1
1	rs75583156	120202643	0	-1.248855e-03	-2.630859e-04	1
1	rs75648174	120217995	0	-1.248855e-03	-2.630859e-04	1
1	rs75730636	120263015	0	-1.091454e-03	-2.634690e-04	1
1	rs76065415	120222104	0	6.052140e-04	1.326741e-04	1
1	rs76117647	120128683	0	4.217787e-04	9.756903e-05	1
1	rs76190017	120401939	0	-7.772796e-07	-1.729853e-07	1
1	rs76236163	120166453	0	-2.670554e-04	-4.983802e-05	1
1	rs76808313	120221309	0	-1.248855e-03	-2.630859e-04	1
1	rs76813432	120696746	1	2.013471e-03	4.184902e-04	1
1	rs76863659	120531321	0	-4.952981e-04	-1.121701e-04	1
1	rs77139473	120304006	0	1.778532e-04	3.619815e-05	1
1	rs77223842	120337954	0	-2.524185e-04	-5.515841e-05	1
1	rs77542178	120515032	0	-5.104944e-04	-1.193566e-04	1
1	rs77665238	120160347	0	1.524696e-04	2.705082e-05	1
1	rs77789548	120199079	0	-5.072701e-04	-1.111600e-04	1
1	rs77801324	120507018	0	1.421240e-03	3.084139e-04	1
1	rs77881430	120133806	0	3.375891e-05	7.733172e-06	1
1	rs77881858	120113578	0	-1.156660e-03	-2.701395e-04	1
1	rs77961682	120431343	0	-9.447975e-04	-2.068841e-04	1
1	rs78009356	120229417	0	-1.146391e-03	-2.112963e-04	1
1	rs78073184	120430876	0	-8.055652e-04	-1.729596e-04	1
1	rs78165043	120435245	0	-1.445906e-03	-3.306037e-04	1
1	rs78311267	120411136	0	7.843392e-04	1.846612e-04	1
1	rs78429989	120158824	0	-1.361677e-03	-3.138725e-04	1
1	rs78458351	120136721	0	3.375891e-05	7.733172e-06	1
1	rs78459138	120116437	0	3.466834e-04	5.746693e-05	1
1	rs78537104	120220922	0	-1.248855e-03	-2.630859e-04	1
1	rs78827533	120261116	0	-7.819530e-04	-1.423440e-04	1
1	rs78847106	121311667	0	-2.741909e-04	-6.126718e-05	1
1	rs78854743	120428078	0	-8.055652e-04	-1.729596e-04	1
1	rs78937272	120431602	0	-8.055652e-04	-1.729596e-04	1
1	rs79296520	120291975	0	2.814049e-04	5.646365e-05	1
1	rs79332994	120422701	0	5.403494e-04	1.235426e-04	1
1	rs79460646	120420260	0	-7.772796e-07	-1.729818e-07	1
1	rs79526146	120684961	0	-1.124685e-03	-1.757445e-04	1
1	rs79542705	120233112	0	-8.307168e-04	-1.896150e-04	1
1	rs79775675	120405606	0	1.931379e-04	4.381433e-05	1
1	rs79900295	120194473	0	1.964803e-04	4.511381e-05	1
1	rs835563	120399156	0	-8.610808e-04	-1.464990e-04	1
1	rs835565	120400343	0	-9.278753e-04	-1.588388e-04	1
1	rs835573	120464165	0	-4.894093e-04	-8.263952e-05	1
1	rs835575	120456563	0	-1.075838e-03	-2.012687e-04	1
1	rs835576	120455586	0	-9.458573e-04	-1.744535e-04	1
1	rs835578	120406583	0	-9.278753e-04	-1.588388e-04	1
1	rs838986	120175121	0	1.731942e-04	2.469275e-05	1
1	rs838987	120176127	0	2.044326e-05	2.897172e-06	1
1	rs839600	120211883	0	4.796580e-04	6.734913e-05	1
1	rs839605	120217524	0	-4.796580e-04	-6.734913e-05	1
1	rs839607	120218998	0	-4.439994e-04	-6.265248e-05	1
1	rs839608	120219035	0	-4.439994e-04	-6.265248e-05	1
1	rs839612	120247176	0	6.740313e-04	9.391790e-05	1
1	rs839613	120247749	0	5.048455e-04	8.176440e-05	1
1	rs839615	120255578	0	2.292152e-04	3.725935e-05	1
1	rs839616	120261388	0	-3.286340e-04	-4.573072e-05	1
1	rs844346	120402790	0	-9.278753e-04	-1.588388e-04	1
1	rs856658	120404295	0	-9.278753e-04	-1.588387e-04	1
1	rs860674	120402764	0	-9.278753e-04	-1.588387e-04	1
1	rs866321	120224469	0	-5.896593e-04	-8.377542e-05	1
1	rs894079	120263657	0	-4.884798e-04	-7.980148e-05	1
1	rs920513	120272606	0	-4.015489e-04	-8.899733e-05	1
1	rs930448	120316863	0	-1.557863e-03	-2.556031e-04	1
1	rs935056	120333398	0	-7.100085e-04	-9.750252e-05	1
1	rs935058	120333333	0	-7.100085e-04	-9.750250e-05	1
1	rs935059	120333201	0	-7.100085e-04	-9.750248e-05	1
1	rs935060	120319784	0	-1.244380e-03	-1.952167e-04	1
1	rs9428170	120379737	10	-1.650776e-03	-2.389941e-04	1
1	rs9428324	120656415	0	2.186813e-04	2.986144e-05	1
1	rs9428330	120681373	0	2.351946e-03	3.913622e-04	1
1	rs942835	120263018	0	-4.884798e-04	-7.980148e-05	1
1	rs947268	120376477	0	-9.278753e-04	-1.588387e-04	1
1	rs947269	120347136	0	-2.627299e-03	-4.621897e-04	1
1	rs947270	120337384	0	-7.100085e-04	-9.750248e-05	1
1	rs947271	120337403	0	-4.841894e-04	-6.546984e-05	1
1	rs947274	120382452	0	-4.885697e-04	-7.585493e-05	1
1	rs9659196	120208115	0	1.484522e-03	2.651535e-04	1
1	rs9662844	120414174	0	3.404140e-04	6.596804e-05	1
1	rs978730	120313254	0	-1.230523e-03	-1.886655e-04	1
1	rs9943291	120292290	0	-2.236371e-04	-4.537441e-05	1
