chr	rs	ps	n_miss	b	beta	gamma
19	rs1004526	58588849	0	-1.881096e-04	-8.079922e-06	1
19	rs101447	58720717	0	-1.704207e-04	-7.235925e-06	1
19	rs1014767	58528303	0	-2.590889e-03	-1.219700e-04	1
19	rs1015224	58724380	0	-1.813651e-04	-8.310593e-06	1
19	rs1019490	58610559	0	8.641420e-04	3.677735e-05	1
19	rs10401711	58624499	0	2.448169e-04	1.073778e-05	1
19	rs10402098	58624615	0	2.448169e-04	1.073778e-05	1
19	rs10402211	58652341	0	1.558041e-03	6.962023e-05	1
19	rs10402307	58624732	0	1.120115e-03	4.930680e-05	1
19	rs10403117	58744033	0	-8.157273e-04	-3.690372e-05	1
19	rs10404798	58628509	0	2.448169e-04	1.073778e-05	1
19	rs10405350	58628515	0	4.760530e-04	2.089981e-05	1
19	rs10407096	58887170	0	1.274993e-03	5.527941e-05	1
19	rs10407894	58625081	0	2.448169e-04	1.073777e-05	1
19	rs10409388	58604114	0	1.751831e-04	7.408529e-06	1
19	rs10411535	58708526	0	1.304014e-03	5.648589e-05	1
19	rs10412181	58814507	0	-3.794704e-04	-1.609684e-05	1
19	rs10412209	58629463	0	2.804439e-04	1.227790e-05	1
19	rs10412612	58632446	0	2.448169e-04	1.073777e-05	1
19	rs10415286	58720992	0	8.746311e-04	3.717079e-05	1
19	rs10415313	58675417	0	1.617245e-03	7.266213e-05	1
19	rs10419091	58723359	0	8.743553e-04	3.840928e-05	1
19	rs10419259	58630192	0	1.085305e-03	4.771211e-05	1
19	rs10420221	58794026	0	-1.388765e-03	-6.164570e-05	1
19	rs10420540	58521290	0	2.742036e-04	1.203168e-05	1
19	rs10420801	58609457	0	-9.775397e-04	-4.289478e-05	1
19	rs10421140	58609376	0	-3.148225e-04	-1.369489e-05	1
19	rs10421350	58609443	0	-9.775397e-04	-4.289477e-05	1
19	rs10422127	58609220	0	-2.598911e-04	-1.150344e-05	1
19	rs10422438	58523444	0	1.020693e-04	4.407034e-06	1
19	rs10422730	58618747	0	6.319745e-04	2.782492e-05	1
19	rs10423778	58627574	0	8.675124e-04	3.785080e-05	1
19	rs10424179	58627725	0	8.675124e-04	3.785080e-05	1
19	rs10425266	58694416	0	9.648823e-04	4.248534e-05	1
19	rs10425685	58703085	0	9.648823e-04	4.248533e-05	1
19	rs1057402	58580277	0	-7.697957e-07	-2.791672e-08	1
19	rs1064267	58597405	0	1.032857e-03	4.582436e-05	1
19	rs10775573	58614974	0	8.641420e-04	3.677728e-05	1
19	rs10775574	58615053	0	8.641420e-04	3.677728e-05	1
19	rs1080416	58559785	0	-1.532942e-03	-6.902793e-05	1
19	rs10853902	58614749	0	8.641420e-04	3.677727e-05	1
19	rs10853903	58714926	0	7.706771e-04	3.372666e-05	1
19	rs10853904	58885260	0	-9.680734e-04	-4.409709e-05	1
19	rs10878	58595676	0	2.927051e-04	1.269574e-05	1
19	rs11084528	58527472	0	-2.096899e-03	-9.462906e-05	1
19	rs11084531	58582586	0	-2.879340e-04	-1.219031e-05	1
19	rs11084532	58583939	0	-2.879340e-04	-1.219030e-05	1
19	rs11084534	58613950	0	8.641420e-04	3.677726e-05	1
19	rs11084535	58614035	0	8.641420e-04	3.677725e-05	1
19	rs11084537	58629227	0	-1.391620e-04	-6.150029e-06	1
19	rs11084538	58629238	0	4.760530e-04	2.089977e-05	1
19	rs111426967	58526736	0	3.489052e-04	1.565987e-05	1
19	rs111476488	58632584	0	-7.327172e-04	-3.224590e-05	1
19	rs111728832	58712814	0	1.504793e-04	6.907275e-06	1
19	rs111938040	58682195	0	-3.844630e-04	-1.760674e-05	1
19	rs111961880	58521852	0	-1.387787e-04	-6.281988e-06	1
19	rs112072625	58851928	0	9.416479e-05	4.221710e-06	1
19	rs112121304	58747493	0	-6.734256e-04	-3.049021e-05	1
19	rs112380274	58538047	0	3.400770e-04	1.545587e-05	1
19	rs112630877	58713159	0	-1.755001e-04	-7.914839e-06	1
19	rs112809147	58521822	0	1.611527e-04	7.226955e-06	1
19	rs112884174	58795474	0	-1.814980e-03	-8.234303e-05	1
19	rs112905868	58696543	0	8.638883e-04	3.798735e-05	1
19	rs112923015	58843344	0	9.416479e-05	4.221711e-06	1
19	rs113038922	58848825	4	-1.262801e-04	-5.725048e-06	1
19	rs113129007	58572389	0	-1.454657e-04	-6.652858e-06	1
19	rs113702420	58728671	0	-1.813651e-04	-8.310592e-06	1
19	rs113744797	58793000	0	2.388219e-04	1.091336e-05	1
19	rs113747485	58702661	0	-3.511629e-04	-1.580452e-05	1
19	rs113782954	58521588	0	7.114225e-04	3.100275e-05	1
19	rs113896797	58522122	0	4.353563e-04	1.882883e-05	1
19	rs113897676	58526091	1	4.412233e-04	1.978104e-05	1
19	rs113909979	58843146	0	9.416479e-05	4.221711e-06	1
19	rs113992190	58531244	0	1.611527e-04	7.226953e-06	1
19	rs115134660	58671275	0	-5.744122e-04	-2.612974e-05	1
19	rs11666156	58790359	0	4.264451e-04	1.799815e-05	1
19	rs11666227	58573559	0	3.268063e-04	1.386175e-05	1
19	rs11666477	58777937	0	-7.367900e-04	-3.144861e-05	1
19	rs11666610	58527828	0	-2.616881e-03	-1.228397e-04	1
19	rs11667482	58568958	0	-9.765041e-04	-4.120194e-05	1
19	rs11667581	58622193	0	8.383777e-04	3.566533e-05	1
19	rs11668350	58775813	0	4.772290e-04	2.039405e-05	1
19	rs11668785	58780089	0	-1.840458e-04	-7.800502e-06	1
19	rs11669305	58886431	0	6.945709e-05	3.062660e-06	1
19	rs11669373	58798685	0	6.890238e-04	2.926743e-05	1
19	rs11669829	58624120	0	2.448169e-04	1.073772e-05	1
19	rs11669919	58580394	0	-2.879340e-04	-1.219029e-05	1
19	rs11670035	58573649	0	7.354505e-04	3.151716e-05	1
19	rs11670075	58751393	0	1.141008e-04	4.833988e-06	1
19	rs11670848	58580962	0	-2.879340e-04	-1.219028e-05	1
19	rs11671199	58722673	0	5.542082e-04	2.412889e-05	1
19	rs11671477	58800346	0	6.890238e-04	2.926742e-05	1
19	rs11671486	58793064	0	6.294095e-04	2.673322e-05	1
19	rs11671725	58587046	0	-2.879340e-04	-1.219028e-05	1
19	rs11672379	58575800	0	2.871642e-04	1.217964e-05	1
19	rs11672645	58718698	0	8.710778e-04	3.790021e-05	1
19	rs11672765	58801758	0	-5.881679e-04	-2.483420e-05	1
19	rs11672773	58801784	0	-8.125115e-04	-3.450352e-05	1
19	rs11673436	58576358	0	-2.879340e-04	-1.219027e-05	1
19	rs11673550	58777337	0	5.494805e-04	2.312589e-05	1
19	rs11673557	58777390	0	6.641879e-04	2.805531e-05	1
19	rs116922203	58537659	0	-3.055730e-04	-1.399654e-05	1
19	rs116938565	58752980	0	-1.148941e-04	-5.204769e-06	1
19	rs117121674	58619217	0	-2.624683e-04	-1.207914e-05	1
19	rs117207849	58645844	0	1.575013e-04	7.227708e-06	1
19	rs117233340	58531540	0	-3.328673e-04	-1.525098e-05	1
19	rs117482759	58808414	0	-6.997458e-05	-3.204937e-06	1
19	rs117509647	58580355	0	-3.440021e-04	-1.570546e-05	1
19	rs117591817	58875573	0	-2.029455e-04	-9.335451e-06	1
19	rs117667229	58690935	0	1.995512e-04	9.089098e-06	1
19	rs117761389	58665641	0	-1.133262e-04	-5.189142e-06	1
19	rs117800501	58649809	0	4.167605e-04	1.907753e-05	1
19	rs117831716	58571600	0	-3.726785e-04	-1.709422e-05	1
19	rs117962485	58794158	0	2.212822e-04	1.018230e-05	1
19	rs118058287	58726678	0	-5.020621e-04	-2.291876e-05	1
19	rs118122480	58697975	0	-3.401961e-05	-1.563921e-06	1
19	rs118165397	58873238	0	-3.297708e-04	-1.493167e-05	1
19	rs11879192	58613591	0	8.641420e-04	3.677720e-05	1
19	rs11879575	58660968	0	-2.433552e-04	-1.062468e-05	1
19	rs11879748	58613819	0	8.641420e-04	3.677719e-05	1
19	rs11879808	58876517	0	-9.396978e-04	-4.255270e-05	1
19	rs11881126	58523990	0	-2.213566e-03	-1.004915e-04	1
19	rs11882439	58730564	0	7.821409e-04	3.410773e-05	1
19	rs11883119	58750511	0	9.481589e-05	4.294089e-06	1
19	rs11883136	58750671	0	-1.148941e-04	-5.204767e-06	1
19	rs12151036	58714235	0	7.359152e-04	3.217339e-05	1
19	rs12459294	58878494	0	-7.319327e-04	-3.305626e-05	1
19	rs12459340	58878484	0	-1.247146e-04	-5.239622e-06	1
19	rs12459664	58883817	0	-9.680734e-04	-4.409708e-05	1
19	rs12459668	58883897	0	5.061302e-05	2.288683e-06	1
19	rs12459942	58678797	0	-1.133262e-04	-5.189142e-06	1
19	rs12460016	58784640	0	1.022914e-04	4.416128e-06	1
19	rs12460050	58666109	0	-2.550204e-04	-1.098947e-05	1
19	rs12460974	58537461	0	1.394375e-03	6.119168e-05	1
19	rs12461217	58579927	0	2.141191e-04	9.089319e-06	1
19	rs12461356	58668553	0	7.959188e-04	3.414476e-05	1
19	rs12461832	58611210	0	8.641420e-04	3.677718e-05	1
19	rs12462307	58784732	0	-1.274287e-03	-5.584780e-05	1
19	rs12462787	58801360	0	1.329993e-03	5.929983e-05	1
19	rs12609270	58888787	0	1.297443e-04	5.441381e-06	1
19	rs12611047	58889108	0	1.104155e-03	4.750730e-05	1
19	rs1265953	58854566	0	-1.582508e-06	-7.322877e-08	1
19	rs1265954	58854600	0	-9.416479e-05	-4.221724e-06	1
19	rs1265955	58856812	0	2.054265e-05	9.195621e-07	1
19	rs1265956	58857131	0	1.663694e-04	7.412431e-06	1
19	rs1265957	58858676	0	-1.062662e-04	-4.850956e-06	1
19	rs1265961	58860387	0	-8.607056e-05	-3.728602e-06	1
19	rs1268538	58853363	0	9.416479e-05	4.221724e-06	1
19	rs12971534	58541508	0	-7.533384e-04	-3.314662e-05	1
19	rs12971923	58634625	0	3.011856e-04	1.293313e-05	1
19	rs12971940	58541514	0	-9.652432e-04	-4.276908e-05	1
19	rs12972034	58690818	0	7.193648e-04	3.116450e-05	1
19	rs12972054	58735053	0	1.059493e-03	4.662073e-05	1
19	rs12972438	58728126	0	7.684647e-04	3.326577e-05	1
19	rs12972443	58757870	0	1.141008e-04	4.833933e-06	1
19	rs12972884	58749797	0	-9.909365e-05	-4.232101e-06	1
19	rs12973189	58618974	0	-2.817372e-04	-1.183978e-05	1
19	rs12973218	58729931	0	4.499108e-04	1.947076e-05	1
19	rs12973231	58729904	0	4.499108e-04	1.947076e-05	1
19	rs12973458	58729973	0	7.821409e-04	3.410770e-05	1
19	rs12973718	58580615	0	-9.512226e-04	-4.223717e-05	1
19	rs12974045	58612080	1	9.807276e-04	4.167031e-05	1
19	rs12974312	58612154	0	8.641420e-04	3.677715e-05	1
19	rs12975369	58693418	0	6.776565e-04	2.938561e-05	1
19	rs12975659	58612122	0	1.178383e-04	5.183729e-06	1
19	rs12975995	58553864	0	-8.316512e-04	-3.655983e-05	1
19	rs12976331	58751639	0	2.028401e-04	8.640320e-06	1
19	rs12976771	58614336	0	8.641420e-04	3.677714e-05	1
19	rs12976842	58614404	0	8.641420e-04	3.677713e-05	1
19	rs12976966	58647516	0	3.052036e-04	1.334277e-05	1
19	rs12977251	58605521	0	1.565188e-05	6.557279e-07	1
19	rs12977390	58614604	0	8.641420e-04	3.677712e-05	1
19	rs12977863	58702050	0	6.776565e-04	2.938560e-05	1
19	rs12977929	58688430	0	5.418801e-04	2.337837e-05	1
19	rs12978129	58725724	0	6.044966e-04	2.611269e-05	1
19	rs12978139	58732605	0	9.391645e-04	4.115890e-05	1
19	rs12978152	58732656	0	1.399568e-03	6.131575e-05	1
19	rs12978231	58614357	0	8.641420e-04	3.677710e-05	1
19	rs12979108	58732779	0	9.391645e-04	4.115889e-05	1
19	rs12979906	58732532	0	1.075697e-03	4.636740e-05	1
19	rs12980120	58618223	0	1.092093e-04	4.790031e-06	1
19	rs12980208	58860812	0	1.356368e-04	6.073640e-06	1
19	rs12980211	58611169	0	8.641420e-04	3.677709e-05	1
19	rs12980299	58787473	0	6.294095e-04	2.673313e-05	1
19	rs12980623	58624996	0	1.955995e-04	8.518043e-06	1
19	rs12981338	58618736	0	-1.258157e-04	-5.288533e-06	1
19	rs12981417	58596956	0	7.208365e-04	3.178338e-05	1
19	rs12981684	58632144	0	3.011856e-04	1.293307e-05	1
19	rs12982505	58613285	0	1.106361e-03	4.789023e-05	1
19	rs12982863	58715418	0	6.776565e-04	2.938556e-05	1
19	rs12983138	58655373	0	9.591093e-04	4.088984e-05	1
19	rs12983169	58768177	0	4.109830e-04	1.759904e-05	1
19	rs12983701	58613499	0	8.641420e-04	3.677707e-05	1
19	rs12983728	58671267	0	2.642434e-04	1.154936e-05	1
19	rs12984015	58613031	0	8.641420e-04	3.677706e-05	1
19	rs12984254	58613113	0	8.641420e-04	3.677705e-05	1
19	rs12984878	58562150	0	-1.408917e-03	-6.302967e-05	1
19	rs12985543	58689072	0	5.418801e-04	2.337832e-05	1
19	rs12986027	58793596	0	6.294095e-04	2.673310e-05	1
19	rs12986378	58727821	0	8.287616e-04	3.600717e-05	1
19	rs13344679	58693697	0	7.303446e-04	3.193188e-05	1
19	rs13345808	58674696	0	1.566327e-03	7.017421e-05	1
19	rs13346342	58522715	0	-5.908336e-05	-2.593686e-06	1
19	rs139211863	58843003	0	9.416479e-05	4.221747e-06	1
19	rs140171882	58659248	0	-3.889435e-04	-1.701662e-05	1
19	rs140214515	58654197	0	-3.766228e-04	-1.730700e-05	1
19	rs140755790	58680275	0	-8.610762e-04	-3.937705e-05	1
19	rs141669549	58690674	0	3.914685e-04	1.711718e-05	1
19	rs141815249	58690989	0	1.995512e-04	9.089099e-06	1
19	rs142677013	58655817	0	-6.526882e-04	-3.001720e-05	1
19	rs143096975	58622408	0	5.759709e-04	2.642025e-05	1
19	rs143314212	58810770	0	-5.947803e-05	-2.706992e-06	1
19	rs143712775	58643218	0	-4.828423e-04	-2.198399e-05	1
19	rs144310654	58669338	0	-3.472083e-04	-1.596380e-05	1
19	rs144479077	58634823	0	-2.175630e-05	-9.979368e-07	1
19	rs1469087	58572979	0	-9.446575e-04	-4.266354e-05	1
19	rs147878006	58887658	0	-9.471733e-04	-4.317167e-05	1
19	rs148493024	58655648	0	1.801337e-04	8.237620e-06	1
19	rs148953731	58662865	0	3.290288e-04	1.490529e-05	1
19	rs149594935	58681857	0	-2.003226e-04	-9.078693e-06	1
19	rs150191918	58691030	0	5.058095e-04	2.315043e-05	1
19	rs150752046	58888366	0	-2.683891e-04	-1.215348e-05	1
19	rs150892142	58743405	0	-3.762316e-04	-1.719631e-05	1
19	rs1529329	58600048	0	-4.733731e-04	-2.067945e-05	1
19	rs1544796	58542425	0	-1.204748e-03	-5.505877e-05	1
19	rs1544888	58570912	0	-2.929691e-04	-1.244505e-05	1
19	rs1549279	58528621	0	-2.550644e-03	-1.198084e-04	1
19	rs1549491	58588434	0	-2.829217e-04	-1.217891e-05	1
19	rs1549492	58585248	0	-3.763139e-04	-1.619220e-05	1
19	rs1549493	58585367	0	-1.503932e-04	-6.455174e-06	1
19	rs1549495	58529518	0	-2.616881e-03	-1.228397e-04	1
19	rs157355	58692686	0	1.083144e-03	4.693738e-05	1
19	rs157357	58693870	0	3.408513e-04	1.513011e-05	1
19	rs157358	58643751	0	-2.230208e-04	-9.828534e-06	1
19	rs157360	58650058	0	8.931522e-04	3.926090e-05	1
19	rs157361	58676017	0	2.960510e-04	1.306442e-05	1
19	rs157362	58675894	0	3.222640e-04	1.420742e-05	1
19	rs157363	58675603	0	2.960510e-04	1.306442e-05	1
19	rs157364	58675220	0	-6.635316e-05	-2.794369e-06	1
19	rs157365	58674756	0	-3.985833e-04	-1.682293e-05	1
19	rs157366	58674526	0	7.947231e-04	3.388488e-05	1
19	rs157367	58674310	0	5.923698e-04	2.622083e-05	1
19	rs157369	58672078	0	3.941392e-04	1.666555e-05	1
19	rs157370	58671178	0	3.941392e-04	1.666555e-05	1
19	rs157371	58669973	0	4.416415e-04	1.868088e-05	1
19	rs157372	58668597	0	3.941392e-04	1.666554e-05	1
19	rs157373	58666990	0	1.298958e-04	5.684138e-06	1
19	rs157374	58666086	0	1.773981e-04	7.767420e-06	1
19	rs157375	58665001	0	1.298958e-04	5.684137e-06	1
19	rs157376	58663457	0	2.264936e-04	1.001450e-05	1
19	rs157378	58696697	0	1.189372e-03	5.159804e-05	1
19	rs157379	58696598	0	1.189372e-03	5.159803e-05	1
19	rs1592993	58555971	0	-7.543553e-04	-3.413667e-05	1
19	rs1592994	58555932	0	-8.055271e-04	-3.652786e-05	1
19	rs1592995	58555850	0	-7.543553e-04	-3.413667e-05	1
19	rs159667	58648359	0	-2.104522e-04	-8.854884e-06	1
19	rs159668	58643841	0	-2.230208e-04	-9.828550e-06	1
19	rs159670	58641777	0	5.649222e-04	2.484369e-05	1
19	rs159671	58641701	0	5.770470e-04	2.539198e-05	1
19	rs159672	58641686	0	5.875648e-05	2.576740e-06	1
19	rs159673	58641457	0	5.770470e-04	2.539198e-05	1
19	rs159674	58670181	0	4.390355e-04	1.947230e-05	1
19	rs159675	58668765	0	-5.990654e-04	-2.544908e-05	1
19	rs159676	58666427	0	-7.447777e-04	-3.171328e-05	1
19	rs159677	58665490	0	-7.564589e-04	-3.217916e-05	1
19	rs159678	58679085	0	3.763834e-04	1.662142e-05	1
19	rs159679	58661732	0	-8.403176e-04	-3.580612e-05	1
19	rs159680	58661581	0	1.298958e-04	5.684140e-06	1
19	rs159870	58549366	0	2.387529e-04	1.018123e-05	1
19	rs159871	58550281	0	7.374394e-05	3.141296e-06	1
19	rs159872	58547449	0	1.439022e-04	6.134239e-06	1
19	rs159873	58547516	0	1.439022e-04	6.134238e-06	1
19	rs159874	58548431	0	-1.170728e-03	-5.375020e-05	1
19	rs166343	58775182	0	7.651820e-04	3.237979e-05	1
19	rs166830	58658950	1	2.623101e-04	1.150825e-05	1
19	rs166831	58676446	0	2.960510e-04	1.306440e-05	1
19	rs169776	58550436	0	-1.170728e-03	-5.375020e-05	1
19	rs16988654	58837269	0	7.975319e-04	3.595582e-05	1
19	rs16988659	58840850	0	4.805510e-06	2.164651e-07	1
19	rs16988665	58840905	0	9.416479e-05	4.221749e-06	1
19	rs16988667	58842180	0	-1.317558e-04	-5.899039e-06	1
19	rs16988668	58850756	0	9.416479e-05	4.221750e-06	1
19	rs171851	58758900	0	6.341224e-04	2.776229e-05	1
19	rs171852	58754386	0	7.482232e-04	3.147432e-05	1
19	rs171853	58685051	0	1.512208e-03	6.707837e-05	1
19	rs171854	58666802	0	-2.996395e-04	-1.314534e-05	1
19	rs174280	58711922	0	1.421640e-03	6.247959e-05	1
19	rs174281	58735457	0	9.162159e-04	4.117810e-05	1
19	rs176981	58655580	0	4.730259e-04	2.067408e-05	1
19	rs17853924	58806686	0	-3.293718e-04	-1.496467e-05	1
19	rs1808397	58572356	0	-3.940436e-04	-1.678400e-05	1
19	rs1812874	58632506	0	2.448169e-04	1.073761e-05	1
19	rs181320759	58658446	0	3.337180e-06	1.598288e-07	1
19	rs181994	58746054	0	1.179041e-04	5.156689e-06	1
19	rs182055294	58526154	6	1.326201e-04	5.925530e-06	1
19	rs183304547	58609059	0	-2.624683e-04	-1.207914e-05	1
19	rs184128	58548760	0	1.072683e-05	4.550754e-07	1
19	rs185464	58776863	0	8.305834e-04	3.517406e-05	1
19	rs185791	58644371	0	6.168683e-04	2.684930e-05	1
19	rs187760	58775192	0	7.651820e-04	3.237975e-05	1
19	rs188370	58529192	0	-2.232530e-03	-1.038236e-04	1
19	rs188415	58616313	0	-7.183547e-04	-3.134646e-05	1
19	rs188486366	58526153	6	1.326201e-04	5.925530e-06	1
19	rs190729	58658029	0	-1.857430e-04	-7.805082e-06	1
19	rs190882	58529365	0	-2.211629e-03	-1.027165e-04	1
19	rs190975	58631968	0	-1.936724e-04	-8.882168e-06	1
19	rs193390	58548658	0	-6.332904e-04	-2.826331e-05	1
19	rs1968868	58678383	0	-1.041936e-03	-4.617010e-05	1
19	rs1974819	58656963	0	-5.005002e-04	-2.202082e-05	1
19	rs1974826	58590145	0	-1.503932e-04	-6.455158e-06	1
19	rs1985434	58764185	0	8.337325e-04	3.505681e-05	1
19	rs1987625	58632634	0	-1.391620e-04	-6.150146e-06	1
19	rs1987626	58632649	0	2.448169e-04	1.073760e-05	1
19	rs1993463	58786898	0	-3.949815e-04	-1.792611e-05	1
19	rs1993464	58786953	0	2.337626e-04	9.980840e-06	1
19	rs2013635	58646792	0	-3.137184e-04	-1.373006e-05	1
19	rs204216	58660769	0	1.298958e-04	5.684132e-06	1
19	rs2046357	58673534	0	-8.610762e-04	-3.937704e-05	1
19	rs2052733	58625864	0	2.448169e-04	1.073760e-05	1
19	rs2052734	58626005	0	2.309067e-04	1.011923e-05	1
19	rs2052735	58626112	0	5.615017e-04	2.470001e-05	1
19	rs2062251	58715682	0	6.776565e-04	2.938550e-05	1
19	rs2081578	58669335	0	-5.744122e-04	-2.612973e-05	1
19	rs2098685	58630409	0	-7.639416e-04	-3.377829e-05	1
19	rs2098686	58630043	0	5.770470e-04	2.539195e-05	1
19	rs2098687	58630023	0	5.770470e-04	2.539195e-05	1
19	rs2098717	58524390	0	-7.241398e-05	-3.256886e-06	1
19	rs2100610	58802349	0	-4.931113e-05	-2.242561e-06	1
19	rs2112825	58614156	0	-2.421711e-04	-1.058776e-05	1
19	rs211579	58615270	0	4.479321e-05	1.958310e-06	1
19	rs2124911	58696798	0	6.776565e-04	2.938550e-05	1
19	rs2168644	58788393	0	6.294095e-04	2.673304e-05	1
19	rs2229375	58578578	0	-2.879340e-04	-1.219019e-05	1
19	rs2229379	58579923	0	-5.410541e-04	-2.306072e-05	1
19	rs2241406	58549593	0	-1.184590e-03	-5.438566e-05	1
19	rs2258557	58596449	0	-3.225822e-04	-1.416246e-05	1
19	rs2260914	58598784	0	-3.207375e-04	-1.395546e-05	1
19	rs2287837	58598670	0	-4.733731e-04	-2.067946e-05	1
19	rs2288274	58572959	0	-4.874358e-04	-2.078646e-05	1
19	rs2375233	58617203	0	5.416385e-04	2.353779e-05	1
19	rs2375234	58633323	0	2.448169e-04	1.073758e-05	1
19	rs2375235	58634745	0	5.770470e-04	2.539194e-05	1
19	rs2375470	58864867	0	5.100821e-04	2.300528e-05	1
19	rs2431835	58647214	0	1.465943e-03	6.392393e-05	1
19	rs2445854	58777608	1	-2.475448e-04	-1.040504e-05	1
19	rs2445855	58785181	0	8.353000e-05	3.546052e-06	1
19	rs2445856	58701358	0	1.500642e-03	6.595273e-05	1
19	rs2445857	58708507	0	5.165141e-04	2.306777e-05	1
19	rs2445858	58708730	0	1.603905e-03	7.094032e-05	1
19	rs2445859	58734330	0	4.604040e-04	2.057848e-05	1
19	rs2449628	58781945	0	1.824628e-04	7.613029e-06	1
19	rs2449629	58781917	0	2.416767e-04	1.008021e-05	1
19	rs2449631	58781652	0	2.249903e-04	9.377439e-06	1
19	rs2449632	58781379	0	1.824628e-04	7.613002e-06	1
19	rs2449634	58795207	0	-4.310988e-04	-1.909801e-05	1
19	rs2449635	58785227	0	5.079093e-04	2.155969e-05	1
19	rs2449636	58785202	0	3.488763e-04	1.500463e-05	1
19	rs2449638	58735033	0	4.604040e-04	2.057847e-05	1
19	rs2449639	58777772	0	-4.498247e-04	-1.895033e-05	1
19	rs2547257	58610107	0	-5.978073e-04	-2.605905e-05	1
19	rs2547258	58638685	0	2.846382e-04	1.234326e-05	1
19	rs2547259	58637237	0	5.770470e-04	2.539193e-05	1
19	rs2547260	58635294	0	-4.125964e-04	-1.738388e-05	1
19	rs2547295	58617479	0	2.448169e-04	1.073757e-05	1
19	rs2547296	58622896	0	4.760530e-04	2.089960e-05	1
19	rs2547297	58623249	0	2.448169e-04	1.073756e-05	1
19	rs2547298	58626436	0	2.448169e-04	1.073756e-05	1
19	rs2547347	58627459	0	2.448169e-04	1.073756e-05	1
19	rs2547348	58626879	0	2.448169e-04	1.073756e-05	1
19	rs2547349	58626742	0	2.448169e-04	1.073755e-05	1
19	rs2547350	58622950	0	2.368882e-04	1.039247e-05	1
19	rs2547351	58620965	0	2.448169e-04	1.073755e-05	1
19	rs2547352	58610720	0	-7.022358e-04	-3.088071e-05	1
19	rs2547355	58635125	0	5.770470e-04	2.539191e-05	1
19	rs2547356	58635146	0	5.770470e-04	2.539191e-05	1
19	rs2547357	58636155	0	5.770470e-04	2.539191e-05	1
19	rs2547358	58636656	0	2.448169e-04	1.073754e-05	1
19	rs2547359	58637389	0	5.770470e-04	2.539190e-05	1
19	rs2547360	58638399	0	6.168683e-04	2.684923e-05	1
19	rs2554963	58625364	0	-8.427793e-04	-3.713569e-05	1
19	rs2554964	58625504	0	1.882748e-04	8.298880e-06	1
19	rs2554965	58625638	0	4.760530e-04	2.089957e-05	1
19	rs2554966	58627271	0	2.448169e-04	1.073753e-05	1
19	rs2554967	58627382	0	-1.391620e-04	-6.150210e-06	1
19	rs2554968	58627406	0	1.092093e-04	4.789897e-06	1
19	rs2554970	58636732	0	-7.327172e-04	-3.224576e-05	1
19	rs2554972	58636174	0	2.448169e-04	1.073753e-05	1
19	rs2554973	58631032	0	5.770470e-04	2.539189e-05	1
19	rs2554978	58609677	0	-4.035268e-05	-1.792416e-06	1
19	rs2554981	58620273	0	-3.225034e-04	-1.408542e-05	1
19	rs2554982	58620524	0	4.760530e-04	2.089956e-05	1
19	rs2554983	58620872	0	2.448169e-04	1.073752e-05	1
19	rs2554984	58621104	0	4.760530e-04	2.089955e-05	1
19	rs2554985	58621438	0	-2.122071e-04	-9.355425e-06	1
19	rs2554986	58621492	0	1.092093e-04	4.789882e-06	1
19	rs2554987	58622985	0	2.448169e-04	1.073751e-05	1
19	rs260413	58710468	0	5.165141e-04	2.306777e-05	1
19	rs260415	58715944	0	1.302643e-03	5.713390e-05	1
19	rs260416	58717025	0	2.918824e-06	1.266056e-07	1
19	rs260418	58720918	0	7.610481e-04	3.282682e-05	1
19	rs260419	58721952	0	5.001279e-04	2.237287e-05	1
19	rs260420	58731704	0	4.604040e-04	2.057847e-05	1
19	rs260421	58731390	0	1.731799e-03	7.723862e-05	1
19	rs260422	58729833	0	1.520932e-03	6.708620e-05	1
19	rs260424	58726569	0	1.534311e-04	6.894873e-06	1
19	rs260425	58735740	0	9.162159e-04	4.117806e-05	1
19	rs260426	58736177	0	1.020628e-03	4.606218e-05	1
19	rs260427	58736226	0	5.742362e-04	2.530291e-05	1
19	rs260428	58736625	0	5.533489e-04	2.461628e-05	1
19	rs260430	58737161	0	7.630589e-04	3.410078e-05	1
19	rs260432	58738273	0	7.630589e-04	3.410078e-05	1
19	rs260433	58738897	0	1.194607e-03	5.200431e-05	1
19	rs260434	58739039	0	3.997770e-04	1.769216e-05	1
19	rs260435	58739704	0	7.630589e-04	3.410077e-05	1
19	rs260436	58739710	0	1.095289e-03	4.952081e-05	1
19	rs260437	58739744	0	5.388374e-04	2.393904e-05	1
19	rs260438	58740339	0	7.630589e-04	3.410076e-05	1
19	rs260444	58745470	0	1.305846e-03	5.700693e-05	1
19	rs260446	58746861	0	7.760728e-04	3.443579e-05	1
19	rs260448	58764375	0	8.518403e-04	3.586586e-05	1
19	rs260449	58765459	0	7.570245e-04	3.188330e-05	1
19	rs260450	58766410	0	8.243552e-04	3.475520e-05	1
19	rs260451	58766550	0	7.570245e-04	3.188328e-05	1
19	rs260452	58766874	0	7.570245e-04	3.188326e-05	1
19	rs260453	58767151	0	7.570245e-04	3.188325e-05	1
19	rs260454	58767168	0	5.196102e-04	2.167964e-05	1
19	rs260455	58767492	0	4.244124e-04	1.854429e-05	1
19	rs260456	58767565	0	8.518403e-04	3.586578e-05	1
19	rs260457	58767697	0	7.570245e-04	3.188322e-05	1
19	rs260459	58768500	0	7.570245e-04	3.188321e-05	1
19	rs260460	58769790	6	-8.019106e-05	-3.672388e-06	1
19	rs260461	58770883	0	4.244124e-04	1.854427e-05	1
19	rs260462	58774071	0	6.848497e-04	2.894932e-05	1
19	rs260464	58774762	0	7.651820e-04	3.237950e-05	1
19	rs260465	58775486	0	7.651820e-04	3.237949e-05	1
19	rs260466	58775737	0	8.491842e-04	3.596178e-05	1
19	rs260467	58776215	0	7.357675e-04	3.108635e-05	1
19	rs260468	58776630	0	6.554352e-04	2.766507e-05	1
19	rs260469	58776765	0	7.357675e-04	3.108633e-05	1
19	rs260472	58807757	0	5.947803e-05	2.706970e-06	1
19	rs260473	58798137	0	1.051652e-03	4.529914e-05	1
19	rs260474	58798300	0	1.383882e-03	6.048702e-05	1
19	rs260475	58798490	0	1.036644e-03	4.565167e-05	1
19	rs260476	58798598	0	1.051652e-03	4.529912e-05	1
19	rs260477	58798628	0	1.160697e-03	5.023287e-05	1
19	rs260478	58751030	0	7.482232e-04	3.147393e-05	1
19	rs260482	58748274	0	1.214778e-03	5.477502e-05	1
19	rs260483	58748180	0	1.203964e-03	5.428639e-05	1
19	rs260484	58758451	0	6.333291e-04	2.651624e-05	1
19	rs260486	58753937	0	6.333291e-04	2.651623e-05	1
19	rs260487	58685347	0	1.127745e-03	4.950641e-05	1
19	rs260488	58686991	0	4.878406e-04	2.174501e-05	1
19	rs260491	58664447	0	-2.433552e-04	-1.062454e-05	1
19	rs260492	58668565	0	-8.999667e-05	-3.916596e-06	1
19	rs260493	58671334	0	-4.249442e-05	-1.841989e-06	1
19	rs260495	58794240	0	1.320480e-03	5.883975e-05	1
19	rs260496	58794033	0	8.685002e-04	3.794002e-05	1
19	rs260497	58792213	0	6.566701e-04	2.801514e-05	1
19	rs260498	58792190	0	1.332871e-03	5.822019e-05	1
19	rs260499	58791716	0	1.320480e-03	5.883974e-05	1
19	rs260500	58791213	0	6.566701e-04	2.801512e-05	1
19	rs260501	58790807	0	1.581602e-03	6.993550e-05	1
19	rs260502	58790784	0	1.320480e-03	5.883973e-05	1
19	rs260503	58790095	0	6.566701e-04	2.801510e-05	1
19	rs281061	58643376	1	5.908531e-04	2.566524e-05	1
19	rs281063	58651941	0	-5.690836e-04	-2.410153e-05	1
19	rs281064	58649998	0	8.931522e-04	3.926072e-05	1
19	rs281065	58645577	0	3.599421e-04	1.515379e-05	1
19	rs281066	58644840	0	-2.230208e-04	-9.828690e-06	1
19	rs281069	58659039	2	-4.624653e-04	-1.938542e-05	1
19	rs281070	58658691	0	-3.801609e-04	-1.592402e-05	1
19	rs281072	58657714	0	-7.306946e-04	-3.110132e-05	1
19	rs281073	58656418	0	-8.220071e-04	-3.498651e-05	1
19	rs281074	58656176	0	1.298958e-04	5.684120e-06	1
19	rs281075	58655106	0	1.298958e-04	5.684120e-06	1
19	rs281076	58654307	0	-1.183111e-04	-4.977806e-06	1
19	rs281077	58653376	0	-4.732824e-04	-1.999625e-05	1
19	rs281078	58653320	0	8.015821e-04	3.573804e-05	1
19	rs281079	58678388	0	2.960510e-04	1.306428e-05	1
19	rs281080	58700131	2	1.851770e-03	8.221636e-05	1
19	rs281081	58698915	0	1.603598e-03	7.099107e-05	1
19	rs28521102	58597905	0	-2.889020e-04	-1.328677e-05	1
19	rs28725494	58633618	0	9.896434e-04	4.327085e-05	1
19	rs28757810	58813720	0	-9.153497e-04	-3.935737e-05	1
19	rs28840697	58825728	0	-4.603503e-04	-2.066335e-05	1
19	rs2889031	58659115	1	-7.845795e-04	-3.294638e-05	1
19	rs292821	58531419	0	2.249656e-04	9.970371e-06	1
19	rs292826	58540860	0	1.439022e-04	6.134262e-06	1
19	rs292827	58544472	0	2.035577e-05	8.607496e-07	1
19	rs292828	58545133	0	-1.170728e-03	-5.375022e-05	1
19	rs292831	58529741	0	2.249656e-04	9.970371e-06	1
19	rs2930099	58779403	0	8.984417e-04	3.944088e-05	1
19	rs2930100	58747687	0	8.564051e-04	3.810636e-05	1
19	rs295345	58654195	0	-2.800437e-04	-1.222495e-05	1
19	rs295346	58616280	0	-3.225034e-04	-1.408535e-05	1
19	rs295347	58616256	0	-1.050585e-03	-4.622955e-05	1
19	rs299847	58680688	0	5.296527e-04	2.366298e-05	1
19	rs3087604	58813750	0	-1.244291e-03	-5.416515e-05	1
19	rs34003091	58662254	0	3.077106e-04	1.345687e-05	1
19	rs34006653	58731821	1	8.897802e-04	3.894594e-05	1
19	rs34114202	58599443	0	5.833279e-04	2.547455e-05	1
19	rs34370122	58546475	0	-1.109423e-03	-4.921661e-05	1
19	rs34380569	58648528	0	-2.692086e-04	-1.160164e-05	1
19	rs34421357	58835863	0	3.244032e-04	1.435605e-05	1
19	rs34469398	58677396	0	2.294772e-04	1.049986e-05	1
19	rs34503352	58651296	0	3.077106e-04	1.345687e-05	1
19	rs34526068	58658066	0	-3.801609e-04	-1.592399e-05	1
19	rs34602933	58886495	1	1.340677e-03	5.827220e-05	1
19	rs34648696	58554613	0	-6.319665e-04	-2.776959e-05	1
19	rs34702066	58582806	0	2.141191e-04	9.089238e-06	1
19	rs34914886	58774094	0	2.417109e-04	1.107059e-05	1
19	rs34947459	58655880	0	-2.433552e-04	-1.062451e-05	1
19	rs34990434	58550992	0	-8.316512e-04	-3.655990e-05	1
19	rs35081008	58662235	0	3.077106e-04	1.345687e-05	1
19	rs35220005	58550233	0	-1.389802e-03	-6.242042e-05	1
19	rs35358425	58599760	0	3.121127e-04	1.354084e-05	1
19	rs35511051	58665817	0	-2.667016e-04	-1.149492e-05	1
19	rs35711932	58658152	0	-7.564589e-04	-3.217913e-05	1
19	rs35740250	58694015	0	5.846542e-04	2.684928e-05	1
19	rs35747322	58544096	0	-9.652432e-04	-4.276915e-05	1
19	rs36057771	58836133	0	3.244032e-04	1.435605e-05	1
19	rs36098050	58652725	0	3.077106e-04	1.345687e-05	1
19	rs36100363	58710837	0	6.776565e-04	2.938537e-05	1
19	rs36111946	58836128	0	8.083456e-04	3.636360e-05	1
19	rs365040	58799529	0	1.329993e-03	5.929971e-05	1
19	rs365699	58799652	0	1.591125e-03	7.005091e-05	1
19	rs370335292	58658750	0	-2.289852e-04	-9.864036e-06	1
19	rs371120005	58658933	0	-4.530804e-04	-1.986487e-05	1
19	rs371149	58779654	0	1.906203e-04	7.986968e-06	1
19	rs373337854	58658806	0	-6.694167e-04	-3.041409e-05	1
19	rs374431	58790713	0	1.581602e-03	6.993544e-05	1
19	rs3745129	58637498	0	3.599421e-04	1.515380e-05	1
19	rs3745142	58836745	0	8.083456e-04	3.636360e-05	1
19	rs376460183	58658873	0	-4.490201e-04	-1.947758e-05	1
19	rs376570508	58658612	0	-2.667016e-04	-1.149493e-05	1
19	rs378452	58786520	0	6.571978e-04	2.792383e-05	1
19	rs379075	58785739	0	6.383184e-04	2.710358e-05	1
19	rs3810126	58610254	0	8.641420e-04	3.677674e-05	1
19	rs384702	58552801	0	-1.101401e-03	-5.048773e-05	1
19	rs3848524	58816529	0	-2.958624e-04	-1.328112e-05	1
19	rs3892385	58602870	0	-9.564334e-05	-4.350704e-06	1
19	rs390667	58733011	0	4.604040e-04	2.057839e-05	1
19	rs392644	58780503	0	1.824628e-04	7.612640e-06	1
19	rs392687	58779566	0	5.468410e-04	2.305979e-05	1
19	rs3953740	58659362	0	1.558041e-03	6.961984e-05	1
19	rs400733	58797344	0	1.300382e-03	5.655926e-05	1
19	rs401706	58733555	0	7.926341e-04	3.572060e-05	1
19	rs403408	58684407	0	-1.802034e-04	-7.587047e-06	1
19	rs4084852	58835255	0	3.244032e-04	1.435605e-05	1
19	rs414948	58738375	0	7.630589e-04	3.410069e-05	1
19	rs424114	58733641	0	4.604040e-04	2.057838e-05	1
19	rs425516	58781229	0	2.627951e-04	1.097402e-05	1
19	rs425605	58786623	0	1.256396e-03	5.457217e-05	1
19	rs427988	58779785	0	1.824628e-04	7.612597e-06	1
19	rs429770	58787836	0	1.145463e-03	5.077815e-05	1
19	rs431093	58786084	0	3.184357e-04	1.340547e-05	1
19	rs432181	58799781	0	1.591125e-03	7.005082e-05	1
19	rs432426	58780131	0	2.249903e-04	9.377003e-06	1
19	rs435442	58807827	0	-2.010561e-04	-9.193531e-06	1
19	rs437183	58799635	0	1.591125e-03	7.005080e-05	1
19	rs437229	58790675	0	9.054007e-04	3.888542e-05	1
19	rs439333	58783027	0	2.627951e-04	1.097396e-05	1
19	rs4444432	58715538	0	6.776565e-04	2.938532e-05	1
19	rs446075	58766735	0	7.570245e-04	3.188288e-05	1
19	rs448147	58778070	0	4.065602e-04	1.706632e-05	1
19	rs448403	58786146	0	1.911543e-05	7.849183e-07	1
19	rs4496257	58669456	0	1.370331e-03	6.065371e-05	1
19	rs449697	58787977	0	1.320480e-03	5.883968e-05	1
19	rs4524039	58625270	0	1.984963e-04	8.697329e-06	1
19	rs453737	58800252	0	1.345000e-03	5.857026e-05	1
19	rs45475596	58881109	0	-9.112390e-04	-4.134853e-05	1
19	rs45535435	58846866	0	9.416479e-05	4.221800e-06	1
19	rs45571742	58552111	0	-8.316512e-04	-3.655991e-05	1
19	rs45589034	58640964	0	-7.327172e-04	-3.224565e-05	1
19	rs45598236	58521433	0	1.611527e-04	7.226923e-06	1
19	rs45601339	58718247	0	4.091497e-04	1.851302e-05	1
19	rs4599020	58691998	0	5.585806e-04	2.406326e-05	1
19	rs4608428	58618579	0	2.448169e-04	1.073746e-05	1
19	rs4801246	58522534	0	-2.124595e-03	-9.813087e-05	1
19	rs4801247	58522561	0	-2.136438e-03	-9.786175e-05	1
19	rs4801250	58616674	0	-3.623247e-04	-1.573946e-05	1
19	rs4801251	58617042	0	-3.225034e-04	-1.408531e-05	1
19	rs4801252	58631676	0	-1.391620e-04	-6.150273e-06	1
19	rs4801262	58848116	0	1.050290e-04	4.752704e-06	1
19	rs4801267	58882384	0	1.309453e-04	5.919086e-06	1
19	rs4801541	58521224	0	-2.213566e-03	-1.004915e-04	1
19	rs4801542	58522974	0	1.020693e-04	4.407069e-06	1
19	rs4801543	58523804	0	1.020693e-04	4.407068e-06	1
19	rs4801544	58526202	0	-7.928251e-06	-3.475106e-07	1
19	rs4801546	58526387	0	2.488310e-04	1.073533e-05	1
19	rs4801547	58526742	0	-1.000742e-04	-4.392627e-06	1
19	rs4801548	58528978	0	2.599249e-05	1.139143e-06	1
19	rs4801555	58600977	0	-3.233387e-04	-1.406439e-05	1
19	rs4801559	58627808	0	4.760530e-04	2.089950e-05	1
19	rs4801562	58634756	0	-7.358873e-04	-3.223258e-05	1
19	rs4801564	58644826	0	2.569263e-04	1.083500e-05	1
19	rs4801565	58674249	0	-7.800203e-04	-3.440729e-05	1
19	rs4801566	58674788	0	-1.156643e-03	-5.159043e-05	1
19	rs4801567	58675005	0	-1.041936e-03	-4.616991e-05	1
19	rs4801572	58752932	0	-1.148941e-04	-5.204711e-06	1
19	rs4801573	58754058	0	-1.148941e-04	-5.204710e-06	1
19	rs4801574	58754102	0	-1.148941e-04	-5.204710e-06	1
19	rs4801576	58779342	0	-1.215491e-04	-5.534332e-06	1
19	rs4801577	58799044	0	-2.752318e-04	-1.252652e-05	1
19	rs4801578	58801599	0	-2.752318e-04	-1.252652e-05	1
19	rs4801579	58863449	0	6.689656e-04	2.994439e-05	1
19	rs495839	58545500	2	-1.114131e-03	-5.093687e-05	1
19	rs500286	58785900	0	2.433369e-04	1.023194e-05	1
19	rs523073	58647358	0	-2.104522e-04	-8.855001e-06	1
19	rs547045	58788236	0	2.426715e-04	1.034481e-05	1
19	rs548671	58801518	1	1.226801e-03	5.325628e-05	1
19	rs550471	58801687	0	8.928651e-04	3.885780e-05	1
19	rs551116	58684611	0	-1.802034e-04	-7.587071e-06	1
19	rs55633565	58530628	0	3.084288e-04	1.355763e-05	1
19	rs55697390	58674301	0	-7.772175e-04	-3.540240e-05	1
19	rs55734122	58733610	0	-9.941175e-05	-4.343918e-06	1
19	rs55827758	58842450	0	9.416479e-05	4.221802e-06	1
19	rs55833862	58637690	0	5.875648e-05	2.576738e-06	1
19	rs55945602	58632305	0	-6.523848e-04	-2.871472e-05	1
19	rs56065611	58520480	0	-2.213566e-03	-1.004915e-04	1
19	rs56066701	58841066	0	9.416479e-05	4.221801e-06	1
19	rs56121586	58585744	0	-2.879340e-04	-1.219008e-05	1
19	rs56161266	58816642	0	2.534823e-04	1.163466e-05	1
19	rs56236214	58817958	0	2.488874e-04	1.140826e-05	1
19	rs56273550	58611001	0	-6.226662e-04	-2.864100e-05	1
19	rs56394914	58882740	0	1.912971e-04	8.026782e-06	1
19	rs56395112	58577672	0	-5.669790e-05	-2.394530e-06	1
19	rs56654816	58845187	0	9.416479e-05	4.221802e-06	1
19	rs56688575	58851238	0	9.416479e-05	4.221802e-06	1
19	rs56725489	58830709	0	4.010103e-04	1.771194e-05	1
19	rs57140425	58709015	0	-3.511629e-04	-1.580450e-05	1
19	rs57201473	58851686	0	9.416479e-05	4.221802e-06	1
19	rs57656768	58648536	0	1.734750e-04	7.934854e-06	1
19	rs57760408	58821683	0	1.129762e-03	5.165305e-05	1
19	rs57785785	58815158	0	4.168518e-04	1.895067e-05	1
19	rs57797045	58534654	0	3.476559e-04	1.542551e-05	1
19	rs58071659	58784272	0	-2.675316e-04	-1.224503e-05	1
19	rs58231369	58754967	0	-1.148941e-04	-5.204711e-06	1
19	rs58371330	58823196	0	1.140576e-03	5.203820e-05	1
19	rs58412590	58887647	0	-9.680734e-04	-4.409708e-05	1
19	rs58509147	58840490	0	-1.317558e-04	-5.898982e-06	1
19	rs58576937	58577443	0	3.019796e-04	1.387603e-05	1
19	rs58617733	58842534	0	9.416479e-05	4.221802e-06	1
19	rs58899074	58611996	0	8.641420e-04	3.677667e-05	1
19	rs59054150	58850341	0	9.416479e-05	4.221803e-06	1
19	rs59114323	58649994	0	-2.038144e-04	-8.795718e-06	1
19	rs59238777	58625136	0	-3.121567e-04	-1.414325e-05	1
19	rs59401383	58882767	0	-6.853183e-04	-3.091421e-05	1
19	rs59678004	58813932	0	-7.106434e-04	-3.043522e-05	1
19	rs59874238	58841861	0	9.416479e-05	4.221804e-06	1
19	rs59894429	58577444	0	-5.669790e-05	-2.394526e-06	1
19	rs59908383	58828737	0	4.253973e-04	1.880514e-05	1
19	rs59925483	58672788	0	-3.766228e-04	-1.730698e-05	1
19	rs59967605	58835563	0	3.244032e-04	1.435606e-05	1
19	rs60075099	58831141	0	9.093397e-04	4.093155e-05	1
19	rs60245393	58842745	0	9.416479e-05	4.221804e-06	1
19	rs60296671	58843881	0	9.416479e-05	4.221804e-06	1
19	rs60329830	58755072	0	-1.148941e-04	-5.204710e-06	1
19	rs60348321	58841939	0	9.416479e-05	4.221804e-06	1
19	rs60404734	58812785	0	-7.899390e-05	-3.600230e-06	1
19	rs60818748	58842735	0	9.416479e-05	4.221804e-06	1
19	rs60973470	58779425	0	-2.796511e-04	-1.281260e-05	1
19	rs61096651	58845296	0	9.416479e-05	4.221805e-06	1
19	rs61219003	58842883	6	-3.673840e-04	-1.691253e-05	1
19	rs61301121	58745159	0	-6.207003e-04	-2.803129e-05	1
19	rs61460516	58851462	0	9.416479e-05	4.221805e-06	1
19	rs61468392	58823221	0	1.129762e-03	5.165305e-05	1
19	rs61514202	58844606	0	9.416479e-05	4.221805e-06	1
19	rs61521274	58830879	0	4.253973e-04	1.880514e-05	1
19	rs61566502	58581038	0	2.871642e-04	1.217953e-05	1
19	rs61635555	58834694	0	8.083456e-04	3.636361e-05	1
19	rs61745224	58723706	0	-1.333138e-04	-6.118403e-06	1
19	rs61746129	58879701	0	-9.112390e-04	-4.134853e-05	1
19	rs61746138	58879660	0	-9.112390e-04	-4.134853e-05	1
19	rs620297	58545433	0	2.467216e-04	1.046409e-05	1
19	rs62114175	58776480	0	6.554352e-04	2.766475e-05	1
19	rs62114176	58776483	0	7.357675e-04	3.108600e-05	1
19	rs62114178	58778451	0	-6.026580e-04	-2.569556e-05	1
19	rs62114179	58778512	0	1.906203e-04	7.986780e-06	1
19	rs62114183	58786176	0	1.311571e-03	5.859606e-05	1
19	rs62114208	58787115	0	1.485807e-03	6.696690e-05	1
19	rs62114212	58831966	0	-5.324062e-04	-2.334776e-05	1
19	rs62116004	58720201	0	7.615202e-04	3.302470e-05	1
19	rs62116017	58738767	0	1.077601e-03	4.745827e-05	1
19	rs62116373	58850206	0	-1.324703e-04	-6.088501e-06	1
19	rs62116378	58875268	0	-5.060121e-04	-2.275110e-05	1
19	rs62116379	58875335	0	-5.060121e-04	-2.275110e-05	1
19	rs62116380	58876618	0	-7.319327e-04	-3.305624e-05	1
19	rs62116381	58877385	0	-7.319327e-04	-3.305624e-05	1
19	rs62116383	58880761	0	-9.112390e-04	-4.134853e-05	1
19	rs62116384	58880884	0	-9.004253e-04	-4.081822e-05	1
19	rs62116388	58884162	0	-9.680734e-04	-4.409708e-05	1
19	rs62116389	58885267	0	-2.855402e-04	-1.292266e-05	1
19	rs62125248	58568181	0	-6.107416e-04	-2.550715e-05	1
19	rs62125894	58679627	0	-5.349524e-04	-2.349354e-05	1
19	rs62125914	58706186	0	6.776565e-04	2.938528e-05	1
19	rs62125917	58711509	0	6.776565e-04	2.938528e-05	1
19	rs62126787	58586371	0	-5.669790e-05	-2.394516e-06	1
19	rs62126791	58587777	0	-2.879340e-04	-1.219006e-05	1
19	rs62126796	58612051	1	-7.728919e-04	-3.405549e-05	1
19	rs63283	58740490	0	1.163107e-03	5.270489e-05	1
19	rs6510116	58604319	0	-2.291801e-04	-9.982130e-06	1
19	rs6510125	58637152	0	9.896434e-04	4.327078e-05	1
19	rs6510126	58675916	0	-1.041936e-03	-4.616988e-05	1
19	rs6510128	58761107	0	-2.164948e-04	-9.161484e-06	1
19	rs6510129	58761533	0	-2.164948e-04	-9.161489e-06	1
19	rs6510131	58776347	0	1.157909e-04	5.285458e-06	1
19	rs6510133	58801186	0	1.337071e-03	5.817350e-05	1
19	rs6510136	58824721	0	2.847182e-04	1.262426e-05	1
19	rs6510137	58864150	0	7.569029e-04	3.425818e-05	1
19	rs6510139	58885702	0	1.067586e-03	4.593156e-05	1
19	rs6510140	58885773	0	1.033349e-03	4.443335e-05	1
19	rs6510141	58885786	0	9.951296e-05	4.180091e-06	1
19	rs6510142	58885842	0	-9.680734e-04	-4.409708e-05	1
19	rs6510143	58885874	0	5.061302e-05	2.288671e-06	1
19	rs66616365	58667964	0	1.370331e-03	6.065367e-05	1
19	rs67047437	58676662	0	1.749189e-03	7.948483e-05	1
19	rs67781917	58524126	0	1.020693e-04	4.407066e-06	1
19	rs67825948	58525067	0	1.020693e-04	4.407065e-06	1
19	rs71333247	58559583	0	-1.408917e-03	-6.302978e-05	1
19	rs71333251	58738839	0	1.291008e-03	5.749701e-05	1
19	rs71354068	58531715	0	4.895707e-04	2.222914e-05	1
19	rs71355829	58551080	0	-1.009136e-03	-4.452526e-05	1
19	rs71355833	58657180	0	-2.667016e-04	-1.149497e-05	1
19	rs719009	58584722	0	-2.879340e-04	-1.219005e-05	1
19	rs719010	58584765	0	-2.879340e-04	-1.219005e-05	1
19	rs719011	58584841	0	-1.267523e-04	-5.351557e-06	1
19	rs723669	58563100	0	-8.589520e-04	-3.770360e-05	1
19	rs7245923	58874709	0	-5.060121e-04	-2.275109e-05	1
19	rs7246174	58765348	0	1.751482e-04	7.955737e-06	1
19	rs7246751	58804121	0	-5.745694e-04	-2.614051e-05	1
19	rs7248057	58774513	0	1.316488e-04	5.999846e-06	1
19	rs7248493	58711108	0	5.013775e-04	2.180260e-05	1
19	rs7248512	58716363	0	9.994719e-04	4.273826e-05	1
19	rs7249664	58586610	0	5.545676e-05	2.375031e-06	1
19	rs7250280	58713774	0	5.680990e-04	2.457076e-05	1
19	rs7250524	58611423	0	8.641420e-04	3.677662e-05	1
19	rs7250610	58611723	0	-1.133978e-04	-5.015093e-06	1
19	rs7250711	58611592	0	8.641420e-04	3.677661e-05	1
19	rs7250715	58611606	0	1.360702e-03	6.076939e-05	1
19	rs7250816	58581572	0	-3.763139e-04	-1.619208e-05	1
19	rs7251261	58629081	10	3.383299e-04	1.474440e-05	1
19	rs7251536	58620679	0	1.080294e-03	4.730898e-05	1
19	rs7252129	58657428	0	1.558041e-03	6.961973e-05	1
19	rs7252304	58629122	1	5.547149e-04	2.429342e-05	1
19	rs7253055	58793554	0	-1.814980e-03	-8.234237e-05	1
19	rs7253344	58779340	0	5.980841e-04	2.517548e-05	1
19	rs7253357	58779369	0	1.906203e-04	7.986722e-06	1
19	rs7254299	58884965	0	-4.154073e-05	-1.741698e-06	1
19	rs7254639	58876797	0	-7.319327e-04	-3.305623e-05	1
19	rs7255290	58583832	0	2.871642e-04	1.217951e-05	1
19	rs7255489	58879965	0	9.670768e-05	4.374085e-06	1
19	rs7255596	58879976	0	9.670768e-05	4.374085e-06	1
19	rs7255605	58584251	0	2.871642e-04	1.217951e-05	1
19	rs7255916	58880016	0	-9.471733e-04	-4.317168e-05	1
19	rs7256349	58718269	0	8.710778e-04	3.789979e-05	1
19	rs7256664	58600587	0	-2.694778e-04	-1.171369e-05	1
19	rs7256809	58880184	0	-9.112390e-04	-4.134851e-05	1
19	rs7256940	58880242	0	-9.112390e-04	-4.134851e-05	1
19	rs7256964	58882186	0	8.886220e-04	3.801911e-05	1
19	rs7257788	58788901	0	-2.752318e-04	-1.252652e-05	1
19	rs7258103	58627235	0	8.675124e-04	3.785044e-05	1
19	rs7258239	58734410	2	7.495212e-04	3.365513e-05	1
19	rs7260445	58571049	0	-1.025045e-04	-4.667023e-06	1
19	rs72629170	58876368	0	-7.130854e-04	-3.211000e-05	1
19	rs72629171	58880848	0	-9.004253e-04	-4.081821e-05	1
19	rs73056266	58702854	0	2.940896e-05	1.352391e-06	1
19	rs73056270	58709763	0	2.940896e-05	1.352392e-06	1
19	rs73056279	58726998	0	7.106660e-05	3.239158e-06	1
19	rs73056286	58750550	0	2.317737e-04	1.048896e-05	1
19	rs73056388	58584525	0	2.871642e-04	1.217951e-05	1
19	rs73058504	58589515	0	-2.879340e-04	-1.219003e-05	1
19	rs73060214	58846001	0	-4.655048e-04	-2.144063e-05	1
19	rs73071847	58548748	0	-7.053033e-04	-3.090614e-05	1
19	rs735507	58720360	0	2.504470e-04	1.076613e-05	1
19	rs73566790	58743866	0	-5.476553e-04	-2.467615e-05	1
19	rs73570604	58810827	0	1.353841e-04	6.000914e-06	1
19	rs73570633	58828121	0	8.083456e-04	3.636362e-05	1
19	rs73570653	58832874	0	3.244032e-04	1.435608e-05	1
19	rs73570658	58834522	0	8.083456e-04	3.636362e-05	1
19	rs73570691	58841364	0	9.416479e-05	4.221821e-06	1
19	rs73570694	58841515	0	9.416479e-05	4.221821e-06	1
19	rs73572621	58845441	0	9.416479e-05	4.221822e-06	1
19	rs73572630	58847132	0	2.111972e-05	9.506174e-07	1
19	rs73572641	58852541	0	9.416479e-05	4.221822e-06	1
19	rs7359845	58831819	0	4.253973e-04	1.880516e-05	1
19	rs7359922	58830261	0	4.253973e-04	1.880516e-05	1
19	rs73939627	58848734	0	1.122727e-04	5.046843e-06	1
19	rs74357328	58550617	0	-5.066066e-04	-2.331187e-05	1
19	rs74414988	58524349	0	1.611527e-04	7.226913e-06	1
19	rs74496797	58749776	0	-1.148941e-04	-5.204699e-06	1
19	rs74625788	58757001	0	-1.148941e-04	-5.204699e-06	1
19	rs74815034	58658965	0	-4.513662e-04	-1.951368e-05	1
19	rs75072205	58755366	0	-3.408148e-04	-1.545779e-05	1
19	rs7507609	58611111	0	-4.965597e-04	-2.090313e-05	1
19	rs7508106	58876115	0	1.922590e-04	8.707316e-06	1
19	rs751745	58722129	0	-5.135953e-04	-2.361350e-05	1
19	rs753530	58632768	0	5.770470e-04	2.539178e-05	1
19	rs75597	58720236	0	4.505725e-05	2.014806e-06	1
19	rs75904835	58810044	0	-5.947803e-05	-2.706942e-06	1
19	rs76652149	58524660	0	1.611527e-04	7.226913e-06	1
19	rs76795181	58684319	0	2.129911e-04	9.795606e-06	1
19	rs76798942	58653114	0	1.773981e-04	7.767410e-06	1
19	rs76938992	58877357	0	-1.808427e-04	-8.278695e-06	1
19	rs76958646	58562357	0	1.552503e-04	7.064577e-06	1
19	rs76963345	58743142	0	-3.762316e-04	-1.719627e-05	1
19	rs77140992	58521189	0	1.611527e-04	7.226912e-06	1
19	rs77193614	58820450	0	-7.223998e-04	-3.258822e-05	1
19	rs77222313	58533610	0	2.938242e-04	1.318671e-05	1
19	rs77262558	58684431	0	-9.393522e-04	-4.345418e-05	1
19	rs77377117	58742665	0	7.479501e-04	3.439673e-05	1
19	rs78202231	58668413	0	-6.526882e-04	-3.001720e-05	1
19	rs78282479	58682941	0	-8.610762e-04	-3.937703e-05	1
19	rs78293168	58755872	0	-1.148941e-04	-5.204698e-06	1
19	rs78487872	58855393	0	-1.629260e-04	-7.483869e-06	1
19	rs78560062	58662212	0	-1.630229e-04	-7.124192e-06	1
19	rs78604285	58712758	0	-1.015882e-05	-4.626759e-07	1
19	rs78664025	58695007	0	5.058095e-04	2.315044e-05	1
19	rs78968038	58658294	0	1.558041e-03	6.961971e-05	1
19	rs79132177	58701780	0	-3.511629e-04	-1.580449e-05	1
19	rs79135878	58642383	0	-6.526882e-04	-3.001720e-05	1
19	rs79192210	58561312	0	1.600703e-06	7.240686e-08	1
19	rs79208032	58556652	0	-7.424010e-04	-3.268768e-05	1
19	rs79222418	58664418	0	3.077106e-04	1.345682e-05	1
19	rs79259289	58752257	0	6.341224e-04	2.776201e-05	1
19	rs79287592	58789765	0	-6.074619e-04	-2.777413e-05	1
19	rs79463936	58755254	0	-3.408148e-04	-1.545779e-05	1
19	rs79481083	58820403	0	-5.792363e-04	-2.607245e-05	1
19	rs79562691	58745897	0	1.863366e-04	8.571697e-06	1
19	rs79894507	58699453	0	-1.015882e-05	-4.626767e-07	1
19	rs79955355	58665816	0	-1.133262e-04	-5.189144e-06	1
19	rs80090318	58702017	0	-3.511629e-04	-1.580449e-05	1
19	rs80153933	58526696	0	3.489052e-04	1.565984e-05	1
19	rs80298408	58807275	0	-5.213982e-04	-2.393625e-05	1
19	rs80320621	58816329	0	-2.958624e-04	-1.328112e-05	1
19	rs8100276	58534236	0	3.476559e-04	1.542552e-05	1
19	rs8100534	58534484	0	3.476559e-04	1.542552e-05	1
19	rs8100738	58581904	0	-2.879340e-04	-1.219002e-05	1
19	rs8102157	58589599	0	-1.503932e-04	-6.455057e-06	1
19	rs8103853	58577762	0	-3.763139e-04	-1.619208e-05	1
19	rs8104061	58795986	0	-1.611731e-03	-7.238576e-05	1
19	rs8104276	58603983	0	-2.860923e-04	-1.236445e-05	1
19	rs8105044	58796805	0	6.890238e-04	2.926679e-05	1
19	rs8105799	58761585	0	-2.164948e-04	-9.161541e-06	1
19	rs8105906	58791636	0	-2.752318e-04	-1.252652e-05	1
19	rs8105935	58821088	0	-7.223998e-04	-3.258822e-05	1
19	rs8106345	58888317	0	8.869927e-05	3.722046e-06	1
19	rs8106477	58888441	0	1.084738e-03	4.666814e-05	1
19	rs8107581	58809154	0	5.633694e-04	2.371875e-05	1
19	rs8107931	58636461	0	2.448169e-04	1.073741e-05	1
19	rs8108238	58757968	0	-1.148941e-04	-5.204697e-06	1
19	rs8108371	58730394	0	-2.326188e-04	-1.055574e-05	1
19	rs8108493	58730489	0	-3.238717e-04	-1.476790e-05	1
19	rs8109093	58833871	0	3.244032e-04	1.435608e-05	1
19	rs8109275	58629878	0	5.770470e-04	2.539177e-05	1
19	rs8109359	58629914	0	5.770470e-04	2.539176e-05	1
19	rs8109471	58621794	0	2.448169e-04	1.073741e-05	1
19	rs8109694	58621307	0	-2.122071e-04	-9.355527e-06	1
19	rs8109925	58623323	0	2.448169e-04	1.073740e-05	1
19	rs8109937	58584643	0	-2.879340e-04	-1.219001e-05	1
19	rs8110117	58600626	0	9.120582e-04	4.013902e-05	1
19	rs8110249	58824237	0	3.996183e-04	1.772453e-05	1
19	rs8110941	58824163	0	5.912391e-04	2.632817e-05	1
19	rs8111222	58750413	0	-1.361625e-04	-5.774559e-06	1
19	rs8111238	58667076	0	1.315183e-03	5.805808e-05	1
19	rs8111301	58750326	0	-1.148941e-04	-5.204696e-06	1
19	rs8111498	58749994	0	-4.471242e-04	-2.031100e-05	1
19	rs8112286	58752391	0	-2.708156e-04	-1.225011e-05	1
19	rs8112340	58759679	0	-4.184905e-05	-1.889130e-06	1
19	rs8112556	58886459	0	5.061302e-05	2.288666e-06	1
19	rs877796	58753615	0	2.358618e-04	1.062160e-05	1
19	rs877797	58753649	0	-1.148941e-04	-5.204696e-06	1
19	rs889158	58601981	0	-2.790390e-05	-1.184366e-06	1
19	rs889159	58584522	0	-3.173484e-04	-1.342259e-05	1
19	rs889160	58584434	0	-2.651007e-04	-1.137484e-05	1
19	rs889161	58584324	0	-2.879340e-04	-1.219001e-05	1
19	rs893180	58865091	0	8.578970e-04	3.896992e-05	1
19	rs893181	58865082	0	8.578970e-04	3.896992e-05	1
19	rs893182	58865068	0	8.578970e-04	3.896992e-05	1
19	rs893183	58865054	0	7.569029e-04	3.425817e-05	1
19	rs893184	58864479	0	7.569029e-04	3.425817e-05	1
19	rs918544	58620103	0	2.448169e-04	1.073740e-05	1
19	rs918545	58620068	0	2.448169e-04	1.073739e-05	1
19	rs922929	58734596	0	7.926341e-04	3.572059e-05	1
19	rs922931	58734749	0	4.604040e-04	2.057837e-05	1
19	rs933670	58619847	0	-7.529693e-05	-3.367591e-06	1
19	rs9676281	58756728	0	-3.456181e-05	-1.568638e-06	1
19	rs9676287	58756655	0	-1.148941e-04	-5.204695e-06	1
19	rs9676487	58756869	0	-3.456181e-05	-1.568638e-06	1
19	rs971711	58632872	0	-2.122071e-04	-9.355539e-06	1
19	rs9749456	58882192	0	7.013302e-05	2.938436e-06	1
