chr	rs	ps	n_miss	b	beta	gamma
12	rs1001127	6601743	0	-5.450864e-04	-8.934624e-06	1
12	rs1017101	6574301	0	-1.184410e-04	-1.936068e-06	1
12	rs10219599	6113138	0	1.305450e-04	2.163401e-06	1
12	rs1034969	6573856	0	-2.853028e-04	-4.666483e-06	1
12	rs1043262	6639088	0	-4.867261e-04	-7.972878e-06	1
12	rs1043271	6640676	1	-9.242735e-04	-1.528713e-05	1
12	rs1043282	6640976	0	4.236552e-04	7.000632e-06	1
12	rs10437831	6620779	0	-1.792465e-04	-2.922439e-06	1
12	rs10444482	6800827	0	-4.327748e-04	-7.320783e-06	1
12	rs1045452	6572048	0	1.724999e-04	2.787677e-06	1
12	rs1045546	6567907	0	3.057962e-04	5.047366e-06	1
12	rs1045548	6570966	0	5.116702e-05	8.204145e-07	1
12	rs1045553	6747295	0	7.382317e-04	1.216900e-05	1
12	rs10466905	6502832	0	-2.379772e-04	-3.918079e-06	1
12	rs1047776	6948692	0	4.627780e-04	7.476490e-06	1
12	rs1047792	6649099	0	3.354995e-04	5.512407e-06	1
12	rs1048402	6601175	0	-3.940214e-04	-6.407028e-06	1
12	rs10492096	6580582	0	2.894526e-04	4.776418e-06	1
12	rs10492097	6394678	0	1.193351e-03	1.988701e-05	1
12	rs1050629	6857289	0	-2.232745e-04	-3.759512e-06	1
12	rs1056968	6528629	0	5.075066e-04	8.246717e-06	1
12	rs1057510	6683287	0	-4.963940e-04	-8.165902e-06	1
12	rs1060619	6644781	0	-1.423729e-04	-2.325611e-06	1
12	rs1060620	6644722	0	-2.475871e-05	-4.079142e-07	1
12	rs1060621	6644696	0	3.583560e-04	5.889572e-06	1
12	rs1063857	6153514	0	-7.956596e-04	-1.304106e-05	1
12	rs1065691	6646320	0	-3.676337e-05	-6.037134e-07	1
12	rs10735058	6617372	0	-6.028006e-04	-9.898250e-06	1
12	rs10735059	6625130	0	-4.356773e-04	-7.109223e-06	1
12	rs10744696	6168834	0	-8.404079e-05	-1.366913e-06	1
12	rs10744700	6297863	0	-2.532924e-04	-4.125594e-06	1
12	rs10744702	6349127	0	-4.578081e-04	-7.419303e-06	1
12	rs10744705	6498695	0	-2.435035e-04	-4.090217e-06	1
12	rs10744706	6503218	0	3.203479e-04	5.244198e-06	1
12	rs10744709	6617351	0	-6.028006e-04	-9.898250e-06	1
12	rs10744710	6617559	0	-6.618409e-04	-1.088000e-05	1
12	rs1075835	6905417	0	1.910325e-05	3.181038e-07	1
12	rs1075836	6905550	0	-3.168143e-04	-5.176791e-06	1
12	rs1075837	6905608	0	-3.982703e-04	-6.510956e-06	1
12	rs1075838	6905715	0	-3.982703e-04	-6.510956e-06	1
12	rs1076415	6289938	0	-3.357158e-04	-5.464021e-06	1
12	rs10774394	6238593	0	-1.022490e-03	-1.684884e-05	1
12	rs10774407	6286080	0	-7.106265e-04	-1.161367e-05	1
12	rs10774409	6288322	0	-8.620701e-04	-1.412337e-05	1
12	rs10774411	6299423	0	-5.008709e-04	-8.163238e-06	1
12	rs10774412	6299448	0	-4.121524e-04	-6.713752e-06	1
12	rs10774413	6299813	0	-2.683788e-04	-4.354262e-06	1
12	rs10774415	6300246	0	-4.565747e-04	-7.438292e-06	1
12	rs10774424	6380357	0	1.451306e-03	2.424869e-05	1
12	rs10774431	6535649	0	9.505655e-04	1.559713e-05	1
12	rs10774432	6565750	0	1.055022e-04	1.701596e-06	1
12	rs10774435	6616120	0	-4.092106e-05	-6.713484e-07	1
12	rs10774436	6629266	0	-4.595145e-04	-7.518121e-06	1
12	rs10774437	6655450	0	3.169372e-04	5.152574e-06	1
12	rs10774438	6699865	0	-4.574061e-04	-7.528310e-06	1
12	rs10774440	6757401	0	3.550876e-05	5.952275e-07	1
12	rs10774442	6829472	0	3.479572e-04	5.648226e-06	1
12	rs10774443	6848212	0	-3.352441e-04	-5.569240e-06	1
12	rs10774445	6850528	0	-6.633256e-04	-1.104203e-05	1
12	rs10774448	6907289	0	2.889635e-04	4.788392e-06	1
12	rs10849375	6100611	0	6.907210e-04	1.160717e-05	1
12	rs10849376	6102907	0	6.907210e-04	1.160717e-05	1
12	rs10849377	6104554	0	6.907210e-04	1.160717e-05	1
12	rs10849380	6185309	0	-2.365947e-04	-3.953492e-06	1
12	rs10849392	6243869	0	-1.323920e-03	-2.200077e-05	1
12	rs10849410	6280732	0	-8.300522e-04	-1.358173e-05	1
12	rs10849411	6285818	0	-8.366813e-04	-1.373335e-05	1
12	rs10849413	6285867	0	-7.106265e-04	-1.161367e-05	1
12	rs10849414	6286370	0	-7.106265e-04	-1.161366e-05	1
12	rs10849426	6362158	0	-6.576895e-04	-1.105793e-05	1
12	rs10849431	6375865	0	2.994076e-05	4.987361e-07	1
12	rs10849432	6385727	0	1.416677e-04	2.347346e-06	1
12	rs10849433	6406904	0	1.348430e-03	2.240553e-05	1
12	rs10849434	6407044	0	1.154315e-03	1.907725e-05	1
12	rs10849436	6409619	0	1.469390e-03	2.472232e-05	1
12	rs10849438	6412036	0	1.267162e-03	2.150126e-05	1
12	rs10849439	6415331	0	-1.102116e-03	-1.843335e-05	1
12	rs10849441	6435571	0	-2.314981e-04	-3.747567e-06	1
12	rs10849449	6498662	0	1.032703e-03	1.699202e-05	1
12	rs10849451	6524679	0	6.679637e-04	1.088222e-05	1
12	rs10849452	6525121	0	6.679637e-04	1.088222e-05	1
12	rs10849453	6528252	0	3.075718e-05	4.989584e-07	1
12	rs10849454	6534654	0	-1.255392e-04	-2.050416e-06	1
12	rs10849462	6575992	0	3.057962e-04	5.047366e-06	1
12	rs10849465	6580365	0	5.021045e-04	8.169686e-06	1
12	rs10849466	6582278	0	3.489868e-04	5.662422e-06	1
12	rs10849468	6596695	0	-6.905319e-04	-1.134802e-05	1
12	rs10849469	6605811	0	4.236552e-04	7.000628e-06	1
12	rs10849470	6606493	0	4.236552e-04	7.000628e-06	1
12	rs10849471	6610118	0	4.236552e-04	7.000628e-06	1
12	rs10849472	6610300	0	4.236552e-04	7.000628e-06	1
12	rs10849474	6610726	0	4.236552e-04	7.000627e-06	1
12	rs10849475	6615202	0	4.236552e-04	7.000627e-06	1
12	rs10849477	6616087	0	4.236552e-04	7.000627e-06	1
12	rs10849478	6621251	0	-6.029017e-04	-9.842614e-06	1
12	rs10849479	6624806	0	5.142472e-04	8.510874e-06	1
12	rs10849480	6629113	0	-1.761939e-04	-2.829115e-06	1
12	rs10849481	6633621	0	-4.075697e-04	-6.703436e-06	1
12	rs10849482	6635274	0	-1.010600e-04	-1.659883e-06	1
12	rs10849483	6635374	0	-1.010600e-04	-1.659883e-06	1
12	rs10849484	6637941	0	-1.010600e-04	-1.659883e-06	1
12	rs10849485	6640267	0	3.017544e-04	4.894910e-06	1
12	rs10849487	6653762	0	6.145201e-04	1.009597e-05	1
12	rs10849488	6654050	0	2.940807e-04	4.778664e-06	1
12	rs10849492	6720795	0	-9.522741e-04	-1.580126e-05	1
12	rs10849493	6754518	0	2.213461e-05	3.708651e-07	1
12	rs10849503	6850713	0	-6.633256e-04	-1.104203e-05	1
12	rs10849504	6850911	0	-2.390808e-04	-3.972399e-06	1
12	rs10849505	6850916	0	-6.633256e-04	-1.104203e-05	1
12	rs10849506	6851193	0	-7.265248e-04	-1.212327e-05	1
12	rs10849507	6851562	0	-7.265248e-04	-1.212327e-05	1
12	rs10849508	6851638	0	-3.022800e-04	-5.031418e-06	1
12	rs10849509	6851649	0	-7.265248e-04	-1.212327e-05	1
12	rs10849510	6851758	0	-3.022800e-04	-5.031418e-06	1
12	rs10849511	6851813	0	-3.022800e-04	-5.031418e-06	1
12	rs10849517	6907026	0	4.836426e-04	8.045679e-06	1
12	rs10849523	6923286	0	8.069421e-04	1.362141e-05	1
12	rs11063975	6097337	0	5.915360e-04	9.925783e-06	1
12	rs11063976	6097895	0	5.457497e-04	9.141888e-06	1
12	rs11063977	6097946	0	6.907210e-04	1.160717e-05	1
12	rs11063981	6111927	0	4.033785e-04	6.744340e-06	1
12	rs11063982	6113139	0	6.507550e-04	1.092753e-05	1
12	rs11063993	6135366	0	8.397952e-05	1.402031e-06	1
12	rs11064001	6142807	0	8.397952e-05	1.402031e-06	1
12	rs11064005	6150066	0	-4.966520e-04	-8.381251e-06	1
12	rs11064009	6160041	0	-5.233925e-04	-8.824137e-06	1
12	rs11064018	6195675	0	-4.926109e-04	-8.177737e-06	1
12	rs11064019	6196300	0	-4.926109e-04	-8.177737e-06	1
12	rs11064020	6196314	0	-4.926109e-04	-8.177737e-06	1
12	rs11064021	6196413	0	-4.926109e-04	-8.177737e-06	1
12	rs11064022	6196444	0	-3.934259e-04	-6.521217e-06	1
12	rs11064024	6202049	0	7.195080e-04	1.169958e-05	1
12	rs11064046	6248585	0	-1.371860e-03	-2.288869e-05	1
12	rs11064076	6286671	0	-8.366813e-04	-1.373335e-05	1
12	rs11064078	6294210	0	-2.699939e-04	-4.398500e-06	1
12	rs11064079	6295614	0	-2.532924e-04	-4.125586e-06	1
12	rs11064080	6295644	0	-1.664685e-04	-2.708928e-06	1
12	rs11064081	6295701	0	-1.664685e-04	-2.708928e-06	1
12	rs11064082	6295905	0	-1.664685e-04	-2.708927e-06	1
12	rs11064098	6343123	0	1.247688e-04	2.086803e-06	1
12	rs11064110	6361004	0	-5.792107e-04	-9.745086e-06	1
12	rs11064111	6362362	0	5.592181e-04	9.370101e-06	1
12	rs11064113	6364639	0	5.592181e-04	9.370101e-06	1
12	rs11064115	6367229	0	-3.256089e-04	-5.443610e-06	1
12	rs11064116	6367415	0	-3.256089e-04	-5.443610e-06	1
12	rs11064117	6367552	0	-4.710543e-04	-7.898546e-06	1
12	rs11064123	6380978	0	1.451306e-03	2.424869e-05	1
12	rs11064124	6381507	0	-5.096133e-04	-8.455392e-06	1
12	rs11064130	6401379	0	1.006716e-03	1.666272e-05	1
12	rs11064131	6404952	0	1.284879e-03	2.181053e-05	1
12	rs11064153	6488450	0	-4.395890e-07	-8.710828e-09	1
12	rs11064156	6490381	0	5.120643e-04	8.274714e-06	1
12	rs11064159	6502361	0	5.547477e-04	9.105752e-06	1
12	rs11064160	6502708	0	-5.089564e-04	-8.420771e-06	1
12	rs11064180	6523249	0	-4.864752e-04	-7.898765e-06	1
12	rs11064181	6523724	0	6.679637e-04	1.088222e-05	1
12	rs11064182	6527237	0	-4.864752e-04	-7.898765e-06	1
12	rs11064185	6531223	0	-7.754662e-04	-1.265602e-05	1
12	rs11064186	6532015	0	-6.488112e-04	-1.056052e-05	1
12	rs11064192	6549564	0	-2.432177e-04	-3.956805e-06	1
12	rs11064210	6576721	0	1.688266e-04	2.783430e-06	1
12	rs11064213	6580376	0	6.799079e-05	1.109133e-06	1
12	rs11064214	6580854	0	4.209098e-04	6.954738e-06	1
12	rs11064218	6586261	0	4.348926e-04	7.188046e-06	1
12	rs11064220	6592574	2	-1.104747e-04	-1.815934e-06	1
12	rs11064221	6595559	0	-3.304461e-04	-5.367741e-06	1
12	rs11064222	6595844	1	7.744564e-04	1.268260e-05	1
12	rs11064223	6596326	0	-5.450864e-04	-8.934624e-06	1
12	rs11064224	6596430	0	-5.450864e-04	-8.934624e-06	1
12	rs11064226	6597787	0	-3.940214e-04	-6.407020e-06	1
12	rs11064227	6598043	0	-2.077549e-04	-3.415616e-06	1
12	rs11064231	6604415	0	-1.010600e-04	-1.659884e-06	1
12	rs11064233	6607898	0	-5.561612e-04	-9.066237e-06	1
12	rs11064234	6608051	0	4.236552e-04	7.000624e-06	1
12	rs11064237	6614156	0	-7.008223e-04	-1.145475e-05	1
12	rs11064239	6615612	0	-7.820343e-05	-1.284088e-06	1
12	rs11064241	6623097	0	1.607466e-04	2.597159e-06	1
12	rs11064242	6625311	0	-3.746784e-04	-6.092136e-06	1
12	rs11064245	6631725	0	-5.847477e-04	-9.540496e-06	1
12	rs11064246	6653118	0	6.145201e-04	1.009597e-05	1
12	rs11064247	6653584	0	-1.114348e-04	-1.877047e-06	1
12	rs11064248	6654336	0	4.655459e-04	7.629630e-06	1
12	rs11064249	6654604	0	3.169372e-04	5.152564e-06	1
12	rs11064250	6655149	0	6.145201e-04	1.009597e-05	1
12	rs11064252	6662744	0	-8.202715e-05	-1.380961e-06	1
12	rs11064254	6668724	0	-5.500351e-04	-9.111896e-06	1
12	rs11064255	6669257	0	-6.107764e-04	-1.012778e-05	1
12	rs11064262	6689398	0	-4.461346e-05	-7.495890e-07	1
12	rs11064265	6694304	0	-8.202715e-05	-1.380961e-06	1
12	rs11064266	6694655	0	-3.721914e-04	-6.147458e-06	1
12	rs11064268	6695278	0	-4.574061e-04	-7.528307e-06	1
12	rs11064270	6695988	0	-8.202715e-05	-1.380961e-06	1
12	rs11064272	6700146	0	-8.995979e-04	-1.498919e-05	1
12	rs11064276	6706982	0	-7.321010e-05	-1.231467e-06	1
12	rs11064281	6721425	0	-8.790640e-04	-1.462609e-05	1
12	rs11064282	6721547	0	-2.981204e-04	-4.997373e-06	1
12	rs11064295	6743450	0	6.866684e-05	1.128196e-06	1
12	rs11064296	6744829	0	1.758585e-04	2.900721e-06	1
12	rs11064300	6758403	0	4.462106e-04	7.490146e-06	1
12	rs11064303	6762870	0	-3.347574e-04	-5.654190e-06	1
12	rs11064306	6764030	0	7.140808e-04	1.171418e-05	1
12	rs11064316	6801001	0	-4.327748e-04	-7.320782e-06	1
12	rs11064323	6812100	0	-4.327748e-04	-7.320782e-06	1
12	rs11064333	6834213	0	1.639732e-04	2.724417e-06	1
12	rs11064334	6835536	0	3.682740e-04	6.128095e-06	1
12	rs11064335	6841813	0	-3.073559e-05	-5.092393e-07	1
12	rs11064336	6844246	0	1.286400e-04	2.140732e-06	1
12	rs11064337	6845793	0	-6.633256e-04	-1.104202e-05	1
12	rs11064338	6846045	0	1.286400e-04	2.140732e-06	1
12	rs11064339	6847418	0	-6.633256e-04	-1.104202e-05	1
12	rs11064340	6847681	0	-6.633256e-04	-1.104202e-05	1
12	rs11064342	6847809	0	-7.594889e-04	-1.265371e-05	1
12	rs11064343	6847895	0	-8.772400e-04	-1.463899e-05	1
12	rs11064344	6847985	0	-3.352441e-04	-5.569237e-06	1
12	rs11064345	6848002	0	-3.352441e-04	-5.569237e-06	1
12	rs11064349	6849190	0	-6.358121e-04	-1.058370e-05	1
12	rs11064350	6849355	0	-6.633256e-04	-1.104202e-05	1
12	rs11064351	6849365	0	-2.390808e-04	-3.972396e-06	1
12	rs11064352	6849491	0	-7.385090e-04	-1.231537e-05	1
12	rs11064355	6851736	0	6.544083e-05	1.090676e-06	1
12	rs11064356	6852447	0	-3.049944e-04	-5.078979e-06	1
12	rs11064357	6852574	0	-1.023634e-04	-1.701147e-06	1
12	rs11064358	6853766	0	6.063707e-04	1.005763e-05	1
12	rs11064360	6855240	0	7.358380e-04	1.223237e-05	1
12	rs11064369	6866827	0	-8.134801e-04	-1.334143e-05	1
12	rs11064370	6868482	0	7.096284e-04	1.154241e-05	1
12	rs11064371	6868500	0	8.064131e-04	1.313423e-05	1
12	rs11064372	6868590	0	7.096284e-04	1.154241e-05	1
12	rs11064386	6896318	0	7.082206e-04	1.181984e-05	1
12	rs11064391	6897527	2	-9.986606e-05	-1.638041e-06	1
12	rs11064392	6898392	0	7.082206e-04	1.181984e-05	1
12	rs11064393	6899582	0	4.545108e-04	7.549065e-06	1
12	rs11064394	6906834	0	4.029643e-04	6.695191e-06	1
12	rs11064432	6968741	0	-3.440240e-04	-5.696785e-06	1
12	rs111311858	6815049	0	1.955984e-04	3.260142e-06	1
12	rs111443469	6213840	0	-4.832110e-04	-8.141637e-06	1
12	rs111547369	6742859	0	-3.699130e-04	-6.238294e-06	1
12	rs111571849	6758837	0	-3.328090e-04	-5.563722e-06	1
12	rs112161653	6414767	0	1.293149e-04	2.174792e-06	1
12	rs112255740	6852542	0	-4.242448e-04	-7.163460e-06	1
12	rs11227	6840371	0	6.312786e-04	1.030662e-05	1
12	rs112284808	6268754	0	-3.945247e-04	-6.616932e-06	1
12	rs112463032	6253038	0	-7.223282e-05	-1.212914e-06	1
12	rs112481081	6268733	0	-3.945247e-04	-6.616932e-06	1
12	rs112484799	6268767	0	-3.945247e-04	-6.616932e-06	1
12	rs112489230	6282693	0	-1.832176e-04	-3.091637e-06	1
12	rs112523274	6812302	0	1.955984e-04	3.260142e-06	1
12	rs112542578	6850819	0	-4.242448e-04	-7.163460e-06	1
12	rs112651654	6491280	0	1.452341e-04	2.446168e-06	1
12	rs112667902	6814296	0	1.955984e-04	3.260142e-06	1
12	rs112748569	6473620	0	3.436038e-05	5.792978e-07	1
12	rs112814955	6225931	0	-1.972655e-04	-3.300918e-06	1
12	rs112826761	6640910	0	1.141665e-05	1.925444e-07	1
12	rs112936609	6791077	0	1.343254e-04	2.256325e-06	1
12	rs113081282	6230544	0	3.645680e-04	6.150046e-06	1
12	rs113089859	6371668	0	4.221352e-04	7.132166e-06	1
12	rs113104597	6703172	0	-6.746876e-04	-1.122538e-05	1
12	rs113244573	6684385	0	2.308186e-04	3.898452e-06	1
12	rs113281544	6688517	0	-3.841960e-04	-6.347726e-06	1
12	rs113324349	6850725	0	-6.633256e-04	-1.104202e-05	1
12	rs113331457	6810131	0	1.955984e-04	3.260142e-06	1
12	rs113404207	6221848	0	-2.528338e-04	-4.234901e-06	1
12	rs113451139	6397308	0	1.211316e-03	2.032651e-05	1
12	rs113454053	6400591	9	6.226580e-04	1.030440e-05	1
12	rs113559360	6422052	0	8.412579e-05	1.419238e-06	1
12	rs113737586	6755121	0	-4.789325e-04	-8.081294e-06	1
12	rs113756914	6797472	0	-6.147298e-05	-1.037391e-06	1
12	rs113839140	6268746	0	-3.945247e-04	-6.616932e-06	1
12	rs114249506	6206316	0	-5.095393e-04	-8.565747e-06	1
12	rs114724388	6850459	0	-4.242448e-04	-7.163460e-06	1
12	rs114976192	6203533	0	-5.843585e-04	-9.828358e-06	1
12	rs11503137	6759116	0	2.805052e-04	4.701876e-06	1
12	rs11534812	6116982	0	3.065107e-04	5.167026e-06	1
12	rs115373837	6206543	0	-5.095393e-04	-8.565747e-06	1
12	rs11539542	6709059	0	-7.366495e-05	-1.214835e-06	1
12	rs11539543	6707526	0	-3.941124e-05	-6.471545e-07	1
12	rs11542844	6464581	0	4.461919e-05	7.418242e-07	1
12	rs11545053	6602645	0	-5.941273e-04	-9.692042e-06	1
12	rs11545054	6602732	0	-4.494662e-04	-7.315255e-06	1
12	rs11545055	6602696	0	-4.494662e-04	-7.315254e-06	1
12	rs115462318	6822544	0	2.352020e-04	3.920598e-06	1
12	rs115483248	6203480	0	-5.843585e-04	-9.828358e-06	1
12	rs115517017	6538823	0	-2.429141e-04	-4.057319e-06	1
12	rs11559082	6602367	0	-2.077549e-04	-3.415616e-06	1
12	rs11568225	6328113	0	3.998418e-04	6.696555e-06	1
12	rs11568240	6332926	0	-2.345977e-04	-3.957211e-06	1
12	rs11568283	6327437	0	4.108342e-04	6.943448e-06	1
12	rs11568284	6331487	0	-5.022214e-04	-8.458676e-06	1
12	rs11568285	6331489	0	-5.022214e-04	-8.458676e-06	1
12	rs11568287	6337041	0	1.247583e-04	2.101343e-06	1
12	rs11569357	6553336	0	7.084952e-04	1.195497e-05	1
12	rs11569358	6553504	0	7.084952e-04	1.195497e-05	1
12	rs11569359	6553604	0	-1.013761e-03	-1.677062e-05	1
12	rs11569361	6553806	1	-1.616756e-03	-2.748308e-05	1
12	rs11569377	6557541	0	3.887628e-04	6.520873e-06	1
12	rs11608428	6826848	0	1.179234e-04	1.963792e-06	1
12	rs11608666	6178126	0	1.054282e-04	1.776075e-06	1
12	rs11608767	6596807	0	-3.940214e-04	-6.407013e-06	1
12	rs11608814	6597129	0	-4.692616e-04	-7.638008e-06	1
12	rs11609728	6139692	0	-2.550832e-04	-4.196395e-06	1
12	rs11609816	6824541	0	-2.810985e-05	-4.671328e-07	1
12	rs11609820	6824614	0	1.156687e-04	1.926504e-06	1
12	rs11610189	6612114	0	-7.008223e-04	-1.145474e-05	1
12	rs11610322	6390413	0	1.324738e-03	2.230201e-05	1
12	rs11610549	6621641	0	-6.465028e-04	-1.054174e-05	1
12	rs11610712	6612883	0	-3.631149e-04	-5.907822e-06	1
12	rs11610774	6596336	0	-3.940214e-04	-6.407009e-06	1
12	rs11610787	6819084	0	1.988145e-04	3.311286e-06	1
12	rs11610821	6596772	0	-3.940214e-04	-6.407009e-06	1
12	rs11611855	6502260	0	1.065898e-03	1.752113e-05	1
12	rs11612258	6360683	0	-2.340019e-04	-3.786405e-06	1
12	rs11612361	6824706	0	1.088597e-04	1.810510e-06	1
12	rs11612401	6136968	0	-2.202220e-04	-3.617427e-06	1
12	rs11613839	6142153	0	-1.300683e-04	-2.134229e-06	1
12	rs11614343	6603413	0	-4.494662e-04	-7.315248e-06	1
12	rs11614534	6595025	0	-3.665414e-04	-5.957304e-06	1
12	rs11614545	6144325	0	-2.329794e-04	-3.823258e-06	1
12	rs11614609	6595443	0	-5.386825e-04	-8.778255e-06	1
12	rs11614716	6904146	0	-7.845253e-04	-1.291168e-05	1
12	rs11614912	6148555	0	-2.847003e-04	-4.685298e-06	1
12	rs11615001	6144520	0	-2.847003e-04	-4.685298e-06	1
12	rs11615182	6141996	0	-2.329794e-04	-3.823257e-06	1
12	rs11615534	6409706	0	1.252685e-03	2.123444e-05	1
12	rs11615628	6903631	0	-7.482917e-04	-1.230688e-05	1
12	rs11615946	6811611	0	1.955984e-04	3.260143e-06	1
12	rs11616188	6502742	0	1.054806e-03	1.732165e-05	1
12	rs116338948	6372577	0	-2.864787e-05	-4.819224e-07	1
12	rs116858650	6841765	0	2.240056e-04	3.766119e-06	1
12	rs116891650	6154304	0	-6.872126e-04	-1.164370e-05	1
12	rs116975956	6739441	0	-3.347574e-04	-5.654190e-06	1
12	rs116979198	6611613	0	1.509659e-04	2.525693e-06	1
12	rs117054975	6376428	0	4.542634e-04	7.637525e-06	1
12	rs117201340	6826336	0	3.576727e-04	6.023174e-06	1
12	rs117238872	6405746	0	-2.389754e-05	-4.012638e-07	1
12	rs117240847	6612576	0	-1.165259e-04	-1.964762e-06	1
12	rs117266687	6221398	0	-2.528338e-04	-4.234901e-06	1
12	rs117271422	6819272	0	3.163971e-04	5.315250e-06	1
12	rs117409748	6749947	0	-5.095237e-04	-8.596671e-06	1
12	rs117471807	6785945	0	-3.280633e-06	-5.566331e-08	1
12	rs117508554	6355163	0	-7.826906e-05	-1.322258e-06	1
12	rs117531641	6286087	0	1.514437e-04	2.543473e-06	1
12	rs117533088	6818252	0	9.474326e-04	1.600879e-05	1
12	rs117542912	6221399	0	-2.528338e-04	-4.234901e-06	1
12	rs117551058	6662661	0	-3.293316e-04	-5.567300e-06	1
12	rs117590443	6841764	0	2.240056e-04	3.766119e-06	1
12	rs117609117	6300972	0	9.561681e-05	1.605825e-06	1
12	rs117640469	6732130	0	2.361713e-04	3.976685e-06	1
12	rs117660359	6476559	0	-1.738496e-04	-2.934013e-06	1
12	rs117671134	6519382	0	-1.559417e-04	-2.626410e-06	1
12	rs117731790	6132671	0	3.771431e-06	6.486029e-08	1
12	rs117761448	6323140	0	-1.449353e-04	-2.447011e-06	1
12	rs117765687	6541070	0	2.972443e-04	4.986662e-06	1
12	rs117820614	6624738	0	3.616050e-05	6.099074e-07	1
12	rs117856975	6168076	0	-3.448038e-05	-5.805183e-07	1
12	rs117864785	6405745	0	-2.389754e-05	-4.012638e-07	1
12	rs117962564	6765989	0	-3.963596e-04	-6.678716e-06	1
12	rs117966544	6862292	0	4.517280e-04	7.625278e-06	1
12	rs117969050	6397988	0	-1.274560e-04	-2.145722e-06	1
12	rs118078062	6802779	0	2.078946e-04	3.512112e-06	1
12	rs118080174	6840057	0	2.487271e-04	4.177039e-06	1
12	rs118104888	6675080	0	3.616050e-05	6.099074e-07	1
12	rs118113362	6185079	0	1.353660e-04	2.286685e-06	1
12	rs118133042	6772076	0	-4.466829e-05	-7.510976e-07	1
12	rs118138505	6390642	0	2.971237e-05	5.007466e-07	1
12	rs118139043	6374769	0	-3.978189e-04	-6.702968e-06	1
12	rs11829480	6205320	0	-4.464762e-04	-7.502546e-06	1
12	rs11829713	6202859	0	-6.881295e-04	-1.153180e-05	1
12	rs11830706	6412860	0	-3.920730e-04	-6.539340e-06	1
12	rs11831214	6490158	0	1.723489e-04	2.876824e-06	1
12	rs11831220	6490235	0	1.723489e-04	2.876824e-06	1
12	rs11831244	6490316	0	1.723489e-04	2.876824e-06	1
12	rs11831297	6490609	0	1.723489e-04	2.876824e-06	1
12	rs11831426	6368905	0	-6.535846e-04	-1.098901e-05	1
12	rs11831449	6154469	0	-7.956596e-04	-1.304106e-05	1
12	rs11831514	6921244	0	8.069421e-04	1.362141e-05	1
12	rs11831706	6490293	0	2.993247e-04	5.004501e-06	1
12	rs11833291	6490033	0	1.723489e-04	2.876824e-06	1
12	rs11833796	6699547	0	-8.995979e-04	-1.498918e-05	1
12	rs11834074	6667564	0	-7.321010e-05	-1.231467e-06	1
12	rs11834945	6693713	0	-7.321010e-05	-1.231467e-06	1
12	rs11835719	6401412	0	1.226235e-04	2.062228e-06	1
12	rs11836708	6194657	0	-5.530605e-04	-9.273635e-06	1
12	rs11836843	6202818	0	-6.881295e-04	-1.153180e-05	1
12	rs11837434	6203155	0	-8.056132e-04	-1.359884e-05	1
12	rs12099542	6103998	0	-2.190385e-06	-3.393562e-08	1
12	rs12099908	6713636	0	-4.837802e-04	-7.996856e-06	1
12	rs12227716	6522914	0	-1.239028e-04	-2.025972e-06	1
12	rs12228763	6521808	0	4.535134e-04	7.360128e-06	1
12	rs12229187	6531927	0	-3.690656e-04	-6.039865e-06	1
12	rs12229469	6927158	0	4.941864e-05	7.961599e-07	1
12	rs12229492	6867152	0	4.863417e-06	8.383153e-08	1
12	rs12230340	6530818	0	-6.142683e-04	-9.994143e-06	1
12	rs12231078	6373573	0	2.994076e-05	4.987378e-07	1
12	rs12231295	6530819	0	-5.588564e-04	-9.080638e-06	1
12	rs12296430	6503500	0	-3.787992e-04	-6.248812e-06	1
12	rs12296592	6757768	0	6.475679e-04	1.075254e-05	1
12	rs12298161	6504207	0	-1.464175e-04	-2.462917e-06	1
12	rs12298980	6434625	0	-2.589781e-04	-4.194715e-06	1
12	rs12300705	6453265	0	-3.284110e-04	-5.522228e-06	1
12	rs12301294	6398359	0	1.320807e-03	2.219680e-05	1
12	rs12303027	6795760	0	3.015122e-04	4.988442e-06	1
12	rs12304975	6512942	0	-1.915115e-04	-3.224037e-06	1
12	rs12305250	6388273	0	1.517883e-03	2.581499e-05	1
12	rs12305465	6505896	0	-3.147195e-04	-5.304818e-06	1
12	rs12306554	6763673	0	-2.677090e-04	-4.492621e-06	1
12	rs12307335	6138385	0	8.397952e-05	1.402032e-06	1
12	rs12310690	6185029	0	-1.639876e-04	-2.715566e-06	1
12	rs12310847	6295957	0	-1.664685e-04	-2.708924e-06	1
12	rs12310862	6296003	0	-1.664685e-04	-2.708923e-06	1
12	rs12310984	6594787	0	-3.665414e-04	-5.957303e-06	1
12	rs12311033	6594853	0	-3.940214e-04	-6.407005e-06	1
12	rs12311866	6504037	0	-1.464175e-04	-2.462917e-06	1
12	rs12311981	6504188	0	-1.464175e-04	-2.462917e-06	1
12	rs12312834	6597927	0	-3.918297e-04	-6.370279e-06	1
12	rs12313899	6877858	0	2.738729e-05	4.411685e-07	1
12	rs12316584	6552048	0	4.655863e-04	7.825771e-06	1
12	rs12316639	6508471	2	-2.524368e-04	-4.261940e-06	1
12	rs12316668	6582330	0	-8.512690e-05	-1.387732e-06	1
12	rs12316748	6508659	0	-3.147195e-04	-5.304818e-06	1
12	rs12317079	6202462	0	1.205414e-04	1.946936e-06	1
12	rs12319292	6170299	0	3.556498e-04	5.906534e-06	1
12	rs12319392	6170486	0	3.556498e-04	5.906534e-06	1
12	rs12319859	6539491	0	-5.447656e-04	-9.093996e-06	1
12	rs12321015	6505636	0	-1.235610e-04	-2.074956e-06	1
12	rs12321069	6505647	0	-1.235610e-04	-2.074956e-06	1
12	rs12321102	6755194	0	-9.010184e-04	-1.523347e-05	1
12	rs12322266	6475082	0	4.413493e-04	7.226129e-06	1
12	rs12322472	6849643	0	-2.390808e-04	-3.972395e-06	1
12	rs12322604	6717645	0	-8.790640e-04	-1.462608e-05	1
12	rs12366600	6151653	0	-5.113878e-04	-8.616721e-06	1
12	rs12366887	6151366	0	-5.113878e-04	-8.616721e-06	1
12	rs12366917	6151578	0	-5.113878e-04	-8.616721e-06	1
12	rs12367254	6151846	0	-5.113878e-04	-8.616721e-06	1
12	rs12367255	6151878	0	-5.113878e-04	-8.616721e-06	1
12	rs12367882	6359872	0	2.477999e-04	4.152532e-06	1
12	rs12368045	6151522	0	-5.113878e-04	-8.616721e-06	1
12	rs12368360	6565718	0	3.057962e-04	5.047361e-06	1
12	rs12369647	6533032	0	-1.467185e-04	-2.457601e-06	1
12	rs12369967	6627356	0	-4.867261e-04	-7.972873e-06	1
12	rs12370390	6610443	0	1.376230e-04	2.255511e-06	1
12	rs12371184	6632925	0	-2.629086e-04	-4.314379e-06	1
12	rs12371825	6151902	0	-5.113878e-04	-8.616721e-06	1
12	rs12372459	6866355	0	8.420447e-05	1.393820e-06	1
12	rs12372572	6620623	0	-1.010600e-04	-1.659888e-06	1
12	rs12372671	6849428	0	1.286400e-04	2.140733e-06	1
12	rs12422771	6580273	0	2.894526e-04	4.776413e-06	1
12	rs12425927	6647828	0	-3.910447e-04	-6.527125e-06	1
12	rs12426815	6580314	0	6.714836e-05	1.101067e-06	1
12	rs12427239	6590626	0	-2.705192e-04	-4.447887e-06	1
12	rs12427243	6848892	0	2.487271e-04	4.177039e-06	1
12	rs12578573	6842959	0	2.791637e-04	4.519018e-06	1
12	rs12579603	6102125	0	1.765489e-03	3.000734e-05	1
12	rs12579898	6476583	0	4.413493e-04	7.226129e-06	1
12	rs12580729	6599507	0	-4.692616e-04	-7.637999e-06	1
12	rs12581183	6476252	0	4.413493e-04	7.226129e-06	1
12	rs12581986	6407737	0	1.503644e-03	2.533621e-05	1
12	rs12810167	6596499	0	-3.940214e-04	-6.407002e-06	1
12	rs12810426	6144138	0	-1.666775e-04	-2.737171e-06	1
12	rs12812284	6526617	0	-4.864752e-04	-7.898763e-06	1
12	rs12813891	6594255	0	-7.603699e-04	-1.245275e-05	1
12	rs12814720	6294417	0	-1.564986e-04	-2.543774e-06	1
12	rs12815397	6294390	0	-1.564986e-04	-2.543774e-06	1
12	rs12816221	6430737	0	-6.969270e-04	-1.132888e-05	1
12	rs12816349	6709945	0	-5.196067e-04	-8.512489e-06	1
12	rs12817054	6597321	0	-3.940214e-04	-6.407000e-06	1
12	rs12817967	6545994	0	3.636851e-04	5.900370e-06	1
12	rs12818921	6600471	0	-3.712657e-04	-6.030379e-06	1
12	rs12821018	6430776	0	-8.158559e-04	-1.329166e-05	1
12	rs12822404	6430745	0	-6.969270e-04	-1.132888e-05	1
12	rs12822586	6598122	0	-3.940214e-04	-6.406999e-06	1
12	rs12826041	6227630	0	-7.685825e-04	-1.253521e-05	1
12	rs12831467	6995686	0	-2.431302e-04	-3.929571e-06	1
12	rs12964	6572191	0	-1.698694e-04	-2.760748e-06	1
12	rs1319389	6592023	0	3.246005e-04	5.272752e-06	1
12	rs13306614	6464784	0	1.839124e-04	3.103912e-06	1
12	rs13306621	6473030	0	2.235572e-05	3.772772e-07	1
12	rs13402	6862174	0	3.621080e-04	5.998785e-06	1
12	rs13842	6572561	0	1.484028e-04	2.396339e-06	1
12	rs138605118	6512559	0	-3.147195e-04	-5.304818e-06	1
12	rs138731227	6536587	0	1.169818e-03	1.954656e-05	1
12	rs138891567	6848947	0	-4.242448e-04	-7.163461e-06	1
12	rs138899113	6395053	0	-1.274560e-04	-2.145722e-06	1
12	rs139129663	6688846	0	-7.366495e-05	-1.214834e-06	1
12	rs139431235	6208787	0	-7.094639e-04	-1.194554e-05	1
12	rs140021828	6851444	0	-4.242448e-04	-7.163460e-06	1
12	rs140093587	6395910	0	-1.274560e-04	-2.145722e-06	1
12	rs140573351	6852931	0	-5.502216e-04	-9.295730e-06	1
12	rs140661902	6809318	0	2.373233e-04	3.990657e-06	1
12	rs140709663	6623008	0	6.650097e-04	1.120708e-05	1
12	rs141040328	6150487	0	-5.113878e-04	-8.616721e-06	1
12	rs141230209	6741258	0	-1.299299e-04	-2.188258e-06	1
12	rs141864201	6851309	0	-4.242448e-04	-7.163460e-06	1
12	rs141937196	6848750	0	2.240056e-04	3.766119e-06	1
12	rs141950953	6785232	0	1.343254e-04	2.256325e-06	1
12	rs142183819	6410851	0	-2.389754e-05	-4.012635e-07	1
12	rs142266502	6365368	0	-1.315044e-04	-2.208523e-06	1
12	rs142332705	6860562	0	2.872048e-04	4.829206e-06	1
12	rs142710889	6197572	0	-6.536409e-04	-1.096686e-05	1
12	rs143328932	6541127	0	-2.984665e-04	-5.026006e-06	1
12	rs143730239	6377095	0	2.587853e-04	4.348673e-06	1
12	rs143860788	6192635	0	-6.372906e-04	-1.069857e-05	1
12	rs144003097	6212510	8	-1.436890e-04	-2.420482e-06	1
12	rs144055655	6828739	0	4.125855e-04	6.853499e-06	1
12	rs144100949	6565871	0	4.525065e-04	7.625618e-06	1
12	rs144169955	6850235	0	-4.242448e-04	-7.163460e-06	1
12	rs144850263	6850101	0	-4.242448e-04	-7.163460e-06	1
12	rs145066428	6400796	3	-4.249332e-05	-7.168654e-07	1
12	rs145596238	6403109	0	-1.796521e-05	-3.013614e-07	1
12	rs145710745	6834540	0	-3.764485e-05	-6.330353e-07	1
12	rs145780917	6693526	0	2.312170e-04	3.907613e-06	1
12	rs145848488	6285803	0	1.514437e-04	2.543474e-06	1
12	rs146094919	6662485	0	-2.103635e-04	-3.550595e-06	1
12	rs146111161	6909973	0	-1.594993e-04	-2.690478e-06	1
12	rs146242455	6541358	0	2.972443e-04	4.986661e-06	1
12	rs146256301	6632816	0	4.128593e-04	6.968669e-06	1
12	rs146307771	6395942	0	-1.274560e-04	-2.145722e-06	1
12	rs146416192	6614741	0	-6.079708e-04	-1.030388e-05	1
12	rs146756575	6108044	0	-4.865341e-05	-8.182906e-07	1
12	rs1468603	6427052	0	-4.377267e-04	-7.068428e-06	1
12	rs146902162	6828798	0	4.125855e-04	6.853499e-06	1
12	rs146983427	6615199	0	-3.323482e-04	-5.596622e-06	1
12	rs147231096	6388104	0	-9.320227e-05	-1.569407e-06	1
12	rs147714617	6605299	0	-3.323482e-04	-5.596622e-06	1
12	rs148252326	6337076	0	-2.864787e-05	-4.819221e-07	1
12	rs148297017	6157651	0	-5.233925e-04	-8.824136e-06	1
12	rs148412980	6537033	1	1.151040e-03	1.922447e-05	1
12	rs148464148	6387842	0	-5.785800e-05	-9.738711e-07	1
12	rs148871353	6364352	0	-4.710543e-04	-7.898546e-06	1
12	rs149093296	6594883	0	-2.077549e-04	-3.415622e-06	1
12	rs149309764	6841555	0	1.030691e-04	1.717032e-06	1
12	rs149521873	6395871	0	-1.274560e-04	-2.145722e-06	1
12	rs149834229	6396652	0	-1.274560e-04	-2.145722e-06	1
12	rs149914060	6650179	1	-1.083814e-04	-1.828428e-06	1
12	rs150169197	6822847	0	2.383896e-04	3.978735e-06	1
12	rs150216194	6825615	0	9.474326e-04	1.600879e-05	1
12	rs150374567	6850705	0	-4.242448e-04	-7.163460e-06	1
12	rs150378883	6210873	0	-7.094639e-04	-1.194554e-05	1
12	rs150686823	6851428	0	-4.242448e-04	-7.163460e-06	1
12	rs150738444	6508319	0	-3.147195e-04	-5.304818e-06	1
12	rs1558324	6289219	0	-2.769890e-04	-4.493642e-06	1
12	rs1558325	6289108	0	-2.769890e-04	-4.493641e-06	1
12	rs1558326	6289092	0	-2.769890e-04	-4.493641e-06	1
12	rs1558327	6289067	0	-2.769890e-04	-4.493640e-06	1
12	rs1558328	6288834	0	-6.206717e-04	-1.013121e-05	1
12	rs1558333	6675055	0	-2.193382e-04	-3.632621e-06	1
12	rs1558334	6601825	0	-5.386825e-04	-8.778245e-06	1
12	rs1558335	6601834	0	-3.940214e-04	-6.406995e-06	1
12	rs1558519	6153738	0	-7.956596e-04	-1.304105e-05	1
12	rs1610055	6195368	0	-4.926109e-04	-8.177737e-06	1
12	rs1610056	6195397	0	-4.926109e-04	-8.177737e-06	1
12	rs1639123	6714668	0	-1.081217e-03	-1.798789e-05	1
12	rs16928082	6396156	0	1.193351e-03	1.988700e-05	1
12	rs16932500	6394730	0	1.286553e-03	2.157138e-05	1
12	rs16932501	6402187	0	1.193351e-03	1.988700e-05	1
12	rs16932505	6402273	0	1.193351e-03	1.988700e-05	1
12	rs16932506	6402340	0	1.211316e-03	2.032650e-05	1
12	rs170048	6150764	0	2.810965e-05	4.665967e-07	1
12	rs1734114	6713450	0	-5.352370e-04	-8.802345e-06	1
12	rs1734116	6715593	0	-3.758614e-04	-6.173707e-06	1
12	rs1734117	6721707	0	-8.610999e-04	-1.425417e-05	1
12	rs17419697	6147786	0	-2.142984e-04	-3.519830e-06	1
12	rs17491320	6102533	0	1.015847e-04	1.691558e-06	1
12	rs17491334	6103844	0	1.244412e-04	2.071867e-06	1
12	rs17516063	6898182	0	7.082206e-04	1.181984e-05	1
12	rs17788043	6692672	0	2.312170e-04	3.907613e-06	1
12	rs17788055	6693012	0	1.485080e-04	2.486523e-06	1
12	rs17790300	6685188	0	-8.202715e-05	-1.380961e-06	1
12	rs1800375	6174423	0	2.513232e-04	4.143217e-06	1
12	rs1800376	6174414	0	3.005565e-04	4.951237e-06	1
12	rs1800377	6173433	0	-2.971517e-04	-4.939079e-06	1
12	rs1800378	6172202	0	2.965360e-04	4.793503e-06	1
12	rs1800379	6167196	0	2.731533e-04	4.443304e-06	1
12	rs1800382	6128388	0	2.336848e-04	3.949028e-06	1
12	rs1800384	6127919	0	-4.133963e-04	-6.889560e-06	1
12	rs1800385	6127891	0	-2.306358e-04	-3.837289e-06	1
12	rs1800387	6182828	0	-2.938820e-04	-4.904566e-06	1
12	rs1800693	6440009	0	-1.762754e-04	-2.853512e-06	1
12	rs1803621	6647109	0	-1.145234e-04	-1.871578e-06	1
12	rs1803622	6647453	0	-3.676337e-05	-6.037277e-07	1
12	rs1814249	6231022	0	-1.018662e-03	-1.668950e-05	1
12	rs183356	6150824	0	2.810965e-05	4.665964e-07	1
12	rs185627928	6582890	0	8.119304e-04	1.368984e-05	1
12	rs1860364	6194243	0	-1.817543e-05	-2.942276e-07	1
12	rs1860365	6147110	0	-4.356039e-04	-7.165981e-06	1
12	rs1860366	6147008	0	-2.142984e-04	-3.519830e-06	1
12	rs1860367	6146843	0	-2.847003e-04	-4.685295e-06	1
12	rs1860415	6142678	0	-2.329794e-04	-3.823253e-06	1
12	rs1860416	6142841	0	-1.300683e-04	-2.134224e-06	1
12	rs186182306	6150606	0	-8.748412e-04	-1.481724e-05	1
12	rs186355289	6354158	0	4.108342e-04	6.943447e-06	1
12	rs187346860	6848234	0	-5.419959e-04	-9.154689e-06	1
12	rs1882545	6885410	0	-1.236424e-04	-2.008678e-06	1
12	rs1882547	6839218	0	4.787859e-05	7.810101e-07	1
12	rs1882548	6838903	0	6.163101e-04	1.023572e-05	1
12	rs1882549	6836542	0	4.819841e-04	7.896223e-06	1
12	rs1882550	6876161	0	3.102964e-04	4.996089e-06	1
12	rs1882553	6747578	0	6.813023e-04	1.124035e-05	1
12	rs188613052	6251548	0	1.403655e-04	2.367685e-06	1
12	rs188616	6150758	0	2.810965e-05	4.665965e-07	1
12	rs189055457	6849252	9	1.347098e-04	2.268984e-06	1
12	rs190161412	6738312	0	-4.063956e-04	-6.853792e-06	1
12	rs190922658	6825595	0	5.015682e-04	8.470388e-06	1
12	rs191827900	6196609	0	-1.982408e-04	-3.278702e-06	1
12	rs1922452	6896194	0	-3.276423e-04	-5.333604e-06	1
12	rs192294847	6406152	0	-2.389754e-05	-4.012635e-07	1
12	rs1981669	6598898	0	-3.940214e-04	-6.406995e-06	1
12	rs1984541	6292072	0	-4.909010e-04	-7.999388e-06	1
12	rs1986755	6551492	0	-2.056338e-04	-3.336297e-06	1
12	rs1990384	6342921	0	-4.879236e-04	-7.908985e-06	1
12	rs1990385	6394635	0	1.193351e-03	1.988700e-05	1
12	rs1990386	6394443	0	1.376422e-03	2.316026e-05	1
12	rs1990491	6169546	0	3.556498e-04	5.906536e-06	1
12	rs1997510	6871891	0	5.804728e-04	9.427174e-06	1
12	rs2005829	6190529	0	-5.916338e-04	-9.860248e-06	1
12	rs2008134	6588445	0	9.975929e-04	1.644119e-05	1
12	rs2009527	6569545	0	-1.988640e-04	-3.255689e-06	1
12	rs2027796	6900613	0	7.937851e-04	1.301897e-05	1
12	rs2041375	6473549	0	3.603500e-04	5.893401e-06	1
12	rs2041384	6562285	0	-3.554127e-04	-5.824679e-06	1
12	rs2041385	6562293	0	-3.554127e-04	-5.824679e-06	1
12	rs2041386	6562538	0	3.057962e-04	5.047358e-06	1
12	rs2041387	6562823	0	-2.454283e-04	-4.018573e-06	1
12	rs2041388	6562836	0	-3.088484e-04	-5.059978e-06	1
12	rs2058220	6201490	0	-6.881295e-04	-1.153180e-05	1
12	rs2058222	6201769	4	-8.676420e-04	-1.463706e-05	1
12	rs2058223	6202608	0	-6.532090e-04	-1.064271e-05	1
12	rs2058288	6578872	0	-2.225385e-04	-3.638269e-06	1
12	rs2072370	6345080	0	-4.578081e-04	-7.419302e-06	1
12	rs2072372	6344600	0	-3.678533e-04	-5.952211e-06	1
12	rs2072373	6631888	0	4.085538e-04	6.733229e-06	1
12	rs2072374	6637845	0	-5.561470e-04	-9.118771e-06	1
12	rs2072375	6575044	0	-2.853028e-04	-4.666492e-06	1
12	rs2072376	6579812	0	5.258200e-04	8.561951e-06	1
12	rs2072377	6580228	0	4.349561e-04	7.187210e-06	1
12	rs2072378	6580249	0	-1.531177e-04	-2.502758e-06	1
12	rs2079866	6563848	0	-3.088484e-04	-5.059977e-06	1
12	rs2079867	6622111	0	-5.333798e-04	-8.748857e-06	1
12	rs2079868	6622346	0	-2.648673e-04	-4.321384e-06	1
12	rs2103397	6835485	0	3.472839e-04	5.676157e-06	1
12	rs2109118	6194655	0	1.194036e-03	1.960578e-05	1
12	rs2109122	6171265	0	3.556498e-04	5.906537e-06	1
12	rs2109408	6293825	0	-1.564986e-04	-2.543768e-06	1
12	rs2109426	6589522	0	4.756656e-04	7.789256e-06	1
12	rs2109427	6592082	0	4.692616e-04	7.637989e-06	1
12	rs2109430	6613076	0	-7.350868e-04	-1.202796e-05	1
12	rs2159521	6349328	0	-4.112957e-04	-6.654551e-06	1
12	rs216290	6151597	0	5.394975e-04	8.993233e-06	1
12	rs216291	6151873	0	8.237693e-04	1.350282e-05	1
12	rs216292	6152976	0	8.237693e-04	1.350282e-05	1
12	rs216293	6153659	0	8.237693e-04	1.350282e-05	1
12	rs216294	6153750	0	7.783591e-05	1.298945e-06	1
12	rs216295	6154206	0	1.416049e-04	2.362263e-06	1
12	rs216296	6154670	0	7.783591e-05	1.298944e-06	1
12	rs216297	6155218	0	-1.254169e-04	-2.097625e-06	1
12	rs216298	6156477	0	2.810965e-05	4.665956e-07	1
12	rs216299	6156635	0	2.810965e-05	4.665955e-07	1
12	rs216301	6157988	0	2.810965e-05	4.665955e-07	1
12	rs216302	6158022	0	2.810965e-05	4.665954e-07	1
12	rs216303	6159045	0	2.810965e-05	4.665953e-07	1
12	rs216304	6159537	0	-6.165502e-05	-1.033073e-06	1
12	rs216305	6121078	0	1.221026e-03	2.015857e-05	1
12	rs216306	6122103	0	1.140804e-03	1.873195e-05	1
12	rs216313	6129264	0	-1.883688e-05	-3.160913e-07	1
12	rs216314	6136580	0	1.933689e-04	3.233585e-06	1
12	rs216315	6136914	0	1.933689e-04	3.233585e-06	1
12	rs216318	6139261	0	1.933689e-04	3.233585e-06	1
12	rs216320	6143356	0	1.933689e-04	3.233585e-06	1
12	rs216321	6143984	0	1.933689e-04	3.233585e-06	1
12	rs216322	6144897	0	4.263483e-04	6.987797e-06	1
12	rs216323	6145109	0	4.263483e-04	6.987796e-06	1
12	rs216324	6145225	0	1.933689e-04	3.233585e-06	1
12	rs216325	6145529	0	3.234371e-04	5.296877e-06	1
12	rs216327	6146149	0	3.234371e-04	5.296876e-06	1
12	rs216328	6146483	0	3.234371e-04	5.296876e-06	1
12	rs216329	6146507	0	3.234371e-04	5.296876e-06	1
12	rs216335	6148005	0	1.933689e-04	3.233584e-06	1
12	rs216339	6149284	0	1.933689e-04	3.233584e-06	1
12	rs216800	6107946	0	-2.507365e-03	-4.449551e-05	1
12	rs216801	6108513	0	-1.878831e-03	-3.194912e-05	1
12	rs216802	6109103	0	-1.544522e-03	-2.580129e-05	1
12	rs216803	6109902	0	-1.619621e-03	-2.713264e-05	1
12	rs216804	6111411	0	-1.871006e-03	-3.176101e-05	1
12	rs216805	6111476	0	-2.554762e-03	-4.547560e-05	1
12	rs216806	6111525	0	-1.932320e-03	-3.291121e-05	1
12	rs216807	6112456	0	-2.062493e-03	-3.538445e-05	1
12	rs216809	6114283	0	-2.108808e-03	-3.632288e-05	1
12	rs216811	6115274	0	-1.767216e-03	-3.006033e-05	1
12	rs216878	6096383	0	4.341542e-04	7.180714e-06	1
12	rs216879	6096655	0	3.581296e-04	5.911067e-06	1
12	rs216880	6096691	0	3.581296e-04	5.911067e-06	1
12	rs216881	6096712	0	3.321753e-04	5.482481e-06	1
12	rs216882	6096816	0	3.581296e-04	5.911067e-06	1
12	rs216883	6097657	0	-2.170169e-03	-3.794450e-05	1
12	rs216884	6097828	0	-2.140121e-03	-3.690745e-05	1
12	rs216885	6097955	0	-2.406677e-03	-4.221429e-05	1
12	rs216886	6097965	0	-1.736956e-03	-2.927143e-05	1
12	rs216887	6098452	0	-1.752410e-03	-2.954008e-05	1
12	rs216888	6098857	0	-1.752410e-03	-2.954008e-05	1
12	rs216889	6099453	0	-1.568496e-03	-2.619676e-05	1
12	rs216890	6099538	0	-1.752410e-03	-2.954008e-05	1
12	rs216893	6100485	0	-1.752410e-03	-2.954008e-05	1
12	rs216894	6100577	0	-1.718157e-03	-2.892748e-05	1
12	rs216895	6100595	0	-1.718157e-03	-2.892748e-05	1
12	rs216896	6100796	0	-1.620959e-03	-2.719257e-05	1
12	rs216897	6102607	0	-1.718157e-03	-2.892748e-05	1
12	rs216898	6102764	0	-1.362843e-03	-2.260009e-05	1
12	rs216901	6104868	0	-1.692202e-03	-2.846827e-05	1
12	rs216902	6105387	0	-1.720480e-03	-2.901641e-05	1
12	rs216903	6105499	0	-1.508288e-03	-2.514669e-05	1
12	rs216904	6106018	0	-1.816644e-03	-3.079288e-05	1
12	rs216905	6106255	0	-2.271585e-03	-4.001023e-05	1
12	rs2178691	6836913	0	4.819841e-04	7.896225e-06	1
12	rs2178692	6836051	0	4.819841e-04	7.896225e-06	1
12	rs2178695	6857000	0	1.489652e-04	2.451365e-06	1
12	rs2238102	6197468	0	-4.133687e-04	-6.749501e-06	1
12	rs2238103	6194183	0	6.191152e-04	1.008085e-05	1
12	rs2238104	6187665	0	8.621507e-04	1.404364e-05	1
12	rs2238105	6182234	0	-1.061148e-04	-1.734342e-06	1
12	rs2238109	6153967	0	-7.956596e-04	-1.304105e-05	1
12	rs2239140	6200443	0	1.121473e-03	1.837036e-05	1
12	rs2239142	6199078	0	1.169069e-03	1.918445e-05	1
12	rs2239144	6196183	0	-4.926109e-04	-8.177732e-06	1
12	rs2239145	6195996	0	-4.926109e-04	-8.177732e-06	1
12	rs2239146	6195710	0	-4.926109e-04	-8.177731e-06	1
12	rs2239147	6195527	0	-4.926109e-04	-8.177731e-06	1
12	rs2239148	6194816	0	-4.823434e-04	-8.007865e-06	1
12	rs2239150	6194585	0	-1.155278e-03	-1.928408e-05	1
12	rs2239151	6194579	0	-1.155278e-03	-1.928407e-05	1
12	rs2239154	6185891	0	9.338061e-04	1.525290e-05	1
12	rs2239156	6180582	0	3.239416e-04	5.374498e-06	1
12	rs2239157	6179467	0	5.401698e-04	8.933687e-06	1
12	rs2239158	6172393	0	6.167998e-04	1.005761e-05	1
12	rs2239162	6151670	0	-7.124850e-04	-1.173022e-05	1
12	rs2240866	6578140	0	-2.853028e-04	-4.666493e-06	1
12	rs2240867	6578469	0	-1.216028e-04	-2.004688e-06	1
12	rs2240869	6603473	0	4.236552e-04	7.000612e-06	1
12	rs2240871	6639981	0	4.236552e-04	7.000612e-06	1
12	rs2240872	6648269	0	2.192926e-04	3.574637e-06	1
12	rs2240873	6648290	0	3.354995e-04	5.512386e-06	1
12	rs2240874	6648513	0	-3.676337e-05	-6.037331e-07	1
12	rs2240875	6649540	0	-2.475871e-05	-4.079338e-07	1
12	rs2243750	6567787	0	-2.766240e-04	-4.531329e-06	1
12	rs2243977	6569983	0	-1.988640e-04	-3.255690e-06	1
12	rs2244083	6570539	0	-1.988640e-04	-3.255690e-06	1
12	rs2247890	6580941	0	-1.531177e-04	-2.502760e-06	1
12	rs2250246	6553016	0	-2.884376e-04	-4.658151e-06	1
12	rs2259931	6719894	0	-8.790640e-04	-1.462607e-05	1
12	rs2267967	6671799	0	-8.202715e-05	-1.380962e-06	1
12	rs2267968	6679743	0	-8.202715e-05	-1.380962e-06	1
12	rs2267970	6691559	0	-8.202715e-05	-1.380962e-06	1
12	rs2267973	6714106	0	-7.321010e-05	-1.231468e-06	1
12	rs2267974	6715527	0	-8.202715e-05	-1.380962e-06	1
12	rs2268016	6320386	0	-5.865659e-04	-9.534009e-06	1
12	rs2269359	6993653	0	6.545590e-05	1.057876e-06	1
12	rs2270174	6606012	0	-7.008223e-04	-1.145471e-05	1
12	rs2270175	6630627	0	4.085538e-04	6.733224e-06	1
12	rs2270177	6651681	0	6.025155e-04	9.896759e-06	1
12	rs2282690	6670398	0	-7.321010e-05	-1.231468e-06	1
12	rs2283332	6174729	0	1.070858e-04	1.785475e-06	1
12	rs2283335	6157394	0	-8.185161e-04	-1.343274e-05	1
12	rs2284325	6704213	0	-4.574061e-04	-7.528295e-06	1
12	rs2284346	6348600	0	-1.249424e-04	-2.018155e-06	1
12	rs2284347	6348146	0	-1.046211e-04	-1.690457e-06	1
12	rs2284348	6321862	0	-3.082924e-04	-4.984743e-06	1
12	rs2286596	6553055	0	-1.063081e-03	-1.761458e-05	1
12	rs2286598	6552516	0	-4.487349e-04	-7.300609e-06	1
12	rs2286600	6482786	0	4.315369e-04	6.940869e-06	1
12	rs2286721	6562065	0	4.349561e-04	7.187205e-06	1
12	rs2286725	6658860	0	-8.202715e-05	-1.380962e-06	1
12	rs2286729	6873818	0	5.997975e-05	9.987192e-07	1
12	rs2286730	6839913	0	2.088984e-04	3.470685e-06	1
12	rs2286731	6837643	0	6.312786e-04	1.030663e-05	1
12	rs2301333	6880996	0	3.213842e-04	5.388907e-06	1
12	rs2302255	6493911	0	1.492342e-04	2.516697e-06	1
12	rs2302365	6884244	0	-1.090559e-03	-1.809104e-05	1
12	rs2302366	6862259	0	-5.783726e-04	-9.426672e-06	1
12	rs2302368	6859797	0	-1.541838e-04	-2.497315e-06	1
12	rs2302369	6859729	0	7.056180e-04	1.170615e-05	1
12	rs2302370	6859308	0	-1.541838e-04	-2.497315e-06	1
12	rs2302371	6858126	0	7.572363e-04	1.259589e-05	1
12	rs2363877	6292461	0	-1.564986e-04	-2.543765e-06	1
12	rs2363878	6292975	0	-1.564986e-04	-2.543764e-06	1
12	rs2364480	6495275	0	7.368334e-04	1.214499e-05	1
12	rs2364482	6502131	0	-3.898912e-04	-6.431720e-06	1
12	rs2364486	6524348	0	1.429029e-04	2.379020e-06	1
12	rs2364487	6526934	0	-4.864752e-04	-7.898770e-06	1
12	rs2364491	6535887	0	-1.315788e-04	-2.135944e-06	1
12	rs2364494	6551364	0	-2.292173e-04	-3.716956e-06	1
12	rs2364508	6652799	0	6.025155e-04	9.896758e-06	1
12	rs2365089	6870834	0	6.313600e-04	1.025662e-05	1
12	rs2365092	6870877	0	6.313600e-04	1.025662e-05	1
12	rs2365100	6835081	0	6.312786e-04	1.030663e-05	1
12	rs2365101	6760811	0	2.364855e-05	3.971029e-07	1
12	rs2365102	6760950	0	3.550876e-05	5.952310e-07	1
12	rs2365104	6785343	0	-1.044853e-04	-1.738445e-06	1
12	rs2365566	6817264	0	2.383896e-04	3.978734e-06	1
12	rs2365567	6843847	0	-1.405963e-04	-2.283950e-06	1
12	rs2515733	6897652	0	-7.910854e-04	-1.298495e-05	1
12	rs2532484	6583403	0	2.803449e-04	4.548538e-06	1
12	rs2532485	6583099	0	2.803449e-04	4.548538e-06	1
12	rs2532486	6582699	0	5.116121e-04	8.319291e-06	1
12	rs2532488	6592568	0	7.785268e-04	1.272525e-05	1
12	rs2532490	6577329	0	-2.853028e-04	-4.666494e-06	1
12	rs2532491	6576859	0	2.959096e-04	4.793491e-06	1
12	rs2532494	6591581	0	5.951197e-04	9.694438e-06	1
12	rs2532495	6569062	0	2.774219e-05	4.409805e-07	1
12	rs2532496	6564448	0	-2.605297e-04	-4.267674e-06	1
12	rs2532497	6564210	0	-3.088484e-04	-5.059980e-06	1
12	rs2532498	6563698	0	1.055022e-04	1.701554e-06	1
12	rs2532499	6563255	0	1.055022e-04	1.701553e-06	1
12	rs2532500	6562810	0	1.055022e-04	1.701553e-06	1
12	rs2532501	6562753	0	1.055022e-04	1.701552e-06	1
12	rs2532506	6593527	0	3.940214e-04	6.406980e-06	1
12	rs2532513	6589171	0	4.692616e-04	7.637976e-06	1
12	rs2532514	6588972	0	5.951197e-04	9.694434e-06	1
12	rs2532515	6586728	0	-9.886632e-06	-1.661227e-07	1
12	rs2532518	6586321	0	-9.886632e-06	-1.661232e-07	1
12	rs2532519	6586136	0	-1.531177e-04	-2.502765e-06	1
12	rs2532520	6585610	0	5.953419e-05	9.604698e-07	1
12	rs2532521	6585504	0	5.953419e-05	9.604693e-07	1
12	rs2532522	6584265	0	5.953419e-05	9.604688e-07	1
12	rs2534698	6562931	0	1.055022e-04	1.701548e-06	1
12	rs2534709	6568572	0	-2.766240e-04	-4.531334e-06	1
12	rs2534710	6570163	0	1.150931e-04	1.855408e-06	1
12	rs2534711	6570821	0	-2.618516e-04	-4.288320e-06	1
12	rs2534712	6572549	0	1.484028e-04	2.396317e-06	1
12	rs2534713	6572587	0	-3.006245e-04	-4.921190e-06	1
12	rs2534714	6573061	0	-2.853028e-04	-4.666499e-06	1
12	rs2534715	6573146	0	-2.853028e-04	-4.666499e-06	1
12	rs2534716	6573716	0	-2.853028e-04	-4.666499e-06	1
12	rs2534717	6573749	0	-2.853028e-04	-4.666499e-06	1
12	rs2534718	6575191	0	9.267048e-05	1.554466e-06	1
12	rs2534719	6554429	0	2.462610e-04	4.062731e-06	1
12	rs2534721	6580144	0	4.895298e-04	8.032152e-06	1
12	rs2534722	6581230	0	2.043257e-04	3.308379e-06	1
12	rs2534723	6581805	0	-8.512690e-05	-1.387759e-06	1
12	rs2534724	6583387	0	4.250060e-04	6.908930e-06	1
12	rs25680	6554628	0	2.660867e-04	4.390252e-06	1
12	rs2707209	6905264	0	-2.593981e-04	-4.238484e-06	1
12	rs2707210	6902002	0	1.114711e-03	1.830317e-05	1
12	rs2707211	6901823	0	3.306338e-04	5.375858e-06	1
12	rs2707212	6901134	0	7.937851e-04	1.301897e-05	1
12	rs2707213	6901082	0	-1.186722e-04	-1.950196e-06	1
12	rs28435996	6396206	0	1.193351e-03	1.988700e-05	1
12	rs2854871	6133079	0	3.147434e-04	5.258287e-06	1
12	rs2855534	6898521	0	-8.963390e-04	-1.476653e-05	1
12	rs2855537	6899181	0	-1.186722e-04	-1.950195e-06	1
12	rs2855538	6899508	0	-6.426293e-04	-1.052595e-05	1
12	rs2857227	6899528	0	-6.426293e-04	-1.052595e-05	1
12	rs2857229	6900616	0	5.509679e-04	8.978913e-06	1
12	rs2857230	6901077	0	9.127574e-04	1.487963e-05	1
12	rs2857232	6903989	1	4.733512e-04	7.725294e-06	1
12	rs2857234	6905181	0	-3.168143e-04	-5.176781e-06	1
12	rs2857237	6906828	0	-3.572875e-04	-5.831276e-06	1
12	rs28630679	6141588	1	-5.181109e-04	-8.534924e-06	1
12	rs2886086	6526672	0	-5.418871e-04	-8.810026e-06	1
12	rs2886087	6526744	0	-6.054042e-04	-9.842153e-06	1
12	rs2886089	6535981	0	-2.799844e-04	-4.539685e-06	1
12	rs2886090	6551899	0	-1.781171e-05	-2.902850e-07	1
12	rs28866502	6681209	0	-4.963940e-04	-8.165886e-06	1
12	rs28920471	6915160	0	7.613556e-04	1.282361e-05	1
12	rs3095130	6593394	0	5.386825e-04	8.778221e-06	1
12	rs3136549	6551874	0	4.271918e-04	7.072020e-06	1
12	rs3136550	6552284	0	-8.847647e-04	-1.456927e-05	1
12	rs3136551	6553860	0	-4.556044e-05	-7.663740e-07	1
12	rs3180589	6602422	0	-4.494662e-04	-7.315212e-06	1
12	rs3181290	6334374	0	-3.830216e-05	-6.461534e-07	1
12	rs3181295	6344174	0	1.014100e-04	1.644182e-06	1
12	rs3181300	6345199	0	-3.036143e-04	-4.924591e-06	1
12	rs3181301	6345784	0	-4.610644e-04	-7.484023e-06	1
12	rs33978901	6140659	0	6.752454e-05	1.134763e-06	1
12	rs34119293	6506878	1	6.712635e-04	1.089227e-05	1
12	rs34230288	6103094	0	-2.236852e-05	-3.786364e-07	1
12	rs34278370	6627975	0	-5.117773e-05	-8.493621e-07	1
12	rs34350637	6823202	0	3.196885e-04	5.326786e-06	1
12	rs34444862	6105396	0	-2.236852e-05	-3.786365e-07	1
12	rs34807506	6546260	0	2.828129e-04	4.586109e-06	1
12	rs34863790	6690909	0	-3.347574e-04	-5.654188e-06	1
12	rs34865569	6613284	0	-8.007451e-04	-1.311400e-05	1
12	rs35032612	6299131	0	-2.477738e-04	-4.179608e-06	1
12	rs35041216	6475897	0	4.413493e-04	7.226125e-06	1
12	rs35277580	6294534	0	-1.564986e-04	-2.543762e-06	1
12	rs35365059	6167118	0	-4.978546e-05	-8.286606e-07	1
12	rs35881119	6177803	0	1.240912e-04	2.093108e-06	1
12	rs36007563	6205767	0	3.655284e-04	6.164681e-06	1
12	rs36018751	6667090	0	-4.022174e-04	-6.758862e-06	1
12	rs36045653	6681668	0	-7.321010e-05	-1.231469e-06	1
12	rs36060358	6294588	0	-1.564986e-04	-2.543762e-06	1
12	rs36205633	6453212	0	4.008232e-04	6.726598e-06	1
12	rs368624729	6399346	0	-7.154007e-05	-1.205510e-06	1
12	rs371329394	6399373	0	-2.029972e-04	-3.424049e-06	1
12	rs3741906	6105143	0	6.907210e-04	1.160718e-05	1
12	rs3741917	6644139	0	-1.165259e-04	-1.964763e-06	1
12	rs3741918	6644256	0	7.804574e-04	1.291280e-05	1
12	rs3741924	6729956	0	-4.327748e-04	-7.320780e-06	1
12	rs374720415	6209611	0	-6.663029e-04	-1.121783e-05	1
12	rs3759323	6485436	0	1.251433e-03	2.110910e-05	1
12	rs3759324	6485661	0	1.541931e-03	2.600104e-05	1
12	rs3759329	6490925	0	6.744138e-04	1.093457e-05	1
12	rs3759330	6490968	0	7.656642e-04	1.244938e-05	1
12	rs3759331	6491012	0	1.090357e-03	1.788295e-05	1
12	rs3759333	6491947	0	5.539476e-04	9.095961e-06	1
12	rs3759334	6492008	0	5.585711e-04	9.171546e-06	1
12	rs3759339	6551509	0	-5.530852e-04	-9.049357e-06	1
12	rs3759341	6552154	0	-2.056338e-04	-3.336307e-06	1
12	rs3759343	6833104	0	3.955408e-04	6.583584e-06	1
12	rs3759344	6862646	0	5.165168e-04	8.584693e-06	1
12	rs3759345	6862678	0	3.267483e-04	5.404905e-06	1
12	rs3782711	6183181	0	5.809684e-05	9.515208e-07	1
12	rs3782715	6196825	0	-4.926109e-04	-8.177730e-06	1
12	rs3782724	6466081	0	3.814284e-04	6.334162e-06	1
12	rs3782726	6469671	0	1.732261e-03	2.919231e-05	1
12	rs3782729	6563399	0	4.349561e-04	7.187199e-06	1
12	rs3803130	6756240	0	2.805052e-04	4.701879e-06	1
12	rs3809244	6772875	0	4.934778e-05	8.270951e-07	1
12	rs3809245	6773601	0	6.135244e-05	1.028811e-06	1
12	rs3815408	6838156	0	4.819841e-04	7.896225e-06	1
12	rs3819537	6193096	0	-2.066553e-05	-3.345553e-07	1
12	rs3819538	6192886	0	-2.066553e-05	-3.345551e-07	1
12	rs3825334	6434349	0	2.242514e-05	3.646060e-07	1
12	rs41318752	6492330	0	1.384562e-06	2.579494e-08	1
12	rs41334949	6644958	0	-1.638499e-04	-2.751578e-06	1
12	rs41388848	6208618	0	-7.094639e-04	-1.194554e-05	1
12	rs4149570	6451590	0	-6.018869e-04	-9.768671e-06	1
12	rs4149572	6449743	0	1.897018e-04	3.190170e-06	1
12	rs4149573	6449384	0	-6.874879e-04	-1.155336e-05	1
12	rs4149575	6449210	0	-6.874879e-04	-1.155336e-05	1
12	rs4285931	6487161	0	1.420342e-03	2.372134e-05	1
12	rs4301834	6500843	0	7.917628e-04	1.306588e-05	1
12	rs4351870	6293271	0	-1.564986e-04	-2.543761e-06	1
12	rs4375488	6293479	0	-1.564986e-04	-2.543761e-06	1
12	rs4376959	6741816	0	-7.527604e-05	-1.256027e-06	1
12	rs4408361	6202543	0	-6.881295e-04	-1.153179e-05	1
12	rs4417358	6293155	0	-4.909010e-04	-7.999379e-06	1
12	rs4421798	6293163	0	-1.564986e-04	-2.543760e-06	1
12	rs4469949	6545611	0	-2.358622e-04	-3.844701e-06	1
12	rs4491293	6195308	0	-4.926109e-04	-8.177730e-06	1
12	rs4491294	6467122	0	2.055370e-04	3.412557e-06	1
12	rs4573747	6290630	0	-7.884400e-05	-1.278072e-06	1
12	rs4575330	6585311	0	5.953419e-05	9.604634e-07	1
12	rs4764482	6169733	0	-5.302211e-04	-8.586843e-06	1
12	rs4764483	6178285	0	-6.026365e-05	-9.854849e-07	1
12	rs4764485	6319837	0	-1.565985e-04	-2.533270e-06	1
12	rs4764490	6378297	0	1.541592e-03	2.588439e-05	1
12	rs4764496	6408422	0	-9.924988e-05	-1.662296e-06	1
12	rs4764497	6428116	0	-5.563375e-04	-9.013246e-06	1
12	rs4764501	6599665	0	-3.940214e-04	-6.406969e-06	1
12	rs4764512	6842350	0	-1.195626e-05	-1.922593e-07	1
12	rs4764516	6791348	0	-3.019252e-04	-5.025700e-06	1
12	rs4764534	6186807	0	2.337417e-06	3.842706e-08	1
12	rs4764535	6187232	0	6.348232e-05	1.057383e-06	1
12	rs4764538	6248983	0	-8.780846e-05	-1.458099e-06	1
12	rs4764539	6261916	0	-9.448041e-07	-1.487903e-08	1
12	rs4764547	6378212	0	-3.355961e-04	-5.591425e-06	1
12	rs4764548	6379534	0	1.451306e-03	2.424868e-05	1
12	rs4764551	6386336	0	1.416677e-04	2.347342e-06	1
12	rs4764552	6386518	0	1.416677e-04	2.347342e-06	1
12	rs4764553	6391485	0	1.342547e-03	2.249790e-05	1
12	rs4764559	6398836	0	1.193351e-03	1.988699e-05	1
12	rs4764560	6398994	0	1.193351e-03	1.988699e-05	1
12	rs4764562	6408907	0	9.894378e-04	1.622864e-05	1
12	rs4764566	6413400	0	-2.622230e-04	-4.359591e-06	1
12	rs4764568	6415423	0	-1.102116e-03	-1.843334e-05	1
12	rs4764569	6415426	0	-9.976800e-04	-1.652508e-05	1
12	rs4764570	6415696	0	-1.102116e-03	-1.843334e-05	1
12	rs4764571	6415769	0	-1.497455e-03	-2.538347e-05	1
12	rs4764589	6532282	0	-6.488112e-04	-1.056053e-05	1
12	rs4764590	6532350	0	-6.488112e-04	-1.056053e-05	1
12	rs4764591	6532456	0	3.496326e-04	5.659246e-06	1
12	rs4764600	6601980	0	-3.940214e-04	-6.406969e-06	1
12	rs4764601	6611078	0	-7.008223e-04	-1.145469e-05	1
12	rs4764602	6611719	0	-7.350868e-04	-1.202794e-05	1
12	rs4764603	6616223	0	-6.028006e-04	-9.898231e-06	1
12	rs4764604	6623382	0	-6.314014e-04	-1.030515e-05	1
12	rs4764605	6623389	0	-4.857562e-04	-7.944195e-06	1
12	rs4764615	6766197	0	6.095817e-04	1.011901e-05	1
12	rs4764616	6764831	0	2.805052e-04	4.701879e-06	1
12	rs4764617	6764492	0	3.550876e-05	5.952322e-07	1
12	rs4764618	6764358	0	6.438354e-04	1.069200e-05	1
12	rs4764619	6763982	0	3.550876e-05	5.952321e-07	1
12	rs4963512	6942823	0	2.761072e-04	4.463935e-06	1
12	rs499648	6144164	0	1.933689e-04	3.233578e-06	1
12	rs526861	6096673	0	-3.325914e-04	-5.435632e-06	1
12	rs526881	6096676	0	3.581296e-04	5.911077e-06	1
12	rs542993	6120431	0	1.136796e-03	1.870861e-05	1
12	rs55633676	6194991	0	-4.741132e-04	-7.858521e-06	1
12	rs55692509	6206086	0	-3.082779e-04	-5.191885e-06	1
12	rs55890082	6505108	0	-1.235610e-04	-2.074956e-06	1
12	rs55907031	6181635	0	2.212966e-04	3.674795e-06	1
12	rs55915959	6540525	0	-2.748830e-04	-4.622403e-06	1
12	rs55944427	6745315	0	2.716266e-04	4.483394e-06	1
12	rs55990247	6505274	0	-1.235610e-04	-2.074956e-06	1
12	rs55997530	6832096	0	-4.150433e-04	-6.867971e-06	1
12	rs55999991	6113339	0	1.305450e-04	2.163412e-06	1
12	rs56008400	6112574	0	1.305450e-04	2.163412e-06	1
12	rs56020046	6504547	0	-1.235610e-04	-2.074956e-06	1
12	rs56048315	6136476	0	-2.550832e-04	-4.196380e-06	1
12	rs56077657	6201708	0	-4.289574e-04	-7.161799e-06	1
12	rs56109131	6541449	0	-2.984665e-04	-5.026005e-06	1
12	rs56145803	6194769	0	-4.823434e-04	-8.007863e-06	1
12	rs56225418	6202604	0	-6.881295e-04	-1.153179e-05	1
12	rs56253327	6170690	0	-8.705552e-05	-1.434697e-06	1
12	rs56265629	6386774	0	-1.306436e-04	-2.198674e-06	1
12	rs56311842	6126413	0	7.168460e-05	1.208666e-06	1
12	rs56344853	6202244	0	-6.881295e-04	-1.153179e-05	1
12	rs56353418	6372381	0	1.457712e-04	2.422602e-06	1
12	rs56366473	6374276	0	5.442182e-04	9.164318e-06	1
12	rs56888996	6461229	0	-3.139077e-04	-5.238529e-06	1
12	rs56983450	6491629	0	1.017001e-04	1.698904e-06	1
12	rs57107190	6654425	0	6.911919e-04	1.169624e-05	1
12	rs57367146	6841624	0	-5.630650e-05	-9.349215e-07	1
12	rs5742912	6458350	0	-1.284567e-05	-2.150595e-07	1
12	rs57523168	6155344	0	-5.113878e-04	-8.616720e-06	1
12	rs57666371	6200139	0	-6.881295e-04	-1.153179e-05	1
12	rs57826129	6540496	0	-2.984665e-04	-5.026005e-06	1
12	rs58070073	6402764	0	-1.796521e-05	-3.013612e-07	1
12	rs58111746	6505358	0	-1.235610e-04	-2.074956e-06	1
12	rs58277046	6541601	0	-2.984665e-04	-5.026005e-06	1
12	rs58347998	6540085	0	-2.984665e-04	-5.026005e-06	1
12	rs58661350	6365392	0	-4.710543e-04	-7.898544e-06	1
12	rs58661986	6396144	0	-9.320227e-05	-1.569406e-06	1
12	rs58665179	6393101	0	1.435749e-03	2.422045e-05	1
12	rs58834607	6508115	0	-2.829882e-04	-4.754862e-06	1
12	rs58854337	6463345	0	-4.705431e-04	-7.896063e-06	1
12	rs59226301	6866113	1	-7.406192e-05	-1.202224e-06	1
12	rs59254690	6469897	0	-8.201200e-05	-1.363158e-06	1
12	rs59336539	6393244	0	1.435749e-03	2.422045e-05	1
12	rs59347851	6860030	0	8.649936e-04	1.441855e-05	1
12	rs59632652	6390920	0	1.321550e-03	2.224322e-05	1
12	rs59818152	6468018	3	2.350372e-04	3.903224e-06	1
12	rs59989335	6210485	0	-7.094639e-04	-1.194554e-05	1
12	rs60237390	6544139	0	-5.006736e-04	-8.437565e-06	1
12	rs60363967	6541775	0	-2.984665e-04	-5.026005e-06	1
12	rs60427776	6739983	0	-2.194290e-04	-3.693590e-06	1
12	rs60430553	6111436	0	-1.144247e-04	-1.916809e-06	1
12	rs60600645	6853107	0	-5.446720e-04	-9.184392e-06	1
12	rs60831677	6138702	0	8.397952e-05	1.402033e-06	1
12	rs60837639	6818262	0	1.988145e-04	3.311286e-06	1
12	rs60868681	6405983	0	1.673876e-03	2.841588e-05	1
12	rs60949067	6792824	3	-6.608125e-05	-1.115543e-06	1
12	rs61159922	6866260	0	2.778338e-04	4.606161e-06	1
12	rs61311839	6522201	0	7.193806e-04	1.173045e-05	1
12	rs61329073	6505380	0	-1.235610e-04	-2.074956e-06	1
12	rs61516218	6504363	0	-1.235610e-04	-2.074956e-06	1
12	rs61546725	6860515	0	8.649936e-04	1.441855e-05	1
12	rs61602132	6541714	0	-2.984665e-04	-5.026005e-06	1
12	rs61697264	6210279	0	-7.094639e-04	-1.194554e-05	1
12	rs61704965	6818206	0	2.383896e-04	3.978735e-06	1
12	rs61753197	6604331	0	2.584332e-04	4.363717e-06	1
12	rs61908661	6165999	0	-2.992125e-04	-5.027915e-06	1
12	rs61909704	6099846	0	8.359649e-04	1.405542e-05	1
12	rs61916272	6900565	0	-5.159906e-04	-8.396134e-06	1
12	rs61916275	6904790	0	-7.227916e-04	-1.187882e-05	1
12	rs61918019	6596500	0	-2.077549e-04	-3.415626e-06	1
12	rs61918020	6605514	0	-1.010600e-04	-1.659895e-06	1
12	rs61918022	6614521	0	-1.010600e-04	-1.659895e-06	1
12	rs61918023	6614822	0	-1.010600e-04	-1.659895e-06	1
12	rs61918041	6681868	0	2.308186e-04	3.898449e-06	1
12	rs61918194	6378605	1	1.816384e-03	3.152035e-05	1
12	rs61918195	6380065	0	1.890286e-03	3.292214e-05	1
12	rs61918196	6380272	0	1.890286e-03	3.292214e-05	1
12	rs61918197	6385674	0	-4.918996e-04	-8.233396e-06	1
12	rs61918198	6388393	0	1.517883e-03	2.581497e-05	1
12	rs61918200	6392889	0	1.220100e-03	2.053105e-05	1
12	rs61918201	6394883	0	1.211316e-03	2.032649e-05	1
12	rs61918202	6396286	0	4.290078e-04	7.180265e-06	1
12	rs61918203	6396589	0	1.286669e-03	2.177209e-05	1
12	rs61918204	6397940	0	1.320807e-03	2.219678e-05	1
12	rs61918205	6398000	0	9.954906e-04	1.661544e-05	1
12	rs61918244	6403174	0	1.619534e-03	2.774430e-05	1
12	rs61919661	6746443	0	1.131758e-04	1.868111e-06	1
12	rs6416323	6766646	0	2.805052e-04	4.701879e-06	1
12	rs6489707	6385889	0	-1.208565e-03	-2.005723e-05	1
12	rs6489708	6387053	0	4.348511e-05	7.215128e-07	1
12	rs6489709	6405578	0	1.137911e-03	1.875170e-05	1
12	rs6489712	6468440	0	2.055370e-04	3.412556e-06	1
12	rs6489713	6468455	0	2.055370e-04	3.412556e-06	1
12	rs6489717	6600219	0	-3.940214e-04	-6.406966e-06	1
12	rs6489718	6604418	0	-7.008223e-04	-1.145469e-05	1
12	rs6489719	6605383	0	-6.028006e-04	-9.898230e-06	1
12	rs6489720	6615681	0	-6.028006e-04	-9.898230e-06	1
12	rs6489721	6643316	0	2.317815e-04	3.793509e-06	1
12	rs6489726	6741987	0	9.645010e-04	1.623160e-05	1
12	rs6489727	6756798	0	2.805052e-04	4.701879e-06	1
12	rs6489728	6756901	0	3.550876e-05	5.952330e-07	1
12	rs6489731	6847102	0	-1.195626e-05	-1.922598e-07	1
12	rs6489733	6858365	0	8.649936e-04	1.441855e-05	1
12	rs6489734	6872099	0	7.096284e-04	1.154241e-05	1
12	rs6489735	6892826	0	1.575175e-04	2.657156e-06	1
12	rs66461779	6403457	0	1.416726e-03	2.387438e-05	1
12	rs66621175	6965805	0	-1.844406e-04	-2.978711e-06	1
12	rs66627071	6705380	0	-1.592858e-04	-2.634031e-06	1
12	rs66785003	6140951	0	-1.222046e-04	-2.004937e-06	1
12	rs66879982	6482514	0	4.715433e-04	7.885750e-06	1
12	rs66951403	6836837	0	4.372931e-04	7.339801e-06	1
12	rs669667	6144169	0	1.933689e-04	3.233578e-06	1
12	rs67013744	6681786	0	-4.449373e-04	-7.356822e-06	1
12	rs67385163	6864890	0	-2.917248e-04	-4.751937e-06	1
12	rs67621679	6667422	0	-5.319714e-04	-8.799811e-06	1
12	rs6786	6775967	0	-1.621647e-04	-2.620746e-06	1
12	rs71181446	6142402	0	-2.578250e-04	-4.316138e-06	1
12	rs7132183	6652494	0	3.169372e-04	5.152533e-06	1
12	rs7132298	6652572	0	3.169372e-04	5.152532e-06	1
12	rs7132970	6708898	0	-6.192302e-04	-1.029455e-05	1
12	rs7134028	6870442	0	6.313600e-04	1.025662e-05	1
12	rs7134136	6609503	0	-6.314014e-04	-1.030515e-05	1
12	rs7135106	6871499	0	5.534370e-04	8.937381e-06	1
12	rs7135645	6296575	0	-1.664685e-04	-2.708904e-06	1
12	rs7135976	6186116	0	7.595377e-04	1.231224e-05	1
12	rs7136058	6825211	0	1.088597e-04	1.810511e-06	1
12	rs7137525	6835973	0	4.819841e-04	7.896225e-06	1
12	rs7137702	6497259	0	-2.459335e-04	-4.048011e-06	1
12	rs7138427	6836852	0	8.502581e-04	1.418390e-05	1
12	rs7138740	6983764	0	-1.043137e-04	-1.695659e-06	1
12	rs7139025	6296925	0	-2.532924e-04	-4.125560e-06	1
12	rs7139057	6169323	0	1.105788e-04	1.825322e-06	1
12	rs71445108	6558207	0	6.018058e-04	1.019515e-05	1
12	rs71445110	6677603	0	2.279169e-04	3.842156e-06	1
12	rs71445120	6699171	0	-8.881427e-04	-1.476945e-05	1
12	rs714774	6619284	0	-6.028006e-04	-9.898230e-06	1
12	rs71579337	6103823	0	-9.898314e-05	-1.670046e-06	1
12	rs71579349	6635166	0	-1.165259e-04	-1.964764e-06	1
12	rs71582860	6166455	0	-4.978546e-05	-8.286605e-07	1
12	rs71582862	6155751	0	-1.456352e-05	-2.455533e-07	1
12	rs71582893	6153386	0	-5.113878e-04	-8.616720e-06	1
12	rs71582894	6153343	0	-5.113878e-04	-8.616720e-06	1
12	rs71584862	6715422	0	-8.202715e-05	-1.380964e-06	1
12	rs72657544	6457798	0	3.982418e-04	6.727482e-06	1
12	rs7294323	6655808	0	3.976597e-04	6.471498e-06	1
12	rs7295049	6987335	0	-1.103207e-04	-1.794613e-06	1
12	rs7295083	6297056	0	-2.532924e-04	-4.125559e-06	1
12	rs7295359	6531606	0	-6.488112e-04	-1.056053e-05	1
12	rs7296476	6651496	0	6.223085e-04	1.023631e-05	1
12	rs7296922	6468205	0	2.055370e-04	3.412556e-06	1
12	rs7297283	6651436	0	8.390594e-04	1.385272e-05	1
12	rs7297364	6651441	0	6.103038e-04	1.003694e-05	1
12	rs7297961	6454297	0	-3.284110e-04	-5.522231e-06	1
12	rs7298053	6619054	0	4.672563e-04	7.575916e-06	1
12	rs7298232	6757621	0	-3.328090e-04	-5.563721e-06	1
12	rs7298463	6663964	0	-5.110615e-04	-8.411888e-06	1
12	rs7298567	6393321	0	1.435749e-03	2.422044e-05	1
12	rs7298568	6170796	0	3.556498e-04	5.906540e-06	1
12	rs7298570	6581482	0	4.349561e-04	7.187195e-06	1
12	rs7300092	6607364	0	-1.638243e-04	-2.689699e-06	1
12	rs7300366	6652227	0	6.145201e-04	1.009593e-05	1
12	rs7300389	6109841	0	1.177388e-05	1.996485e-07	1
12	rs7300728	6800509	0	3.517567e-04	5.913727e-06	1
12	rs7301197	6615688	0	5.606247e-04	9.273343e-06	1
12	rs7301735	6825399	0	-1.296425e-04	-2.176863e-06	1
12	rs7301945	6587668	0	-4.508812e-05	-7.471308e-07	1
12	rs7302308	6414180	0	-2.622230e-04	-4.359588e-06	1
12	rs7302581	6842902	0	-1.489258e-04	-2.435210e-06	1
12	rs7303171	6685605	0	-3.841960e-04	-6.347710e-06	1
12	rs7303399	6708813	0	-4.648583e-04	-7.709980e-06	1
12	rs73036549	6198035	0	-4.170295e-04	-7.031633e-06	1
12	rs7303863	6387686	0	-1.274560e-04	-2.145720e-06	1
12	rs73042327	6577518	0	-1.099714e-04	-1.852403e-06	1
12	rs73042333	6580443	0	7.083597e-04	1.191617e-05	1
12	rs7304348	6382039	0	1.244478e-03	2.084632e-05	1
12	rs73044250	6624733	0	-5.459068e-04	-9.235959e-06	1
12	rs73044256	6625285	0	2.165691e-04	3.563105e-06	1
12	rs73044559	6333608	0	-4.632168e-05	-7.819240e-07	1
12	rs73044588	6362001	0	-5.708657e-04	-9.586275e-06	1
12	rs73044591	6363341	0	6.063895e-04	1.023668e-05	1
12	rs7304688	6387628	0	1.249898e-03	2.089173e-05	1
12	rs73047718	6384459	0	-9.320227e-05	-1.569405e-06	1
12	rs73047737	6389532	0	-9.320227e-05	-1.569405e-06	1
12	rs73047755	6396098	0	-9.320227e-05	-1.569405e-06	1
12	rs73047758	6396786	0	-1.274560e-04	-2.145720e-06	1
12	rs73047760	6396924	0	1.774136e-05	2.984773e-07	1
12	rs73047761	6397650	0	-1.274560e-04	-2.145720e-06	1
12	rs73047768	6398970	0	-9.320227e-05	-1.569405e-06	1
12	rs73047771	6399013	0	-9.320227e-05	-1.569405e-06	1
12	rs73047772	6399051	0	1.226235e-04	2.062231e-06	1
12	rs73047782	6401664	0	-9.320227e-05	-1.569405e-06	1
12	rs73047787	6403737	0	-9.320227e-05	-1.569405e-06	1
12	rs73047793	6405212	0	-2.389754e-05	-4.012616e-07	1
12	rs73047797	6406771	0	-2.389754e-05	-4.012616e-07	1
12	rs73047798	6406898	0	-2.389754e-05	-4.012616e-07	1
12	rs73047807	6704169	0	5.054354e-05	8.434576e-07	1
12	rs73047897	6748460	0	4.621399e-04	7.688993e-06	1
12	rs73047899	6757704	0	3.751174e-04	6.227034e-06	1
12	rs73048428	6469366	0	-7.228290e-04	-1.220118e-05	1
12	rs73049715	6811433	0	-8.579698e-05	-1.447120e-06	1
12	rs73049722	6826873	0	2.756160e-04	4.572980e-06	1
12	rs73049726	6830071	0	-6.638300e-04	-1.122568e-05	1
12	rs73049904	6407807	0	-2.389754e-05	-4.012615e-07	1
12	rs73049912	6410462	0	2.643734e-04	4.456975e-06	1
12	rs73049916	6413279	0	3.684369e-05	6.211004e-07	1
12	rs73051250	6108690	0	3.426091e-04	5.687858e-06	1
12	rs73051647	6835160	0	1.972576e-04	3.285523e-06	1
12	rs73051663	6849710	0	-1.005888e-03	-1.687097e-05	1
12	rs73051673	6853202	0	-2.411971e-04	-4.040187e-06	1
12	rs7305251	6706481	0	-4.574061e-04	-7.528291e-06	1
12	rs7305330	6849879	0	-6.633256e-04	-1.104202e-05	1
12	rs73053728	6896546	0	-8.230844e-04	-1.354548e-05	1
12	rs73053739	6903942	3	7.170465e-04	1.198182e-05	1
12	rs7305381	6612765	0	5.135239e-04	8.506556e-06	1
12	rs7305483	6565177	0	4.349561e-04	7.187193e-06	1
12	rs7305522	6160481	2	-3.299511e-04	-5.525123e-06	1
12	rs7305540	6390213	0	1.324738e-03	2.230198e-05	1
12	rs7306851	6296328	0	-1.664685e-04	-2.708900e-06	1
12	rs7307010	6525518	0	-4.864752e-04	-7.898770e-06	1
12	rs7307709	6689209	0	-2.367326e-04	-3.899755e-06	1
12	rs7307881	6600773	0	-3.940214e-04	-6.406962e-06	1
12	rs7308584	6706744	0	-9.728080e-04	-1.616570e-05	1
12	rs7308876	6294751	0	-1.729579e-04	-2.795757e-06	1
12	rs7309207	6689685	0	-1.592858e-04	-2.634026e-06	1
12	rs7309414	6618871	0	4.236552e-04	7.000596e-06	1
12	rs7310211	6607018	0	-7.350868e-04	-1.202794e-05	1
12	rs7310452	6607168	0	-5.561612e-04	-9.066178e-06	1
12	rs7311174	6635567	0	-5.561470e-04	-9.118764e-06	1
12	rs7311397	6689805	0	-3.841960e-04	-6.347707e-06	1
12	rs7311453	6409367	0	1.092436e-03	1.796975e-05	1
12	rs7311708	6537207	0	-1.499061e-04	-2.510297e-06	1
12	rs7312492	6549751	0	1.388404e-04	2.250316e-06	1
12	rs7312746	6170951	0	1.986741e-04	3.315547e-06	1
12	rs7313534	6413966	0	-2.990667e-04	-4.993908e-06	1
12	rs7314721	6605656	0	-7.008223e-04	-1.145469e-05	1
12	rs7315234	6584988	0	-2.694451e-04	-4.396296e-06	1
12	rs7315789	6389976	0	1.362003e-03	2.286361e-05	1
12	rs7315856	6733496	0	4.633440e-04	7.806302e-06	1
12	rs7315926	6842669	0	1.877932e-05	3.075027e-07	1
12	rs7316224	6638666	0	-6.250100e-04	-1.019712e-05	1
12	rs7316558	6632969	0	4.236552e-04	7.000595e-06	1
12	rs7316626	6691452	0	-3.841960e-04	-6.347707e-06	1
12	rs73254608	6294494	0	-1.564986e-04	-2.543749e-06	1
12	rs73256772	6378970	0	2.096752e-03	3.687279e-05	1
12	rs73257105	6615152	0	-2.913690e-04	-4.909715e-06	1
12	rs73259203	6398202	0	9.954906e-04	1.661544e-05	1
12	rs73261482	6467693	0	2.092695e-04	3.475685e-06	1
12	rs73263039	6142348	0	-2.329794e-04	-3.823238e-06	1
12	rs73264831	6695585	0	-4.283039e-04	-7.079818e-06	1
12	rs73264846	6717258	0	-6.541537e-04	-1.087940e-05	1
12	rs73266841	6196582	0	-4.926109e-04	-8.177728e-06	1
12	rs73266906	6784099	0	-1.164899e-04	-1.939042e-06	1
12	rs73266929	6805206	0	6.995421e-04	1.170093e-05	1
12	rs73267361	6545511	0	6.628175e-04	1.117417e-05	1
12	rs73267369	6547560	0	6.628175e-04	1.117417e-05	1
12	rs73267395	6555941	0	-1.974392e-04	-3.329894e-06	1
12	rs73270777	6294341	0	2.410623e-04	4.047968e-06	1
12	rs733593	6636392	0	-4.762362e-05	-8.015681e-07	1
12	rs7342306	6291093	0	-4.062622e-04	-6.618526e-06	1
12	rs7342382	6631623	0	-5.561470e-04	-9.118763e-06	1
12	rs7358654	6620602	0	-5.333798e-04	-8.748847e-06	1
12	rs7358768	6620495	0	-1.792465e-04	-2.922415e-06	1
12	rs7390	6571699	0	1.579936e-04	2.549650e-06	1
12	rs7397940	6771877	0	6.135244e-05	1.028812e-06	1
12	rs74056802	6152106	0	-5.113878e-04	-8.616719e-06	1
12	rs74056906	6504908	0	-1.235610e-04	-2.074956e-06	1
12	rs74056926	6542167	0	-2.984665e-04	-5.026005e-06	1
12	rs74056928	6542195	0	-2.984665e-04	-5.026004e-06	1
12	rs74058504	6152279	0	-5.113878e-04	-8.616719e-06	1
12	rs74058506	6152655	0	-5.113878e-04	-8.616719e-06	1
12	rs74058508	6152854	0	-5.113878e-04	-8.616719e-06	1
12	rs74058509	6152899	0	-5.113878e-04	-8.616719e-06	1
12	rs74058514	6154079	0	-5.113878e-04	-8.616719e-06	1
12	rs740842	6421495	0	-1.073616e-03	-1.759502e-05	1
12	rs740850	6638116	0	-6.250100e-04	-1.019711e-05	1
12	rs740851	6638350	0	3.477561e-04	5.626455e-06	1
12	rs743600	6906319	0	8.520434e-04	1.401334e-05	1
12	rs74390085	6663653	0	-8.202715e-05	-1.380964e-06	1
12	rs74479547	6388101	0	1.545363e-03	2.631780e-05	1
12	rs74576183	6614181	0	-1.165259e-04	-1.964764e-06	1
12	rs74592542	6294509	0	-1.564986e-04	-2.543748e-06	1
12	rs74622104	6809476	0	2.082706e-04	3.475945e-06	1
12	rs7487291	6871203	0	6.313600e-04	1.025662e-05	1
12	rs7488113	6880474	0	1.792285e-04	3.026203e-06	1
12	rs74927907	6150901	0	-5.113878e-04	-8.616719e-06	1
12	rs74933262	6368405	0	-3.193265e-04	-5.367371e-06	1
12	rs74935314	6681863	0	-8.202715e-05	-1.380964e-06	1
12	rs74956629	6578755	0	2.868566e-05	4.846645e-07	1
12	rs75013138	6850356	0	-4.242448e-04	-7.163459e-06	1
12	rs75016164	6555902	0	-1.974392e-04	-3.329894e-06	1
12	rs75210579	6852905	0	-5.967859e-04	-1.008139e-05	1
12	rs75249435	6348926	0	-2.864787e-05	-4.819172e-07	1
12	rs75341139	6410084	0	2.167054e-04	3.605345e-06	1
12	rs75350542	6404780	0	1.630605e-04	2.754835e-06	1
12	rs75448266	6798632	0	4.301896e-04	7.196288e-06	1
12	rs75543974	6296711	0	9.561681e-05	1.605829e-06	1
12	rs75834380	6211088	0	-7.094639e-04	-1.194554e-05	1
12	rs758739	6626369	0	-4.867261e-04	-7.972861e-06	1
12	rs75938527	6838054	0	1.030691e-04	1.717031e-06	1
12	rs76126701	6771415	0	1.266303e-04	2.130634e-06	1
12	rs76300794	6204438	0	-5.351251e-04	-8.989836e-06	1
12	rs76327967	6760367	0	-2.677090e-04	-4.492621e-06	1
12	rs76350379	6250284	0	-3.325215e-04	-5.569450e-06	1
12	rs763580	6193537	0	-2.066553e-05	-3.345534e-07	1
12	rs763581	6193713	0	-6.372906e-04	-1.069856e-05	1
12	rs76725690	6584679	0	4.250060e-04	6.908914e-06	1
12	rs76838327	6146586	0	2.129943e-04	3.562356e-06	1
12	rs76867478	6280805	0	-5.264393e-05	-8.882684e-07	1
12	rs76894370	6549836	0	5.483497e-04	9.203861e-06	1
12	rs77025001	6542594	0	-2.357022e-04	-3.974343e-06	1
12	rs77217438	6383226	0	1.470854e-03	2.508512e-05	1
12	rs77314776	6416901	0	1.293149e-04	2.174793e-06	1
12	rs77400802	6802773	0	1.343254e-04	2.256326e-06	1
12	rs77517678	6397436	0	-1.274560e-04	-2.145720e-06	1
12	rs77536808	6203456	0	-5.843585e-04	-9.828351e-06	1
12	rs77647458	6668956	0	1.702372e-04	2.870825e-06	1
12	rs77680222	6142359	0	-2.329794e-04	-3.823237e-06	1
12	rs77826268	6393613	0	1.221924e-03	2.050799e-05	1
12	rs77843719	6690653	0	1.485080e-04	2.486516e-06	1
12	rs77985929	6613169	0	-2.913690e-04	-4.909715e-06	1
12	rs78028117	6616323	0	2.868566e-05	4.846645e-07	1
12	rs78040476	6723164	0	-8.202715e-05	-1.380964e-06	1
12	rs78187632	6675870	0	3.897460e-04	6.573722e-06	1
12	rs78194930	6772487	0	-4.466829e-05	-7.510965e-07	1
12	rs78230818	6390397	0	-2.318739e-04	-3.894479e-06	1
12	rs78299246	6581534	0	2.868566e-05	4.846645e-07	1
12	rs78301473	6196585	0	-5.113727e-04	-8.493821e-06	1
12	rs78312001	6744996	0	-4.938134e-04	-8.330959e-06	1
12	rs78324597	6735485	0	-1.454599e-04	-2.446701e-06	1
12	rs78325233	6208682	0	-7.094639e-04	-1.194554e-05	1
12	rs78425964	6745554	0	-6.529253e-04	-1.103078e-05	1
12	rs78487989	6408626	0	2.509591e-04	4.177321e-06	1
12	rs78494381	6368172	0	-2.864787e-05	-4.819171e-07	1
12	rs78534388	6836979	0	-5.865876e-04	-9.924488e-06	1
12	rs78619211	6724600	0	-8.202715e-05	-1.380964e-06	1
12	rs78738496	6836105	0	-5.865876e-04	-9.924488e-06	1
12	rs78742502	6712759	0	-6.192302e-04	-1.029454e-05	1
12	rs78808695	6698012	0	-8.202715e-05	-1.380964e-06	1
12	rs78882213	6751102	0	-4.063956e-04	-6.853789e-06	1
12	rs78915411	6170645	0	-4.978546e-05	-8.286615e-07	1
12	rs79050548	6555456	0	-1.740171e-04	-2.930843e-06	1
12	rs79056447	6706212	0	-7.321010e-05	-1.231470e-06	1
12	rs79160386	6637752	0	-7.640746e-05	-1.285923e-06	1
12	rs79353437	6420678	0	-6.189616e-04	-1.030215e-05	1
12	rs7952791	6595953	0	5.165873e-04	8.538575e-06	1
12	rs7952802	6293579	0	-1.564986e-04	-2.543747e-06	1
12	rs7953404	6496122	0	-2.435035e-04	-4.090214e-06	1
12	rs7953855	6803856	0	1.343254e-04	2.256326e-06	1
12	rs7954276	6608778	0	-5.561612e-04	-9.066173e-06	1
12	rs7954585	6752145	0	-4.063956e-04	-6.853789e-06	1
12	rs7954855	6235023	0	-8.292766e-04	-1.354364e-05	1
12	rs79549467	6477813	0	8.652246e-04	1.464162e-05	1
12	rs7955205	6425927	0	-7.932882e-04	-1.294078e-05	1
12	rs7955645	6603917	0	-5.561612e-04	-9.066172e-06	1
12	rs7956804	6898460	0	-1.186722e-04	-1.950189e-06	1
12	rs7957162	6466741	0	2.946045e-04	4.886770e-06	1
12	rs7957672	6203674	0	-5.351251e-04	-8.989835e-06	1
12	rs7957779	6298784	0	-3.526556e-04	-5.743541e-06	1
12	rs7958431	6404079	0	3.288121e-04	5.463597e-06	1
12	rs7958488	6546166	0	-6.868860e-05	-1.156898e-06	1
12	rs7959658	6754191	0	1.059513e-03	1.750604e-05	1
12	rs7960642	6297589	0	-2.532924e-04	-4.125551e-06	1
12	rs7960757	6605105	0	-5.561612e-04	-9.066172e-06	1
12	rs7960813	6756734	0	2.805052e-04	4.701880e-06	1
12	rs7961278	6605541	0	-5.561612e-04	-9.066171e-06	1
12	rs7961280	6528069	0	-4.864752e-04	-7.898771e-06	1
12	rs7961290	6204382	0	-5.351251e-04	-8.989835e-06	1
12	rs7961844	6226976	0	-1.031251e-03	-1.689841e-05	1
12	rs7962792	6851912	0	-7.520957e-04	-1.256598e-05	1
12	rs7963228	6476892	0	1.023011e-03	1.683497e-05	1
12	rs7963440	6852345	0	-7.292392e-04	-1.217450e-05	1
12	rs7963759	6602492	0	-4.494662e-04	-7.315192e-06	1
12	rs7963944	6385925	0	-1.329186e-03	-2.231576e-05	1
12	rs7964013	6200602	0	-6.881295e-04	-1.153179e-05	1
12	rs7964163	6481170	0	4.715433e-04	7.885749e-06	1
12	rs7964213	6764499	0	-2.677090e-04	-4.492621e-06	1
12	rs7964250	6346387	0	7.831672e-06	1.274449e-07	1
12	rs7964366	6346478	0	-4.578081e-04	-7.419306e-06	1
12	rs7964424	6297780	0	-2.532924e-04	-4.125550e-06	1
12	rs7964510	6787622	0	2.945189e-04	4.923268e-06	1
12	rs7964858	6386002	0	2.257218e-04	3.754841e-06	1
12	rs7965754	6205085	0	-5.351251e-04	-8.989835e-06	1
12	rs7965760	6205104	0	-5.351251e-04	-8.989835e-06	1
12	rs7965859	6498776	0	-2.435035e-04	-4.090214e-06	1
12	rs7965865	6848404	0	-8.772400e-04	-1.463898e-05	1
12	rs7965883	6695787	0	-4.574061e-04	-7.528286e-06	1
12	rs7966029	6895561	0	-4.227946e-04	-6.896115e-06	1
12	rs7966328	6895790	0	-7.679873e-04	-1.258915e-05	1
12	rs7966700	6602513	0	-4.494662e-04	-7.315192e-06	1
12	rs7966779	6594642	0	4.236552e-04	7.000592e-06	1
12	rs7967329	6611955	0	-1.165259e-04	-1.964765e-06	1
12	rs79676955	6331208	0	2.834650e-04	4.756662e-06	1
12	rs79682518	6763641	0	-4.466829e-05	-7.510964e-07	1
12	rs7969177	6712980	0	-2.302733e-04	-3.806738e-06	1
12	rs7969548	6425805	0	-9.440114e-04	-1.542657e-05	1
12	rs7969956	6859191	0	7.056180e-04	1.170615e-05	1
12	rs7970260	6549061	0	1.032521e-04	1.671463e-06	1
12	rs7970575	6858971	0	7.056180e-04	1.170615e-05	1
12	rs79706212	6833463	0	1.433273e-04	2.407273e-06	1
12	rs7970924	6207678	0	-7.094639e-04	-1.194554e-05	1
12	rs7971237	6604076	0	-6.028006e-04	-9.898226e-06	1
12	rs7971637	6643329	0	4.412537e-04	7.261968e-06	1
12	rs79721088	6706130	0	-7.321010e-05	-1.231470e-06	1
12	rs7972292	6466371	0	2.946045e-04	4.886771e-06	1
12	rs7972503	6409034	0	9.894378e-04	1.622863e-05	1
12	rs7972647	6490743	0	6.938148e-04	1.126123e-05	1
12	rs7972942	6476591	0	1.193820e-03	1.977096e-05	1
12	rs7973122	6405818	0	3.889968e-04	6.474479e-06	1
12	rs7973914	6476723	0	1.023011e-03	1.683497e-05	1
12	rs7974020	6697842	0	-4.574061e-04	-7.528285e-06	1
12	rs7975184	6627889	0	-4.867261e-04	-7.972859e-06	1
12	rs7975360	6605155	0	2.866856e-04	4.729963e-06	1
12	rs7975944	6848634	0	-6.888965e-04	-1.148163e-05	1
12	rs7976222	6203972	0	-5.351251e-04	-8.989834e-06	1
12	rs7976498	6602433	0	-4.494662e-04	-7.315190e-06	1
12	rs7976591	6602468	0	-4.494662e-04	-7.315190e-06	1
12	rs7976678	6537544	0	-5.750921e-04	-9.377080e-06	1
12	rs7976939	6848710	0	5.195254e-04	8.613544e-06	1
12	rs7977329	6550091	0	1.032521e-04	1.671462e-06	1
12	rs7977602	6498734	0	1.032703e-03	1.699202e-05	1
12	rs7978461	6605205	0	-7.199854e-04	-1.176808e-05	1
12	rs7978597	6628148	0	4.085538e-04	6.733204e-06	1
12	rs7978603	6598073	0	4.236552e-04	7.000590e-06	1
12	rs7979025	6297599	0	-2.532924e-04	-4.125549e-06	1
12	rs7979509	6585707	0	1.307551e-04	2.138120e-06	1
12	rs7979695	6987871	5	-3.932277e-05	-6.382948e-07	1
12	rs7980045	6204615	0	-5.351251e-04	-8.989834e-06	1
12	rs7980637	6779223	0	-2.899205e-04	-4.823792e-06	1
12	rs7980753	6207711	0	-9.274134e-04	-1.571681e-05	1
12	rs7980758	6207733	0	-7.598958e-04	-1.280387e-05	1
12	rs7980991	6545417	0	-1.951061e-04	-3.185530e-06	1
12	rs79865993	6663375	0	-8.202715e-05	-1.380964e-06	1
12	rs79879554	6164138	0	-1.125781e-04	-1.877415e-06	1
12	rs80106965	6807536	0	3.635713e-04	6.112691e-06	1
12	rs80122922	6199754	0	-6.098611e-04	-1.020811e-05	1
12	rs80336293	6142205	0	-4.334377e-04	-7.301639e-06	1
12	rs8181686	6531951	0	-7.042231e-04	-1.147934e-05	1
12	rs870849	6887020	0	5.957624e-04	9.668625e-06	1
12	rs871365	6839453	0	4.787859e-05	7.810147e-07	1
12	rs871366	6839388	0	1.030691e-04	1.717032e-06	1
12	rs879605	6486656	0	1.091937e-03	1.826947e-05	1
12	rs887473	6292773	0	-1.564986e-04	-2.543743e-06	1
12	rs887474	6292712	0	-1.677996e-04	-2.726929e-06	1
12	rs887475	6292691	0	-3.566500e-04	-5.805306e-06	1
12	rs887476	6292575	0	-1.564986e-04	-2.543741e-06	1
12	rs887479	6416760	0	-1.029874e-03	-1.707379e-05	1
12	rs917633	6611964	0	-6.028006e-04	-9.898225e-06	1
12	rs917634	6631169	0	-1.761939e-04	-2.829083e-06	1
12	rs9478	6840688	0	1.147099e-04	1.906203e-06	1
12	rs951818	6896055	0	-3.500915e-05	-5.680929e-07	1
12	rs9634157	6648198	0	-3.676337e-05	-6.037556e-07	1
12	rs9645765	6116457	0	6.175652e-04	1.036421e-05	1
12	rs9668139	6504098	0	5.900919e-04	9.691117e-06	1
12	rs9669272	6756877	0	-3.328090e-04	-5.563719e-06	1
12	rs9669611	6503786	0	3.203479e-04	5.244214e-06	1
12	rs9706048	6625333	0	-2.941469e-04	-4.798370e-06	1
12	rs9737890	6990453	0	2.116057e-04	3.421529e-06	1
12	rs9788053	6624435	0	-5.333840e-04	-8.691371e-06	1
12	rs9788151	6624139	0	-6.314014e-04	-1.030513e-05	1
12	rs9795852	6398374	0	9.954906e-04	1.661543e-05	1
12	rs980130	6169027	0	1.204298e-05	1.943509e-07	1
12	rs980131	6169198	0	-1.820583e-04	-2.958502e-06	1
12	rs980132	6169219	0	1.610985e-04	2.691644e-06	1
12	rs980133	6169443	0	-1.820583e-04	-2.958502e-06	1
12	rs980134	6169522	0	3.556498e-04	5.906544e-06	1
12	rs984337	6383525	0	-1.027059e-03	-1.692150e-05	1
12	rs9888313	6683011	0	-5.181474e-04	-8.535572e-06	1
12	rs9888358	6244744	0	-1.323920e-03	-2.200074e-05	1
12	rs9989051	6177679	0	2.212966e-04	3.674794e-06	1
12	rs998908	6291892	0	-1.564986e-04	-2.543740e-06	1
