chr	rs	ps	n_miss	b	beta	gamma
12	rs1001127	6601743	0	-1.006221e-03	-1.527107e-05	1
12	rs1017101	6574301	0	6.303838e-04	9.477967e-06	1
12	rs10219599	6113138	0	-7.918828e-04	-1.210212e-05	1
12	rs1034969	6573856	0	3.759920e-04	5.630224e-06	1
12	rs1043262	6639088	0	-6.556296e-04	-9.862019e-06	1
12	rs1043271	6640676	1	-1.756952e-04	-2.629373e-06	1
12	rs1043282	6640976	0	-2.020012e-04	-3.049537e-06	1
12	rs10437831	6620779	0	-6.488383e-04	-9.745064e-06	1
12	rs10444482	6800827	0	-8.511862e-05	-1.312173e-06	1
12	rs1045452	6572048	0	3.641922e-04	5.414804e-06	1
12	rs1045546	6567907	0	4.577528e-05	6.928432e-07	1
12	rs1045548	6570966	0	4.694194e-04	6.984746e-06	1
12	rs1045553	6747295	0	5.588849e-04	8.415925e-06	1
12	rs10466905	6502832	0	-5.488399e-04	-8.305184e-06	1
12	rs1047776	6948692	0	2.270213e-04	3.354698e-06	1
12	rs1047792	6649099	0	4.144164e-05	6.243156e-07	1
12	rs1048402	6601175	0	-1.127293e-04	-1.674098e-06	1
12	rs10492096	6580582	0	-7.693502e-05	-1.158611e-06	1
12	rs10492097	6394678	0	3.822477e-04	5.728824e-06	1
12	rs1050629	6857289	0	-2.262246e-04	-3.480489e-06	1
12	rs1053523	6094784	0	-9.789873e-04	-1.510033e-05	1
12	rs1056968	6528629	0	9.670547e-04	1.454606e-05	1
12	rs1057510	6683287	0	-3.288559e-04	-4.943835e-06	1
12	rs1060619	6644781	0	-1.221526e-04	-1.823217e-06	1
12	rs1060620	6644722	0	-9.405429e-05	-1.403244e-06	1
12	rs1060621	6644696	0	3.992651e-05	6.016115e-07	1
12	rs1063857	6153514	0	-8.592485e-04	-1.293291e-05	1
12	rs1065691	6646320	0	-5.411911e-05	-8.072965e-07	1
12	rs10735058	6617372	0	-9.196720e-04	-1.393262e-05	1
12	rs10735059	6625130	0	-4.270730e-04	-6.378374e-06	1
12	rs10744696	6168834	0	5.844814e-04	8.725082e-06	1
12	rs10744700	6297863	0	-1.077274e-04	-1.605113e-06	1
12	rs10744702	6349127	0	-5.304369e-04	-7.891764e-06	1
12	rs10744705	6498695	0	-2.148471e-04	-3.297580e-06	1
12	rs10744706	6503218	0	1.058688e-04	1.585205e-06	1
12	rs10744709	6617351	0	-9.196720e-04	-1.393262e-05	1
12	rs10744710	6617559	0	-1.103290e-03	-1.681104e-05	1
12	rs1075835	6905417	0	1.736963e-04	2.614372e-06	1
12	rs1075836	6905550	0	3.667255e-04	5.493441e-06	1
12	rs1075837	6905608	0	2.574978e-04	3.850903e-06	1
12	rs1075838	6905715	0	2.574978e-04	3.850903e-06	1
12	rs1076415	6289938	0	-2.574899e-04	-3.837420e-06	1
12	rs10774387	6063429	0	-2.363187e-04	-3.549840e-06	1
12	rs10774388	6065324	0	-7.373944e-04	-1.119591e-05	1
12	rs10774394	6238593	0	-6.643823e-04	-9.952501e-06	1
12	rs10774407	6286080	0	-3.100287e-04	-4.616389e-06	1
12	rs10774409	6288322	0	-4.905073e-04	-7.315069e-06	1
12	rs10774411	6299423	0	-6.722279e-04	-1.007760e-05	1
12	rs10774412	6299448	0	-7.544525e-04	-1.133887e-05	1
12	rs10774413	6299813	0	-2.857460e-04	-4.253333e-06	1
12	rs10774415	6300246	0	-5.087556e-04	-7.605638e-06	1
12	rs10774424	6380357	0	7.421476e-04	1.112586e-05	1
12	rs10774431	6535649	0	3.657191e-04	5.446159e-06	1
12	rs10774432	6565750	0	4.640791e-04	6.909480e-06	1
12	rs10774435	6616120	0	-5.047224e-04	-7.600032e-06	1
12	rs10774436	6629266	0	-6.114384e-04	-9.181977e-06	1
12	rs10774437	6655450	0	-5.102674e-05	-7.593933e-07	1
12	rs10774438	6699865	0	-1.668972e-04	-2.506433e-06	1
12	rs10774440	6757401	0	1.940235e-04	2.975004e-06	1
12	rs10774442	6829472	0	5.502053e-04	8.210173e-06	1
12	rs10774443	6848212	0	9.445321e-07	1.323951e-08	1
12	rs10774445	6850528	0	-2.210468e-04	-3.348536e-06	1
12	rs10774448	6907289	0	-1.199064e-04	-1.814128e-06	1
12	rs10849361	6065751	0	-7.373944e-04	-1.119591e-05	1
12	rs10849363	6066357	0	7.717735e-04	1.152781e-05	1
12	rs10849365	6080534	0	7.779448e-04	1.172635e-05	1
12	rs10849367	6087011	0	3.867139e-04	5.910197e-06	1
12	rs10849368	6087099	6	1.338408e-04	2.049110e-06	1
12	rs10849369	6088665	0	3.565406e-04	5.451469e-06	1
12	rs10849370	6088877	0	3.565406e-04	5.451469e-06	1
12	rs10849375	6100611	0	3.565406e-04	5.451469e-06	1
12	rs10849376	6102907	0	3.565406e-04	5.451469e-06	1
12	rs10849377	6104554	0	3.565406e-04	5.451469e-06	1
12	rs10849380	6185309	0	-1.551048e-04	-2.370004e-06	1
12	rs10849392	6243869	0	-7.699308e-04	-1.154501e-05	1
12	rs10849410	6280732	0	4.508443e-04	6.720054e-06	1
12	rs10849411	6285818	0	-1.510044e-04	-2.247368e-06	1
12	rs10849413	6285867	0	-3.100287e-04	-4.616387e-06	1
12	rs10849414	6286370	0	-3.100287e-04	-4.616386e-06	1
12	rs10849426	6362158	0	-1.547620e-04	-2.364632e-06	1
12	rs10849431	6375865	0	2.553412e-04	3.893536e-06	1
12	rs10849432	6385727	0	1.114816e-04	1.690940e-06	1
12	rs10849433	6406904	0	8.484633e-04	1.273443e-05	1
12	rs10849434	6407044	0	6.503544e-04	9.729311e-06	1
12	rs10849436	6409619	0	7.955287e-04	1.200732e-05	1
12	rs10849438	6412036	0	1.043032e-03	1.609302e-05	1
12	rs10849439	6415331	0	-1.411395e-03	-2.190138e-05	1
12	rs10849441	6435571	0	-1.593637e-05	-2.371258e-07	1
12	rs10849449	6498662	0	1.103194e-03	1.669282e-05	1
12	rs10849451	6524679	0	-5.654426e-06	-7.974509e-08	1
12	rs10849452	6525121	0	-5.654426e-06	-7.974478e-08	1
12	rs10849453	6528252	0	-1.073298e-04	-1.599900e-06	1
12	rs10849454	6534654	0	-9.495847e-04	-1.438414e-05	1
12	rs10849462	6575992	0	4.577528e-05	6.928439e-07	1
12	rs10849465	6580365	0	-1.079351e-04	-1.602064e-06	1
12	rs10849466	6582278	0	4.132055e-04	6.153244e-06	1
12	rs10849468	6596695	0	-1.139949e-03	-1.737759e-05	1
12	rs10849469	6605811	0	-2.020012e-04	-3.049536e-06	1
12	rs10849470	6606493	0	-2.020012e-04	-3.049536e-06	1
12	rs10849471	6610118	0	-2.020012e-04	-3.049536e-06	1
12	rs10849472	6610300	0	-2.020012e-04	-3.049536e-06	1
12	rs10849474	6610726	0	-2.020012e-04	-3.049536e-06	1
12	rs10849475	6615202	0	-2.020012e-04	-3.049536e-06	1
12	rs10849477	6616087	0	-2.020012e-04	-3.049536e-06	1
12	rs10849478	6621251	0	-4.468371e-04	-6.667466e-06	1
12	rs10849479	6624806	0	1.150053e-04	1.738564e-06	1
12	rs10849480	6629113	0	-1.095740e-04	-1.609523e-06	1
12	rs10849481	6633621	0	-6.123031e-04	-9.246783e-06	1
12	rs10849482	6635274	0	-6.024732e-04	-9.097842e-06	1
12	rs10849483	6635374	0	-6.024732e-04	-9.097842e-06	1
12	rs10849484	6637941	0	-6.024732e-04	-9.097842e-06	1
12	rs10849485	6640267	0	-8.181078e-04	-1.227743e-05	1
12	rs10849487	6653762	0	9.337104e-05	1.399948e-06	1
12	rs10849488	6654050	0	-4.951161e-05	-7.369128e-07	1
12	rs10849492	6720795	0	-4.268095e-04	-6.417841e-06	1
12	rs10849493	6754518	0	-1.689108e-04	-2.589713e-06	1
12	rs10849503	6850713	0	-2.210468e-04	-3.348535e-06	1
12	rs10849504	6850911	0	7.348215e-05	1.115777e-06	1
12	rs10849505	6850916	0	-2.210468e-04	-3.348535e-06	1
12	rs10849506	6851193	0	-2.835960e-04	-4.302762e-06	1
12	rs10849507	6851562	0	-2.835960e-04	-4.302762e-06	1
12	rs10849508	6851638	0	1.093296e-05	1.656657e-07	1
12	rs10849509	6851649	0	-2.835960e-04	-4.302761e-06	1
12	rs10849510	6851758	0	1.093296e-05	1.656657e-07	1
12	rs10849511	6851813	0	1.093296e-05	1.656657e-07	1
12	rs10849517	6907026	0	1.666467e-04	2.530780e-06	1
12	rs10849523	6923286	0	-8.233913e-05	-1.259069e-06	1
12	rs11063951	6056668	0	8.982300e-04	1.362625e-05	1
12	rs11063953	6065070	0	9.323638e-04	1.414467e-05	1
12	rs11063954	6067209	0	6.118383e-04	9.403185e-06	1
12	rs11063956	6067634	0	9.323638e-04	1.414467e-05	1
12	rs11063962	6076781	0	4.428775e-04	6.774319e-06	1
12	rs11063963	6077216	0	-2.242016e-04	-3.445641e-06	1
12	rs11063969	6093282	0	3.565406e-04	5.451468e-06	1
12	rs11063970	6093287	0	3.565406e-04	5.451468e-06	1
12	rs11063971	6093300	0	3.565406e-04	5.451468e-06	1
12	rs11063972	6093486	0	3.565406e-04	5.451468e-06	1
12	rs11063973	6093711	0	3.565406e-04	5.451468e-06	1
12	rs11063974	6094937	0	3.565406e-04	5.451468e-06	1
12	rs11063975	6097337	0	3.152954e-04	4.820644e-06	1
12	rs11063976	6097895	0	1.999153e-04	3.050653e-06	1
12	rs11063977	6097946	0	3.565406e-04	5.451468e-06	1
12	rs11063981	6111927	0	3.394684e-04	5.186584e-06	1
12	rs11063982	6113139	0	2.865779e-04	4.378814e-06	1
12	rs11063993	6135366	0	-2.381556e-04	-3.635090e-06	1
12	rs11064001	6142807	0	-2.381556e-04	-3.635090e-06	1
12	rs11064005	6150066	0	-3.548746e-04	-5.463938e-06	1
12	rs11064009	6160041	0	-4.941629e-04	-7.613120e-06	1
12	rs11064018	6195675	0	3.756269e-04	5.701786e-06	1
12	rs11064019	6196300	0	3.756269e-04	5.701787e-06	1
12	rs11064020	6196314	0	3.756269e-04	5.701787e-06	1
12	rs11064021	6196413	0	3.756269e-04	5.701787e-06	1
12	rs11064022	6196444	0	4.168720e-04	6.329202e-06	1
12	rs11064024	6202049	0	-5.277317e-04	-7.841045e-06	1
12	rs11064046	6248585	0	-6.826760e-04	-1.023652e-05	1
12	rs11064076	6286671	0	-1.510044e-04	-2.247368e-06	1
12	rs11064078	6294210	0	-2.758918e-06	-3.691808e-08	1
12	rs11064079	6295614	0	-1.077274e-04	-1.605110e-06	1
12	rs11064080	6295644	0	-9.751117e-05	-1.452967e-06	1
12	rs11064081	6295701	0	-9.751117e-05	-1.452967e-06	1
12	rs11064082	6295905	0	-9.751117e-05	-1.452966e-06	1
12	rs11064098	6343123	0	-4.070157e-04	-6.231112e-06	1
12	rs11064110	6361004	0	-1.118320e-04	-1.711457e-06	1
12	rs11064111	6362362	0	1.051359e-03	1.631138e-05	1
12	rs11064113	6364639	0	1.051359e-03	1.631138e-05	1
12	rs11064115	6367229	0	-1.480264e-04	-2.259740e-06	1
12	rs11064116	6367415	0	-1.480264e-04	-2.259740e-06	1
12	rs11064117	6367552	0	-2.817545e-04	-4.310503e-06	1
12	rs11064123	6380978	0	7.421476e-04	1.112585e-05	1
12	rs11064124	6381507	0	-3.225546e-04	-4.886812e-06	1
12	rs11064130	6401379	0	5.092402e-04	7.640466e-06	1
12	rs11064131	6404952	0	8.553402e-04	1.312069e-05	1
12	rs11064153	6488450	0	-9.383258e-04	-1.426243e-05	1
12	rs11064156	6490381	0	1.116390e-03	1.679826e-05	1
12	rs11064159	6502361	0	1.466552e-04	2.195737e-06	1
12	rs11064160	6502708	0	-7.907215e-04	-1.204561e-05	1
12	rs11064180	6523249	0	-2.934118e-04	-4.363427e-06	1
12	rs11064181	6523724	0	-5.654426e-06	-7.974269e-08	1
12	rs11064182	6527237	0	-2.934118e-04	-4.363428e-06	1
12	rs11064185	6531223	0	3.998409e-04	5.941820e-06	1
12	rs11064186	6532015	0	1.826871e-04	2.706122e-06	1
12	rs11064192	6549564	0	-6.577966e-04	-9.861120e-06	1
12	rs11064210	6576721	0	-4.981598e-05	-7.499430e-07	1
12	rs11064213	6580376	0	-2.460511e-04	-3.695453e-06	1
12	rs11064214	6580854	0	6.094192e-05	9.220967e-07	1
12	rs11064218	6586261	0	-1.852506e-04	-2.793992e-06	1
12	rs11064220	6592574	2	-5.570824e-04	-8.415040e-06	1
12	rs11064221	6595559	0	-1.941862e-04	-2.887601e-06	1
12	rs11064222	6595844	1	6.980373e-04	1.046131e-05	1
12	rs11064223	6596326	0	-1.006221e-03	-1.527106e-05	1
12	rs11064224	6596430	0	-1.006221e-03	-1.527106e-05	1
12	rs11064226	6597787	0	-1.127293e-04	-1.674095e-06	1
12	rs11064227	6598043	0	-5.688107e-04	-8.591621e-06	1
12	rs11064231	6604415	0	-6.024732e-04	-9.097840e-06	1
12	rs11064233	6607898	0	4.853563e-05	7.273278e-07	1
12	rs11064234	6608051	0	-2.020012e-04	-3.049535e-06	1
12	rs11064237	6614156	0	-1.665153e-04	-2.474877e-06	1
12	rs11064239	6615612	0	-6.039884e-04	-9.120289e-06	1
12	rs11064241	6623097	0	-5.992534e-04	-8.935801e-06	1
12	rs11064242	6625311	0	1.881441e-05	2.843166e-07	1
12	rs11064245	6631725	0	9.752710e-05	1.455971e-06	1
12	rs11064246	6653118	0	9.337104e-05	1.399948e-06	1
12	rs11064247	6653584	0	-5.939722e-05	-9.136972e-07	1
12	rs11064248	6654336	0	3.771496e-05	5.658856e-07	1
12	rs11064249	6654604	0	-5.102674e-05	-7.593921e-07	1
12	rs11064250	6655149	0	9.337104e-05	1.399948e-06	1
12	rs11064252	6662744	0	-2.547385e-05	-3.916645e-07	1
12	rs11064254	6668724	0	-6.857312e-05	-1.031789e-06	1
12	rs11064255	6669257	0	-1.426752e-04	-2.151619e-06	1
12	rs11064262	6689398	0	-9.885062e-05	-1.518395e-06	1
12	rs11064265	6694304	0	-2.547385e-05	-3.916645e-07	1
12	rs11064266	6694655	0	-6.687386e-05	-1.005470e-06	1
12	rs11064268	6695278	0	-1.668972e-04	-2.506431e-06	1
12	rs11064270	6695988	0	-2.547385e-05	-3.916645e-07	1
12	rs11064272	6700146	0	-2.073831e-04	-3.124793e-06	1
12	rs11064276	6706982	0	-1.399585e-04	-2.151868e-06	1
12	rs11064281	6721425	0	-2.868510e-04	-4.323374e-06	1
12	rs11064282	6721547	0	3.149775e-04	4.828495e-06	1
12	rs11064295	6743450	0	4.646449e-04	7.017406e-06	1
12	rs11064296	6744829	0	-9.753958e-05	-1.475008e-06	1
12	rs11064300	6758403	0	4.327025e-04	6.640875e-06	1
12	rs11064303	6762870	0	6.818957e-05	1.050660e-06	1
12	rs11064306	6764030	0	2.571863e-04	3.842650e-06	1
12	rs11064316	6801001	0	-8.511862e-05	-1.312174e-06	1
12	rs11064323	6812100	0	-8.511862e-05	-1.312174e-06	1
12	rs11064333	6834213	0	-7.500072e-05	-1.139595e-06	1
12	rs11064334	6835536	0	1.473714e-04	2.237923e-06	1
12	rs11064335	6841813	0	-7.285192e-05	-1.108507e-06	1
12	rs11064336	6844246	0	7.208080e-05	1.095173e-06	1
12	rs11064337	6845793	0	-2.210468e-04	-3.348535e-06	1
12	rs11064338	6846045	0	7.208080e-05	1.095173e-06	1
12	rs11064339	6847418	0	-2.210468e-04	-3.348535e-06	1
12	rs11064340	6847681	0	-2.210468e-04	-3.348535e-06	1
12	rs11064342	6847809	0	-2.935844e-04	-4.445822e-06	1
12	rs11064343	6847895	0	-4.572453e-04	-6.929988e-06	1
12	rs11064344	6847985	0	9.445321e-07	1.323983e-08	1
12	rs11064345	6848002	0	9.445321e-07	1.323979e-08	1
12	rs11064349	6849190	0	-1.207119e-04	-1.828608e-06	1
12	rs11064350	6849355	0	-2.210468e-04	-3.348535e-06	1
12	rs11064351	6849365	0	7.348215e-05	1.115778e-06	1
12	rs11064352	6849491	0	-2.880376e-04	-4.367078e-06	1
12	rs11064355	6851736	0	9.531612e-06	1.440112e-07	1
12	rs11064356	6852447	0	1.251218e-05	1.903024e-07	1
12	rs11064357	6852574	0	3.193827e-04	4.867900e-06	1
12	rs11064358	6853766	0	8.338956e-04	1.272520e-05	1
12	rs11064360	6855240	0	8.904233e-04	1.360538e-05	1
12	rs11064369	6866827	0	5.064574e-05	7.534838e-07	1
12	rs11064370	6868482	0	2.789523e-04	4.134841e-06	1
12	rs11064371	6868500	0	3.925358e-04	5.821465e-06	1
12	rs11064372	6868590	0	2.789523e-04	4.134841e-06	1
12	rs11064386	6896318	0	3.365760e-04	5.112283e-06	1
12	rs11064391	6897527	2	4.097178e-05	6.155079e-07	1
12	rs11064392	6898392	0	3.365760e-04	5.112283e-06	1
12	rs11064393	6899582	0	-2.690137e-05	-4.062222e-07	1
12	rs11064394	6906834	0	1.074464e-04	1.631702e-06	1
12	rs11064432	6968741	0	-3.826838e-04	-5.804501e-06	1
12	rs111311858	6815049	0	3.238282e-04	4.940759e-06	1
12	rs111443469	6213840	0	5.444512e-04	8.396457e-06	1
12	rs111547369	6742859	0	-1.913562e-04	-2.944874e-06	1
12	rs111571849	6758837	0	1.002056e-04	1.528579e-06	1
12	rs112161653	6414767	0	-2.352332e-04	-3.617537e-06	1
12	rs112255740	6852542	0	-2.945289e-04	-4.537352e-06	1
12	rs11227	6840371	0	4.128891e-04	6.159511e-06	1
12	rs112284808	6268754	0	8.256448e-06	1.276014e-07	1
12	rs112463032	6253038	0	-4.278011e-04	-6.589592e-06	1
12	rs112481081	6268733	0	8.256448e-06	1.276015e-07	1
12	rs112484799	6268767	0	8.256448e-06	1.276015e-07	1
12	rs112489230	6282693	0	-2.151899e-04	-3.318280e-06	1
12	rs112523274	6812302	0	3.238282e-04	4.940759e-06	1
12	rs112542578	6850819	0	-2.945289e-04	-4.537352e-06	1
12	rs112651654	6491280	0	6.001625e-05	9.232569e-07	1
12	rs112667902	6814296	0	3.238282e-04	4.940759e-06	1
12	rs112748569	6473620	0	-6.581406e-05	-1.011314e-06	1
12	rs112814955	6225931	0	2.715546e-04	4.160449e-06	1
12	rs112826761	6640910	0	3.481422e-05	5.348859e-07	1
12	rs112936609	6791077	0	2.623144e-04	4.030831e-06	1
12	rs113081282	6230544	0	3.803797e-04	5.866256e-06	1
12	rs113089859	6371668	0	7.374360e-05	1.134970e-06	1
12	rs113104597	6703172	0	-6.623191e-04	-1.008495e-05	1
12	rs113244573	6684385	0	-2.823450e-04	-4.359261e-06	1
12	rs113281544	6688517	0	-2.693868e-05	-4.027049e-07	1
12	rs113324349	6850725	0	-2.210468e-04	-3.348535e-06	1
12	rs113331457	6810131	0	3.238282e-04	4.940759e-06	1
12	rs113404207	6221848	0	-7.395874e-04	-1.140951e-05	1
12	rs113451139	6397308	0	5.277697e-04	7.973221e-06	1
12	rs113454053	6400591	9	-5.464514e-04	-8.283034e-06	1
12	rs113559360	6422052	0	-2.184260e-04	-3.368288e-06	1
12	rs113737586	6755121	0	-1.499443e-04	-2.305479e-06	1
12	rs113756914	6797472	0	1.175076e-04	1.813595e-06	1
12	rs113839140	6268746	0	8.256448e-06	1.276016e-07	1
12	rs114168938	6070083	0	5.768041e-04	8.866771e-06	1
12	rs114249506	6206316	0	4.144300e-04	6.363216e-06	1
12	rs114446920	6064363	0	5.768041e-04	8.866771e-06	1
12	rs114724388	6850459	0	-2.945289e-04	-4.537352e-06	1
12	rs114976192	6203533	0	3.642786e-04	5.586114e-06	1
12	rs11503137	6759116	0	3.703895e-04	5.681963e-06	1
12	rs11534812	6116982	0	5.366522e-04	8.292047e-06	1
12	rs115373837	6206543	0	4.144300e-04	6.363216e-06	1
12	rs11539542	6709059	0	-4.504414e-04	-6.844671e-06	1
12	rs11539543	6707526	0	-3.450522e-04	-5.236187e-06	1
12	rs11542844	6464581	0	-1.897709e-04	-2.884111e-06	1
12	rs11545053	6602645	0	-2.001778e-04	-2.977285e-06	1
12	rs11545054	6602732	0	1.487316e-05	2.259308e-07	1
12	rs11545055	6602696	0	1.487316e-05	2.259311e-07	1
12	rs115462318	6822544	0	8.544231e-05	1.301604e-06	1
12	rs115483248	6203480	0	3.642786e-04	5.586114e-06	1
12	rs115517017	6538823	0	-5.599172e-04	-8.583652e-06	1
12	rs11559082	6602367	0	-5.688107e-04	-8.591620e-06	1
12	rs11568225	6328113	0	7.858180e-04	1.211845e-05	1
12	rs11568240	6332926	0	3.189800e-04	4.918210e-06	1
12	rs11568283	6327437	0	-4.886354e-06	-7.591263e-08	1
12	rs11568284	6331487	0	-9.696907e-05	-1.486864e-06	1
12	rs11568285	6331489	0	-9.696907e-05	-1.486864e-06	1
12	rs11568287	6337041	0	6.529321e-05	1.004615e-06	1
12	rs11569357	6553336	0	-2.125820e-04	-3.259510e-06	1
12	rs11569358	6553504	0	-2.125820e-04	-3.259510e-06	1
12	rs11569359	6553604	0	-3.634017e-04	-5.442459e-06	1
12	rs11569361	6553806	1	-1.479828e-04	-2.224774e-06	1
12	rs11569377	6557541	0	-1.439696e-04	-2.205391e-06	1
12	rs11608428	6826848	0	-7.023376e-05	-1.069553e-06	1
12	rs11608666	6178126	0	-8.424418e-06	-1.300560e-07	1
12	rs11608767	6596807	0	-1.127293e-04	-1.674093e-06	1
12	rs11608814	6597129	0	-2.155799e-04	-3.206575e-06	1
12	rs11609728	6139692	0	-6.623154e-04	-1.003229e-05	1
12	rs11609816	6824541	0	-1.330732e-04	-2.024379e-06	1
12	rs11609820	6824614	0	-1.975803e-05	-3.011620e-07	1
12	rs11610189	6612114	0	-1.665153e-04	-2.474875e-06	1
12	rs11610322	6390413	0	5.962514e-04	9.013935e-06	1
12	rs11610549	6621641	0	-5.941486e-05	-8.790258e-07	1
12	rs11610712	6612883	0	-1.020508e-04	-1.515822e-06	1
12	rs11610774	6596336	0	-1.127293e-04	-1.674092e-06	1
12	rs11610787	6819084	0	-4.749562e-06	-7.237435e-08	1
12	rs11610821	6596772	0	-1.127293e-04	-1.674091e-06	1
12	rs11611855	6502260	0	1.330124e-03	2.026064e-05	1
12	rs11612258	6360683	0	-2.372536e-04	-3.519730e-06	1
12	rs11612361	6824706	0	-3.748197e-05	-5.698511e-07	1
12	rs11612401	6136968	0	-7.037657e-04	-1.065956e-05	1
12	rs11613839	6142153	0	-5.294926e-04	-7.991609e-06	1
12	rs11614343	6603413	0	1.487316e-05	2.259337e-07	1
12	rs11614534	6595025	0	-8.363117e-05	-1.240548e-06	1
12	rs11614545	6144325	0	-5.290850e-04	-7.978050e-06	1
12	rs11614609	6595443	0	-3.277802e-04	-4.882581e-06	1
12	rs11614716	6904146	0	-3.977415e-05	-5.972043e-07	1
12	rs11614912	6148555	0	-5.534938e-04	-8.366374e-06	1
12	rs11615001	6144520	0	-5.534938e-04	-8.366374e-06	1
12	rs11615182	6141996	0	-5.290850e-04	-7.978049e-06	1
12	rs11615534	6409706	0	7.377959e-04	1.128187e-05	1
12	rs11615628	6903631	0	3.122397e-06	4.374770e-08	1
12	rs11615946	6811611	0	3.238282e-04	4.940759e-06	1
12	rs11616188	6502742	0	1.375528e-03	2.097791e-05	1
12	rs116338948	6372577	0	2.999062e-04	4.628905e-06	1
12	rs116858650	6841765	0	2.971856e-04	4.569516e-06	1
12	rs116891650	6154304	0	-5.197589e-04	-8.025835e-06	1
12	rs116975956	6739441	0	6.818957e-05	1.050660e-06	1
12	rs116979198	6611613	0	1.214957e-04	1.860051e-06	1
12	rs117054975	6376428	0	1.669990e-04	2.558225e-06	1
12	rs117158372	6068895	0	5.010756e-04	7.709366e-06	1
12	rs117201340	6826336	0	1.470144e-04	2.258696e-06	1
12	rs117238872	6405746	0	-9.350202e-05	-1.436382e-06	1
12	rs117240847	6612576	0	-1.398030e-05	-2.151348e-07	1
12	rs117266687	6221398	0	-7.395874e-04	-1.140951e-05	1
12	rs117267920	6079908	0	1.663403e-04	2.565576e-06	1
12	rs117271422	6819272	0	-6.592197e-05	-1.010176e-06	1
12	rs117409748	6749947	0	-2.097701e-04	-3.224100e-06	1
12	rs117471807	6785945	0	-1.200986e-04	-1.850343e-06	1
12	rs117508554	6355163	0	1.067801e-04	1.647249e-06	1
12	rs117531641	6286087	0	1.804786e-04	2.769764e-06	1
12	rs117533088	6818252	0	-4.455394e-04	-6.817920e-06	1
12	rs117542912	6221399	0	-7.395874e-04	-1.140951e-05	1
12	rs117551058	6662661	0	-1.133381e-04	-1.748390e-06	1
12	rs117590443	6841764	0	2.971856e-04	4.569516e-06	1
12	rs117609117	6300972	0	1.844045e-04	2.829854e-06	1
12	rs117640469	6732130	0	2.082899e-04	3.204179e-06	1
12	rs117660359	6476559	0	-2.143695e-04	-3.306752e-06	1
12	rs117671134	6519382	0	-3.469581e-04	-5.345244e-06	1
12	rs117731790	6132671	0	-5.402214e-05	-8.314069e-07	1
12	rs117761448	6323140	0	-4.721950e-05	-7.283921e-07	1
12	rs117765687	6541070	0	1.034399e-04	1.584220e-06	1
12	rs117820614	6624738	0	-2.696019e-04	-4.157329e-06	1
12	rs117856975	6168076	0	-5.958938e-04	-9.218034e-06	1
12	rs117864785	6405745	0	-9.350202e-05	-1.436382e-06	1
12	rs117937728	6062002	0	5.010756e-04	7.709366e-06	1
12	rs117962564	6765989	0	-3.777147e-04	-5.816712e-06	1
12	rs117966544	6862292	0	-1.936772e-04	-2.979680e-06	1
12	rs117969050	6397988	0	-2.833766e-04	-4.362429e-06	1
12	rs118078062	6802779	0	1.022656e-04	1.577142e-06	1
12	rs118080174	6840057	0	4.483016e-04	6.897931e-06	1
12	rs118104888	6675080	0	-2.696019e-04	-4.157329e-06	1
12	rs118113362	6185079	0	-1.419638e-04	-2.190708e-06	1
12	rs118133042	6772076	0	2.523263e-04	3.875377e-06	1
12	rs118138505	6390642	0	-7.462338e-05	-1.147502e-06	1
12	rs118139043	6374769	0	-5.209005e-04	-8.034311e-06	1
12	rs11829480	6205320	0	2.687808e-04	4.122160e-06	1
12	rs11829713	6202859	0	5.658235e-04	8.658620e-06	1
12	rs11830385	6091388	0	-9.904716e-04	-1.528670e-05	1
12	rs11830706	6412860	0	-4.989226e-04	-7.622266e-06	1
12	rs11831214	6490158	0	-1.476106e-04	-2.254161e-06	1
12	rs11831220	6490235	0	-1.476106e-04	-2.254161e-06	1
12	rs11831244	6490316	0	-1.476106e-04	-2.254161e-06	1
12	rs11831297	6490609	0	-1.476106e-04	-2.254161e-06	1
12	rs11831426	6368905	0	-3.922280e-04	-6.006754e-06	1
12	rs11831449	6154469	0	-8.592485e-04	-1.293291e-05	1
12	rs11831514	6921244	0	-8.233913e-05	-1.259069e-06	1
12	rs11831706	6490293	0	-2.814099e-04	-4.303165e-06	1
12	rs11833291	6490033	0	-1.476106e-04	-2.254161e-06	1
12	rs11833796	6699547	0	-2.073831e-04	-3.124792e-06	1
12	rs11834074	6667564	0	-1.399585e-04	-2.151868e-06	1
12	rs11834945	6693713	0	-1.399585e-04	-2.151868e-06	1
12	rs11835719	6401412	0	7.799750e-07	1.281688e-08	1
12	rs11836708	6194657	0	3.707240e-04	5.673660e-06	1
12	rs11836843	6202818	0	5.658235e-04	8.658620e-06	1
12	rs11837434	6203155	0	4.976297e-04	7.638951e-06	1
12	rs11838266	6088785	0	-9.904716e-04	-1.528670e-05	1
12	rs12099542	6103998	0	-2.613974e-05	-3.981757e-07	1
12	rs12099908	6713636	0	-1.351536e-04	-2.035887e-06	1
12	rs12227716	6522914	0	-7.032252e-04	-1.059648e-05	1
12	rs12228763	6521808	0	-9.668915e-05	-1.430504e-06	1
12	rs12229187	6531927	0	-1.146695e-03	-1.749226e-05	1
12	rs12229469	6927158	0	-1.298298e-03	-1.968455e-05	1
12	rs12229492	6867152	0	-2.104528e-04	-3.183652e-06	1
12	rs12230340	6530818	0	1.792262e-04	2.655242e-06	1
12	rs12231078	6373573	0	2.553412e-04	3.893537e-06	1
12	rs12231295	6530819	0	2.154195e-04	3.191618e-06	1
12	rs12296430	6503500	0	-6.519547e-04	-9.888305e-06	1
12	rs12296592	6757768	0	3.755731e-04	5.687079e-06	1
12	rs12297442	6062889	0	9.323638e-04	1.414467e-05	1
12	rs12298161	6504207	0	-7.810758e-05	-1.200485e-06	1
12	rs12298980	6434625	0	-4.503448e-05	-6.691019e-07	1
12	rs12300705	6453265	0	-1.220662e-04	-1.874486e-06	1
12	rs12301294	6398359	0	6.656243e-04	1.005983e-05	1
12	rs12303027	6795760	0	-4.586620e-05	-6.943817e-07	1
12	rs12304975	6512942	0	-1.978730e-04	-3.043893e-06	1
12	rs12305250	6388273	0	8.443534e-04	1.286319e-05	1
12	rs12305465	6505896	0	-2.103205e-04	-3.236702e-06	1
12	rs12305676	6064446	0	-1.605903e-04	-2.407822e-06	1
12	rs12306554	6763673	0	1.912503e-04	2.930853e-06	1
12	rs12307335	6138385	0	-2.381556e-04	-3.635090e-06	1
12	rs12310690	6185029	0	1.327542e-04	2.011646e-06	1
12	rs12310847	6295957	0	-9.751117e-05	-1.452965e-06	1
12	rs12310862	6296003	0	-9.751117e-05	-1.452965e-06	1
12	rs12310984	6594787	0	-8.363117e-05	-1.240547e-06	1
12	rs12311033	6594853	0	-1.127293e-04	-1.674090e-06	1
12	rs12311866	6504037	0	-7.810758e-05	-1.200485e-06	1
12	rs12311981	6504188	0	-7.810758e-05	-1.200485e-06	1
12	rs12312834	6597927	0	1.486632e-04	2.217060e-06	1
12	rs12313899	6877858	0	-1.693460e-04	-2.493589e-06	1
12	rs12316584	6552048	0	2.870823e-05	4.382996e-07	1
12	rs12316639	6508471	2	3.609179e-06	5.552488e-08	1
12	rs12316668	6582330	0	2.750896e-04	4.088124e-06	1
12	rs12316748	6508659	0	-2.103205e-04	-3.236702e-06	1
12	rs12317079	6202462	0	-5.854183e-04	-8.719699e-06	1
12	rs12317523	6063142	0	1.008092e-03	1.531387e-05	1
12	rs12319292	6170299	0	8.184751e-04	1.253499e-05	1
12	rs12319392	6170486	0	8.184751e-04	1.253499e-05	1
12	rs12319598	6064549	0	-1.605903e-04	-2.407822e-06	1
12	rs12319859	6539491	0	-7.141843e-04	-1.094249e-05	1
12	rs12321015	6505636	0	-7.962271e-05	-1.222167e-06	1
12	rs12321069	6505647	0	-7.962271e-05	-1.222167e-06	1
12	rs12321102	6755194	0	-2.466710e-04	-3.773260e-06	1
12	rs12322266	6475082	0	3.259950e-04	4.880462e-06	1
12	rs12322472	6849643	0	7.348215e-05	1.115777e-06	1
12	rs12322604	6717645	0	-2.868510e-04	-4.323373e-06	1
12	rs12366600	6151653	0	-5.340981e-04	-8.230310e-06	1
12	rs12366887	6151366	0	-5.340981e-04	-8.230310e-06	1
12	rs12366917	6151578	0	-5.340981e-04	-8.230310e-06	1
12	rs12367254	6151846	0	-5.340981e-04	-8.230310e-06	1
12	rs12367255	6151878	0	-5.340981e-04	-8.230310e-06	1
12	rs12367882	6359872	0	-6.113122e-05	-9.347669e-07	1
12	rs12368045	6151522	0	-5.340981e-04	-8.230310e-06	1
12	rs12368267	6071516	0	-7.373944e-04	-1.119591e-05	1
12	rs12368360	6565718	0	4.577528e-05	6.928457e-07	1
12	rs12369177	6073520	0	9.308815e-04	1.410215e-05	1
12	rs12369647	6533032	0	1.150654e-04	1.763443e-06	1
12	rs12369967	6627356	0	-6.556296e-04	-9.862006e-06	1
12	rs12370390	6610443	0	-4.743860e-04	-7.141496e-06	1
12	rs12371184	6632925	0	-3.972522e-04	-5.973174e-06	1
12	rs12371825	6151902	0	-5.340981e-04	-8.230310e-06	1
12	rs12372459	6866355	0	1.582298e-04	2.395038e-06	1
12	rs12372572	6620623	0	-6.024732e-04	-9.097839e-06	1
12	rs12372671	6849428	0	7.208080e-05	1.095172e-06	1
12	rs12422771	6580273	0	-7.693502e-05	-1.158608e-06	1
12	rs12423482	6070845	0	5.010756e-04	7.709366e-06	1
12	rs12425927	6647828	0	-4.666130e-04	-7.125702e-06	1
12	rs12426815	6580314	0	1.543613e-05	2.338370e-07	1
12	rs12427239	6590626	0	-6.017591e-04	-9.093772e-06	1
12	rs12427243	6848892	0	4.483016e-04	6.897932e-06	1
12	rs12578573	6842959	0	-2.577518e-04	-3.820990e-06	1
12	rs12579603	6102125	0	1.520911e-03	2.347602e-05	1
12	rs12579898	6476583	0	3.259950e-04	4.880462e-06	1
12	rs12580729	6599507	0	-2.155799e-04	-3.206571e-06	1
12	rs12581183	6476252	0	3.259950e-04	4.880462e-06	1
12	rs12581986	6407737	0	9.009178e-04	1.363622e-05	1
12	rs12810167	6596499	0	-1.127293e-04	-1.674089e-06	1
12	rs12810426	6144138	0	-4.837977e-04	-7.299280e-06	1
12	rs12812284	6526617	0	-2.934118e-04	-4.363433e-06	1
12	rs12813891	6594255	0	-4.154652e-04	-6.200217e-06	1
12	rs12814720	6294417	0	2.994009e-05	4.513317e-07	1
12	rs12815397	6294390	0	2.994009e-05	4.513319e-07	1
12	rs12816221	6430737	0	-1.340125e-05	-1.985188e-07	1
12	rs12816349	6709945	0	-2.613806e-04	-3.910826e-06	1
12	rs12817054	6597321	0	-1.127293e-04	-1.674088e-06	1
12	rs12817967	6545994	0	7.886149e-05	1.167137e-06	1
12	rs12818921	6600471	0	-4.380771e-05	-6.473205e-07	1
12	rs12819922	6064692	0	9.323638e-04	1.414467e-05	1
12	rs12821018	6430776	0	-1.140978e-04	-1.688865e-06	1
12	rs12822404	6430745	0	-1.340125e-05	-1.985189e-07	1
12	rs12822586	6598122	0	-1.127293e-04	-1.674087e-06	1
12	rs12826041	6227630	0	-7.962092e-04	-1.192061e-05	1
12	rs12829220	6074650	0	-1.178481e-04	-1.808747e-06	1
12	rs12831467	6995686	0	7.382419e-04	1.101168e-05	1
12	rs12831864	6062379	0	2.838718e-04	4.212848e-06	1
12	rs12964	6572191	0	2.639951e-04	3.918147e-06	1
12	rs1319389	6592023	0	5.289554e-07	3.559435e-09	1
12	rs13306614	6464784	0	-5.820851e-05	-8.982118e-07	1
12	rs13306621	6473030	0	-2.587888e-05	-3.977105e-07	1
12	rs13402	6862174	0	3.975242e-04	6.026678e-06	1
12	rs13842	6572561	0	3.796726e-04	5.644225e-06	1
12	rs138605118	6512559	0	-2.103205e-04	-3.236702e-06	1
12	rs138731227	6536587	0	1.463278e-03	2.268828e-05	1
12	rs138891567	6848947	0	-2.945289e-04	-4.537352e-06	1
12	rs138899113	6395053	0	-2.833766e-04	-4.362428e-06	1
12	rs139129663	6688846	0	-4.504414e-04	-6.844669e-06	1
12	rs139431235	6208787	0	3.436824e-04	5.262218e-06	1
12	rs139727584	6071943	0	5.010756e-04	7.709365e-06	1
12	rs140021828	6851444	0	-2.945289e-04	-4.537352e-06	1
12	rs140093587	6395910	0	-2.833766e-04	-4.362428e-06	1
12	rs140573351	6852931	0	-1.176757e-04	-1.807681e-06	1
12	rs140661902	6809318	0	2.750806e-04	4.228753e-06	1
12	rs140709663	6623008	0	6.591153e-04	1.015584e-05	1
12	rs141040328	6150487	0	-5.340981e-04	-8.230310e-06	1
12	rs141230209	6741258	0	-1.909247e-04	-2.938734e-06	1
12	rs141864201	6851309	0	-2.945289e-04	-4.537352e-06	1
12	rs141937196	6848750	0	2.971856e-04	4.569517e-06	1
12	rs141950953	6785232	0	2.623144e-04	4.030831e-06	1
12	rs142183819	6410851	0	-9.350202e-05	-1.436381e-06	1
12	rs142266502	6365368	0	-2.647608e-04	-4.066305e-06	1
12	rs142332705	6860562	0	3.597348e-04	5.532799e-06	1
12	rs142710889	6197572	0	3.173323e-04	4.847944e-06	1
12	rs143328932	6541127	0	-5.487420e-04	-8.473281e-06	1
12	rs143730239	6377095	0	1.114789e-04	1.709484e-06	1
12	rs143860788	6192635	0	2.882007e-04	4.405996e-06	1
12	rs144003097	6212510	8	3.394012e-04	5.234482e-06	1
12	rs144055655	6828739	0	7.003536e-04	1.069810e-05	1
12	rs144100949	6565871	0	2.395412e-04	3.680733e-06	1
12	rs144169955	6850235	0	-2.945289e-04	-4.537352e-06	1
12	rs144850263	6850101	0	-2.945289e-04	-4.537352e-06	1
12	rs145066428	6400796	3	1.560103e-04	2.406638e-06	1
12	rs145596238	6403109	0	-1.455220e-04	-2.230432e-06	1
12	rs145710745	6834540	0	7.646722e-05	1.177414e-06	1
12	rs145780917	6693526	0	-1.056729e-04	-1.630246e-06	1
12	rs145848488	6285803	0	1.804786e-04	2.769764e-06	1
12	rs146094919	6662485	0	3.787708e-05	5.825965e-07	1
12	rs146111161	6909973	0	1.206932e-04	1.859498e-06	1
12	rs146242455	6541358	0	1.034399e-04	1.584220e-06	1
12	rs146256301	6632816	0	5.753470e-04	8.896713e-06	1
12	rs146307771	6395942	0	-2.833766e-04	-4.362428e-06	1
12	rs146416192	6614741	0	-2.743170e-04	-4.229682e-06	1
12	rs146756575	6108044	0	-5.441855e-04	-8.403490e-06	1
12	rs1468603	6427052	0	1.148712e-04	1.696821e-06	1
12	rs146902162	6828798	0	7.003536e-04	1.069810e-05	1
12	rs146983427	6615199	0	-2.490914e-05	-3.820166e-07	1
12	rs147231096	6388104	0	-1.779874e-04	-2.738627e-06	1
12	rs147714617	6605299	0	-2.490914e-05	-3.820166e-07	1
12	rs148252326	6337076	0	2.999062e-04	4.628906e-06	1
12	rs148297017	6157651	0	-4.941629e-04	-7.613120e-06	1
12	rs148412980	6537033	1	1.465759e-03	2.273309e-05	1
12	rs148464148	6387842	0	-9.028628e-05	-1.387931e-06	1
12	rs148871353	6364352	0	-2.817545e-04	-4.310503e-06	1
12	rs149093296	6594883	0	-5.688107e-04	-8.591620e-06	1
12	rs149309764	6841555	0	7.517515e-05	1.143607e-06	1
12	rs149521873	6395871	0	-2.833766e-04	-4.362428e-06	1
12	rs149834229	6396652	0	-2.833766e-04	-4.362428e-06	1
12	rs149914060	6650179	1	-1.876524e-04	-2.892557e-06	1
12	rs150169197	6822847	0	1.599918e-04	2.441102e-06	1
12	rs150216194	6825615	0	-4.455394e-04	-6.817920e-06	1
12	rs150374567	6850705	0	-2.945289e-04	-4.537352e-06	1
12	rs150378883	6210873	0	3.436824e-04	5.262218e-06	1
12	rs150686823	6851428	0	-2.945289e-04	-4.537352e-06	1
12	rs150738444	6508319	0	-2.103205e-04	-3.236702e-06	1
12	rs1558324	6289219	0	-3.663226e-04	-5.455279e-06	1
12	rs1558325	6289108	0	-3.663226e-04	-5.455279e-06	1
12	rs1558326	6289092	0	-3.663226e-04	-5.455279e-06	1
12	rs1558327	6289067	0	-3.663226e-04	-5.455278e-06	1
12	rs1558328	6288834	0	-2.772963e-04	-4.129574e-06	1
12	rs1558333	6675055	0	-1.016300e-04	-1.539439e-06	1
12	rs1558334	6601825	0	-3.277802e-04	-4.882577e-06	1
12	rs1558335	6601834	0	-1.127293e-04	-1.674086e-06	1
12	rs1558519	6153738	0	-8.592485e-04	-1.293290e-05	1
12	rs1610055	6195368	0	3.756269e-04	5.701786e-06	1
12	rs1610056	6195397	0	3.756269e-04	5.701786e-06	1
12	rs1639123	6714668	0	-6.215006e-04	-9.367214e-06	1
12	rs16928082	6396156	0	3.822477e-04	5.728820e-06	1
12	rs16932500	6394730	0	5.602352e-04	8.441379e-06	1
12	rs16932501	6402187	0	3.822477e-04	5.728819e-06	1
12	rs16932505	6402273	0	3.822477e-04	5.728819e-06	1
12	rs16932506	6402340	0	5.277697e-04	7.973218e-06	1
12	rs170048	6150764	0	5.444581e-04	8.347762e-06	1
12	rs1734114	6713450	0	-3.629688e-04	-5.454561e-06	1
12	rs1734116	6715593	0	-2.180361e-04	-3.274002e-06	1
12	rs1734117	6721707	0	-4.024659e-04	-6.049336e-06	1
12	rs17419697	6147786	0	-6.120159e-04	-9.251214e-06	1
12	rs17491320	6102533	0	-1.051436e-03	-1.625891e-05	1
12	rs17491334	6103844	0	-1.052951e-03	-1.627909e-05	1
12	rs17516063	6898182	0	3.365760e-04	5.112284e-06	1
12	rs177702	6094845	0	-8.465276e-04	-1.280155e-05	1
12	rs17788043	6692672	0	-1.056729e-04	-1.630246e-06	1
12	rs17788055	6693012	0	1.330485e-04	2.038504e-06	1
12	rs17790300	6685188	0	-2.547385e-05	-3.916650e-07	1
12	rs1800375	6174423	0	1.628840e-04	2.455095e-06	1
12	rs1800376	6174414	0	1.041254e-04	1.567468e-06	1
12	rs1800377	6173433	0	-1.860384e-04	-2.826059e-06	1
12	rs1800378	6172202	0	1.026906e-03	1.545554e-05	1
12	rs1800379	6167196	0	-1.122659e-04	-1.665040e-06	1
12	rs1800382	6128388	0	2.128600e-04	3.285810e-06	1
12	rs1800384	6127919	0	-3.569210e-04	-5.437569e-06	1
12	rs1800385	6127891	0	-2.530287e-04	-3.851707e-06	1
12	rs1800387	6182828	0	9.510067e-05	1.448107e-06	1
12	rs1800693	6440009	0	7.810010e-04	1.169219e-05	1
12	rs1803621	6647109	0	-2.005475e-04	-2.994946e-06	1
12	rs1803622	6647453	0	-5.411911e-05	-8.072974e-07	1
12	rs1814249	6231022	0	-6.737886e-04	-1.004331e-05	1
12	rs183356	6150824	0	5.444581e-04	8.347762e-06	1
12	rs185627928	6582890	0	3.558468e-04	5.445301e-06	1
12	rs185699757	6071752	1	3.223459e-04	4.951053e-06	1
12	rs1860364	6194243	0	-5.117274e-04	-7.661655e-06	1
12	rs1860365	6147110	0	-6.544201e-04	-9.892770e-06	1
12	rs1860366	6147008	0	-6.120159e-04	-9.251213e-06	1
12	rs1860367	6146843	0	-5.534938e-04	-8.366370e-06	1
12	rs1860415	6142678	0	-5.290850e-04	-7.978045e-06	1
12	rs1860416	6142841	0	-5.294926e-04	-7.991603e-06	1
12	rs186182306	6150606	0	-6.454100e-04	-9.946801e-06	1
12	rs186355289	6354158	0	-4.886354e-06	-7.591317e-08	1
12	rs187346860	6848234	0	-4.581899e-04	-7.064133e-06	1
12	rs1882545	6885410	0	1.205156e-03	1.834811e-05	1
12	rs1882547	6839218	0	2.744508e-04	4.094666e-06	1
12	rs1882548	6838903	0	-4.126311e-04	-6.249907e-06	1
12	rs1882549	6836542	0	-3.431909e-04	-5.138797e-06	1
12	rs1882550	6876161	0	1.036579e-04	1.529792e-06	1
12	rs1882553	6747578	0	2.760423e-04	4.150774e-06	1
12	rs188613052	6251548	0	-1.039825e-04	-1.603245e-06	1
12	rs188616	6150758	0	5.444581e-04	8.347762e-06	1
12	rs189055457	6849252	9	3.997150e-04	6.169056e-06	1
12	rs190161412	6738312	0	-1.405831e-04	-2.162226e-06	1
12	rs190922658	6825595	0	-4.361452e-04	-6.727095e-06	1
12	rs191827900	6196609	0	5.237326e-04	7.964140e-06	1
12	rs1922452	6896194	0	-1.033669e-05	-1.562146e-07	1
12	rs192294847	6406152	0	-9.350202e-05	-1.436381e-06	1
12	rs1981669	6598898	0	-1.127293e-04	-1.674085e-06	1
12	rs1984541	6292072	0	-5.447767e-04	-8.146729e-06	1
12	rs1986755	6551492	0	-7.296440e-04	-1.092901e-05	1
12	rs1990326	6057911	0	2.838718e-04	4.212846e-06	1
12	rs1990384	6342921	0	-1.797524e-04	-2.664306e-06	1
12	rs1990385	6394635	0	3.822477e-04	5.728818e-06	1
12	rs1990386	6394443	0	5.800656e-04	8.744706e-06	1
12	rs1990491	6169546	0	8.184751e-04	1.253499e-05	1
12	rs1997510	6871891	0	2.395604e-04	3.552506e-06	1
12	rs2005829	6190529	0	1.310843e-04	1.990640e-06	1
12	rs2008134	6588445	0	1.245762e-03	1.898560e-05	1
12	rs2009527	6569545	0	7.765552e-04	1.173356e-05	1
12	rs2027796	6900613	0	3.396001e-04	5.067929e-06	1
12	rs2041375	6473549	0	5.348544e-04	8.030623e-06	1
12	rs2041384	6562285	0	5.570319e-04	8.376654e-06	1
12	rs2041385	6562293	0	5.570319e-04	8.376654e-06	1
12	rs2041386	6562538	0	4.577528e-05	6.928462e-07	1
12	rs2041387	6562823	0	6.628398e-04	9.990579e-06	1
12	rs2041388	6562836	0	6.707474e-04	1.010874e-05	1
12	rs2058220	6201490	0	5.658235e-04	8.658621e-06	1
12	rs2058222	6201769	4	2.828161e-04	4.321563e-06	1
12	rs2058223	6202608	0	-5.102805e-05	-7.562946e-07	1
12	rs2058288	6578872	0	4.089404e-04	6.125933e-06	1
12	rs2058473	6093926	0	1.344617e-03	2.059800e-05	1
12	rs2070883	6094495	0	3.565406e-04	5.451467e-06	1
12	rs2070884	6094390	0	3.565406e-04	5.451467e-06	1
12	rs2070885	6094152	0	3.565406e-04	5.451467e-06	1
12	rs2070886	6094065	0	-6.339310e-04	-9.583385e-06	1
12	rs2070887	6093952	0	4.768383e-04	7.299907e-06	1
12	rs2072370	6345080	0	-5.304369e-04	-7.891765e-06	1
12	rs2072372	6344600	0	-4.977045e-04	-7.397500e-06	1
12	rs2072373	6631888	0	-2.071011e-04	-3.119973e-06	1
12	rs2072374	6637845	0	-7.678299e-04	-1.157853e-05	1
12	rs2072375	6575044	0	3.759920e-04	5.630205e-06	1
12	rs2072376	6579812	0	-5.588474e-05	-8.277091e-07	1
12	rs2072377	6580228	0	-1.233713e-04	-1.861134e-06	1
12	rs2072378	6580249	0	5.211407e-04	7.820570e-06	1
12	rs2079866	6563848	0	6.707474e-04	1.010874e-05	1
12	rs2079867	6622111	0	-8.074717e-04	-1.219610e-05	1
12	rs2079868	6622346	0	-6.802716e-04	-1.022358e-05	1
12	rs2103397	6835485	0	-3.977287e-04	-5.954525e-06	1
12	rs2109118	6194655	0	-1.015727e-03	-1.523285e-05	1
12	rs2109122	6171265	0	8.184751e-04	1.253499e-05	1
12	rs2109408	6293825	0	2.994009e-05	4.513340e-07	1
12	rs2109426	6589522	0	8.940207e-04	1.352384e-05	1
12	rs2109427	6592082	0	2.155799e-04	3.206563e-06	1
12	rs2109430	6613076	0	-5.919858e-04	-8.853828e-06	1
12	rs2159521	6349328	0	-4.051245e-04	-6.011052e-06	1
12	rs216290	6151597	0	1.078556e-03	1.667508e-05	1
12	rs216291	6151873	0	1.403707e-03	2.151820e-05	1
12	rs216292	6152976	0	1.403707e-03	2.151820e-05	1
12	rs216293	6153659	0	1.403707e-03	2.151820e-05	1
12	rs216294	6153750	0	5.693725e-04	8.744094e-06	1
12	rs216295	6154206	0	5.771571e-04	8.851927e-06	1
12	rs216296	6154670	0	5.693725e-04	8.744094e-06	1
12	rs216297	6155218	0	5.556092e-04	8.521028e-06	1
12	rs216298	6156477	0	5.444581e-04	8.347761e-06	1
12	rs216299	6156635	0	5.444581e-04	8.347761e-06	1
12	rs216301	6157988	0	5.444581e-04	8.347761e-06	1
12	rs216302	6158022	0	5.444581e-04	8.347761e-06	1
12	rs216303	6159045	0	5.444581e-04	8.347761e-06	1
12	rs216304	6159537	0	4.379649e-04	6.703119e-06	1
12	rs216305	6121078	0	2.751158e-03	4.572539e-05	1
12	rs216306	6122103	0	2.656687e-03	4.369553e-05	1
12	rs216313	6129264	0	7.530426e-04	1.162124e-05	1
12	rs216314	6136580	0	6.839682e-04	1.053098e-05	1
12	rs216315	6136914	0	6.839682e-04	1.053098e-05	1
12	rs216318	6139261	0	6.839682e-04	1.053098e-05	1
12	rs216320	6143356	0	6.839682e-04	1.053098e-05	1
12	rs216321	6143984	0	6.839682e-04	1.053098e-05	1
12	rs216322	6144897	0	1.213053e-03	1.857727e-05	1
12	rs216323	6145109	0	1.213053e-03	1.857727e-05	1
12	rs216324	6145225	0	6.839682e-04	1.053098e-05	1
12	rs216325	6145529	0	1.213461e-03	1.859253e-05	1
12	rs216327	6146149	0	1.213461e-03	1.859253e-05	1
12	rs216328	6146483	0	1.213461e-03	1.859253e-05	1
12	rs216329	6146507	0	1.213461e-03	1.859253e-05	1
12	rs216335	6148005	0	6.839682e-04	1.053097e-05	1
12	rs216339	6149284	0	6.839682e-04	1.053097e-05	1
12	rs216800	6107946	0	-1.439413e-03	-2.210812e-05	1
12	rs216801	6108513	0	-1.245114e-03	-1.890361e-05	1
12	rs216802	6109103	0	-1.956656e-03	-3.070143e-05	1
12	rs216803	6109902	0	-2.051725e-03	-3.236515e-05	1
12	rs216804	6111411	0	-1.883018e-03	-2.943122e-05	1
12	rs216805	6111476	0	-1.201508e-03	-1.827198e-05	1
12	rs216806	6111525	0	-2.097324e-03	-3.321070e-05	1
12	rs216807	6112456	0	-2.176547e-03	-3.464281e-05	1
12	rs216809	6114283	0	-1.302141e-03	-1.981369e-05	1
12	rs216811	6115274	0	-1.031616e-03	-1.563086e-05	1
12	rs216852	6084191	0	1.538910e-04	2.280214e-06	1
12	rs216855	6085513	0	4.690513e-04	7.038189e-06	1
12	rs216857	6086936	0	1.439440e-04	2.137318e-06	1
12	rs216859	6087531	0	-3.645096e-04	-5.512343e-06	1
12	rs216860	6089068	0	-1.522793e-03	-2.348279e-05	1
12	rs216861	6089112	0	-5.965628e-04	-9.044315e-06	1
12	rs216862	6089156	5	-1.506671e-03	-2.338871e-05	1
12	rs216866	6090825	0	-1.442574e-03	-2.232818e-05	1
12	rs216867	6091000	0	-3.645096e-04	-5.512342e-06	1
12	rs216868	6091164	0	-1.584446e-03	-2.451195e-05	1
12	rs216870	6093048	0	1.766764e-04	2.623599e-06	1
12	rs216872	6093540	0	-1.530356e-03	-2.361200e-05	1
12	rs216873	6095274	0	-7.195351e-04	-1.085673e-05	1
12	rs216874	6095757	0	-3.629945e-04	-5.488481e-06	1
12	rs216875	6095901	0	-3.629945e-04	-5.488481e-06	1
12	rs216876	6096256	0	-6.432952e-04	-9.762215e-06	1
12	rs216877	6096294	0	-6.432952e-04	-9.762214e-06	1
12	rs216878	6096383	0	-6.432952e-04	-9.762214e-06	1
12	rs216879	6096655	0	-6.648229e-04	-1.008173e-05	1
12	rs216880	6096691	0	-6.648229e-04	-1.008173e-05	1
12	rs216881	6096712	0	-7.841683e-04	-1.192611e-05	1
12	rs216882	6096816	0	-6.648229e-04	-1.008173e-05	1
12	rs216883	6097657	0	-1.454250e-03	-2.249889e-05	1
12	rs216884	6097828	0	-2.728573e-03	-4.527967e-05	1
12	rs216885	6097955	0	-2.503117e-03	-4.080014e-05	1
12	rs216886	6097965	0	-2.030548e-03	-3.200041e-05	1
12	rs216887	6098452	0	-2.360557e-03	-3.801241e-05	1
12	rs216888	6098857	0	-2.360557e-03	-3.801241e-05	1
12	rs216889	6099453	0	-2.138494e-03	-3.389629e-05	1
12	rs216890	6099538	0	-2.360557e-03	-3.801240e-05	1
12	rs216893	6100485	0	-2.360557e-03	-3.801240e-05	1
12	rs216894	6100577	0	-2.255168e-03	-3.606351e-05	1
12	rs216895	6100595	0	-2.255168e-03	-3.606351e-05	1
12	rs216896	6100796	0	-2.389170e-03	-3.860325e-05	1
12	rs216897	6102607	0	-2.255168e-03	-3.606350e-05	1
12	rs216898	6102764	0	-1.780031e-03	-2.765332e-05	1
12	rs216901	6104868	0	-2.135823e-03	-3.389880e-05	1
12	rs216902	6105387	0	-1.010334e-03	-1.521061e-05	1
12	rs216903	6105499	0	-1.913759e-03	-2.994098e-05	1
12	rs216904	6106018	0	-1.082872e-03	-1.634524e-05	1
12	rs216905	6106255	0	-1.536948e-03	-2.388948e-05	1
12	rs2178691	6836913	0	-3.431909e-04	-5.138795e-06	1
12	rs2178692	6836051	0	-3.431909e-04	-5.138795e-06	1
12	rs2178695	6857000	0	4.500476e-04	6.794675e-06	1
12	rs2192205	6092562	0	3.565406e-04	5.451473e-06	1
12	rs2236773	6092035	0	3.565406e-04	5.451473e-06	1
12	rs2238102	6197468	0	-5.366236e-04	-8.043004e-06	1
12	rs2238103	6194183	0	-7.999282e-04	-1.199087e-05	1
12	rs2238104	6187665	0	9.954871e-05	1.470452e-06	1
12	rs2238105	6182234	0	2.743355e-04	4.112013e-06	1
12	rs2238109	6153967	0	-8.592485e-04	-1.293290e-05	1
12	rs2238110	6080577	0	7.779448e-04	1.172633e-05	1
12	rs2238112	6079880	0	-3.384406e-05	-5.224466e-07	1
12	rs2239138	6082558	0	8.383081e-04	1.265664e-05	1
12	rs2239140	6200443	0	-1.041573e-03	-1.562972e-05	1
12	rs2239142	6199078	0	-8.911597e-04	-1.331730e-05	1
12	rs2239144	6196183	0	3.756269e-04	5.701790e-06	1
12	rs2239145	6195996	0	3.756269e-04	5.701790e-06	1
12	rs2239146	6195710	0	3.756269e-04	5.701790e-06	1
12	rs2239147	6195527	0	3.756269e-04	5.701790e-06	1
12	rs2239148	6194816	0	3.755118e-04	5.701041e-06	1
12	rs2239150	6194585	0	6.094134e-04	9.198184e-06	1
12	rs2239151	6194579	0	6.094134e-04	9.198184e-06	1
12	rs2239154	6185891	0	2.127342e-05	3.126820e-07	1
12	rs2239156	6180582	0	2.888234e-04	4.381313e-06	1
12	rs2239157	6179467	0	5.248936e-04	7.944346e-06	1
12	rs2239158	6172393	0	8.861978e-04	1.332958e-05	1
12	rs2239162	6151670	0	-1.362895e-04	-2.035026e-06	1
12	rs2240866	6578140	0	3.759920e-04	5.630201e-06	1
12	rs2240867	6578469	0	2.909120e-04	4.380700e-06	1
12	rs2240869	6603473	0	-2.020012e-04	-3.049537e-06	1
12	rs2240871	6639981	0	-2.020012e-04	-3.049537e-06	1
12	rs2240872	6648269	0	-6.891130e-05	-1.029035e-06	1
12	rs2240873	6648290	0	4.144164e-05	6.243146e-07	1
12	rs2240874	6648513	0	-5.411911e-05	-8.072988e-07	1
12	rs2240875	6649540	0	-9.405429e-05	-1.403245e-06	1
12	rs2243750	6567787	0	6.301268e-04	9.490521e-06	1
12	rs2243977	6569983	0	7.765552e-04	1.173356e-05	1
12	rs2244083	6570539	0	7.765552e-04	1.173356e-05	1
12	rs2247890	6580941	0	5.211407e-04	7.820563e-06	1
12	rs2250246	6553016	0	3.234118e-04	4.785811e-06	1
12	rs2259931	6719894	0	-2.868510e-04	-4.323363e-06	1
12	rs2267967	6671799	0	-2.547385e-05	-3.916657e-07	1
12	rs2267968	6679743	0	-2.547385e-05	-3.916657e-07	1
12	rs2267970	6691559	0	-2.547385e-05	-3.916657e-07	1
12	rs2267973	6714106	0	-1.399585e-04	-2.151869e-06	1
12	rs2267974	6715527	0	-2.547385e-05	-3.916657e-07	1
12	rs2268016	6320386	0	3.095362e-04	4.595613e-06	1
12	rs2269359	6993653	0	1.054444e-03	1.588549e-05	1
12	rs2270151	6060960	0	-4.879017e-04	-7.388810e-06	1
12	rs2270152	6061069	0	1.317386e-05	1.939526e-07	1
12	rs2270174	6606012	0	-1.665153e-04	-2.474859e-06	1
12	rs2270175	6630627	0	-2.071011e-04	-3.119973e-06	1
12	rs2270177	6651681	0	1.333062e-04	1.998229e-06	1
12	rs2282690	6670398	0	-1.399585e-04	-2.151869e-06	1
12	rs2283332	6174729	0	-8.227283e-05	-1.253702e-06	1
12	rs2283335	6157394	0	-8.577334e-04	-1.291809e-05	1
12	rs2284325	6704213	0	-1.668972e-04	-2.506422e-06	1
12	rs2284346	6348600	0	-2.728383e-04	-4.046824e-06	1
12	rs2284347	6348146	0	-1.323393e-04	-1.962535e-06	1
12	rs2284348	6321862	0	8.704727e-05	1.286008e-06	1
12	rs2286596	6553055	0	-6.872840e-04	-1.034458e-05	1
12	rs2286598	6552516	0	-7.887208e-04	-1.183710e-05	1
12	rs2286600	6482786	0	-3.712184e-04	-5.464764e-06	1
12	rs2286646	6061491	0	1.317386e-05	1.939523e-07	1
12	rs2286721	6562065	0	-1.233713e-04	-1.861134e-06	1
12	rs2286725	6658860	0	-2.547385e-05	-3.916656e-07	1
12	rs2286729	6873818	0	-7.766773e-05	-1.184817e-06	1
12	rs2286730	6839913	0	2.438693e-06	3.610099e-08	1
12	rs2286731	6837643	0	4.128891e-04	6.159512e-06	1
12	rs2286937	6090892	0	3.565406e-04	5.451473e-06	1
12	rs2286938	6091205	0	3.565406e-04	5.451473e-06	1
12	rs2301333	6880996	0	2.990350e-05	4.566630e-07	1
12	rs2302255	6493911	0	3.270317e-04	5.043480e-06	1
12	rs2302365	6884244	0	-4.823833e-04	-7.233079e-06	1
12	rs2302366	6862259	0	7.787620e-05	1.157160e-06	1
12	rs2302368	6859797	0	4.297383e-04	6.392455e-06	1
12	rs2302369	6859729	0	7.848825e-04	1.194399e-05	1
12	rs2302370	6859308	0	4.297383e-04	6.392455e-06	1
12	rs2302371	6858126	0	8.539459e-04	1.303740e-05	1
12	rs2362482	6058913	0	5.358917e-04	8.218588e-06	1
12	rs2362483	6058920	0	5.358917e-04	8.218588e-06	1
12	rs2363877	6292461	0	2.994009e-05	4.513384e-07	1
12	rs2363878	6292975	0	2.994009e-05	4.513387e-07	1
12	rs2364480	6495275	0	5.702104e-04	8.583284e-06	1
12	rs2364482	6502131	0	-6.065504e-04	-9.190702e-06	1
12	rs2364486	6524348	0	-3.063210e-04	-4.668332e-06	1
12	rs2364487	6526934	0	-2.934118e-04	-4.363448e-06	1
12	rs2364491	6535887	0	3.687691e-04	5.489825e-06	1
12	rs2364494	6551364	0	-8.290896e-04	-1.243974e-05	1
12	rs2364508	6652799	0	1.333062e-04	1.998229e-06	1
12	rs2365089	6870834	0	2.442741e-04	3.620498e-06	1
12	rs2365092	6870877	0	2.442741e-04	3.620498e-06	1
12	rs2365100	6835081	0	4.128891e-04	6.159513e-06	1
12	rs2365101	6760811	0	3.251910e-04	4.994558e-06	1
12	rs2365102	6760950	0	1.940235e-04	2.975009e-06	1
12	rs2365104	6785343	0	1.931906e-04	2.941823e-06	1
12	rs2365566	6817264	0	1.599918e-04	2.441102e-06	1
12	rs2365567	6843847	0	3.234214e-06	5.162180e-08	1
12	rs24177	6094082	0	-1.530356e-03	-2.361197e-05	1
12	rs2515733	6897652	0	-3.158189e-04	-4.717750e-06	1
12	rs2532484	6583403	0	-2.236135e-05	-3.364649e-07	1
12	rs2532485	6583099	0	-2.236135e-05	-3.364651e-07	1
12	rs2532486	6582699	0	2.503373e-04	3.719920e-06	1
12	rs2532488	6592568	0	3.786664e-04	5.635080e-06	1
12	rs2532490	6577329	0	3.759920e-04	5.630197e-06	1
12	rs2532491	6576859	0	4.237155e-04	6.305690e-06	1
12	rs2532494	6591581	0	6.022881e-04	8.994955e-06	1
12	rs2532495	6569062	0	3.176507e-04	4.719333e-06	1
12	rs2532496	6564448	0	6.577399e-04	9.915307e-06	1
12	rs2532497	6564210	0	6.707474e-04	1.010873e-05	1
12	rs2532498	6563698	0	4.640791e-04	6.909458e-06	1
12	rs2532499	6563255	0	4.640791e-04	6.909458e-06	1
12	rs2532500	6562810	0	4.640791e-04	6.909457e-06	1
12	rs2532501	6562753	0	4.640791e-04	6.909457e-06	1
12	rs2532506	6593527	0	1.127293e-04	1.674073e-06	1
12	rs2532513	6589171	0	2.155799e-04	3.206555e-06	1
12	rs2532514	6588972	0	6.022881e-04	8.994952e-06	1
12	rs2532515	6586728	0	3.779403e-04	5.624981e-06	1
12	rs2532518	6586321	0	3.779403e-04	5.624981e-06	1
12	rs2532519	6586136	0	5.211407e-04	7.820558e-06	1
12	rs2532520	6585610	0	4.901406e-04	7.310472e-06	1
12	rs2532521	6585504	0	4.901406e-04	7.310472e-06	1
12	rs2532522	6584265	0	4.901406e-04	7.310471e-06	1
12	rs2534698	6562931	0	4.640791e-04	6.909454e-06	1
12	rs2534709	6568572	0	6.301268e-04	9.490514e-06	1
12	rs2534710	6570163	0	2.918582e-04	4.332162e-06	1
12	rs2534711	6570821	0	6.588641e-04	9.930316e-06	1
12	rs2534712	6572549	0	3.796726e-04	5.644207e-06	1
12	rs2534713	6572587	0	4.770978e-04	7.159172e-06	1
12	rs2534714	6573061	0	3.759920e-04	5.630190e-06	1
12	rs2534715	6573146	0	3.759920e-04	5.630190e-06	1
12	rs2534716	6573716	0	3.759920e-04	5.630189e-06	1
12	rs2534717	6573749	0	3.759920e-04	5.630189e-06	1
12	rs2534718	6575191	0	-2.032328e-04	-3.116347e-06	1
12	rs2534719	6554429	0	6.933830e-04	1.053444e-05	1
12	rs2534721	6580144	0	9.047008e-04	1.371208e-05	1
12	rs2534722	6581230	0	1.981546e-04	2.942997e-06	1
12	rs2534723	6581805	0	2.750896e-04	4.088098e-06	1
12	rs2534724	6583387	0	1.926896e-04	2.863923e-06	1
12	rs25680	6554628	0	6.007010e-04	9.109955e-06	1
12	rs2707209	6905264	0	5.188610e-04	7.791576e-06	1
12	rs2707210	6902002	0	-2.647383e-04	-3.918029e-06	1
12	rs2707211	6901823	0	-4.513497e-04	-6.732366e-06	1
12	rs2707212	6901134	0	3.396001e-04	5.067933e-06	1
12	rs2707213	6901082	0	-2.204084e-04	-3.323475e-06	1
12	rs28435996	6396206	0	3.822477e-04	5.728818e-06	1
12	rs2854871	6133079	0	-5.319288e-04	-8.147551e-06	1
12	rs2855534	6898521	0	-4.036048e-04	-6.040063e-06	1
12	rs2855537	6899181	0	-2.204084e-04	-3.323475e-06	1
12	rs2855538	6899508	0	-4.012750e-05	-6.002472e-07	1
12	rs2857227	6899528	0	-4.012750e-05	-6.002473e-07	1
12	rs2857229	6900616	0	1.789551e-04	2.662840e-06	1
12	rs2857230	6901077	0	-1.864934e-05	-2.736752e-07	1
12	rs2857232	6903989	1	3.488582e-04	5.210601e-06	1
12	rs2857234	6905181	0	3.667255e-04	5.493436e-06	1
12	rs2857237	6906828	0	-6.767968e-05	-1.012407e-06	1
12	rs28630679	6141588	1	-2.741133e-04	-4.118679e-06	1
12	rs2886086	6526672	0	-3.296051e-04	-4.905239e-06	1
12	rs2886087	6526744	0	-3.941083e-04	-5.862013e-06	1
12	rs2886089	6535981	0	2.404927e-04	3.567730e-06	1
12	rs2886090	6551899	0	-7.484947e-04	-1.122341e-05	1
12	rs28866502	6681209	0	-3.288559e-04	-4.943823e-06	1
12	rs28920471	6915160	0	-2.576958e-04	-3.938722e-06	1
12	rs3095130	6593394	0	3.277802e-04	4.882557e-06	1
12	rs3136549	6551874	0	1.115217e-03	1.717291e-05	1
12	rs3136550	6552284	0	-9.174737e-04	-1.386933e-05	1
12	rs3136551	6553860	0	-1.502172e-04	-2.306430e-06	1
12	rs3180589	6602422	0	1.487316e-05	2.259593e-07	1
12	rs3181290	6334374	0	-8.677338e-05	-1.337542e-06	1
12	rs3181295	6344174	0	5.209218e-04	7.764384e-06	1
12	rs3181300	6345199	0	-4.239845e-04	-6.312285e-06	1
12	rs3181301	6345784	0	-5.177774e-04	-7.712255e-06	1
12	rs33978901	6140659	0	2.373140e-04	3.652672e-06	1
12	rs34119293	6506878	1	8.748970e-04	1.308538e-05	1
12	rs34230288	6103094	0	1.961590e-04	3.019658e-06	1
12	rs34278370	6627975	0	1.699636e-06	2.745985e-08	1
12	rs34350637	6823202	0	1.470435e-04	2.238213e-06	1
12	rs34444862	6105396	0	1.961590e-04	3.019658e-06	1
12	rs34668268	6077639	0	4.193587e-04	6.372487e-06	1
12	rs34807506	6546260	0	-2.868068e-04	-4.267279e-06	1
12	rs34863790	6690909	0	6.818957e-05	1.050661e-06	1
12	rs34865569	6613284	0	-8.691432e-05	-1.288792e-06	1
12	rs35032612	6299131	0	-1.622323e-04	-2.499632e-06	1
12	rs35041216	6475897	0	3.259950e-04	4.880459e-06	1
12	rs35277580	6294534	0	2.994009e-05	4.513390e-07	1
12	rs35365059	6167118	0	-1.800806e-04	-2.745204e-06	1
12	rs35881119	6177803	0	1.351583e-04	2.082806e-06	1
12	rs35926634	6066686	0	7.860297e-04	1.188858e-05	1
12	rs36007563	6205767	0	3.354691e-04	5.169411e-06	1
12	rs36018751	6667090	0	-2.001481e-04	-3.068994e-06	1
12	rs36045653	6681668	0	-1.399585e-04	-2.151870e-06	1
12	rs36060358	6294588	0	2.994009e-05	4.513393e-07	1
12	rs36205633	6453212	0	-3.426218e-04	-5.253743e-06	1
12	rs368624729	6399346	0	1.481454e-04	2.282429e-06	1
12	rs371329394	6399373	0	1.026846e-05	1.589202e-07	1
12	rs3741906	6105143	0	3.565406e-04	5.451472e-06	1
12	rs3741917	6644139	0	-1.398030e-05	-2.151357e-07	1
12	rs3741918	6644256	0	2.233291e-04	3.359290e-06	1
12	rs3741924	6729956	0	-8.511862e-05	-1.312173e-06	1
12	rs374720415	6209611	0	1.097808e-04	1.678228e-06	1
12	rs3759320	6062853	0	2.081433e-04	3.083741e-06	1
12	rs3759321	6062878	0	8.972359e-04	1.338776e-05	1
12	rs3759323	6485436	0	6.362558e-04	9.665684e-06	1
12	rs3759324	6485661	0	1.908535e-04	2.851645e-06	1
12	rs3759329	6490925	0	1.434219e-03	2.185779e-05	1
12	rs3759330	6490968	0	1.277448e-03	1.936028e-05	1
12	rs3759331	6491012	0	1.362475e-03	2.072258e-05	1
12	rs3759333	6491947	0	3.776855e-04	5.665638e-06	1
12	rs3759334	6492008	0	4.082988e-04	6.126783e-06	1
12	rs3759339	6551509	0	-6.251230e-04	-9.388815e-06	1
12	rs3759341	6552154	0	-7.296440e-04	-1.092903e-05	1
12	rs3759343	6833104	0	4.591677e-05	6.999816e-07	1
12	rs3759344	6862646	0	5.366389e-04	8.163440e-06	1
12	rs3759345	6862678	0	3.025643e-04	4.577042e-06	1
12	rs3782711	6183181	0	4.864651e-04	7.308980e-06	1
12	rs3782715	6196825	0	3.756269e-04	5.701790e-06	1
12	rs3782724	6466081	0	1.147312e-04	1.738191e-06	1
12	rs3782726	6469671	0	3.032191e-04	4.497963e-06	1
12	rs3782729	6563399	0	-1.233713e-04	-1.861135e-06	1
12	rs3803130	6756240	0	3.703895e-04	5.681967e-06	1
12	rs3809241	6056450	0	-1.179258e-04	-1.773439e-06	1
12	rs3809242	6056492	0	-1.179258e-04	-1.773438e-06	1
12	rs3809244	6772875	0	2.554765e-04	3.917366e-06	1
12	rs3809245	6773601	0	2.155413e-04	3.305586e-06	1
12	rs3815408	6838156	0	-3.431909e-04	-5.138795e-06	1
12	rs3819537	6193096	0	-5.100433e-04	-7.637990e-06	1
12	rs3819538	6192886	0	-5.100433e-04	-7.637990e-06	1
12	rs3819540	6085445	0	3.565406e-04	5.451472e-06	1
12	rs3825334	6434349	0	-6.689968e-05	-9.909774e-07	1
12	rs41318752	6492330	0	-3.970136e-04	-6.027757e-06	1
12	rs41320652	6092779	0	3.565406e-04	5.451472e-06	1
12	rs41334949	6644958	0	-1.870664e-04	-2.871883e-06	1
12	rs41388848	6208618	0	3.436824e-04	5.262217e-06	1
12	rs4149570	6451590	0	-1.316823e-03	-2.001306e-05	1
12	rs4149572	6449743	0	4.241016e-04	6.533374e-06	1
12	rs4149573	6449384	0	-8.748076e-04	-1.350774e-05	1
12	rs4149575	6449210	0	-8.748076e-04	-1.350774e-05	1
12	rs4285931	6487161	0	1.386533e-03	2.123879e-05	1
12	rs4301834	6500843	0	5.885652e-04	8.862401e-06	1
12	rs4351870	6293271	0	2.994009e-05	4.513397e-07	1
12	rs4375488	6293479	0	2.994009e-05	4.513399e-07	1
12	rs4376959	6741816	0	-3.640757e-04	-5.564674e-06	1
12	rs4408361	6202543	0	5.658235e-04	8.658624e-06	1
12	rs4417358	6293155	0	-5.447767e-04	-8.146724e-06	1
12	rs4421798	6293163	0	2.994009e-05	4.513405e-07	1
12	rs4469949	6545611	0	2.434308e-06	3.375764e-08	1
12	rs4491293	6195308	0	3.756269e-04	5.701790e-06	1
12	rs4491294	6467122	0	3.334614e-05	5.047680e-07	1
12	rs4573747	6290630	0	-1.323483e-04	-1.971603e-06	1
12	rs4575330	6585311	0	4.901406e-04	7.310465e-06	1
12	rs4764482	6169733	0	-2.264597e-04	-3.356285e-06	1
12	rs4764483	6178285	0	2.734357e-04	4.102957e-06	1
12	rs4764485	6319837	0	3.600057e-04	5.341785e-06	1
12	rs4764490	6378297	0	1.005257e-03	1.519246e-05	1
12	rs4764496	6408422	0	3.359310e-05	5.149394e-07	1
12	rs4764497	6428116	0	-7.085697e-06	-1.045251e-07	1
12	rs4764501	6599665	0	-1.127293e-04	-1.674064e-06	1
12	rs4764512	6842350	0	7.531501e-05	1.132466e-06	1
12	rs4764516	6791348	0	-7.725512e-05	-1.175570e-06	1
12	rs4764534	6186807	0	1.055396e-03	1.636796e-05	1
12	rs4764535	6187232	0	1.126018e-03	1.748557e-05	1
12	rs4764538	6248983	0	2.145724e-04	3.271489e-06	1
12	rs4764539	6261916	0	-3.047278e-04	-4.701766e-06	1
12	rs4764547	6378212	0	-2.782270e-05	-4.247494e-07	1
12	rs4764548	6379534	0	7.421476e-04	1.112585e-05	1
12	rs4764551	6386336	0	1.114816e-04	1.690937e-06	1
12	rs4764552	6386518	0	1.114816e-04	1.690937e-06	1
12	rs4764553	6391485	0	5.622960e-04	8.454152e-06	1
12	rs4764559	6398836	0	3.822477e-04	5.728816e-06	1
12	rs4764560	6398994	0	3.822477e-04	5.728816e-06	1
12	rs4764562	6408907	0	3.792917e-04	5.635404e-06	1
12	rs4764566	6413400	0	-5.698543e-04	-8.701960e-06	1
12	rs4764568	6415423	0	-1.411395e-03	-2.190138e-05	1
12	rs4764569	6415426	0	-1.002612e-03	-1.522825e-05	1
12	rs4764570	6415696	0	-1.411395e-03	-2.190138e-05	1
12	rs4764571	6415769	0	-1.665173e-03	-2.612149e-05	1
12	rs4764589	6532282	0	1.826871e-04	2.706098e-06	1
12	rs4764590	6532350	0	1.826871e-04	2.706097e-06	1
12	rs4764591	6532456	0	1.316473e-03	2.000382e-05	1
12	rs4764600	6601980	0	-1.127293e-04	-1.674064e-06	1
12	rs4764601	6611078	0	-1.665153e-04	-2.474846e-06	1
12	rs4764602	6611719	0	-5.919858e-04	-8.853810e-06	1
12	rs4764603	6616223	0	-9.196720e-04	-1.393258e-05	1
12	rs4764604	6623382	0	-5.431502e-05	-8.037313e-07	1
12	rs4764605	6623389	0	-6.586682e-04	-9.893151e-06	1
12	rs4764615	6766197	0	2.431178e-04	3.678592e-06	1
12	rs4764616	6764831	0	3.703895e-04	5.681968e-06	1
12	rs4764617	6764492	0	1.940235e-04	2.975010e-06	1
12	rs4764618	6764358	0	3.485069e-04	5.276715e-06	1
12	rs4764619	6763982	0	1.940235e-04	2.975010e-06	1
12	rs4963512	6942823	0	3.676358e-04	5.450501e-06	1
12	rs499648	6144164	0	6.839682e-04	1.053097e-05	1
12	rs526861	6096673	0	-1.021364e-03	-1.550951e-05	1
12	rs526881	6096676	0	-6.648229e-04	-1.008171e-05	1
12	rs541011	6095807	0	-3.629945e-04	-5.488466e-06	1
12	rs542993	6120431	0	2.668634e-03	4.403712e-05	1
12	rs55633676	6194991	0	3.771107e-04	5.718494e-06	1
12	rs55692509	6206086	0	-5.936200e-05	-9.115370e-07	1
12	rs55867239	6092442	0	-9.904716e-04	-1.528669e-05	1
12	rs55890082	6505108	0	-7.962271e-05	-1.222167e-06	1
12	rs55907031	6181635	0	3.799471e-04	5.777392e-06	1
12	rs55915959	6540525	0	-4.492964e-04	-6.919534e-06	1
12	rs55944427	6745315	0	-1.718798e-05	-2.619508e-07	1
12	rs55990247	6505274	0	-7.962271e-05	-1.222167e-06	1
12	rs55997530	6832096	0	4.296141e-04	6.505346e-06	1
12	rs55999991	6113339	0	-7.918828e-04	-1.210210e-05	1
12	rs56008400	6112574	0	-7.918828e-04	-1.210210e-05	1
12	rs56020046	6504547	0	-7.962271e-05	-1.222167e-06	1
12	rs56048315	6136476	0	-6.623154e-04	-1.003227e-05	1
12	rs56077657	6201708	0	4.481922e-04	6.849721e-06	1
12	rs56109131	6541449	0	-5.487420e-04	-8.473280e-06	1
12	rs56145803	6194769	0	3.755118e-04	5.701041e-06	1
12	rs56225418	6202604	0	5.658235e-04	8.658624e-06	1
12	rs56253327	6170690	0	-6.128364e-04	-9.296998e-06	1
12	rs56265629	6386774	0	-3.579260e-04	-5.512849e-06	1
12	rs56311842	6126413	0	-1.202069e-04	-1.851878e-06	1
12	rs56344853	6202244	0	5.658235e-04	8.658624e-06	1
12	rs56353418	6372381	0	3.787229e-05	5.758125e-07	1
12	rs56366473	6374276	0	1.997314e-04	3.061237e-06	1
12	rs56769453	6060231	0	1.317386e-05	1.939503e-07	1
12	rs56888996	6461229	0	-1.893372e-04	-2.887391e-06	1
12	rs56983450	6491629	0	1.422174e-04	2.172552e-06	1
12	rs57040304	6062894	0	4.527738e-04	6.932656e-06	1
12	rs57107190	6654425	0	4.528583e-04	6.976540e-06	1
12	rs57367146	6841624	0	-6.975757e-05	-1.061969e-06	1
12	rs57378434	6060168	0	1.317386e-05	1.939501e-07	1
12	rs5742912	6458350	0	-3.477488e-04	-5.356788e-06	1
12	rs57523168	6155344	0	-5.340981e-04	-8.230311e-06	1
12	rs57661704	6060062	0	1.317386e-05	1.939499e-07	1
12	rs57666371	6200139	0	5.658235e-04	8.658624e-06	1
12	rs57826129	6540496	0	-5.487420e-04	-8.473280e-06	1
12	rs58070073	6402764	0	-1.455220e-04	-2.230430e-06	1
12	rs58111746	6505358	0	-7.962271e-05	-1.222167e-06	1
12	rs58277046	6541601	0	-5.487420e-04	-8.473280e-06	1
12	rs58347998	6540085	0	-5.487420e-04	-8.473280e-06	1
12	rs58661350	6365392	0	-2.817545e-04	-4.310501e-06	1
12	rs58661986	6396144	0	-1.779874e-04	-2.738624e-06	1
12	rs58665179	6393101	0	7.402834e-04	1.120068e-05	1
12	rs58834607	6508115	0	-2.040100e-04	-3.131470e-06	1
12	rs58854337	6463345	0	-8.284100e-05	-1.267403e-06	1
12	rs58935006	6060342	0	1.317386e-05	1.939497e-07	1
12	rs59226301	6866113	1	9.181042e-05	1.365110e-06	1
12	rs59254690	6469897	0	-2.041514e-04	-3.108037e-06	1
12	rs59336539	6393244	0	7.402834e-04	1.120068e-05	1
12	rs59347851	6860030	0	9.298152e-04	1.422020e-05	1
12	rs59632652	6390920	0	5.217020e-04	7.875060e-06	1
12	rs59818152	6468018	3	4.435246e-05	6.718663e-07	1
12	rs59989335	6210485	0	3.436824e-04	5.262217e-06	1
12	rs60237390	6544139	0	-4.783078e-04	-7.366800e-06	1
12	rs60363967	6541775	0	-5.487420e-04	-8.473280e-06	1
12	rs60427776	6739983	0	4.276004e-05	6.575198e-07	1
12	rs60430553	6111436	0	4.730133e-05	7.267266e-07	1
12	rs60600645	6853107	0	-3.702594e-04	-5.692657e-06	1
12	rs60723559	6081210	0	-2.253148e-04	-3.429020e-06	1
12	rs60831677	6138702	0	-2.381556e-04	-3.635090e-06	1
12	rs60837639	6818262	0	-4.749562e-06	-7.237382e-08	1
12	rs60868681	6405983	0	1.112874e-03	1.695237e-05	1
12	rs60949067	6792824	3	-1.027891e-04	-1.586306e-06	1
12	rs60982029	6079324	0	2.849309e-04	4.325507e-06	1
12	rs61159922	6866260	0	4.085517e-04	6.204409e-06	1
12	rs61311839	6522201	0	2.486907e-04	3.697430e-06	1
12	rs61329073	6505380	0	-7.962271e-05	-1.222167e-06	1
12	rs61516218	6504363	0	-7.962271e-05	-1.222167e-06	1
12	rs61546725	6860515	0	9.298152e-04	1.422020e-05	1
12	rs61602132	6541714	0	-5.487420e-04	-8.473280e-06	1
12	rs61697264	6210279	0	3.436824e-04	5.262217e-06	1
12	rs61704965	6818206	0	1.599918e-04	2.441104e-06	1
12	rs61753197	6604331	0	-2.419607e-04	-3.732799e-06	1
12	rs61908457	6062347	0	-4.879017e-04	-7.388811e-06	1
12	rs61908458	6067496	0	-4.879017e-04	-7.388811e-06	1
12	rs61908661	6165999	0	9.658214e-04	1.503064e-05	1
12	rs61909704	6099846	0	4.396020e-05	6.642876e-07	1
12	rs61916272	6900565	0	-9.693378e-05	-1.440715e-06	1
12	rs61916275	6904790	0	9.471310e-05	1.413024e-06	1
12	rs61918019	6596500	0	-5.688107e-04	-8.591618e-06	1
12	rs61918020	6605514	0	-6.024732e-04	-9.097838e-06	1
12	rs61918022	6614521	0	-6.024732e-04	-9.097838e-06	1
12	rs61918023	6614822	0	-6.024732e-04	-9.097837e-06	1
12	rs61918041	6681868	0	-2.823450e-04	-4.359263e-06	1
12	rs61918194	6378605	1	9.090780e-04	1.394949e-05	1
12	rs61918195	6380065	0	9.398097e-04	1.443000e-05	1
12	rs61918196	6380272	0	9.398097e-04	1.443000e-05	1
12	rs61918197	6385674	0	-1.423520e-04	-2.171836e-06	1
12	rs61918198	6388393	0	8.443534e-04	1.286318e-05	1
12	rs61918200	6392889	0	7.260584e-04	1.103914e-05	1
12	rs61918201	6394883	0	5.277697e-04	7.973210e-06	1
12	rs61918202	6396286	0	4.691133e-04	7.181547e-06	1
12	rs61918203	6396589	0	4.006746e-04	6.072248e-06	1
12	rs61918204	6397940	0	6.656243e-04	1.005982e-05	1
12	rs61918205	6398000	0	3.490023e-04	5.264882e-06	1
12	rs61918244	6403174	0	6.582732e-04	1.000807e-05	1
12	rs61919661	6746443	0	-8.931399e-05	-1.352110e-06	1
12	rs6416323	6766646	0	3.703895e-04	5.681968e-06	1
12	rs6489685	6090538	0	-9.163695e-04	-1.411523e-05	1
12	rs6489686	6090694	0	-9.904716e-04	-1.528668e-05	1
12	rs6489707	6385889	0	-4.426338e-04	-6.611240e-06	1
12	rs6489708	6387053	0	-1.425590e-04	-2.162513e-06	1
12	rs6489709	6405578	0	9.893035e-04	1.489401e-05	1
12	rs6489712	6468440	0	3.334614e-05	5.047667e-07	1
12	rs6489713	6468455	0	3.334614e-05	5.047666e-07	1
12	rs6489717	6600219	0	-1.127293e-04	-1.674063e-06	1
12	rs6489718	6604418	0	-1.665153e-04	-2.474845e-06	1
12	rs6489719	6605383	0	-9.196720e-04	-1.393258e-05	1
12	rs6489720	6615681	0	-9.196720e-04	-1.393258e-05	1
12	rs6489721	6643316	0	-1.824035e-06	-2.613730e-08	1
12	rs6489726	6741987	0	5.680577e-04	8.673161e-06	1
12	rs6489727	6756798	0	3.703895e-04	5.681968e-06	1
12	rs6489728	6756901	0	1.940235e-04	2.975011e-06	1
12	rs6489731	6847102	0	7.531501e-05	1.132465e-06	1
12	rs6489733	6858365	0	9.298152e-04	1.422020e-05	1
12	rs6489734	6872099	0	2.789523e-04	4.134846e-06	1
12	rs6489735	6892826	0	1.040089e-04	1.601631e-06	1
12	rs66461779	6403457	0	5.019918e-04	7.557218e-06	1
12	rs66621175	6965805	0	1.708822e-04	2.526109e-06	1
12	rs66627071	6705380	0	-4.818746e-04	-7.325051e-06	1
12	rs66785003	6140951	0	-5.504575e-04	-8.311438e-06	1
12	rs66879982	6482514	0	9.892178e-05	1.506374e-06	1
12	rs66951403	6836837	0	-5.430922e-04	-8.350219e-06	1
12	rs669667	6144169	0	6.839682e-04	1.053097e-05	1
12	rs67013744	6681786	0	-1.010407e-04	-1.522108e-06	1
12	rs67385163	6864890	0	1.524959e-04	2.272001e-06	1
12	rs67621679	6667422	0	-1.622630e-04	-2.445475e-06	1
12	rs6786	6775967	0	1.807843e-04	2.676492e-06	1
12	rs71181446	6142402	0	-8.724618e-05	-1.333308e-06	1
12	rs7132183	6652494	0	-5.102674e-05	-7.593984e-07	1
12	rs7132298	6652572	0	-5.102674e-05	-7.593983e-07	1
12	rs7132970	6708898	0	-6.269004e-04	-9.540807e-06	1
12	rs7133777	6061947	0	2.838718e-04	4.212819e-06	1
12	rs7134028	6870442	0	2.442741e-04	3.620500e-06	1
12	rs7134136	6609503	0	-5.431502e-05	-8.037303e-07	1
12	rs7135106	6871499	0	3.920868e-04	5.795688e-06	1
12	rs7135645	6296575	0	-9.751117e-05	-1.452954e-06	1
12	rs7135976	6186116	0	1.026548e-04	1.511261e-06	1
12	rs7136058	6825211	0	-3.748197e-05	-5.698495e-07	1
12	rs7137525	6835973	0	-3.431909e-04	-5.138794e-06	1
12	rs7137702	6497259	0	-5.234270e-04	-7.916533e-06	1
12	rs7138427	6836852	0	-1.958195e-04	-2.959007e-06	1
12	rs7138740	6983764	0	6.893151e-04	1.032377e-05	1
12	rs7139025	6296925	0	-1.077274e-04	-1.605097e-06	1
12	rs7139057	6169323	0	-4.823720e-04	-7.304485e-06	1
12	rs71445108	6558207	0	1.666156e-04	2.566257e-06	1
12	rs71445110	6677603	0	3.813602e-04	5.882940e-06	1
12	rs71445120	6699171	0	-3.050692e-04	-4.598253e-06	1
12	rs714774	6619284	0	-9.196720e-04	-1.393258e-05	1
12	rs71579337	6103823	0	9.158606e-08	2.678385e-09	1
12	rs71579349	6635166	0	-1.398030e-05	-2.151363e-07	1
12	rs71582860	6166455	0	-1.800806e-04	-2.745205e-06	1
12	rs71582862	6155751	0	-5.485842e-06	-8.456977e-08	1
12	rs71582893	6153386	0	-5.340981e-04	-8.230310e-06	1
12	rs71582894	6153343	0	-5.340981e-04	-8.230310e-06	1
12	rs71584862	6715422	0	-2.547385e-05	-3.916666e-07	1
12	rs723188	6063905	0	-1.605903e-04	-2.407826e-06	1
12	rs723189	6063959	0	2.838718e-04	4.212818e-06	1
12	rs723190	6063974	0	5.768041e-04	8.866767e-06	1
12	rs72657544	6457798	0	3.510250e-05	5.415354e-07	1
12	rs7294323	6655808	0	8.668956e-05	1.292162e-06	1
12	rs7295049	6987335	0	6.395259e-04	9.582160e-06	1
12	rs7295083	6297056	0	-1.077274e-04	-1.605097e-06	1
12	rs7295359	6531606	0	1.826871e-04	2.706094e-06	1
12	rs7296476	6651496	0	1.578330e-04	2.369302e-06	1
12	rs7296922	6468205	0	3.334614e-05	5.047666e-07	1
12	rs7297283	6651436	0	3.126102e-04	4.691952e-06	1
12	rs7297364	6651441	0	1.977681e-04	2.968700e-06	1
12	rs7297961	6454297	0	-1.220662e-04	-1.874490e-06	1
12	rs7298053	6619054	0	-5.894235e-04	-8.781104e-06	1
12	rs7298232	6757621	0	1.002056e-04	1.528580e-06	1
12	rs7298463	6663964	0	-3.568976e-04	-5.368968e-06	1
12	rs7298566	6088103	0	-9.904716e-04	-1.528668e-05	1
12	rs7298567	6393321	0	7.402834e-04	1.120067e-05	1
12	rs7298568	6170796	0	8.184751e-04	1.253499e-05	1
12	rs7298570	6581482	0	-1.233713e-04	-1.861135e-06	1
12	rs7300092	6607364	0	-6.354216e-04	-9.600473e-06	1
12	rs7300366	6652227	0	9.337104e-05	1.399945e-06	1
12	rs7300389	6109841	0	1.618044e-05	2.498209e-07	1
12	rs7300728	6800509	0	2.903792e-05	4.464131e-07	1
12	rs7301070	6080290	0	7.779448e-04	1.172633e-05	1
12	rs7301197	6615688	0	-1.064100e-04	-1.603553e-06	1
12	rs7301735	6825399	0	-2.835481e-04	-4.356881e-06	1
12	rs7301945	6587668	0	-5.168192e-04	-7.810299e-06	1
12	rs7302308	6414180	0	-5.698543e-04	-8.701958e-06	1
12	rs7302581	6842902	0	-2.027625e-05	-3.015906e-07	1
12	rs7303171	6685605	0	-2.693868e-05	-4.026921e-07	1
12	rs7303399	6708813	0	-4.927643e-04	-7.482254e-06	1
12	rs73036549	6198035	0	-8.623848e-05	-1.324755e-06	1
12	rs7303863	6387686	0	-2.833766e-04	-4.362425e-06	1
12	rs73042327	6577518	0	7.152004e-05	1.099532e-06	1
12	rs73042333	6580443	0	5.154612e-04	7.903405e-06	1
12	rs7304348	6382039	0	1.031259e-03	1.573081e-05	1
12	rs73044250	6624733	0	1.268778e-04	1.952993e-06	1
12	rs73044256	6625285	0	1.805354e-04	2.723210e-06	1
12	rs73044559	6333608	0	7.187310e-05	1.109227e-06	1
12	rs73044588	6362001	0	-1.445458e-04	-2.208755e-06	1
12	rs73044591	6363341	0	-2.167873e-04	-3.329581e-06	1
12	rs7304688	6387628	0	4.343555e-04	6.521415e-06	1
12	rs73047718	6384459	0	-1.779874e-04	-2.738624e-06	1
12	rs73047737	6389532	0	-1.779874e-04	-2.738624e-06	1
12	rs73047755	6396098	0	-1.779874e-04	-2.738624e-06	1
12	rs73047758	6396786	0	-2.833766e-04	-4.362425e-06	1
12	rs73047760	6396924	0	-2.610577e-04	-4.016716e-06	1
12	rs73047761	6397650	0	-2.833766e-04	-4.362425e-06	1
12	rs73047768	6398970	0	-1.779874e-04	-2.738624e-06	1
12	rs73047771	6399013	0	-1.779874e-04	-2.738624e-06	1
12	rs73047772	6399051	0	7.799750e-07	1.282036e-08	1
12	rs73047782	6401664	0	-1.779874e-04	-2.738624e-06	1
12	rs73047787	6403737	0	-1.779874e-04	-2.738624e-06	1
12	rs73047793	6405212	0	-9.350202e-05	-1.436378e-06	1
12	rs73047797	6406771	0	-9.350202e-05	-1.436378e-06	1
12	rs73047798	6406898	0	-9.350202e-05	-1.436378e-06	1
12	rs73047807	6704169	0	-3.123198e-04	-4.738420e-06	1
12	rs73047897	6748460	0	-3.842841e-05	-5.862360e-07	1
12	rs73047899	6757704	0	-1.932245e-06	-2.998768e-08	1
12	rs73048428	6469366	0	-4.489082e-04	-6.895486e-06	1
12	rs73049715	6811433	0	-2.963218e-06	-4.583019e-08	1
12	rs73049722	6826873	0	6.047624e-04	9.222362e-06	1
12	rs73049726	6830071	0	-2.294198e-04	-3.524411e-06	1
12	rs73049904	6407807	0	-9.350202e-05	-1.436378e-06	1
12	rs73049912	6410462	0	-2.451029e-05	-3.760096e-07	1
12	rs73049916	6413279	0	-1.939999e-05	-2.970498e-07	1
12	rs73051250	6108690	0	-7.254983e-04	-1.107936e-05	1
12	rs73051647	6835160	0	1.673771e-05	2.540058e-07	1
12	rs73051663	6849710	0	-2.770380e-04	-4.196579e-06	1
12	rs73051673	6853202	0	4.857936e-04	7.456146e-06	1
12	rs7305251	6706481	0	-1.668972e-04	-2.506419e-06	1
12	rs7305330	6849879	0	-2.210468e-04	-3.348536e-06	1
12	rs73053728	6896546	0	-3.480932e-04	-5.210067e-06	1
12	rs73053739	6903942	3	8.361352e-05	1.271027e-06	1
12	rs7305381	6612765	0	-1.821707e-04	-2.751943e-06	1
12	rs7305483	6565177	0	-1.233713e-04	-1.861135e-06	1
12	rs7305522	6160481	2	-1.970135e-04	-3.013982e-06	1
12	rs7305540	6390213	0	5.962514e-04	9.013926e-06	1
12	rs7306851	6296328	0	-9.751117e-05	-1.452952e-06	1
12	rs7307010	6525518	0	-2.934118e-04	-4.363458e-06	1
12	rs7307709	6689209	0	-4.567883e-05	-6.845490e-07	1
12	rs7307881	6600773	0	-1.127293e-04	-1.674062e-06	1
12	rs7308584	6706744	0	-3.473416e-04	-5.221209e-06	1
12	rs7308876	6294751	0	-3.232279e-04	-4.804343e-06	1
12	rs7309207	6689685	0	-4.818746e-04	-7.325048e-06	1
12	rs7309414	6618871	0	-2.020012e-04	-3.049536e-06	1
12	rs7310211	6607018	0	-5.919858e-04	-8.853805e-06	1
12	rs7310452	6607168	0	4.853563e-05	7.273617e-07	1
12	rs7311174	6635567	0	-7.678299e-04	-1.157851e-05	1
12	rs7311397	6689805	0	-2.693868e-05	-4.026904e-07	1
12	rs7311453	6409367	0	3.920579e-04	5.825161e-06	1
12	rs7311708	6537207	0	4.051590e-05	6.212874e-07	1
12	rs7312492	6549751	0	-5.423628e-04	-8.097493e-06	1
12	rs7312746	6170951	0	7.963628e-04	1.225774e-05	1
12	rs7313534	6413966	0	-5.504543e-04	-8.433762e-06	1
12	rs7314721	6605656	0	-1.665153e-04	-2.474843e-06	1
12	rs7315234	6584988	0	2.800673e-04	4.174838e-06	1
12	rs7315789	6389976	0	6.116476e-04	9.213362e-06	1
12	rs7315856	6733496	0	1.762648e-04	2.707385e-06	1
12	rs7315926	6842669	0	1.481669e-04	2.211636e-06	1
12	rs7316224	6638666	0	-1.503717e-04	-2.234874e-06	1
12	rs7316558	6632969	0	-2.020012e-04	-3.049537e-06	1
12	rs7316626	6691452	0	-2.693868e-05	-4.026903e-07	1
12	rs73254608	6294494	0	2.994009e-05	4.513451e-07	1
12	rs73256772	6378970	0	1.194663e-03	1.846380e-05	1
12	rs73257105	6615152	0	-1.256850e-04	-1.933413e-06	1
12	rs73259203	6398202	0	3.490023e-04	5.264878e-06	1
12	rs73261482	6467693	0	6.041227e-05	9.158583e-07	1
12	rs73263039	6142348	0	-5.290850e-04	-7.978027e-06	1
12	rs73264831	6695585	0	-1.316059e-04	-1.983691e-06	1
12	rs73264846	6717258	0	-7.417870e-04	-1.131511e-05	1
12	rs73266841	6196582	0	3.756269e-04	5.701791e-06	1
12	rs73266906	6784099	0	2.331258e-04	3.551454e-06	1
12	rs73266929	6805206	0	-1.131369e-04	-1.719695e-06	1
12	rs73267361	6545511	0	1.485863e-04	2.275389e-06	1
12	rs73267369	6547560	0	1.485863e-04	2.275389e-06	1
12	rs73267395	6555941	0	5.854966e-06	9.111100e-08	1
12	rs73270777	6294341	0	3.181326e-04	4.884997e-06	1
12	rs733593	6636392	0	-1.488035e-04	-2.289830e-06	1
12	rs7342306	6291093	0	-5.695599e-05	-8.450993e-07	1
12	rs7342382	6631623	0	-7.678299e-04	-1.157851e-05	1
12	rs7358654	6620602	0	-8.074717e-04	-1.219607e-05	1
12	rs7358768	6620495	0	-6.488383e-04	-9.745015e-06	1
12	rs7390	6571699	0	2.074517e-04	3.074978e-06	1
12	rs7397940	6771877	0	2.155413e-04	3.305588e-06	1
12	rs74056802	6152106	0	-5.340981e-04	-8.230310e-06	1
12	rs74056906	6504908	0	-7.962271e-05	-1.222168e-06	1
12	rs74056926	6542167	0	-5.487420e-04	-8.473280e-06	1
12	rs74056928	6542195	0	-5.487420e-04	-8.473280e-06	1
12	rs74058504	6152279	0	-5.340981e-04	-8.230310e-06	1
12	rs74058506	6152655	0	-5.340981e-04	-8.230310e-06	1
12	rs74058508	6152854	0	-5.340981e-04	-8.230310e-06	1
12	rs74058509	6152899	0	-5.340981e-04	-8.230310e-06	1
12	rs74058514	6154079	0	-5.340981e-04	-8.230310e-06	1
12	rs740842	6421495	0	-1.653175e-04	-2.444555e-06	1
12	rs740850	6638116	0	-1.503717e-04	-2.234873e-06	1
12	rs740851	6638350	0	-5.616754e-04	-8.360540e-06	1
12	rs743600	6906319	0	3.218396e-04	4.808970e-06	1
12	rs74390085	6663653	0	-2.547385e-05	-3.916669e-07	1
12	rs74467767	6067999	0	5.768041e-04	8.866767e-06	1
12	rs74479547	6388101	0	8.734515e-04	1.331880e-05	1
12	rs74576183	6614181	0	-1.398030e-05	-2.151366e-07	1
12	rs74592542	6294509	0	2.994009e-05	4.513459e-07	1
12	rs74622104	6809476	0	4.182997e-04	6.395107e-06	1
12	rs7487291	6871203	0	2.442741e-04	3.620501e-06	1
12	rs7488113	6880474	0	8.960320e-05	1.381504e-06	1
12	rs74927907	6150901	0	-5.340981e-04	-8.230310e-06	1
12	rs74933262	6368405	0	-2.459102e-04	-3.774544e-06	1
12	rs74935314	6681863	0	-2.547385e-05	-3.916669e-07	1
12	rs74956629	6578755	0	-6.309662e-05	-9.734999e-07	1
12	rs74980505	6093199	0	3.565406e-04	5.451470e-06	1
12	rs75013138	6850356	0	-2.945289e-04	-4.537349e-06	1
12	rs75016164	6555902	0	5.854966e-06	9.111101e-08	1
12	rs75210579	6852905	0	-2.313912e-04	-3.555579e-06	1
12	rs75249435	6348926	0	2.999062e-04	4.628911e-06	1
12	rs75341139	6410084	0	5.773274e-05	8.782185e-07	1
12	rs75350542	6404780	0	1.520666e-04	2.346577e-06	1
12	rs75448266	6798632	0	-1.822661e-04	-2.785970e-06	1
12	rs75505364	6068424	0	5.010756e-04	7.709362e-06	1
12	rs75543974	6296711	0	1.844045e-04	2.829857e-06	1
12	rs75834380	6211088	0	3.436824e-04	5.262217e-06	1
12	rs758739	6626369	0	-6.556296e-04	-9.861976e-06	1
12	rs75938527	6838054	0	7.517515e-05	1.143603e-06	1
12	rs76097931	6068244	0	5.768041e-04	8.866767e-06	1
12	rs76126701	6771415	0	-1.348796e-04	-2.076211e-06	1
12	rs76300794	6204438	0	3.055200e-04	4.680765e-06	1
12	rs76327967	6760367	0	1.912503e-04	2.930854e-06	1
12	rs76350379	6250284	0	-1.319412e-04	-2.016989e-06	1
12	rs763580	6193537	0	-5.100433e-04	-7.637990e-06	1
12	rs763581	6193713	0	2.882007e-04	4.406001e-06	1
12	rs76725690	6584679	0	1.926896e-04	2.863916e-06	1
12	rs76838327	6146586	0	3.594995e-05	5.462316e-07	1
12	rs76867478	6280805	0	-1.766472e-04	-2.722877e-06	1
12	rs76894370	6549836	0	-1.125479e-04	-1.721473e-06	1
12	rs77025001	6542594	0	-5.157936e-04	-7.972818e-06	1
12	rs77217438	6383226	0	4.370979e-04	6.632095e-06	1
12	rs77314776	6416901	0	-2.352332e-04	-3.617538e-06	1
12	rs77344012	6081589	0	-3.384406e-05	-5.224472e-07	1
12	rs77400802	6802773	0	2.623144e-04	4.030834e-06	1
12	rs77517678	6397436	0	-2.833766e-04	-4.362425e-06	1
12	rs77536808	6203456	0	3.642786e-04	5.586117e-06	1
12	rs77647458	6668956	0	2.706524e-04	4.172977e-06	1
12	rs77680222	6142359	0	-5.290850e-04	-7.978027e-06	1
12	rs77826268	6393613	0	4.553423e-04	6.869810e-06	1
12	rs77843719	6690653	0	1.330485e-04	2.038506e-06	1
12	rs77985929	6613169	0	-1.256850e-04	-1.933413e-06	1
12	rs78028117	6616323	0	-6.309662e-05	-9.734999e-07	1
12	rs78040476	6723164	0	-2.547385e-05	-3.916669e-07	1
12	rs78187632	6675870	0	7.120584e-04	1.103679e-05	1
12	rs78194930	6772487	0	2.523263e-04	3.875379e-06	1
12	rs78230818	6390397	0	2.738483e-04	4.210306e-06	1
12	rs78245005	6066539	0	5.768041e-04	8.866767e-06	1
12	rs78299246	6581534	0	-6.309662e-05	-9.734999e-07	1
12	rs78301473	6196585	0	2.833949e-04	4.298379e-06	1
12	rs78312001	6744996	0	-2.976558e-04	-4.579656e-06	1
12	rs78324597	6735485	0	-4.646943e-04	-7.164082e-06	1
12	rs78325233	6208682	0	3.436824e-04	5.262217e-06	1
12	rs78425964	6745554	0	-2.100804e-04	-3.226544e-06	1
12	rs78487989	6408626	0	1.631219e-04	2.482088e-06	1
12	rs78494381	6368172	0	2.999062e-04	4.628911e-06	1
12	rs78534388	6836979	0	-2.129878e-04	-3.277938e-06	1
12	rs78619211	6724600	0	-2.547385e-05	-3.916669e-07	1
12	rs78738496	6836105	0	-2.129878e-04	-3.277938e-06	1
12	rs78742502	6712759	0	-6.269004e-04	-9.540803e-06	1
12	rs78808695	6698012	0	-2.547385e-05	-3.916669e-07	1
12	rs78818158	6066132	0	5.768041e-04	8.866767e-06	1
12	rs78882213	6751102	0	-1.405831e-04	-2.162224e-06	1
12	rs78915411	6170645	0	-1.800806e-04	-2.745205e-06	1
12	rs79050548	6555456	0	-2.719215e-05	-4.182476e-07	1
12	rs79056447	6706212	0	-1.399585e-04	-2.151871e-06	1
12	rs79071309	6086172	0	3.565406e-04	5.451470e-06	1
12	rs79160386	6637752	0	5.033914e-05	7.752944e-07	1
12	rs79353437	6420678	0	-3.102558e-04	-4.705727e-06	1
12	rs7952791	6595953	0	-5.410639e-05	-8.145668e-07	1
12	rs7952802	6293579	0	2.994009e-05	4.513464e-07	1
12	rs7953373	6059565	0	5.010756e-04	7.709362e-06	1
12	rs7953404	6496122	0	-2.148471e-04	-3.297579e-06	1
12	rs7953855	6803856	0	2.623144e-04	4.030834e-06	1
12	rs7954276	6608778	0	4.853563e-05	7.273645e-07	1
12	rs7954585	6752145	0	-1.405831e-04	-2.162224e-06	1
12	rs7954855	6235023	0	-2.314211e-04	-3.432407e-06	1
12	rs79549467	6477813	0	7.289723e-04	1.124788e-05	1
12	rs7955205	6425927	0	-2.167454e-05	-3.220665e-07	1
12	rs7955645	6603917	0	4.853563e-05	7.273649e-07	1
12	rs7956269	6056124	0	4.810001e-04	7.385430e-06	1
12	rs7956804	6898460	0	-2.204084e-04	-3.323474e-06	1
12	rs7957162	6466741	0	1.045150e-04	1.582543e-06	1
12	rs7957672	6203674	0	3.055200e-04	4.680765e-06	1
12	rs7957779	6298784	0	-4.337030e-04	-6.482901e-06	1
12	rs7958431	6404079	0	-5.672539e-05	-8.600236e-07	1
12	rs7958488	6546166	0	-4.483712e-04	-6.922123e-06	1
12	rs7958883	6062983	0	2.838718e-04	4.212815e-06	1
12	rs7959658	6754191	0	4.456595e-04	6.662559e-06	1
12	rs7960314	6057135	0	4.810001e-04	7.385430e-06	1
12	rs7960642	6297589	0	-1.077274e-04	-1.605093e-06	1
12	rs7960757	6605105	0	4.853563e-05	7.273652e-07	1
12	rs7960813	6756734	0	3.703895e-04	5.681969e-06	1
12	rs7961278	6605541	0	4.853563e-05	7.273655e-07	1
12	rs7961280	6528069	0	-2.934118e-04	-4.363461e-06	1
12	rs7961290	6204382	0	3.055200e-04	4.680765e-06	1
12	rs7961844	6226976	0	-6.723885e-04	-1.002011e-05	1
12	rs7961998	6061341	0	5.010756e-04	7.709361e-06	1
12	rs7962217	6061559	0	5.010756e-04	7.709361e-06	1
12	rs7962792	6851912	0	-2.805016e-04	-4.258230e-06	1
12	rs7963228	6476892	0	-1.081740e-03	-1.636523e-05	1
12	rs7963244	6057076	0	4.810001e-04	7.385430e-06	1
12	rs7963440	6852345	0	-2.820167e-04	-4.280161e-06	1
12	rs7963759	6602492	0	1.487316e-05	2.259675e-07	1
12	rs7963944	6385925	0	-3.256163e-04	-4.886623e-06	1
12	rs7964013	6200602	0	5.658235e-04	8.658624e-06	1
12	rs7964163	6481170	0	9.892178e-05	1.506374e-06	1
12	rs7964213	6764499	0	1.912503e-04	2.930854e-06	1
12	rs7964250	6346387	0	-5.559184e-05	-8.251757e-07	1
12	rs7964366	6346478	0	-5.304369e-04	-7.891773e-06	1
12	rs7964424	6297780	0	-1.077274e-04	-1.605093e-06	1
12	rs7964510	6787622	0	2.425219e-04	3.703233e-06	1
12	rs7964858	6386002	0	2.946244e-05	4.489780e-07	1
12	rs7965754	6205085	0	3.055200e-04	4.680765e-06	1
12	rs7965760	6205104	0	3.055200e-04	4.680765e-06	1
12	rs7965859	6498776	0	-2.148471e-04	-3.297579e-06	1
12	rs7965865	6848404	0	-4.572453e-04	-6.929989e-06	1
12	rs7965883	6695787	0	-1.668972e-04	-2.506416e-06	1
12	rs7966029	6895561	0	-6.519081e-04	-9.785064e-06	1
12	rs7966328	6895790	0	-2.468215e-04	-3.682622e-06	1
12	rs7966700	6602513	0	1.487316e-05	2.259677e-07	1
12	rs7966779	6594642	0	-2.020012e-04	-3.049537e-06	1
12	rs7967329	6611955	0	-1.398030e-05	-2.151366e-07	1
12	rs79676955	6331208	0	1.359916e-04	2.083554e-06	1
12	rs79682518	6763641	0	2.523263e-04	3.875379e-06	1
12	rs7968888	6059719	0	1.317386e-05	1.939468e-07	1
12	rs7969177	6712980	0	-5.489817e-04	-8.344935e-06	1
12	rs7969548	6425805	0	2.697183e-06	3.954686e-08	1
12	rs7969672	6063165	0	-2.363187e-04	-3.549845e-06	1
12	rs7969956	6859191	0	7.848825e-04	1.194399e-05	1
12	rs7970260	6549061	0	-6.018733e-04	-8.987934e-06	1
12	rs7970575	6858971	0	7.848825e-04	1.194399e-05	1
12	rs79706212	6833463	0	2.379852e-04	3.655990e-06	1
12	rs7970924	6207678	0	3.436824e-04	5.262217e-06	1
12	rs7971237	6604076	0	-9.196720e-04	-1.393257e-05	1
12	rs7971637	6643329	0	-5.824162e-05	-8.742176e-07	1
12	rs79721088	6706130	0	-1.399585e-04	-2.151871e-06	1
12	rs7972292	6466371	0	1.045150e-04	1.582543e-06	1
12	rs7972503	6409034	0	3.792917e-04	5.635400e-06	1
12	rs7972647	6490743	0	1.133388e-03	1.708305e-05	1
12	rs7972942	6476591	0	-1.186541e-03	-1.803326e-05	1
12	rs7973122	6405818	0	2.575343e-04	3.915663e-06	1
12	rs7973914	6476723	0	-1.081740e-03	-1.636523e-05	1
12	rs7974020	6697842	0	-1.668972e-04	-2.506416e-06	1
12	rs7975184	6627889	0	-6.556296e-04	-9.861974e-06	1
12	rs7975360	6605155	0	-2.975925e-04	-4.497122e-06	1
12	rs7975944	6848634	0	-2.179524e-04	-3.303425e-06	1
12	rs7976222	6203972	0	3.055200e-04	4.680765e-06	1
12	rs7976498	6602433	0	1.487316e-05	2.259684e-07	1
12	rs7976591	6602468	0	1.487316e-05	2.259687e-07	1
12	rs7976678	6537544	0	1.600285e-04	2.375397e-06	1
12	rs7976939	6848710	0	-5.262146e-04	-7.983168e-06	1
12	rs7976955	6057977	0	1.194409e-04	1.797743e-06	1
12	rs7977329	6550091	0	-6.018733e-04	-8.987935e-06	1
12	rs7977602	6498734	0	1.103194e-03	1.669282e-05	1
12	rs7978461	6605205	0	-5.868860e-04	-8.770125e-06	1
12	rs7978597	6628148	0	-2.071011e-04	-3.119973e-06	1
12	rs7978603	6598073	0	-2.020012e-04	-3.049536e-06	1
12	rs7979025	6297599	0	-1.077274e-04	-1.605093e-06	1
12	rs7979509	6585707	0	-2.131027e-04	-3.200042e-06	1
12	rs7979695	6987871	5	9.981991e-04	1.504796e-05	1
12	rs7980045	6204615	0	3.055200e-04	4.680765e-06	1
12	rs7980637	6779223	0	-1.171903e-04	-1.782205e-06	1
12	rs7980753	6207711	0	4.503325e-05	6.881675e-07	1
12	rs7980758	6207733	0	2.585691e-04	3.954469e-06	1
12	rs7980991	6545417	0	1.195631e-03	1.825242e-05	1
12	rs79865993	6663375	0	-2.547385e-05	-3.916669e-07	1
12	rs79879554	6164138	0	-3.492251e-04	-5.336037e-06	1
12	rs80106965	6807536	0	4.256297e-05	6.533555e-07	1
12	rs80122922	6199754	0	6.005017e-04	9.197401e-06	1
12	rs80336293	6142205	0	-4.614305e-04	-7.108156e-06	1
12	rs8181686	6531951	0	1.464938e-04	2.169690e-06	1
12	rs870849	6887020	0	-2.495818e-04	-3.696641e-06	1
12	rs871365	6839453	0	2.744508e-04	4.094670e-06	1
12	rs871366	6839388	0	7.517515e-05	1.143603e-06	1
12	rs879605	6486656	0	6.199776e-04	9.390511e-06	1
12	rs887473	6292773	0	2.994009e-05	4.513481e-07	1
12	rs887474	6292712	0	-4.868986e-05	-7.219384e-07	1
12	rs887475	6292691	0	-3.485719e-04	-5.201283e-06	1
12	rs887476	6292575	0	2.994009e-05	4.513489e-07	1
12	rs887479	6416760	0	-1.120156e-03	-1.707892e-05	1
12	rs917633	6611964	0	-9.196720e-04	-1.393257e-05	1
12	rs917634	6631169	0	-1.095740e-04	-1.609489e-06	1
12	rs917858	6081938	0	9.106372e-04	1.377980e-05	1
12	rs917859	6082113	0	8.383081e-04	1.265663e-05	1
12	rs933408	6058736	0	1.209560e-04	1.820586e-06	1
12	rs9478	6840688	0	6.087613e-05	9.233504e-07	1
12	rs951818	6896055	0	-4.002592e-04	-5.976944e-06	1
12	rs9634157	6648198	0	-5.411911e-05	-8.072981e-07	1
12	rs9645765	6116457	0	2.733774e-04	4.176842e-06	1
12	rs9668139	6504098	0	2.343563e-04	3.510260e-06	1
12	rs9669272	6756877	0	1.002056e-04	1.528580e-06	1
12	rs9669611	6503786	0	1.058688e-04	1.585219e-06	1
12	rs9706048	6625333	0	-6.150966e-04	-9.227699e-06	1
12	rs9737890	6990453	0	1.254095e-03	1.902232e-05	1
12	rs9788053	6624435	0	9.899316e-05	1.478443e-06	1
12	rs9788151	6624139	0	-5.431502e-05	-8.037230e-07	1
12	rs9795852	6398374	0	3.490023e-04	5.264876e-06	1
12	rs980130	6169027	0	4.267874e-04	6.382213e-06	1
12	rs980131	6169198	0	4.311732e-04	6.420723e-06	1
12	rs980132	6169219	0	8.393924e-04	1.294899e-05	1
12	rs980133	6169443	0	4.311732e-04	6.420723e-06	1
12	rs980134	6169522	0	8.184751e-04	1.253499e-05	1
12	rs984337	6383525	0	-2.822203e-04	-4.200198e-06	1
12	rs9888313	6683011	0	-2.409992e-04	-3.622670e-06	1
12	rs9888358	6244744	0	-7.699308e-04	-1.154500e-05	1
12	rs9989051	6177679	0	3.799471e-04	5.777390e-06	1
12	rs998908	6291892	0	2.994009e-05	4.513494e-07	1
