chr	rs	ps	n_miss	b	beta	gamma
16	rs10083738	29927702	0	1.770116e-05	2.176712e-06	1
16	rs10204	29826538	0	-7.685307e-04	-1.440368e-04	1
16	rs1036696	30682376	0	-4.160744e-04	-1.087244e-04	1
16	rs10438639	31267698	0	1.097905e-03	1.769427e-04	1
16	rs10445105	29999488	0	8.475026e-05	1.801766e-05	1
16	rs1045968	29826365	0	7.687173e-05	1.417655e-05	1
16	rs1046276	30914626	0	3.485817e-04	4.544978e-05	1
16	rs1050881	29675928	0	-9.659034e-06	-2.108260e-06	1
16	rs1052352	31195279	0	8.340970e-04	1.162553e-04	1
16	rs1057451	29833488	0	7.685307e-04	1.440368e-04	1
16	rs1057452	29833714	0	-2.849200e-05	-5.276372e-06	1
16	rs1060506	31133449	0	-5.422633e-04	-7.581631e-05	1
16	rs1064524	30492823	0	-5.001450e-04	-1.177116e-04	1
16	rs10782001	30942625	0	-5.772595e-04	-7.472025e-05	1
16	rs10782002	30946506	0	-3.931089e-04	-5.001440e-05	1
16	rs10871449	29652488	0	-8.521737e-06	-1.005520e-06	1
16	rs10871451	29986205	0	1.094918e-03	1.604356e-04	1
16	rs10871453	30536918	0	7.234184e-04	1.021351e-04	1
16	rs10871454	31048079	0	-3.059992e-04	-4.189871e-05	1
16	rs10871481	29284112	0	-2.427357e-04	-3.327171e-05	1
16	rs11076	30995528	0	-5.772595e-04	-7.472024e-05	1
16	rs1108431	31054607	0	-7.609895e-05	-9.831909e-06	1
16	rs111230245	30478891	0	4.295647e-04	7.762741e-05	1
16	rs111265045	30373233	0	-6.717635e-05	-1.044619e-05	1
16	rs111400675	30829764	0	-2.525223e-04	-3.124908e-05	1
16	rs11150561	29644794	0	2.476800e-04	3.246357e-05	1
16	rs11150563	29662903	0	-2.210727e-04	-2.720338e-05	1
16	rs11150564	29666736	0	-5.570270e-04	-6.768919e-05	1
16	rs11150574	29934819	0	1.770116e-05	2.176688e-06	1
16	rs11150575	29935066	0	4.958753e-06	5.986388e-07	1
16	rs11150576	29965496	0	5.746369e-04	7.535822e-05	1
16	rs11150577	29986525	0	4.992739e-04	6.497862e-05	1
16	rs11150579	30000330	0	4.992739e-04	6.497861e-05	1
16	rs11150580	30014564	0	4.144819e-04	5.355973e-05	1
16	rs11150581	30030699	0	-1.441546e-05	-2.022883e-06	1
16	rs11150582	30034127	0	1.266557e-03	3.311948e-04	1
16	rs11150583	30034189	0	1.522038e-04	1.975031e-05	1
16	rs11150585	30184286	0	-2.287628e-03	-5.184167e-04	1
16	rs11150586	30420851	0	-1.559529e-03	-2.984687e-04	1
16	rs11150590	30493881	0	-1.238230e-03	-1.989492e-04	1
16	rs11150596	30850242	0	-2.467255e-04	-3.019838e-05	1
16	rs11150599	30897456	0	1.008680e-04	1.231011e-05	1
16	rs11150600	30940331	0	-5.772595e-04	-7.472023e-05	1
16	rs11150601	30977799	0	-5.294045e-04	-6.900247e-05	1
16	rs11150606	31099011	0	-6.930695e-05	-1.740600e-05	1
16	rs11150608	31301125	0	4.828212e-04	6.383880e-05	1
16	rs11150610	31334236	0	5.022004e-04	6.749759e-05	1
16	rs11150712	29243047	0	-1.699843e-03	-3.928247e-04	1
16	rs11150713	29282753	0	1.084775e-04	1.675496e-05	1
16	rs111555633	30475160	0	2.560150e-04	4.944229e-05	1
16	rs111639166	30636893	0	1.076900e-03	1.597215e-04	1
16	rs111688805	30448522	0	3.363948e-04	6.583091e-05	1
16	rs111813229	30595710	0	-1.936379e-04	-4.807951e-05	1
16	rs111935448	30919807	0	-6.269079e-04	-1.244080e-04	1
16	rs111954099	30789623	0	-9.507661e-04	-2.081195e-04	1
16	rs112128999	29264813	0	-1.030061e-04	-1.668266e-05	1
16	rs112131656	29764539	0	1.710084e-03	4.534736e-04	1
16	rs112165220	29408955	0	-6.081749e-04	-1.418750e-04	1
16	rs112190455	30971437	0	-6.269079e-04	-1.244080e-04	1
16	rs112194055	30120942	0	-3.876250e-04	-9.057115e-05	1
16	rs112201399	29690177	0	3.060145e-04	7.167595e-05	1
16	rs112234000	30778808	0	-9.507661e-04	-2.081195e-04	1
16	rs112265026	29809181	0	-3.249656e-05	-7.294187e-06	1
16	rs112282032	30826936	0	6.129902e-04	8.351023e-05	1
16	rs112294239	30052868	0	-5.270435e-04	-1.275766e-04	1
16	rs112400041	29669780	0	-1.332823e-04	-2.818279e-05	1
16	rs112414374	30353586	0	-5.238420e-04	-1.079978e-04	1
16	rs112421755	30551685	0	1.276737e-03	2.342789e-04	1
16	rs112484223	29764728	0	1.852348e-03	5.244730e-04	1
16	rs112498248	29259987	0	2.761307e-04	4.328291e-05	1
16	rs112533759	30003756	0	-3.505805e-04	-8.457295e-05	1
16	rs112549897	29832950	0	-1.870985e-04	-4.076606e-05	1
16	rs112565029	30102391	0	3.326758e-04	8.414370e-05	1
16	rs112625256	29314477	0	5.072552e-05	9.712384e-06	1
16	rs112652568	29412437	0	-3.230521e-04	-7.082012e-05	1
16	rs112691371	30868216	0	-8.281315e-04	-1.723300e-04	1
16	rs112750937	30622942	0	-1.263320e-03	-3.079333e-04	1
16	rs112766425	31149755	0	-3.649479e-04	-8.228228e-05	1
16	rs112790372	30898456	0	-2.606483e-04	-3.731276e-05	1
16	rs1129003	30017283	0	5.918310e-04	1.217241e-04	1
16	rs112906665	31040139	0	-2.579141e-04	-3.314557e-05	1
16	rs1129700	29918034	0	3.959265e-04	5.140241e-05	1
16	rs112997245	30010353	0	4.891298e-04	9.899984e-05	1
16	rs113024433	30636808	0	3.606561e-04	4.596123e-05	1
16	rs113072320	30187226	0	-1.601396e-04	-3.101089e-05	1
16	rs113085280	30638004	0	-4.537698e-04	-1.153010e-04	1
16	rs113118899	29296414	0	-2.780008e-04	-5.196613e-05	1
16	rs113137773	29753314	0	4.733002e-04	9.100293e-05	1
16	rs113145245	29278701	0	-3.844354e-04	-7.025682e-05	1
16	rs113223003	29765012	0	1.071823e-03	2.449176e-04	1
16	rs113303075	30482393	0	-2.990624e-05	-6.908667e-06	1
16	rs1133238	30455458	0	2.227505e-04	4.850235e-05	1
16	rs113376800	29736698	0	5.083141e-04	8.853853e-05	1
16	rs113378736	29294130	0	-3.794843e-04	-6.909042e-05	1
16	rs113389983	29285085	0	-3.844354e-04	-7.025681e-05	1
16	rs11344	29910518	0	1.717249e-03	3.483028e-04	1
16	rs113443718	29892184	0	5.957576e-04	8.887390e-05	1
16	rs113448632	30898219	0	-1.994117e-04	-2.847049e-05	1
16	rs113454775	30809534	0	-9.507661e-04	-2.081194e-04	1
16	rs1134700	29709777	0	3.333218e-04	6.090627e-05	1
16	rs113478212	29596230	0	-5.101192e-04	-1.324136e-04	1
16	rs113567606	30839445	0	3.607643e-06	7.422383e-07	1
16	rs113592099	29751483	0	9.796799e-04	1.862231e-04	1
16	rs113711475	30497954	0	5.374047e-06	1.265882e-06	1
16	rs113711981	30572096	0	9.670606e-04	2.281357e-04	1
16	rs113753753	29891206	0	-3.310363e-04	-8.158207e-05	1
16	rs113826909	29747901	0	7.803474e-04	1.584517e-04	1
16	rs113834633	29662778	0	-5.065789e-04	-1.325636e-04	1
16	rs113907898	30514041	0	-8.062355e-05	-1.879975e-05	1
16	rs1140239	30021402	0	-1.441546e-05	-2.022963e-06	1
16	rs1143678	31343005	0	5.457245e-04	9.284979e-05	1
16	rs1143679	31276811	0	1.807454e-04	3.337677e-05	1
16	rs1143680	31289396	0	7.423674e-05	1.222725e-05	1
16	rs1143682	31336719	0	2.111919e-04	2.877756e-05	1
16	rs1143683	31336888	0	5.597549e-04	9.566791e-05	1
16	rs114588746	30053597	0	-1.753137e-05	-3.497206e-06	1
16	rs115229322	30523908	0	-1.306228e-04	-2.114416e-05	1
16	rs11544328	30037128	0	1.522038e-04	1.975025e-05	1
16	rs11546678	29827681	0	3.363843e-04	6.423214e-05	1
16	rs115518563	30055603	0	-1.630521e-04	-3.380819e-05	1
16	rs11574550	29673970	0	4.675070e-04	9.021834e-05	1
16	rs11574551	29673995	0	5.629594e-04	1.129290e-04	1
16	rs11574941	30493000	0	-3.908320e-04	-7.057043e-05	1
16	rs11574945	30510036	0	-3.409230e-04	-8.327307e-05	1
16	rs115777649	29344781	0	-6.627178e-05	-1.464162e-05	1
16	rs116286717	29275779	0	5.440434e-04	9.975075e-05	1
16	rs11639622	31272663	0	1.263979e-04	2.880317e-05	1
16	rs11639689	31257918	0	1.263979e-04	2.880317e-05	1
16	rs11639790	31260557	0	2.998262e-04	7.613827e-05	1
16	rs11640210	30975071	0	-6.269079e-04	-1.244079e-04	1
16	rs11640534	30949515	0	-3.931089e-04	-5.001438e-05	1
16	rs11640767	31060647	0	-5.604258e-05	-7.278246e-06	1
16	rs11640950	30426001	0	1.983559e-03	6.220798e-04	1
16	rs11640957	31060363	0	-5.604258e-05	-7.278237e-06	1
16	rs11640961	30979818	0	-8.123947e-04	-1.126578e-04	1
16	rs11641202	31330161	0	5.785726e-04	7.659948e-05	1
16	rs11641321	30880319	0	-9.111494e-04	-1.980759e-04	1
16	rs11641624	31268985	0	5.399995e-04	7.612275e-05	1
16	rs11641922	29662638	0	-1.996941e-04	-2.454372e-05	1
16	rs11642003	31068391	1	-7.392924e-05	-9.542982e-06	1
16	rs11642046	29993108	0	1.172361e-03	1.752056e-04	1
16	rs11642120	31344681	0	4.226075e-04	6.141900e-05	1
16	rs11642192	31082025	0	-3.496011e-04	-4.510255e-05	1
16	rs11642399	30059593	0	3.359168e-04	4.381250e-05	1
16	rs11642430	30045789	0	-1.441546e-05	-2.023014e-06	1
16	rs11642466	30781942	0	-9.507661e-04	-2.081193e-04	1
16	rs11642535	31126688	0	-7.033963e-04	-1.360105e-04	1
16	rs11642603	30886221	0	-9.111494e-04	-1.980758e-04	1
16	rs11642612	30030195	0	-1.441546e-05	-2.023023e-06	1
16	rs11642632	30667964	0	-2.117603e-04	-5.007661e-05	1
16	rs11642676	30371655	0	2.337691e-03	6.725478e-04	1
16	rs11642733	30969061	0	-6.269079e-04	-1.244078e-04	1
16	rs11642740	30060655	0	-2.751977e-06	-3.949833e-07	1
16	rs11642862	30785824	0	-9.507661e-04	-2.081193e-04	1
16	rs11642933	29946708	0	-9.355596e-06	-1.160544e-06	1
16	rs11643582	29654705	0	8.587230e-05	1.020399e-05	1
16	rs11643652	30497597	0	4.166748e-04	6.919376e-05	1
16	rs11644433	30504046	0	5.613397e-04	9.524693e-05	1
16	rs11644454	30909872	0	-8.339441e-04	-1.750865e-04	1
16	rs11644459	30095236	0	2.235564e-04	2.935826e-05	1
16	rs11645175	30803299	0	-9.507661e-04	-2.081192e-04	1
16	rs11645367	30770074	0	-8.463448e-04	-1.797623e-04	1
16	rs11645526	31268239	0	7.574005e-04	1.095249e-04	1
16	rs11645581	30351624	0	2.840194e-03	1.215821e-03	1
16	rs11645653	31312855	0	3.910128e-04	6.398681e-05	1
16	rs11645814	31147262	0	-7.647397e-05	-1.030122e-05	1
16	rs11646082	30911950	0	-1.001166e-03	-2.215576e-04	1
16	rs11646118	29926471	0	-5.842970e-04	-1.275834e-04	1
16	rs11646127	29966277	0	1.251422e-03	1.944002e-04	1
16	rs11646130	30376959	0	2.428898e-03	7.456517e-04	1
16	rs11646318	29265508	0	-2.011348e-04	-3.536764e-05	1
16	rs11647243	30965308	0	-6.269079e-04	-1.244078e-04	1
16	rs11647246	30528132	0	6.953406e-04	1.761094e-04	1
16	rs11647284	31077335	0	-5.492472e-04	-7.268410e-05	1
16	rs11647442	31125776	0	-5.100244e-04	-7.145840e-05	1
16	rs11647697	30872471	0	1.683737e-04	2.404112e-05	1
16	rs11647753	29928115	0	6.455561e-04	8.546360e-05	1
16	rs11647900	29292055	0	-1.091925e-03	-3.235432e-04	1
16	rs11648125	30889653	0	-9.111494e-04	-1.980757e-04	1
16	rs11648675	29780731	0	-1.551791e-03	-2.873891e-04	1
16	rs11649149	30008644	0	8.052883e-04	1.060420e-04	1
16	rs11649274	30026469	0	-1.467779e-04	-2.052664e-05	1
16	rs11649499	29908433	0	-4.036339e-04	-7.127469e-05	1
16	rs11649612	29946670	0	-9.355596e-06	-1.160699e-06	1
16	rs11649653	30918487	0	-7.356544e-04	-1.013364e-04	1
16	rs11649671	29328594	0	8.470632e-04	2.394839e-04	1
16	rs116849262	30720376	0	4.197039e-04	1.041493e-04	1
16	rs116878064	30063549	0	8.779890e-05	1.890447e-05	1
16	rs116922328	29965785	0	1.793229e-04	3.855764e-05	1
16	rs117075401	29614830	0	-1.968196e-04	-4.982244e-05	1
16	rs117077416	29971913	0	-1.094348e-03	-3.334795e-04	1
16	rs117106225	30460283	0	-6.775337e-04	-1.789019e-04	1
16	rs1171214	29257432	0	-7.403608e-04	-1.684624e-04	1
16	rs117219760	31142767	0	2.468807e-04	5.859658e-05	1
16	rs117266893	29276374	0	1.539748e-04	2.962537e-05	1
16	rs117310634	29285034	0	1.539748e-04	2.962537e-05	1
16	rs117326446	30980128	0	-8.956601e-04	-1.892299e-04	1
16	rs117369393	30991644	0	-5.779253e-05	-1.463735e-05	1
16	rs117378813	30884458	0	-2.088416e-04	-5.287123e-05	1
16	rs117383236	29939177	0	5.617507e-04	1.451261e-04	1
16	rs117391625	30504932	0	-4.828751e-05	-1.031692e-05	1
16	rs117400114	29356326	0	1.339974e-04	2.819999e-05	1
16	rs117451918	31133793	0	-4.001116e-04	-1.014720e-04	1
16	rs117527829	30106982	0	-2.387123e-04	-5.813018e-05	1
16	rs117562643	29313383	0	-1.563015e-05	-3.700039e-06	1
16	rs117590634	29934113	0	1.324621e-04	3.397638e-05	1
16	rs117602889	31069003	0	4.247348e-04	6.681814e-05	1
16	rs117671724	30558484	0	-3.487565e-04	-7.166794e-05	1
16	rs117673009	29971781	0	4.216871e-04	1.073905e-04	1
16	rs117718914	29265493	0	-2.039337e-04	-4.908167e-05	1
16	rs117744694	31050285	0	7.471874e-04	2.036481e-04	1
16	rs117782601	29613511	0	4.094950e-04	9.215304e-05	1
16	rs117829446	30632657	0	9.773228e-04	2.191521e-04	1
16	rs117870157	29316133	0	5.959105e-05	1.410718e-05	1
16	rs117891062	30976129	0	-4.247991e-04	-1.064049e-04	1
16	rs117905809	29246098	0	-3.001538e-05	-7.399033e-06	1
16	rs117910240	30558579	0	-3.444891e-04	-7.230526e-05	1
16	rs117957142	30887482	0	2.222721e-04	5.359503e-05	1
16	rs117984039	30784011	0	4.859779e-04	1.174566e-04	1
16	rs118018900	31203669	0	-5.519946e-04	-1.395280e-04	1
16	rs118027139	29963812	0	8.184691e-05	1.738510e-05	1
16	rs118040062	29314466	0	5.959105e-05	1.410719e-05	1
16	rs118058081	29860299	0	2.384740e-04	6.175420e-05	1
16	rs118096366	31225777	0	2.680955e-04	6.902767e-05	1
16	rs118154869	30479065	0	6.585532e-05	1.581823e-05	1
16	rs118176746	30877351	0	-4.401558e-04	-8.612917e-05	1
16	rs11859349	31331202	0	4.333569e-04	7.794480e-05	1
16	rs11859871	29835440	0	7.685307e-04	1.440367e-04	1
16	rs11860294	29273758	0	-2.752080e-05	-3.778249e-06	1
16	rs11860650	31326706	0	4.333569e-04	7.794480e-05	1
16	rs11860782	29989739	0	-8.125600e-05	-1.668131e-05	1
16	rs11860935	30080780	0	-1.630521e-04	-3.380813e-05	1
16	rs11861040	29301166	0	1.948565e-04	2.765967e-05	1
16	rs11861161	31329954	0	3.967626e-04	6.707119e-05	1
16	rs11861258	31295544	0	-1.730227e-04	-3.939068e-05	1
16	rs11861297	29298364	0	1.948565e-04	2.765967e-05	1
16	rs11861842	30094180	0	-1.753137e-05	-3.497149e-06	1
16	rs11862055	29733712	0	1.917529e-06	3.129534e-07	1
16	rs11862091	29273501	0	1.566298e-04	2.141803e-05	1
16	rs11862099	29338534	0	6.971425e-05	1.550782e-05	1
16	rs11862319	29298280	0	1.948565e-04	2.765967e-05	1
16	rs11862597	30490854	0	4.295647e-04	7.762742e-05	1
16	rs11862691	30187851	0	-4.895855e-04	-8.691076e-05	1
16	rs11862744	31057800	0	-2.579141e-04	-3.314549e-05	1
16	rs11862806	30364071	0	2.223374e-03	5.243549e-04	1
16	rs11862859	30757274	0	5.558494e-04	7.284807e-05	1
16	rs11863083	30100789	0	-2.697115e-04	-5.611757e-05	1
16	rs11863129	30095492	0	-1.753137e-05	-3.497150e-06	1
16	rs11863145	29272255	0	1.130074e-04	1.556212e-05	1
16	rs11863150	30385503	0	-2.314556e-03	-6.038188e-04	1
16	rs11863174	30019375	0	1.275255e-03	1.908598e-04	1
16	rs11863286	29272644	0	1.130074e-04	1.556214e-05	1
16	rs11863592	31301011	0	4.925140e-04	6.490026e-05	1
16	rs11863627	31331160	0	1.074253e-03	1.777137e-04	1
16	rs11863731	29848932	0	7.687173e-05	1.417646e-05	1
16	rs11863734	29848946	0	7.685307e-04	1.440366e-04	1
16	rs11863748	29835588	0	7.687173e-05	1.417645e-05	1
16	rs11864054	30846134	0	6.999293e-04	1.001738e-04	1
16	rs11864149	29999225	0	-8.125600e-05	-1.668130e-05	1
16	rs11864180	29830829	0	7.687173e-05	1.417645e-05	1
16	rs11864422	29268820	0	2.202417e-04	2.980005e-05	1
16	rs11864503	31331137	0	2.665901e-04	4.696921e-05	1
16	rs11864541	31331323	0	3.967626e-04	6.707113e-05	1
16	rs11864632	31182455	0	-8.715546e-04	-1.297670e-04	1
16	rs11864642	30084276	0	-1.753137e-05	-3.497157e-06	1
16	rs11864806	31095204	0	-3.496011e-04	-4.510248e-05	1
16	rs11864813	31326356	0	4.255993e-04	7.597567e-05	1
16	rs11864839	31095251	0	-3.496011e-04	-4.510247e-05	1
16	rs11865038	31095171	0	-3.496011e-04	-4.510247e-05	1
16	rs11865101	29288501	0	1.134853e-04	1.540896e-05	1
16	rs11865379	29274056	0	-2.752080e-05	-3.778232e-06	1
16	rs11865499	31132250	0	-3.079217e-04	-4.206431e-05	1
16	rs11865525	29244432	0	-1.154446e-05	-1.763098e-06	1
16	rs11865661	29296666	0	2.875304e-05	3.878788e-06	1
16	rs11865716	30164488	0	-2.049745e-03	-4.102011e-04	1
16	rs11865746	31326587	0	4.333569e-04	7.794473e-05	1
16	rs11865830	31271545	0	5.399995e-04	7.612262e-05	1
16	rs11866084	30012922	0	3.060144e-04	6.119126e-05	1
16	rs11867026	30079450	0	-1.753137e-05	-3.497144e-06	1
16	rs11901	29984070	0	4.992739e-04	6.497820e-05	1
16	rs12102320	30178516	0	-2.287628e-03	-5.184135e-04	1
16	rs12102367	30866781	0	4.674379e-06	6.927660e-07	1
16	rs12102768	31303950	0	3.236970e-04	5.684194e-05	1
16	rs12102776	31166028	0	7.537286e-04	1.018629e-04	1
16	rs12102791	31303946	0	4.957198e-04	8.820668e-05	1
16	rs12103025	31301220	0	3.236970e-04	5.684193e-05	1
16	rs12325239	29894662	0	4.180587e-04	1.073261e-04	1
16	rs12325400	30023786	0	-1.441546e-05	-2.023287e-06	1
16	rs12325539	30033633	0	-6.147399e-05	-8.616136e-06	1
16	rs12373078	30187676	0	-2.083859e-03	-4.168223e-04	1
16	rs12373113	30187513	0	-2.083859e-03	-4.168220e-04	1
16	rs12444108	30027694	0	3.728549e-04	5.243693e-05	1
16	rs12444415	30118345	0	4.063464e-04	5.422717e-05	1
16	rs12444973	30107285	1	4.771412e-04	6.403577e-05	1
16	rs12444978	29924422	0	1.770116e-05	2.176055e-06	1
16	rs12445568	31004812	0	-3.237502e-04	-4.165827e-05	1
16	rs12445650	31044897	0	-2.579141e-04	-3.314548e-05	1
16	rs12445768	30089911	0	2.235564e-04	2.935800e-05	1
16	rs12445982	29982484	0	4.992739e-04	6.497803e-05	1
16	rs12446288	30388709	0	-2.124994e-03	-5.270664e-04	1
16	rs12446378	30043110	0	1.522038e-04	1.974990e-05	1
16	rs12447159	29610670	0	6.867326e-04	1.838842e-04	1
16	rs12447415	29682945	0	1.483960e-04	1.897235e-05	1
16	rs12447534	30804257	0	4.285243e-04	5.322460e-05	1
16	rs12447833	30390314	0	-2.208675e-03	-6.145158e-04	1
16	rs12447915	30089908	0	2.235564e-04	2.935795e-05	1
16	rs12447930	31023273	0	-5.657835e-04	-7.441360e-05	1
16	rs12448321	31048280	0	-6.649523e-04	-9.520754e-05	1
16	rs12448633	29400742	0	1.171449e-04	2.818950e-05	1
16	rs12448769	29672197	0	-4.679183e-04	-5.631334e-05	1
16	rs12596042	29934754	0	-6.017879e-05	-7.488578e-06	1
16	rs12596308	29691196	0	1.564297e-03	3.039544e-04	1
16	rs12596536	29402369	0	6.348493e-04	1.609228e-04	1
16	rs12596543	30029135	0	7.615661e-04	1.047139e-04	1
16	rs12596940	29692240	0	8.116871e-04	1.369188e-04	1
16	rs12597368	29645078	0	2.476800e-04	3.246363e-05	1
16	rs12597511	31145219	0	4.171984e-04	5.792211e-05	1
16	rs12598856	30029548	0	1.529872e-05	2.116996e-06	1
16	rs12599318	29692414	0	1.179125e-03	1.961094e-04	1
16	rs12599614	30466741	0	6.375995e-06	1.102879e-06	1
16	rs12599631	30944248	0	-2.912066e-04	-3.647434e-05	1
16	rs12691307	29939877	0	4.549912e-04	5.743297e-05	1
16	rs12716972	29936654	0	7.678646e-04	1.031142e-04	1
16	rs12716973	29937652	0	4.958753e-06	5.979014e-07	1
16	rs12716974	29944832	0	-9.355596e-06	-1.161090e-06	1
16	rs12716975	29950829	1	-9.170090e-06	-1.138302e-06	1
16	rs12716978	30981544	0	-5.294045e-04	-6.900249e-05	1
16	rs12716979	31011821	0	-3.567817e-04	-4.887876e-05	1
16	rs12716981	31118024	0	3.690042e-04	5.182578e-05	1
16	rs12716982	31128668	0	3.690042e-04	5.182578e-05	1
16	rs12851	30016977	0	7.558348e-05	1.543113e-05	1
16	rs12917712	29882490	0	2.097007e-03	5.421594e-04	1
16	rs12917722	30948397	0	-8.724984e-04	-1.223698e-04	1
16	rs12917874	31287649	0	3.021824e-04	5.263218e-05	1
16	rs12918327	30626616	0	9.443370e-05	1.384573e-05	1
16	rs12918652	29964357	0	1.251422e-03	1.943995e-04	1
16	rs12919022	30434509	0	-1.552420e-04	-3.256210e-05	1
16	rs12919612	29895303	0	2.222045e-03	5.817012e-04	1
16	rs12919683	29943367	0	-9.355596e-06	-1.161146e-06	1
16	rs12920185	30172025	0	-5.390198e-04	-9.477930e-05	1
16	rs12920597	31304382	0	5.962561e-04	1.150945e-04	1
16	rs12920760	29844279	0	7.687173e-05	1.417630e-05	1
16	rs12920772	31012781	0	9.653498e-04	1.427531e-04	1
16	rs12920857	30866026	2	2.130059e-04	2.448896e-05	1
16	rs12921440	30408765	0	-2.049951e-03	-4.818966e-04	1
16	rs12921723	30351842	0	2.662532e-03	9.883713e-04	1
16	rs12921753	30018720	0	-2.751977e-06	-3.954902e-07	1
16	rs12921996	30011618	0	4.992739e-04	6.497781e-05	1
16	rs12922100	30129936	0	5.726300e-05	1.305488e-05	1
16	rs12922984	30514470	0	-1.005040e-03	-1.438373e-04	1
16	rs12923534	30189297	0	-4.895855e-04	-8.691082e-05	1
16	rs12923573	30514296	0	-1.094339e-03	-1.599148e-04	1
16	rs12923886	29732022	0	-1.375579e-04	-3.320900e-05	1
16	rs12924622	30084052	0	2.235564e-04	2.935781e-05	1
16	rs12924903	30928970	0	-5.764502e-06	-7.381620e-07	1
16	rs12926100	30169472	0	-5.599621e-04	-9.923428e-05	1
16	rs12926237	30837596	0	5.630423e-04	7.254421e-05	1
16	rs12926295	30890538	0	1.181230e-04	1.435470e-05	1
16	rs12927033	29687168	0	9.725600e-04	1.629691e-04	1
16	rs12927190	30169393	0	-2.171872e-03	-4.681945e-04	1
16	rs12928081	30885159	4	8.915728e-05	1.259766e-05	1
16	rs12928610	30016022	0	8.677201e-04	1.152274e-04	1
16	rs12928725	31283996	0	5.195834e-04	9.804198e-05	1
16	rs12928754	29679989	0	1.049499e-03	1.673226e-04	1
16	rs12928810	31311715	0	3.236970e-04	5.684181e-05	1
16	rs12928852	30943988	0	-3.931089e-04	-5.001435e-05	1
16	rs12929007	30929696	0	4.226613e-04	6.724892e-05	1
16	rs12929065	30873881	0	1.683737e-04	2.404131e-05	1
16	rs12929077	31232489	0	3.112772e-04	4.201610e-05	1
16	rs12929333	29680389	0	5.143663e-05	7.064008e-06	1
16	rs12929826	29717884	0	-1.298364e-03	-2.528675e-04	1
16	rs12930146	29286610	0	2.807071e-04	3.834968e-05	1
16	rs12930239	29908777	0	1.960452e-03	4.447208e-04	1
16	rs12930545	30938811	0	-5.772595e-04	-7.472018e-05	1
16	rs12930657	30931968	0	-5.772595e-04	-7.472018e-05	1
16	rs12930787	30381303	0	2.689178e-03	1.022432e-03	1
16	rs12930944	30874075	0	1.683737e-04	2.404135e-05	1
16	rs12931046	30987144	0	-5.294045e-04	-6.900243e-05	1
16	rs12931096	30874201	0	1.683737e-04	2.404135e-05	1
16	rs12931955	30013066	0	1.091105e-03	1.533003e-04	1
16	rs12932023	29715852	0	-1.376442e-04	-3.322997e-05	1
16	rs12932310	29846133	0	1.640412e-04	2.982055e-05	1
16	rs12932680	29689845	0	1.274800e-03	3.340382e-04	1
16	rs12932691	29846729	0	-2.849200e-05	-5.276641e-06	1
16	rs12932957	29680256	0	1.045231e-03	1.662334e-04	1
16	rs12933498	29943459	0	-9.355596e-06	-1.161364e-06	1
16	rs12933548	29790709	0	4.319068e-04	8.285901e-05	1
16	rs12933575	30022564	0	8.211303e-04	1.139841e-04	1
16	rs12933766	29922011	0	6.250013e-04	8.320810e-05	1
16	rs12934418	31042299	0	-3.921203e-04	-5.406043e-05	1
16	rs12934900	30923602	0	-4.523385e-04	-5.745648e-05	1
16	rs12935156	31270172	0	5.572836e-04	1.083325e-04	1
16	rs12935265	29931028	0	7.327643e-04	2.087269e-04	1
16	rs12935500	30174984	0	-5.390198e-04	-9.477928e-05	1
16	rs12935701	30026748	0	-1.441546e-05	-2.023722e-06	1
16	rs12935834	29764461	0	-2.019291e-03	-6.215119e-04	1
16	rs13329884	29281054	0	4.308094e-05	5.811639e-06	1
16	rs13330019	29316224	0	2.817540e-04	4.322239e-05	1
16	rs13331733	29848417	0	7.687173e-05	1.417627e-05	1
16	rs13331798	29747291	0	8.898130e-04	1.684891e-04	1
16	rs13331817	30172627	0	-2.150930e-03	-4.559200e-04	1
16	rs13332078	29850705	0	1.284661e-04	2.330802e-05	1
16	rs13332167	30557226	0	1.495813e-03	3.205574e-04	1
16	rs13332660	29905882	0	-4.036339e-04	-7.127473e-05	1
16	rs13333093	30407269	0	-2.049951e-03	-4.818947e-04	1
16	rs13333583	29302116	0	3.790071e-04	5.399905e-05	1
16	rs13333675	29302353	0	3.790071e-04	5.399904e-05	1
16	rs13333760	29302523	0	3.790071e-04	5.399904e-05	1
16	rs13333866	29302751	0	-1.529391e-04	-2.248627e-05	1
16	rs13333997	31181111	0	-5.209559e-04	-7.256694e-05	1
16	rs13334660	30178281	0	-4.895855e-04	-8.691081e-05	1
16	rs13334779	29302037	0	3.790071e-04	5.399903e-05	1
16	rs13334820	29302136	0	3.790071e-04	5.399903e-05	1
16	rs13335021	29746830	0	8.898130e-04	1.684890e-04	1
16	rs13335878	29281267	0	-2.427357e-04	-3.327156e-05	1
16	rs13336347	30951566	0	-8.033711e-04	-1.097553e-04	1
16	rs13336980	29279020	0	-2.427357e-04	-3.327156e-05	1
16	rs13337460	29299409	0	-1.014656e-04	-1.561441e-05	1
16	rs13337900	30822409	0	-4.466124e-04	-5.514295e-05	1
16	rs13338069	31299474	0	3.314546e-04	5.861413e-05	1
16	rs13338912	29760347	0	1.796205e-03	4.910329e-04	1
16	rs13338928	31339903	0	-1.386306e-03	-2.884229e-04	1
16	rs13338946	30700858	0	8.280179e-04	1.206273e-04	1
16	rs13339070	29297315	6	1.737112e-04	2.657896e-05	1
16	rs13708	31000809	0	-7.084452e-04	-9.390774e-05	1
16	rs137887650	29332059	0	1.178056e-04	2.711225e-05	1
16	rs137993956	29913708	0	4.918075e-05	1.234146e-05	1
16	rs138211469	29735979	0	8.506883e-05	1.468564e-05	1
16	rs138213568	30930652	0	4.792066e-04	7.905028e-05	1
16	rs138273920	29320074	0	1.314057e-05	3.107756e-06	1
16	rs138425427	30591862	0	9.773228e-04	2.191517e-04	1
16	rs138447338	30513485	0	3.071087e-04	6.207617e-05	1
16	rs138599723	29732960	0	8.506883e-05	1.468564e-05	1
16	rs138729861	30399088	0	-1.667910e-04	-3.716660e-05	1
16	rs138755187	29763892	0	9.480857e-04	2.426018e-04	1
16	rs138825134	29613456	0	4.094950e-04	9.215319e-05	1
16	rs138849409	29339409	0	-2.154086e-04	-4.869631e-05	1
16	rs138850578	29736312	1	1.017987e-05	1.759298e-06	1
16	rs139053518	30504631	0	3.655293e-04	9.213287e-05	1
16	rs139142574	29323824	0	-5.993191e-06	-1.387608e-06	1
16	rs139356318	30048461	0	1.013590e-04	2.196234e-05	1
16	rs139904690	29667021	0	-3.968320e-04	-9.647871e-05	1
16	rs140615691	31291060	0	3.314546e-04	5.861412e-05	1
16	rs140646207	30469481	0	-6.775337e-04	-1.789018e-04	1
16	rs140677174	29334964	0	1.178056e-04	2.711224e-05	1
16	rs140775682	31290557	0	4.573941e-04	8.301324e-05	1
16	rs140785784	29714172	0	5.638090e-04	1.043600e-04	1
16	rs140820592	31021880	4	4.498053e-04	5.491735e-05	1
16	rs141305120	30120522	0	1.361949e-05	2.763896e-06	1
16	rs141391708	30979999	0	-5.669577e-04	-1.088388e-04	1
16	rs141436390	29826014	0	5.299712e-05	1.342158e-05	1
16	rs141659187	30729739	0	-7.607365e-04	-2.126444e-04	1
16	rs141912061	29335386	0	1.178056e-04	2.711224e-05	1
16	rs141926311	31053185	0	4.447912e-04	6.976651e-05	1
16	rs142086495	29958635	0	-4.612753e-04	-1.216697e-04	1
16	rs142098164	29922723	0	-1.460629e-04	-3.715621e-05	1
16	rs142125746	29606607	0	7.160982e-04	1.953192e-04	1
16	rs142166536	30930613	1	2.557792e-04	4.102305e-05	1
16	rs14235	31121793	0	5.508194e-04	7.825717e-05	1
16	rs142711568	30945223	0	7.765530e-04	2.158386e-04	1
16	rs142718941	30478759	0	3.749901e-04	9.550329e-05	1
16	rs142759638	29330786	0	3.115239e-04	7.144176e-05	1
16	rs143249661	30016820	0	1.526466e-04	3.651350e-05	1
16	rs143662876	29753188	0	5.382975e-04	1.287267e-04	1
16	rs143840454	29791575	0	6.262383e-04	1.691526e-04	1
16	rs143893157	29760427	0	1.157944e-03	2.732529e-04	1
16	rs144101542	29355989	0	-1.269346e-04	-2.748953e-05	1
16	rs144237376	30426319	0	-1.276525e-03	-3.969645e-04	1
16	rs144445645	30930561	0	4.402704e-04	7.191164e-05	1
16	rs144607906	31266579	0	4.010565e-04	1.026309e-04	1
16	rs144637766	29661941	0	-4.455737e-04	-1.084660e-04	1
16	rs144721815	29760405	0	-1.494011e-05	-3.783143e-06	1
16	rs144769215	29259479	0	-1.025204e-04	-2.578140e-05	1
16	rs144865761	30350114	0	-1.337264e-03	-4.342857e-04	1
16	rs144912130	31275393	0	4.832652e-04	8.985940e-05	1
16	rs145037259	29613205	0	-3.950708e-04	-8.986940e-05	1
16	rs145079417	31053065	3	6.915211e-04	1.149773e-04	1
16	rs145223727	29631927	0	-9.080500e-04	-2.439839e-04	1
16	rs145338730	29631150	0	-5.101192e-04	-1.324136e-04	1
16	rs145631601	29613904	0	4.094950e-04	9.215320e-05	1
16	rs1458201	30916129	0	1.104700e-04	1.623667e-05	1
16	rs1458202	30953202	0	-5.772595e-04	-7.472015e-05	1
16	rs145832035	29733357	0	8.506883e-05	1.468561e-05	1
16	rs145891982	31319502	0	1.263979e-04	2.880328e-05	1
16	rs146398705	29336775	0	9.459885e-05	2.158945e-05	1
16	rs146585275	29559005	5	-8.889696e-04	-2.188859e-04	1
16	rs146746415	29347453	0	2.195449e-04	4.861598e-05	1
16	rs146772260	29713946	0	2.993798e-04	7.406420e-05	1
16	rs147132314	29243324	0	-1.748644e-04	-2.737921e-05	1
16	rs147278356	29750550	0	3.314199e-04	6.218060e-05	1
16	rs147553474	30050605	0	-9.794786e-04	-2.688866e-04	1
16	rs147580758	29337506	0	9.459885e-05	2.158945e-05	1
16	rs147768264	29437178	0	-6.081749e-04	-1.418748e-04	1
16	rs147901631	30941160	0	2.408219e-04	3.796496e-05	1
16	rs147988288	29251704	0	-1.699843e-03	-3.928243e-04	1
16	rs148119987	31048858	0	1.596684e-04	2.440171e-05	1
16	rs148317558	29319614	0	1.450223e-04	3.419644e-05	1
16	rs148319768	29954615	0	4.636248e-04	1.170473e-04	1
16	rs148603263	30554096	0	-6.651492e-05	-1.641201e-05	1
16	rs148639118	30127786	0	-1.460629e-04	-3.715621e-05	1
16	rs148702283	30652427	0	-2.404284e-04	-5.219812e-05	1
16	rs148758831	29336851	0	9.459885e-05	2.158945e-05	1
16	rs148776955	30458271	0	-7.750210e-04	-2.219432e-04	1
16	rs148788997	30323168	0	4.639072e-04	9.423978e-05	1
16	rs149201347	29741932	2	5.479474e-04	1.153988e-04	1
16	rs149604995	31132633	0	7.471874e-04	2.036478e-04	1
16	rs149689856	30552187	0	-3.695307e-04	-7.656397e-05	1
16	rs150319029	31027969	0	4.447912e-04	6.976648e-05	1
16	rs150334812	29272321	0	-1.785824e-04	-3.125464e-05	1
16	rs150458589	30693135	0	-4.270223e-04	-8.419509e-05	1
16	rs150509203	29705064	0	-5.605578e-05	-1.407420e-05	1
16	rs150713896	29426017	0	-6.081749e-04	-1.418748e-04	1
16	rs150773264	30120692	0	-1.346568e-04	-2.739709e-05	1
16	rs150845792	29789489	0	1.801448e-04	4.435698e-05	1
16	rs151035219	30144009	0	-1.251373e-04	-2.994341e-05	1
16	rs151288592	31319756	0	-2.060201e-04	-3.584523e-05	1
16	rs153173	29239889	0	-1.145091e-03	-1.999274e-04	1
16	rs1531973	29292442	0	-1.723314e-04	-2.364720e-05	1
16	rs1531974	29317096	0	4.128879e-04	5.446170e-05	1
16	rs153207	29244995	0	1.942138e-04	3.080720e-05	1
16	rs153208	29248084	0	1.500285e-04	1.999923e-05	1
16	rs153209	29251861	0	2.608231e-04	3.538257e-05	1
16	rs1549293	31141993	0	4.291655e-04	6.038147e-05	1
16	rs1549299	31154146	0	1.105673e-03	1.728305e-04	1
16	rs1633805	29724394	0	-6.714747e-04	-1.123537e-04	1
16	rs1633810	29721864	0	-1.026978e-03	-1.807842e-04	1
16	rs166148	29245857	0	1.942138e-04	3.080719e-05	1
16	rs168919	29301994	0	-2.268646e-05	-5.284923e-06	1
16	rs170978	29743033	0	-9.487980e-04	-1.659117e-04	1
16	rs17640225	29713066	0	3.432291e-04	6.182729e-05	1
16	rs17708472	31105353	0	4.247348e-04	6.681795e-05	1
16	rs17779818	29346790	0	-6.879058e-05	-9.737697e-06	1
16	rs17790434	30520856	0	8.737316e-07	1.327106e-07	1
16	rs17790906	30569659	0	-4.297211e-04	-9.190463e-05	1
16	rs17835978	29432712	0	5.496173e-04	1.400341e-04	1
16	rs17839544	30491783	0	1.894589e-04	3.623629e-05	1
16	rs17839548	30564526	0	6.666227e-04	1.624347e-04	1
16	rs17839551	30363382	0	-1.984042e-04	-3.110592e-05	1
16	rs17839567	31057945	0	-2.579141e-04	-3.314550e-05	1
16	rs17839568	31099783	0	-3.496011e-04	-4.510245e-05	1
16	rs17842268	29684180	0	2.214512e-04	2.897735e-05	1
16	rs17849880	30999198	0	-6.269079e-04	-1.244075e-04	1
16	rs17850402	30566747	0	9.168695e-04	2.135096e-04	1
16	rs17855606	31142271	0	-2.054712e-04	-2.785215e-05	1
16	rs17880887	31110501	1	-5.283537e-06	-7.117225e-07	1
16	rs17881535	31108709	0	5.108560e-04	8.127470e-05	1
16	rs17886790	31100896	0	5.097857e-04	1.359777e-04	1
16	rs180394	29715032	0	-1.209167e-03	-2.430420e-04	1
16	rs180701530	29609315	0	4.582367e-04	1.047407e-04	1
16	rs1808430	31258993	0	7.462045e-04	1.071443e-04	1
16	rs181522608	30062856	0	3.045118e-04	7.807712e-05	1
16	rs182339188	30781511	0	7.840449e-04	2.145048e-04	1
16	rs182433739	29420750	0	-3.476180e-04	-7.848176e-05	1
16	rs182536497	31069252	0	6.020096e-04	1.612201e-04	1
16	rs183186934	29606753	0	-1.083195e-03	-3.090659e-04	1
16	rs185409	29404501	0	6.348493e-04	1.609228e-04	1
16	rs186014137	30725355	0	-1.679675e-04	-3.743137e-05	1
16	rs1870293	30970941	0	-1.420600e-04	-1.823524e-05	1
16	rs1872657	29307765	0	5.713570e-05	1.011830e-05	1
16	rs1872658	29307672	0	-2.222177e-05	-3.145814e-06	1
16	rs1872659	29304790	0	4.361428e-04	5.651870e-05	1
16	rs1872660	29304775	0	3.790071e-04	5.399901e-05	1
16	rs1872667	29299377	0	1.948565e-04	2.765956e-05	1
16	rs1872673	29320397	0	-7.014164e-04	-1.125103e-04	1
16	rs1872675	29320228	0	-1.017497e-03	-1.832677e-04	1
16	rs188304685	29939689	0	-1.460629e-04	-3.715621e-05	1
16	rs188708252	29881170	0	1.464592e-04	3.725846e-05	1
16	rs188742196	29336063	0	1.178056e-04	2.711224e-05	1
16	rs188899883	29624668	0	-3.950708e-04	-8.986939e-05	1
16	rs189757140	30180490	4	-2.660189e-03	-7.032957e-04	1
16	rs190159352	31195965	0	-2.515185e-04	-6.237599e-05	1
16	rs191825667	30801184	0	-9.507661e-04	-2.081187e-04	1
16	rs192245	29245739	0	1.942138e-04	3.080718e-05	1
16	rs192537440	29619215	0	6.724095e-04	1.877161e-04	1
16	rs194045	29246102	0	8.735810e-05	1.408996e-05	1
16	rs1974875	29245881	0	-1.699843e-03	-3.928242e-04	1
16	rs1978485	31131121	0	-5.100244e-04	-7.145846e-05	1
16	rs1978487	31129942	0	-5.100244e-04	-7.145846e-05	1
16	rs1985680	30123216	0	1.086398e-05	2.134592e-06	1
16	rs199859689	29626836	0	5.447450e-04	1.438934e-04	1
16	rs199900182	29416563	0	-6.081749e-04	-1.418748e-04	1
16	rs200735808	29406242	0	-6.081749e-04	-1.418748e-04	1
16	rs200830445	29402846	0	5.496173e-04	1.400341e-04	1
16	rs201259820	29274607	0	2.726850e-04	4.653141e-05	1
16	rs201555010	29562640	0	-8.129797e-04	-2.124202e-04	1
16	rs201724537	29409881	0	-6.081749e-04	-1.418748e-04	1
16	rs201917490	29430680	0	6.318656e-04	1.617749e-04	1
16	rs201918052	30772988	0	1.276831e-05	3.093486e-06	1
16	rs2020407	29623593	0	5.447450e-04	1.438934e-04	1
16	rs202166863	29440457	0	5.496173e-04	1.400341e-04	1
16	rs2032915	31117413	0	1.094188e-04	1.480748e-05	1
16	rs2035974	29306908	0	2.134023e-04	3.268017e-05	1
16	rs2054213	30971810	0	-7.135551e-04	-9.528578e-05	1
16	rs2054214	30971442	0	1.364006e-04	2.132459e-05	1
16	rs2083237	30175509	0	-1.897727e-03	-3.451920e-04	1
16	rs2125293	30863875	0	1.683737e-04	2.404142e-05	1
16	rs2131750	29319678	0	-1.442525e-05	-2.025204e-06	1
16	rs2168834	30863847	1	1.179522e-04	1.684080e-05	1
16	rs2171222	29298533	0	1.948565e-04	2.765955e-05	1
16	rs2199036	31006972	0	-3.186404e-04	-4.126692e-05	1
16	rs2230433	30518041	0	1.553776e-03	2.849597e-04	1
16	rs2230434	30518096	0	8.185238e-05	1.662346e-05	1
16	rs2278557	30093779	0	-5.793560e-05	-8.121058e-06	1
16	rs2288004	31054040	0	-4.878144e-04	-6.913603e-05	1
16	rs2288005	31227908	0	5.482804e-04	7.202388e-05	1
16	rs2289442	30739919	0	7.422467e-04	1.056422e-04	1
16	rs2291400	29262688	0	2.761307e-04	4.328289e-05	1
16	rs2291401	29262601	0	4.809054e-04	7.294523e-05	1
16	rs2303222	31085470	0	-3.849843e-04	-5.334479e-05	1
16	rs2303223	31075175	0	-7.467484e-04	-1.085219e-04	1
16	rs2303255	29706444	0	1.208705e-04	2.143329e-05	1
16	rs2305880	30999462	0	-7.084452e-04	-9.390775e-05	1
16	rs2305884	30970741	0	-7.135551e-04	-9.528575e-05	1
16	rs235630	29743018	0	-9.487980e-04	-1.659117e-04	1
16	rs235631	29743529	0	-1.041542e-03	-1.914637e-04	1
16	rs235659	29788919	0	-2.128477e-03	-4.979702e-04	1
16	rs235663	29748325	0	-6.188210e-04	-1.213062e-04	1
16	rs2359612	31103796	0	2.549782e-04	3.429515e-05	1
16	rs2359674	31083243	0	4.247348e-04	6.681792e-05	1
16	rs2370277	29261174	0	-1.984585e-04	-3.223887e-05	1
16	rs2370291	29264508	0	3.924396e-04	5.961994e-05	1
16	rs2370299	29271946	0	1.130074e-04	1.556229e-05	1
16	rs2370302	29283348	0	-5.837541e-04	-8.275355e-05	1
16	rs2370336	29308255	0	2.842667e-04	4.301984e-05	1
16	rs2370534	29319603	0	1.450223e-04	3.419644e-05	1
16	rs2370535	29320022	0	-1.530797e-04	-2.111052e-05	1
16	rs252243	29239828	0	-6.253041e-05	-9.820327e-06	1
16	rs252244	29240018	0	6.167204e-05	9.420390e-06	1
16	rs252245	29241010	0	-9.160280e-05	-1.448450e-05	1
16	rs252246	29241389	0	-1.984585e-04	-3.223888e-05	1
16	rs252247	29242488	0	8.735810e-05	1.408993e-05	1
16	rs252248	29243109	0	1.942138e-04	3.080714e-05	1
16	rs252249	29243425	0	2.835127e-04	4.534198e-05	1
16	rs252250	29244405	0	1.942138e-04	3.080714e-05	1
16	rs252251	29244537	0	1.826694e-04	2.429122e-05	1
16	rs252252	29245019	0	1.942138e-04	3.080713e-05	1
16	rs252253	29245171	0	-2.552588e-04	-4.249307e-05	1
16	rs252254	29246993	0	-1.984585e-04	-3.223890e-05	1
16	rs252255	29247800	0	-1.984585e-04	-3.223890e-05	1
16	rs252256	29248418	0	-1.451895e-03	-2.874929e-04	1
16	rs252257	29250312	0	7.767213e-05	1.045056e-05	1
16	rs252258	29251278	0	2.608231e-04	3.538250e-05	1
16	rs252259	29251923	0	-1.899582e-04	-4.530155e-05	1
16	rs252260	29252478	0	2.608231e-04	3.538249e-05	1
16	rs252475	29245333	0	-1.942138e-04	-3.080713e-05	1
16	rs252480	29250915	0	-8.735810e-05	-1.408991e-05	1
16	rs2549974	29641013	0	5.334966e-04	7.193322e-05	1
16	rs257867	29413322	0	5.496173e-04	1.400341e-04	1
16	rs257869	29411526	0	5.496173e-04	1.400341e-04	1
16	rs257877	29298466	0	-2.268646e-05	-5.284916e-06	1
16	rs257878	29332380	0	1.629132e-04	4.005962e-05	1
16	rs257882	29318542	0	9.667018e-05	1.436305e-05	1
16	rs2630830	29335148	0	1.178056e-04	2.711225e-05	1
16	rs2630834	29255737	0	-1.899582e-04	-4.530155e-05	1
16	rs2735393	31196105	0	-6.499532e-04	-9.264297e-05	1
16	rs28360556	30929167	0	9.813486e-04	1.647544e-04	1
16	rs28360557	30983260	0	-5.294045e-04	-6.900239e-05	1
16	rs28372334	29278281	0	-2.427357e-04	-3.327153e-05	1
16	rs28372932	31339625	0	5.474434e-05	7.748483e-06	1
16	rs28385574	31158647	0	3.317828e-04	6.800142e-05	1
16	rs28395262	29347907	0	-6.879058e-05	-9.737727e-06	1
16	rs28420715	29297583	0	-1.014656e-04	-1.561443e-05	1
16	rs28421305	30838128	0	5.896676e-04	7.999897e-05	1
16	rs28452050	29317318	0	4.128879e-04	5.446161e-05	1
16	rs28469632	29278346	0	-2.427357e-04	-3.327153e-05	1
16	rs28478844	29301227	0	1.948565e-04	2.765953e-05	1
16	rs28488113	29298160	0	-1.014656e-04	-1.561443e-05	1
16	rs28490313	29640683	0	2.476800e-04	3.246371e-05	1
16	rs28493497	29280362	0	-2.427357e-04	-3.327153e-05	1
16	rs28517865	29914142	0	4.237036e-04	5.508205e-05	1
16	rs28548178	29296334	0	4.803208e-05	6.500386e-06	1
16	rs2855475	31147548	0	-3.112592e-04	-4.205612e-05	1
16	rs28587565	29278629	0	-2.427357e-04	-3.327153e-05	1
16	rs28599680	29860685	0	2.350887e-04	4.281025e-05	1
16	rs28605917	29282396	0	-3.835775e-05	-5.767662e-06	1
16	rs28616078	29306272	0	4.307915e-05	6.534510e-06	1
16	rs28627978	29280810	0	-2.427357e-04	-3.327152e-05	1
16	rs28635424	29278498	0	-3.287333e-04	-4.552618e-05	1
16	rs28642341	29278637	0	-2.427357e-04	-3.327152e-05	1
16	rs28646116	29259446	0	4.530500e-04	7.129053e-05	1
16	rs28663614	29659786	0	-3.121158e-04	-6.669972e-05	1
16	rs28681294	29282365	0	1.265349e-04	1.948755e-05	1
16	rs28693455	29248014	0	1.089818e-04	1.723469e-05	1
16	rs28698017	29276196	0	-2.427357e-04	-3.327151e-05	1
16	rs28708641	30507972	0	-8.552327e-04	-1.251124e-04	1
16	rs28709291	30083912	0	-1.753137e-05	-3.497009e-06	1
16	rs28725459	31132662	0	-4.772033e-04	-6.532719e-05	1
16	rs28742124	29269146	0	2.887984e-04	4.341451e-05	1
16	rs2878304	30878366	0	1.710712e-04	2.418492e-05	1
16	rs28814987	31081460	0	-1.407292e-04	-1.824847e-05	1
16	rs28841118	30630226	0	3.270776e-04	4.251016e-05	1
16	rs2884737	31105554	0	-9.832544e-04	-1.745371e-04	1
16	rs2884738	31126321	0	-5.066869e-04	-7.233113e-05	1
16	rs28853644	30801027	0	5.812086e-04	7.786826e-05	1
16	rs2887714	29292113	0	4.803208e-05	6.500403e-06	1
16	rs28877870	30168682	0	-5.599621e-04	-9.923436e-05	1
16	rs2887799	30163833	0	-1.139890e-03	-1.603696e-04	1
16	rs28970385	29281963	0	-2.427357e-04	-3.327151e-05	1
16	rs2919426	30660700	0	3.208745e-04	4.122306e-05	1
16	rs2927728	29646905	0	-8.197202e-05	-1.063856e-05	1
16	rs2934456	29358351	0	-1.907394e-04	-2.399683e-05	1
16	rs3087438	30500761	0	-7.944929e-04	-1.135855e-04	1
16	rs3087439	30505821	0	7.455596e-04	1.650450e-04	1
16	rs3087443	30522152	0	2.585462e-04	4.166465e-05	1
16	rs3087796	31343653	0	5.171877e-04	7.665014e-05	1
16	rs34049928	29983015	0	6.457790e-04	1.707629e-04	1
16	rs34072967	31317977	0	4.709994e-04	6.140446e-05	1
16	rs34082782	31282970	0	5.850684e-04	1.114736e-04	1
16	rs34127220	29842891	0	7.687173e-05	1.417616e-05	1
16	rs34166377	30183041	0	-4.895855e-04	-8.691091e-05	1
16	rs34205348	29668898	0	-6.061552e-04	-7.710680e-05	1
16	rs34222852	29859627	0	1.297250e-04	2.353763e-05	1
16	rs34245571	31296118	0	1.719169e-04	4.342335e-05	1
16	rs34261613	30430628	0	-3.334427e-05	-6.918175e-06	1
16	rs34286592	29820480	0	-2.849200e-05	-5.276767e-06	1
16	rs34454770	31005567	0	-7.222725e-04	-9.831532e-05	1
16	rs34480360	30798689	0	6.314416e-05	8.730672e-06	1
16	rs34499019	30501609	0	2.856758e-04	4.659016e-05	1
16	rs34550882	31274875	0	4.058227e-04	7.426924e-05	1
16	rs34564246	30135798	0	5.726300e-05	1.305493e-05	1
16	rs34572943	31272353	0	2.803803e-04	5.263291e-05	1
16	rs34594027	31318314	0	4.709994e-04	6.140443e-05	1
16	rs34596480	29863620	0	6.662082e-04	1.838532e-04	1
16	rs34640030	30888012	0	2.862607e-04	7.456973e-05	1
16	rs34649473	31066538	1	-8.917545e-04	-1.388934e-04	1
16	rs34714403	29842547	0	7.687173e-05	1.417615e-05	1
16	rs34745112	29261537	0	-1.699843e-03	-3.928240e-04	1
16	rs34767000	31330270	0	3.967626e-04	6.707078e-05	1
16	rs34792575	29273070	0	1.130074e-04	1.556233e-05	1
16	rs34840035	30871515	0	1.683737e-04	2.404146e-05	1
16	rs34873012	30945861	0	-3.931089e-04	-5.001427e-05	1
16	rs34876189	30332203	0	4.766924e-04	1.196671e-04	1
16	rs34876239	30498824	0	-8.099485e-04	-1.164921e-04	1
16	rs34898535	31025641	0	-2.635959e-04	-3.561630e-05	1
16	rs34927056	31317427	0	4.709994e-04	6.140441e-05	1
16	rs35042042	29871730	0	-7.604705e-04	-1.566800e-04	1
16	rs35045843	31070781	0	3.701200e-04	8.274800e-05	1
16	rs35069260	30502558	0	3.653442e-04	7.177356e-05	1
16	rs35089016	30192359	0	-6.436964e-04	-1.355463e-04	1
16	rs35105141	30057148	0	-1.441546e-05	-2.023855e-06	1
16	rs35262362	30507196	0	2.145899e-04	5.117384e-05	1
16	rs35314490	31283164	0	5.850684e-04	1.114735e-04	1
16	rs35324093	29244747	0	-1.699843e-03	-3.928239e-04	1
16	rs35345720	29933603	0	5.136893e-04	1.187589e-04	1
16	rs35351013	31069854	0	-6.649523e-04	-9.520725e-05	1
16	rs35383035	31323572	0	4.358759e-04	7.842779e-05	1
16	rs35456265	31270617	0	1.719169e-04	4.342335e-05	1
16	rs35466388	31314599	0	5.836199e-04	7.718795e-05	1
16	rs35467921	30048553	0	-2.751977e-06	-3.957452e-07	1
16	rs35468353	31056433	0	-2.579141e-04	-3.314551e-05	1
16	rs35472514	31283323	0	6.702686e-04	1.316186e-04	1
16	rs35478648	30054613	0	9.846811e-04	2.655124e-04	1
16	rs35480350	30366039	0	2.337691e-03	6.725383e-04	1
16	rs35605010	30033428	0	3.939534e-04	5.187916e-05	1
16	rs35629860	30671532	0	4.000145e-04	5.913495e-05	1
16	rs35675346	30936081	0	2.619172e-04	3.851146e-05	1
16	rs35695082	30792389	0	9.814028e-05	1.618018e-05	1
16	rs35713203	31090407	0	-7.338733e-04	-1.006807e-04	1
16	rs35722494	29272970	0	1.130074e-04	1.556235e-05	1
16	rs35733741	30945887	0	-5.686286e-04	-7.497776e-05	1
16	rs3574	30411382	0	-1.486286e-03	-2.718560e-04	1
16	rs35822450	30498783	0	-7.944929e-04	-1.135854e-04	1
16	rs35900366	30199584	0	-4.163429e-04	-7.442058e-05	1
16	rs35901559	29829615	0	7.687173e-05	1.417615e-05	1
16	rs35961830	31032317	0	-5.557027e-04	-7.363744e-05	1
16	rs35968985	30516531	0	-2.383541e-04	-5.563629e-05	1
16	rs35969813	30714417	0	4.374705e-05	6.242044e-06	1
16	rs35983149	30174024	0	-5.390198e-04	-9.477940e-05	1
16	rs36001237	31318257	0	1.392672e-04	2.401799e-05	1
16	rs36055763	31299775	0	5.107995e-04	9.478303e-05	1
16	rs36064568	30646970	0	3.718646e-04	4.781175e-05	1
16	rs36069862	30186202	0	-4.895855e-04	-8.691092e-05	1
16	rs36100148	31345023	0	-1.345709e-05	-1.767661e-06	1
16	rs370228531	29275615	7	-1.200513e-04	-2.606785e-05	1
16	rs371085	29730246	0	-6.144360e-04	-1.092244e-04	1
16	rs373528142	29569181	2	9.655613e-04	2.868549e-04	1
16	rs3747481	30666367	0	9.180789e-04	1.372809e-04	1
16	rs3747486	30786927	0	5.558494e-04	7.284771e-05	1
16	rs3751855	31091209	0	-3.496011e-04	-4.510246e-05	1
16	rs3759987	29673903	0	4.675070e-04	9.021839e-05	1
16	rs3764275	29672982	0	5.783509e-04	1.140449e-04	1
16	rs3764289	29239829	0	-1.697707e-03	-3.914849e-04	1
16	rs3764323	31216779	0	8.270264e-04	1.216734e-04	1
16	rs3764326	31190538	0	-3.954003e-05	-9.833505e-06	1
16	rs3764327	31273129	0	9.174658e-04	1.417762e-04	1
16	rs3766	30368591	0	-7.916929e-05	-1.232860e-05	1
16	rs377567672	29275748	0	5.320541e-04	9.799029e-05	1
16	rs3809627	30103160	0	5.130163e-04	6.805093e-05	1
16	rs3812999	30773605	0	5.558494e-04	7.284769e-05	1
16	rs3813020	30934075	0	-5.772595e-04	-7.472008e-05	1
16	rs3814877	30042677	0	3.152559e-04	4.450459e-05	1
16	rs3814878	30041966	0	1.029713e-03	1.519011e-04	1
16	rs3814880	30017895	0	4.992739e-04	6.497745e-05	1
16	rs3814884	29994736	0	5.943442e-04	7.818302e-05	1
16	rs3815801	31276937	0	5.444794e-04	7.647362e-05	1
16	rs3815824	29852860	0	2.350887e-04	4.281021e-05	1
16	rs3844222	29283230	0	-1.108404e-03	-1.800050e-04	1
16	rs3851756	29253652	0	-1.451895e-03	-2.874928e-04	1
16	rs3851757	29259687	0	4.464060e-04	6.570356e-05	1
16	rs3851758	29260222	0	2.761307e-04	4.328290e-05	1
16	rs3851759	29264113	0	1.876649e-04	2.969336e-05	1
16	rs3851760	29264225	0	3.924396e-04	5.961994e-05	1
16	rs3851761	29268268	0	2.202417e-04	2.980011e-05	1
16	rs3851762	29268273	0	1.108137e-04	1.948977e-05	1
16	rs3851764	29271554	0	1.130074e-04	1.556237e-05	1
16	rs3851765	29271655	0	3.988241e-04	5.559306e-05	1
16	rs3851766	29272118	0	1.130074e-04	1.556238e-05	1
16	rs3851770	29274452	0	-3.400483e-05	-4.684054e-06	1
16	rs3851772	29278071	0	-2.427357e-04	-3.327147e-05	1
16	rs3851774	29279743	0	-2.427357e-04	-3.327147e-05	1
16	rs3851775	29279750	0	-2.427357e-04	-3.327146e-05	1
16	rs3851776	29280037	0	-2.427357e-04	-3.327146e-05	1
16	rs3851777	29285675	0	4.803208e-05	6.500448e-06	1
16	rs3862476	29687360	0	-1.527804e-04	-3.320953e-05	1
16	rs3863453	29274934	0	-6.790218e-05	-9.198883e-06	1
16	rs3863454	29274973	0	1.329590e-04	2.328432e-05	1
16	rs3863455	29275022	0	1.563594e-04	2.126446e-05	1
16	rs3863461	29276274	0	-2.427357e-04	-3.327145e-05	1
16	rs3863462	29276316	0	-2.427357e-04	-3.327145e-05	1
16	rs3863463	29276381	0	4.308094e-05	5.811746e-06	1
16	rs3863464	29276410	0	-2.427357e-04	-3.327145e-05	1
16	rs3889407	29271509	0	4.214306e-05	5.867430e-06	1
16	rs3891914	29274081	0	-2.752080e-05	-3.777977e-06	1
16	rs3891915	29274463	0	-3.400483e-05	-4.684022e-06	1
16	rs3898532	29273997	0	-2.752080e-05	-3.777972e-06	1
16	rs3924855	29954955	0	7.535503e-04	1.008973e-04	1
16	rs3935873	30018500	0	4.992739e-04	6.497741e-05	1
16	rs3976455	29861447	0	2.350887e-04	4.281020e-05	1
16	rs402720	29762882	0	-1.941726e-03	-5.454651e-04	1
16	rs4077410	29998200	0	1.091105e-03	1.532999e-04	1
16	rs4077810	31340909	0	7.079752e-04	1.086678e-04	1
16	rs41280854	30064471	0	4.962657e-04	1.272805e-04	1
16	rs41292378	30390677	0	2.126777e-04	5.070874e-05	1
16	rs41370044	31289127	0	7.423674e-05	1.222684e-05	1
16	rs41440449	31337677	0	4.528355e-05	6.420662e-06	1
16	rs41476751	31335906	0	5.231606e-04	8.507183e-05	1
16	rs41477949	31287427	0	3.391176e-04	4.398652e-05	1
16	rs423096	29730626	0	-5.312847e-04	-8.953208e-05	1
16	rs4232893	30423751	0	4.928476e-04	9.500829e-05	1
16	rs4238959	30038647	0	3.939534e-04	5.187907e-05	1
16	rs4238961	30380486	0	-2.172722e-03	-5.154022e-04	1
16	rs4243232	30514723	0	-1.005040e-03	-1.438368e-04	1
16	rs4247355	30392099	0	-2.724768e-03	-1.137783e-03	1
16	rs4258647	29287505	0	1.134853e-04	1.540919e-05	1
16	rs4281737	29642392	0	2.476800e-04	3.246375e-05	1
16	rs4283241	29988349	0	1.070695e-03	1.570622e-04	1
16	rs4290486	30890145	0	1.181230e-04	1.435487e-05	1
16	rs4312332	29287936	0	1.134853e-04	1.540919e-05	1
16	rs4318227	29984839	0	4.992739e-04	6.497731e-05	1
16	rs4340343	30404484	0	-2.042162e-03	-4.829708e-04	1
16	rs4341759	30514103	0	-1.611368e-03	-2.891355e-04	1
16	rs4344767	30165139	0	-1.509587e-03	-2.301497e-04	1
16	rs4402589	29954654	0	7.535503e-04	1.008971e-04	1
16	rs4404083	31136085	0	1.520237e-04	2.050998e-05	1
16	rs4407079	29931899	0	1.770116e-05	2.175219e-06	1
16	rs4420550	29938820	0	4.549912e-04	5.743208e-05	1
16	rs4424923	29939293	0	7.408079e-04	9.840359e-05	1
16	rs4468641	31096876	0	-2.428931e-04	-3.102242e-05	1
16	rs4485386	30636611	0	4.206063e-04	5.414720e-05	1
16	rs4496161	31223876	0	4.500682e-04	5.834719e-05	1
16	rs4500754	30376691	0	5.975837e-04	1.219493e-04	1
16	rs4502227	30980054	0	-6.165739e-04	-8.092748e-05	1
16	rs4527034	31131614	0	-4.574979e-04	-6.392157e-05	1
16	rs4527039	29946945	0	7.535503e-04	1.008971e-04	1
16	rs4552048	29269826	0	2.202417e-04	2.980017e-05	1
16	rs45599534	31094861	0	4.247348e-04	6.681784e-05	1
16	rs4561481	31259553	0	6.566092e-04	9.338020e-05	1
16	rs45619735	31143993	0	-1.193500e-04	-1.613325e-05	1
16	rs4563056	29698606	0	2.224570e-04	3.718671e-05	1
16	rs4583255	29988941	0	4.992739e-04	6.497721e-05	1
16	rs4594268	31343243	0	5.171877e-04	7.664999e-05	1
16	rs4597342	31343769	0	5.171877e-04	7.664998e-05	1
16	rs4598924	30514138	0	-2.402332e-05	-5.821334e-06	1
16	rs4609871	29932064	0	7.806070e-04	1.056853e-04	1
16	rs4616297	30730679	0	6.403444e-04	8.953980e-05	1
16	rs4787466	29272099	0	-1.785824e-04	-3.125478e-05	1
16	rs4787467	29275842	0	5.320541e-04	9.799027e-05	1
16	rs4787480	29857316	0	2.350887e-04	4.281015e-05	1
16	rs4787483	29885447	0	1.038238e-03	1.639047e-04	1
16	rs4787484	29906546	0	1.187267e-03	1.980099e-04	1
16	rs4787486	29977562	0	9.619073e-04	1.358868e-04	1
16	rs4787488	29995803	0	1.091105e-03	1.532996e-04	1
16	rs4787489	29995880	0	4.992739e-04	6.497715e-05	1
16	rs4787491	30015337	0	1.007579e-03	1.390224e-04	1
16	rs4787492	30055549	0	3.340031e-04	4.355410e-05	1
16	rs4787495	30165725	0	-1.611910e-03	-2.590228e-04	1
16	rs4787642	30359408	0	2.815078e-03	1.179102e-03	1
16	rs4787643	30393660	0	-2.640350e-03	-1.004776e-03	1
16	rs4787644	30418119	0	3.405108e-04	6.412285e-05	1
16	rs4788138	29253744	0	-1.201471e-04	-1.596748e-05	1
16	rs4788139	29254070	0	2.054333e-04	2.745059e-05	1
16	rs4788140	29254781	0	-1.451895e-03	-2.874927e-04	1
16	rs4788141	29274290	0	3.007231e-06	5.091966e-07	1
16	rs4788142	29275571	4	3.471041e-04	7.420571e-05	1
16	rs4788143	29275901	0	5.320541e-04	9.799029e-05	1
16	rs4788148	29286147	0	4.803208e-05	6.500534e-06	1
16	rs4788172	29668253	0	-4.044504e-04	-8.332304e-05	1
16	rs4788173	29670736	0	4.685667e-04	1.014958e-04	1
16	rs4788185	29839893	0	7.687173e-05	1.417606e-05	1
16	rs4788186	29841225	0	-1.020620e-04	-1.368035e-05	1
16	rs4788187	29845685	0	7.685307e-04	1.440359e-04	1
16	rs4788188	29860863	0	9.267477e-04	1.782553e-04	1
16	rs4788189	29921211	0	5.146346e-04	6.725049e-05	1
16	rs4788190	29948401	0	-6.872175e-05	-8.460742e-06	1
16	rs4788195	29960593	0	9.534792e-04	1.334223e-04	1
16	rs4788196	29967434	0	1.251422e-03	1.943979e-04	1
16	rs4788197	29970834	0	1.146058e-03	1.712995e-04	1
16	rs4788199	29970857	0	8.947706e-04	1.201920e-04	1
16	rs4788200	29971265	0	5.746369e-04	7.535648e-05	1
16	rs4788201	29972690	0	5.746369e-04	7.535647e-05	1
16	rs4788202	29978003	0	9.619073e-04	1.358865e-04	1
16	rs4788203	29978827	0	1.712231e-04	2.117949e-05	1
16	rs4788204	29995218	0	1.172361e-03	1.752032e-04	1
16	rs4788207	30010274	0	1.091105e-03	1.532993e-04	1
16	rs4788209	30013266	0	4.992739e-04	6.497689e-05	1
16	rs4788210	30013674	0	4.992739e-04	6.497688e-05	1
16	rs4788211	30015565	0	8.052883e-04	1.060406e-04	1
16	rs4788212	30034469	0	1.522038e-04	1.974906e-05	1
16	rs4788213	30034524	0	1.522038e-04	1.974906e-05	1
16	rs4788215	30047930	0	1.522038e-04	1.974905e-05	1
16	rs4788216	30048077	0	1.522038e-04	1.974904e-05	1
16	rs4788217	30051312	0	1.522038e-04	1.974904e-05	1
16	rs4788218	30055750	0	-2.751977e-06	-3.962962e-07	1
16	rs4788219	30063646	0	3.939534e-04	5.187863e-05	1
16	rs4788220	30063780	0	3.939534e-04	5.187862e-05	1
16	rs4788409	30393771	0	-2.580400e-03	-9.536911e-04	1
16	rs4788410	30396805	0	-2.268625e-03	-6.460672e-04	1
16	rs4788411	30396815	0	-2.640350e-03	-1.004772e-03	1
16	rs4788412	30405726	0	-2.370619e-04	-3.706707e-05	1
16	rs4788413	30410445	0	-2.268625e-03	-6.460660e-04	1
16	rs4889489	30812962	0	4.285243e-04	5.322473e-05	1
16	rs4889490	30823047	0	-5.576887e-04	-7.889344e-05	1
16	rs4889495	30502152	0	-8.552327e-04	-1.251119e-04	1
16	rs4889514	30943096	0	-3.931089e-04	-5.001417e-05	1
16	rs4889525	30989858	0	-5.294045e-04	-6.900226e-05	1
16	rs4889526	31030344	0	-4.883409e-04	-6.394983e-05	1
16	rs4889530	31065918	0	-4.878144e-04	-6.913591e-05	1
16	rs4889534	30865440	0	1.683737e-04	2.404180e-05	1
16	rs4889536	30871755	0	1.683737e-04	2.404181e-05	1
16	rs4889537	31203529	0	-1.027157e-03	-1.595368e-04	1
16	rs4889538	31206913	0	-8.981601e-04	-1.344411e-04	1
16	rs4889539	31221071	0	-2.222227e-04	-5.315223e-05	1
16	rs4889542	31319397	0	3.967626e-04	6.707051e-05	1
16	rs4889543	31340216	0	8.291230e-05	1.075979e-05	1
16	rs4889571	30949047	0	-3.931089e-04	-5.001418e-05	1
16	rs4889599	30968589	0	-7.135551e-04	-9.528561e-05	1
16	rs4889603	30982225	0	-1.008794e-03	-1.487071e-04	1
16	rs4889604	30985994	0	-5.294045e-04	-6.900226e-05	1
16	rs4889606	31011183	0	-2.807211e-04	-3.747516e-05	1
16	rs4889609	31026427	0	-4.883409e-04	-6.394983e-05	1
16	rs4889614	30862135	0	1.683737e-04	2.404181e-05	1
16	rs4889619	31128615	0	3.690042e-04	5.182595e-05	1
16	rs4889620	31131174	0	7.136722e-04	1.067276e-04	1
16	rs4889622	30870957	0	1.386944e-04	1.974425e-05	1
16	rs4889625	31167179	0	9.563453e-04	1.373404e-04	1
16	rs4889627	30875217	0	1.135082e-04	1.379187e-05	1
16	rs4889630	30877544	0	3.837994e-04	5.766760e-05	1
16	rs4889631	30877636	0	2.288030e-04	3.383136e-05	1
16	rs4889633	31216909	0	-9.573283e-04	-1.459857e-04	1
16	rs4889634	30878863	0	-5.673249e-04	-7.721939e-05	1
16	rs4889639	31261778	0	7.165056e-04	1.023806e-04	1
16	rs4889640	31264267	0	7.511894e-04	1.092625e-04	1
16	rs4889644	31282713	0	7.622965e-04	1.170348e-04	1
16	rs4889647	31331007	0	5.043359e-04	6.723390e-05	1
16	rs4889651	30895545	0	2.814383e-04	3.996582e-05	1
16	rs4889653	30895713	0	2.814383e-04	3.996582e-05	1
16	rs4889685	30929444	0	-5.221700e-04	-6.991435e-05	1
16	rs4992888	29259096	0	-9.685971e-06	-1.500188e-06	1
16	rs4993636	29293055	0	4.803208e-05	6.500585e-06	1
16	rs5013201	30404522	0	-1.667910e-04	-3.716661e-05	1
16	rs5013247	29307041	0	2.134023e-04	3.268018e-05	1
16	rs5026091	29273620	0	4.362148e-04	6.036082e-05	1
16	rs5026093	29273735	0	1.566298e-04	2.141845e-05	1
16	rs5026096	29273786	0	-2.752080e-05	-3.777824e-06	1
16	rs5029446	29297706	0	1.948565e-04	2.765954e-05	1
16	rs5029449	29297793	0	-9.026627e-05	-1.276215e-05	1
16	rs55662298	29288820	0	-1.593467e-04	-2.204026e-05	1
16	rs55667375	31155458	0	-1.247368e-03	-2.159351e-04	1
16	rs55676522	30883849	0	-2.819696e-04	-6.187900e-05	1
16	rs55678597	30118232	0	1.086398e-05	2.134692e-06	1
16	rs55680018	29288704	0	-7.817202e-04	-1.173913e-04	1
16	rs55680039	30048962	0	-4.355979e-04	-1.075453e-04	1
16	rs55719146	30901946	0	-1.994117e-04	-2.847113e-05	1
16	rs55731737	31017683	0	2.554171e-04	3.923186e-05	1
16	rs55736310	29240017	0	1.525632e-04	3.057583e-05	1
16	rs55736766	29269252	0	7.622436e-05	1.133177e-05	1
16	rs55740063	29258996	0	-9.685971e-06	-1.500184e-06	1
16	rs55742763	31340368	0	1.848146e-04	2.394185e-05	1
16	rs55754126	29299928	0	-1.014656e-04	-1.561442e-05	1
16	rs55755739	31254691	0	-3.994196e-04	-5.381192e-05	1
16	rs55762054	30015249	0	5.615384e-04	1.093699e-04	1
16	rs55764428	29287123	0	1.134853e-04	1.540928e-05	1
16	rs55766044	31117698	0	-8.952923e-04	-1.386725e-04	1
16	rs55779019	29267834	0	-2.242518e-04	-3.588968e-05	1
16	rs55780732	29261698	0	2.761307e-04	4.328299e-05	1
16	rs55788822	29287062	0	1.134853e-04	1.540928e-05	1
16	rs55816101	29293621	0	-3.992716e-04	-6.315677e-05	1
16	rs55861648	30833896	0	8.166094e-04	1.587238e-04	1
16	rs55903157	29994398	0	-1.673454e-04	-4.081893e-05	1
16	rs55908605	31015877	0	2.907930e-04	4.486127e-05	1
16	rs55918844	29287222	0	1.134853e-04	1.540928e-05	1
16	rs55919902	30473161	0	2.560150e-04	4.944244e-05	1
16	rs55963273	29296589	0	-1.916104e-04	-2.623841e-05	1
16	rs55979739	31049155	0	-7.609895e-05	-9.831748e-06	1
16	rs56000057	29595921	0	-9.080500e-04	-2.439838e-04	1
16	rs56031255	29306955	0	-8.005005e-04	-1.412930e-04	1
16	rs56083427	30881298	0	-1.994117e-04	-2.847112e-05	1
16	rs56106502	29617167	0	-3.950708e-04	-8.986924e-05	1
16	rs56108370	29294350	0	-3.729505e-04	-5.966818e-05	1
16	rs56135456	29267951	0	-2.242518e-04	-3.588967e-05	1
16	rs56142883	30875335	0	-2.718733e-04	-6.436783e-05	1
16	rs56143494	29257009	0	4.464060e-04	6.570366e-05	1
16	rs56143700	30360998	0	-5.460674e-04	-1.456133e-04	1
16	rs56152301	29278582	0	-2.427357e-04	-3.327129e-05	1
16	rs56153335	30605536	0	2.179369e-04	3.794118e-05	1
16	rs56183743	30007325	0	3.060144e-04	6.119148e-05	1
16	rs56187809	29297643	0	-3.992716e-04	-6.315676e-05	1
16	rs56188385	29286983	0	1.134853e-04	1.540929e-05	1
16	rs56193946	30956651	0	1.364006e-04	2.132436e-05	1
16	rs56212525	29269271	0	7.622436e-05	1.133179e-05	1
16	rs56234416	29297454	1	5.771253e-04	8.007835e-05	1
16	rs56284083	31052895	0	-2.037011e-04	-2.597373e-05	1
16	rs56311083	30557392	0	-3.430499e-04	-7.494943e-05	1
16	rs56314408	31117389	0	-5.100244e-04	-7.145854e-05	1
16	rs56329348	30030092	0	4.453858e-04	1.072694e-04	1
16	rs56341237	29243884	0	2.295487e-05	3.562761e-06	1
16	rs56357328	29303737	0	-3.992716e-04	-6.315676e-05	1
16	rs56377705	29301302	0	1.828672e-04	2.625408e-05	1
16	rs56388508	31132510	0	-7.647397e-05	-1.030126e-05	1
16	rs56391383	30538419	0	7.234184e-04	1.021345e-04	1
16	rs56399904	30166183	0	-1.656412e-03	-2.742630e-04	1
16	rs56404782	31126535	0	-5.030304e-05	-6.772991e-06	1
16	rs56656810	30788759	0	7.422467e-04	1.056418e-04	1
16	rs56766083	29272842	0	3.988241e-04	5.559331e-05	1
16	rs56813533	31070481	0	-1.466954e-04	-2.048561e-05	1
16	rs57312298	30012691	0	3.060144e-04	6.119148e-05	1
16	rs57348955	31185882	0	-1.016401e-04	-1.387975e-05	1
16	rs57434408	31066380	0	-1.988738e-04	-2.597461e-05	1
16	rs57442742	30506532	0	-8.552327e-04	-1.251119e-04	1
16	rs57519568	29354770	0	3.063102e-04	6.259860e-05	1
16	rs57576577	31036367	0	-4.883409e-04	-6.394981e-05	1
16	rs57601653	29290980	0	-7.817202e-04	-1.173913e-04	1
16	rs57615206	30014034	0	3.060144e-04	6.119148e-05	1
16	rs57840023	29265279	0	1.301002e-04	2.068016e-05	1
16	rs57884885	29272820	0	1.130074e-04	1.556261e-05	1
16	rs58005809	29252470	0	-1.699843e-03	-3.928237e-04	1
16	rs58047105	29273019	0	1.130074e-04	1.556262e-05	1
16	rs58200984	31343235	0	-5.125638e-05	-8.346046e-06	1
16	rs58332563	29266340	0	1.987571e-04	3.493646e-05	1
16	rs58352473	31322218	0	7.423674e-05	1.222669e-05	1
16	rs58354524	29354782	0	4.867680e-04	1.040307e-04	1
16	rs58475855	29299203	0	-3.992716e-04	-6.315675e-05	1
16	rs58483534	30131301	0	-6.345487e-05	-1.234286e-05	1
16	rs58579888	29291300	0	4.803208e-05	6.500630e-06	1
16	rs58656594	31330178	0	7.423674e-05	1.222668e-05	1
16	rs58726213	31044683	0	-2.579141e-04	-3.314552e-05	1
16	rs58727628	29266471	0	1.987571e-04	3.493646e-05	1
16	rs58827327	31322334	0	7.423674e-05	1.222668e-05	1
16	rs59061704	31062704	1	-2.582377e-04	-3.356578e-05	1
16	rs59151595	30603262	0	2.890923e-04	5.048352e-05	1
16	rs59364995	29258092	0	4.592816e-04	7.136377e-05	1
16	rs59419098	30010363	1	5.067501e-04	1.029379e-04	1
16	rs59576480	29286920	0	-1.723314e-04	-2.364693e-05	1
16	rs59735493	31133100	0	-3.079217e-04	-4.206446e-05	1
16	rs59823182	29272110	0	-2.587511e-04	-4.134777e-05	1
16	rs59933097	29282400	0	-3.835775e-05	-5.767354e-06	1
16	rs60312440	31340086	0	5.694896e-04	9.889704e-05	1
16	rs60350735	29268210	0	-1.473675e-04	-2.624403e-05	1
16	rs60548676	29291112	0	-2.377846e-04	-3.268776e-05	1
16	rs60660286	31275374	0	6.390597e-04	9.160599e-05	1
16	rs60683614	29999993	0	-8.125600e-05	-1.668096e-05	1
16	rs60978850	30010475	0	5.918310e-04	1.217244e-04	1
16	rs60996860	31134213	0	-2.993973e-04	-4.171879e-05	1
16	rs61162043	31114234	0	-4.875789e-04	-6.683949e-05	1
16	rs61239537	31012813	0	-8.895554e-04	-1.260546e-04	1
16	rs61320757	31134059	0	-1.261065e-04	-1.754982e-05	1
16	rs61396327	30644253	8	9.552544e-04	1.292084e-04	1
16	rs61738568	30680655	0	1.967847e-04	5.026580e-05	1
16	rs61744716	30569349	0	2.385336e-05	5.876956e-06	1
16	rs61764220	30127888	0	1.883075e-04	4.721303e-05	1
16	rs61978578	30408961	0	-1.667910e-04	-3.716661e-05	1
16	rs62035486	29253866	0	-2.075053e-04	-3.251641e-05	1
16	rs62035487	29254402	0	-2.075053e-04	-3.251641e-05	1
16	rs62035492	29259109	0	-2.075053e-04	-3.251641e-05	1
16	rs62035493	29259207	0	4.592816e-04	7.136378e-05	1
16	rs62035494	29259775	0	-9.685971e-06	-1.500153e-06	1
16	rs62035498	29267352	0	-2.242518e-04	-3.588964e-05	1
16	rs62035501	29268270	0	-2.587511e-04	-4.134775e-05	1
16	rs62035503	29268396	0	-4.421356e-04	-7.224702e-05	1
16	rs62035580	29344604	0	-1.084007e-04	-1.534730e-05	1
16	rs62035581	29344690	0	-3.806450e-04	-5.494672e-05	1
16	rs62035582	29344835	0	-3.935235e-04	-5.693304e-05	1
16	rs62037275	29281487	0	-8.521245e-04	-1.309356e-04	1
16	rs62037276	29281496	0	-8.521245e-04	-1.309356e-04	1
16	rs62037283	29285187	0	-7.866713e-04	-1.179206e-04	1
16	rs62037317	29291124	0	-7.817202e-04	-1.173912e-04	1
16	rs62037323	29297094	0	1.103525e-04	2.127666e-05	1
16	rs62037328	29300794	0	-1.014656e-04	-1.561437e-05	1
16	rs62037329	29301022	0	-3.992716e-04	-6.315672e-05	1
16	rs62037332	29301809	0	3.790071e-04	5.399903e-05	1
16	rs62037333	29301819	0	3.790071e-04	5.399903e-05	1
16	rs62037334	29301896	0	3.790071e-04	5.399903e-05	1
16	rs62038224	29247919	0	7.554602e-05	1.155973e-05	1
16	rs62038226	29249437	0	-2.075053e-04	-3.251640e-05	1
16	rs62038227	29249549	0	-2.075053e-04	-3.251639e-05	1
16	rs62038228	29252252	0	-2.075053e-04	-3.251639e-05	1
16	rs62038967	29305726	0	2.134023e-04	3.268022e-05	1
16	rs62038969	29307683	0	-8.005005e-04	-1.412929e-04	1
16	rs62038970	29309914	4	-3.707561e-04	-7.817307e-05	1
16	rs62038973	29310960	0	-8.005005e-04	-1.412929e-04	1
16	rs62038974	29310994	0	-7.241429e-05	-1.117806e-05	1
16	rs62038975	29311190	0	-7.241429e-05	-1.117806e-05	1
16	rs62038976	29314400	0	-1.023893e-05	-1.700424e-06	1
16	rs62038977	29319954	0	-8.741726e-04	-1.439799e-04	1
16	rs62051462	31275409	0	-3.427209e-04	-6.178999e-05	1
16	rs62051470	31309664	0	7.423674e-05	1.222666e-05	1
16	rs62051471	31309805	0	-9.500794e-04	-1.855980e-04	1
16	rs62051472	31312501	0	7.423674e-05	1.222666e-05	1
16	rs62051481	31323676	0	7.423674e-05	1.222665e-05	1
16	rs62051517	31346344	0	-1.345709e-05	-1.767765e-06	1
16	rs62054766	31248870	0	-1.027157e-03	-1.595366e-04	1
16	rs62054768	31254836	1	-5.689231e-04	-1.079812e-04	1
16	rs62054769	31255610	0	-1.117936e-04	-2.019804e-05	1
16	rs62054860	29720349	0	2.103313e-04	3.538829e-05	1
16	rs62054862	29723193	0	2.649153e-04	4.590853e-05	1
16	rs62054863	29723815	0	5.716164e-04	1.026344e-04	1
16	rs62054867	29726088	0	2.649153e-04	4.590852e-05	1
16	rs62054874	29734427	0	8.506883e-05	1.468547e-05	1
16	rs62054875	29735902	0	8.506883e-05	1.468547e-05	1
16	rs62054877	29738423	0	-2.832053e-04	-4.837956e-05	1
16	rs62054880	29740557	0	8.506883e-05	1.468546e-05	1
16	rs62054881	29740571	0	1.778133e-04	3.163096e-05	1
16	rs62054903	29750555	0	1.409425e-05	3.505851e-06	1
16	rs62054904	29757134	0	1.409425e-05	3.505851e-06	1
16	rs62055376	30164758	1	-1.541932e-03	-2.370732e-04	1
16	rs62055459	30398408	0	-2.343458e-03	-6.747911e-04	1
16	rs62055866	30969557	5	-1.583089e-04	-1.816822e-05	1
16	rs62056369	29823905	0	1.409425e-05	3.505855e-06	1
16	rs62056371	29834954	0	7.687173e-05	1.417598e-05	1
16	rs62056375	29857901	0	1.297250e-04	2.353744e-05	1
16	rs62057094	31128004	0	4.591005e-04	9.990163e-05	1
16	rs62057137	31182696	0	-5.055915e-04	-1.131389e-04	1
16	rs62057183	30744826	0	4.854460e-04	9.571602e-05	1
16	rs62057184	30745976	0	7.157628e-04	1.514912e-04	1
16	rs62057223	30801987	0	4.285243e-04	5.322475e-05	1
16	rs62057232	30820866	0	-5.576887e-04	-7.889337e-05	1
16	rs62057680	29986627	0	8.981092e-05	1.785747e-05	1
16	rs62057756	30117253	0	2.117964e-04	2.975363e-05	1
16	rs62059020	29669910	0	-6.211434e-04	-7.920303e-05	1
16	rs62059023	29681707	0	-1.498630e-04	-1.921632e-05	1
16	rs62059024	29681734	0	-2.142855e-04	-2.765385e-05	1
16	rs62059025	29692277	0	2.961260e-04	3.864247e-05	1
16	rs62060162	29710492	0	6.499302e-04	1.222230e-04	1
16	rs62060163	29710682	0	6.499302e-04	1.222230e-04	1
16	rs62060164	29711801	0	2.786862e-04	4.956188e-05	1
16	rs62060166	29713913	0	3.432291e-04	6.182711e-05	1
16	rs62060167	29715145	0	5.638090e-04	1.043598e-04	1
16	rs62622830	30770950	0	1.111301e-03	2.389464e-04	1
16	rs62639718	29281661	0	-8.521245e-04	-1.309355e-04	1
16	rs62639719	29281756	0	-5.795473e-04	-7.924965e-05	1
16	rs62639720	29281814	0	-3.121940e-04	-4.820236e-05	1
16	rs62639721	29281841	0	-9.941217e-04	-1.556783e-04	1
16	rs634395	29719579	0	-1.512558e-03	-3.186984e-04	1
16	rs634977	29733308	0	-8.572847e-04	-1.417172e-04	1
16	rs637460	29805803	0	-1.758974e-04	-3.991991e-05	1
16	rs645946	29734314	0	-7.661779e-04	-1.274738e-04	1
16	rs648559	29740645	0	-9.487980e-04	-1.659113e-04	1
16	rs6565169	29692692	0	1.192096e-03	1.999280e-04	1
16	rs6565173	29974167	0	5.746369e-04	7.535620e-05	1
16	rs6565174	30111904	0	4.635361e-04	9.545502e-05	1
16	rs6565176	30174926	0	-2.150930e-03	-4.559136e-04	1
16	rs6565180	30361341	0	2.293193e-03	5.661180e-04	1
16	rs6565182	30374381	0	2.428898e-03	7.456327e-04	1
16	rs6565183	30382755	1	2.296336e-03	5.923958e-04	1
16	rs6565191	30546488	0	1.124059e-03	1.734036e-04	1
16	rs6565193	30600260	0	4.118873e-04	9.934826e-05	1
16	rs6565195	30648547	0	3.151445e-04	4.034834e-05	1
16	rs6565196	30656594	0	3.805643e-04	4.951931e-05	1
16	rs6565197	30706477	0	3.947081e-04	5.062202e-05	1
16	rs6565201	30747191	1	5.633943e-04	7.377698e-05	1
16	rs6565207	30835963	0	4.641688e-04	5.804267e-05	1
16	rs6565214	31059639	0	4.447912e-04	6.976627e-05	1
16	rs6565217	31083324	0	-3.496011e-04	-4.510242e-05	1
16	rs6565225	31280661	0	8.397390e-04	1.314890e-04	1
16	rs6565227	31328991	0	3.967626e-04	6.707040e-05	1
16	rs6565228	31329280	0	3.967626e-04	6.707040e-05	1
16	rs6565375	29317861	0	4.128879e-04	5.446137e-05	1
16	rs66467443	30050494	2	9.854025e-06	1.256224e-06	1
16	rs66818723	29887215	0	1.038238e-03	1.639043e-04	1
16	rs67128646	30672097	0	3.045620e-04	4.461905e-05	1
16	rs67218159	30050505	0	1.340450e-05	1.705621e-06	1
16	rs67264578	30879395	0	-1.994117e-04	-2.847119e-05	1
16	rs67396493	29314454	0	5.072552e-05	9.712056e-06	1
16	rs67456513	30714828	0	5.612172e-04	7.379045e-05	1
16	rs67456613	30888295	0	-1.994117e-04	-2.847120e-05	1
16	rs67575585	30468890	0	7.906420e-04	1.436143e-04	1
16	rs67575668	29669560	0	-1.332823e-04	-2.818236e-05	1
16	rs67693285	30623979	0	1.223810e-03	1.963443e-04	1
16	rs67817011	30179098	0	-7.169391e-04	-1.505666e-04	1
16	rs6950	30995669	0	-7.135551e-04	-9.528554e-05	1
16	rs71277298	29732886	0	-1.375579e-04	-3.320906e-05	1
16	rs71387656	29297762	0	-4.243780e-05	-1.012363e-05	1
16	rs71389428	29842632	0	7.687173e-05	1.417596e-05	1
16	rs71389435	29907027	0	6.583664e-04	1.717516e-04	1
16	rs71389462	30326963	0	-1.511241e-04	-3.188592e-05	1
16	rs7184055	30640550	0	3.151445e-04	4.034827e-05	1
16	rs7184075	29287841	0	-1.723314e-04	-2.364684e-05	1
16	rs7184288	29935052	0	8.172383e-04	1.136729e-04	1
16	rs7184339	31288914	0	3.236970e-04	5.684132e-05	1
16	rs7184567	31021078	0	-5.657835e-04	-7.441369e-05	1
16	rs7184677	31289066	0	3.236970e-04	5.684131e-05	1
16	rs7184910	31229022	0	5.482804e-04	7.202398e-05	1
16	rs7184953	29315879	0	2.697646e-04	4.197490e-05	1
16	rs7185007	30927509	0	3.302740e-05	4.846963e-06	1
16	rs7185289	29303041	0	1.914660e-03	5.507478e-04	1
16	rs7185357	30443785	0	4.542473e-04	9.806857e-05	1
16	rs7185620	30648260	0	3.718646e-04	4.781137e-05	1
16	rs7185941	29267117	0	-7.114315e-05	-9.864635e-06	1
16	rs7186597	29292314	0	-1.723314e-04	-2.364684e-05	1
16	rs7186832	31230463	0	5.970939e-04	8.341248e-05	1
16	rs7186852	30635659	0	3.718646e-04	4.781137e-05	1
16	rs7187071	30644567	0	3.718646e-04	4.781136e-05	1
16	rs7187143	31179800	0	-6.233476e-04	-8.856204e-05	1
16	rs7187359	30703155	0	3.947081e-04	5.062194e-05	1
16	rs7187409	30497816	0	-8.601094e-05	-1.956406e-05	1
16	rs7187713	31319521	0	3.236970e-04	5.684130e-05	1
16	rs7187802	30639710	0	5.847230e-04	7.810623e-05	1
16	rs7187995	31112810	0	-7.695482e-04	-1.104086e-04	1
16	rs7188570	29314999	0	2.817540e-04	4.322217e-05	1
16	rs7188661	29287978	0	-1.723314e-04	-2.364684e-05	1
16	rs7188789	30640185	0	4.597116e-04	5.969091e-05	1
16	rs7189093	29288252	0	-1.723314e-04	-2.364684e-05	1
16	rs7189265	29288308	0	1.134853e-04	1.540940e-05	1
16	rs7189550	29911260	0	1.724069e-03	3.530483e-04	1
16	rs7189750	29911416	0	1.724069e-03	3.530482e-04	1
16	rs7189870	29735063	0	8.506883e-05	1.468539e-05	1
16	rs7190018	31301478	0	3.236970e-04	5.684129e-05	1
16	rs7190126	29267092	0	2.202417e-04	2.980034e-05	1
16	rs7190132	29752794	0	9.796799e-04	1.862222e-04	1
16	rs7190185	29962352	0	1.337543e-03	2.123545e-04	1
16	rs7190456	29264848	0	3.709931e-04	5.974817e-05	1
16	rs7190532	29302798	0	3.790071e-04	5.399899e-05	1
16	rs7190552	30471046	0	-1.835537e-04	-3.102827e-05	1
16	rs7190802	31163531	0	-1.199366e-03	-1.824650e-04	1
16	rs7190807	31301910	0	4.182773e-04	7.228247e-05	1
16	rs7190932	29303037	0	6.116670e-04	9.126162e-05	1
16	rs7191083	29303083	0	6.116670e-04	9.126162e-05	1
16	rs7191389	30636737	0	4.206063e-04	5.414686e-05	1
16	rs7191511	31290293	0	4.011396e-04	7.240387e-05	1
16	rs7191761	30645416	0	3.752947e-04	4.808056e-05	1
16	rs7191849	30023157	0	8.211303e-04	1.139830e-04	1
16	rs7192039	31290520	0	4.011396e-04	7.240387e-05	1
16	rs7192161	31331958	0	5.043359e-04	6.723402e-05	1
16	rs7192375	31338938	0	6.349096e-04	9.449430e-05	1
16	rs7192475	30828672	0	-2.525223e-04	-3.124931e-05	1
16	rs7192833	29317811	0	4.128879e-04	5.446130e-05	1
16	rs7193268	31340997	0	4.500950e-04	7.510557e-05	1
16	rs7193532	29962802	0	5.746369e-04	7.535601e-05	1
16	rs7193756	29749904	0	9.796799e-04	1.862221e-04	1
16	rs7193943	31271063	0	8.519808e-04	1.296462e-04	1
16	rs7194487	29262119	0	-1.451895e-03	-2.874927e-04	1
16	rs7195050	29711343	0	6.924026e-04	1.227273e-04	1
16	rs7195182	30169761	0	-2.027739e-03	-3.972763e-04	1
16	rs7195241	30469957	0	7.906420e-04	1.436142e-04	1
16	rs7195477	29288634	0	-1.723314e-04	-2.364684e-05	1
16	rs7195557	29683587	0	1.390604e-03	2.434754e-04	1
16	rs7195596	29749599	0	9.796799e-04	1.862221e-04	1
16	rs7195915	31344455	0	-1.345709e-05	-1.767783e-06	1
16	rs7195945	31344309	0	-1.345709e-05	-1.767785e-06	1
16	rs7196161	31110981	0	-5.005636e-04	-6.938285e-05	1
16	rs7196256	31273530	0	8.519808e-04	1.296462e-04	1
16	rs7196298	30528272	0	6.665280e-04	1.583095e-04	1
16	rs7196726	31092075	0	-3.496011e-04	-4.510242e-05	1
16	rs7196737	29287441	0	-1.723314e-04	-2.364684e-05	1
16	rs7197001	30155031	0	-1.787589e-03	-3.176749e-04	1
16	rs7197475	30642867	0	3.718646e-04	4.781129e-05	1
16	rs7197665	29585848	0	-9.080500e-04	-2.439838e-04	1
16	rs7197717	31083075	0	-3.496011e-04	-4.510242e-05	1
16	rs7197770	30715908	0	3.947081e-04	5.062188e-05	1
16	rs7198250	30746822	0	5.558494e-04	7.284726e-05	1
16	rs7198549	29657542	0	1.303528e-03	2.146904e-04	1
16	rs7198598	31319283	0	2.174989e-04	3.858942e-05	1
16	rs7199949	31096164	0	-3.496011e-04	-4.510242e-05	1
16	rs7200220	29314555	0	4.360947e-04	5.756708e-05	1
16	rs7200615	31337155	0	5.597549e-04	9.566728e-05	1
16	rs7200879	30947572	0	3.302740e-05	4.846919e-06	1
16	rs7201384	29924905	0	7.678646e-04	1.031121e-04	1
16	rs7201518	30082508	0	1.168971e-04	1.533039e-05	1
16	rs7201519	29859977	0	2.350887e-04	4.280995e-05	1
16	rs7201780	30147265	0	-1.354990e-03	-2.180640e-04	1
16	rs7201797	29287496	0	-1.723314e-04	-2.364684e-05	1
16	rs7201971	29290799	0	-1.723314e-04	-2.364684e-05	1
16	rs7202271	30022656	0	5.918310e-04	1.217244e-04	1
16	rs7202714	30177807	0	-1.862072e-03	-3.650813e-04	1
16	rs7202802	29289240	0	-5.009244e-04	-7.798437e-05	1
16	rs7203173	29244914	0	-9.685971e-06	-1.500100e-06	1
16	rs7203224	30061754	0	-1.753137e-05	-3.496894e-06	1
16	rs7203240	29268585	0	2.887984e-04	4.341456e-05	1
16	rs7203359	30400307	0	-2.208675e-03	-6.145022e-04	1
16	rs7203494	29288540	0	-1.723314e-04	-2.364682e-05	1
16	rs7203688	29288617	0	1.134853e-04	1.540942e-05	1
16	rs7203712	29716569	0	7.569455e-04	1.388532e-04	1
16	rs7203872	29288675	0	-1.723314e-04	-2.364682e-05	1
16	rs7203999	31017554	0	6.036527e-04	8.061994e-05	1
16	rs7204265	29270304	0	-7.412487e-05	-1.319786e-05	1
16	rs7204278	30730274	0	5.292439e-04	6.892639e-05	1
16	rs7204334	29303244	0	6.116670e-04	9.126162e-05	1
16	rs7204459	30984212	0	-5.294045e-04	-6.900216e-05	1
16	rs7204632	30644216	0	-3.784431e-05	-4.717474e-06	1
16	rs7204748	29267517	0	1.762047e-04	3.100781e-05	1
16	rs7204797	29968015	0	1.146058e-03	1.712985e-04	1
16	rs7204838	29270649	0	2.981719e-06	4.407830e-07	1
16	rs7204852	30040178	0	1.522038e-04	1.974868e-05	1
16	rs7205278	29754683	0	9.796799e-04	1.862221e-04	1
16	rs7205479	30644261	8	1.066629e-03	1.492637e-04	1
16	rs7205802	30114124	0	2.176954e-04	2.857689e-05	1
16	rs7206295	31336519	0	7.079752e-04	1.086673e-04	1
16	rs7206312	31322048	0	3.094554e-04	5.425438e-05	1
16	rs7206427	29258842	0	2.761307e-04	4.328306e-05	1
16	rs7206511	30950352	0	-5.772595e-04	-7.471987e-05	1
16	rs7206553	29255243	0	4.592816e-04	7.136381e-05	1
16	rs7206859	29293869	0	-1.723314e-04	-2.364682e-05	1
16	rs72483435	29752368	0	4.733002e-04	9.100224e-05	1
16	rs72785511	31059325	0	2.945449e-04	6.355931e-05	1
16	rs72785520	31070778	0	-6.495591e-05	-8.381792e-06	1
16	rs72785521	31078140	0	4.247348e-04	6.681762e-05	1
16	rs72785525	31080775	0	4.609577e-04	7.410173e-05	1
16	rs72785535	31094679	0	3.998502e-04	6.260209e-05	1
16	rs72785546	31119462	0	-7.647397e-05	-1.030124e-05	1
16	rs72785547	31119554	0	9.647191e-06	1.299852e-06	1
16	rs72785553	31138445	0	-7.647397e-05	-1.030124e-05	1
16	rs72785554	31139261	0	-4.922844e-04	-1.024465e-04	1
16	rs72785569	31178800	0	-2.094823e-04	-4.239215e-05	1
16	rs72785572	31187688	0	1.730227e-04	3.939096e-05	1
16	rs72791208	30035806	0	3.482100e-04	8.752261e-05	1
16	rs72791222	30059792	0	-1.179140e-03	-3.718521e-04	1
16	rs72791226	30091251	0	1.883075e-04	4.721307e-05	1
16	rs72791231	30111922	0	-1.408215e-03	-5.028001e-04	1
16	rs72791250	30349065	0	-1.337264e-03	-4.342842e-04	1
16	rs72791266	30458954	0	-2.167954e-04	-4.323925e-05	1
16	rs72791981	31327179	0	7.423674e-05	1.222647e-05	1
16	rs72793343	30556903	0	-4.885768e-05	-9.856324e-06	1
16	rs72793348	30573059	0	-4.764100e-04	-1.272719e-04	1
16	rs72793351	30602563	0	2.890923e-04	5.048337e-05	1
16	rs72793353	30623514	0	-3.540369e-04	-7.699727e-05	1
16	rs72793363	30671578	0	6.087493e-05	1.269641e-05	1
16	rs72793368	30685272	0	-7.607365e-04	-2.126443e-04	1
16	rs72793369	30703455	0	-7.607365e-04	-2.126443e-04	1
16	rs72793372	30718873	0	1.111301e-03	2.389463e-04	1
16	rs72793375	30737905	0	1.111301e-03	2.389462e-04	1
16	rs72793380	30758743	0	-7.601591e-05	-1.642533e-05	1
16	rs72793383	30785467	0	-4.026528e-05	-1.019539e-05	1
16	rs72795950	29234586	0	1.554957e-04	3.100288e-05	1
16	rs72798106	29658573	0	-2.503015e-05	-2.966252e-06	1
16	rs72798151	29933890	0	-5.539740e-04	-1.381654e-04	1
16	rs72799316	30827205	0	-4.044451e-04	-5.016569e-05	1
16	rs72799319	30852783	0	1.060264e-03	2.253572e-04	1
16	rs72799321	30874830	0	9.929616e-04	2.009758e-04	1
16	rs72799330	30893555	0	-1.994117e-04	-2.847131e-05	1
16	rs72799341	30936743	0	-2.692283e-05	-3.952804e-06	1
16	rs72799363	30981884	0	1.364006e-04	2.132419e-05	1
16	rs72799368	30988943	0	4.402704e-04	7.191118e-05	1
16	rs72800840	31009786	0	-4.150728e-05	-1.023434e-05	1
16	rs72800841	31014247	0	4.749436e-04	7.482217e-05	1
16	rs72800842	31015439	0	2.907930e-04	4.486112e-05	1
16	rs72800845	31020921	0	2.907930e-04	4.486111e-05	1
16	rs72800846	31020922	0	2.907930e-04	4.486111e-05	1
16	rs72800847	31022639	0	-7.782182e-04	-1.089631e-04	1
16	rs72800849	31023414	0	2.907930e-04	4.486110e-05	1
16	rs72800851	31023515	0	-2.940381e-04	-7.208575e-05	1
16	rs72800854	31036237	0	4.447912e-04	6.976614e-05	1
16	rs72800858	31047773	0	4.447912e-04	6.976614e-05	1
16	rs7294	31102321	0	-1.677860e-04	-2.163649e-05	1
16	rs729482	31016970	0	-8.791225e-04	-1.262128e-04	1
16	rs732173	31050023	0	-7.609895e-05	-9.831668e-06	1
16	rs73524459	29266200	0	-2.011348e-04	-3.536803e-05	1
16	rs73524556	30823162	0	-3.718042e-04	-4.575368e-05	1
16	rs73526294	29652229	0	-3.252728e-04	-7.003941e-05	1
16	rs73530179	30107781	0	4.018460e-04	5.381921e-05	1
16	rs73530203	31099859	0	-7.338733e-04	-1.006804e-04	1
16	rs73532550	30190487	0	-6.427645e-04	-1.109606e-04	1
16	rs73532600	30398677	7	-2.140215e-03	-4.855559e-04	1
16	rs735645	29242115	0	-1.451895e-03	-2.874927e-04	1
16	rs7359380	29902414	0	1.187267e-03	1.980090e-04	1
16	rs74017608	29327055	0	4.676902e-04	1.081518e-04	1
16	rs74017612	29335171	0	1.238824e-04	2.810922e-05	1
16	rs74017619	29437092	0	5.496173e-04	1.400341e-04	1
16	rs741810	31193942	0	-1.027157e-03	-1.595363e-04	1
16	rs74249933	29751163	0	9.796799e-04	1.862220e-04	1
16	rs74315902	30742669	0	5.066301e-04	1.376222e-04	1
16	rs74400203	30036049	0	-1.753137e-05	-3.496884e-06	1
16	rs74451468	30146257	0	1.161942e-04	2.458355e-05	1
16	rs74483355	30836430	0	-9.507661e-04	-2.081179e-04	1
16	rs74767856	30095734	0	-1.241907e-04	-2.471714e-05	1
16	rs74792333	31332129	0	-5.123720e-04	-1.209170e-04	1
16	rs74893465	29749194	0	4.733002e-04	9.100221e-05	1
16	rs749253	29241309	0	-1.337240e-03	-2.467537e-04	1
16	rs749670	31088625	0	-5.621223e-04	-7.824482e-05	1
16	rs749671	31088347	0	-2.892903e-04	-3.909933e-05	1
16	rs749767	31124407	0	3.690042e-04	5.182601e-05	1
16	rs7498372	29910725	0	1.957606e-03	4.418181e-04	1
16	rs7499077	31317505	0	4.709994e-04	6.140360e-05	1
16	rs7499192	31281751	0	7.622965e-04	1.170344e-04	1
16	rs7499339	30636777	0	3.638862e-04	4.660686e-05	1
16	rs7500073	29274563	0	-3.400483e-05	-4.683706e-06	1
16	rs7500176	31041137	0	-6.421864e-04	-8.732288e-05	1
16	rs7500719	30840877	0	5.896676e-04	7.999832e-05	1
16	rs750952	31093954	0	-1.677860e-04	-2.163645e-05	1
16	rs75231191	30788601	0	-9.507661e-04	-2.081178e-04	1
16	rs75281532	29607027	0	7.160982e-04	1.953192e-04	1
16	rs753130	29319599	0	-5.255201e-04	-8.052630e-05	1
16	rs7542	30125840	0	-8.648345e-04	-1.179039e-04	1
16	rs75422760	29748442	0	3.289319e-04	6.211179e-05	1
16	rs75460591	30392011	0	-4.138530e-04	-1.071203e-04	1
16	rs75500538	30782449	0	-9.507661e-04	-2.081178e-04	1
16	rs75516730	31262804	0	9.143604e-05	1.807269e-05	1
16	rs75549506	29933739	0	2.887164e-04	6.312931e-05	1
16	rs75585721	31033705	0	7.765530e-04	2.158380e-04	1
16	rs75586365	30996363	0	-6.269079e-04	-1.244069e-04	1
16	rs75586809	31090269	0	1.578709e-04	3.948363e-05	1
16	rs75721735	30079724	0	-1.753137e-05	-3.496874e-06	1
16	rs75771	29241928	0	-1.451895e-03	-2.874927e-04	1
16	rs75814811	29269862	0	-7.412487e-05	-1.319783e-05	1
16	rs75832891	30171625	0	-2.673546e-04	-5.153758e-05	1
16	rs76001209	29301974	0	3.790071e-04	5.399895e-05	1
16	rs76106647	30388890	0	-4.256317e-04	-1.104216e-04	1
16	rs76264759	29628208	0	5.447450e-04	1.438934e-04	1
16	rs76345698	30946165	0	-6.269079e-04	-1.244069e-04	1
16	rs76359228	30553899	0	-9.851708e-04	-1.837368e-04	1
16	rs76369024	29301967	0	3.790071e-04	5.399895e-05	1
16	rs76436263	29264833	0	3.200803e-04	5.125601e-05	1
16	rs76445101	29751561	0	9.796799e-04	1.862219e-04	1
16	rs76712312	29976076	0	1.864318e-04	4.363772e-05	1
16	rs76750340	31231066	0	5.045017e-04	1.274494e-04	1
16	rs767812	29316092	0	-3.188441e-04	-6.385695e-05	1
16	rs76834203	30156068	1	-3.368188e-04	-6.835345e-05	1
16	rs76840156	29965436	0	1.526466e-04	3.651381e-05	1
16	rs76919728	30933851	0	6.020096e-04	1.612196e-04	1
16	rs7698	30125800	0	-1.346568e-04	-2.739679e-05	1
16	rs77000650	29749969	0	4.733002e-04	9.100217e-05	1
16	rs77016006	30354216	0	-6.717635e-05	-1.044562e-05	1
16	rs77017255	29296898	0	-3.794843e-04	-6.908948e-05	1
16	rs77042391	30138432	0	-2.112584e-04	-5.129997e-05	1
16	rs77070948	30019821	0	1.695950e-04	3.644109e-05	1
16	rs77088799	30933547	0	5.912024e-04	1.581052e-04	1
16	rs77218983	31001268	0	2.235141e-04	5.526185e-05	1
16	rs77250249	30841085	0	-5.779253e-05	-1.463710e-05	1
16	rs77355772	31038048	0	7.765530e-04	2.158380e-04	1
16	rs77462351	29264820	0	1.522890e-04	2.402496e-05	1
16	rs77503088	30814764	0	4.859779e-04	1.174558e-04	1
16	rs77604316	30921487	0	-6.269079e-04	-1.244069e-04	1
16	rs77663651	29750851	0	5.859208e-04	1.155859e-04	1
16	rs77679610	30462291	0	-6.840001e-04	-1.829903e-04	1
16	rs77685267	30192435	0	-1.936949e-04	-3.759555e-05	1
16	rs77689392	30424412	0	-1.460629e-04	-3.715599e-05	1
16	rs77730873	30046763	0	1.375596e-04	3.405412e-05	1
16	rs77871165	30405895	0	-5.164389e-04	-1.247048e-04	1
16	rs78008308	30014976	0	1.526466e-04	3.651381e-05	1
16	rs78048980	29324276	0	7.159065e-04	1.617946e-04	1
16	rs78055730	29584446	0	-2.100929e-04	-4.941590e-05	1
16	rs78114333	29260000	0	4.247823e-04	6.396088e-05	1
16	rs78210758	30063191	0	-1.630521e-04	-3.380768e-05	1
16	rs78244732	29764804	0	1.071823e-03	2.449167e-04	1
16	rs78363733	30030333	0	-8.125600e-05	-1.668085e-05	1
16	rs78382251	30704893	0	-9.041373e-04	-1.901042e-04	1
16	rs78417606	29874855	0	2.348686e-04	5.813593e-05	1
16	rs78520265	29750947	0	4.733002e-04	9.100215e-05	1
16	rs78564187	30131777	0	1.086398e-05	2.134767e-06	1
16	rs78641771	30916404	0	6.020096e-04	1.612196e-04	1
16	rs78748952	31307384	0	2.140510e-04	3.979021e-05	1
16	rs78807581	30014975	0	1.526466e-04	3.651381e-05	1
16	rs78924645	31154358	1	-1.144795e-03	-1.922625e-04	1
16	rs78985803	30812608	0	-1.679675e-04	-3.743130e-05	1
16	rs79030220	31099582	0	-6.071644e-04	-1.266738e-04	1
16	rs79043334	29671016	0	-5.659235e-04	-1.400347e-04	1
16	rs79128613	30788236	0	-1.679675e-04	-3.743130e-05	1
16	rs79323299	30137608	0	-1.460629e-04	-3.715599e-05	1
16	rs79388979	31270616	0	1.719169e-04	4.342305e-05	1
16	rs79437555	29353130	0	6.442834e-04	1.800231e-04	1
16	rs79512505	30194328	0	-1.492360e-04	-2.915078e-05	1
16	rs79597785	30735038	0	6.095014e-04	1.605870e-04	1
16	rs79619339	30058313	0	-1.179140e-03	-3.718521e-04	1
16	rs79623117	30190891	0	-3.944615e-04	-9.510533e-05	1
16	rs79645868	31220394	0	-5.927466e-05	-1.487985e-05	1
16	rs79758803	29753925	0	4.733002e-04	9.100214e-05	1
16	rs79867441	29950820	0	-2.177610e-04	-4.481834e-05	1
16	rs79912852	31154345	0	-6.239111e-04	-1.322243e-04	1
16	rs79974799	30996795	0	-6.269079e-04	-1.244069e-04	1
16	rs80000693	30362813	0	-1.460629e-04	-3.715599e-05	1
16	rs80157007	30598966	0	7.840449e-04	2.145042e-04	1
16	rs80225586	30406410	0	-1.337264e-03	-4.342841e-04	1
16	rs80260207	30134251	0	-1.460629e-04	-3.715599e-05	1
16	rs80273739	29933901	0	5.291099e-04	1.344341e-04	1
16	rs80282267	30059960	0	4.636248e-04	1.170470e-04	1
16	rs80318951	30829668	0	-5.395109e-04	-7.191523e-05	1
16	rs8043811	29764279	0	1.710084e-03	4.534710e-04	1
16	rs8043883	30044581	0	1.522038e-04	1.974862e-05	1
16	rs8044075	31263867	0	7.511894e-04	1.092621e-04	1
16	rs8045252	30422415	0	1.983559e-03	6.220651e-04	1
16	rs8045351	29737351	0	5.914654e-04	1.073607e-04	1
16	rs8045570	30422565	0	1.927650e-03	5.863516e-04	1
16	rs8046001	30833321	0	-2.525223e-04	-3.124927e-05	1
16	rs8046258	29267784	0	-1.785824e-04	-3.125497e-05	1
16	rs8046445	30386262	0	-2.177320e-03	-5.565185e-04	1
16	rs8046707	30916233	0	-8.548894e-04	-1.206027e-04	1
16	rs8046764	29260696	0	4.405432e-04	7.137891e-05	1
16	rs8046978	31072909	0	4.247348e-04	6.681745e-05	1
16	rs8047104	31079505	0	5.297809e-04	8.481756e-05	1
16	rs8047140	29922988	0	1.128726e-03	2.422505e-04	1
16	rs8047453	29257145	0	2.761307e-04	4.328305e-05	1
16	rs8047664	30844546	0	6.909074e-04	1.869101e-04	1
16	rs8047803	31079834	3	3.051460e-04	3.894067e-05	1
16	rs8047985	31261241	0	6.566092e-04	9.337974e-05	1
16	rs8048011	30866966	0	7.142159e-04	1.925180e-04	1
16	rs8048139	30166626	0	-2.209455e-03	-4.762064e-04	1
16	rs8048228	31064060	0	4.247348e-04	6.681744e-05	1
16	rs8048433	29931593	0	9.441151e-04	1.332347e-04	1
16	rs8048448	30692208	0	5.558494e-04	7.284714e-05	1
16	rs8048750	29266272	0	1.355598e-04	1.852149e-05	1
16	rs8049052	29272871	0	1.130074e-04	1.556280e-05	1
16	rs8049108	30376486	0	2.412428e-03	6.466016e-04	1
16	rs8049399	29279209	0	-2.427357e-04	-3.327113e-05	1
16	rs8049837	30089438	0	-1.753137e-05	-3.496858e-06	1
16	rs8050107	30893451	0	2.814383e-04	3.996606e-05	1
16	rs8050132	29265186	0	-9.577107e-05	-1.669492e-05	1
16	rs8050330	30824970	0	-3.695575e-04	-4.641293e-05	1
16	rs8050576	29919792	0	6.250013e-04	8.320689e-05	1
16	rs8050588	30937799	0	5.902442e-04	7.705932e-05	1
16	rs8051050	30687909	0	8.280179e-04	1.206264e-04	1
16	rs8051304	31260012	0	6.566092e-04	9.337971e-05	1
16	rs8051721	30047920	0	-1.630521e-04	-3.380766e-05	1
16	rs8051833	29896390	0	1.760021e-03	3.666743e-04	1
16	rs8052245	30916430	0	-3.750991e-04	-4.763516e-05	1
16	rs8052324	31334682	0	8.687126e-04	1.386791e-04	1
16	rs8052502	29929728	0	1.770116e-05	2.174047e-06	1
16	rs8053114	29319922	0	-1.530797e-04	-2.111102e-05	1
16	rs8053518	29692132	0	8.573618e-04	1.443669e-04	1
16	rs8054172	29655864	0	-2.220101e-04	-2.637750e-05	1
16	rs8054272	29692224	0	1.551156e-03	3.009038e-04	1
16	rs8054337	29279597	0	-2.427357e-04	-3.327113e-05	1
16	rs8054507	30046042	0	1.522038e-04	1.974852e-05	1
16	rs8054556	29958216	0	8.074163e-04	1.103247e-04	1
16	rs8055315	30688412	0	7.348328e-04	1.050581e-04	1
16	rs8055413	29323508	0	3.621360e-04	8.461719e-05	1
16	rs8055661	30688584	0	7.422467e-04	1.056414e-04	1
16	rs8055762	29323692	0	3.621360e-04	8.461719e-05	1
16	rs8055867	29958215	0	-7.152818e-05	-1.467900e-05	1
16	rs8056114	29266333	0	-2.242518e-04	-3.588957e-05	1
16	rs8056216	30009589	0	6.872834e-04	1.455028e-04	1
16	rs8056276	31323916	0	3.967626e-04	6.707011e-05	1
16	rs8056419	29318077	0	4.312315e-04	8.592890e-05	1
16	rs8056505	31214898	0	5.272648e-04	7.301322e-05	1
16	rs8056535	29960468	0	9.534792e-04	1.334212e-04	1
16	rs8056842	31047330	0	-2.579141e-04	-3.314543e-05	1
16	rs8056929	30570011	0	2.117665e-04	3.904729e-05	1
16	rs8057141	29279028	0	2.893184e-04	3.868810e-05	1
16	rs8057320	31269551	0	9.100740e-04	1.322267e-04	1
16	rs8057332	29279114	0	-2.427357e-04	-3.327112e-05	1
16	rs8057425	30182541	0	-2.287628e-03	-5.183984e-04	1
16	rs8057883	29279402	0	-2.427357e-04	-3.327111e-05	1
16	rs8058049	29684572	0	2.708854e-04	3.544311e-05	1
16	rs8058472	30918289	0	5.074833e-04	8.544774e-05	1
16	rs8058578	30726248	0	7.863137e-04	1.127452e-04	1
16	rs8058765	30013457	0	3.060144e-04	6.119157e-05	1
16	rs8058824	29828710	0	7.687173e-05	1.417578e-05	1
16	rs8058928	30704312	0	4.804793e-04	6.258187e-05	1
16	rs8058961	30809063	0	7.653592e-04	1.063080e-04	1
16	rs8059475	30868485	0	1.683737e-04	2.404216e-05	1
16	rs8059516	29257291	0	2.761307e-04	4.328308e-05	1
16	rs8059619	29925445	0	1.770116e-05	2.173972e-06	1
16	rs8060163	31297146	0	7.423674e-05	1.222630e-05	1
16	rs8060268	31345280	0	4.226075e-04	6.141795e-05	1
16	rs8060295	29266170	0	-2.191420e-04	-3.511393e-05	1
16	rs8060511	30101596	0	1.168971e-04	1.533011e-05	1
16	rs8060853	30403858	0	-2.208675e-03	-6.144993e-04	1
16	rs8060857	31002720	0	-6.842295e-04	-9.074035e-05	1
16	rs8061029	29272747	0	1.130074e-04	1.556285e-05	1
16	rs8061047	31068960	0	-6.495591e-05	-8.381649e-06	1
16	rs8061634	29833414	0	7.687173e-05	1.417578e-05	1
16	rs8061729	31283576	0	3.391176e-04	4.398565e-05	1
16	rs8061772	30119525	0	9.696049e-05	1.755272e-05	1
16	rs8061773	29746166	0	8.898130e-04	1.684882e-04	1
16	rs8062082	29672582	0	6.769407e-04	1.495470e-04	1
16	rs8062426	31263553	0	5.911241e-04	8.325153e-05	1
16	rs8062695	29284412	0	-2.427357e-04	-3.327110e-05	1
16	rs8062719	31002664	0	1.042675e-05	1.326621e-06	1
16	rs8062730	29279180	1	7.034792e-05	9.461508e-06	1
16	rs8063005	30617698	0	3.092278e-04	5.377235e-05	1
16	rs8063282	29257288	0	4.592816e-04	7.136382e-05	1
16	rs8063490	29257435	0	4.592816e-04	7.136382e-05	1
16	rs8063565	30883965	0	2.814383e-04	3.996613e-05	1
16	rs8063700	30909244	0	-1.822840e-04	-2.740171e-05	1
16	rs8063720	30174531	0	-8.428896e-04	-1.586583e-04	1
16	rs8063942	30455434	0	4.542473e-04	9.806839e-05	1
16	rs8335	29869748	0	5.420944e-04	1.199740e-04	1
16	rs871886	29318553	0	-8.113367e-04	-1.319464e-04	1
16	rs871887	29318619	0	-8.113367e-04	-1.319464e-04	1
16	rs871888	29318906	0	-4.846308e-04	-7.363757e-05	1
16	rs881929	31079371	0	-3.877953e-04	-5.343844e-05	1
16	rs885107	30672719	0	3.947081e-04	5.062167e-05	1
16	rs889548	31137712	0	6.798166e-04	9.865736e-05	1
16	rs889549	31266951	0	5.399995e-04	7.612183e-05	1
16	rs889551	31260422	0	7.511894e-04	1.092620e-04	1
16	rs889555	31122571	0	-5.841295e-04	-8.461663e-05	1
16	rs897984	30886643	0	1.181230e-04	1.435510e-05	1
16	rs897986	30980902	0	-5.294045e-04	-6.900220e-05	1
16	rs930392	30194840	0	-2.135455e-03	-4.406243e-04	1
16	rs9319587	30833246	0	-5.073671e-04	-7.038739e-05	1
16	rs9319588	30930983	0	-5.772595e-04	-7.471990e-05	1
16	rs9673428	30548565	0	1.204181e-03	1.895738e-04	1
16	rs9673641	31039376	0	-6.569095e-04	-8.913204e-05	1
16	rs9745421	31326081	0	4.672180e-04	7.999424e-05	1
16	rs9746394	31300769	0	4.925140e-04	6.489871e-05	1
16	rs9783783	30078492	0	4.118639e-04	5.501214e-05	1
16	rs9788865	31009588	0	-1.159844e-03	-1.870748e-04	1
16	rs9796793	30495652	0	-9.706729e-05	-2.208247e-05	1
16	rs9796794	31081585	0	-5.621223e-04	-7.824472e-05	1
16	rs9796842	30876208	0	1.683737e-04	2.404220e-05	1
16	rs9806804	30556490	0	-1.378234e-04	-2.734150e-05	1
16	rs9888739	31313253	0	3.967626e-04	6.707006e-05	1
16	rs9888879	31310372	0	3.967626e-04	6.707005e-05	1
16	rs9888967	30407979	0	-1.486286e-03	-2.718503e-04	1
16	rs9921268	29280801	0	-8.521245e-04	-1.309353e-04	1
16	rs9921711	30394541	0	-2.580400e-03	-9.536761e-04	1
16	rs9921783	29839449	0	7.687173e-05	1.417577e-05	1
16	rs9921835	30811891	0	7.653592e-04	1.063079e-04	1
16	rs9922041	30110467	0	2.176954e-04	2.857660e-05	1
16	rs9922666	29698625	0	-2.476619e-04	-3.711779e-05	1
16	rs9922766	31286030	0	3.021824e-04	5.263126e-05	1
16	rs9923270	31255784	0	-1.214515e-03	-2.000803e-04	1
16	rs9923341	29698710	0	-6.526143e-04	-1.046986e-04	1
16	rs9923357	31286014	0	3.021824e-04	5.263125e-05	1
16	rs9923649	29832138	0	7.687173e-05	1.417577e-05	1
16	rs9923767	31305290	0	3.967626e-04	6.707001e-05	1
16	rs9924077	30606489	0	4.118873e-04	9.934802e-05	1
16	rs9924308	30154740	0	-1.787589e-03	-3.176726e-04	1
16	rs9924686	30003076	0	4.992739e-04	6.497596e-05	1
16	rs9925025	30644899	0	4.220557e-04	5.477554e-05	1
16	rs9925102	29983148	0	8.865442e-04	1.233695e-04	1
16	rs9925915	29993686	0	1.172361e-03	1.752016e-04	1
16	rs9925964	31129895	0	5.508194e-04	7.825752e-05	1
16	rs9925985	31305593	0	4.709994e-04	6.140327e-05	1
16	rs9926533	31014179	0	1.288579e-04	1.700999e-05	1
16	rs9927137	30634300	0	1.341209e-03	2.257940e-04	1
16	rs9927295	31077409	0	-5.527703e-04	-8.550647e-05	1
16	rs9928372	31312053	0	3.967626e-04	6.706999e-05	1
16	rs9928448	30072530	0	2.235564e-04	2.935631e-05	1
16	rs9928572	30743522	0	-3.947081e-04	-5.062160e-05	1
16	rs9928749	31306320	0	3.967626e-04	6.706998e-05	1
16	rs9929469	29281066	0	-8.521245e-04	-1.309353e-04	1
16	rs9929899	31062701	0	-4.981695e-04	-6.986851e-05	1
16	rs9929925	29763764	0	1.490353e-03	3.441415e-04	1
16	rs9930280	30503414	0	-8.266212e-04	-1.215536e-04	1
16	rs9930524	31312006	0	3.967626e-04	6.706997e-05	1
16	rs9932193	30068469	0	3.096776e-04	4.063513e-05	1
16	rs9932196	29983119	0	8.865442e-04	1.233695e-04	1
16	rs9932416	29682494	0	1.411191e-03	2.537358e-04	1
16	rs9932556	31247078	0	-1.027157e-03	-1.595359e-04	1
16	rs9932572	30841642	0	-3.633452e-04	-4.575236e-05	1
16	rs9932605	30092048	0	2.030182e-04	2.654470e-05	1
16	rs9932653	29865673	0	2.350887e-04	4.280979e-05	1
16	rs9932702	29982961	0	8.943834e-04	1.242305e-04	1
16	rs9933310	29690904	0	6.403002e-04	8.600772e-05	1
16	rs9933358	30182074	0	-5.390720e-04	-9.991692e-05	1
16	rs9933431	29280425	0	-5.663079e-04	-8.225616e-05	1
16	rs9933520	31343386	0	5.457245e-04	9.284882e-05	1
16	rs9933875	30815838	0	-3.718042e-04	-4.575371e-05	1
16	rs9933937	31307622	0	4.110561e-04	6.866367e-05	1
16	rs9934249	30833912	0	3.092424e-04	3.856569e-05	1
16	rs9934360	29588933	0	1.629499e-04	3.477547e-05	1
16	rs9934438	31104878	0	-2.892903e-04	-3.909922e-05	1
16	rs9934579	30474856	0	7.188494e-04	1.321081e-04	1
16	rs9934724	29303629	0	6.116670e-04	9.126155e-05	1
16	rs9934806	30593059	0	1.936398e-04	3.343491e-05	1
16	rs9935557	29283463	0	-8.521245e-04	-1.309353e-04	1
16	rs9936065	30409699	0	-6.491460e-04	-1.642720e-04	1
16	rs9936329	31140799	0	6.070736e-04	8.678949e-05	1
16	rs9936474	29932691	0	1.770116e-05	2.173743e-06	1
16	rs9936496	29758793	0	1.709036e-03	4.444875e-04	1
16	rs9936831	31287148	0	3.021824e-04	5.263118e-05	1
16	rs9937600	29277513	1	2.151998e-05	2.854499e-06	1
16	rs9937645	31311998	0	3.314546e-04	5.861336e-05	1
16	rs9937837	31298939	0	4.925140e-04	6.489855e-05	1
16	rs9938050	30947904	0	-5.446187e-04	-6.970264e-05	1
16	rs9938063	31302938	0	3.236970e-04	5.684091e-05	1
16	rs9938088	30830004	0	-2.023312e-04	-2.508104e-05	1
16	rs9938177	31278991	0	7.037317e-04	1.039022e-04	1
16	rs9938630	29837108	0	5.843801e-04	1.067221e-04	1
16	rs9939286	31162303	0	6.247313e-04	8.307605e-05	1
16	rs9939417	31053467	0	-3.059992e-04	-4.189808e-05	1
16	rs9939514	29855731	0	2.350887e-04	4.280977e-05	1
16	rs9939558	31038687	0	-4.250647e-04	-5.863436e-05	1
16	rs9939679	31288121	0	2.478032e-04	4.188917e-05	1
16	rs9939774	30068354	0	-5.793560e-05	-8.122577e-06	1
16	rs9940397	31303201	0	4.088972e-04	7.436154e-05	1
16	rs9940440	29684788	0	1.483960e-04	1.897261e-05	1
16	rs9940962	29703334	0	3.465955e-04	6.302870e-05	1
16	rs9972727	31149142	0	-4.574979e-04	-6.392176e-05	1
16	rs9989432	31225189	0	-2.370032e-04	-4.093193e-05	1
