chr	rs	ps	n_miss	b	beta	gamma
19	rs1004526	58588849	0	-6.913429e-04	-8.710556e-05	1
19	rs1005050	58949579	0	2.611246e-04	3.280540e-05	1
19	rs101447	58720717	0	6.242261e-04	7.403218e-05	1
19	rs1014767	58528303	0	-8.238455e-04	-9.757205e-05	1
19	rs1015224	58724380	0	-2.503425e-05	-3.793937e-06	1
19	rs1019490	58610559	0	1.116637e-03	1.401521e-04	1
19	rs1020054	58987301	0	-6.865097e-04	-1.052960e-04	1
19	rs10401711	58624499	0	1.900513e-04	2.466296e-05	1
19	rs10402098	58624615	0	1.900513e-04	2.466296e-05	1
19	rs10402211	58652341	0	7.468253e-04	9.401057e-05	1
19	rs10402307	58624732	0	1.905708e-04	2.325779e-05	1
19	rs10402325	58913507	0	-5.002031e-04	-6.272740e-05	1
19	rs10403117	58744033	0	5.966914e-04	8.585697e-05	1
19	rs10404798	58628509	0	1.900513e-04	2.466295e-05	1
19	rs10405350	58628515	0	4.034588e-04	5.256516e-05	1
19	rs10405769	58917418	0	-1.133137e-03	-1.401013e-04	1
19	rs10406593	58917575	0	-7.966062e-04	-1.009998e-04	1
19	rs10407096	58887170	0	-1.875697e-04	-2.131308e-05	1
19	rs10407616	58896384	0	3.944747e-04	5.452490e-05	1
19	rs10407894	58625081	0	1.900513e-04	2.466294e-05	1
19	rs10409388	58604114	0	-2.228833e-04	-2.560992e-05	1
19	rs10410171	59097308	0	4.071221e-04	4.665319e-05	1
19	rs10411535	58708526	0	9.589528e-04	1.173216e-04	1
19	rs10411892	58923725	0	-7.966062e-04	-1.009997e-04	1
19	rs10412181	58814507	0	-3.315509e-04	-3.836861e-05	1
19	rs10412209	58629463	0	1.955145e-04	2.518050e-05	1
19	rs10412612	58632446	0	1.900513e-04	2.466292e-05	1
19	rs10413586	59071321	0	-3.790066e-04	-4.319455e-05	1
19	rs10414125	59064327	0	-2.312525e-05	-3.284636e-06	1
19	rs10415286	58720992	0	1.304410e-03	1.697161e-04	1
19	rs10415313	58675417	0	1.193888e-03	1.644928e-04	1
19	rs10416149	58964306	0	-6.537605e-04	-7.657450e-05	1
19	rs10417092	58915193	0	-5.259947e-04	-6.438671e-05	1
19	rs10417104	58923866	0	-1.244459e-03	-1.590145e-04	1
19	rs10419091	58723359	0	2.753365e-04	3.447453e-05	1
19	rs10419259	58630192	0	2.046308e-04	2.498931e-05	1
19	rs10420221	58794026	0	8.690162e-04	1.122432e-04	1
19	rs10420540	58521290	0	-1.231859e-03	-1.850082e-04	1
19	rs10420801	58609457	0	-1.195395e-03	-1.680234e-04	1
19	rs10421140	58609376	0	-6.677790e-04	-8.749340e-05	1
19	rs10421350	58609443	0	-1.195395e-03	-1.680234e-04	1
19	rs10422127	58609220	0	-2.180328e-04	-2.904902e-05	1
19	rs10422438	58523444	0	-1.546055e-03	-2.393395e-04	1
19	rs10422730	58618747	0	5.284884e-04	6.958478e-05	1
19	rs10423138	58928302	0	-1.133137e-03	-1.401011e-04	1
19	rs10423778	58627574	0	5.611645e-05	6.822136e-06	1
19	rs10424179	58627725	0	5.611645e-05	6.822132e-06	1
19	rs10425266	58694416	0	5.872377e-04	7.534009e-05	1
19	rs10425685	58703085	0	5.872377e-04	7.534008e-05	1
19	rs10432292	59036273	0	3.317241e-04	4.660336e-05	1
19	rs10448	59093239	0	4.054498e-04	4.632180e-05	1
19	rs10469313	58892510	0	-1.959898e-04	-2.218505e-05	1
19	rs1051500	58944402	0	-1.133137e-03	-1.401011e-04	1
19	rs1057402	58580277	0	-7.064503e-04	-8.826280e-05	1
19	rs1058144	59075115	0	-4.747313e-04	-6.580265e-05	1
19	rs1064267	58597405	0	4.292257e-04	5.511854e-05	1
19	rs1077420	58968875	0	-1.184452e-03	-1.475712e-04	1
19	rs10775573	58614974	0	1.116637e-03	1.401519e-04	1
19	rs10775574	58615053	0	1.116637e-03	1.401519e-04	1
19	rs1080416	58559785	0	-2.406648e-04	-2.974360e-05	1
19	rs10853902	58614749	0	1.116637e-03	1.401518e-04	1
19	rs10853903	58714926	0	3.149207e-04	3.943008e-05	1
19	rs10853904	58885260	0	3.321088e-04	4.687633e-05	1
19	rs10878	58595676	0	1.237640e-04	1.534902e-05	1
19	rs1107399	58955556	0	2.626176e-04	3.258087e-05	1
19	rs11084528	58527472	0	4.685863e-04	5.285561e-05	1
19	rs11084531	58582586	0	3.684270e-04	4.271396e-05	1
19	rs11084532	58583939	0	3.684270e-04	4.271396e-05	1
19	rs11084534	58613950	0	1.116637e-03	1.401518e-04	1
19	rs11084535	58614035	0	1.116637e-03	1.401518e-04	1
19	rs11084537	58629227	0	-1.688928e-04	-2.233202e-05	1
19	rs11084538	58629238	0	4.034588e-04	5.256503e-05	1
19	rs11084542	58932099	0	-4.478525e-04	-5.673247e-05	1
19	rs11084543	58932701	0	-4.478525e-04	-5.673246e-05	1
19	rs11084544	58940127	0	-4.478525e-04	-5.673246e-05	1
19	rs11084545	58951693	0	-9.463088e-04	-1.130625e-04	1
19	rs111426967	58526736	0	-4.466653e-04	-6.365503e-05	1
19	rs111476488	58632584	0	-6.951027e-04	-9.247454e-05	1
19	rs111497992	58952247	0	4.366706e-04	6.653140e-05	1
19	rs111728832	58712814	0	3.278050e-05	5.004139e-06	1
19	rs111785442	59088450	0	2.808747e-04	4.131470e-05	1
19	rs111938040	58682195	0	9.140193e-05	1.373419e-05	1
19	rs111961880	58521852	0	-9.604132e-04	-1.541392e-04	1
19	rs112047932	59096384	0	6.290326e-04	9.776322e-05	1
19	rs112072625	58851928	0	-4.963289e-04	-7.114481e-05	1
19	rs112121304	58747493	0	5.940382e-05	8.371476e-06	1
19	rs1122955	58946203	0	-4.478525e-04	-5.673244e-05	1
19	rs112380274	58538047	0	-1.220784e-04	-1.785417e-05	1
19	rs112404933	59051273	4	-1.187222e-03	-1.832356e-04	1
19	rs112495529	59086341	0	-4.152970e-04	-5.902452e-05	1
19	rs112630877	58713159	0	2.094781e-04	3.009249e-05	1
19	rs112710702	58907700	0	2.877809e-04	4.359757e-05	1
19	rs112807223	58957572	0	1.111939e-04	1.682202e-05	1
19	rs112809147	58521822	0	-2.528664e-04	-3.568291e-05	1
19	rs112884174	58795474	0	5.174105e-04	6.337555e-05	1
19	rs112905868	58696543	0	5.474317e-04	7.039856e-05	1
19	rs112923015	58843344	0	-4.963289e-04	-7.114481e-05	1
19	rs113038922	58848825	4	-1.178174e-04	-1.720550e-05	1
19	rs113128193	59054938	0	4.964119e-04	7.562690e-05	1
19	rs113129007	58572389	0	4.068495e-05	6.131770e-06	1
19	rs113234672	59044327	0	-3.612253e-04	-5.098241e-05	1
19	rs113267181	59018390	0	-9.200026e-04	-1.213840e-04	1
19	rs113368366	59098134	0	-3.937544e-04	-5.393240e-05	1
19	rs113630669	59008097	9	-6.866361e-04	-8.748842e-05	1
19	rs113702420	58728671	0	-2.503425e-05	-3.793929e-06	1
19	rs113742427	59035589	0	-6.829809e-04	-8.687626e-05	1
19	rs113744797	58793000	0	-2.578527e-04	-3.886838e-05	1
19	rs113747485	58702661	0	2.186486e-04	3.095970e-05	1
19	rs113782954	58521588	0	-1.550124e-03	-2.402680e-04	1
19	rs113896796	58999674	0	4.456935e-04	6.935404e-05	1
19	rs113896797	58522122	0	-1.484725e-03	-2.239475e-04	1
19	rs113897676	58526091	1	-4.508206e-04	-6.368250e-05	1
19	rs113909979	58843146	0	-4.963289e-04	-7.114481e-05	1
19	rs113992190	58531244	0	-2.528664e-04	-3.568290e-05	1
19	rs114393548	58963349	0	2.642626e-04	3.258407e-05	1
19	rs11486499	59017417	0	-8.554029e-05	-9.596679e-06	1
19	rs115134660	58671275	0	5.361957e-04	7.999457e-05	1
19	rs11545185	59028585	0	3.963209e-04	5.083291e-05	1
19	rs11665688	58953762	0	-3.471967e-04	-4.395295e-05	1
19	rs11666156	58790359	0	1.929816e-04	2.182835e-05	1
19	rs11666227	58573559	0	4.397037e-04	5.121936e-05	1
19	rs11666303	58922502	0	-4.478525e-04	-5.673244e-05	1
19	rs11666477	58777937	0	8.136576e-04	9.857086e-05	1
19	rs11666502	58953826	0	-3.471967e-04	-4.395294e-05	1
19	rs11666610	58527828	0	4.091717e-04	4.556665e-05	1
19	rs11666716	58920952	0	-4.478525e-04	-5.673244e-05	1
19	rs11666790	59033341	0	3.742952e-04	4.290430e-05	1
19	rs11666928	58914231	0	-4.241571e-04	-5.327959e-05	1
19	rs11667482	58568958	0	5.598790e-04	6.201432e-05	1
19	rs11667581	58622193	0	1.026502e-03	1.267570e-04	1
19	rs11667723	58927489	0	-4.478525e-04	-5.673243e-05	1
19	rs11668071	58973141	0	-5.117158e-04	-8.020597e-05	1
19	rs11668201	59003632	0	1.397599e-04	1.781153e-05	1
19	rs11668350	58775813	0	5.685652e-04	6.861082e-05	1
19	rs11668420	58937836	0	-4.478525e-04	-5.673242e-05	1
19	rs11668757	58928299	0	-6.385173e-04	-8.273813e-05	1
19	rs11668785	58780089	0	8.179723e-04	9.914482e-05	1
19	rs11668789	58928309	0	-4.478525e-04	-5.673242e-05	1
19	rs11668814	58946833	0	-4.478525e-04	-5.673242e-05	1
19	rs11668821	58955813	0	-3.488418e-04	-4.420092e-05	1
19	rs11669093	58912795	0	-5.732171e-04	-8.156653e-05	1
19	rs11669127	59003830	0	-1.248936e-05	-1.591850e-06	1
19	rs11669305	58886431	0	8.353128e-04	1.169059e-04	1
19	rs11669345	59062259	0	4.714744e-04	6.079802e-05	1
19	rs11669347	58951632	0	4.479525e-04	5.663811e-05	1
19	rs11669373	58798685	0	3.444853e-04	3.939072e-05	1
19	rs11669378	58951686	0	4.366553e-04	5.515370e-05	1
19	rs11669464	58998901	0	2.009243e-04	2.601229e-05	1
19	rs11669526	58998914	0	2.009243e-04	2.601229e-05	1
19	rs11669665	58931885	2	-4.054297e-04	-5.122616e-05	1
19	rs11669741	58960481	0	-1.218917e-03	-1.530678e-04	1
19	rs11669829	58624120	0	1.900513e-04	2.466279e-05	1
19	rs11669919	58580394	0	3.684270e-04	4.271397e-05	1
19	rs11670035	58573649	0	5.823273e-04	6.948269e-05	1
19	rs11670075	58751393	0	6.540253e-04	7.923249e-05	1
19	rs11670192	59017640	0	4.443477e-04	5.683091e-05	1
19	rs11670322	58917125	0	2.611246e-04	3.280554e-05	1
19	rs11670347	58917040	0	2.256354e-04	2.848320e-05	1
19	rs11670764	58992896	0	-4.431856e-04	-5.118883e-05	1
19	rs11670848	58580962	0	3.684270e-04	4.271396e-05	1
19	rs11670864	59030580	0	5.666755e-04	7.371265e-05	1
19	rs11670871	58940514	0	-4.478525e-04	-5.673239e-05	1
19	rs11671033	58963669	0	-6.294915e-05	-8.024301e-06	1
19	rs11671092	59009109	0	5.953933e-04	7.982893e-05	1
19	rs11671113	58958087	0	-1.218917e-03	-1.530678e-04	1
19	rs11671199	58722673	0	1.526223e-04	1.896959e-05	1
19	rs11671477	58800346	0	3.444853e-04	3.939069e-05	1
19	rs11671486	58793064	0	2.254762e-04	2.573007e-05	1
19	rs11671591	58918337	0	-4.478525e-04	-5.673238e-05	1
19	rs11671725	58587046	0	3.684270e-04	4.271396e-05	1
19	rs11672212	59018821	0	-1.530937e-04	-2.191031e-05	1
19	rs11672258	58934685	0	-4.478525e-04	-5.673237e-05	1
19	rs11672379	58575800	0	-1.074877e-03	-1.374916e-04	1
19	rs11672609	59006924	0	5.786267e-04	7.815468e-05	1
19	rs11672614	59006984	0	5.786267e-04	7.815468e-05	1
19	rs11672645	58718698	0	8.739917e-04	1.131375e-04	1
19	rs11672730	59007203	0	5.786267e-04	7.815468e-05	1
19	rs11672765	58801758	0	-9.472487e-04	-1.142794e-04	1
19	rs11672773	58801784	0	-9.014531e-04	-1.081090e-04	1
19	rs11673069	58934918	0	-6.385173e-04	-8.273808e-05	1
19	rs11673101	58995053	0	-5.880622e-05	-7.644715e-06	1
19	rs11673436	58576358	0	3.684270e-04	4.271395e-05	1
19	rs11673465	59038895	0	8.660328e-04	1.160839e-04	1
19	rs11673550	58777337	0	2.592866e-04	2.896874e-05	1
19	rs11673557	58777390	0	2.208710e-04	2.471419e-05	1
19	rs11673703	58983549	0	-6.822322e-04	-1.002715e-04	1
19	rs116922203	58537659	0	-1.695170e-04	-2.561378e-05	1
19	rs116938565	58752980	0	-3.297254e-04	-4.853393e-05	1
19	rs117121674	58619217	0	-2.655571e-04	-4.115647e-05	1
19	rs117207849	58645844	0	4.468408e-05	6.821766e-06	1
19	rs117233340	58531540	0	-3.093837e-04	-4.710027e-05	1
19	rs117316552	59087901	0	6.290326e-04	9.776322e-05	1
19	rs117415600	58985438	0	1.623165e-04	2.459733e-05	1
19	rs117465682	58954770	0	1.623165e-04	2.459733e-05	1
19	rs117482759	58808414	0	3.370273e-04	5.193823e-05	1
19	rs117509647	58580355	0	3.837577e-05	5.707731e-06	1
19	rs117591817	58875573	0	-4.633119e-04	-7.300797e-05	1
19	rs117625253	59097933	0	3.233214e-04	4.878715e-05	1
19	rs117667229	58690935	0	-2.826842e-04	-4.222620e-05	1
19	rs117761389	58665641	0	-1.268269e-04	-1.925052e-05	1
19	rs117800501	58649809	0	3.247150e-04	4.915909e-05	1
19	rs117831716	58571600	0	-2.324114e-05	-3.513182e-06	1
19	rs117962485	58794158	0	5.271956e-04	8.368413e-05	1
19	rs118058287	58726678	0	7.651948e-04	1.203280e-04	1
19	rs118098469	59027453	0	-4.004513e-04	-6.095143e-05	1
19	rs118122480	58697975	0	-1.879395e-04	-2.901000e-05	1
19	rs118165397	58873238	0	3.914519e-04	5.738464e-05	1
19	rs11878198	58920302	0	-4.478525e-04	-5.673237e-05	1
19	rs11878203	58920050	0	-4.478525e-04	-5.673237e-05	1
19	rs11879192	58613591	0	1.116637e-03	1.401516e-04	1
19	rs11879575	58660968	0	-1.752247e-04	-2.237680e-05	1
19	rs11879748	58613819	0	1.116637e-03	1.401515e-04	1
19	rs11879808	58876517	0	4.502060e-05	6.170523e-06	1
19	rs11881000	58932788	0	-4.478525e-04	-5.673236e-05	1
19	rs11881126	58523990	0	7.317682e-04	8.419168e-05	1
19	rs11882226	59064636	0	-1.785087e-04	-2.540728e-05	1
19	rs11882439	58730564	0	1.016579e-03	1.374193e-04	1
19	rs11883119	58750511	0	-3.112794e-04	-4.561783e-05	1
19	rs11883136	58750671	0	-3.297254e-04	-4.853392e-05	1
19	rs12052202	59048311	0	4.347184e-04	6.396947e-05	1
19	rs12151036	58714235	0	3.833433e-04	4.821421e-05	1
19	rs12459294	58878494	0	2.259284e-04	3.154107e-05	1
19	rs12459340	58878484	0	-5.970423e-05	-6.677650e-06	1
19	rs12459664	58883817	0	3.321088e-04	4.687632e-05	1
19	rs12459668	58883897	0	1.892412e-04	2.746207e-05	1
19	rs12459942	58678797	0	-1.268269e-04	-1.925053e-05	1
19	rs12460016	58784640	0	5.319114e-05	6.567272e-06	1
19	rs12460050	58666109	0	2.485377e-04	3.029671e-05	1
19	rs12460553	58903304	0	7.386085e-04	8.986133e-05	1
19	rs12460623	58903574	0	7.784145e-04	9.536534e-05	1
19	rs12460974	58537461	0	5.334741e-04	6.333588e-05	1
19	rs12461217	58579927	0	-9.194939e-04	-1.149681e-04	1
19	rs12461356	58668553	0	1.408187e-03	1.960008e-04	1
19	rs12461832	58611210	0	1.116637e-03	1.401515e-04	1
19	rs12462307	58784732	0	2.806502e-04	3.307647e-05	1
19	rs12462495	59089792	0	7.186176e-04	1.135875e-04	1
19	rs12462497	58964424	0	6.025745e-04	8.891094e-05	1
19	rs12462787	58801360	0	1.860666e-04	2.297186e-05	1
19	rs12608795	58896477	0	2.175338e-05	2.567689e-06	1
19	rs12609270	58888787	0	1.347186e-04	1.500671e-05	1
19	rs12611047	58889108	0	-2.130581e-04	-2.418145e-05	1
19	rs1265953	58854566	0	5.735371e-04	8.272525e-05	1
19	rs1265954	58854600	0	4.963289e-04	7.114477e-05	1
19	rs1265955	58856812	0	4.579134e-04	6.555395e-05	1
19	rs1265956	58857131	0	4.804439e-04	6.727523e-05	1
19	rs1265957	58858676	0	-1.717345e-04	-2.577629e-05	1
19	rs1265961	58860387	0	3.039518e-04	3.810262e-05	1
19	rs1268538	58853363	0	-4.963289e-04	-7.114476e-05	1
19	rs12971534	58541508	0	-2.371265e-04	-3.013341e-05	1
19	rs12971923	58634625	0	7.128480e-04	8.947607e-05	1
19	rs12971940	58541514	0	-1.767254e-04	-2.244697e-05	1
19	rs12972034	58690818	0	7.770686e-04	9.906497e-05	1
19	rs12972054	58735053	0	1.282361e-03	1.839508e-04	1
19	rs12972201	59035989	0	3.317241e-04	4.660329e-05	1
19	rs12972400	59036000	0	-1.404888e-04	-2.050045e-05	1
19	rs12972438	58728126	0	7.405349e-04	9.322106e-05	1
19	rs12972443	58757870	0	6.540253e-04	7.923237e-05	1
19	rs12972597	59036021	0	-1.773445e-04	-2.565444e-05	1
19	rs12972636	59036119	0	-1.773445e-04	-2.565444e-05	1
19	rs12972884	58749797	0	7.120913e-04	8.664305e-05	1
19	rs12972898	58956888	0	-3.488418e-04	-4.420087e-05	1
19	rs12972962	59036017	0	-1.404888e-04	-2.050045e-05	1
19	rs12973189	58618974	0	8.359314e-04	9.915434e-05	1
19	rs12973218	58729931	0	7.633653e-04	9.872493e-05	1
19	rs12973231	58729904	0	7.633653e-04	9.872492e-05	1
19	rs12973458	58729973	0	1.016579e-03	1.374192e-04	1
19	rs12973718	58580615	0	1.863369e-04	2.386305e-05	1
19	rs12974045	58612080	1	5.198095e-04	5.869399e-05	1
19	rs12974312	58612154	0	1.116637e-03	1.401514e-04	1
19	rs12975369	58693418	0	6.943784e-04	8.809950e-05	1
19	rs12975659	58612122	0	1.346495e-04	1.774087e-05	1
19	rs12975995	58553864	0	-1.691138e-04	-2.121027e-05	1
19	rs12976331	58751639	0	6.333732e-04	7.734362e-05	1
19	rs12976771	58614336	0	1.116637e-03	1.401513e-04	1
19	rs12976842	58614404	0	1.116637e-03	1.401513e-04	1
19	rs12976966	58647516	0	-2.602827e-04	-3.335440e-05	1
19	rs12977251	58605521	0	1.561319e-03	2.181759e-04	1
19	rs12977390	58614604	0	1.116637e-03	1.401513e-04	1
19	rs12977592	58961056	0	-1.483180e-03	-2.064534e-04	1
19	rs12977863	58702050	0	6.943784e-04	8.809945e-05	1
19	rs12977929	58688430	0	6.909219e-04	8.699565e-05	1
19	rs12978129	58725724	0	7.455323e-04	9.454802e-05	1
19	rs12978139	58732605	0	1.026269e-03	1.390868e-04	1
19	rs12978152	58732656	0	1.049914e-03	1.336317e-04	1
19	rs12978231	58614357	0	1.116637e-03	1.401512e-04	1
19	rs12979108	58732779	0	1.026269e-03	1.390867e-04	1
19	rs12979415	58952608	0	-4.740956e-06	-7.099034e-07	1
19	rs12979906	58732532	0	8.787155e-04	1.076367e-04	1
19	rs12980120	58618223	0	1.609175e-04	2.102320e-05	1
19	rs12980208	58860812	0	4.790758e-04	6.837048e-05	1
19	rs12980211	58611169	0	1.116637e-03	1.401512e-04	1
19	rs12980299	58787473	0	2.254762e-04	2.572987e-05	1
19	rs12980430	59002009	0	-1.675342e-03	-2.536194e-04	1
19	rs12980623	58624996	0	3.290858e-04	4.194609e-05	1
19	rs12980697	58963488	0	-2.478114e-04	-3.102635e-05	1
19	rs12980907	58956326	0	-3.488418e-04	-4.420087e-05	1
19	rs12981083	58963468	0	-2.641008e-04	-3.311058e-05	1
19	rs12981092	58963475	0	-3.967214e-04	-5.014248e-05	1
19	rs12981338	58618736	0	9.609610e-04	1.168025e-04	1
19	rs12981417	58596956	0	2.185275e-04	2.801938e-05	1
19	rs12981649	58930043	0	-4.478525e-04	-5.673234e-05	1
19	rs12981684	58632144	0	7.128480e-04	8.947585e-05	1
19	rs12981875	58935130	0	-4.478525e-04	-5.673234e-05	1
19	rs12982505	58613285	0	1.191303e-03	1.565651e-04	1
19	rs12982863	58715418	0	6.943784e-04	8.809935e-05	1
19	rs12983138	58655373	0	8.289811e-04	9.846899e-05	1
19	rs12983165	58958435	0	-3.488418e-04	-4.420085e-05	1
19	rs12983169	58768177	0	7.763462e-04	9.723187e-05	1
19	rs12983679	58923736	0	-4.258719e-04	-5.380793e-05	1
19	rs12983701	58613499	0	1.116637e-03	1.401510e-04	1
19	rs12983728	58671267	0	-2.893030e-04	-3.717367e-05	1
19	rs12983843	58923618	0	-4.478525e-04	-5.673233e-05	1
19	rs12984015	58613031	0	1.116637e-03	1.401510e-04	1
19	rs12984254	58613113	0	1.116637e-03	1.401510e-04	1
19	rs12984878	58562150	0	-1.882972e-04	-2.321217e-05	1
19	rs12985394	58958585	0	-3.488418e-04	-4.420084e-05	1
19	rs12985543	58689072	0	6.909219e-04	8.699551e-05	1
19	rs12986027	58793596	0	2.254762e-04	2.572981e-05	1
19	rs12986378	58727821	0	8.258857e-04	1.060089e-04	1
19	rs12986387	58927215	0	-4.478525e-04	-5.673233e-05	1
19	rs13343526	58908150	0	-8.786948e-05	-1.180900e-05	1
19	rs13344155	59085666	0	-4.747313e-04	-6.580246e-05	1
19	rs13344679	58693697	0	5.483931e-04	7.007157e-05	1
19	rs13345808	58674696	0	9.469767e-04	1.240366e-04	1
19	rs13346342	58522715	0	-1.293188e-03	-1.991006e-04	1
19	rs13382065	58903698	0	1.100645e-03	1.431608e-04	1
19	rs139211863	58843003	0	-4.963289e-04	-7.114468e-05	1
19	rs140171882	58659248	0	-8.042684e-05	-1.023905e-05	1
19	rs140214515	58654197	0	1.577891e-04	2.407107e-05	1
19	rs140755790	58680275	0	2.146959e-04	3.093329e-05	1
19	rs141669549	58690674	0	3.401417e-04	4.375908e-05	1
19	rs141815249	58690989	0	-2.826842e-04	-4.222619e-05	1
19	rs141887102	59077031	0	4.714744e-04	6.079813e-05	1
19	rs142677013	58655817	0	6.719099e-04	1.057789e-04	1
19	rs143096975	58622408	0	3.684222e-04	5.578661e-05	1
19	rs143314212	58810770	0	1.021403e-04	1.520264e-05	1
19	rs143712775	58643218	0	6.368515e-04	9.725951e-05	1
19	rs144310654	58669338	0	4.624556e-07	7.078592e-08	1
19	rs144479077	58634823	0	-2.617116e-05	-4.008906e-06	1
19	rs144760313	58894031	0	-1.264469e-04	-1.821306e-05	1
19	rs144929606	59015873	0	-7.355747e-04	-9.424253e-05	1
19	rs146262068	59077090	0	-6.835823e-06	-9.652107e-07	1
19	rs1465789	58946056	0	-1.133137e-03	-1.401004e-04	1
19	rs1469087	58572979	0	-2.288181e-04	-3.120943e-05	1
19	rs147878006	58887658	0	3.996581e-04	5.698585e-05	1
19	rs148493024	58655648	0	1.997639e-04	3.021644e-05	1
19	rs148953731	58662865	0	4.322540e-04	6.377570e-05	1
19	rs149513825	58925379	0	1.623165e-04	2.459734e-05	1
19	rs149594935	58681857	0	-2.317650e-04	-3.389273e-05	1
19	rs149863732	58917068	0	2.256354e-04	2.848327e-05	1
19	rs150191918	58691030	0	3.222138e-04	4.845979e-05	1
19	rs150752046	58888366	0	4.481823e-04	6.623251e-05	1
19	rs150892142	58743405	0	-7.249019e-04	-1.145830e-04	1
19	rs150997678	59052967	4	1.565189e-04	2.328777e-05	1
19	rs151265692	59019648	0	-4.656085e-04	-7.162013e-05	1
19	rs1529329	58600048	0	4.042501e-04	5.168188e-05	1
19	rs1529958	58899466	0	8.726118e-05	9.895331e-06	1
19	rs1529959	58899342	0	4.404228e-04	5.165976e-05	1
19	rs1544796	58542425	0	-4.794651e-04	-6.705063e-05	1
19	rs1544888	58570912	0	-1.025794e-03	-1.302152e-04	1
19	rs1549279	58528621	0	-9.261460e-04	-1.119345e-04	1
19	rs1549491	58588434	0	-6.948123e-04	-8.796427e-05	1
19	rs1549492	58585248	0	-7.855595e-04	-1.001553e-04	1
19	rs1549493	58585367	0	-7.907723e-04	-1.009695e-04	1
19	rs1549495	58529518	0	4.091717e-04	4.556646e-05	1
19	rs1550812	59090423	0	3.558090e-04	5.007821e-05	1
19	rs1550813	59090227	0	-6.928145e-05	-7.804216e-06	1
19	rs157355	58692686	0	1.314056e-03	1.791544e-04	1
19	rs157357	58693870	0	4.474442e-04	6.124703e-05	1
19	rs157358	58643751	0	-9.229595e-05	-1.207278e-05	1
19	rs157360	58650058	0	8.139220e-04	1.079087e-04	1
19	rs157361	58676017	0	5.261642e-04	7.135729e-05	1
19	rs157362	58675894	0	5.408653e-04	7.294451e-05	1
19	rs157363	58675603	0	5.261642e-04	7.135729e-05	1
19	rs157364	58675220	0	2.290197e-04	2.583019e-05	1
19	rs157365	58674756	0	-2.419379e-05	-2.736579e-06	1
19	rs157366	58674526	0	1.432383e-05	1.610448e-06	1
19	rs157367	58674310	0	9.582242e-04	1.377107e-04	1
19	rs157369	58672078	0	-8.440189e-05	-9.592474e-06	1
19	rs157370	58671178	0	-8.440189e-05	-9.592482e-06	1
19	rs157371	58669973	0	-1.291375e-04	-1.466363e-05	1
19	rs157372	58668597	0	-8.440189e-05	-9.592500e-06	1
19	rs157373	58666990	0	2.049011e-04	2.639353e-05	1
19	rs157374	58666086	0	1.601655e-04	2.061181e-05	1
19	rs157375	58665001	0	2.049011e-04	2.639352e-05	1
19	rs157376	58663457	0	6.590549e-04	9.181533e-05	1
19	rs157378	58696697	0	1.143472e-03	1.482757e-04	1
19	rs157379	58696598	0	1.143472e-03	1.482757e-04	1
19	rs1592993	58555971	0	-3.884793e-04	-5.507759e-05	1
19	rs1592994	58555932	0	-4.592671e-04	-6.568554e-05	1
19	rs1592995	58555850	0	-3.884793e-04	-5.507759e-05	1
19	rs159667	58648359	0	4.451054e-04	5.079748e-05	1
19	rs159668	58643841	0	-9.229595e-05	-1.207284e-05	1
19	rs159670	58641777	0	4.174700e-04	5.445277e-05	1
19	rs159671	58641701	0	4.432648e-04	5.801605e-05	1
19	rs159672	58641686	0	1.691925e-04	2.195981e-05	1
19	rs159673	58641457	0	4.432648e-04	5.801604e-05	1
19	rs159674	58670181	0	6.219238e-04	8.621685e-05	1
19	rs159675	58668765	0	3.146466e-06	3.581498e-07	1
19	rs159676	58666427	0	-4.490898e-05	-5.097099e-06	1
19	rs159677	58665490	0	4.192268e-05	4.738856e-06	1
19	rs159678	58679085	0	6.157492e-04	8.425424e-05	1
19	rs159679	58661732	0	1.185195e-04	1.338111e-05	1
19	rs159680	58661581	0	2.049011e-04	2.639351e-05	1
19	rs159870	58549366	0	-1.328095e-04	-1.559596e-05	1
19	rs159871	58550281	0	-1.077523e-04	-1.267054e-05	1
19	rs159872	58547449	0	1.540447e-04	1.813035e-05	1
19	rs159873	58547516	0	1.540447e-04	1.813035e-05	1
19	rs159874	58548431	0	-5.763238e-04	-8.330883e-05	1
19	rs166343	58775182	0	2.606771e-04	2.914773e-05	1
19	rs166830	58658950	1	7.684134e-05	9.913349e-06	1
19	rs166831	58676446	0	5.261642e-04	7.135721e-05	1
19	rs169776	58550436	0	-5.763238e-04	-8.330883e-05	1
19	rs16988654	58837269	0	3.297014e-04	4.568954e-05	1
19	rs16988659	58840850	0	-5.285559e-04	-7.583536e-05	1
19	rs16988665	58840905	0	-4.963289e-04	-7.114465e-05	1
19	rs16988667	58842180	0	-4.911161e-04	-7.017554e-05	1
19	rs16988668	58850756	0	-4.963289e-04	-7.114465e-05	1
19	rs171851	58758900	0	9.542433e-04	1.311111e-04	1
19	rs171852	58754386	0	1.608269e-03	2.211066e-04	1
19	rs171853	58685051	0	8.062530e-04	1.007026e-04	1
19	rs171854	58666802	0	-1.713172e-05	-2.202226e-06	1
19	rs174280	58711922	0	1.080563e-03	1.394729e-04	1
19	rs174281	58735457	0	-3.261545e-04	-4.415522e-05	1
19	rs176981	58655580	0	7.065264e-04	9.371862e-05	1
19	rs17853924	58806686	0	-2.902059e-04	-4.276759e-05	1
19	rs1808397	58572356	0	-1.182272e-03	-1.558739e-04	1
19	rs1812874	58632506	0	1.900513e-04	2.466241e-05	1
19	rs181320759	58658446	0	-3.692401e-04	-4.803631e-05	1
19	rs181994	58746054	0	6.655701e-04	8.965595e-05	1
19	rs182055294	58526154	6	-4.820489e-04	-6.834500e-05	1
19	rs183304547	58609059	0	-2.655571e-04	-4.115647e-05	1
19	rs184128	58548760	0	-1.517336e-05	-1.793152e-06	1
19	rs185161330	58916579	1	-3.051703e-04	-3.903447e-05	1
19	rs185464	58776863	0	1.067243e-04	1.182151e-05	1
19	rs185791	58644371	0	3.627082e-04	4.527146e-05	1
19	rs1865960	58894235	0	3.207606e-04	4.523901e-05	1
19	rs1867726	59084306	0	-4.218336e-04	-5.187929e-05	1
19	rs1867727	59084181	0	-4.331308e-04	-5.331225e-05	1
19	rs187760	58775192	0	2.606771e-04	2.914766e-05	1
19	rs188370	58529192	0	-1.339195e-03	-1.863468e-04	1
19	rs188415	58616313	0	-7.867981e-04	-1.030532e-04	1
19	rs188486366	58526153	6	-4.820489e-04	-6.834500e-05	1
19	rs190729	58658029	0	5.767720e-04	6.635332e-05	1
19	rs190882	58529365	0	-1.271646e-03	-1.742081e-04	1
19	rs190975	58631968	0	2.238015e-06	3.408252e-07	1
19	rs193390	58548658	0	-1.371094e-04	-1.843064e-05	1
19	rs1968868	58678383	0	-2.192498e-04	-2.764990e-05	1
19	rs1974819	58656963	0	-6.683223e-05	-8.615158e-06	1
19	rs1974826	58590145	0	-7.907723e-04	-1.009694e-04	1
19	rs1985434	58764185	0	1.103798e-03	1.330269e-04	1
19	rs1987625	58632634	0	-1.688928e-04	-2.233240e-05	1
19	rs1987626	58632649	0	1.900513e-04	2.466239e-05	1
19	rs1993463	58786898	0	-2.328904e-04	-3.395892e-05	1
19	rs1993464	58786953	0	-2.874695e-04	-3.416995e-05	1
19	rs2003104	59020597	0	6.921943e-04	1.065717e-04	1
19	rs2011666	58990045	0	-1.878849e-04	-2.336124e-05	1
19	rs2013635	58646792	0	-3.372202e-04	-4.366778e-05	1
19	rs2033711	58999350	1	-8.824816e-04	-1.054725e-04	1
19	rs204216	58660769	0	2.049011e-04	2.639348e-05	1
19	rs2046357	58673534	0	2.146959e-04	3.093329e-05	1
19	rs2052733	58625864	0	1.900513e-04	2.466239e-05	1
19	rs2052734	58626005	0	7.092476e-05	9.144308e-06	1
19	rs2052735	58626112	0	5.509948e-04	7.289692e-05	1
19	rs2062251	58715682	0	6.943784e-04	8.809915e-05	1
19	rs2081578	58669335	0	5.361957e-04	7.999453e-05	1
19	rs2098685	58630409	0	-5.919231e-04	-7.878118e-05	1
19	rs2098686	58630043	0	4.432648e-04	5.801595e-05	1
19	rs2098687	58630023	0	4.432648e-04	5.801595e-05	1
19	rs2098717	58524390	0	-4.909317e-04	-7.135425e-05	1
19	rs2100610	58802349	0	-4.957626e-05	-7.324695e-06	1
19	rs2112825	58614156	0	-6.140149e-04	-8.164021e-05	1
19	rs211579	58615270	0	2.900330e-04	3.817628e-05	1
19	rs2124911	58696798	0	6.943784e-04	8.809914e-05	1
19	rs2168644	58788393	0	2.254762e-04	2.572970e-05	1
19	rs2228162	59074429	0	-3.612253e-04	-5.098223e-05	1
19	rs2229375	58578578	0	3.684270e-04	4.271414e-05	1
19	rs2229379	58579923	0	4.416203e-04	5.193072e-05	1
19	rs2241406	58549593	0	-4.403519e-04	-6.257790e-05	1
19	rs2241787	58906163	0	4.101267e-04	4.830652e-05	1
19	rs2258557	58596449	0	-3.126957e-04	-4.078447e-05	1
19	rs2260914	58598784	0	2.240017e-04	2.808497e-05	1
19	rs2287837	58598670	0	4.042501e-04	5.168182e-05	1
19	rs2288274	58572959	0	-1.273019e-03	-1.712440e-04	1
19	rs2289143	58904715	0	9.986053e-04	1.411577e-04	1
19	rs2304521	58988179	0	-4.079249e-04	-5.611888e-05	1
19	rs2305119	59067623	0	1.102491e-04	1.318969e-05	1
19	rs2305120	59059729	0	6.100071e-04	9.082269e-05	1
19	rs2305122	59056752	0	3.237806e-04	4.136242e-05	1
19	rs2375233	58617203	0	4.130370e-04	5.175106e-05	1
19	rs2375234	58633323	0	1.900513e-04	2.466235e-05	1
19	rs2375235	58634745	0	4.432648e-04	5.801592e-05	1
19	rs2375470	58864867	0	4.650321e-04	6.692098e-05	1
19	rs2396991	59078073	0	4.868929e-04	7.387304e-05	1
19	rs2431835	58647214	0	6.416152e-04	7.464058e-05	1
19	rs2445854	58777608	1	2.196545e-04	2.442071e-05	1
19	rs2445855	58785181	0	-6.032860e-04	-7.271896e-05	1
19	rs2445856	58701358	0	1.163436e-03	1.506576e-04	1
19	rs2445857	58708507	0	4.382737e-04	6.066653e-05	1
19	rs2445858	58708730	0	1.212755e-03	1.591900e-04	1
19	rs2445859	58734330	0	2.364473e-05	3.231021e-06	1
19	rs2449628	58781945	0	1.460464e-03	1.954132e-04	1
19	rs2449629	58781917	0	1.396316e-03	1.826165e-04	1
19	rs2449631	58781652	0	1.602991e-03	2.213695e-04	1
19	rs2449632	58781379	0	1.460464e-03	1.954131e-04	1
19	rs2449634	58795207	0	6.303059e-04	8.674619e-05	1
19	rs2449635	58785227	0	-8.073323e-04	-9.813939e-05	1
19	rs2449636	58785202	0	-3.073316e-04	-3.728998e-05	1
19	rs2449638	58735033	0	2.364473e-05	3.231004e-06	1
19	rs2449639	58777772	0	1.277441e-04	1.419776e-05	1
19	rs2547257	58610107	0	-9.869171e-04	-1.347284e-04	1
19	rs2547258	58638685	0	1.094947e-04	1.359673e-05	1
19	rs2547259	58637237	0	4.432648e-04	5.801590e-05	1
19	rs2547260	58635294	0	2.674943e-04	3.018933e-05	1
19	rs2547295	58617479	0	1.900513e-04	2.466231e-05	1
19	rs2547296	58622896	0	4.034588e-04	5.256448e-05	1
19	rs2547297	58623249	0	1.900513e-04	2.466230e-05	1
19	rs2547298	58626436	0	1.900513e-04	2.466229e-05	1
19	rs2547347	58627459	0	1.900513e-04	2.466229e-05	1
19	rs2547348	58626879	0	1.900513e-04	2.466228e-05	1
19	rs2547349	58626742	0	1.900513e-04	2.466228e-05	1
19	rs2547350	58622950	0	5.743069e-05	7.427845e-06	1
19	rs2547351	58620965	0	1.900513e-04	2.466227e-05	1
19	rs2547352	58610720	0	-9.120779e-04	-1.256245e-04	1
19	rs2547355	58635125	0	4.432648e-04	5.801584e-05	1
19	rs2547356	58635146	0	4.432648e-04	5.801584e-05	1
19	rs2547357	58636155	0	4.432648e-04	5.801583e-05	1
19	rs2547358	58636656	0	1.900513e-04	2.466225e-05	1
19	rs2547359	58637389	0	4.432648e-04	5.801582e-05	1
19	rs2547360	58638399	0	3.627082e-04	4.527127e-05	1
19	rs2554963	58625364	0	-5.505644e-04	-7.147145e-05	1
19	rs2554964	58625504	0	-9.689549e-05	-1.281093e-05	1
19	rs2554965	58625638	0	4.034588e-04	5.256440e-05	1
19	rs2554966	58627271	0	1.900513e-04	2.466222e-05	1
19	rs2554967	58627382	0	-1.688928e-04	-2.233257e-05	1
19	rs2554968	58627406	0	1.609175e-04	2.102280e-05	1
19	rs2554970	58636732	0	-6.951027e-04	-9.247410e-05	1
19	rs2554972	58636174	0	1.900513e-04	2.466221e-05	1
19	rs2554973	58631032	0	4.432648e-04	5.801578e-05	1
19	rs2554978	58609677	0	-2.341414e-04	-3.112622e-05	1
19	rs2554981	58620273	0	-7.036000e-04	-9.392027e-05	1
19	rs2554982	58620524	0	4.034588e-04	5.256437e-05	1
19	rs2554983	58620872	0	1.900513e-04	2.466219e-05	1
19	rs2554984	58621104	0	4.034588e-04	5.256436e-05	1
19	rs2554985	58621438	0	-1.350937e-05	-1.778510e-06	1
19	rs2554986	58621492	0	1.609175e-04	2.102277e-05	1
19	rs2554987	58622985	0	1.900513e-04	2.466217e-05	1
19	rs260413	58710468	0	4.382737e-04	6.066653e-05	1
19	rs260415	58715944	0	1.454069e-03	2.077608e-04	1
19	rs260416	58717025	0	1.600260e-04	2.114799e-05	1
19	rs260418	58720918	0	9.972589e-04	1.295064e-04	1
19	rs260419	58721952	0	4.455032e-04	6.216377e-05	1
19	rs260420	58731704	0	2.364473e-05	3.231001e-06	1
19	rs260421	58731390	0	1.303128e-03	1.751532e-04	1
19	rs260422	58729833	0	5.250107e-04	6.206626e-05	1
19	rs260424	58726569	0	4.142712e-04	5.971896e-05	1
19	rs260425	58735740	0	-3.261545e-04	-4.415527e-05	1
19	rs260426	58736177	0	-1.187202e-04	-1.595172e-05	1
19	rs260427	58736226	0	-5.246862e-04	-6.959054e-05	1
19	rs260428	58736625	0	-4.700206e-04	-6.426812e-05	1
19	rs260430	58737161	0	-4.515747e-04	-6.152438e-05	1
19	rs260432	58738273	0	-4.515747e-04	-6.152438e-05	1
19	rs260433	58738897	0	3.451899e-04	4.052195e-05	1
19	rs260434	58739039	0	-5.830974e-04	-8.001468e-05	1
19	rs260435	58739704	0	-4.515747e-04	-6.152439e-05	1
19	rs260436	58739710	0	-1.983611e-04	-2.662010e-05	1
19	rs260437	58739744	0	-3.066645e-04	-4.123697e-05	1
19	rs260438	58740339	0	-4.515747e-04	-6.152439e-05	1
19	rs260444	58745470	0	2.044169e-03	3.476679e-04	1
19	rs260446	58746861	0	6.457035e-04	8.750057e-05	1
19	rs260448	58764375	0	1.131131e-03	1.374290e-04	1
19	rs260449	58765459	0	1.442411e-03	1.902076e-04	1
19	rs260450	58766410	0	1.611934e-03	2.219310e-04	1
19	rs260451	58766550	0	1.442411e-03	1.902075e-04	1
19	rs260452	58766874	0	1.442411e-03	1.902075e-04	1
19	rs260453	58767151	0	1.442411e-03	1.902075e-04	1
19	rs260454	58767168	0	8.779177e-04	1.017240e-04	1
19	rs260455	58767492	0	9.357974e-04	1.291724e-04	1
19	rs260456	58767565	0	1.131131e-03	1.374288e-04	1
19	rs260457	58767697	0	1.442411e-03	1.902074e-04	1
19	rs260459	58768500	0	1.442411e-03	1.902073e-04	1
19	rs260460	58769790	6	-7.181830e-04	-1.154814e-04	1
19	rs260461	58770883	0	9.357974e-04	1.291724e-04	1
19	rs260462	58774071	0	1.710920e-04	1.912074e-05	1
19	rs260464	58774762	0	2.606771e-04	2.914716e-05	1
19	rs260465	58775486	0	2.606771e-04	2.914715e-05	1
19	rs260466	58775737	0	-1.293890e-04	-1.435453e-05	1
19	rs260467	58776215	0	4.180037e-04	4.707980e-05	1
19	rs260468	58776630	0	3.284187e-04	3.689011e-05	1
19	rs260469	58776765	0	4.180037e-04	4.707977e-05	1
19	rs260472	58807757	0	-1.021403e-04	-1.520268e-05	1
19	rs260473	58798137	0	-1.403182e-04	-1.608416e-05	1
19	rs260474	58798300	0	1.128953e-04	1.292883e-05	1
19	rs260475	58798490	0	2.047052e-04	2.527676e-05	1
19	rs260476	58798598	0	-1.403182e-04	-1.608417e-05	1
19	rs260477	58798628	0	-2.714191e-04	-3.130388e-05	1
19	rs260478	58751030	0	1.608269e-03	2.211053e-04	1
19	rs260482	58748274	0	1.006564e-03	1.451454e-04	1
19	rs260483	58748180	0	9.277773e-04	1.319428e-04	1
19	rs260484	58758451	0	1.278543e-03	1.604193e-04	1
19	rs260486	58753937	0	1.278543e-03	1.604193e-04	1
19	rs260487	58685347	0	8.976550e-04	1.167060e-04	1
19	rs260488	58686991	0	6.214563e-04	8.733020e-05	1
19	rs260491	58664447	0	-1.752247e-04	-2.237641e-05	1
19	rs260492	58668565	0	-8.078861e-05	-1.028486e-05	1
19	rs260493	58671334	0	-1.255242e-04	-1.602090e-05	1
19	rs260495	58794240	0	1.788041e-04	2.205691e-05	1
19	rs260496	58794033	0	-2.629364e-04	-3.229004e-05	1
19	rs260497	58792213	0	-3.732086e-04	-4.355821e-05	1
19	rs260498	58792190	0	-7.637829e-05	-8.812395e-06	1
19	rs260499	58791716	0	1.788041e-04	2.205690e-05	1
19	rs260500	58791213	0	-3.732086e-04	-4.355822e-05	1
19	rs260501	58790807	0	-6.508114e-05	-7.500180e-06	1
19	rs260502	58790784	0	1.788041e-04	2.205690e-05	1
19	rs260503	58790095	0	-3.732086e-04	-4.355823e-05	1
19	rs281061	58643376	1	5.104211e-04	6.418799e-05	1
19	rs281063	58651941	0	2.193167e-04	2.489428e-05	1
19	rs281064	58649998	0	8.139220e-04	1.079082e-04	1
19	rs281065	58645577	0	8.820405e-04	1.058141e-04	1
19	rs281066	58644840	0	-9.229595e-05	-1.207321e-05	1
19	rs281069	58659039	2	5.648479e-04	6.390984e-05	1
19	rs281070	58658691	0	3.650458e-04	4.070924e-05	1
19	rs281072	58657714	0	1.320575e-04	1.500936e-05	1
19	rs281073	58656418	0	1.928116e-04	2.177588e-05	1
19	rs281074	58656176	0	2.049011e-04	2.639342e-05	1
19	rs281075	58655106	0	2.049011e-04	2.639342e-05	1
19	rs281076	58654307	0	6.548781e-04	7.644729e-05	1
19	rs281077	58653376	0	1.365908e-04	1.538282e-05	1
19	rs281078	58653320	0	7.887479e-04	1.107506e-04	1
19	rs281079	58678388	0	5.261642e-04	7.135687e-05	1
19	rs281080	58700131	2	8.061577e-04	9.465166e-05	1
19	rs281081	58698915	0	1.140843e-03	1.478972e-04	1
19	rs28444973	58982044	0	3.396356e-04	4.878209e-05	1
19	rs28521102	58597905	0	-3.986956e-05	-6.109355e-06	1
19	rs28575910	59072396	0	-1.366312e-04	-1.891978e-05	1
19	rs28699075	59069214	0	4.868929e-04	7.387305e-05	1
19	rs28725494	58633618	0	1.757705e-04	2.130532e-05	1
19	rs28757810	58813720	0	1.239733e-04	1.430188e-05	1
19	rs28821001	59018503	0	-7.345032e-04	-8.975886e-05	1
19	rs28840697	58825728	0	-1.370641e-04	-1.903990e-05	1
19	rs2889031	58659115	1	3.694718e-04	4.044857e-05	1
19	rs2889128	58973929	0	-8.433132e-04	-1.017330e-04	1
19	rs2889129	59019664	0	-2.665997e-04	-3.895217e-05	1
19	rs292821	58531419	0	-3.350855e-04	-4.538289e-05	1
19	rs292826	58540860	0	1.540447e-04	1.813042e-05	1
19	rs292827	58544472	0	4.022275e-04	4.728981e-05	1
19	rs292828	58545133	0	-5.763238e-04	-8.330887e-05	1
19	rs292831	58529741	0	-3.350855e-04	-4.538289e-05	1
19	rs2930099	58779403	0	-1.632406e-04	-2.024216e-05	1
19	rs2930100	58747687	0	7.352885e-04	1.010554e-04	1
19	rs295345	58654195	0	-5.170254e-05	-6.559187e-06	1
19	rs295346	58616280	0	-7.036000e-04	-9.392014e-05	1
19	rs295347	58616256	0	-1.040012e-03	-1.414297e-04	1
19	rs299847	58680688	0	5.567723e-04	7.815006e-05	1
19	rs3087604	58813750	0	1.222057e-04	1.410108e-05	1
19	rs3088284	58929427	0	-4.478525e-04	-5.673243e-05	1
19	rs3211055	59094453	0	4.054498e-04	4.632213e-05	1
19	rs34003091	58662254	0	-2.008263e-04	-2.569755e-05	1
19	rs34006653	58731821	1	9.430490e-04	1.259452e-04	1
19	rs34023391	58913368	0	-6.089143e-04	-7.875575e-05	1
19	rs34114202	58599443	0	4.071451e-04	5.165602e-05	1
19	rs34152946	58923263	0	-4.478525e-04	-5.673243e-05	1
19	rs34188294	58919557	0	-3.228229e-04	-4.054008e-05	1
19	rs34230465	58943576	0	-4.478525e-04	-5.673242e-05	1
19	rs34282528	59076749	0	-1.572302e-04	-2.266599e-05	1
19	rs34370122	58546475	0	-5.443676e-04	-6.997437e-05	1
19	rs34380569	58648528	0	2.759129e-04	3.368081e-05	1
19	rs34415062	59023166	0	4.563002e-04	5.852631e-05	1
19	rs34421357	58835863	0	1.339824e-04	1.780450e-05	1
19	rs34469398	58677396	0	-2.128600e-04	-3.222097e-05	1
19	rs34488713	58996454	0	-1.592785e-04	-2.296272e-05	1
19	rs34503352	58651296	0	-2.008263e-04	-2.569756e-05	1
19	rs34511020	58921296	0	-4.478525e-04	-5.673242e-05	1
19	rs34526068	58658066	0	3.650458e-04	4.070922e-05	1
19	rs34541537	58912737	0	-3.111416e-04	-4.005975e-05	1
19	rs34602933	58886495	1	-8.675043e-05	-9.820399e-06	1
19	rs34648696	58554613	0	-4.957472e-04	-6.454810e-05	1
19	rs34702066	58582806	0	-9.194939e-04	-1.149682e-04	1
19	rs34873624	58943402	0	-4.478525e-04	-5.673241e-05	1
19	rs34914886	58774094	0	-1.710171e-04	-2.592692e-05	1
19	rs34947459	58655880	0	-1.752247e-04	-2.237636e-05	1
19	rs3499	59093484	0	4.524828e-04	5.189481e-05	1
19	rs34990434	58550992	0	-1.691138e-04	-2.121056e-05	1
19	rs35081008	58662235	0	-2.008263e-04	-2.569757e-05	1
19	rs35117909	58912906	0	-5.003815e-04	-6.421055e-05	1
19	rs35138622	58912788	0	-5.887282e-04	-7.653558e-05	1
19	rs35219954	59001641	0	-1.412316e-03	-2.015824e-04	1
19	rs35220005	58550233	0	-4.171144e-04	-5.297996e-05	1
19	rs35269060	58933392	0	-3.981997e-04	-5.016391e-05	1
19	rs35350976	59023174	0	4.297086e-04	5.504008e-05	1
19	rs35358425	58599760	0	3.488776e-04	4.373457e-05	1
19	rs35394955	58954859	0	1.365790e-04	1.564153e-05	1
19	rs35430780	59028162	0	-4.356332e-04	-6.554295e-05	1
19	rs35466206	58943252	0	-4.478525e-04	-5.673239e-05	1
19	rs35511051	58665817	0	3.353694e-04	4.110128e-05	1
19	rs35631681	58999840	4	2.911477e-04	3.823702e-05	1
19	rs35652377	58929200	0	-4.478525e-04	-5.673239e-05	1
19	rs35711932	58658152	0	4.192268e-05	4.738739e-06	1
19	rs35713506	58954919	0	1.365790e-04	1.564152e-05	1
19	rs35740250	58694015	0	-5.947825e-04	-9.261180e-05	1
19	rs35747322	58544096	0	-1.767254e-04	-2.244731e-05	1
19	rs35782676	58926345	0	-4.923601e-04	-6.253770e-05	1
19	rs35983901	59016790	0	4.868794e-04	6.316023e-05	1
19	rs36057771	58836133	0	1.339824e-04	1.780450e-05	1
19	rs36090113	58912384	0	-5.740161e-04	-7.363590e-05	1
19	rs36098050	58652725	0	-2.008263e-04	-2.569759e-05	1
19	rs36100363	58710837	0	6.943784e-04	8.809878e-05	1
19	rs36111946	58836128	0	4.084880e-04	5.643932e-05	1
19	rs36115826	59009166	0	-1.391641e-04	-1.999601e-05	1
19	rs365040	58799529	0	1.860666e-04	2.297177e-05	1
19	rs365699	58799652	0	2.484781e-04	2.828779e-05	1
19	rs370335292	58658750	0	2.359400e-04	2.874362e-05	1
19	rs371120005	58658933	0	-1.667073e-06	-2.002570e-07	1
19	rs371149	58779654	0	2.787304e-04	3.139723e-05	1
19	rs373337854	58658806	0	6.256669e-04	9.318940e-05	1
19	rs374431	58790713	0	-6.508114e-05	-7.500237e-06	1
19	rs3745129	58637498	0	8.820405e-04	1.058140e-04	1
19	rs3745142	58836745	0	4.084880e-04	5.643932e-05	1
19	rs3752108	59094709	0	4.054498e-04	4.632217e-05	1
19	rs3752109	59082605	0	-5.471309e-04	-6.806639e-05	1
19	rs3752111	59082368	0	7.186176e-04	1.135875e-04	1
19	rs3752112	58992220	0	-1.116114e-04	-1.433628e-05	1
19	rs3764528	58977554	0	-8.805097e-04	-1.070036e-04	1
19	rs3764529	58945089	0	-4.478525e-04	-5.673237e-05	1
19	rs3764531	58929305	0	4.448530e-04	4.998170e-05	1
19	rs3764532	58929222	0	-4.478525e-04	-5.673236e-05	1
19	rs3764533	58929194	0	-1.244459e-03	-1.590133e-04	1
19	rs3764534	58929136	0	-1.133137e-03	-1.400999e-04	1
19	rs3764535	58929052	0	-1.334044e-03	-1.734657e-04	1
19	rs3764536	58896712	0	5.249771e-05	6.146409e-06	1
19	rs376460183	58658873	0	2.446647e-04	3.025479e-05	1
19	rs376570508	58658612	0	3.353694e-04	4.110123e-05	1
19	rs378452	58786520	0	1.682214e-04	1.913689e-05	1
19	rs379075	58785739	0	1.316482e-04	1.494787e-05	1
19	rs3794963	59071051	0	-3.256852e-06	-3.726070e-07	1
19	rs3794964	59070916	0	-3.256852e-06	-3.726024e-07	1
19	rs3794965	59069353	0	-6.928145e-05	-7.803909e-06	1
19	rs3794966	59068996	0	4.714744e-04	6.079817e-05	1
19	rs3794968	58986799	0	-1.064616e-03	-1.335168e-04	1
19	rs3794969	58986561	0	-6.865097e-04	-1.052959e-04	1
19	rs3794970	58986260	0	1.822882e-04	2.363917e-05	1
19	rs3794971	58985866	0	1.181407e-04	1.525822e-05	1
19	rs3794974	58897652	0	2.186050e-04	2.598461e-05	1
19	rs3794975	58895950	0	3.207606e-04	4.523896e-05	1
19	rs3810125	59066730	0	5.927204e-04	8.694267e-05	1
19	rs3810126	58610254	0	1.116637e-03	1.401499e-04	1
19	rs3816328	59061357	0	4.964119e-04	7.562688e-05	1
19	rs3816329	59058693	0	1.780522e-04	2.232489e-05	1
19	rs3826677	58919002	0	2.611246e-04	3.280591e-05	1
19	rs3826678	58918917	0	2.611246e-04	3.280592e-05	1
19	rs3826679	58918817	0	2.611246e-04	3.280592e-05	1
19	rs3826680	58918800	0	2.611246e-04	3.280593e-05	1
19	rs3826681	58918764	0	-4.478525e-04	-5.673231e-05	1
19	rs3826682	58918748	0	-4.478525e-04	-5.673230e-05	1
19	rs3826683	58918733	0	-4.478525e-04	-5.673230e-05	1
19	rs3826684	58918705	0	-4.478525e-04	-5.673230e-05	1
19	rs384702	58552801	0	-7.411915e-04	-1.101920e-04	1
19	rs3848524	58816529	0	1.147370e-04	1.606542e-05	1
19	rs3875104	59102379	0	-6.928145e-05	-7.803873e-06	1
19	rs3892385	58602870	0	2.656141e-04	3.950668e-05	1
19	rs390667	58733011	0	2.364473e-05	3.230910e-06	1
19	rs392644	58780503	0	1.460464e-03	1.954120e-04	1
19	rs392687	58779566	0	5.259042e-04	6.025252e-05	1
19	rs3953740	58659362	0	7.468253e-04	9.400997e-05	1
19	rs3997357	59044566	0	-1.260190e-03	-1.689683e-04	1
19	rs400733	58797344	0	-1.290210e-04	-1.476168e-05	1
19	rs401706	58733555	0	2.768582e-04	3.823234e-05	1
19	rs403408	58684407	0	-3.237665e-04	-3.666837e-05	1
19	rs4084852	58835255	0	1.339824e-04	1.780452e-05	1
19	rs414948	58738375	0	-4.515747e-04	-6.152448e-05	1
19	rs424114	58733641	0	2.364473e-05	3.230902e-06	1
19	rs425516	58781229	0	1.550049e-03	2.117665e-04	1
19	rs425605	58786623	0	2.075206e-04	2.380949e-05	1
19	rs427988	58779785	0	1.460464e-03	1.954119e-04	1
19	rs429770	58787836	0	9.785684e-06	1.210854e-06	1
19	rs431093	58786084	0	2.476981e-04	2.802037e-05	1
19	rs432181	58799781	0	2.484781e-04	2.828763e-05	1
19	rs432426	58780131	0	1.602991e-03	2.213682e-04	1
19	rs435442	58807827	0	-8.625522e-05	-1.295706e-05	1
19	rs437183	58799635	0	2.484781e-04	2.828761e-05	1
19	rs437229	58790675	0	-3.619114e-04	-4.216387e-05	1
19	rs4372790	58953693	0	-9.257772e-04	-1.098287e-04	1
19	rs439333	58783027	0	1.550049e-03	2.117663e-04	1
19	rs4444432	58715538	0	6.943784e-04	8.809864e-05	1
19	rs446075	58766735	0	1.442411e-03	1.902065e-04	1
19	rs448147	58778070	0	3.974492e-04	4.478492e-05	1
19	rs448403	58786146	0	4.366799e-05	4.883636e-06	1
19	rs4496257	58669456	0	8.719908e-04	1.119492e-04	1
19	rs449697	58787977	0	1.788041e-04	2.205684e-05	1
19	rs4524039	58625270	0	2.591482e-04	3.369767e-05	1
19	rs453737	58800252	0	-1.589568e-04	-1.815044e-05	1
19	rs45454797	59066391	0	2.085295e-04	3.221640e-05	1
19	rs45475596	58881109	0	2.003842e-04	2.787809e-05	1
19	rs45535435	58846866	0	-4.963289e-04	-7.114448e-05	1
19	rs45571742	58552111	0	-1.691138e-04	-2.121063e-05	1
19	rs45589034	58640964	0	-6.951027e-04	-9.247382e-05	1
19	rs45598236	58521433	0	-2.528664e-04	-3.568297e-05	1
19	rs45601339	58718247	0	2.085789e-04	2.996635e-05	1
19	rs45617039	58951096	0	-5.575357e-04	-7.144635e-05	1
19	rs4584938	58899303	0	-1.071788e-04	-1.260639e-05	1
19	rs4599020	58691998	0	5.994108e-04	7.415575e-05	1
19	rs4603677	58950721	0	2.611246e-04	3.280598e-05	1
19	rs4608428	58618579	0	1.900513e-04	2.466197e-05	1
19	rs4756	59074653	0	-3.256852e-06	-3.725679e-07	1
19	rs4801246	58522534	0	-1.189963e-03	-1.605500e-04	1
19	rs4801247	58522561	0	-1.268195e-03	-1.687469e-04	1
19	rs4801250	58616674	0	-6.230434e-04	-8.056590e-05	1
19	rs4801251	58617042	0	-7.036000e-04	-9.391997e-05	1
19	rs4801252	58631676	0	-1.688928e-04	-2.233279e-05	1
19	rs4801262	58848116	0	8.472459e-05	1.224092e-05	1
19	rs4801267	58882384	0	2.788263e-04	4.053470e-05	1
19	rs4801269	58927916	0	2.611246e-04	3.280599e-05	1
19	rs4801270	58932762	0	-1.133137e-03	-1.400996e-04	1
19	rs4801271	58953449	0	2.626176e-04	3.258139e-05	1
19	rs4801272	58977463	0	-1.100041e-03	-1.392087e-04	1
19	rs4801273	59000273	0	-1.519936e-03	-2.076517e-04	1
19	rs4801274	59010593	0	-7.830066e-04	-1.184075e-04	1
19	rs4801275	59021049	0	-1.530937e-04	-2.191043e-05	1
19	rs4801541	58521224	0	7.317682e-04	8.419128e-05	1
19	rs4801542	58522974	0	-1.546055e-03	-2.393389e-04	1
19	rs4801543	58523804	0	-1.546055e-03	-2.393389e-04	1
19	rs4801544	58526202	0	-1.077373e-03	-1.577013e-04	1
19	rs4801546	58526387	0	-1.721788e-03	-2.795050e-04	1
19	rs4801547	58526742	0	-1.275122e-03	-1.950648e-04	1
19	rs4801548	58528978	0	-1.233017e-03	-1.846471e-04	1
19	rs4801555	58600977	0	3.696647e-04	4.680243e-05	1
19	rs4801559	58627808	0	4.034588e-04	5.256411e-05	1
19	rs4801562	58634756	0	-7.585684e-04	-1.000915e-04	1
19	rs4801564	58644826	0	-5.193322e-04	-6.023423e-05	1
19	rs4801565	58674249	0	-3.386233e-04	-4.358192e-05	1
19	rs4801566	58674788	0	-1.808342e-04	-2.293103e-05	1
19	rs4801567	58675005	0	-2.192498e-04	-2.764951e-05	1
19	rs4801572	58752932	0	-3.297254e-04	-4.853369e-05	1
19	rs4801573	58754058	0	-3.297254e-04	-4.853369e-05	1
19	rs4801574	58754102	0	-3.297254e-04	-4.853368e-05	1
19	rs4801576	58779342	0	1.051036e-04	1.558073e-05	1
19	rs4801577	58799044	0	-4.436343e-05	-6.533766e-06	1
19	rs4801578	58801599	0	-4.436343e-05	-6.533766e-06	1
19	rs4801579	58863449	0	6.934370e-04	9.851781e-05	1
19	rs4801581	58913312	0	-1.645936e-05	-1.833724e-06	1
19	rs4801583	58918405	0	-1.133137e-03	-1.400995e-04	1
19	rs4801584	58920702	0	3.503288e-04	4.396271e-05	1
19	rs4801585	58934305	0	-1.244459e-03	-1.590128e-04	1
19	rs4801586	58934528	0	-1.133137e-03	-1.400994e-04	1
19	rs4801587	58936679	0	-1.133137e-03	-1.400994e-04	1
19	rs4801588	58949046	0	2.611246e-04	3.280608e-05	1
19	rs4801589	58953398	0	-1.213705e-03	-1.518003e-04	1
19	rs4801590	58961813	0	-1.237363e-03	-1.564713e-04	1
19	rs4801591	58970099	0	-1.270009e-05	-1.563647e-06	1
19	rs4801593	58972252	0	-8.362648e-05	-1.036331e-05	1
19	rs4801595	58978517	0	-8.547478e-04	-1.038062e-04	1
19	rs4801599	58995728	0	-1.382702e-03	-1.853442e-04	1
19	rs4801602	59025685	0	-2.665997e-04	-3.895216e-05	1
19	rs4801605	59050873	7	-8.213136e-04	-1.014292e-04	1
19	rs4801610	59091928	0	4.347184e-04	6.396925e-05	1
19	rs4801611	59092122	0	-6.928145e-05	-7.803648e-06	1
19	rs4801613	59096403	0	4.868929e-04	7.387312e-05	1
19	rs4801614	59096950	0	-6.928145e-05	-7.803641e-06	1
19	rs4801615	59097229	0	4.071221e-04	4.665390e-05	1
19	rs495839	58545500	2	-6.377043e-04	-9.227512e-05	1
19	rs500286	58785900	0	-1.012422e-04	-1.140861e-05	1
19	rs523073	58647358	0	4.451054e-04	5.079685e-05	1
19	rs547045	58788236	0	-3.812974e-04	-4.534028e-05	1
19	rs548671	58801518	1	-2.240044e-04	-2.579658e-05	1
19	rs550471	58801687	0	-2.184467e-04	-2.636698e-05	1
19	rs551116	58684611	0	-3.237665e-04	-3.666847e-05	1
19	rs55633425	58948018	0	-2.570738e-04	-3.191206e-05	1
19	rs55633565	58530628	0	-1.222911e-03	-1.843080e-04	1
19	rs55652736	59007566	0	4.918020e-04	6.589277e-05	1
19	rs55691818	59033518	0	6.480872e-04	8.495722e-05	1
19	rs55697390	58674301	0	1.380990e-04	1.973481e-05	1
19	rs55716128	59048754	0	4.714744e-04	6.079828e-05	1
19	rs55734122	58733610	0	-7.061134e-05	-8.929944e-06	1
19	rs55800631	59085089	0	-6.684691e-05	-7.515228e-06	1
19	rs55827758	58842450	0	-4.963289e-04	-7.114446e-05	1
19	rs55833862	58637690	0	1.691925e-04	2.195966e-05	1
19	rs55857578	58914925	0	-4.745867e-04	-6.030948e-05	1
19	rs55875034	58983558	0	1.822882e-04	2.363928e-05	1
19	rs55928441	59009674	0	5.953933e-04	7.982930e-05	1
19	rs55945602	58632305	0	-6.055177e-04	-8.024638e-05	1
19	rs55959018	58935768	0	2.611246e-04	3.280614e-05	1
19	rs55987239	59085045	0	4.714744e-04	6.079829e-05	1
19	rs56026876	59006157	0	2.333575e-04	2.964775e-05	1
19	rs56065611	58520480	0	7.317682e-04	8.419117e-05	1
19	rs56066701	58841066	0	-4.963289e-04	-7.114446e-05	1
19	rs56121586	58585744	0	3.684270e-04	4.271432e-05	1
19	rs56161266	58816642	0	3.379739e-04	5.208777e-05	1
19	rs56225452	59024646	0	3.389615e-04	4.316231e-05	1
19	rs56236214	58817958	0	-3.887128e-04	-5.991629e-05	1
19	rs56243535	59006150	0	-1.248936e-05	-1.591696e-06	1
19	rs56268519	59045904	0	-1.269980e-03	-1.701203e-04	1
19	rs56273550	58611001	0	3.504738e-04	5.333585e-05	1
19	rs56290606	58919320	0	-4.426397e-04	-5.600559e-05	1
19	rs56292587	58919066	0	-4.426397e-04	-5.600558e-05	1
19	rs56332086	58917700	0	-4.478525e-04	-5.673220e-05	1
19	rs56390031	58998327	0	-4.112330e-04	-5.181764e-05	1
19	rs56394914	58882740	0	-5.779507e-05	-6.441893e-06	1
19	rs56395112	58577672	0	5.818345e-04	6.932726e-05	1
19	rs56654816	58845187	0	-4.963289e-04	-7.114446e-05	1
19	rs56688575	58851238	0	-4.963289e-04	-7.114446e-05	1
19	rs56725489	58830709	0	1.166956e-04	1.534095e-05	1
19	rs57140425	58709015	0	2.186486e-04	3.095969e-05	1
19	rs57201473	58851686	0	-4.963289e-04	-7.114445e-05	1
19	rs57656768	58648536	0	-2.849278e-05	-4.287245e-06	1
19	rs57760408	58821683	0	5.829149e-04	8.354403e-05	1
19	rs57785785	58815158	0	3.317030e-04	4.888372e-05	1
19	rs57797045	58534654	0	-1.086526e-03	-1.640972e-04	1
19	rs58071659	58784272	0	-3.439663e-04	-5.246138e-05	1
19	rs58231369	58754967	0	-3.297254e-04	-4.853367e-05	1
19	rs58371330	58823196	0	6.617015e-04	9.493233e-05	1
19	rs58412590	58887647	0	3.321088e-04	4.687616e-05	1
19	rs58509147	58840490	0	-4.911161e-04	-7.017533e-05	1
19	rs58576937	58577443	0	-1.206897e-04	-1.845416e-05	1
19	rs58617733	58842534	0	-4.963289e-04	-7.114445e-05	1
19	rs58899074	58611996	0	1.116637e-03	1.401496e-04	1
19	rs59054150	58850341	0	-4.963289e-04	-7.114444e-05	1
19	rs59114323	58649994	0	3.499919e-04	4.320647e-05	1
19	rs59238777	58625136	0	4.988669e-04	7.423086e-05	1
19	rs59401383	58882767	0	1.951713e-04	2.720822e-05	1
19	rs59460131	59101970	0	-3.612253e-04	-5.098207e-05	1
19	rs59678004	58813932	0	2.173278e-05	2.524211e-06	1
19	rs59874238	58841861	0	-4.963289e-04	-7.114444e-05	1
19	rs59894429	58577444	0	5.818345e-04	6.932727e-05	1
19	rs59908383	58828737	0	1.737884e-04	2.292430e-05	1
19	rs59925483	58672788	0	1.577891e-04	2.407109e-05	1
19	rs59967605	58835563	0	1.339824e-04	1.780459e-05	1
19	rs60075099	58831141	0	4.482940e-04	6.160134e-05	1
19	rs60245393	58842745	0	-4.963289e-04	-7.114443e-05	1
19	rs60296671	58843881	0	-4.963289e-04	-7.114443e-05	1
19	rs60329830	58755072	0	-3.297254e-04	-4.853366e-05	1
19	rs60348321	58841939	0	-4.963289e-04	-7.114443e-05	1
19	rs60404734	58812785	0	1.187078e-04	1.773149e-05	1
19	rs60818748	58842735	0	-4.963289e-04	-7.114443e-05	1
19	rs60973470	58779425	0	-1.992874e-04	-3.023023e-05	1
19	rs61012884	59085161	0	3.904705e-04	5.472346e-05	1
19	rs61022167	59071380	0	-4.747313e-04	-6.580220e-05	1
19	rs61096651	58845296	0	-4.963289e-04	-7.114442e-05	1
19	rs61219003	58842883	6	-1.623297e-04	-2.494293e-05	1
19	rs61301121	58745159	0	-5.040574e-04	-7.257583e-05	1
19	rs61460516	58851462	0	-4.963289e-04	-7.114442e-05	1
19	rs61468392	58823221	0	5.829149e-04	8.354406e-05	1
19	rs61514202	58844606	0	-4.963289e-04	-7.114442e-05	1
19	rs61521274	58830879	0	1.737884e-04	2.292432e-05	1
19	rs61566502	58581038	0	-1.074877e-03	-1.374917e-04	1
19	rs61635555	58834694	0	4.084880e-04	5.643941e-05	1
19	rs61745224	58723706	0	-1.609712e-04	-2.464291e-05	1
19	rs61746129	58879701	0	2.003842e-04	2.787804e-05	1
19	rs61746138	58879660	0	2.003842e-04	2.787804e-05	1
19	rs620297	58545433	0	3.510620e-04	4.088072e-05	1
19	rs62114175	58776480	0	3.284187e-04	3.688958e-05	1
19	rs62114176	58776483	0	4.180037e-04	4.707922e-05	1
19	rs62114178	58778451	0	7.591381e-04	9.181719e-05	1
19	rs62114179	58778512	0	2.787304e-04	3.139685e-05	1
19	rs62114183	58786176	0	2.726321e-04	3.411612e-05	1
19	rs62114208	58787115	0	2.772401e-04	3.472749e-05	1
19	rs62114212	58831966	0	-1.165942e-03	-1.694892e-04	1
19	rs62114660	59033674	0	3.317241e-04	4.660299e-05	1
19	rs62114663	59035557	0	6.100071e-04	9.082251e-05	1
19	rs62114668	59072371	0	4.347184e-04	6.396923e-05	1
19	rs62116004	58720201	0	7.552227e-04	9.593837e-05	1
19	rs62116017	58738767	0	1.309694e-03	1.893020e-04	1
19	rs62116373	58850206	0	5.619160e-05	8.641238e-06	1
19	rs62116378	58875268	0	2.207155e-04	3.087656e-05	1
19	rs62116379	58875335	0	2.207155e-04	3.087656e-05	1
19	rs62116380	58876618	0	2.259284e-04	3.154099e-05	1
19	rs62116381	58877385	0	2.259284e-04	3.154099e-05	1
19	rs62116383	58880761	0	2.003842e-04	2.787804e-05	1
19	rs62116384	58880884	0	2.791708e-04	3.890993e-05	1
19	rs62116388	58884162	0	3.321088e-04	4.687614e-05	1
19	rs62116389	58885267	0	3.850636e-04	5.641780e-05	1
19	rs62116432	58901227	0	7.836273e-04	9.621128e-05	1
19	rs62116437	58922551	0	2.611246e-04	3.280616e-05	1
19	rs62117593	58941915	0	4.479525e-04	5.663875e-05	1
19	rs62117594	58942709	0	4.479525e-04	5.663875e-05	1
19	rs62117596	58953099	0	2.626176e-04	3.258156e-05	1
19	rs62117599	58994650	0	1.586389e-04	1.794636e-05	1
19	rs62117658	59015297	0	6.875864e-04	1.046874e-04	1
19	rs62125248	58568181	0	3.616040e-04	3.937917e-05	1
19	rs62125894	58679627	0	-7.588415e-05	-9.702648e-06	1
19	rs62125914	58706186	0	6.943784e-04	8.809847e-05	1
19	rs62125917	58711509	0	6.943784e-04	8.809846e-05	1
19	rs62126787	58586371	0	5.818345e-04	6.932728e-05	1
19	rs62126791	58587777	0	3.684270e-04	4.271433e-05	1
19	rs62126796	58612051	1	-9.494354e-04	-1.317326e-04	1
19	rs63283	58740490	0	-1.904219e-04	-2.550051e-05	1
19	rs6510116	58604319	0	-1.676234e-04	-2.111151e-05	1
19	rs6510125	58637152	0	1.757705e-04	2.130526e-05	1
19	rs6510126	58675916	0	-2.192498e-04	-2.764944e-05	1
19	rs6510128	58761107	0	3.229094e-04	3.697009e-05	1
19	rs6510129	58761533	0	3.229094e-04	3.697008e-05	1
19	rs6510131	58776347	0	-1.124402e-04	-1.682744e-05	1
19	rs6510133	58801186	0	-2.915774e-04	-3.340784e-05	1
19	rs6510136	58824721	0	-2.691406e-04	-3.623734e-05	1
19	rs6510137	58864150	0	5.273685e-04	7.580748e-05	1
19	rs6510139	58885702	0	-3.472744e-04	-3.984807e-05	1
19	rs6510140	58885773	0	-4.308197e-04	-4.983391e-05	1
19	rs6510141	58885786	0	-1.516558e-05	-1.707462e-06	1
19	rs6510142	58885842	0	3.321088e-04	4.687614e-05	1
19	rs6510143	58885874	0	1.892412e-04	2.746198e-05	1
19	rs6510148	58924210	0	-7.966062e-04	-1.009983e-04	1
19	rs6510152	58953319	0	-9.604910e-04	-1.147075e-04	1
19	rs6510153	58975609	0	-6.865097e-04	-1.052958e-04	1
19	rs66616365	58667964	0	8.719908e-04	1.119491e-04	1
19	rs67047437	58676662	0	9.221988e-04	1.217296e-04	1
19	rs67781917	58524126	0	-1.546055e-03	-2.393387e-04	1
19	rs67825948	58525067	0	-1.546055e-03	-2.393387e-04	1
19	rs67978350	58894455	0	-2.800092e-04	-3.518255e-05	1
19	rs71333247	58559583	0	-1.882972e-04	-2.321261e-05	1
19	rs71333251	58738839	0	1.085997e-03	1.502365e-04	1
19	rs71333260	58922220	0	-4.478525e-04	-5.673220e-05	1
19	rs71354068	58531715	0	1.277636e-04	1.847979e-05	1
19	rs71355829	58551080	0	-2.552606e-04	-3.189951e-05	1
19	rs71355833	58657180	0	3.353694e-04	4.110101e-05	1
19	rs719009	58584722	0	3.684270e-04	4.271434e-05	1
19	rs719010	58584765	0	3.684270e-04	4.271434e-05	1
19	rs719011	58584841	0	5.505777e-04	6.470570e-05	1
19	rs723669	58563100	0	6.185469e-05	7.663909e-06	1
19	rs7245923	58874709	0	2.207155e-04	3.087655e-05	1
19	rs7246174	58765348	0	-2.216944e-04	-3.265278e-05	1
19	rs7246751	58804121	0	-5.859753e-04	-8.795576e-05	1
19	rs7248057	58774513	0	-2.718334e-04	-4.070203e-05	1
19	rs7248493	58711108	0	3.444987e-04	4.321520e-05	1
19	rs7248512	58716363	0	7.866150e-04	9.343479e-05	1
19	rs7248800	59079257	0	-1.080993e-03	-1.363031e-04	1
19	rs7249664	58586610	0	-5.835082e-04	-7.116961e-05	1
19	rs7249714	59058083	0	1.778488e-04	2.037664e-05	1
19	rs7249841	59058199	0	3.558090e-04	5.007811e-05	1
19	rs7250280	58713774	0	5.756094e-04	7.195342e-05	1
19	rs7250394	58930177	0	-6.097783e-04	-7.503358e-05	1
19	rs7250524	58611423	0	1.116637e-03	1.401494e-04	1
19	rs7250610	58611723	0	-7.875798e-05	-1.041122e-05	1
19	rs7250711	58611592	0	1.116637e-03	1.401494e-04	1
19	rs7250715	58611606	0	-2.185774e-05	-2.702094e-06	1
19	rs7250752	58893108	0	3.207606e-04	4.523886e-05	1
19	rs7250816	58581572	0	-7.855595e-04	-1.001550e-04	1
19	rs7250889	58900337	0	2.639625e-04	3.035952e-05	1
19	rs7251261	58629081	10	6.768827e-04	8.917334e-05	1
19	rs7251536	58620679	0	2.711274e-04	3.281298e-05	1
19	rs7251813	58893700	0	2.777420e-04	3.178256e-05	1
19	rs7252129	58657428	0	7.468253e-04	9.400982e-05	1
19	rs7252304	58629122	1	5.238945e-04	6.806387e-05	1
19	rs7252333	58900747	0	2.639625e-04	3.035951e-05	1
19	rs7253055	58793554	0	5.174105e-04	6.337658e-05	1
19	rs7253066	59080198	0	-4.747313e-04	-6.580214e-05	1
19	rs7253344	58779340	0	4.618840e-04	5.212480e-05	1
19	rs7253357	58779369	0	2.787304e-04	3.139675e-05	1
19	rs7253433	59041723	0	-9.863807e-04	-1.261392e-04	1
19	rs7254178	58979958	0	-6.865097e-04	-1.052958e-04	1
19	rs7254299	58884965	0	-1.835009e-04	-2.042613e-05	1
19	rs7254639	58876797	0	2.259284e-04	3.154098e-05	1
19	rs7255068	59052105	0	-5.313237e-05	-7.594548e-06	1
19	rs7255290	58583832	0	-1.074877e-03	-1.374917e-04	1
19	rs7255489	58879965	0	1.952810e-04	2.834501e-05	1
19	rs7255491	58901394	0	2.639625e-04	3.035951e-05	1
19	rs7255596	58879976	0	1.952810e-04	2.834501e-05	1
19	rs7255605	58584251	0	-1.074877e-03	-1.374917e-04	1
19	rs7255916	58880016	0	3.996581e-04	5.698564e-05	1
19	rs7256349	58718269	0	8.739917e-04	1.131361e-04	1
19	rs7256664	58600587	0	4.097006e-04	5.201505e-05	1
19	rs7256809	58880184	0	2.003842e-04	2.787802e-05	1
19	rs7256940	58880242	0	2.003842e-04	2.787802e-05	1
19	rs7256964	58882186	0	-1.583038e-04	-1.803818e-05	1
19	rs7257669	59064939	0	-3.256852e-06	-3.723404e-07	1
19	rs7257788	58788901	0	-4.436343e-05	-6.533735e-06	1
19	rs7257872	58928786	0	-7.966062e-04	-1.009982e-04	1
19	rs7257999	58964860	0	-6.537605e-04	-7.657285e-05	1
19	rs7258103	58627235	0	5.611645e-05	6.821670e-06	1
19	rs7258239	58734410	2	2.060023e-04	2.809759e-05	1
19	rs7259841	58951123	0	-9.463088e-04	-1.130606e-04	1
19	rs7260445	58571049	0	-3.368694e-04	-5.040291e-05	1
19	rs7260571	58925286	0	-1.133137e-03	-1.400989e-04	1
19	rs72629170	58876368	0	6.088842e-05	8.382257e-06	1
19	rs72629171	58880848	0	2.791708e-04	3.890991e-05	1
19	rs73056266	58702854	0	3.060067e-04	4.705180e-05	1
19	rs73056270	58709763	0	3.060067e-04	4.705180e-05	1
19	rs73056279	58726998	0	-4.783930e-04	-7.273619e-05	1
19	rs73056286	58750550	0	1.473956e-04	2.135638e-05	1
19	rs73056388	58584525	0	-1.074877e-03	-1.374917e-04	1
19	rs73058504	58589515	0	3.684270e-04	4.271435e-05	1
19	rs73060214	58846001	0	-1.414967e-04	-2.164877e-05	1
19	rs73060254	58899245	0	-1.838799e-04	-2.777538e-05	1
19	rs73060258	58902954	0	-2.800092e-04	-3.518254e-05	1
19	rs73060293	58923050	0	-4.478525e-04	-5.673218e-05	1
19	rs73062110	58936642	0	-6.385173e-04	-8.273794e-05	1
19	rs73064225	58974378	0	3.215662e-04	4.002522e-05	1
19	rs73064302	58994588	0	-5.880622e-05	-7.644517e-06	1
19	rs73066206	58995042	0	-2.065235e-04	-2.586165e-05	1
19	rs73066211	58997079	0	2.650719e-04	3.449856e-05	1
19	rs73066226	59008213	0	6.526936e-04	8.703759e-05	1
19	rs73066228	59013196	0	6.046750e-04	8.116460e-05	1
19	rs73066236	59027481	0	-7.904221e-04	-1.193660e-04	1
19	rs73066244	59033153	0	-7.634380e-04	-9.820283e-05	1
19	rs73066245	59038884	0	5.535321e-04	7.814711e-05	1
19	rs73066251	59050356	0	-4.287229e-04	-5.277079e-05	1
19	rs73068312	59054288	0	-5.766329e-04	-7.242373e-05	1
19	rs73068321	59072020	0	-6.062616e-04	-7.591548e-05	1
19	rs73068325	59079096	0	4.714744e-04	6.079834e-05	1
19	rs73068327	59079334	0	-6.062616e-04	-7.591548e-05	1
19	rs73068329	59080325	0	2.998165e-04	3.820258e-05	1
19	rs73068335	59089308	0	4.162924e-04	5.383194e-05	1
19	rs73068339	59090263	0	-4.218336e-04	-5.187877e-05	1
19	rs73068342	59091717	0	-4.218336e-04	-5.187877e-05	1
19	rs73071847	58548748	0	-2.787970e-04	-3.515850e-05	1
19	rs731259	58989424	0	1.822882e-04	2.363933e-05	1
19	rs731835	58898436	0	5.395431e-04	6.594498e-05	1
19	rs734379	58899182	0	3.515643e-04	4.064860e-05	1
19	rs734380	58898963	0	-4.314858e-05	-4.777194e-06	1
19	rs735278	59083594	0	-3.256852e-06	-3.723156e-07	1
19	rs735507	58720360	0	-1.256192e-04	-1.521757e-05	1
19	rs73562704	59073613	0	-1.366312e-04	-1.891964e-05	1
19	rs73566790	58743866	0	-6.594408e-04	-9.654101e-05	1
19	rs73570604	58810827	0	-4.014926e-04	-5.465388e-05	1
19	rs73570633	58828121	0	4.084880e-04	5.643943e-05	1
19	rs73570653	58832874	0	1.339824e-04	1.780464e-05	1
19	rs73570658	58834522	0	4.084880e-04	5.643944e-05	1
19	rs73570691	58841364	0	-4.963289e-04	-7.114437e-05	1
19	rs73570694	58841515	0	-4.963289e-04	-7.114437e-05	1
19	rs73572621	58845441	0	-4.963289e-04	-7.114437e-05	1
19	rs73572630	58847132	0	-3.409455e-04	-4.866451e-05	1
19	rs73572641	58852541	0	-4.963289e-04	-7.114436e-05	1
19	rs7359845	58831819	0	1.737884e-04	2.292437e-05	1
19	rs7359922	58830261	0	1.737884e-04	2.292437e-05	1
19	rs73939627	58848734	0	-4.689957e-04	-6.769509e-05	1
19	rs7408188	58939389	0	-1.133137e-03	-1.400988e-04	1
19	rs7409473	58939165	0	-1.133137e-03	-1.400988e-04	1
19	rs74357328	58550617	0	-3.533067e-04	-5.432881e-05	1
19	rs74414988	58524349	0	-2.528664e-04	-3.568299e-05	1
19	rs74496797	58749776	0	-3.297254e-04	-4.853361e-05	1
19	rs74625788	58757001	0	-3.297254e-04	-4.853361e-05	1
19	rs74733770	59027672	0	3.233214e-04	4.878712e-05	1
19	rs74815034	58658965	0	1.615291e-04	1.967915e-05	1
19	rs74831398	58919814	0	-2.216424e-04	-3.313396e-05	1
19	rs75072205	58755366	0	-3.245126e-04	-4.760098e-05	1
19	rs7507609	58611111	0	1.138495e-03	1.418758e-04	1
19	rs7508106	58876115	0	2.985270e-04	4.370009e-05	1
19	rs751745	58722129	0	-2.782478e-04	-4.240917e-05	1
19	rs75196460	58952297	0	3.344069e-05	4.969134e-06	1
19	rs75217180	59055112	0	3.558090e-04	5.007808e-05	1
19	rs753530	58632768	0	4.432648e-04	5.801535e-05	1
19	rs75597	58720236	0	7.086934e-04	1.045729e-04	1
19	rs75672965	59063157	0	-1.087258e-04	-1.618373e-05	1
19	rs75814085	58993994	0	1.231986e-04	1.783146e-05	1
19	rs75904835	58810044	0	1.021403e-04	1.520268e-05	1
19	rs75999937	58924419	0	-2.273988e-04	-3.491995e-05	1
19	rs76652149	58524660	0	-2.528664e-04	-3.568299e-05	1
19	rs76783065	59075668	0	-4.004513e-04	-6.095156e-05	1
19	rs76795181	58684319	0	6.270949e-04	1.008733e-04	1
19	rs76798942	58653114	0	1.601655e-04	2.061158e-05	1
19	rs76938992	58877357	0	1.392343e-05	2.101877e-06	1
19	rs76958646	58562357	0	-2.341054e-04	-3.487240e-05	1
19	rs76963345	58743142	0	-7.249019e-04	-1.145828e-04	1
19	rs77101457	59076912	0	-2.312525e-05	-3.284294e-06	1
19	rs77140992	58521189	0	-2.528664e-04	-3.568299e-05	1
19	rs77193614	58820450	0	-2.798094e-04	-3.902675e-05	1
19	rs77222313	58533610	0	-3.412555e-04	-4.831558e-05	1
19	rs77235242	58929230	0	-3.148940e-05	-4.807148e-06	1
19	rs77262558	58684431	0	3.504101e-04	5.264761e-05	1
19	rs77358356	59065154	0	-4.004513e-04	-6.095156e-05	1
19	rs77377117	58742665	0	4.709433e-04	7.154719e-05	1
19	rs77498029	58993254	0	1.318586e-04	1.711604e-05	1
19	rs77537775	59083268	0	-2.142027e-04	-3.264313e-05	1
19	rs77659740	59056991	0	6.290326e-04	9.776316e-05	1
19	rs77688534	59043748	0	7.186176e-04	1.135874e-04	1
19	rs77755501	58915005	0	-2.728269e-04	-3.965230e-05	1
19	rs77999299	59095570	0	7.186176e-04	1.135874e-04	1
19	rs78202231	58668413	0	6.719099e-04	1.057788e-04	1
19	rs78282402	59008259	0	2.244069e-04	3.409996e-05	1
19	rs78282479	58682941	0	2.146959e-04	3.093323e-05	1
19	rs78293168	58755872	0	-3.297254e-04	-4.853360e-05	1
19	rs78397785	59080070	0	7.186176e-04	1.135874e-04	1
19	rs78487872	58855393	0	-3.879898e-06	-5.953476e-07	1
19	rs78560062	58662212	0	-8.563968e-05	-1.098825e-05	1
19	rs78604285	58712758	0	-3.011302e-04	-4.518035e-05	1
19	rs78664025	58695007	0	3.222138e-04	4.845979e-05	1
19	rs78968038	58658294	0	7.468253e-04	9.400980e-05	1
19	rs7910	59093464	0	4.054498e-04	4.632265e-05	1
19	rs79132177	58701780	0	2.186486e-04	3.095968e-05	1
19	rs79135878	58642383	0	6.719099e-04	1.057788e-04	1
19	rs79192210	58561312	0	-3.011082e-04	-4.628281e-05	1
19	rs79208032	58556652	0	-3.408447e-04	-4.370654e-05	1
19	rs79222418	58664418	0	-2.008263e-04	-2.569792e-05	1
19	rs79259289	58752257	0	9.542433e-04	1.311104e-04	1
19	rs79282983	58898840	0	-7.099230e-04	-1.035302e-04	1
19	rs79287592	58789765	0	-2.975769e-04	-4.413254e-05	1
19	rs79463936	58755254	0	-3.245126e-04	-4.760097e-05	1
19	rs79481083	58820403	0	-2.956847e-04	-4.145958e-05	1
19	rs79562691	58745897	0	4.298163e-04	6.749632e-05	1
19	rs79639614	59070578	0	-7.290138e-04	-1.081954e-04	1
19	rs79894507	58699453	0	-3.011302e-04	-4.518035e-05	1
19	rs79955355	58665816	0	-1.268269e-04	-1.925053e-05	1
19	rs80090318	58702017	0	2.186486e-04	3.095967e-05	1
19	rs80153933	58526696	0	-4.466653e-04	-6.365503e-05	1
19	rs80298408	58807275	0	-4.400489e-04	-6.751206e-05	1
19	rs80320621	58816329	0	1.147370e-04	1.606536e-05	1
19	rs80330258	59010439	0	1.111939e-04	1.682199e-05	1
19	rs8099852	58895221	0	4.604027e-04	5.314481e-05	1
19	rs8100253	59087479	0	-2.513635e-04	-3.425243e-05	1
19	rs8100259	58932360	0	2.611246e-04	3.280633e-05	1
19	rs8100276	58534236	0	-1.086526e-03	-1.640971e-04	1
19	rs8100534	58534484	0	-1.086526e-03	-1.640971e-04	1
19	rs8100738	58581904	0	3.684270e-04	4.271436e-05	1
19	rs8100801	58892060	0	3.207606e-04	4.523882e-05	1
19	rs8101391	58892524	0	2.680278e-04	3.916206e-05	1
19	rs8102157	58589599	0	-7.907723e-04	-1.009691e-04	1
19	rs8102402	58892672	0	2.680278e-04	3.916206e-05	1
19	rs8102457	58926008	0	-7.966062e-04	-1.009981e-04	1
19	rs8102541	59091380	0	-1.760019e-04	-1.981127e-05	1
19	rs8103813	59072684	0	4.714744e-04	6.079837e-05	1
19	rs8103853	58577762	0	-7.855595e-04	-1.001549e-04	1
19	rs8104061	58795986	0	9.478539e-04	1.241099e-04	1
19	rs8104221	58905109	0	4.178479e-04	5.081338e-05	1
19	rs8104276	58603983	0	4.540014e-04	5.653303e-05	1
19	rs8105044	58796805	0	3.444853e-04	3.938944e-05	1
19	rs8105799	58761585	0	3.229094e-04	3.697000e-05	1
19	rs8105906	58791636	0	-4.436343e-05	-6.533722e-06	1
19	rs8105935	58821088	0	-2.798094e-04	-3.902676e-05	1
19	rs8106345	58888317	0	-9.395217e-05	-1.050307e-05	1
19	rs8106379	59094136	0	-3.612253e-04	-5.098197e-05	1
19	rs8106477	58888441	0	-2.841556e-04	-3.242031e-05	1
19	rs8107581	58809154	0	1.235039e-03	1.565997e-04	1
19	rs8107931	58636461	0	1.900513e-04	2.466178e-05	1
19	rs8108238	58757968	0	-3.297254e-04	-4.853360e-05	1
19	rs8108371	58730394	0	-2.973353e-06	-4.304251e-07	1
19	rs8108493	58730489	0	-1.711985e-04	-2.542469e-05	1
19	rs8109093	58833871	0	1.339824e-04	1.780468e-05	1
19	rs8109275	58629878	0	4.432648e-04	5.801532e-05	1
19	rs8109359	58629914	0	4.432648e-04	5.801531e-05	1
19	rs8109471	58621794	0	1.900513e-04	2.466177e-05	1
19	rs8109694	58621307	0	-1.350937e-05	-1.778886e-06	1
19	rs8109925	58623323	0	1.900513e-04	2.466176e-05	1
19	rs8109932	58903466	0	2.639625e-04	3.035940e-05	1
19	rs8109937	58584643	0	3.684270e-04	4.271437e-05	1
19	rs8110117	58600626	0	4.664065e-04	5.926950e-05	1
19	rs8110135	58998464	0	-1.576842e-03	-2.376870e-04	1
19	rs8110249	58824237	0	3.772112e-04	5.100836e-05	1
19	rs8110595	59095126	0	-6.928145e-05	-7.803317e-06	1
19	rs8110941	58824163	0	3.131169e-04	4.222959e-05	1
19	rs8111222	58750413	0	4.124945e-04	4.773190e-05	1
19	rs8111238	58667076	0	8.703458e-04	1.116861e-04	1
19	rs8111301	58750326	0	-3.297254e-04	-4.853359e-05	1
19	rs8111498	58749994	0	-5.829389e-04	-8.775171e-05	1
19	rs8112286	58752391	0	-4.547550e-04	-6.696877e-05	1
19	rs8112340	58759679	0	-4.851088e-04	-7.166117e-05	1
19	rs8112556	58886459	0	1.892412e-04	2.746195e-05	1
19	rs8113810	58932106	0	-1.133137e-03	-1.400987e-04	1
19	rs873104	59065952	0	-4.218336e-04	-5.187871e-05	1
19	rs877796	58753615	0	-6.318434e-04	-9.349921e-05	1
19	rs877797	58753649	0	-3.297254e-04	-4.853358e-05	1
19	rs880162	59013134	0	-1.174978e-03	-1.600085e-04	1
19	rs882609	58991479	0	-9.861229e-04	-1.221128e-04	1
19	rs882610	58991900	0	-1.001071e-03	-1.327382e-04	1
19	rs889158	58601981	0	5.961920e-05	6.794029e-06	1
19	rs889159	58584522	0	5.257537e-04	6.147483e-05	1
19	rs889160	58584434	0	-7.523568e-04	-9.497882e-05	1
19	rs889161	58584324	0	3.684270e-04	4.271437e-05	1
19	rs893179	58899056	0	2.537063e-04	2.910618e-05	1
19	rs893180	58865091	0	5.671745e-04	8.211983e-05	1
19	rs893181	58865082	0	5.671745e-04	8.211983e-05	1
19	rs893182	58865068	0	5.671745e-04	8.211982e-05	1
19	rs893183	58865054	0	5.273685e-04	7.580741e-05	1
19	rs893184	58864479	0	5.273685e-04	7.580740e-05	1
19	rs893185	58989495	0	-7.892889e-04	-9.502247e-05	1
19	rs893186	58969179	0	-1.154875e-03	-1.439054e-04	1
19	rs893187	58963018	0	-9.990487e-05	-1.230886e-05	1
19	rs893188	58962958	0	2.642626e-04	3.258499e-05	1
19	rs895374	59066918	0	-2.537094e-04	-2.881818e-05	1
19	rs918544	58620103	0	1.900513e-04	2.466173e-05	1
19	rs918545	58620068	0	1.900513e-04	2.466173e-05	1
19	rs922929	58734596	0	2.768582e-04	3.823232e-05	1
19	rs922931	58734749	0	2.364473e-05	3.230907e-06	1
19	rs9304813	58931557	0	-1.244459e-03	-1.590119e-04	1
19	rs9304814	58951811	0	-9.385340e-04	-1.129574e-04	1
19	rs933670	58619847	0	-1.898681e-04	-2.620354e-05	1
19	rs9636162	59019452	0	-5.259132e-04	-8.014041e-05	1
19	rs9676281	58756728	0	-2.401403e-04	-3.551465e-05	1
19	rs9676287	58756655	0	-3.297254e-04	-4.853357e-05	1
19	rs9676487	58756869	0	-2.401403e-04	-3.551465e-05	1
19	rs971711	58632872	0	-1.350937e-05	-1.778925e-06	1
19	rs9749456	58882192	0	3.906241e-05	4.329946e-06	1
19	rs975947	58898193	0	1.997016e-05	2.233952e-06	1
19	rs9797792	59019531	0	-2.999415e-04	-3.765831e-05	1
19	rs9941466	58945962	0	-6.703844e-04	-1.038242e-04	1
