chr	rs	ps	n_miss	b	beta	gamma
19	rs1004526	58588849	0	5.273464e-04	1.340482e-05	1
19	rs1005050	58949579	0	-2.034684e-04	-5.181259e-06	1
19	rs101447	58720717	0	1.213619e-03	3.140869e-05	1
19	rs1014767	58528303	0	1.637890e-04	4.094089e-06	1
19	rs1015224	58724380	0	-4.504927e-05	-1.178389e-06	1
19	rs1019490	58610559	0	-3.239646e-05	-8.079175e-07	1
19	rs1020054	58987301	0	7.983957e-04	2.107788e-05	1
19	rs10401711	58624499	0	8.602139e-05	2.201741e-06	1
19	rs10402098	58624615	0	8.602139e-05	2.201742e-06	1
19	rs10402211	58652341	0	4.333691e-04	1.096594e-05	1
19	rs10402307	58624732	0	5.424290e-04	1.380443e-05	1
19	rs10402325	58913507	0	2.355191e-04	5.964275e-06	1
19	rs10403117	58744033	0	-1.202914e-03	-3.211626e-05	1
19	rs10404798	58628509	0	8.602139e-05	2.201741e-06	1
19	rs10405350	58628515	0	-1.077554e-04	-2.747506e-06	1
19	rs10405769	58917418	0	6.092104e-04	1.527370e-05	1
19	rs10406593	58917575	0	2.465813e-04	6.220970e-06	1
19	rs10407096	58887170	0	-6.727759e-04	-1.698597e-05	1
19	rs10407616	58896384	0	5.871475e-04	1.523897e-05	1
19	rs10407894	58625081	0	8.602139e-05	2.201742e-06	1
19	rs10409388	58604114	0	-7.989658e-05	-2.006998e-06	1
19	rs10410171	59097308	0	3.292068e-04	8.239424e-06	1
19	rs10411535	58708526	0	3.304081e-04	8.272137e-06	1
19	rs10411892	58923725	0	2.465813e-04	6.220969e-06	1
19	rs10412181	58814507	0	8.432916e-04	2.146015e-05	1
19	rs10412209	58629463	0	3.204171e-05	8.205698e-07	1
19	rs10412612	58632446	0	8.602139e-05	2.201742e-06	1
19	rs10413586	59071321	0	7.905432e-05	1.963413e-06	1
19	rs10414125	59064327	0	-3.617321e-05	-9.389800e-07	1
19	rs10415286	58720992	0	-1.279428e-04	-3.197523e-06	1
19	rs10415313	58675417	0	3.188109e-04	8.056319e-06	1
19	rs10416149	58964306	0	6.147079e-04	1.547312e-05	1
19	rs10417092	58915193	0	2.310960e-05	5.740542e-07	1
19	rs10417104	58923866	0	3.394890e-04	8.467424e-06	1
19	rs10419091	58723359	0	9.806584e-04	2.544034e-05	1
19	rs10419259	58630192	0	6.889558e-04	1.761088e-05	1
19	rs10420221	58794026	0	-6.478378e-04	-1.651385e-05	1
19	rs10420540	58521290	0	7.390666e-04	1.911299e-05	1
19	rs10420801	58609457	0	5.647730e-06	1.432889e-07	1
19	rs10421140	58609376	0	-2.002073e-04	-5.094439e-06	1
19	rs10421350	58609443	0	5.647730e-06	1.432891e-07	1
19	rs10422127	58609220	0	-9.344668e-05	-2.397051e-06	1
19	rs10422438	58523444	0	7.637335e-04	1.961104e-05	1
19	rs10422730	58618747	0	-2.007076e-04	-5.123148e-06	1
19	rs10423138	58928302	0	6.092104e-04	1.527369e-05	1
19	rs10423778	58627574	0	5.852101e-04	1.491197e-05	1
19	rs10424179	58627725	0	5.852101e-04	1.491197e-05	1
19	rs10425266	58694416	0	1.116172e-03	2.913423e-05	1
19	rs10425685	58703085	0	1.116172e-03	2.913423e-05	1
19	rs10432292	59036273	0	1.914998e-04	4.954410e-06	1
19	rs10448	59093239	0	2.782547e-04	6.954803e-06	1
19	rs10469313	58892510	0	-7.306217e-04	-1.846620e-05	1
19	rs1051500	58944402	0	6.092104e-04	1.527368e-05	1
19	rs1057402	58580277	0	2.537492e-04	6.407546e-06	1
19	rs1058144	59075115	0	-2.247595e-05	-5.809765e-07	1
19	rs1064267	58597405	0	8.641948e-04	2.238551e-05	1
19	rs1077420	58968875	0	1.287643e-03	3.323299e-05	1
19	rs10775573	58614974	0	-3.239646e-05	-8.079167e-07	1
19	rs10775574	58615053	0	-3.239646e-05	-8.079166e-07	1
19	rs1080416	58559785	0	-2.086762e-04	-5.287048e-06	1
19	rs10853902	58614749	0	-3.239646e-05	-8.079163e-07	1
19	rs10853903	58714926	0	1.168405e-03	3.057826e-05	1
19	rs10853904	58885260	0	3.615741e-05	9.370358e-07	1
19	rs10878	58595676	0	9.752270e-04	2.530416e-05	1
19	rs1107399	58955556	0	-1.992338e-04	-5.063038e-06	1
19	rs11084528	58527472	0	-4.992184e-04	-1.249694e-05	1
19	rs11084531	58582586	0	-8.666051e-04	-2.207111e-05	1
19	rs11084532	58583939	0	-8.666051e-04	-2.207111e-05	1
19	rs11084534	58613950	0	-3.239646e-05	-8.079170e-07	1
19	rs11084535	58614035	0	-3.239646e-05	-8.079169e-07	1
19	rs11084537	58629227	0	1.176633e-04	3.018530e-06	1
19	rs11084538	58629238	0	-1.077554e-04	-2.747504e-06	1
19	rs11084542	58932099	0	9.290772e-05	2.350324e-06	1
19	rs11084543	58932701	0	9.290772e-05	2.350323e-06	1
19	rs11084544	58940127	0	9.290772e-05	2.350322e-06	1
19	rs11084545	58951693	0	4.643039e-04	1.159617e-05	1
19	rs111426967	58526736	0	1.484984e-04	3.838813e-06	1
19	rs111476488	58632584	0	-2.152968e-04	-5.488743e-06	1
19	rs111497992	58952247	0	-2.981939e-04	-7.799471e-06	1
19	rs111728832	58712814	0	3.207743e-05	8.389948e-07	1
19	rs111785442	59088450	0	-1.959910e-04	-5.104111e-06	1
19	rs111938040	58682195	0	1.630751e-04	4.263973e-06	1
19	rs111961880	58521852	0	2.472055e-04	6.433891e-06	1
19	rs112047932	59096384	0	-6.291370e-04	-1.656568e-05	1
19	rs112072625	58851928	0	2.469579e-04	6.390556e-06	1
19	rs112121304	58747493	0	-6.473862e-04	-1.692024e-05	1
19	rs1122955	58946203	0	9.290772e-05	2.350321e-06	1
19	rs112380274	58538047	0	4.059979e-04	1.060550e-05	1
19	rs112404933	59051273	4	4.303870e-04	1.109935e-05	1
19	rs112495529	59086341	0	-2.207196e-04	-5.715547e-06	1
19	rs112630877	58713159	0	-8.991627e-04	-2.376775e-05	1
19	rs112710702	58907700	0	-2.320194e-04	-6.069394e-06	1
19	rs112807223	58957572	0	-1.640171e-04	-4.291838e-06	1
19	rs112809147	58521822	0	2.166513e-04	5.609867e-06	1
19	rs112884174	58795474	0	-6.937658e-04	-1.769105e-05	1
19	rs112905868	58696543	0	1.028261e-03	2.675247e-05	1
19	rs112923015	58843344	0	2.469579e-04	6.390556e-06	1
19	rs113038922	58848825	4	1.610847e-04	4.192682e-06	1
19	rs113128193	59054938	0	-5.413855e-04	-1.421496e-05	1
19	rs113129007	58572389	0	3.918075e-05	1.022365e-06	1
19	rs113234672	59044327	0	-1.512554e-04	-3.913669e-06	1
19	rs113267181	59018390	0	4.771354e-04	1.213587e-05	1
19	rs113368366	59098134	0	-2.093284e-04	-5.392540e-06	1
19	rs113630669	59008097	9	5.653334e-04	1.441225e-05	1
19	rs113702420	58728671	0	-4.504927e-05	-1.178389e-06	1
19	rs113742427	59035589	0	4.772245e-04	1.213744e-05	1
19	rs113744797	58793000	0	3.036408e-04	7.947223e-06	1
19	rs113747485	58702661	0	-8.191277e-04	-2.153567e-05	1
19	rs113782954	58521588	0	6.848520e-04	1.753930e-05	1
19	rs113896796	58999674	0	-3.930230e-04	-1.032478e-05	1
19	rs113896797	58522122	0	9.557179e-04	2.469949e-05	1
19	rs113897676	58526091	1	2.736771e-04	7.075423e-06	1
19	rs113909979	58843146	0	2.469579e-04	6.390556e-06	1
19	rs113992190	58531244	0	2.166513e-04	5.609867e-06	1
19	rs114393548	58963349	0	-6.013512e-05	-1.529511e-06	1
19	rs11486499	59017417	0	-3.473888e-05	-8.534820e-07	1
19	rs115134660	58671275	0	-4.172185e-04	-1.088397e-05	1
19	rs11545185	59028585	0	1.429628e-04	3.633455e-06	1
19	rs11665688	58953762	0	7.815408e-05	1.977426e-06	1
19	rs11666156	58790359	0	2.095837e-04	5.245164e-06	1
19	rs11666227	58573559	0	-7.837511e-04	-1.989737e-05	1
19	rs11666303	58922502	0	9.290772e-05	2.350318e-06	1
19	rs11666477	58777937	0	5.997483e-04	1.513566e-05	1
19	rs11666502	58953826	0	7.815408e-05	1.977424e-06	1
19	rs11666610	58527828	0	-3.251995e-04	-8.099727e-06	1
19	rs11666716	58920952	0	9.290772e-05	2.350317e-06	1
19	rs11666790	59033341	0	3.574150e-05	9.075001e-07	1
19	rs11666928	58914231	0	1.312305e-04	3.321025e-06	1
19	rs11667482	58568958	0	-2.750615e-04	-6.814733e-06	1
19	rs11667581	58622193	0	1.120156e-04	2.799814e-06	1
19	rs11667723	58927489	0	9.290772e-05	2.350315e-06	1
19	rs11668071	58973141	0	9.735615e-05	2.546962e-06	1
19	rs11668201	59003632	0	2.612627e-05	6.557727e-07	1
19	rs11668350	58775813	0	-3.655644e-04	-9.222134e-06	1
19	rs11668420	58937836	0	9.290772e-05	2.350313e-06	1
19	rs11668757	58928299	0	2.802609e-04	7.124331e-06	1
19	rs11668785	58780089	0	-8.391252e-05	-2.101098e-06	1
19	rs11668789	58928309	0	9.290772e-05	2.350312e-06	1
19	rs11668814	58946833	0	9.290772e-05	2.350311e-06	1
19	rs11668821	58955813	0	-6.094466e-05	-1.559530e-06	1
19	rs11669093	58912795	0	7.316814e-04	1.910351e-05	1
19	rs11669127	59003830	0	1.824060e-04	4.647298e-06	1
19	rs11669305	58886431	0	9.874163e-04	2.583746e-05	1
19	rs11669345	59062259	0	2.375711e-04	6.046369e-06	1
19	rs11669347	58951632	0	-3.483750e-04	-8.874437e-06	1
19	rs11669373	58798685	0	1.030887e-04	2.580415e-06	1
19	rs11669378	58951686	0	-3.336415e-04	-8.497235e-06	1
19	rs11669464	58998901	0	2.112463e-04	5.390385e-06	1
19	rs11669526	58998914	0	2.112463e-04	5.390384e-06	1
19	rs11669665	58931885	2	6.051264e-05	1.527421e-06	1
19	rs11669741	58960481	0	5.618911e-04	1.406204e-05	1
19	rs11669829	58624120	0	8.602139e-05	2.201744e-06	1
19	rs11669919	58580394	0	-8.666051e-04	-2.207110e-05	1
19	rs11670035	58573649	0	-9.335660e-04	-2.388199e-05	1
19	rs11670075	58751393	0	-1.080837e-04	-2.718299e-06	1
19	rs11670192	59017640	0	8.151201e-05	2.063466e-06	1
19	rs11670322	58917125	0	-2.034684e-04	-5.181270e-06	1
19	rs11670347	58917040	0	-1.611413e-04	-4.107551e-06	1
19	rs11670764	58992896	0	2.236113e-05	5.749130e-07	1
19	rs11670848	58580962	0	-8.666051e-04	-2.207110e-05	1
19	rs11670864	59030580	0	3.637206e-05	9.163422e-07	1
19	rs11670871	58940514	0	9.290772e-05	2.350304e-06	1
19	rs11671033	58963669	0	2.704173e-04	6.897220e-06	1
19	rs11671092	59009109	0	9.207041e-05	2.344002e-06	1
19	rs11671113	58958087	0	5.618911e-04	1.406204e-05	1
19	rs11671199	58722673	0	1.546939e-03	4.145182e-05	1
19	rs11671477	58800346	0	1.030887e-04	2.580414e-06	1
19	rs11671486	58793064	0	3.310194e-04	8.305994e-06	1
19	rs11671591	58918337	0	9.290772e-05	2.350301e-06	1
19	rs11671725	58587046	0	-8.666051e-04	-2.207109e-05	1
19	rs11672212	59018821	0	5.739642e-04	1.500316e-05	1
19	rs11672258	58934685	0	9.290772e-05	2.350300e-06	1
19	rs11672379	58575800	0	1.120354e-03	2.888299e-05	1
19	rs11672609	59006924	0	1.164290e-04	2.972061e-06	1
19	rs11672614	59006984	0	1.164290e-04	2.972060e-06	1
19	rs11672645	58718698	0	-1.035965e-03	-2.680347e-05	1
19	rs11672730	59007203	0	1.164290e-04	2.972060e-06	1
19	rs11672765	58801758	0	3.687550e-04	9.224260e-06	1
19	rs11672773	58801784	0	3.867416e-04	9.679729e-06	1
19	rs11673069	58934918	0	2.802609e-04	7.124317e-06	1
19	rs11673101	58995053	0	4.300462e-04	1.103729e-05	1
19	rs11673436	58576358	0	-8.666051e-04	-2.207109e-05	1
19	rs11673465	59038895	0	-6.941266e-05	-1.771734e-06	1
19	rs11673550	58777337	0	7.964447e-05	1.977886e-06	1
19	rs11673557	58777390	0	1.107179e-04	2.754082e-06	1
19	rs11673703	58983549	0	-2.830962e-04	-7.338187e-06	1
19	rs116922203	58537659	0	-2.717555e-04	-7.113508e-06	1
19	rs116938565	58752980	0	4.379931e-05	1.137783e-06	1
19	rs117121674	58619217	0	9.162020e-05	2.401713e-06	1
19	rs117207849	58645844	0	1.854690e-04	4.861934e-06	1
19	rs117233340	58531540	0	-3.069029e-04	-8.038059e-06	1
19	rs117316552	59087901	0	-6.291370e-04	-1.656568e-05	1
19	rs117415600	58985438	0	2.701443e-04	7.075297e-06	1
19	rs117465682	58954770	0	2.701443e-04	7.075297e-06	1
19	rs117482759	58808414	0	-3.095264e-04	-8.118714e-06	1
19	rs117509647	58580355	0	1.812429e-04	4.735374e-06	1
19	rs117591817	58875573	0	1.027725e-04	2.695456e-06	1
19	rs117625253	59097933	0	-9.690420e-05	-2.528636e-06	1
19	rs117667229	58690935	0	-5.683299e-04	-1.493107e-05	1
19	rs117761389	58665641	0	-9.889686e-05	-2.586767e-06	1
19	rs117800501	58649809	0	-1.355647e-04	-3.543497e-06	1
19	rs117831716	58571600	0	1.281671e-04	3.354409e-06	1
19	rs117962485	58794158	0	-2.894715e-04	-7.602564e-06	1
19	rs118058287	58726678	0	-7.166719e-04	-1.889584e-05	1
19	rs118098469	59027453	0	-1.213762e-04	-3.171481e-06	1
19	rs118122480	58697975	0	6.380746e-05	1.671958e-06	1
19	rs118165397	58873238	0	-1.536476e-04	-3.995184e-06	1
19	rs11878198	58920302	0	9.290772e-05	2.350295e-06	1
19	rs11878203	58920050	0	9.290772e-05	2.350295e-06	1
19	rs11879192	58613591	0	-3.239646e-05	-8.079149e-07	1
19	rs11879575	58660968	0	-3.146872e-04	-8.039462e-06	1
19	rs11879748	58613819	0	-3.239646e-05	-8.079149e-07	1
19	rs11879808	58876517	0	-1.727012e-04	-4.455643e-06	1
19	rs11881000	58932788	0	9.290772e-05	2.350294e-06	1
19	rs11881126	58523990	0	-5.475233e-04	-1.370136e-05	1
19	rs11882226	59064636	0	-1.353996e-04	-3.512432e-06	1
19	rs11882439	58730564	0	-7.927004e-04	-2.035641e-05	1
19	rs11883119	58750511	0	2.444153e-05	6.337324e-07	1
19	rs11883136	58750671	0	4.379931e-05	1.137783e-06	1
19	rs12052202	59048311	0	-4.045203e-04	-1.054436e-05	1
19	rs12151036	58714235	0	1.121610e-03	2.928060e-05	1
19	rs12459294	58878494	0	-1.368300e-04	-3.535934e-06	1
19	rs12459340	58878484	0	-5.630126e-04	-1.413293e-05	1
19	rs12459664	58883817	0	3.615741e-05	9.370392e-07	1
19	rs12459668	58883897	0	3.438306e-04	8.961263e-06	1
19	rs12459942	58678797	0	-9.889686e-05	-2.586767e-06	1
19	rs12460016	58784640	0	5.540609e-04	1.414521e-05	1
19	rs12460050	58666109	0	-5.372576e-04	-1.366320e-05	1
19	rs12460553	58903304	0	1.540590e-04	3.882067e-06	1
19	rs12460623	58903574	0	2.419698e-04	6.095739e-06	1
19	rs12460974	58537461	0	3.562673e-04	8.970780e-06	1
19	rs12461217	58579927	0	1.219581e-03	3.163788e-05	1
19	rs12461356	58668553	0	1.956091e-04	4.901455e-06	1
19	rs12461832	58611210	0	-3.239646e-05	-8.079144e-07	1
19	rs12462307	58784732	0	5.830046e-04	1.476854e-05	1
19	rs12462495	59089792	0	-7.059381e-04	-1.864083e-05	1
19	rs12462497	58964424	0	-2.865112e-04	-7.435175e-06	1
19	rs12462787	58801360	0	2.514302e-04	6.377626e-06	1
19	rs12608795	58896477	0	-1.156675e-04	-2.905219e-06	1
19	rs12609270	58888787	0	-6.817587e-04	-1.716243e-05	1
19	rs12611047	58889108	0	-7.303410e-04	-1.846552e-05	1
19	rs1265953	58854566	0	-3.468483e-04	-8.985868e-06	1
19	rs1265954	58854600	0	-2.469579e-04	-6.390556e-06	1
19	rs1265955	58856812	0	-2.158845e-04	-5.586747e-06	1
19	rs1265956	58857131	0	-3.868471e-04	-1.000076e-05	1
19	rs1265957	58858676	0	4.056502e-05	1.059095e-06	1
19	rs1265961	58860387	0	1.363069e-03	3.611855e-05	1
19	rs1268538	58853363	0	2.469579e-04	6.390555e-06	1
19	rs12971534	58541508	0	-3.382460e-04	-8.627988e-06	1
19	rs12971923	58634625	0	-4.882536e-04	-1.237441e-05	1
19	rs12971940	58541514	0	-4.792189e-04	-1.226221e-05	1
19	rs12972034	58690818	0	-7.713414e-04	-1.973754e-05	1
19	rs12972054	58735053	0	-7.668080e-04	-1.967322e-05	1
19	rs12972201	59035989	0	1.914998e-04	4.954410e-06	1
19	rs12972400	59036000	0	2.736693e-05	7.143823e-07	1
19	rs12972438	58728126	0	-9.682262e-04	-2.494365e-05	1
19	rs12972443	58757870	0	-1.080837e-04	-2.718298e-06	1
19	rs12972597	59036021	0	-8.349148e-05	-2.166382e-06	1
19	rs12972636	59036119	0	-8.349148e-05	-2.166382e-06	1
19	rs12972884	58749797	0	-2.858697e-04	-7.194354e-06	1
19	rs12972898	58956888	0	-6.094466e-05	-1.559549e-06	1
19	rs12972962	59036017	0	2.736693e-05	7.143825e-07	1
19	rs12973189	58618974	0	-4.304134e-04	-1.076236e-05	1
19	rs12973218	58729931	0	-6.868345e-04	-1.757215e-05	1
19	rs12973231	58729904	0	-6.868345e-04	-1.757215e-05	1
19	rs12973458	58729973	0	-7.927004e-04	-2.035640e-05	1
19	rs12973718	58580615	0	9.762838e-05	2.496689e-06	1
19	rs12974045	58612080	1	2.580170e-04	6.433238e-06	1
19	rs12974312	58612154	0	-3.239646e-05	-8.079099e-07	1
19	rs12975369	58693418	0	-7.894677e-04	-2.023686e-05	1
19	rs12975659	58612122	0	-2.205255e-04	-5.655569e-06	1
19	rs12975995	58553864	0	-2.742346e-04	-6.975210e-06	1
19	rs12976331	58751639	0	4.392859e-05	1.104014e-06	1
19	rs12976771	58614336	0	-3.239646e-05	-8.079092e-07	1
19	rs12976842	58614404	0	-3.239646e-05	-8.079091e-07	1
19	rs12976966	58647516	0	-1.083093e-04	-2.747698e-06	1
19	rs12977251	58605521	0	-7.307932e-04	-1.845127e-05	1
19	rs12977390	58614604	0	-3.239646e-05	-8.079075e-07	1
19	rs12977592	58961056	0	6.220263e-04	1.569071e-05	1
19	rs12977863	58702050	0	-7.894677e-04	-2.023685e-05	1
19	rs12977929	58688430	0	-7.664266e-04	-1.960701e-05	1
19	rs12978129	58725724	0	-1.024470e-03	-2.648828e-05	1
19	rs12978139	58732605	0	-8.059286e-04	-2.070844e-05	1
19	rs12978152	58732656	0	-2.813021e-04	-7.060646e-06	1
19	rs12978231	58614357	0	-3.239646e-05	-8.079054e-07	1
19	rs12979108	58732779	0	-8.059286e-04	-2.070844e-05	1
19	rs12979415	58952608	0	-3.883293e-04	-1.018351e-05	1
19	rs12979906	58732532	0	-3.781213e-04	-9.494222e-06	1
19	rs12980120	58618223	0	1.170553e-04	2.999137e-06	1
19	rs12980208	58860812	0	-2.458904e-04	-6.360986e-06	1
19	rs12980211	58611169	0	-3.239646e-05	-8.079048e-07	1
19	rs12980299	58787473	0	3.310194e-04	8.306006e-06	1
19	rs12980430	59002009	0	7.619799e-04	1.939116e-05	1
19	rs12980623	58624996	0	1.051279e-04	2.690881e-06	1
19	rs12980697	58963488	0	3.705182e-05	9.298226e-07	1
19	rs12980907	58956326	0	-6.094466e-05	-1.559550e-06	1
19	rs12981083	58963468	0	1.306451e-04	3.309232e-06	1
19	rs12981092	58963475	0	2.183966e-04	5.542627e-06	1
19	rs12981338	58618736	0	-5.233657e-04	-1.312551e-05	1
19	rs12981417	58596956	0	7.226371e-04	1.865918e-05	1
19	rs12981649	58930043	0	9.290772e-05	2.350288e-06	1
19	rs12981684	58632144	0	-4.882536e-04	-1.237439e-05	1
19	rs12981875	58935130	0	9.290772e-05	2.350287e-06	1
19	rs12982505	58613285	0	-2.386292e-04	-5.994467e-06	1
19	rs12982863	58715418	0	-7.894677e-04	-2.023684e-05	1
19	rs12983138	58655373	0	-4.509451e-05	-1.125526e-06	1
19	rs12983165	58958435	0	-6.094466e-05	-1.559553e-06	1
19	rs12983169	58768177	0	-4.407251e-04	-1.115335e-05	1
19	rs12983679	58923736	0	2.274826e-04	5.773226e-06	1
19	rs12983701	58613499	0	-3.239646e-05	-8.079010e-07	1
19	rs12983728	58671267	0	-2.591378e-04	-6.603452e-06	1
19	rs12983843	58923618	0	9.290772e-05	2.350285e-06	1
19	rs12984015	58613031	0	-3.239646e-05	-8.079005e-07	1
19	rs12984254	58613113	0	-3.239646e-05	-8.079004e-07	1
19	rs12984878	58562150	0	-1.946263e-04	-4.929375e-06	1
19	rs12985394	58958585	0	-6.094466e-05	-1.559556e-06	1
19	rs12985543	58689072	0	-7.664266e-04	-1.960700e-05	1
19	rs12986027	58793596	0	3.310194e-04	8.306008e-06	1
19	rs12986378	58727821	0	-9.916629e-04	-2.560211e-05	1
19	rs12986387	58927215	0	9.290772e-05	2.350284e-06	1
19	rs13343526	58908150	0	6.147029e-04	1.593711e-05	1
19	rs13344155	59085666	0	-2.247595e-05	-5.809802e-07	1
19	rs13344679	58693697	0	1.209172e-03	3.172043e-05	1
19	rs13345808	58674696	0	5.002740e-04	1.269353e-05	1
19	rs13346342	58522715	0	5.470822e-04	1.408549e-05	1
19	rs13382065	58903698	0	1.009068e-04	2.547701e-06	1
19	rs139211863	58843003	0	2.469579e-04	6.390551e-06	1
19	rs140171882	58659248	0	-3.705438e-04	-9.475297e-06	1
19	rs140214515	58654197	0	1.365242e-04	3.576770e-06	1
19	rs140755790	58680275	0	-2.340565e-04	-6.079764e-06	1
19	rs141669549	58690674	0	9.305733e-04	2.417723e-05	1
19	rs141815249	58690989	0	-5.683299e-04	-1.493107e-05	1
19	rs141887102	59077031	0	2.375711e-04	6.046345e-06	1
19	rs142677013	58655817	0	-3.823345e-04	-1.001747e-05	1
19	rs143096975	58622408	0	-6.598832e-05	-1.724631e-06	1
19	rs143314212	58810770	0	4.659464e-04	1.221923e-05	1
19	rs143712775	58643218	0	-4.319722e-04	-1.128884e-05	1
19	rs144310654	58669338	0	2.411863e-04	6.326348e-06	1
19	rs144479077	58634823	0	-1.136505e-04	-2.977891e-06	1
19	rs144760313	58894031	0	-2.493484e-04	-6.479946e-06	1
19	rs144929606	59015873	0	5.446240e-04	1.387464e-05	1
19	rs146262068	59077090	0	-1.297665e-04	-3.365837e-06	1
19	rs1465789	58946056	0	6.092104e-04	1.527362e-05	1
19	rs1469087	58572979	0	2.555071e-04	6.588850e-06	1
19	rs147878006	58887658	0	-2.594993e-05	-6.686591e-07	1
19	rs148493024	58655648	0	-3.329712e-04	-8.727983e-06	1
19	rs148953731	58662865	0	-3.809960e-04	-9.936027e-06	1
19	rs149513825	58925379	0	2.701443e-04	7.075295e-06	1
19	rs149594935	58681857	0	1.667214e-04	4.340803e-06	1
19	rs149863732	58917068	0	-1.611413e-04	-4.107554e-06	1
19	rs150191918	58691030	0	-1.037704e-04	-2.709651e-06	1
19	rs150752046	58888366	0	1.463806e-04	3.804001e-06	1
19	rs150892142	58743405	0	3.034475e-04	7.935715e-06	1
19	rs150997678	59052967	4	8.588076e-05	2.243102e-06	1
19	rs151265692	59019648	0	1.325849e-04	3.466281e-06	1
19	rs1529329	58600048	0	-6.269127e-04	-1.609738e-05	1
19	rs1529958	58899466	0	5.631229e-04	1.419708e-05	1
19	rs1529959	58899342	0	4.783915e-04	1.207210e-05	1
19	rs1544796	58542425	0	2.182484e-04	5.631086e-06	1
19	rs1544888	58570912	0	9.505801e-04	2.431752e-05	1
19	rs1549279	58528621	0	1.286263e-04	3.217974e-06	1
19	rs1549491	58588434	0	3.552874e-04	9.005016e-06	1
19	rs1549492	58585248	0	4.676449e-04	1.186850e-05	1
19	rs1549493	58585367	0	4.467005e-04	1.133323e-05	1
19	rs1549495	58529518	0	-3.251995e-04	-8.099712e-06	1
19	rs1550812	59090423	0	-3.032854e-04	-7.849599e-06	1
19	rs1550813	59090227	0	2.557787e-04	6.390158e-06	1
19	rs157355	58692686	0	3.650956e-04	9.189504e-06	1
19	rs157357	58693870	0	-2.649700e-05	-6.862676e-07	1
19	rs157358	58643751	0	2.229212e-04	5.714583e-06	1
19	rs157360	58650058	0	-1.092025e-04	-2.770628e-06	1
19	rs157361	58676017	0	3.768908e-04	9.695551e-06	1
19	rs157362	58675894	0	4.396898e-05	1.127093e-06	1
19	rs157363	58675603	0	3.768908e-04	9.695552e-06	1
19	rs157364	58675220	0	-4.720660e-04	-1.183172e-05	1
19	rs157365	58674756	0	-3.662001e-04	-9.159232e-06	1
19	rs157366	58674526	0	-2.380095e-04	-5.947854e-06	1
19	rs157367	58674310	0	5.713859e-05	1.467260e-06	1
19	rs157369	58672078	0	-2.812222e-05	-6.886152e-07	1
19	rs157370	58671178	0	-2.812222e-05	-6.886136e-07	1
19	rs157371	58669973	0	-8.558549e-06	-1.987873e-07	1
19	rs157372	58668597	0	-2.812222e-05	-6.886103e-07	1
19	rs157373	58666990	0	2.310155e-04	5.905316e-06	1
19	rs157374	58666086	0	2.505792e-04	6.407833e-06	1
19	rs157375	58665001	0	2.310155e-04	5.905316e-06	1
19	rs157376	58663457	0	-1.699964e-04	-4.366346e-06	1
19	rs157378	58696697	0	5.224131e-04	1.317013e-05	1
19	rs157379	58696598	0	5.224131e-04	1.317012e-05	1
19	rs1592993	58555971	0	2.947807e-04	7.637271e-06	1
19	rs1592994	58555932	0	3.401131e-04	8.820724e-06	1
19	rs1592995	58555850	0	2.947807e-04	7.637271e-06	1
19	rs159667	58648359	0	-3.940943e-04	-9.856526e-06	1
19	rs159668	58643841	0	2.229212e-04	5.714587e-06	1
19	rs159670	58641777	0	1.115759e-04	2.851896e-06	1
19	rs159671	58641701	0	-1.984452e-05	-5.034702e-07	1
19	rs159672	58641686	0	1.314335e-04	3.362274e-06	1
19	rs159673	58641457	0	-1.984452e-05	-5.034700e-07	1
19	rs159674	58670181	0	-1.185004e-04	-3.042473e-06	1
19	rs159675	58668765	0	-8.371939e-04	-2.127301e-05	1
19	rs159676	58666427	0	-7.025193e-04	-1.775421e-05	1
19	rs159677	58665490	0	-7.495912e-04	-1.896058e-05	1
19	rs159678	58679085	0	3.000897e-04	7.709351e-06	1
19	rs159679	58661732	0	-6.443333e-04	-1.623527e-05	1
19	rs159680	58661581	0	2.310155e-04	5.905320e-06	1
19	rs159870	58549366	0	4.083700e-04	1.030675e-05	1
19	rs159871	58550281	0	4.807395e-04	1.215617e-05	1
19	rs159872	58547449	0	3.938566e-04	9.940254e-06	1
19	rs159873	58547516	0	3.938566e-04	9.940254e-06	1
19	rs159874	58548431	0	4.054535e-04	1.052305e-05	1
19	rs166343	58775182	0	1.986288e-04	4.947980e-06	1
19	rs166830	58658950	1	2.496386e-04	6.387830e-06	1
19	rs166831	58676446	0	3.768908e-04	9.695558e-06	1
19	rs169776	58550436	0	4.054535e-04	1.052305e-05	1
19	rs16988654	58837269	0	2.532833e-04	6.536982e-06	1
19	rs16988659	58840850	0	7.274602e-05	1.876882e-06	1
19	rs16988665	58840905	0	2.469579e-04	6.390549e-06	1
19	rs16988667	58842180	0	2.679024e-04	6.931838e-06	1
19	rs16988668	58850756	0	2.469579e-04	6.390548e-06	1
19	rs171851	58758900	0	4.560849e-05	1.151614e-06	1
19	rs171852	58754386	0	-6.247519e-05	-1.563261e-06	1
19	rs171853	58685051	0	2.608278e-04	6.573107e-06	1
19	rs171854	58666802	0	-3.632234e-04	-9.306287e-06	1
19	rs174280	58711922	0	3.157662e-04	7.936245e-06	1
19	rs174281	58735457	0	1.063613e-03	2.803669e-05	1
19	rs176981	58655580	0	-4.100903e-04	-1.047905e-05	1
19	rs17853924	58806686	0	8.166278e-05	2.124849e-06	1
19	rs1808397	58572356	0	1.019936e-03	2.619756e-05	1
19	rs1812874	58632506	0	8.602139e-05	2.201759e-06	1
19	rs181320759	58658446	0	-4.608140e-04	-1.181871e-05	1
19	rs181994	58746054	0	8.002686e-04	2.073133e-05	1
19	rs182055294	58526154	6	1.787939e-04	4.617609e-06	1
19	rs183304547	58609059	0	9.162020e-05	2.401713e-06	1
19	rs184128	58548760	0	4.750266e-04	1.202613e-05	1
19	rs185161330	58916579	1	1.830001e-04	4.656595e-06	1
19	rs185464	58776863	0	1.184082e-04	2.941074e-06	1
19	rs185791	58644371	0	1.129511e-04	2.870339e-06	1
19	rs1865960	58894235	0	1.745380e-04	4.518038e-06	1
19	rs1867726	59084306	0	3.439690e-04	8.718293e-06	1
19	rs1867727	59084181	0	3.587025e-04	9.093929e-06	1
19	rs187760	58775192	0	1.986288e-04	4.947976e-06	1
19	rs188370	58529192	0	4.124069e-04	1.042137e-05	1
19	rs188415	58616313	0	-9.917708e-07	-2.398807e-08	1
19	rs188486366	58526153	6	1.787939e-04	4.617608e-06	1
19	rs190729	58658029	0	-2.593780e-04	-6.464784e-06	1
19	rs190882	58529365	0	3.502995e-04	8.844522e-06	1
19	rs190975	58631968	0	1.483451e-04	3.885642e-06	1
19	rs193390	58548658	0	5.808154e-05	1.496120e-06	1
19	rs1968868	58678383	0	2.321438e-04	5.916070e-06	1
19	rs1974819	58656963	0	-3.676475e-04	-9.418352e-06	1
19	rs1974826	58590145	0	4.467005e-04	1.133323e-05	1
19	rs1985434	58764185	0	-1.429069e-05	-3.659850e-07	1
19	rs1987625	58632634	0	1.176633e-04	3.018545e-06	1
19	rs1987626	58632649	0	8.602139e-05	2.201760e-06	1
19	rs1993463	58786898	0	3.062386e-05	7.952216e-07	1
19	rs1993464	58786953	0	3.420958e-04	8.626238e-06	1
19	rs2003104	59020597	0	-5.811013e-04	-1.523923e-05	1
19	rs2011666	58990045	0	2.479963e-05	6.243411e-07	1
19	rs2013635	58646792	0	-3.131715e-04	-8.007321e-06	1
19	rs2033711	58999350	1	7.231842e-04	1.823181e-05	1
19	rs204216	58660769	0	2.310155e-04	5.905321e-06	1
19	rs2046357	58673534	0	-2.340565e-04	-6.079762e-06	1
19	rs2052733	58625864	0	8.602139e-05	2.201761e-06	1
19	rs2052734	58626005	0	2.874766e-04	7.361457e-06	1
19	rs2052735	58626112	0	-1.317386e-04	-3.360883e-06	1
19	rs2062251	58715682	0	-7.894677e-04	-2.023683e-05	1
19	rs2081578	58669335	0	-4.172185e-04	-1.088397e-05	1
19	rs2098685	58630409	0	-2.892015e-04	-7.394311e-06	1
19	rs2098686	58630043	0	-1.984452e-05	-5.034639e-07	1
19	rs2098687	58630023	0	-1.984452e-05	-5.034637e-07	1
19	rs2098717	58524390	0	8.873420e-05	2.301543e-06	1
19	rs2100610	58802349	0	1.706131e-05	4.439136e-07	1
19	rs2112825	58614156	0	-1.637764e-04	-4.178439e-06	1
19	rs211579	58615270	0	-1.212991e-04	-3.103029e-06	1
19	rs2124911	58696798	0	-7.894677e-04	-2.023683e-05	1
19	rs2168644	58788393	0	3.310194e-04	8.306009e-06	1
19	rs2228162	59074429	0	-1.512554e-04	-3.913676e-06	1
19	rs2229375	58578578	0	-8.666051e-04	-2.207110e-05	1
19	rs2229379	58579923	0	-7.573973e-04	-1.923993e-05	1
19	rs2241406	58549593	0	2.965510e-04	7.681277e-06	1
19	rs2241787	58906163	0	4.520855e-04	1.141452e-05	1
19	rs2258557	58596449	0	5.292776e-06	1.363391e-07	1
19	rs2260914	58598784	0	-6.169319e-05	-1.569908e-06	1
19	rs2287837	58598670	0	-6.269127e-04	-1.609737e-05	1
19	rs2288274	58572959	0	1.132293e-03	2.924176e-05	1
19	rs2289143	58904715	0	5.703630e-04	1.465960e-05	1
19	rs2304521	58988179	0	2.155155e-04	5.552734e-06	1
19	rs2305119	59067623	0	8.631573e-05	2.166694e-06	1
19	rs2305120	59059729	0	-4.485306e-04	-1.168947e-05	1
19	rs2305122	59056752	0	2.641108e-04	6.727641e-06	1
19	rs2375233	58617203	0	-1.193717e-04	-3.024193e-06	1
19	rs2375234	58633323	0	8.602139e-05	2.201762e-06	1
19	rs2375235	58634745	0	-1.984452e-05	-5.034631e-07	1
19	rs2375470	58864867	0	-1.438325e-04	-3.722468e-06	1
19	rs2396991	59078073	0	4.922238e-05	1.280491e-06	1
19	rs2431835	58647214	0	2.309895e-04	5.760387e-06	1
19	rs2445854	58777608	1	6.912128e-04	1.740008e-05	1
19	rs2445855	58785181	0	7.060772e-04	1.793501e-05	1
19	rs2445856	58701358	0	4.113442e-04	1.033460e-05	1
19	rs2445857	58708507	0	-1.065320e-04	-2.748980e-06	1
19	rs2445858	58708730	0	3.109167e-04	7.798887e-06	1
19	rs2445859	58734330	0	5.246265e-04	1.360068e-05	1
19	rs2449628	58781945	0	4.017885e-04	1.003669e-05	1
19	rs2449629	58781917	0	4.296464e-04	1.072814e-05	1
19	rs2449631	58781652	0	2.382145e-04	5.925999e-06	1
19	rs2449632	58781379	0	4.017885e-04	1.003669e-05	1
19	rs2449634	58795207	0	-4.231328e-04	-1.089575e-05	1
19	rs2449635	58785227	0	6.723903e-04	1.701283e-05	1
19	rs2449636	58785202	0	7.697409e-04	1.969944e-05	1
19	rs2449638	58735033	0	5.246265e-04	1.360067e-05	1
19	rs2449639	58777772	0	4.433074e-04	1.109049e-05	1
19	rs2547257	58610107	0	-8.065451e-05	-2.047456e-06	1
19	rs2547258	58638685	0	2.188170e-04	5.566927e-06	1
19	rs2547259	58637237	0	-1.984452e-05	-5.034633e-07	1
19	rs2547260	58635294	0	-7.049125e-04	-1.777853e-05	1
19	rs2547295	58617479	0	8.602139e-05	2.201763e-06	1
19	rs2547296	58622896	0	-1.077554e-04	-2.747482e-06	1
19	rs2547297	58623249	0	8.602139e-05	2.201764e-06	1
19	rs2547298	58626436	0	8.602139e-05	2.201764e-06	1
19	rs2547347	58627459	0	8.602139e-05	2.201764e-06	1
19	rs2547348	58626879	0	8.602139e-05	2.201764e-06	1
19	rs2547349	58626742	0	8.602139e-05	2.201764e-06	1
19	rs2547350	58622950	0	1.737729e-04	4.447858e-06	1
19	rs2547351	58620965	0	8.602139e-05	2.201764e-06	1
19	rs2547352	58610720	0	-6.730507e-07	-1.438645e-08	1
19	rs2547355	58635125	0	-1.984452e-05	-5.034606e-07	1
19	rs2547356	58635146	0	-1.984452e-05	-5.034604e-07	1
19	rs2547357	58636155	0	-1.984452e-05	-5.034602e-07	1
19	rs2547358	58636656	0	8.602139e-05	2.201765e-06	1
19	rs2547359	58637389	0	-1.984452e-05	-5.034598e-07	1
19	rs2547360	58638399	0	1.129511e-04	2.870346e-06	1
19	rs2554963	58625364	0	5.922781e-05	1.511714e-06	1
19	rs2554964	58625504	0	3.730484e-04	9.597049e-06	1
19	rs2554965	58625638	0	-1.077554e-04	-2.747479e-06	1
19	rs2554966	58627271	0	8.602139e-05	2.201766e-06	1
19	rs2554967	58627382	0	1.176633e-04	3.018551e-06	1
19	rs2554968	58627406	0	1.170553e-04	2.999155e-06	1
19	rs2554970	58636732	0	-2.152968e-04	-5.488745e-06	1
19	rs2554972	58636174	0	8.602139e-05	2.201767e-06	1
19	rs2554973	58631032	0	-1.984452e-05	-5.034583e-07	1
19	rs2554978	58609677	0	-1.259751e-04	-3.230895e-06	1
19	rs2554981	58620273	0	-8.697529e-05	-2.213720e-06	1
19	rs2554982	58620524	0	-1.077554e-04	-2.747478e-06	1
19	rs2554983	58620872	0	8.602139e-05	2.201767e-06	1
19	rs2554984	58621104	0	-1.077554e-04	-2.747478e-06	1
19	rs2554985	58621438	0	2.168897e-04	5.560725e-06	1
19	rs2554986	58621492	0	1.170553e-04	2.999157e-06	1
19	rs2554987	58622985	0	8.602139e-05	2.201768e-06	1
19	rs260413	58710468	0	-1.065320e-04	-2.748981e-06	1
19	rs260415	58715944	0	-4.668147e-04	-1.180884e-05	1
19	rs260416	58717025	0	-4.571538e-05	-1.177332e-06	1
19	rs260418	58720918	0	8.257423e-04	2.110626e-05	1
19	rs260419	58721952	0	-2.903358e-04	-7.503329e-06	1
19	rs260420	58731704	0	5.246265e-04	1.360067e-05	1
19	rs260421	58731390	0	-3.871680e-04	-9.734378e-06	1
19	rs260422	58729833	0	1.631609e-04	4.098784e-06	1
19	rs260424	58726569	0	1.983272e-04	5.138816e-06	1
19	rs260425	58735740	0	1.063613e-03	2.803668e-05	1
19	rs260426	58736177	0	1.060475e-03	2.795840e-05	1
19	rs260427	58736226	0	1.050164e-03	2.750336e-05	1
19	rs260428	58736625	0	1.142311e-03	3.022345e-05	1
19	rs260430	58737161	0	1.122953e-03	2.967263e-05	1
19	rs260432	58738273	0	1.122953e-03	2.967263e-05	1
19	rs260433	58738897	0	2.489071e-04	6.263315e-06	1
19	rs260434	58739039	0	1.136414e-03	3.001812e-05	1
19	rs260435	58739704	0	1.122953e-03	2.967263e-05	1
19	rs260436	58739710	0	1.017087e-03	2.674278e-05	1
19	rs260437	58739744	0	1.209263e-03	3.209324e-05	1
19	rs260438	58740339	0	1.122953e-03	2.967263e-05	1
19	rs260444	58745470	0	-2.209319e-03	-6.186965e-05	1
19	rs260446	58746861	0	8.249034e-04	2.141747e-05	1
19	rs260448	58764375	0	-9.766136e-05	-2.436760e-06	1
19	rs260449	58765459	0	-1.221029e-04	-3.047593e-06	1
19	rs260450	58766410	0	-1.898062e-04	-4.732362e-06	1
19	rs260451	58766550	0	-1.221029e-04	-3.047595e-06	1
19	rs260452	58766874	0	-1.221029e-04	-3.047596e-06	1
19	rs260453	58767151	0	-1.221029e-04	-3.047597e-06	1
19	rs260454	58767168	0	8.204552e-06	1.919794e-07	1
19	rs260455	58767492	0	6.496626e-05	1.646347e-06	1
19	rs260456	58767565	0	-9.766136e-05	-2.436768e-06	1
19	rs260457	58767697	0	-1.221029e-04	-3.047601e-06	1
19	rs260459	58768500	0	-1.221029e-04	-3.047602e-06	1
19	rs260460	58769790	6	1.386593e-04	3.629384e-06	1
19	rs260461	58770883	0	6.496626e-05	1.646345e-06	1
19	rs260462	58774071	0	2.754298e-04	6.874064e-06	1
19	rs260464	58774762	0	1.986288e-04	4.947952e-06	1
19	rs260465	58775486	0	1.986288e-04	4.947951e-06	1
19	rs260466	58775737	0	2.291018e-04	5.703180e-06	1
19	rs260467	58776215	0	9.396667e-05	2.333747e-06	1
19	rs260468	58776630	0	1.707677e-04	4.252578e-06	1
19	rs260469	58776765	0	9.396667e-05	2.333745e-06	1
19	rs260472	58807757	0	-4.659464e-04	-1.221923e-05	1
19	rs260473	58798137	0	3.764989e-04	9.454151e-06	1
19	rs260474	58798300	0	2.706330e-04	6.785544e-06	1
19	rs260475	58798490	0	2.003490e-04	5.077372e-06	1
19	rs260476	58798598	0	3.764989e-04	9.454149e-06	1
19	rs260477	58798628	0	4.299200e-04	1.080994e-05	1
19	rs260478	58751030	0	-6.247519e-05	-1.563297e-06	1
19	rs260482	58748274	0	7.168937e-04	1.854619e-05	1
19	rs260483	58748180	0	7.229252e-04	1.871067e-05	1
19	rs260484	58758451	0	-1.867588e-05	-4.753772e-07	1
19	rs260486	58753937	0	-1.867588e-05	-4.753786e-07	1
19	rs260487	58685347	0	4.239029e-04	1.075387e-05	1
19	rs260488	58686991	0	-2.698386e-04	-6.958941e-06	1
19	rs260491	58664447	0	-3.146872e-04	-8.039460e-06	1
19	rs260492	58668565	0	-3.298268e-04	-8.428654e-06	1
19	rs260493	58671334	0	-3.102631e-04	-7.927409e-06	1
19	rs260495	58794240	0	-1.138915e-04	-2.895598e-06	1
19	rs260496	58794033	0	-1.540747e-05	-3.975038e-07	1
19	rs260497	58792213	0	4.071228e-04	1.024158e-05	1
19	rs260498	58792190	0	2.223290e-04	5.574433e-06	1
19	rs260499	58791716	0	-1.138915e-04	-2.895600e-06	1
19	rs260500	58791213	0	4.071228e-04	1.024158e-05	1
19	rs260501	58790807	0	2.075955e-04	5.202589e-06	1
19	rs260502	58790784	0	-1.138915e-04	-2.895601e-06	1
19	rs260503	58790095	0	4.071228e-04	1.024158e-05	1
19	rs281061	58643376	1	7.744297e-05	1.968509e-06	1
19	rs281063	58651941	0	-8.437446e-04	-2.141624e-05	1
19	rs281064	58649998	0	-1.092025e-04	-2.770613e-06	1
19	rs281065	58645577	0	-3.568201e-04	-8.913820e-06	1
19	rs281066	58644840	0	2.229212e-04	5.714599e-06	1
19	rs281069	58659039	2	-8.374665e-04	-2.115095e-05	1
19	rs281070	58658691	0	-6.680012e-04	-1.677586e-05	1
19	rs281072	58657714	0	-8.940033e-04	-2.275396e-05	1
19	rs281073	58656418	0	-8.089462e-04	-2.049129e-05	1
19	rs281074	58656176	0	2.310155e-04	5.905328e-06	1
19	rs281075	58655106	0	2.310155e-04	5.905328e-06	1
19	rs281076	58654307	0	-4.725774e-04	-1.184594e-05	1
19	rs281077	58653376	0	-3.021084e-04	-7.546482e-06	1
19	rs281078	58653320	0	-3.162221e-04	-8.122487e-06	1
19	rs281079	58678388	0	3.768908e-04	9.695567e-06	1
19	rs281080	58700131	2	-1.277609e-04	-3.195940e-06	1
19	rs281081	58698915	0	3.378927e-04	8.485237e-06	1
19	rs28444973	58982044	0	-2.682775e-04	-6.960374e-06	1
19	rs28521102	58597905	0	-8.816201e-06	-2.297788e-07	1
19	rs28575910	59072396	0	9.260620e-05	2.390239e-06	1
19	rs28699075	59069214	0	4.922238e-05	1.280489e-06	1
19	rs28725494	58633618	0	6.850680e-04	1.749060e-05	1
19	rs28757810	58813720	0	6.296428e-04	1.592104e-05	1
19	rs28821001	59018503	0	5.042053e-04	1.273584e-05	1
19	rs28840697	58825728	0	9.791697e-04	2.585540e-05	1
19	rs2889031	58659115	1	-6.007508e-04	-1.500601e-05	1
19	rs2889128	58973929	0	8.686143e-04	2.207284e-05	1
19	rs2889129	59019664	0	7.027436e-04	1.848093e-05	1
19	rs292821	58531419	0	2.449187e-04	6.297587e-06	1
19	rs292826	58540860	0	3.938566e-04	9.940249e-06	1
19	rs292827	58544472	0	4.515278e-04	1.138494e-05	1
19	rs292828	58545133	0	4.054535e-04	1.052305e-05	1
19	rs292831	58529741	0	2.449187e-04	6.297587e-06	1
19	rs2930099	58779403	0	5.717478e-04	1.461057e-05	1
19	rs2930100	58747687	0	7.481023e-04	1.937343e-05	1
19	rs295345	58654195	0	-3.402823e-04	-8.694290e-06	1
19	rs295346	58616280	0	-8.697529e-05	-2.213712e-06	1
19	rs295347	58616256	0	1.048741e-04	2.658884e-06	1
19	rs299847	58680688	0	2.427144e-04	6.260723e-06	1
19	rs3087604	58813750	0	7.895006e-04	2.006922e-05	1
19	rs3088284	58929427	0	9.290772e-05	2.350272e-06	1
19	rs3211055	59094453	0	2.782547e-04	6.954763e-06	1
19	rs34003091	58662254	0	-1.671110e-04	-4.249698e-06	1
19	rs34006653	58731821	1	-6.353380e-04	-1.623469e-05	1
19	rs34023391	58913368	0	3.744235e-05	9.411568e-07	1
19	rs34114202	58599443	0	8.633306e-04	2.232448e-05	1
19	rs34152946	58923263	0	9.290772e-05	2.350270e-06	1
19	rs34188294	58919557	0	-4.451314e-08	-1.095870e-08	1
19	rs34230465	58943576	0	9.290772e-05	2.350269e-06	1
19	rs34282528	59076749	0	6.633485e-05	1.725485e-06	1
19	rs34370122	58546475	0	-2.299092e-04	-5.842618e-06	1
19	rs34380569	58648528	0	-5.255278e-04	-1.336025e-05	1
19	rs34415062	59023166	0	3.266289e-05	8.213121e-07	1
19	rs34421357	58835863	0	5.264757e-04	1.358911e-05	1
19	rs34469398	58677396	0	-5.408245e-04	-1.423031e-05	1
19	rs34488713	58996454	0	-8.753897e-05	-2.270086e-06	1
19	rs34503352	58651296	0	-1.671110e-04	-4.249695e-06	1
19	rs34511020	58921296	0	9.290772e-05	2.350267e-06	1
19	rs34526068	58658066	0	-6.680012e-04	-1.677585e-05	1
19	rs34541537	58912737	0	5.141427e-04	1.318040e-05	1
19	rs34602933	58886495	1	-5.007114e-04	-1.257696e-05	1
19	rs34648696	58554613	0	4.098254e-05	1.051665e-06	1
19	rs34702066	58582806	0	1.219581e-03	3.163786e-05	1
19	rs34873624	58943402	0	9.290772e-05	2.350266e-06	1
19	rs34914886	58774094	0	-4.300661e-04	-1.129302e-05	1
19	rs34947459	58655880	0	-3.146872e-04	-8.039456e-06	1
19	rs3499	59093484	0	1.855095e-04	4.629430e-06	1
19	rs34990434	58550992	0	-2.742346e-04	-6.975183e-06	1
19	rs35081008	58662235	0	-1.671110e-04	-4.249693e-06	1
19	rs35117909	58912906	0	2.023070e-04	5.139498e-06	1
19	rs35138622	58912788	0	1.979772e-04	5.032185e-06	1
19	rs35219954	59001641	0	8.257435e-04	2.111905e-05	1
19	rs35220005	58550233	0	-1.474242e-04	-3.741015e-06	1
19	rs35269060	58933392	0	1.179101e-04	2.984901e-06	1
19	rs35350976	59023174	0	5.968563e-05	1.509031e-06	1
19	rs35358425	58599760	0	9.253984e-04	2.395982e-05	1
19	rs35394955	58954859	0	2.784970e-04	7.005930e-06	1
19	rs35430780	59028162	0	4.976996e-04	1.304592e-05	1
19	rs35466206	58943252	0	9.290772e-05	2.350262e-06	1
19	rs35511051	58665817	0	-5.843295e-04	-1.488029e-05	1
19	rs35631681	58999840	4	8.822184e-05	2.247340e-06	1
19	rs35652377	58929200	0	9.290772e-05	2.350260e-06	1
19	rs35711932	58658152	0	-7.495912e-04	-1.896053e-05	1
19	rs35713506	58954919	0	2.784970e-04	7.005932e-06	1
19	rs35740250	58694015	0	-4.790770e-04	-1.257482e-05	1
19	rs35747322	58544096	0	-4.792189e-04	-1.226217e-05	1
19	rs35782676	58926345	0	7.705845e-05	1.947409e-06	1
19	rs35983901	59016790	0	1.804701e-04	4.591640e-06	1
19	rs36057771	58836133	0	5.264757e-04	1.358911e-05	1
19	rs36090113	58912384	0	-9.759414e-06	-2.571187e-07	1
19	rs36098050	58652725	0	-1.671110e-04	-4.249689e-06	1
19	rs36100363	58710837	0	-7.894677e-04	-2.023681e-05	1
19	rs36111946	58836128	0	2.472519e-04	6.372054e-06	1
19	rs36115826	59009166	0	6.228736e-05	1.620300e-06	1
19	rs365040	58799529	0	2.514302e-04	6.377595e-06	1
19	rs365699	58799652	0	4.564971e-04	1.146495e-05	1
19	rs370335292	58658750	0	-6.649755e-04	-1.697324e-05	1
19	rs371120005	58658933	0	-3.668600e-04	-9.385867e-06	1
19	rs371149	58779654	0	7.225202e-04	1.823961e-05	1
19	rs373337854	58658806	0	-4.563459e-04	-1.189317e-05	1
19	rs374431	58790713	0	2.075955e-04	5.202584e-06	1
19	rs3745129	58637498	0	-3.568201e-04	-8.913793e-06	1
19	rs3745142	58836745	0	2.472519e-04	6.372054e-06	1
19	rs3752108	59094709	0	2.782547e-04	6.954753e-06	1
19	rs3752109	59082605	0	2.347332e-04	5.939888e-06	1
19	rs3752111	59082368	0	-7.059381e-04	-1.864083e-05	1
19	rs3752112	58992220	0	3.271393e-04	8.359021e-06	1
19	rs3764528	58977554	0	8.288017e-04	2.103353e-05	1
19	rs3764529	58945089	0	9.290772e-05	2.350256e-06	1
19	rs3764531	58929305	0	-2.553223e-05	-6.163572e-07	1
19	rs3764532	58929222	0	9.290772e-05	2.350254e-06	1
19	rs3764533	58929194	0	3.394890e-04	8.467326e-06	1
19	rs3764534	58929136	0	6.092104e-04	1.527358e-05	1
19	rs3764535	58929052	0	4.162901e-04	1.039536e-05	1
19	rs3764536	58896712	0	-5.448842e-05	-1.360997e-06	1
19	rs376460183	58658873	0	-7.198875e-04	-1.845268e-05	1
19	rs376570508	58658612	0	-5.843295e-04	-1.488028e-05	1
19	rs378452	58786520	0	-3.100974e-05	-7.723374e-07	1
19	rs379075	58785739	0	7.629657e-05	1.912487e-06	1
19	rs3794963	59071051	0	2.150951e-04	5.404901e-06	1
19	rs3794964	59070916	0	2.150951e-04	5.404899e-06	1
19	rs3794965	59069353	0	2.557787e-04	6.390124e-06	1
19	rs3794966	59068996	0	2.375711e-04	6.046311e-06	1
19	rs3794968	58986799	0	9.423234e-04	2.401905e-05	1
19	rs3794969	58986561	0	7.983957e-04	2.107788e-05	1
19	rs3794970	58986260	0	2.422032e-04	6.186778e-06	1
19	rs3794971	58985866	0	2.700611e-04	6.899165e-06	1
19	rs3794974	58897652	0	-2.376353e-04	-5.983391e-06	1
19	rs3794975	58895950	0	1.745380e-04	4.518039e-06	1
19	rs3810125	59066730	0	-3.638729e-04	-9.450873e-06	1
19	rs3810126	58610254	0	-3.239646e-05	-8.078745e-07	1
19	rs3816328	59061357	0	-5.413855e-04	-1.421496e-05	1
19	rs3816329	59058693	0	5.156005e-04	1.317564e-05	1
19	rs3826677	58919002	0	-2.034684e-04	-5.181273e-06	1
19	rs3826678	58918917	0	-2.034684e-04	-5.181274e-06	1
19	rs3826679	58918817	0	-2.034684e-04	-5.181274e-06	1
19	rs3826680	58918800	0	-2.034684e-04	-5.181275e-06	1
19	rs3826681	58918764	0	9.290772e-05	2.350246e-06	1
19	rs3826682	58918748	0	9.290772e-05	2.350245e-06	1
19	rs3826683	58918733	0	9.290772e-05	2.350244e-06	1
19	rs3826684	58918705	0	9.290772e-05	2.350244e-06	1
19	rs384702	58552801	0	2.556489e-04	6.624903e-06	1
19	rs3848524	58816529	0	8.229019e-04	2.161766e-05	1
19	rs3875104	59102379	0	2.557787e-04	6.390119e-06	1
19	rs3892385	58602870	0	4.069678e-04	1.064971e-05	1
19	rs390667	58733011	0	5.246265e-04	1.360066e-05	1
19	rs392644	58780503	0	4.017885e-04	1.003665e-05	1
19	rs392687	58779566	0	5.412528e-04	1.358959e-05	1
19	rs3953740	58659362	0	4.333691e-04	1.096587e-05	1
19	rs3997357	59044566	0	5.622226e-04	1.420997e-05	1
19	rs400733	58797344	0	3.617654e-04	9.079024e-06	1
19	rs401706	58733555	0	4.187606e-04	1.083362e-05	1
19	rs403408	58684407	0	-4.499741e-05	-1.109733e-06	1
19	rs4084852	58835255	0	5.264757e-04	1.358910e-05	1
19	rs414948	58738375	0	1.122953e-03	2.967262e-05	1
19	rs424114	58733641	0	5.246265e-04	1.360066e-05	1
19	rs425516	58781229	0	3.249875e-04	8.102388e-06	1
19	rs425605	58786623	0	3.949495e-04	9.923619e-06	1
19	rs427988	58779785	0	4.017885e-04	1.003665e-05	1
19	rs429770	58787836	0	-3.164120e-04	-8.057194e-06	1
19	rs431093	58786084	0	1.587186e-04	3.970635e-06	1
19	rs432181	58799781	0	4.564971e-04	1.146495e-05	1
19	rs432426	58780131	0	2.382145e-04	5.925956e-06	1
19	rs435442	58807827	0	-3.260572e-04	-8.540890e-06	1
19	rs437183	58799635	0	4.564971e-04	1.146495e-05	1
19	rs437229	58790675	0	3.923893e-04	9.866178e-06	1
19	rs4372790	58953693	0	3.714532e-04	9.251683e-06	1
19	rs439333	58783027	0	3.249875e-04	8.102383e-06	1
19	rs4444432	58715538	0	-7.894677e-04	-2.023681e-05	1
19	rs446075	58766735	0	-1.221029e-04	-3.047632e-06	1
19	rs448147	58778070	0	6.146852e-04	1.544763e-05	1
19	rs448403	58786146	0	1.932302e-04	4.830657e-06	1
19	rs4496257	58669456	0	6.128276e-04	1.558050e-05	1
19	rs449697	58787977	0	-1.138915e-04	-2.895608e-06	1
19	rs4524039	58625270	0	1.096781e-04	2.805936e-06	1
19	rs453737	58800252	0	4.275802e-04	1.073988e-05	1
19	rs45454797	59066391	0	-2.985144e-04	-7.842395e-06	1
19	rs45475596	58881109	0	-6.148233e-05	-1.586802e-06	1
19	rs45535435	58846866	0	2.469579e-04	6.390543e-06	1
19	rs45571742	58552111	0	-2.742346e-04	-6.975176e-06	1
19	rs45589034	58640964	0	-2.152968e-04	-5.488740e-06	1
19	rs45598236	58521433	0	2.166513e-04	5.609867e-06	1
19	rs45601339	58718247	0	2.810195e-04	7.305689e-06	1
19	rs45617039	58951096	0	5.418399e-05	1.366802e-06	1
19	rs4584938	58899303	0	3.736971e-04	9.441971e-06	1
19	rs4599020	58691998	0	-7.577345e-04	-1.935848e-05	1
19	rs4603677	58950721	0	-2.034684e-04	-5.181274e-06	1
19	rs4608428	58618579	0	8.602139e-05	2.201781e-06	1
19	rs4756	59074653	0	2.150951e-04	5.404889e-06	1
19	rs4801246	58522534	0	4.446018e-04	1.124937e-05	1
19	rs4801247	58522561	0	2.187954e-04	5.493914e-06	1
19	rs4801250	58616674	0	-2.197709e-04	-5.587478e-06	1
19	rs4801251	58617042	0	-8.697529e-05	-2.213714e-06	1
19	rs4801252	58631676	0	1.176633e-04	3.018565e-06	1
19	rs4801262	58848116	0	6.442219e-04	1.690205e-05	1
19	rs4801267	58882384	0	2.670295e-04	6.949492e-06	1
19	rs4801269	58927916	0	-2.034684e-04	-5.181274e-06	1
19	rs4801270	58932762	0	6.092104e-04	1.527356e-05	1
19	rs4801271	58953449	0	-1.992338e-04	-5.063046e-06	1
19	rs4801272	58977463	0	7.574332e-04	1.917386e-05	1
19	rs4801273	59000273	0	1.166744e-03	2.996196e-05	1
19	rs4801274	59010593	0	7.329266e-04	1.922605e-05	1
19	rs4801275	59021049	0	5.739642e-04	1.500317e-05	1
19	rs4801541	58521224	0	-5.475233e-04	-1.370132e-05	1
19	rs4801542	58522974	0	7.637335e-04	1.961102e-05	1
19	rs4801543	58523804	0	7.637335e-04	1.961102e-05	1
19	rs4801544	58526202	0	3.805980e-04	9.766317e-06	1
19	rs4801546	58526387	0	6.915331e-04	1.769282e-05	1
19	rs4801547	58526742	0	5.430347e-04	1.397721e-05	1
19	rs4801548	58528978	0	4.889885e-04	1.255100e-05	1
19	rs4801555	58600977	0	-9.180292e-04	-2.378751e-05	1
19	rs4801559	58627808	0	-1.077554e-04	-2.747461e-06	1
19	rs4801562	58634756	0	-2.833186e-04	-7.211665e-06	1
19	rs4801564	58644826	0	4.697713e-04	1.179340e-05	1
19	rs4801565	58674249	0	6.454614e-05	1.647995e-06	1
19	rs4801566	58674788	0	2.010703e-04	5.129290e-06	1
19	rs4801567	58675005	0	2.321438e-04	5.916080e-06	1
19	rs4801572	58752932	0	4.379931e-05	1.137775e-06	1
19	rs4801573	58754058	0	4.379931e-05	1.137775e-06	1
19	rs4801574	58754102	0	4.379931e-05	1.137775e-06	1
19	rs4801576	58779342	0	-2.839193e-05	-7.408297e-07	1
19	rs4801577	58799044	0	3.800576e-05	9.893995e-07	1
19	rs4801578	58801599	0	3.800576e-05	9.893995e-07	1
19	rs4801579	58863449	0	-4.897572e-04	-1.266559e-05	1
19	rs4801581	58913312	0	9.125889e-06	2.137844e-07	1
19	rs4801583	58918405	0	6.092104e-04	1.527355e-05	1
19	rs4801584	58920702	0	-2.218546e-04	-5.643612e-06	1
19	rs4801585	58934305	0	3.394890e-04	8.467293e-06	1
19	rs4801586	58934528	0	6.092104e-04	1.527354e-05	1
19	rs4801587	58936679	0	6.092104e-04	1.527354e-05	1
19	rs4801588	58949046	0	-2.034684e-04	-5.181283e-06	1
19	rs4801589	58953398	0	5.828356e-04	1.458791e-05	1
19	rs4801590	58961813	0	5.812489e-04	1.456122e-05	1
19	rs4801591	58970099	0	2.291834e-04	5.819826e-06	1
19	rs4801593	58972252	0	1.249529e-04	3.167899e-06	1
19	rs4801595	58978517	0	7.966360e-04	2.020354e-05	1
19	rs4801599	58995728	0	9.316060e-04	2.371862e-05	1
19	rs4801602	59025685	0	7.027436e-04	1.848093e-05	1
19	rs4801605	59050873	7	5.021278e-04	1.267864e-05	1
19	rs4801610	59091928	0	-4.045203e-04	-1.054435e-05	1
19	rs4801611	59092122	0	2.557787e-04	6.390097e-06	1
19	rs4801613	59096403	0	4.922238e-05	1.280481e-06	1
19	rs4801614	59096950	0	2.557787e-04	6.390096e-06	1
19	rs4801615	59097229	0	3.292068e-04	8.239328e-06	1
19	rs495839	58545500	2	6.003746e-04	1.563636e-05	1
19	rs500286	58785900	0	1.069204e-04	2.674055e-06	1
19	rs523073	58647358	0	-3.940943e-04	-9.856458e-06	1
19	rs547045	58788236	0	8.737304e-05	2.189021e-06	1
19	rs548671	58801518	1	6.266107e-04	1.583391e-05	1
19	rs550471	58801687	0	-4.358865e-05	-1.108291e-06	1
19	rs551116	58684611	0	-4.499741e-05	-1.109726e-06	1
19	rs55633425	58948018	0	2.000687e-05	4.976226e-07	1
19	rs55633565	58530628	0	3.700831e-04	9.487102e-06	1
19	rs55652736	59007566	0	9.775925e-05	2.494284e-06	1
19	rs55691818	59033518	0	-1.235392e-05	-3.244233e-07	1
19	rs55697390	58674301	0	-3.393143e-04	-8.821646e-06	1
19	rs55716128	59048754	0	2.375711e-04	6.046289e-06	1
19	rs55734122	58733610	0	1.668733e-03	4.526009e-05	1
19	rs55800631	59085089	0	1.998313e-04	4.985585e-06	1
19	rs55827758	58842450	0	2.469579e-04	6.390541e-06	1
19	rs55833862	58637690	0	1.314335e-04	3.362295e-06	1
19	rs55857578	58914925	0	7.088653e-05	1.790898e-06	1
19	rs55875034	58983558	0	2.422032e-04	6.186757e-06	1
19	rs55928441	59009674	0	9.207041e-05	2.343926e-06	1
19	rs55945602	58632305	0	-2.920978e-04	-7.463173e-06	1
19	rs55959018	58935768	0	-2.034684e-04	-5.181289e-06	1
19	rs55987239	59085045	0	2.375711e-04	6.046287e-06	1
19	rs56026876	59006157	0	-6.037919e-05	-1.547769e-06	1
19	rs56065611	58520480	0	-5.475233e-04	-1.370131e-05	1
19	rs56066701	58841066	0	2.469579e-04	6.390541e-06	1
19	rs56121586	58585744	0	-8.666051e-04	-2.207108e-05	1
19	rs56161266	58816642	0	-2.064815e-04	-5.408587e-06	1
19	rs56225452	59024646	0	1.720431e-04	4.371911e-06	1
19	rs56236214	58817958	0	-1.493963e-04	-3.912169e-06	1
19	rs56243535	59006150	0	1.824060e-04	4.647222e-06	1
19	rs56268519	59045904	0	3.832756e-04	9.643255e-06	1
19	rs56273550	58611001	0	-5.869747e-04	-1.545807e-05	1
19	rs56290606	58919320	0	1.138522e-04	2.882060e-06	1
19	rs56292587	58919066	0	1.138522e-04	2.882059e-06	1
19	rs56332086	58917700	0	9.290772e-05	2.350220e-06	1
19	rs56390031	58998327	0	2.285161e-04	5.803897e-06	1
19	rs56394914	58882740	0	-8.460510e-04	-2.142049e-05	1
19	rs56395112	58577672	0	-1.060382e-03	-2.727681e-05	1
19	rs56654816	58845187	0	2.469579e-04	6.390541e-06	1
19	rs56688575	58851238	0	2.469579e-04	6.390541e-06	1
19	rs56725489	58830709	0	6.111334e-04	1.578405e-05	1
19	rs57140425	58709015	0	-8.191277e-04	-2.153567e-05	1
19	rs57201473	58851686	0	2.469579e-04	6.390540e-06	1
19	rs57656768	58648536	0	-1.492707e-04	-3.902686e-06	1
19	rs57760408	58821683	0	1.474174e-04	3.805173e-06	1
19	rs57785785	58815158	0	5.875631e-04	1.540733e-05	1
19	rs57797045	58534654	0	5.922303e-05	1.518589e-06	1
19	rs58071659	58784272	0	-1.418527e-04	-3.707911e-06	1
19	rs58231369	58754967	0	4.379931e-05	1.137773e-06	1
19	rs58371330	58823196	0	1.413860e-04	3.644155e-06	1
19	rs58412590	58887647	0	3.615741e-05	9.370498e-07	1
19	rs58509147	58840490	0	2.679024e-04	6.931830e-06	1
19	rs58576937	58577443	0	-4.461087e-04	-1.173897e-05	1
19	rs58617733	58842534	0	2.469579e-04	6.390540e-06	1
19	rs58899074	58611996	0	-3.239646e-05	-8.078629e-07	1
19	rs59054150	58850341	0	2.469579e-04	6.390540e-06	1
19	rs59114323	58649994	0	-5.998501e-04	-1.529755e-05	1
19	rs59238777	58625136	0	-6.087928e-04	-1.595903e-05	1
19	rs59401383	58882767	0	-8.242678e-05	-2.128513e-06	1
19	rs59460131	59101970	0	-1.512554e-04	-3.913683e-06	1
19	rs59678004	58813932	0	6.869516e-04	1.741884e-05	1
19	rs59874238	58841861	0	2.469579e-04	6.390539e-06	1
19	rs59894429	58577444	0	-1.060382e-03	-2.727681e-05	1
19	rs59908383	58828737	0	6.143865e-04	1.587401e-05	1
19	rs59925483	58672788	0	1.365242e-04	3.576774e-06	1
19	rs59967605	58835563	0	5.264757e-04	1.358910e-05	1
19	rs60075099	58831141	0	3.351627e-04	8.636955e-06	1
19	rs60245393	58842745	0	2.469579e-04	6.390538e-06	1
19	rs60296671	58843881	0	2.469579e-04	6.390538e-06	1
19	rs60329830	58755072	0	4.379931e-05	1.137772e-06	1
19	rs60348321	58841939	0	2.469579e-04	6.390538e-06	1
19	rs60404734	58812785	0	5.020745e-04	1.318299e-05	1
19	rs60818748	58842735	0	2.469579e-04	6.390538e-06	1
19	rs60973470	58779425	0	-7.221571e-05	-1.886703e-06	1
19	rs61012884	59085161	0	-1.850209e-04	-4.776484e-06	1
19	rs61022167	59071380	0	-2.247595e-05	-5.809938e-07	1
19	rs61096651	58845296	0	2.469579e-04	6.390538e-06	1
19	rs61219003	58842883	6	2.811217e-04	7.378665e-06	1
19	rs61301121	58745159	0	6.976021e-04	1.824705e-05	1
19	rs61460516	58851462	0	2.469579e-04	6.390537e-06	1
19	rs61468392	58823221	0	1.474174e-04	3.805171e-06	1
19	rs61514202	58844606	0	2.469579e-04	6.390537e-06	1
19	rs61521274	58830879	0	6.143865e-04	1.587401e-05	1
19	rs61566502	58581038	0	1.120354e-03	2.888295e-05	1
19	rs61635555	58834694	0	2.472519e-04	6.372046e-06	1
19	rs61745224	58723706	0	1.055628e-04	2.765427e-06	1
19	rs61746129	58879701	0	-6.148233e-05	-1.586797e-06	1
19	rs61746138	58879660	0	-6.148233e-05	-1.586797e-06	1
19	rs620297	58545433	0	4.018984e-04	1.011335e-05	1
19	rs62114175	58776480	0	1.707677e-04	4.252553e-06	1
19	rs62114176	58776483	0	9.396667e-05	2.333720e-06	1
19	rs62114178	58778451	0	1.047661e-04	2.624727e-06	1
19	rs62114179	58778512	0	7.225202e-04	1.823960e-05	1
19	rs62114183	58786176	0	1.408313e-04	3.569471e-06	1
19	rs62114208	58787115	0	2.126670e-04	5.398104e-06	1
19	rs62114212	58831966	0	1.693258e-04	4.310143e-06	1
19	rs62114660	59033674	0	1.914998e-04	4.954428e-06	1
19	rs62114663	59035557	0	-4.485306e-04	-1.168947e-05	1
19	rs62114668	59072371	0	-4.045203e-04	-1.054435e-05	1
19	rs62116004	58720201	0	-1.037699e-03	-2.684850e-05	1
19	rs62116017	58738767	0	-8.501786e-04	-2.188255e-05	1
19	rs62116373	58850206	0	8.591025e-05	2.252190e-06	1
19	rs62116378	58875268	0	-1.577744e-04	-4.079121e-06	1
19	rs62116379	58875335	0	-1.577744e-04	-4.079121e-06	1
19	rs62116380	58876618	0	-1.368300e-04	-3.535927e-06	1
19	rs62116381	58877385	0	-1.368300e-04	-3.535927e-06	1
19	rs62116383	58880761	0	-6.148233e-05	-1.586798e-06	1
19	rs62116384	58880884	0	-6.751380e-05	-1.742164e-06	1
19	rs62116388	58884162	0	3.615741e-05	9.370502e-07	1
19	rs62116389	58885267	0	1.648369e-04	4.282223e-06	1
19	rs62116432	58901227	0	2.629143e-04	6.625338e-06	1
19	rs62116437	58922551	0	-2.034684e-04	-5.181289e-06	1
19	rs62117593	58941915	0	-3.483750e-04	-8.874458e-06	1
19	rs62117594	58942709	0	-3.483750e-04	-8.874458e-06	1
19	rs62117596	58953099	0	-1.992338e-04	-5.063060e-06	1
19	rs62117599	58994650	0	1.044757e-04	2.629374e-06	1
19	rs62117658	59015297	0	-6.529369e-04	-1.713340e-05	1
19	rs62125248	58568181	0	-3.000684e-04	-7.436395e-06	1
19	rs62125894	58679627	0	-1.743944e-05	-4.417059e-07	1
19	rs62125914	58706186	0	-7.894677e-04	-2.023679e-05	1
19	rs62125917	58711509	0	-7.894677e-04	-2.023679e-05	1
19	rs62126787	58586371	0	-1.060382e-03	-2.727681e-05	1
19	rs62126791	58587777	0	-8.666051e-04	-2.207107e-05	1
19	rs62126796	58612051	1	1.480135e-05	3.798917e-07	1
19	rs63283	58740490	0	1.016529e-03	2.671990e-05	1
19	rs6510116	58604319	0	2.341492e-05	5.946579e-07	1
19	rs6510125	58637152	0	6.850680e-04	1.749058e-05	1
19	rs6510126	58675916	0	2.321438e-04	5.916078e-06	1
19	rs6510128	58761107	0	-1.832687e-04	-4.590672e-06	1
19	rs6510129	58761533	0	-1.832687e-04	-4.590672e-06	1
19	rs6510131	58776347	0	9.274604e-06	2.406953e-07	1
19	rs6510133	58801186	0	5.153317e-04	1.296565e-05	1
19	rs6510136	58824721	0	6.572666e-04	1.704642e-05	1
19	rs6510137	58864150	0	-2.268843e-04	-5.870114e-06	1
19	rs6510139	58885702	0	-4.921817e-04	-1.236845e-05	1
19	rs6510140	58885773	0	-4.832753e-04	-1.214646e-05	1
19	rs6510141	58885786	0	-4.560243e-04	-1.142083e-05	1
19	rs6510142	58885842	0	3.615741e-05	9.370503e-07	1
19	rs6510143	58885874	0	3.438306e-04	8.961274e-06	1
19	rs6510148	58924210	0	2.465813e-04	6.220911e-06	1
19	rs6510152	58953319	0	4.769697e-04	1.191015e-05	1
19	rs6510153	58975609	0	7.983957e-04	2.107788e-05	1
19	rs66616365	58667964	0	6.128276e-04	1.558049e-05	1
19	rs67047437	58676662	0	2.099337e-04	5.303614e-06	1
19	rs67781917	58524126	0	7.637335e-04	1.961101e-05	1
19	rs67825948	58525067	0	7.637335e-04	1.961101e-05	1
19	rs67978350	58894455	0	3.587965e-04	9.136188e-06	1
19	rs71333247	58559583	0	-1.946263e-04	-4.929333e-06	1
19	rs71333251	58738839	0	-9.304570e-04	-2.405780e-05	1
19	rs71333260	58922220	0	9.290772e-05	2.350214e-06	1
19	rs71354068	58531715	0	-3.776374e-04	-9.843848e-06	1
19	rs71355829	58551080	0	-2.693199e-04	-6.841617e-06	1
19	rs71355833	58657180	0	-5.843295e-04	-1.488026e-05	1
19	rs719009	58584722	0	-8.666051e-04	-2.207107e-05	1
19	rs719010	58584765	0	-8.666051e-04	-2.207107e-05	1
19	rs719011	58584841	0	-8.827640e-04	-2.249099e-05	1
19	rs723669	58563100	0	-3.154736e-04	-8.018854e-06	1
19	rs7245923	58874709	0	-1.577744e-04	-4.079120e-06	1
19	rs7246174	58765348	0	-5.235954e-05	-1.365258e-06	1
19	rs7246751	58804121	0	1.584178e-04	4.117735e-06	1
19	rs7248057	58774513	0	-2.914118e-05	-7.617257e-07	1
19	rs7248493	58711108	0	1.214611e-03	3.186815e-05	1
19	rs7248512	58716363	0	5.155171e-04	1.294751e-05	1
19	rs7248800	59079257	0	2.540044e-04	6.358449e-06	1
19	rs7249664	58586610	0	-3.958846e-05	-9.993410e-07	1
19	rs7249714	59058083	0	-1.392444e-06	-4.458243e-08	1
19	rs7249841	59058199	0	-3.032854e-04	-7.849597e-06	1
19	rs7250280	58713774	0	-7.912018e-04	-2.028085e-05	1
19	rs7250394	58930177	0	1.016748e-04	2.554354e-06	1
19	rs7250524	58611423	0	-3.239646e-05	-8.078615e-07	1
19	rs7250610	58611723	0	-2.674873e-05	-6.844560e-07	1
19	rs7250711	58611592	0	-3.239646e-05	-8.078613e-07	1
19	rs7250715	58611606	0	6.973079e-04	1.786706e-05	1
19	rs7250752	58893108	0	1.745380e-04	4.518047e-06	1
19	rs7250816	58581572	0	4.676449e-04	1.186849e-05	1
19	rs7250889	58900337	0	4.003155e-04	1.007352e-05	1
19	rs7251261	58629081	10	-2.347176e-04	-5.977837e-06	1
19	rs7251536	58620679	0	4.096334e-04	1.036909e-05	1
19	rs7251813	58893700	0	-2.352338e-04	-5.882303e-06	1
19	rs7252129	58657428	0	4.333691e-04	1.096585e-05	1
19	rs7252304	58629122	1	-1.076708e-04	-2.740277e-06	1
19	rs7252333	58900747	0	4.003155e-04	1.007352e-05	1
19	rs7253055	58793554	0	-6.937658e-04	-1.769101e-05	1
19	rs7253066	59080198	0	-2.247595e-05	-5.809964e-07	1
19	rs7253344	58779340	0	8.458790e-04	2.140939e-05	1
19	rs7253357	58779369	0	7.225202e-04	1.823960e-05	1
19	rs7253433	59041723	0	4.755264e-04	1.201203e-05	1
19	rs7254178	58979958	0	7.983957e-04	2.107788e-05	1
19	rs7254299	58884965	0	-6.552246e-04	-1.647081e-05	1
19	rs7254639	58876797	0	-1.368300e-04	-3.535925e-06	1
19	rs7255068	59052105	0	-2.045148e-05	-5.312897e-07	1
19	rs7255290	58583832	0	1.120354e-03	2.888294e-05	1
19	rs7255489	58879965	0	2.759360e-04	7.185023e-06	1
19	rs7255491	58901394	0	4.003155e-04	1.007352e-05	1
19	rs7255596	58879976	0	2.759360e-04	7.185023e-06	1
19	rs7255605	58584251	0	1.120354e-03	2.888294e-05	1
19	rs7255916	58880016	0	-2.594993e-05	-6.686459e-07	1
19	rs7256349	58718269	0	-1.035965e-03	-2.680338e-05	1
19	rs7256664	58600587	0	-8.788124e-04	-2.273386e-05	1
19	rs7256809	58880184	0	-6.148233e-05	-1.586795e-06	1
19	rs7256940	58880242	0	-6.148233e-05	-1.586795e-06	1
19	rs7256964	58882186	0	-8.449372e-04	-2.147221e-05	1
19	rs7257669	59064939	0	2.150951e-04	5.404854e-06	1
19	rs7257788	58788901	0	3.800576e-05	9.893964e-07	1
19	rs7257872	58928786	0	2.465813e-04	6.220905e-06	1
19	rs7257999	58964860	0	6.147079e-04	1.547294e-05	1
19	rs7258103	58627235	0	5.852101e-04	1.491189e-05	1
19	rs7258239	58734410	2	4.482658e-04	1.158870e-05	1
19	rs7259841	58951123	0	4.643039e-04	1.159599e-05	1
19	rs7260445	58571049	0	3.814277e-04	9.974642e-06	1
19	rs7260571	58925286	0	6.092104e-04	1.527349e-05	1
19	rs72629170	58876368	0	-2.497689e-04	-6.453300e-06	1
19	rs72629171	58880848	0	-6.751380e-05	-1.742160e-06	1
19	rs73056266	58702854	0	-3.935838e-04	-1.033800e-05	1
19	rs73056270	58709763	0	-3.935838e-04	-1.033800e-05	1
19	rs73056279	58726998	0	1.632161e-04	4.261246e-06	1
19	rs73056286	58750550	0	-2.023906e-04	-5.266151e-06	1
19	rs73056388	58584525	0	1.120354e-03	2.888294e-05	1
19	rs73058504	58589515	0	-8.666051e-04	-2.207106e-05	1
19	rs73060214	58846001	0	-9.178957e-05	-2.403474e-06	1
19	rs73060254	58899245	0	-2.172584e-04	-5.687238e-06	1
19	rs73060258	58902954	0	3.587965e-04	9.136180e-06	1
19	rs73060293	58923050	0	9.290772e-05	2.350206e-06	1
19	rs73062110	58936642	0	2.802609e-04	7.124230e-06	1
19	rs73064225	58974378	0	5.713463e-05	1.444352e-06	1
19	rs73064302	58994588	0	4.300462e-04	1.103721e-05	1
19	rs73066206	58995042	0	7.588089e-05	1.923312e-06	1
19	rs73066211	58997079	0	1.833885e-04	4.678641e-06	1
19	rs73066226	59008213	0	1.684846e-04	4.290625e-06	1
19	rs73066228	59013196	0	9.203086e-05	2.343365e-06	1
19	rs73066236	59027481	0	1.122240e-05	2.892107e-07	1
19	rs73066244	59033153	0	2.749149e-04	6.965889e-06	1
19	rs73066245	59038884	0	6.962078e-04	1.814338e-05	1
19	rs73066251	59050356	0	4.683167e-04	1.189660e-05	1
19	rs73068312	59054288	0	5.754799e-04	1.467189e-05	1
19	rs73068321	59072020	0	2.764804e-04	7.000375e-06	1
19	rs73068325	59079096	0	2.375711e-04	6.046267e-06	1
19	rs73068327	59079334	0	2.764804e-04	7.000375e-06	1
19	rs73068329	59080325	0	2.552302e-04	6.499232e-06	1
19	rs73068335	59089308	0	2.930031e-04	7.473469e-06	1
19	rs73068339	59090263	0	3.439690e-04	8.718283e-06	1
19	rs73068342	59091717	0	3.439690e-04	8.718283e-06	1
19	rs73071847	58548748	0	-3.129583e-04	-7.966138e-06	1
19	rs731259	58989424	0	2.422032e-04	6.186734e-06	1
19	rs731835	58898436	0	1.646061e-05	4.246930e-07	1
19	rs734379	58899182	0	2.037087e-04	5.118035e-06	1
19	rs734380	58898963	0	1.227109e-04	3.048585e-06	1
19	rs735278	59083594	0	2.150951e-04	5.404846e-06	1
19	rs735507	58720360	0	1.178733e-03	3.073864e-05	1
19	rs73562704	59073613	0	9.260620e-05	2.390233e-06	1
19	rs73566790	58743866	0	5.983757e-04	1.559782e-05	1
19	rs73570604	58810827	0	6.295311e-04	1.631720e-05	1
19	rs73570633	58828121	0	2.472519e-04	6.372045e-06	1
19	rs73570653	58832874	0	5.264757e-04	1.358909e-05	1
19	rs73570658	58834522	0	2.472519e-04	6.372045e-06	1
19	rs73570691	58841364	0	2.469579e-04	6.390535e-06	1
19	rs73570694	58841515	0	2.469579e-04	6.390535e-06	1
19	rs73572621	58845441	0	2.469579e-04	6.390535e-06	1
19	rs73572630	58847132	0	3.461843e-04	8.985341e-06	1
19	rs73572641	58852541	0	2.469579e-04	6.390535e-06	1
19	rs7359845	58831819	0	6.143865e-04	1.587401e-05	1
19	rs7359922	58830261	0	6.143865e-04	1.587401e-05	1
19	rs73939627	58848734	0	1.635873e-04	4.234481e-06	1
19	rs7408188	58939389	0	6.092104e-04	1.527348e-05	1
19	rs7409473	58939165	0	6.092104e-04	1.527348e-05	1
19	rs74357328	58550617	0	-4.027839e-04	-1.057884e-05	1
19	rs74414988	58524349	0	2.166513e-04	5.609869e-06	1
19	rs74496797	58749776	0	4.379931e-05	1.137771e-06	1
19	rs74625788	58757001	0	4.379931e-05	1.137771e-06	1
19	rs74733770	59027672	0	-9.690420e-05	-2.528616e-06	1
19	rs74815034	58658965	0	-3.646896e-04	-9.240830e-06	1
19	rs74831398	58919814	0	8.221517e-05	2.148126e-06	1
19	rs75072205	58755366	0	6.474376e-05	1.681810e-06	1
19	rs7507609	58611111	0	-7.297044e-04	-1.838963e-05	1
19	rs7508106	58876115	0	2.279725e-04	5.935481e-06	1
19	rs751745	58722129	0	6.081665e-05	1.590616e-06	1
19	rs75196460	58952297	0	-2.653632e-04	-6.933020e-06	1
19	rs75217180	59055112	0	-3.032854e-04	-7.849593e-06	1
19	rs753530	58632768	0	-1.984452e-05	-5.034351e-07	1
19	rs75597	58720236	0	-1.415619e-04	-3.665803e-06	1
19	rs75672965	59063157	0	-1.133787e-04	-2.960502e-06	1
19	rs75814085	58993994	0	-5.407505e-04	-1.414547e-05	1
19	rs75904835	58810044	0	4.659464e-04	1.221924e-05	1
19	rs75999937	58924419	0	-1.752412e-04	-4.592482e-06	1
19	rs76652149	58524660	0	2.166513e-04	5.609869e-06	1
19	rs76783065	59075668	0	-1.213762e-04	-3.171483e-06	1
19	rs76795181	58684319	0	-7.430977e-05	-1.948690e-06	1
19	rs76798942	58653114	0	2.505792e-04	6.407860e-06	1
19	rs76938992	58877357	0	-6.219116e-05	-1.625154e-06	1
19	rs76958646	58562357	0	1.409954e-05	3.650124e-07	1
19	rs76963345	58743142	0	3.034475e-04	7.935709e-06	1
19	rs77101457	59076912	0	-3.617321e-05	-9.389954e-07	1
19	rs77140992	58521189	0	2.166513e-04	5.609869e-06	1
19	rs77193614	58820450	0	9.616934e-04	2.536577e-05	1
19	rs77222313	58533610	0	2.783431e-04	7.210599e-06	1
19	rs77235242	58929230	0	2.592323e-04	6.800471e-06	1
19	rs77262558	58684431	0	-1.991725e-04	-5.197023e-06	1
19	rs77358356	59065154	0	-1.213762e-04	-3.171483e-06	1
19	rs77377117	58742665	0	-2.621234e-04	-6.848864e-06	1
19	rs77498029	58993254	0	2.426930e-04	6.201713e-06	1
19	rs77537775	59083268	0	3.291039e-05	8.587298e-07	1
19	rs77659740	59056991	0	-6.291370e-04	-1.656568e-05	1
19	rs77688534	59043748	0	-7.059381e-04	-1.864083e-05	1
19	rs77755501	58915005	0	-6.859295e-05	-1.779048e-06	1
19	rs77999299	59095570	0	-7.059381e-04	-1.864083e-05	1
19	rs78202231	58668413	0	-3.823345e-04	-1.001747e-05	1
19	rs78282402	59008259	0	-2.149292e-04	-5.627494e-06	1
19	rs78282479	58682941	0	-2.340565e-04	-6.079756e-06	1
19	rs78293168	58755872	0	4.379931e-05	1.137771e-06	1
19	rs78397785	59080070	0	-7.059381e-04	-1.864083e-05	1
19	rs78487872	58855393	0	-1.296897e-04	-3.398114e-06	1
19	rs78560062	58662212	0	-3.914883e-04	-1.002661e-05	1
19	rs78604285	58712758	0	-5.489721e-04	-1.442157e-05	1
19	rs78664025	58695007	0	-1.037704e-04	-2.709650e-06	1
19	rs78968038	58658294	0	4.333691e-04	1.096585e-05	1
19	rs7910	59093464	0	2.782547e-04	6.954686e-06	1
19	rs79132177	58701780	0	-8.191277e-04	-2.153567e-05	1
19	rs79135878	58642383	0	-3.823345e-04	-1.001747e-05	1
19	rs79192210	58561312	0	1.225709e-04	3.211342e-06	1
19	rs79208032	58556652	0	2.514633e-05	6.475440e-07	1
19	rs79222418	58664418	0	-1.671110e-04	-4.249650e-06	1
19	rs79259289	58752257	0	4.560849e-05	1.151568e-06	1
19	rs79282983	58898840	0	-8.101714e-04	-2.123716e-05	1
19	rs79287592	58789765	0	1.438717e-04	3.747905e-06	1
19	rs79463936	58755254	0	6.474376e-05	1.681810e-06	1
19	rs79481083	58820403	0	9.851449e-04	2.602953e-05	1
19	rs79562691	58745897	0	-2.171163e-04	-5.697018e-06	1
19	rs79639614	59070578	0	2.232598e-04	5.784046e-06	1
19	rs79894507	58699453	0	-5.489721e-04	-1.442157e-05	1
19	rs79955355	58665816	0	-9.889686e-05	-2.586770e-06	1
19	rs80090318	58702017	0	-8.191277e-04	-2.153567e-05	1
19	rs80153933	58526696	0	1.484984e-04	3.838810e-06	1
19	rs80298408	58807275	0	1.016583e-04	2.655584e-06	1
19	rs80320621	58816329	0	8.229019e-04	2.161766e-05	1
19	rs80330258	59010439	0	-1.640171e-04	-4.291840e-06	1
19	rs8099852	58895221	0	-1.487182e-04	-3.709394e-06	1
19	rs8100253	59087479	0	-2.225850e-04	-5.738112e-06	1
19	rs8100259	58932360	0	-2.034684e-04	-5.181304e-06	1
19	rs8100276	58534236	0	5.922303e-05	1.518585e-06	1
19	rs8100534	58534484	0	5.922303e-05	1.518585e-06	1
19	rs8100738	58581904	0	-8.666051e-04	-2.207106e-05	1
19	rs8100801	58892060	0	1.745380e-04	4.518052e-06	1
19	rs8101391	58892524	0	3.377991e-04	8.806746e-06	1
19	rs8102157	58589599	0	4.467005e-04	1.133322e-05	1
19	rs8102402	58892672	0	3.377991e-04	8.806746e-06	1
19	rs8102457	58926008	0	2.465813e-04	6.220894e-06	1
19	rs8102541	59091380	0	-2.395701e-05	-6.096194e-07	1
19	rs8103813	59072684	0	2.375711e-04	6.046260e-06	1
19	rs8103853	58577762	0	4.676449e-04	1.186848e-05	1
19	rs8104061	58795986	0	-7.775164e-04	-1.990407e-05	1
19	rs8104221	58905109	0	-2.047900e-05	-5.063042e-07	1
19	rs8104276	58603983	0	-2.746865e-04	-6.967836e-06	1
19	rs8105044	58796805	0	1.030887e-04	2.580425e-06	1
19	rs8105799	58761585	0	-1.832687e-04	-4.590675e-06	1
19	rs8105906	58791636	0	3.800576e-05	9.893950e-07	1
19	rs8105935	58821088	0	9.616934e-04	2.536577e-05	1
19	rs8106345	58888317	0	-4.499928e-04	-1.126213e-05	1
19	rs8106379	59094136	0	-1.512554e-04	-3.913689e-06	1
19	rs8106477	58888441	0	-5.106380e-04	-1.283286e-05	1
19	rs8107581	58809154	0	-1.160174e-04	-2.885421e-06	1
19	rs8107931	58636461	0	8.602139e-05	2.201789e-06	1
19	rs8108238	58757968	0	4.379931e-05	1.137771e-06	1
19	rs8108371	58730394	0	-2.980925e-04	-7.773547e-06	1
19	rs8108493	58730489	0	-9.681924e-05	-2.525092e-06	1
19	rs8109093	58833871	0	5.264757e-04	1.358909e-05	1
19	rs8109275	58629878	0	-1.984452e-05	-5.034341e-07	1
19	rs8109359	58629914	0	-1.984452e-05	-5.034339e-07	1
19	rs8109471	58621794	0	8.602139e-05	2.201790e-06	1
19	rs8109694	58621307	0	2.168897e-04	5.560745e-06	1
19	rs8109925	58623323	0	8.602139e-05	2.201790e-06	1
19	rs8109932	58903466	0	4.003155e-04	1.007354e-05	1
19	rs8109937	58584643	0	-8.666051e-04	-2.207106e-05	1
19	rs8110117	58600626	0	4.771696e-04	1.219018e-05	1
19	rs8110135	58998464	0	7.155700e-04	1.824965e-05	1
19	rs8110249	58824237	0	4.778910e-04	1.232997e-05	1
19	rs8110595	59095126	0	2.557787e-04	6.390052e-06	1
19	rs8110941	58824163	0	4.949320e-04	1.277870e-05	1
19	rs8111222	58750413	0	-2.600697e-04	-6.523607e-06	1
19	rs8111238	58667076	0	4.737289e-04	1.199919e-05	1
19	rs8111301	58750326	0	4.379931e-05	1.137770e-06	1
19	rs8111498	58749994	0	1.496652e-04	3.891387e-06	1
19	rs8112286	58752391	0	1.367515e-04	3.551987e-06	1
19	rs8112340	58759679	0	-5.542710e-05	-1.441929e-06	1
19	rs8112556	58886459	0	3.438306e-04	8.961277e-06	1
19	rs8113810	58932106	0	6.092104e-04	1.527346e-05	1
19	rs873104	59065952	0	3.439690e-04	8.718279e-06	1
19	rs877796	58753615	0	-3.328457e-04	-8.646476e-06	1
19	rs877797	58753649	0	4.379931e-05	1.137770e-06	1
19	rs880162	59013134	0	4.492382e-04	1.139891e-05	1
19	rs882609	58991479	0	1.024078e-03	2.620863e-05	1
19	rs882610	58991900	0	5.713753e-04	1.453879e-05	1
19	rs889158	58601981	0	-2.666313e-04	-6.690735e-06	1
19	rs889159	58584522	0	-9.712672e-04	-2.482706e-05	1
19	rs889160	58584434	0	4.156270e-04	1.052920e-05	1
19	rs889161	58584324	0	-8.666051e-04	-2.207106e-05	1
19	rs893179	58899056	0	5.245193e-04	1.322511e-05	1
19	rs893180	58865091	0	-1.389735e-04	-3.593566e-06	1
19	rs893181	58865082	0	-1.389735e-04	-3.593566e-06	1
19	rs893182	58865068	0	-1.389735e-04	-3.593565e-06	1
19	rs893183	58865054	0	-2.268843e-04	-5.870110e-06	1
19	rs893184	58864479	0	-2.268843e-04	-5.870110e-06	1
19	rs893185	58989495	0	8.506624e-04	2.162081e-05	1
19	rs893186	58969179	0	1.144431e-03	2.933419e-05	1
19	rs893187	58963018	0	1.087498e-04	2.753099e-06	1
19	rs893188	58962958	0	-6.013512e-05	-1.529557e-06	1
19	rs895374	59066918	0	1.882901e-04	4.699209e-06	1
19	rs918544	58620103	0	8.602139e-05	2.201791e-06	1
19	rs918545	58620068	0	8.602139e-05	2.201791e-06	1
19	rs922929	58734596	0	4.187606e-04	1.083361e-05	1
19	rs922931	58734749	0	5.246265e-04	1.360065e-05	1
19	rs9304813	58931557	0	3.394890e-04	8.467203e-06	1
19	rs9304814	58951811	0	5.514084e-04	1.382333e-05	1
19	rs933670	58619847	0	2.097411e-04	5.417109e-06	1
19	rs9636162	59019452	0	5.816300e-04	1.528133e-05	1
19	rs9676281	58756728	0	-3.300176e-05	-8.613255e-07	1
19	rs9676287	58756655	0	4.379931e-05	1.137769e-06	1
19	rs9676487	58756869	0	-3.300176e-05	-8.613256e-07	1
19	rs971711	58632872	0	2.168897e-04	5.560747e-06	1
19	rs9749456	58882192	0	-6.560928e-04	-1.649948e-05	1
19	rs975947	58898193	0	1.042546e-04	2.590163e-06	1
19	rs9797792	59019531	0	4.692435e-05	1.187486e-06	1
19	rs9941466	58945962	0	5.219669e-04	1.368682e-05	1
