chr	rs	ps	n_miss	b	beta	gamma
16	rs10083738	29927702	0	-4.014072e-04	-3.950318e-05	1
16	rs10163301	29149596	0	3.965767e-04	5.934990e-05	1
16	rs10204	29826538	0	-1.913695e-04	-2.684133e-05	1
16	rs10445105	29999488	0	7.819602e-04	1.576422e-04	1
16	rs1045968	29826365	0	8.456998e-05	1.308533e-05	1
16	rs10499	28915527	0	-7.755027e-04	-8.477461e-05	1
16	rs1050881	29675928	0	-1.519831e-03	-4.175758e-04	1
16	rs10521145	28596884	0	8.168817e-05	1.327424e-05	1
16	rs1057451	29833488	0	1.913695e-04	2.684132e-05	1
16	rs1057452	29833714	0	-1.303307e-04	-2.028701e-05	1
16	rs1059491	28603655	0	4.709215e-05	4.781149e-06	1
16	rs1064524	30492823	0	1.463959e-04	2.869497e-05	1
16	rs1074629	28554148	0	8.693008e-05	1.848456e-05	1
16	rs1074631	28554108	0	4.525481e-04	4.691024e-05	1
16	rs10797300	28607196	0	8.168817e-05	1.327424e-05	1
16	rs10871449	29652488	0	-5.126684e-04	-4.835717e-05	1
16	rs10871451	29986205	0	-6.343172e-04	-6.451314e-05	1
16	rs10871481	29284112	0	7.900832e-04	9.081276e-05	1
16	rs11074908	28608356	0	3.019767e-04	4.748695e-05	1
16	rs11074911	28583865	0	3.936087e-05	4.046462e-06	1
16	rs1109520	29190758	0	1.733442e-04	1.940396e-05	1
16	rs1109521	29190753	0	2.712396e-04	3.048253e-05	1
16	rs111230245	30478891	0	5.166406e-04	7.758927e-05	1
16	rs111265045	30373233	0	1.031922e-03	1.469508e-04	1
16	rs11150561	29644794	0	-1.984470e-03	-2.968924e-04	1
16	rs11150563	29662903	0	2.661152e-05	2.553670e-06	1
16	rs11150564	29666736	0	1.599207e-04	1.460267e-05	1
16	rs11150574	29934819	0	-4.014072e-04	-3.950319e-05	1
16	rs11150575	29935066	0	-5.836713e-04	-5.798765e-05	1
16	rs11150576	29965496	0	-3.829005e-04	-3.830480e-05	1
16	rs11150577	29986525	0	-4.024216e-04	-4.045988e-05	1
16	rs11150579	30000330	0	-4.024216e-04	-4.045988e-05	1
16	rs11150580	30014564	0	-6.435428e-04	-6.644967e-05	1
16	rs11150581	30030699	0	9.043581e-05	1.008985e-05	1
16	rs11150582	30034127	0	-5.125765e-04	-8.628213e-05	1
16	rs11150583	30034189	0	1.122622e-04	1.149159e-05	1
16	rs11150585	30184286	0	-3.683242e-03	-1.100912e-03	1
16	rs11150586	30420851	0	-2.648251e-03	-5.732510e-04	1
16	rs11150590	30493881	0	-2.790595e-03	-6.104334e-04	1
16	rs11150609	28870596	0	2.151642e-04	2.141590e-05	1
16	rs11150623	28881001	0	3.533670e-04	3.666644e-05	1
16	rs11150675	28980531	0	-7.375253e-04	-7.928953e-05	1
16	rs11150696	29142826	0	-9.775412e-06	-1.462632e-06	1
16	rs11150712	29243047	0	1.279928e-03	1.805607e-04	1
16	rs11150713	29282753	0	8.822377e-04	1.202894e-04	1
16	rs111555633	30475160	0	2.973610e-04	4.850383e-05	1
16	rs111688805	30448522	0	2.706320e-04	4.427458e-05	1
16	rs111693583	28583610	0	5.934021e-05	6.045718e-06	1
16	rs111720341	28522590	0	6.115949e-04	1.196049e-04	1
16	rs111820348	28645127	0	-9.115348e-04	-1.034995e-04	1
16	rs111875922	28562479	0	-1.431930e-04	-3.332868e-05	1
16	rs112047757	28590862	0	5.934021e-05	6.045712e-06	1
16	rs112128999	29264813	0	-6.390692e-04	-8.863783e-05	1
16	rs112131656	29764539	0	2.766209e-04	3.691275e-05	1
16	rs112165220	29408955	0	1.028373e-03	2.273215e-04	1
16	rs112191041	28583362	0	5.934021e-05	6.045708e-06	1
16	rs112194055	30120942	0	1.169754e-04	2.330184e-05	1
16	rs112201399	29690177	0	1.291691e-03	3.446482e-04	1
16	rs112265026	29809181	0	4.088369e-04	8.274124e-05	1
16	rs112294239	30052868	0	3.009387e-04	6.125155e-05	1
16	rs112366001	28561785	1	2.497157e-05	2.541103e-06	1
16	rs112400041	29669780	0	-1.306101e-03	-3.082957e-04	1
16	rs112414374	30353586	0	3.367495e-04	5.682853e-05	1
16	rs112484223	29764728	0	3.636347e-04	4.797439e-05	1
16	rs112498248	29259987	0	4.761531e-04	6.140108e-05	1
16	rs112517029	28567754	0	5.135995e-04	9.875775e-05	1
16	rs112533759	30003756	0	-1.891240e-04	-3.960864e-05	1
16	rs112549897	29832950	0	1.029820e-03	2.284263e-04	1
16	rs112565029	30102391	0	-8.047798e-04	-1.999406e-04	1
16	rs112600506	29004363	0	8.552229e-04	1.784128e-04	1
16	rs112625256	29314477	0	2.417326e-04	3.943212e-05	1
16	rs112652568	29412437	0	1.010035e-03	2.200561e-04	1
16	rs112780074	29150174	0	-1.918907e-04	-2.799782e-05	1
16	rs112831778	28590989	0	5.793523e-04	6.061814e-05	1
16	rs1129003	30017283	0	-3.695437e-04	-6.129688e-05	1
16	rs112918513	29230177	0	8.531192e-04	1.582237e-04	1
16	rs1129700	29918034	0	3.727942e-04	3.782281e-05	1
16	rs112997245	30010353	0	-5.591999e-04	-9.565281e-05	1
16	rs113029997	28825100	0	-3.540091e-04	-3.586224e-05	1
16	rs113072320	30187226	0	5.202527e-04	8.817477e-05	1
16	rs113079736	28860183	0	2.151642e-04	2.141587e-05	1
16	rs113100612	29222962	0	7.008429e-04	8.442231e-05	1
16	rs113118899	29296414	0	2.339437e-04	3.643071e-05	1
16	rs113137773	29753314	0	6.135807e-04	9.984752e-05	1
16	rs113145245	29278701	0	3.298822e-05	4.888709e-06	1
16	rs1131543	28997997	0	-2.279731e-04	-2.773493e-05	1
16	rs113208333	28606160	0	2.260259e-04	2.307422e-05	1
16	rs113223003	29765012	0	9.233960e-05	1.430660e-05	1
16	rs113303075	30482393	0	2.490273e-04	5.139316e-05	1
16	rs1133238	30455458	0	-1.169169e-03	-2.706137e-04	1
16	rs113376800	29736698	0	1.453918e-04	1.998903e-05	1
16	rs113378736	29294130	0	3.198278e-04	4.787014e-05	1
16	rs113389983	29285085	0	3.298822e-05	4.888705e-06	1
16	rs11344	29910518	0	4.653589e-04	5.005313e-05	1
16	rs113443718	29892184	0	9.471698e-04	1.176035e-04	1
16	rs113458503	28973267	0	2.974243e-04	2.924199e-05	1
16	rs1134700	29709777	0	6.907341e-04	1.097440e-04	1
16	rs113478212	29596230	0	3.721679e-04	8.356218e-05	1
16	rs113592099	29751483	0	7.784506e-04	1.107398e-04	1
16	rs113711475	30497954	0	8.705172e-06	1.812665e-06	1
16	rs113753753	29891206	0	2.394357e-04	5.189097e-05	1
16	rs1137843	28977713	0	-5.042089e-04	-5.265619e-05	1
16	rs113826909	29747901	0	1.271307e-03	2.389212e-04	1
16	rs113834633	29662778	0	3.146208e-04	7.092989e-05	1
16	rs113907898	30514041	0	3.154221e-04	6.613135e-05	1
16	rs11401	28602991	0	4.011548e-04	5.903409e-05	1
16	rs1140239	30021402	0	9.043581e-05	1.008969e-05	1
16	rs114588746	30053597	0	-1.165684e-04	-1.987385e-05	1
16	rs114956645	28830288	0	-4.453058e-04	-8.563893e-05	1
16	rs115014474	28516823	0	-7.758897e-05	-1.504211e-05	1
16	rs11544328	30037128	0	1.122622e-04	1.149150e-05	1
16	rs11546678	29827681	0	7.116723e-04	1.198288e-04	1
16	rs11547490	28975662	0	-4.716631e-04	-1.060452e-04	1
16	rs115518563	30055603	0	-2.885308e-04	-5.177877e-05	1
16	rs115616784	29000446	0	-7.375253e-04	-7.928950e-05	1
16	rs11569775	28607526	0	-8.031938e-05	-1.642211e-05	1
16	rs11574550	29673970	0	-1.319324e-03	-2.594103e-04	1
16	rs11574551	29673995	0	-1.392479e-03	-2.894245e-04	1
16	rs11574941	30493000	0	-1.493067e-03	-2.899296e-04	1
16	rs11574945	30510036	0	2.578436e-04	5.524174e-05	1
16	rs115777649	29344781	0	-4.133040e-04	-8.185378e-05	1
16	rs116286717	29275779	0	5.234681e-04	7.820362e-05	1
16	rs11639897	28952638	0	-2.553802e-04	-2.751107e-05	1
16	rs11640105	29158075	0	6.609318e-04	7.943872e-05	1
16	rs11640805	29160996	0	5.622829e-04	6.644995e-05	1
16	rs11640950	30426001	0	1.435354e-03	2.401620e-04	1
16	rs11641216	28893532	0	2.151642e-04	2.141584e-05	1
16	rs11641378	29190130	0	2.614137e-04	2.974154e-05	1
16	rs11641732	29154294	0	6.609318e-04	7.943872e-05	1
16	rs11641843	29154548	0	5.622829e-04	6.644994e-05	1
16	rs11641853	28589719	0	8.168817e-05	1.327427e-05	1
16	rs11641922	29662638	0	-1.418858e-04	-1.362041e-05	1
16	rs11642046	29993108	0	-5.179654e-04	-5.183783e-05	1
16	rs11642399	30059593	0	-2.320740e-04	-2.364456e-05	1
16	rs11642430	30045789	0	9.043581e-05	1.008968e-05	1
16	rs11642449	28896015	0	-8.448008e-05	-8.736601e-06	1
16	rs11642612	30030195	0	9.043581e-05	1.008967e-05	1
16	rs11642638	28984945	0	-7.375253e-04	-7.928948e-05	1
16	rs11642676	30371655	0	2.736976e-03	5.905821e-04	1
16	rs11642692	29190237	0	1.733442e-04	1.940396e-05	1
16	rs11642720	29157143	0	6.609318e-04	7.943871e-05	1
16	rs11642727	28974240	0	-7.375253e-04	-7.928946e-05	1
16	rs11642740	30060655	0	1.135340e-04	1.273355e-05	1
16	rs11642837	29165747	0	6.609318e-04	7.943870e-05	1
16	rs11642933	29946708	0	-5.108565e-04	-5.039767e-05	1
16	rs11643582	29654705	0	-2.383985e-04	-2.220193e-05	1
16	rs11643652	30497597	0	1.530073e-03	2.659147e-04	1
16	rs11644151	28895660	0	-5.023125e-04	-6.359493e-05	1
16	rs11644176	29158254	0	5.622829e-04	6.644993e-05	1
16	rs11644273	29132010	0	4.427431e-04	5.132992e-05	1
16	rs11644433	30504046	0	2.244807e-03	5.384246e-04	1
16	rs11644442	29153897	0	6.609318e-04	7.943870e-05	1
16	rs11644459	30095236	0	-2.100567e-04	-2.176379e-05	1
16	rs11644622	29154350	0	7.202517e-04	8.679815e-05	1
16	rs11644791	28601186	0	8.168817e-05	1.327428e-05	1
16	rs11645118	29194175	0	2.712396e-04	3.048252e-05	1
16	rs11645143	28893409	1	4.034539e-04	4.047187e-05	1
16	rs11645306	28983936	0	-8.638202e-04	-1.029095e-04	1
16	rs11645581	30351624	0	3.414512e-03	1.137999e-03	1
16	rs11646118	29926471	0	-5.900144e-04	-1.085391e-04	1
16	rs11646127	29966277	0	-4.725344e-05	-4.675716e-06	1
16	rs11646130	30376959	0	2.660848e-03	5.507589e-04	1
16	rs11646140	29155480	0	5.622829e-04	6.644994e-05	1
16	rs11646318	29265508	0	6.500999e-04	9.934361e-05	1
16	rs11646576	29145862	0	1.618748e-04	1.847884e-05	1
16	rs11646653	28922149	0	-1.022400e-05	-1.094366e-06	1
16	rs11647753	29928115	0	-7.349391e-04	-7.600118e-05	1
16	rs11647881	28606173	0	8.168817e-05	1.327432e-05	1
16	rs11647900	29292055	0	9.937240e-05	1.996072e-05	1
16	rs11648430	29022557	0	1.464207e-03	1.630724e-04	1
16	rs11648675	29780731	0	7.601464e-04	8.371090e-05	1
16	rs11648963	29214950	0	7.186516e-04	8.679947e-05	1
16	rs11649149	30008644	0	-6.740698e-04	-6.646273e-05	1
16	rs11649274	30026469	0	-3.689778e-05	-4.110337e-06	1
16	rs11649499	29908433	0	-9.177976e-04	-1.446459e-04	1
16	rs11649612	29946670	0	-5.108565e-04	-5.039781e-05	1
16	rs11649671	29328594	0	-8.363710e-04	-2.019478e-04	1
16	rs116878064	30063549	0	2.563999e-04	4.832044e-05	1
16	rs116922328	29965785	0	1.173313e-04	2.176814e-05	1
16	rs117075401	29614830	0	-6.613640e-04	-1.620897e-04	1
16	rs117075874	28606423	0	-6.518282e-06	-1.275776e-06	1
16	rs117077416	29971913	0	1.379063e-04	2.853161e-05	1
16	rs117079286	28906666	0	-4.816623e-04	-9.718357e-05	1
16	rs117106225	30460283	0	1.331982e-04	2.830176e-05	1
16	rs1171214	29257432	0	-1.264976e-03	-2.797926e-04	1
16	rs117198781	28523937	0	-7.758897e-05	-1.504209e-05	1
16	rs117266893	29276374	0	-2.123372e-04	-3.461503e-05	1
16	rs117310634	29285034	0	-2.123372e-04	-3.461503e-05	1
16	rs117313280	28651893	0	-7.448128e-04	-8.364990e-05	1
16	rs117383236	29939177	0	3.426461e-04	7.502476e-05	1
16	rs117388875	29207035	0	-5.833384e-04	-1.248420e-04	1
16	rs117391625	30504932	0	-3.351753e-04	-6.311055e-05	1
16	rs117400114	29356326	0	-4.420249e-05	-7.996614e-06	1
16	rs117417282	29137508	0	-1.538268e-03	-4.670418e-04	1
16	rs117470737	28581727	0	-4.072139e-06	-9.113791e-07	1
16	rs117472293	29172837	0	-5.833384e-04	-1.248420e-04	1
16	rs117475154	28822819	0	6.428854e-04	1.449971e-04	1
16	rs117527829	30106982	0	-4.080113e-04	-9.008980e-05	1
16	rs117562643	29313383	0	-1.156360e-04	-2.437448e-05	1
16	rs117580044	28859861	0	-3.720823e-04	-7.462825e-05	1
16	rs117590634	29934113	0	2.845302e-04	6.695513e-05	1
16	rs117673009	29971781	0	3.472560e-04	7.773099e-05	1
16	rs117718914	29265493	0	4.272736e-04	9.362357e-05	1
16	rs117782601	29613511	0	-4.876262e-04	-9.563227e-05	1
16	rs117841027	28885725	0	4.269004e-05	9.784115e-06	1
16	rs117870157	29316133	0	1.278688e-04	2.696230e-05	1
16	rs117898009	28838018	0	-4.111200e-04	-8.212237e-05	1
16	rs117905809	29246098	0	-5.984907e-04	-1.412569e-04	1
16	rs117985404	28600021	0	2.293077e-04	5.072121e-05	1
16	rs118024944	28978833	0	1.042821e-04	2.175153e-05	1
16	rs118027139	29963812	0	6.777934e-04	1.334968e-04	1
16	rs118040062	29314466	0	1.278688e-04	2.696230e-05	1
16	rs118058081	29860299	0	-2.983257e-04	-7.030842e-05	1
16	rs118058279	28539519	0	8.150120e-05	1.715399e-05	1
16	rs118064647	28558444	0	3.614453e-04	8.287085e-05	1
16	rs118134830	28552552	0	-6.518282e-06	-1.275779e-06	1
16	rs118154869	30479065	0	5.983096e-04	1.361960e-04	1
16	rs11859512	28871853	0	2.151642e-04	2.141573e-05	1
16	rs11859871	29835440	0	1.913695e-04	2.684130e-05	1
16	rs11859981	29138143	0	-9.775412e-06	-1.462663e-06	1
16	rs11860294	29273758	0	9.679687e-04	1.163056e-04	1
16	rs11860513	28825420	0	-3.540091e-04	-3.586238e-05	1
16	rs11860782	29989739	0	-2.539998e-04	-4.512841e-05	1
16	rs11860935	30080780	0	-2.885308e-04	-5.177867e-05	1
16	rs11861040	29301166	0	6.926080e-04	8.212972e-05	1
16	rs11861132	28871860	0	2.151642e-04	2.141572e-05	1
16	rs11861174	28871989	0	2.151642e-04	2.141572e-05	1
16	rs11861297	29298364	0	6.926080e-04	8.212971e-05	1
16	rs11861511	29113641	0	-2.719368e-05	-4.041027e-06	1
16	rs11861842	30094180	0	-1.165684e-04	-1.987374e-05	1
16	rs11862055	29733712	0	1.232686e-05	1.701370e-06	1
16	rs11862091	29273501	0	1.106363e-03	1.353171e-04	1
16	rs11862099	29338534	0	-7.066197e-04	-1.487904e-04	1
16	rs11862319	29298280	0	6.926080e-04	8.212967e-05	1
16	rs11862597	30490854	0	5.166406e-04	7.758931e-05	1
16	rs11862691	30187851	0	-1.474586e-03	-2.715056e-04	1
16	rs11862806	30364071	0	2.549980e-03	4.359511e-04	1
16	rs11863083	30100789	0	-4.868090e-04	-8.872383e-05	1
16	rs11863129	30095492	0	-1.165684e-04	-1.987373e-05	1
16	rs11863145	29272255	0	1.018463e-03	1.236059e-04	1
16	rs11863150	30385503	0	-2.365767e-03	-3.884461e-04	1
16	rs11863174	30019375	0	-6.335704e-04	-6.213685e-05	1
16	rs11863286	29272644	0	1.018463e-03	1.236059e-04	1
16	rs11863370	28879484	0	2.151642e-04	2.141570e-05	1
16	rs11863619	29134064	0	-1.481702e-04	-2.220910e-05	1
16	rs11863731	29848932	0	8.456998e-05	1.308527e-05	1
16	rs11863734	29848946	0	1.913695e-04	2.684129e-05	1
16	rs11863748	29835588	0	8.456998e-05	1.308526e-05	1
16	rs11864107	28885931	0	2.151642e-04	2.141570e-05	1
16	rs11864149	29999225	0	-2.539998e-04	-4.512838e-05	1
16	rs11864180	29830829	0	8.456998e-05	1.308526e-05	1
16	rs11864422	29268820	0	1.662072e-03	2.325551e-04	1
16	rs11864642	30084276	0	-1.165684e-04	-1.987372e-05	1
16	rs11864750	28875204	0	2.151642e-04	2.141569e-05	1
16	rs11865101	29288501	0	1.452413e-03	1.926386e-04	1
16	rs11865379	29274056	0	9.679687e-04	1.163054e-04	1
16	rs11865525	29244432	0	9.499212e-04	1.298603e-04	1
16	rs11865661	29296666	0	9.633915e-04	1.129328e-04	1
16	rs11865711	29118679	0	-2.394359e-04	-3.604732e-05	1
16	rs11865716	30164488	0	-2.927282e-03	-5.615237e-04	1
16	rs11866084	30012922	0	-2.716483e-04	-4.581536e-05	1
16	rs11867026	30079450	0	-1.165684e-04	-1.987369e-05	1
16	rs11901	29984070	0	-4.024216e-04	-4.046024e-05	1
16	rs12050928	28982517	0	-3.975204e-04	-4.891634e-05	1
16	rs12102320	30178516	0	-3.683242e-03	-1.100901e-03	1
16	rs12102648	29105470	0	3.887460e-04	5.139393e-05	1
16	rs12102943	29014309	1	2.441571e-04	2.743576e-05	1
16	rs12148998	29085164	0	-4.158808e-04	-8.061608e-05	1
16	rs12325014	28860237	0	2.151642e-04	2.141562e-05	1
16	rs12325113	28848668	0	1.075147e-03	1.176598e-04	1
16	rs12325239	29894662	0	2.744887e-04	6.162208e-05	1
16	rs12325278	28848818	0	2.151642e-04	2.141561e-05	1
16	rs12325400	30023786	0	9.043581e-05	1.008937e-05	1
16	rs12325539	30033633	0	3.411743e-04	3.858381e-05	1
16	rs12373078	30187676	0	-2.110760e-03	-2.750377e-04	1
16	rs12373113	30187513	0	-2.110760e-03	-2.750376e-04	1
16	rs12443881	28841777	0	1.181619e-03	1.326035e-04	1
16	rs12444108	30027694	0	7.278733e-05	7.999993e-06	1
16	rs12444171	28845251	0	2.151642e-04	2.141558e-05	1
16	rs12444415	30118345	0	-9.801257e-04	-1.107160e-04	1
16	rs12444973	30107285	1	-4.035010e-04	-4.213116e-05	1
16	rs12444978	29924422	0	-4.014072e-04	-3.950395e-05	1
16	rs12445519	28606152	0	1.794150e-03	4.243386e-04	1
16	rs12445705	28609696	2	2.164989e-03	5.044598e-04	1
16	rs12445744	28588395	0	4.709215e-05	4.780690e-06	1
16	rs12445768	30089911	0	-2.100567e-04	-2.176395e-05	1
16	rs12445823	28588049	0	4.709215e-05	4.780686e-06	1
16	rs12445982	29982484	0	-4.024216e-04	-4.046040e-05	1
16	rs12446008	28644459	0	9.757036e-05	1.035638e-05	1
16	rs12446189	29011297	0	-1.140743e-03	-2.014397e-04	1
16	rs12446288	30388709	0	-2.487057e-03	-4.664413e-04	1
16	rs12446378	30043110	0	1.122622e-04	1.149131e-05	1
16	rs12446550	28543381	0	-1.209409e-04	-1.170480e-05	1
16	rs12446589	28870962	0	1.181619e-03	1.326034e-04	1
16	rs12447159	29610670	0	1.798273e-06	3.838677e-07	1
16	rs12447415	29682945	0	-1.451642e-03	-1.773052e-04	1
16	rs12447461	28582941	0	1.088531e-04	1.099902e-05	1
16	rs12447715	29152765	0	-5.912933e-04	-7.952840e-05	1
16	rs12447833	30390314	0	-2.608041e-03	-5.577175e-04	1
16	rs12447915	30089908	0	-2.100567e-04	-2.176398e-05	1
16	rs12448270	28541124	0	1.062752e-03	2.405232e-04	1
16	rs12448429	28588443	0	5.934021e-05	6.045309e-06	1
16	rs12448633	29400742	0	2.299756e-04	4.967356e-05	1
16	rs12448769	29672197	0	3.515871e-04	3.243171e-05	1
16	rs12449272	28962755	0	7.271634e-05	7.455744e-06	1
16	rs12596042	29934754	0	-4.758239e-04	-4.737637e-05	1
16	rs12596308	29691196	0	-3.296620e-04	-3.605425e-05	1
16	rs12596536	29402369	0	2.382149e-05	4.879057e-06	1
16	rs12596543	30029135	0	-1.407131e-04	-1.412039e-05	1
16	rs12596940	29692240	0	3.734387e-05	4.596805e-06	1
16	rs12597368	29645078	0	-1.984470e-03	-2.968921e-04	1
16	rs12597404	29152906	0	6.609318e-04	7.943874e-05	1
16	rs12597953	29189394	0	2.712396e-04	3.048258e-05	1
16	rs12598856	30029548	0	-3.557978e-04	-4.000599e-05	1
16	rs12599208	29153112	1	7.539826e-04	8.866014e-05	1
16	rs12599318	29692414	0	-1.158406e-03	-1.430798e-04	1
16	rs12599614	30466741	0	-2.033626e-03	-4.906098e-04	1
16	rs12691307	29939877	0	-2.892664e-04	-2.809628e-05	1
16	rs12716972	29936654	0	-2.777124e-04	-2.728744e-05	1
16	rs12716973	29937652	0	-5.836713e-04	-5.798851e-05	1
16	rs12716974	29944832	0	-5.108565e-04	-5.039823e-05	1
16	rs12716975	29950829	1	-5.094260e-04	-5.025075e-05	1
16	rs12717010	28957170	0	-2.054178e-04	-2.552149e-05	1
16	rs12851	30016977	0	-3.744274e-04	-6.679611e-05	1
16	rs12917712	29882490	0	3.525008e-04	3.839318e-05	1
16	rs12917921	29156976	0	6.609318e-04	7.943872e-05	1
16	rs12918652	29964357	0	-4.725344e-05	-4.676016e-06	1
16	rs12919022	30434509	0	-1.524494e-03	-3.900226e-04	1
16	rs12919058	28927818	0	2.159994e-05	2.236362e-06	1
16	rs12919612	29895303	0	7.392972e-04	7.970405e-05	1
16	rs12919683	29943367	0	-5.108565e-04	-5.039824e-05	1
16	rs12919889	29142372	0	-3.542692e-05	-4.041473e-06	1
16	rs12920185	30172025	0	-1.382541e-03	-2.402336e-04	1
16	rs12920514	28835900	0	-3.268734e-04	-3.901907e-05	1
16	rs12920760	29844279	0	8.456998e-05	1.308514e-05	1
16	rs12921440	30408765	0	-2.502214e-03	-4.686360e-04	1
16	rs12921608	29192526	0	2.712396e-04	3.048258e-05	1
16	rs12921723	30351842	0	3.160114e-03	8.912825e-04	1
16	rs12921753	30018720	0	1.135340e-04	1.273314e-05	1
16	rs12921944	29152340	0	6.609318e-04	7.943873e-05	1
16	rs12921996	30011618	0	-4.024216e-04	-4.046050e-05	1
16	rs12922100	30129936	0	-2.535640e-04	-5.137367e-05	1
16	rs12922496	29130999	0	5.357044e-04	6.182432e-05	1
16	rs12922984	30514470	0	-3.806531e-03	-1.511303e-03	1
16	rs12923163	28934139	0	3.773678e-04	4.618331e-05	1
16	rs12923394	29133896	0	2.922957e-04	3.357201e-05	1
16	rs12923534	30189297	0	-1.474586e-03	-2.715053e-04	1
16	rs12923573	30514296	0	-3.660487e-03	-1.288193e-03	1
16	rs12923643	28966835	0	-6.964881e-04	-1.444249e-04	1
16	rs12923760	29147462	0	4.893478e-04	5.703984e-05	1
16	rs12923886	29732022	0	-2.586311e-04	-5.614194e-05	1
16	rs12923895	29022380	0	1.334352e-03	1.407717e-04	1
16	rs12923999	29140410	0	-2.274292e-04	-5.200699e-05	1
16	rs12924041	29156139	0	6.609318e-04	7.943872e-05	1
16	rs12924167	29140524	0	-9.775412e-06	-1.462761e-06	1
16	rs12924622	30084052	0	-2.100567e-04	-2.176404e-05	1
16	rs12926100	30169472	0	-1.367084e-03	-2.375502e-04	1
16	rs12926138	29193056	0	2.712396e-04	3.048260e-05	1
16	rs12927033	29687168	0	-6.505156e-04	-7.926844e-05	1
16	rs12927190	30169393	0	-3.186943e-03	-7.122783e-04	1
16	rs12927318	29226741	0	8.309902e-04	9.938454e-05	1
16	rs12928404	28847246	0	6.022000e-04	5.953432e-05	1
16	rs12928610	30016022	0	-2.746199e-04	-2.605260e-05	1
16	rs12928632	29118255	0	-2.064268e-03	-2.834846e-04	1
16	rs12928754	29679989	0	-9.916477e-04	-1.181904e-04	1
16	rs12929333	29680389	0	-5.241222e-04	-5.892544e-05	1
16	rs12929818	29191328	0	2.712396e-04	3.048260e-05	1
16	rs12929826	29717884	0	-5.124828e-04	-6.360825e-05	1
16	rs12930146	29286610	0	1.458485e-03	1.929741e-04	1
16	rs12930239	29908777	0	4.845506e-04	5.139887e-05	1
16	rs12930787	30381303	0	2.805013e-03	6.372678e-04	1
16	rs12931589	28979297	0	-4.324169e-04	-5.146689e-05	1
16	rs12931955	30013066	0	-7.719652e-04	-7.656051e-05	1
16	rs12932023	29715852	0	-3.613586e-04	-7.930449e-05	1
16	rs12932306	29148307	0	4.893478e-04	5.703984e-05	1
16	rs12932310	29846133	0	3.692505e-05	5.582816e-06	1
16	rs12932680	29689845	0	2.146324e-04	3.498979e-05	1
16	rs12932691	29846729	0	-1.303307e-04	-2.028731e-05	1
16	rs12932818	29143427	0	-5.673388e-04	-1.092343e-04	1
16	rs12932957	29680256	0	-1.033275e-03	-1.240256e-04	1
16	rs12933229	29182190	0	4.718245e-04	5.391453e-05	1
16	rs12933498	29943459	0	-5.108565e-04	-5.039854e-05	1
16	rs12933548	29790709	0	9.781280e-04	1.730075e-04	1
16	rs12933575	30022564	0	8.530485e-05	8.521899e-06	1
16	rs12933766	29922011	0	5.187896e-04	5.287735e-05	1
16	rs12934200	29142415	0	-1.800865e-05	-2.052905e-06	1
16	rs12934920	28566933	0	1.668702e-03	3.958012e-04	1
16	rs12934948	29192289	0	2.773116e-04	3.116268e-05	1
16	rs12934960	28979263	0	-4.324169e-04	-5.146689e-05	1
16	rs12935265	29931028	0	-3.544609e-04	-8.213581e-05	1
16	rs12935321	28572021	0	1.485815e-03	3.133396e-04	1
16	rs12935500	30174984	0	-1.382541e-03	-2.402332e-04	1
16	rs12935701	30026748	0	9.043581e-05	1.008908e-05	1
16	rs12935834	29764461	0	-5.042734e-06	-6.385972e-07	1
16	rs13329884	29281054	0	6.921879e-04	7.765725e-05	1
16	rs13330019	29316224	0	1.865488e-04	2.294993e-05	1
16	rs13331170	28561982	0	3.361782e-04	3.521124e-05	1
16	rs13331487	28621679	0	-1.639276e-04	-3.267465e-05	1
16	rs13331691	28570050	0	2.775305e-04	5.511537e-05	1
16	rs13331733	29848417	0	8.456998e-05	1.308504e-05	1
16	rs13331798	29747291	0	9.136469e-04	1.373046e-04	1
16	rs13331817	30172627	0	-3.202400e-03	-7.177149e-04	1
16	rs13332078	29850705	0	2.792093e-04	4.265244e-05	1
16	rs13332660	29905882	0	-9.177976e-04	-1.446456e-04	1
16	rs13332927	28560344	0	2.775305e-04	5.511538e-05	1
16	rs13333093	30407269	0	-2.502214e-03	-4.686337e-04	1
16	rs13333583	29302116	0	8.310027e-04	9.924898e-05	1
16	rs13333675	29302353	0	8.310027e-04	9.924896e-05	1
16	rs13333760	29302523	0	8.310027e-04	9.924894e-05	1
16	rs13333866	29302751	0	1.007845e-03	1.322849e-04	1
16	rs13334660	30178281	0	-1.474586e-03	-2.715050e-04	1
16	rs13334779	29302037	0	8.310027e-04	9.924892e-05	1
16	rs13334820	29302136	0	8.310027e-04	9.924890e-05	1
16	rs13335021	29746830	0	9.136469e-04	1.373047e-04	1
16	rs13335878	29281267	0	7.900832e-04	9.081275e-05	1
16	rs13336311	28600277	0	3.072186e-04	6.173881e-05	1
16	rs13336980	29279020	0	7.900832e-04	9.081273e-05	1
16	rs13337460	29299409	0	1.011069e-05	1.247038e-06	1
16	rs13338599	29104927	0	-1.125733e-03	-1.457602e-04	1
16	rs13338912	29760347	0	2.469327e-04	3.231285e-05	1
16	rs13339053	28614801	0	1.947384e-04	3.672919e-05	1
16	rs13339070	29297315	6	-2.042331e-04	-2.531523e-05	1
16	rs1345885	29134874	0	-1.934434e-04	-2.151015e-05	1
16	rs1345886	29135029	0	-1.065146e-04	-1.195088e-05	1
16	rs1364270	29168052	0	-4.908928e-04	-6.520960e-05	1
16	rs137887650	29332059	0	-3.262218e-04	-6.718109e-05	1
16	rs137993956	29913708	0	6.297719e-04	1.532095e-04	1
16	rs138211469	29735979	0	4.778463e-04	7.021271e-05	1
16	rs138273920	29320074	0	1.921006e-04	4.064582e-05	1
16	rs138447338	30513485	0	1.493214e-03	3.481831e-04	1
16	rs138599723	29732960	0	4.778463e-04	7.021270e-05	1
16	rs138729861	30399088	0	-1.754608e-03	-5.581677e-04	1
16	rs138755187	29763892	0	-1.457321e-03	-3.710555e-04	1
16	rs138825134	29613456	0	-4.876262e-04	-9.563199e-05	1
16	rs138849409	29339409	0	-6.882818e-04	-1.456904e-04	1
16	rs138850578	29736312	1	3.146554e-04	4.582559e-05	1
16	rs139053518	30504631	0	7.309699e-04	1.759199e-04	1
16	rs139102754	28580031	0	1.953309e-04	4.218846e-05	1
16	rs139142574	29323824	0	3.089831e-04	6.411601e-05	1
16	rs139356180	28593131	0	8.693008e-05	1.848450e-05	1
16	rs139356318	30048461	0	8.505249e-04	1.789551e-04	1
16	rs139876505	29098499	0	-7.386617e-04	-1.520115e-04	1
16	rs139904690	29667021	0	5.210924e-04	1.135706e-04	1
16	rs139969273	28861624	0	-4.111200e-04	-8.212235e-05	1
16	rs140478766	29148476	0	-7.386617e-04	-1.520115e-04	1
16	rs140646207	30469481	0	1.331982e-04	2.830196e-05	1
16	rs140677174	29334964	0	-3.262218e-04	-6.718109e-05	1
16	rs140785784	29714172	0	4.343058e-04	6.460858e-05	1
16	rs141305120	30120522	0	-3.558454e-04	-6.291512e-05	1
16	rs141436390	29826014	0	2.011175e-04	4.642535e-05	1
16	rs141912061	29335386	0	-3.262218e-04	-6.718109e-05	1
16	rs142086495	29958635	0	-6.473808e-05	-1.467605e-05	1
16	rs142098164	29922723	0	3.247959e-04	7.587266e-05	1
16	rs142125746	29606607	0	1.329204e-05	2.880741e-06	1
16	rs142380960	28988500	0	-1.200275e-04	-2.338471e-05	1
16	rs142505175	28590157	0	1.114967e-05	2.246489e-06	1
16	rs142649835	28558966	0	-8.031938e-05	-1.642216e-05	1
16	rs142665962	28561185	0	5.724194e-05	1.204085e-05	1
16	rs142718941	30478759	0	8.039253e-04	1.996730e-04	1
16	rs142759638	29330786	0	7.356134e-05	1.450375e-05	1
16	rs143249661	30016820	0	6.515479e-04	1.483748e-04	1
16	rs143257664	29131933	0	-2.274292e-04	-5.200703e-05	1
16	rs143399275	28590978	0	8.693008e-05	1.848450e-05	1
16	rs143430033	29222972	0	-7.017248e-04	-1.639242e-04	1
16	rs143614346	29163043	0	-7.017248e-04	-1.639242e-04	1
16	rs143662876	29753188	0	-3.595189e-04	-7.231082e-05	1
16	rs143662976	29189418	0	-5.334266e-04	-1.100148e-04	1
16	rs143840454	29791575	0	-2.685163e-04	-6.024870e-05	1
16	rs143893157	29760427	0	6.265145e-05	9.661670e-06	1
16	rs144101542	29355989	0	2.116617e-04	3.997079e-05	1
16	rs144237376	30426319	0	-5.580967e-04	-1.120235e-04	1
16	rs144246384	29076387	1	2.694538e-04	2.939531e-05	1
16	rs144637766	29661941	0	5.553354e-04	1.205692e-04	1
16	rs144721815	29760405	0	3.222613e-04	7.525031e-05	1
16	rs144769215	29259479	0	-4.011707e-04	-9.354925e-05	1
16	rs144865761	30350114	0	-4.989494e-04	-1.000407e-04	1
16	rs145037259	29613205	0	-1.170234e-03	-2.793391e-04	1
16	rs145223727	29631927	0	6.723368e-04	1.424626e-04	1
16	rs145338730	29631150	0	3.721679e-04	8.356208e-05	1
16	rs145516392	29202034	0	5.106857e-04	7.259232e-05	1
16	rs145631601	29613904	0	-4.876262e-04	-9.563199e-05	1
16	rs145790611	28603263	0	-8.031938e-05	-1.642216e-05	1
16	rs145832035	29733357	0	4.778463e-04	7.021268e-05	1
16	rs146126857	28536805	0	8.150120e-05	1.715397e-05	1
16	rs146398705	29336775	0	-5.486509e-04	-1.155621e-04	1
16	rs146585275	29559005	5	9.536544e-04	1.974400e-04	1
16	rs146746415	29347453	0	-5.111993e-04	-1.018088e-04	1
16	rs146772260	29713946	0	9.949791e-04	2.563717e-04	1
16	rs147132314	29243324	0	6.945269e-04	9.286869e-05	1
16	rs147278356	29750550	0	5.959127e-04	9.630120e-05	1
16	rs147389183	28545437	0	8.693008e-05	1.848449e-05	1
16	rs147413292	28511206	0	-3.023506e-04	-5.888675e-05	1
16	rs147553474	30050605	0	7.269451e-06	1.425086e-06	1
16	rs147580758	29337506	0	-5.486509e-04	-1.155621e-04	1
16	rs147667954	29121426	0	-5.619245e-04	-1.149008e-04	1
16	rs147684209	28867061	0	5.290033e-04	5.327622e-05	1
16	rs147768264	29437178	0	1.028373e-03	2.273218e-04	1
16	rs147988288	29251704	0	1.279928e-03	1.805607e-04	1
16	rs148016441	28520076	0	-7.758897e-05	-1.504209e-05	1
16	rs148317558	29319614	0	2.115120e-04	4.437131e-05	1
16	rs148319768	29954615	0	2.540635e-04	5.512427e-05	1
16	rs148579588	29120577	0	2.474765e-04	3.934322e-05	1
16	rs148639118	30127786	0	3.247959e-04	7.587266e-05	1
16	rs148758831	29336851	0	-5.486509e-04	-1.155621e-04	1
16	rs148776955	30458271	0	-2.214363e-04	-5.003725e-05	1
16	rs148788997	30323168	0	1.522767e-03	3.497727e-04	1
16	rs149201347	29741932	2	1.264471e-03	2.692213e-04	1
16	rs149271	28506872	0	1.055854e-03	1.193078e-04	1
16	rs149278	28561581	0	-3.109013e-04	-3.105658e-05	1
16	rs149301	28499659	5	1.892110e-03	2.936951e-04	1
16	rs149486782	29149504	0	-7.353659e-04	-1.610915e-04	1
16	rs150334812	29272321	0	7.415045e-04	1.146779e-04	1
16	rs150509203	29705064	0	3.157089e-04	7.281380e-05	1
16	rs150713896	29426017	0	1.028373e-03	2.273218e-04	1
16	rs150773264	30120692	0	-4.810613e-04	-8.636490e-05	1
16	rs150845792	29789489	0	1.083961e-03	2.920960e-04	1
16	rs151035219	30144009	0	1.062415e-04	2.261147e-05	1
16	rs151174	28508069	0	9.387675e-04	1.022831e-04	1
16	rs151182	28495752	0	1.492434e-03	1.854520e-04	1
16	rs151225	28553802	0	8.168817e-05	1.327443e-05	1
16	rs151226	28549823	0	5.420751e-04	5.275119e-05	1
16	rs151227	28549508	0	8.168817e-05	1.327443e-05	1
16	rs151228	28563026	0	4.379702e-04	4.280546e-05	1
16	rs151229	28584937	0	8.168817e-05	1.327442e-05	1
16	rs151230	28583215	0	8.168817e-05	1.327443e-05	1
16	rs151231	28582849	0	4.676583e-04	4.551044e-05	1
16	rs151232	28580333	0	4.611000e-04	4.426525e-05	1
16	rs151233	28506428	0	-3.195580e-04	-4.559866e-05	1
16	rs151301	28497059	0	1.412676e-03	1.693661e-04	1
16	rs151320	28568678	0	8.168817e-05	1.327442e-05	1
16	rs151321	28555590	0	5.420751e-04	5.275116e-05	1
16	rs153104	28528310	0	1.993081e-04	3.502433e-05	1
16	rs153105	28527246	0	1.993081e-04	3.502433e-05	1
16	rs153106	28526897	0	9.474773e-06	9.211562e-07	1
16	rs153107	28525305	0	-3.624968e-05	-5.508356e-06	1
16	rs153108	28521721	0	2.003694e-05	3.067972e-06	1
16	rs153109	28519096	0	-6.811420e-05	-6.590415e-06	1
16	rs153110	28516719	0	-1.055468e-04	-1.577466e-05	1
16	rs153173	29239889	0	1.251311e-03	1.690703e-04	1
16	rs153175	29163890	0	1.877722e-04	1.969945e-05	1
16	rs153177	29169490	0	-5.326279e-04	-7.109904e-05	1
16	rs153180	29225431	0	7.875450e-04	8.278046e-05	1
16	rs1531973	29292442	0	1.550309e-03	2.142545e-04	1
16	rs1531974	29317096	0	8.929532e-04	9.784438e-05	1
16	rs153207	29244995	0	-3.130254e-04	-4.065301e-05	1
16	rs153208	29248084	0	4.306959e-04	4.619749e-05	1
16	rs153209	29251861	0	-4.930324e-04	-5.386968e-05	1
16	rs153210	29093963	0	-1.313894e-03	-1.497382e-04	1
16	rs153211	29093830	0	-1.234134e-03	-1.637898e-04	1
16	rs153212	29090858	0	-3.142880e-04	-4.138407e-05	1
16	rs153213	29234201	0	-4.843265e-04	-6.596549e-05	1
16	rs153214	29224464	0	6.999628e-04	7.315335e-05	1
16	rs153217	29215610	0	-7.330011e-04	-9.339694e-05	1
16	rs153219	29215298	0	-7.476458e-04	-9.522906e-05	1
16	rs153220	29213783	0	6.190611e-04	7.829072e-05	1
16	rs1540388	29127033	0	-3.222881e-04	-3.726952e-05	1
16	rs1540389	29127350	0	3.695889e-04	4.255120e-05	1
16	rs1611782	29152487	0	-5.912933e-04	-7.952844e-05	1
16	rs1611991	29151593	0	-5.912933e-04	-7.952843e-05	1
16	rs1624102	29123330	0	-8.605373e-04	-8.687183e-05	1
16	rs1625280	29131925	0	-4.663970e-05	-5.180425e-06	1
16	rs1627180	29138002	0	-6.903988e-04	-9.271450e-05	1
16	rs1627805	29138026	0	-1.065146e-04	-1.195086e-05	1
16	rs1627843	29138043	0	-1.065146e-04	-1.195086e-05	1
16	rs1627862	29132221	0	4.540492e-05	5.029056e-06	1
16	rs1628751	29138147	0	-1.065146e-04	-1.195087e-05	1
16	rs1628834	29132359	0	-4.663970e-05	-5.180428e-06	1
16	rs1630274	29132462	0	-4.663970e-05	-5.180429e-06	1
16	rs1630929	29117661	0	-6.903988e-04	-9.271449e-05	1
16	rs1633805	29724394	0	-5.620450e-04	-7.365851e-05	1
16	rs1633810	29721864	0	-6.533334e-04	-8.244314e-05	1
16	rs1641906	29150344	0	-4.749415e-04	-6.309121e-05	1
16	rs1641908	29151299	0	6.963852e-05	6.879052e-06	1
16	rs1641909	29151522	0	6.963852e-05	6.879054e-06	1
16	rs1641910	29153242	2	-1.139087e-03	-1.775085e-04	1
16	rs1641911	29153945	0	-5.912933e-04	-7.952840e-05	1
16	rs1641913	29154852	0	-5.912933e-04	-7.952839e-05	1
16	rs1641918	29160958	0	1.088925e-04	1.082902e-05	1
16	rs1641919	29161645	0	1.088925e-04	1.082902e-05	1
16	rs1641920	29162623	0	1.088925e-04	1.082902e-05	1
16	rs1641921	29163081	0	1.700390e-04	1.703914e-05	1
16	rs1641959	29212864	0	1.990320e-04	1.937726e-05	1
16	rs1641991	29116527	0	-1.706315e-03	-2.091534e-04	1
16	rs1641993	29119860	0	-1.450450e-03	-1.630251e-04	1
16	rs1641994	29119880	0	-1.706315e-03	-2.091533e-04	1
16	rs1641995	29120520	0	-6.903988e-04	-9.271442e-05	1
16	rs1641996	29124150	0	-6.903988e-04	-9.271442e-05	1
16	rs1641997	29124421	0	-1.879114e-04	-2.113184e-05	1
16	rs1641999	29127260	0	-2.344313e-04	-3.012271e-05	1
16	rs1642001	29130549	0	-4.663970e-05	-5.180376e-06	1
16	rs1642002	29132320	0	-4.663970e-05	-5.180377e-06	1
16	rs1642003	29134593	0	-1.065146e-04	-1.195082e-05	1
16	rs1642005	29135958	0	-1.065146e-04	-1.195082e-05	1
16	rs1642006	29136331	0	-5.552426e-04	-6.122812e-05	1
16	rs1642007	29136893	0	-1.065146e-04	-1.195082e-05	1
16	rs1642008	29137377	0	-1.065146e-04	-1.195082e-05	1
16	rs1642009	29137588	0	-1.065146e-04	-1.195082e-05	1
16	rs1642010	29138071	0	-7.001742e-04	-7.866659e-05	1
16	rs1642011	29138392	0	-6.903988e-04	-9.271440e-05	1
16	rs1642012	29139244	0	-1.065146e-04	-1.195082e-05	1
16	rs1642013	29139398	0	-3.105361e-04	-3.449736e-05	1
16	rs1642014	29139416	0	-1.065146e-04	-1.195082e-05	1
16	rs1642015	29139779	0	-1.065146e-04	-1.195082e-05	1
16	rs1642016	29140057	0	-1.065146e-04	-1.195083e-05	1
16	rs1642017	29140224	0	-1.065146e-04	-1.195083e-05	1
16	rs1642018	29140448	0	-1.065146e-04	-1.195083e-05	1
16	rs1642019	29140754	0	-1.065146e-04	-1.195083e-05	1
16	rs1642020	29142059	0	-1.065146e-04	-1.195083e-05	1
16	rs1642022	29142204	0	-1.065146e-04	-1.195083e-05	1
16	rs1642023	29143639	0	-1.065146e-04	-1.195083e-05	1
16	rs1642024	29143759	0	-1.065146e-04	-1.195083e-05	1
16	rs1642025	29147718	0	-6.903988e-04	-9.271440e-05	1
16	rs1642026	29148565	0	-5.266082e-04	-5.733400e-05	1
16	rs1642027	29149386	0	7.311918e-05	8.308825e-06	1
16	rs1646084	29139021	0	-1.065146e-04	-1.195083e-05	1
16	rs1646085	29139401	0	-1.065146e-04	-1.195084e-05	1
16	rs1646086	29139655	0	-2.514462e-04	-2.829033e-05	1
16	rs1646087	29139771	0	-1.065146e-04	-1.195084e-05	1
16	rs1646092	29212861	0	-3.351251e-04	-4.148489e-05	1
16	rs1646106	29166463	0	-5.520393e-04	-7.400070e-05	1
16	rs1646112	29154049	0	-5.912933e-04	-7.952832e-05	1
16	rs1646113	29153803	0	-5.912933e-04	-7.952831e-05	1
16	rs1646114	29153526	0	-5.912933e-04	-7.952831e-05	1
16	rs1646116	29152112	0	-5.912933e-04	-7.952830e-05	1
16	rs1646117	29152043	0	6.963852e-05	6.879126e-06	1
16	rs1646118	29150945	0	6.963852e-05	6.879128e-06	1
16	rs1646119	29150785	0	6.963852e-05	6.879130e-06	1
16	rs1646121	29144222	0	9.053744e-05	1.031440e-05	1
16	rs1646122	29143040	0	-1.065146e-04	-1.195082e-05	1
16	rs1646123	29142980	0	-1.065146e-04	-1.195083e-05	1
16	rs1646124	29142933	0	-7.001742e-04	-7.866656e-05	1
16	rs1646125	29142895	0	-1.065146e-04	-1.195083e-05	1
16	rs1646126	29142681	0	-1.065146e-04	-1.195083e-05	1
16	rs1646127	29142163	0	-6.903988e-04	-9.271436e-05	1
16	rs1646128	29141436	0	-7.001742e-04	-7.866656e-05	1
16	rs1646129	29140688	0	-1.065146e-04	-1.195083e-05	1
16	rs1646132	29113766	0	-1.608419e-03	-1.900631e-04	1
16	rs1646133	29113747	0	-1.608419e-03	-1.900631e-04	1
16	rs1646142	29117596	0	-2.344313e-04	-3.012265e-05	1
16	rs1646168	29128732	0	4.540492e-05	5.029116e-06	1
16	rs1646169	29128778	0	-4.663970e-05	-5.180366e-06	1
16	rs1646172	29129381	0	-4.663970e-05	-5.180367e-06	1
16	rs1646173	29130642	0	-4.663970e-05	-5.180368e-06	1
16	rs1646174	29130649	0	-4.663970e-05	-5.180369e-06	1
16	rs1646175	29131020	0	-4.663970e-05	-5.180370e-06	1
16	rs1646176	29131233	0	-6.903988e-04	-9.271433e-05	1
16	rs1646177	29131853	0	2.340007e-04	2.579766e-05	1
16	rs1646188	29133735	0	-1.065146e-04	-1.195081e-05	1
16	rs1646190	29136708	0	-1.065146e-04	-1.195081e-05	1
16	rs1646191	29136873	0	-1.065146e-04	-1.195081e-05	1
16	rs166148	29245857	0	-3.130254e-04	-4.065288e-05	1
16	rs166152	29156005	0	-5.912933e-04	-7.952826e-05	1
16	rs166153	29158597	0	1.307850e-04	1.301172e-05	1
16	rs166154	29160416	0	1.088925e-04	1.082911e-05	1
16	rs168778	29112626	0	6.903988e-04	9.271431e-05	1
16	rs168919	29301994	0	-9.321008e-04	-2.223028e-04	1
16	rs1690405	28620311	0	-3.142880e-04	-3.340652e-05	1
16	rs170978	29743033	0	-6.004969e-04	-7.667676e-05	1
16	rs17639997	28600282	0	4.159291e-04	8.141958e-05	1
16	rs17640009	28595700	0	5.934021e-05	6.044996e-06	1
16	rs17640225	29713066	0	2.033455e-04	2.998470e-05	1
16	rs17707300	28593347	0	5.934021e-05	6.044991e-06	1
16	rs17779364	29188221	0	5.223446e-04	7.556510e-05	1
16	rs17779818	29346790	0	1.040077e-03	1.315251e-04	1
16	rs17835978	29432712	0	4.123976e-05	8.735295e-06	1
16	rs17839544	30491783	0	3.652394e-04	5.964734e-05	1
16	rs17839551	30363382	0	1.220351e-03	1.829239e-04	1
16	rs17842268	29684180	0	-1.239302e-03	-1.471366e-04	1
16	rs17855750	28515228	0	-1.871689e-04	-3.613035e-05	1
16	rs180394	29715032	0	-8.380584e-04	-1.169649e-04	1
16	rs180701530	29609315	0	-5.218692e-04	-1.037548e-04	1
16	rs180743	28507644	0	1.147898e-03	1.309561e-04	1
16	rs180744	28508048	0	1.147898e-03	1.309561e-04	1
16	rs181203	28512371	0	8.391026e-04	9.694498e-05	1
16	rs181204	28512524	0	2.031004e-05	2.232865e-06	1
16	rs181206	28513403	0	9.280842e-04	1.102727e-04	1
16	rs181207	28513530	0	3.810920e-04	4.224106e-05	1
16	rs181209	28514854	0	9.069810e-04	1.062068e-04	1
16	rs181522608	30062856	0	-7.415454e-04	-1.854677e-04	1
16	rs182433739	29420750	0	1.077394e-03	2.487681e-04	1
16	rs183186934	29606753	0	4.391930e-04	8.770387e-05	1
16	rs185202	29106324	0	-6.903988e-04	-9.271431e-05	1
16	rs185409	29404501	0	2.382149e-05	4.879068e-06	1
16	rs1872657	29307765	0	5.531631e-04	8.470763e-05	1
16	rs1872658	29307672	0	6.104088e-04	7.173156e-05	1
16	rs1872659	29304790	0	1.384166e-03	1.641134e-04	1
16	rs1872660	29304775	0	8.310027e-04	9.924868e-05	1
16	rs1872667	29299377	0	6.926080e-04	8.212928e-05	1
16	rs1872673	29320397	0	1.069092e-03	1.449203e-04	1
16	rs1872675	29320228	0	8.455429e-04	1.132140e-04	1
16	rs187570477	28604122	0	8.693008e-05	1.848446e-05	1
16	rs188304685	29939689	0	3.247959e-04	7.587264e-05	1
16	rs188708252	29881170	0	4.963590e-04	1.189376e-04	1
16	rs188742196	29336063	0	-3.262218e-04	-6.718107e-05	1
16	rs188899883	29624668	0	-1.170234e-03	-2.793390e-04	1
16	rs189278832	28539386	0	-9.597019e-05	-9.799453e-06	1
16	rs189757140	30180490	4	-4.779231e-03	-2.980176e-03	1
16	rs192245	29245739	0	-3.130254e-04	-4.065286e-05	1
16	rs192537440	29619215	0	9.155661e-05	2.077196e-05	1
16	rs193301319	29221971	0	-1.061429e-04	-2.437619e-05	1
16	rs193628	28582142	0	-6.687339e-04	-6.717262e-05	1
16	rs194045	29246102	0	-6.638104e-04	-9.203882e-05	1
16	rs1964299	29090804	0	-8.643471e-04	-1.028408e-04	1
16	rs1968751	28631759	0	-8.475263e-05	-8.264504e-06	1
16	rs1968752	28631585	0	-1.159845e-05	-1.134242e-06	1
16	rs1974875	29245881	0	1.279928e-03	1.805608e-04	1
16	rs1985680	30123216	0	-3.090988e-04	-5.229292e-05	1
16	rs1987471	28825866	0	-3.540091e-04	-3.586313e-05	1
16	rs1987472	28825777	0	-3.540091e-04	-3.586314e-05	1
16	rs199859689	29626836	0	6.039845e-05	1.338813e-05	1
16	rs199900182	29416563	0	1.028373e-03	2.273219e-04	1
16	rs200735808	29406242	0	1.028373e-03	2.273219e-04	1
16	rs200830445	29402846	0	4.123976e-05	8.735301e-06	1
16	rs2008514	28825605	0	-3.540091e-04	-3.586314e-05	1
16	rs201244608	29076044	5	1.327708e-03	1.626829e-04	1
16	rs201259820	29274607	0	2.355803e-04	3.293282e-05	1
16	rs201555010	29562640	0	8.225476e-04	1.824732e-04	1
16	rs201724537	29409881	0	1.028373e-03	2.273219e-04	1
16	rs201917490	29430680	0	2.861064e-04	6.020176e-05	1
16	rs202014106	28702943	3	1.171688e-03	1.917777e-04	1
16	rs2020407	29623593	0	6.039845e-05	1.338812e-05	1
16	rs202166863	29440457	0	4.123976e-05	8.735300e-06	1
16	rs2034874	28554699	0	8.693008e-05	1.848446e-05	1
16	rs2035974	29306908	0	-2.489304e-04	-3.086683e-05	1
16	rs2070962	28950432	0	-1.095478e-04	-1.110656e-05	1
16	rs2071342	28915433	0	-5.013714e-04	-5.205887e-05	1
16	rs2077031	28603168	0	4.709215e-05	4.780045e-06	1
16	rs2081199	28958754	0	4.608059e-05	4.401294e-06	1
16	rs2083237	30175509	0	-1.721963e-03	-1.977888e-04	1
16	rs2088727	28608142	1	8.090334e-05	1.737809e-05	1
16	rs2106480	28537971	0	2.058195e-04	2.017619e-05	1
16	rs2113272	29161934	0	2.111912e-04	2.200493e-05	1
16	rs2131750	29319678	0	6.298667e-04	7.341032e-05	1
16	rs2161704	29162036	0	1.088925e-04	1.082905e-05	1
16	rs2171222	29298533	0	6.926080e-04	8.212929e-05	1
16	rs2244752	29153808	0	-5.912933e-04	-7.952836e-05	1
16	rs2246441	29114352	0	-1.608419e-03	-1.900630e-04	1
16	rs2252323	29135394	0	-1.065146e-04	-1.195081e-05	1
16	rs2252590	29133132	2	-1.172630e-03	-1.283766e-04	1
16	rs2252599	29133000	2	-6.032286e-04	-5.722029e-05	1
16	rs2252605	29132962	2	-5.466723e-04	-6.235213e-05	1
16	rs2252609	29132865	0	-1.018121e-03	-1.430257e-04	1
16	rs2253253	29128185	0	4.663970e-05	5.180378e-06	1
16	rs2256528	29124661	0	-8.605373e-04	-8.687168e-05	1
16	rs2278557	30093779	0	-1.796501e-05	-2.014097e-06	1
16	rs2291400	29262688	0	4.761531e-04	6.140066e-05	1
16	rs2291401	29262601	0	4.410858e-04	5.303731e-05	1
16	rs2291937	28602449	0	8.693008e-05	1.848446e-05	1
16	rs2303255	29706444	0	4.190264e-04	6.307593e-05	1
16	rs231970	28567004	0	8.168817e-05	1.327449e-05	1
16	rs231971	28536519	0	3.610103e-04	6.963060e-05	1
16	rs231972	28538336	0	3.544921e-04	5.855251e-05	1
16	rs231974	28540322	0	3.544921e-04	5.855251e-05	1
16	rs231975	28547251	0	4.094108e-04	6.839800e-05	1
16	rs231976	28545587	0	6.346417e-04	6.276728e-05	1
16	rs231977	28542172	0	6.260687e-04	6.119043e-05	1
16	rs234889	28535812	0	3.610103e-04	6.963060e-05	1
16	rs235630	29743018	0	-6.004969e-04	-7.667682e-05	1
16	rs235631	29743529	0	-5.524050e-04	-7.163458e-05	1
16	rs235659	29788919	0	7.941506e-04	8.286589e-05	1
16	rs235663	29748325	0	-7.855431e-04	-1.303777e-04	1
16	rs2370277	29261174	0	-5.659150e-04	-7.752755e-05	1
16	rs2370291	29264508	0	4.551568e-04	5.565857e-05	1
16	rs2370299	29271946	0	1.018463e-03	1.236058e-04	1
16	rs2370302	29283348	0	6.208371e-04	6.916570e-05	1
16	rs2370336	29308255	0	1.356431e-04	1.638865e-05	1
16	rs2370534	29319603	0	2.115120e-04	4.437133e-05	1
16	rs2370535	29320022	0	6.641847e-04	7.595497e-05	1
16	rs240702	28531353	0	-1.605089e-04	-1.572736e-05	1
16	rs240703	28530623	0	-3.485061e-05	-7.260473e-06	1
16	rs240704	28529949	0	-1.995466e-04	-1.965342e-05	1
16	rs240705	28529716	0	-1.605089e-04	-1.572737e-05	1
16	rs240707	28524612	0	-2.260830e-04	-2.179223e-05	1
16	rs240708	28520576	0	-5.258683e-04	-5.294905e-05	1
16	rs240709	28513853	0	1.085165e-04	1.874242e-05	1
16	rs2411431	28653784	0	-3.187716e-04	-3.207271e-05	1
16	rs2430674	29124524	0	-8.605373e-04	-8.687166e-05	1
16	rs2430675	29128117	0	6.903988e-04	9.271440e-05	1
16	rs2442141	29088221	0	-4.850772e-04	-5.445530e-05	1
16	rs252243	29239828	0	-4.654977e-04	-6.090209e-05	1
16	rs252244	29240018	0	-2.411416e-04	-3.002831e-05	1
16	rs252245	29241010	0	-2.151300e-04	-2.781390e-05	1
16	rs252246	29241389	0	-5.659150e-04	-7.752751e-05	1
16	rs252247	29242488	0	-6.638104e-04	-9.203874e-05	1
16	rs252248	29243109	0	-3.130254e-04	-4.065279e-05	1
16	rs252249	29243425	0	-4.590690e-04	-6.047825e-05	1
16	rs252250	29244405	0	-3.130254e-04	-4.065278e-05	1
16	rs252251	29244537	0	6.368959e-04	6.944569e-05	1
16	rs252252	29245019	0	-3.130254e-04	-4.065278e-05	1
16	rs252253	29245171	0	-8.677336e-04	-1.282579e-04	1
16	rs252254	29246993	0	-5.659150e-04	-7.752748e-05	1
16	rs252255	29247800	0	-5.659150e-04	-7.752747e-05	1
16	rs252256	29248418	0	1.324771e-03	1.832652e-04	1
16	rs252257	29250312	0	-8.976185e-05	-9.596486e-06	1
16	rs252258	29251278	0	-4.930324e-04	-5.386969e-05	1
16	rs252259	29251923	0	-8.346355e-04	-1.975466e-04	1
16	rs252260	29252478	0	-4.930324e-04	-5.386969e-05	1
16	rs252261	29092109	0	-7.057150e-04	-7.742803e-05	1
16	rs252264	29105873	0	-1.608419e-03	-1.900629e-04	1
16	rs252265	29105123	0	-1.125733e-03	-1.457600e-04	1
16	rs252270	29102219	1	-8.514110e-04	-1.220631e-04	1
16	rs252272	29101402	0	-5.964588e-04	-8.107017e-05	1
16	rs252274	29097369	0	-5.964588e-04	-8.107016e-05	1
16	rs252275	29094925	0	-1.612375e-03	-1.960658e-04	1
16	rs252276	29094515	0	1.118482e-04	1.486602e-05	1
16	rs252277	29093432	0	-1.224913e-03	-1.358066e-04	1
16	rs252283	29164026	0	-5.104118e-04	-6.820103e-05	1
16	rs252285	29164976	0	-7.593061e-04	-1.240018e-04	1
16	rs252287	29165923	0	-5.520393e-04	-7.400060e-05	1
16	rs252289	29168094	0	-5.520393e-04	-7.400060e-05	1
16	rs252291	29169717	0	-5.326279e-04	-7.109876e-05	1
16	rs252303	29225489	0	6.375462e-04	6.655052e-05	1
16	rs252304	29224442	0	-4.166572e-04	-5.381255e-05	1
16	rs252305	29223485	0	5.615680e-04	5.813091e-05	1
16	rs252306	29222442	0	2.299377e-04	2.300607e-05	1
16	rs252308	29221318	0	6.649074e-05	6.590035e-06	1
16	rs252311	29217605	0	3.438731e-04	3.480861e-05	1
16	rs252312	29215274	0	1.713899e-04	1.709713e-05	1
16	rs252313	29214126	0	2.396020e-04	2.856578e-05	1
16	rs252314	29213635	0	8.314317e-06	1.050551e-06	1
16	rs252315	29210513	0	-2.559860e-04	-3.261324e-05	1
16	rs252316	29203732	0	-2.592937e-04	-3.176668e-05	1
16	rs252317	29202810	0	-3.531670e-04	-3.572884e-05	1
16	rs252323	29197960	0	-6.168554e-04	-8.027561e-05	1
16	rs252326	29194415	0	-6.710814e-04	-8.610301e-05	1
16	rs252328	29194228	0	-6.710814e-04	-8.610300e-05	1
16	rs252365	29205691	0	-5.297776e-04	-6.687853e-05	1
16	rs252475	29245333	0	3.130254e-04	4.065268e-05	1
16	rs252480	29250915	0	6.638104e-04	9.203859e-05	1
16	rs252491	29158794	0	6.963852e-05	6.879255e-06	1
16	rs252493	29159047	0	6.963852e-05	6.879257e-06	1
16	rs252494	29159061	0	6.963852e-05	6.879258e-06	1
16	rs252495	29159094	0	6.963852e-05	6.879260e-06	1
16	rs252496	29159435	0	1.088925e-04	1.082922e-05	1
16	rs252497	29159564	0	1.088925e-04	1.082922e-05	1
16	rs252498	29160376	0	1.088925e-04	1.082922e-05	1
16	rs2549974	29641013	0	-2.082365e-03	-3.226898e-04	1
16	rs2550178	29118406	0	-1.706315e-03	-2.091528e-04	1
16	rs257867	29413322	0	4.123976e-05	8.735275e-06	1
16	rs257869	29411526	0	4.123976e-05	8.735274e-06	1
16	rs257877	29298466	0	-9.321008e-04	-2.223027e-04	1
16	rs257878	29332380	0	-8.132695e-04	-2.001615e-04	1
16	rs257882	29318542	0	-2.768162e-03	-7.753924e-04	1
16	rs2630830	29335148	0	-3.262218e-04	-6.718106e-05	1
16	rs2630834	29255737	0	-8.346355e-04	-1.975466e-04	1
16	rs26528	28517709	0	-6.811420e-05	-6.590789e-06	1
16	rs27741	28504181	0	4.054819e-04	4.022142e-05	1
16	rs28372334	29278281	0	7.900832e-04	9.081248e-05	1
16	rs28395262	29347907	0	1.040077e-03	1.315250e-04	1
16	rs28403629	28854769	0	2.151642e-04	2.141491e-05	1
16	rs28410083	28631360	1	-1.500159e-05	-1.469323e-06	1
16	rs28420715	29297583	0	1.011069e-05	1.246653e-06	1
16	rs28433345	28883327	0	2.721507e-04	2.799911e-05	1
16	rs28449958	28528781	0	-2.736458e-04	-2.915193e-05	1
16	rs28452050	29317318	0	8.929532e-04	9.784427e-05	1
16	rs28469632	29278346	0	7.900832e-04	9.081246e-05	1
16	rs28478844	29301227	0	6.926080e-04	8.212909e-05	1
16	rs28480369	28627004	0	5.479642e-05	5.417489e-06	1
16	rs28488113	29298160	0	1.011069e-05	1.246621e-06	1
16	rs28490313	29640683	0	-1.984470e-03	-2.968915e-04	1
16	rs28493497	29280362	0	7.900832e-04	9.081242e-05	1
16	rs28517865	29914142	0	6.238386e-04	6.463158e-05	1
16	rs28548178	29296334	0	9.790274e-04	1.155732e-04	1
16	rs28587565	29278629	0	7.900832e-04	9.081238e-05	1
16	rs28599680	29860685	0	2.544888e-04	3.864826e-05	1
16	rs28605917	29282396	0	1.097453e-04	1.335088e-05	1
16	rs28616078	29306272	0	-4.334101e-04	-5.432157e-05	1
16	rs28627978	29280810	0	7.900832e-04	9.081235e-05	1
16	rs28635424	29278498	0	1.096800e-03	1.340303e-04	1
16	rs2864228	29193522	0	2.712396e-04	3.048273e-05	1
16	rs28642341	29278637	0	7.900832e-04	9.081231e-05	1
16	rs28646116	29259446	0	-1.390199e-04	-1.720184e-05	1
16	rs28663614	29659786	0	-1.110237e-03	-2.417256e-04	1
16	rs28676837	28627063	0	5.479642e-05	5.417499e-06	1
16	rs28681294	29282365	0	3.571863e-04	4.510509e-05	1
16	rs28693455	29248014	0	-2.956071e-04	-3.839887e-05	1
16	rs28698017	29276196	0	7.900832e-04	9.081227e-05	1
16	rs28698667	28533071	0	-1.446898e-05	-1.411653e-06	1
16	rs28708641	30507972	0	-1.480528e-03	-1.911600e-04	1
16	rs28709291	30083912	0	-1.165684e-04	-1.987321e-05	1
16	rs28729187	28626966	0	5.479642e-05	5.417508e-06	1
16	rs28742124	29269146	0	8.248293e-04	1.061645e-04	1
16	rs28772958	28535305	0	2.058195e-04	2.017608e-05	1
16	rs2887714	29292113	0	9.790274e-04	1.155731e-04	1
16	rs28877870	30168682	0	-1.367084e-03	-2.375497e-04	1
16	rs2887799	30163833	0	-8.392548e-04	-8.289659e-05	1
16	rs28888764	28829228	0	-1.215835e-04	-1.263633e-05	1
16	rs28970385	29281963	0	7.900832e-04	9.081223e-05	1
16	rs2904880	28944396	0	-4.965433e-04	-5.444108e-05	1
16	rs2909044	29110035	0	-1.608419e-03	-1.900626e-04	1
16	rs2925624	28618545	0	-3.020400e-04	-3.215132e-05	1
16	rs2927728	29646905	0	-1.530399e-03	-1.955773e-04	1
16	rs2934456	29358351	0	-3.917930e-03	-1.706180e-03	1
16	rs3087438	30500761	0	-1.539675e-03	-2.000172e-04	1
16	rs3087439	30505821	0	2.263834e-03	8.095128e-04	1
16	rs3088215	28853996	0	2.151642e-04	2.141481e-05	1
16	rs3194168	28603012	0	8.168817e-05	1.327452e-05	1
16	rs34049928	29983015	0	-6.012552e-05	-1.291038e-05	1
16	rs34127220	29842891	0	8.456998e-05	1.308481e-05	1
16	rs34166377	30183041	0	-1.474586e-03	-2.715045e-04	1
16	rs34201022	29188474	0	2.712396e-04	3.048278e-05	1
16	rs34205348	29668898	0	3.667497e-04	3.524634e-05	1
16	rs34222852	29859627	0	3.958805e-05	5.985592e-06	1
16	rs34261613	30430628	0	-1.492881e-03	-3.728610e-04	1
16	rs34286592	29820480	0	-1.303307e-04	-2.028756e-05	1
16	rs34395441	28508892	0	-5.437751e-04	-1.123416e-04	1
16	rs34413922	28572005	0	5.724194e-05	1.204081e-05	1
16	rs34427301	28921866	0	-8.766198e-04	-1.884486e-04	1
16	rs34437886	29156994	0	6.609318e-04	7.943885e-05	1
16	rs34499019	30501609	0	1.847910e-03	3.636274e-04	1
16	rs34564246	30135798	0	-2.535640e-04	-5.137354e-05	1
16	rs34596480	29863620	0	-2.865825e-04	-6.514302e-05	1
16	rs34652864	29189158	0	2.712396e-04	3.048278e-05	1
16	rs34666323	29133969	0	-1.481702e-04	-2.220974e-05	1
16	rs34714403	29842547	0	8.456998e-05	1.308480e-05	1
16	rs34745112	29261537	0	1.279928e-03	1.805609e-04	1
16	rs34763945	28950051	0	-6.361127e-04	-1.262985e-04	1
16	rs34792575	29273070	0	1.018463e-03	1.236054e-04	1
16	rs34833	28517905	0	-2.795784e-05	-4.760055e-06	1
16	rs34835	28499291	0	1.451640e-03	1.709498e-04	1
16	rs34876189	30332203	0	-2.704739e-04	-5.817403e-05	1
16	rs34876239	30498824	0	-1.411608e-03	-1.773695e-04	1
16	rs34878107	29157326	0	6.609318e-04	7.943884e-05	1
16	rs35042042	29871730	0	-1.335072e-04	-2.079517e-05	1
16	rs35055037	29193705	0	1.733442e-04	1.940421e-05	1
16	rs35069260	30502558	0	-7.828053e-05	-1.269453e-05	1
16	rs35089016	30192359	0	-1.644874e-03	-3.977263e-04	1
16	rs35105141	30057148	0	9.043581e-05	1.008849e-05	1
16	rs35175818	28608746	0	4.709215e-05	4.779845e-06	1
16	rs35181256	29093132	0	-1.177515e-03	-1.283882e-04	1
16	rs35189546	29167368	0	5.622829e-04	6.645004e-05	1
16	rs35262362	30507196	0	6.169610e-04	1.379581e-04	1
16	rs35309968	29204338	0	8.394091e-04	1.989467e-04	1
16	rs35324093	29244747	0	1.279928e-03	1.805608e-04	1
16	rs35345720	29933603	0	-4.928574e-04	-9.753138e-05	1
16	rs35388821	29151237	0	6.143402e-05	8.506896e-06	1
16	rs35458038	29157660	0	5.179156e-04	5.965902e-05	1
16	rs35467921	30048553	0	1.135340e-04	1.273236e-05	1
16	rs35478648	30054613	0	-4.977686e-04	-9.893090e-05	1
16	rs35480350	30366039	0	2.736976e-03	5.905692e-04	1
16	rs35529295	29126007	0	-2.274292e-04	-5.200711e-05	1
16	rs35605010	30033428	0	-7.734873e-05	-7.879582e-06	1
16	rs35676868	29142969	0	3.097140e-04	3.557499e-05	1
16	rs35697633	29116957	0	-7.095047e-04	-8.212569e-05	1
16	rs35722494	29272970	0	1.018463e-03	1.236053e-04	1
16	rs35725751	28845584	0	-1.546103e-04	-1.826687e-05	1
16	rs3574	30411382	0	-2.308636e-03	-4.132415e-04	1
16	rs35763655	29124635	0	-2.719368e-05	-4.041708e-06	1
16	rs35822450	30498783	0	-1.539675e-03	-2.000171e-04	1
16	rs35900366	30199584	0	-1.134970e-03	-1.916850e-04	1
16	rs35901559	29829615	0	8.456998e-05	1.308481e-05	1
16	rs35968985	30516531	0	-1.431816e-04	-2.923927e-05	1
16	rs35979293	28944700	0	-1.539881e-04	-1.567933e-05	1
16	rs35983149	30174024	0	-1.382541e-03	-2.402326e-04	1
16	rs35985586	29093157	0	-7.095047e-04	-8.212568e-05	1
16	rs36028249	29118764	0	-5.940679e-04	-1.158119e-04	1
16	rs36050267	29115577	0	-1.706315e-03	-2.091527e-04	1
16	rs36069862	30186202	0	-1.474586e-03	-2.715043e-04	1
16	rs36122065	29115014	0	-7.600516e-04	-8.704677e-05	1
16	rs370228531	29275615	7	9.283256e-04	1.998430e-04	1
16	rs370559426	28656150	1	1.135665e-03	1.494777e-04	1
16	rs370590486	29120017	0	-7.159094e-04	-1.716377e-04	1
16	rs371085	29730246	0	-4.779710e-04	-6.738057e-05	1
16	rs373528142	29569181	2	-8.075558e-04	-1.934114e-04	1
16	rs3743963	28604686	0	4.676583e-04	4.551000e-05	1
16	rs375132703	28656244	3	6.614394e-04	8.915393e-05	1
16	rs3759987	29673903	0	-1.319324e-03	-2.594092e-04	1
16	rs3764275	29672982	0	-1.344998e-03	-2.669228e-04	1
16	rs3764289	29239829	0	1.435170e-03	2.116775e-04	1
16	rs376487988	28618469	0	1.807157e-04	3.370646e-05	1
16	rs3766	30368591	0	1.131370e-03	1.653340e-04	1
16	rs377567672	29275748	0	8.805020e-04	1.412711e-04	1
16	rs3785354	28550667	0	1.215089e-04	1.232125e-05	1
16	rs3809627	30103160	0	-3.775533e-04	-3.859787e-05	1
16	rs3814877	30042677	0	4.007931e-04	4.525043e-05	1
16	rs3814878	30041966	0	1.100225e-04	1.108567e-05	1
16	rs3814880	30017895	0	-4.024216e-04	-4.046125e-05	1
16	rs3814884	29994736	0	-2.522107e-04	-2.504389e-05	1
16	rs3815824	29852860	0	2.544888e-04	3.864823e-05	1
16	rs3844222	29283230	0	5.985086e-04	6.705855e-05	1
16	rs3851756	29253652	0	1.324771e-03	1.832651e-04	1
16	rs3851757	29259687	0	6.107586e-04	7.266995e-05	1
16	rs3851758	29260222	0	4.761531e-04	6.140027e-05	1
16	rs3851759	29264113	0	4.902241e-04	6.452499e-05	1
16	rs3851760	29264225	0	4.551568e-04	5.565818e-05	1
16	rs3851761	29268268	0	1.662072e-03	2.325546e-04	1
16	rs3851762	29268273	0	-4.158345e-04	-6.194806e-05	1
16	rs3851764	29271554	0	1.018463e-03	1.236053e-04	1
16	rs3851765	29271655	0	9.205677e-04	1.084666e-04	1
16	rs3851766	29272118	0	1.018463e-03	1.236052e-04	1
16	rs3851770	29274452	0	7.562119e-04	8.793310e-05	1
16	rs3851772	29278071	0	7.900832e-04	9.081207e-05	1
16	rs3851774	29279743	0	7.900832e-04	9.081205e-05	1
16	rs3851775	29279750	0	7.900832e-04	9.081203e-05	1
16	rs3851776	29280037	0	7.900832e-04	9.081201e-05	1
16	rs3851777	29285675	0	9.790274e-04	1.155728e-04	1
16	rs3859172	28566158	0	3.368707e-04	3.324004e-05	1
16	rs3862476	29687360	0	-1.272783e-03	-3.082735e-04	1
16	rs3863453	29274934	0	7.035664e-04	7.949831e-05	1
16	rs3863454	29274973	0	9.391146e-04	1.520769e-04	1
16	rs3863455	29275022	0	7.314707e-04	8.302548e-05	1
16	rs3863461	29276274	0	7.900832e-04	9.081194e-05	1
16	rs3863462	29276316	0	7.900832e-04	9.081192e-05	1
16	rs3863463	29276381	0	6.921879e-04	7.765639e-05	1
16	rs3863464	29276410	0	7.900832e-04	9.081189e-05	1
16	rs3888190	28889486	0	2.151642e-04	2.141475e-05	1
16	rs3889407	29271509	0	6.338896e-04	7.324051e-05	1
16	rs3891914	29274081	0	9.679687e-04	1.163046e-04	1
16	rs3891915	29274463	0	7.562119e-04	8.793286e-05	1
16	rs3898532	29273997	0	9.679687e-04	1.163045e-04	1
16	rs3922668	28992646	0	1.801992e-04	1.754406e-05	1
16	rs3924376	28925978	0	-4.983956e-04	-5.489109e-05	1
16	rs3924855	29954955	0	-2.048976e-04	-2.007233e-05	1
16	rs3935714	29042014	0	-5.925594e-05	-1.079359e-05	1
16	rs3935873	30018500	0	-4.024216e-04	-4.046126e-05	1
16	rs3976455	29861447	0	2.544888e-04	3.864825e-05	1
16	rs3986793	28583589	0	8.693008e-05	1.848445e-05	1
16	rs3987654	28647568	0	-3.477283e-04	-3.511619e-05	1
16	rs3987663	28651904	0	-7.362363e-04	-8.276823e-05	1
16	rs402720	29762882	0	-4.188952e-04	-5.273493e-05	1
16	rs4072401	28937275	0	3.773678e-04	4.618339e-05	1
16	rs4072402	28937259	0	-1.487969e-04	-1.574712e-05	1
16	rs4077410	29998200	0	-7.719652e-04	-7.656096e-05	1
16	rs40834	28510393	0	4.979836e-04	4.993231e-05	1
16	rs40835	28510455	0	-2.678567e-04	-3.982919e-05	1
16	rs40836	28510537	0	2.310040e-04	2.256643e-05	1
16	rs40837	28510845	0	2.315149e-05	2.226453e-06	1
16	rs41278162	28617361	0	-3.142880e-04	-3.340703e-05	1
16	rs41280854	30064471	0	4.602635e-04	1.035366e-04	1
16	rs41292378	30390677	0	5.517659e-04	1.217960e-04	1
16	rs4149398	28608938	0	2.673807e-04	2.744023e-05	1
16	rs4149399	28608816	0	8.693008e-05	1.848444e-05	1
16	rs4149406	28607070	0	5.934021e-05	6.044429e-06	1
16	rs4149409	28601802	0	3.072186e-04	6.173882e-05	1
16	rs423096	29730626	0	-1.245154e-05	-1.634138e-06	1
16	rs4232893	30423751	0	-1.532077e-03	-3.243987e-04	1
16	rs4238959	30038647	0	-7.734873e-05	-7.879614e-06	1
16	rs4238961	30380486	0	-2.103533e-03	-3.078066e-04	1
16	rs4243232	30514723	0	-3.806531e-03	-1.511287e-03	1
16	rs4247355	30392099	0	-2.942530e-03	-7.751931e-04	1
16	rs4258647	29287505	0	1.452413e-03	1.926373e-04	1
16	rs4281737	29642392	0	-1.984470e-03	-2.968910e-04	1
16	rs4283241	29988349	0	-2.816753e-04	-2.806156e-05	1
16	rs4312332	29287936	0	1.452413e-03	1.926372e-04	1
16	rs4318227	29984839	0	-4.024216e-04	-4.046133e-05	1
16	rs4334325	29156282	0	6.609318e-04	7.943880e-05	1
16	rs4340343	30404484	0	-2.635984e-03	-5.355142e-04	1
16	rs4341759	30514103	0	-2.757180e-03	-5.588532e-04	1
16	rs4344767	30165139	0	-1.777105e-03	-2.062111e-04	1
16	rs4402589	29954654	0	-2.048976e-04	-2.007250e-05	1
16	rs4407079	29931899	0	-4.014072e-04	-3.950528e-05	1
16	rs4420550	29938820	0	-2.892664e-04	-2.809749e-05	1
16	rs4424923	29939293	0	-3.871618e-04	-3.806531e-05	1
16	rs4447459	29155672	0	6.609318e-04	7.943881e-05	1
16	rs4451951	28836205	0	-4.070429e-04	-4.101490e-05	1
16	rs4500754	30376691	0	6.415457e-04	1.093483e-04	1
16	rs4527039	29946945	0	-2.048976e-04	-2.007252e-05	1
16	rs45470995	28608749	0	8.693008e-05	1.848444e-05	1
16	rs4552048	29269826	0	1.662072e-03	2.325541e-04	1
16	rs4563056	29698606	0	-7.350265e-04	-1.068584e-04	1
16	rs4583255	29988941	0	-4.024216e-04	-4.046137e-05	1
16	rs4598924	30514138	0	-4.719817e-04	-1.063729e-04	1
16	rs4609871	29932064	0	-9.544831e-05	-9.381805e-06	1
16	rs4614756	29126906	0	-2.719368e-05	-4.041896e-06	1
16	rs4620996	29121113	0	-6.903988e-04	-9.271418e-05	1
16	rs4787455	28589455	0	4.709215e-05	4.779623e-06	1
16	rs4787456	28559573	0	1.215089e-04	1.232108e-05	1
16	rs4787457	28555400	0	1.215089e-04	1.232107e-05	1
16	rs4787458	28531287	0	7.640126e-04	8.180046e-05	1
16	rs4787460	28959477	8	-5.389647e-04	-5.922323e-05	1
16	rs4787461	29021852	0	1.250614e-03	1.484180e-04	1
16	rs4787466	29272099	0	7.415045e-04	1.146783e-04	1
16	rs4787467	29275842	0	8.805020e-04	1.412712e-04	1
16	rs4787480	29857316	0	2.544888e-04	3.864819e-05	1
16	rs4787483	29885447	0	4.697315e-04	5.159291e-05	1
16	rs4787484	29906546	0	4.196929e-04	4.620527e-05	1
16	rs4787486	29977562	0	-4.005489e-04	-3.988049e-05	1
16	rs4787488	29995803	0	-7.719652e-04	-7.656107e-05	1
16	rs4787489	29995880	0	-4.024216e-04	-4.046138e-05	1
16	rs4787491	30015337	0	-3.650632e-04	-3.495100e-05	1
16	rs4787492	30055549	0	-4.353023e-04	-4.491116e-05	1
16	rs4787495	30165725	0	-1.819859e-03	-2.167194e-04	1
16	rs4787642	30359408	0	3.234669e-03	9.514200e-04	1
16	rs4787643	30393660	0	-3.154949e-03	-9.311760e-04	1
16	rs4787644	30418119	0	-1.312579e-03	-2.554045e-04	1
16	rs4788061	28643300	0	-8.454056e-04	-9.521391e-05	1
16	rs4788073	28594549	0	-3.375560e-04	-3.445547e-05	1
16	rs4788074	28593597	0	4.709215e-05	4.779524e-06	1
16	rs4788076	28570005	0	4.709215e-05	4.779520e-06	1
16	rs4788077	28569764	0	5.793523e-04	6.061645e-05	1
16	rs4788078	28559981	0	1.215089e-04	1.232096e-05	1
16	rs4788080	28558081	0	1.215089e-04	1.232096e-05	1
16	rs4788081	28556147	0	4.525481e-04	4.690841e-05	1
16	rs4788083	28545449	0	2.058195e-04	2.017565e-05	1
16	rs4788084	28539848	0	-1.446898e-05	-1.412102e-06	1
16	rs4788085	28535003	0	2.058195e-04	2.017564e-05	1
16	rs4788095	28831359	0	-3.540091e-04	-3.586366e-05	1
16	rs4788099	28855727	0	2.151642e-04	2.141449e-05	1
16	rs4788100	28864673	0	4.424301e-04	4.505768e-05	1
16	rs4788101	28867804	0	2.151642e-04	2.141448e-05	1
16	rs4788102	28873398	0	1.086923e-04	1.074664e-05	1
16	rs4788111	28980693	0	-7.375253e-04	-7.928831e-05	1
16	rs4788112	28987518	0	-7.375253e-04	-7.928831e-05	1
16	rs4788113	28992000	0	-7.375253e-04	-7.928830e-05	1
16	rs4788116	29011438	0	3.137681e-04	3.746955e-05	1
16	rs4788117	29011464	0	5.476412e-05	6.191375e-06	1
16	rs4788118	29016390	0	-9.810348e-04	-1.751942e-04	1
16	rs4788119	29019356	0	4.518980e-05	5.712087e-06	1
16	rs4788122	29085693	0	-5.494078e-04	-1.010356e-04	1
16	rs4788138	29253744	0	-1.754834e-04	-1.850684e-05	1
16	rs4788139	29254070	0	-4.616346e-04	-4.963349e-05	1
16	rs4788140	29254781	0	1.324771e-03	1.832648e-04	1
16	rs4788141	29274290	0	1.181941e-03	1.971153e-04	1
16	rs4788142	29275571	4	1.131605e-04	2.038166e-05	1
16	rs4788143	29275901	0	8.805020e-04	1.412712e-04	1
16	rs4788148	29286147	0	9.790274e-04	1.155726e-04	1
16	rs4788172	29668253	0	-7.423771e-04	-1.367380e-04	1
16	rs4788173	29670736	0	-1.246190e-03	-2.802832e-04	1
16	rs4788185	29839893	0	8.456998e-05	1.308478e-05	1
16	rs4788186	29841225	0	-1.039807e-03	-1.224987e-04	1
16	rs4788187	29845685	0	1.913695e-04	2.684094e-05	1
16	rs4788188	29860863	0	3.612883e-04	5.013438e-05	1
16	rs4788189	29921211	0	4.107807e-04	4.141232e-05	1
16	rs4788190	29948401	0	-8.705746e-04	-8.972052e-05	1
16	rs4788195	29960593	0	-2.065986e-04	-2.020190e-05	1
16	rs4788196	29967434	0	-4.725344e-05	-4.676996e-06	1
16	rs4788197	29970834	0	-2.621542e-04	-2.598920e-05	1
16	rs4788199	29970857	0	-4.565149e-04	-4.405719e-05	1
16	rs4788200	29971265	0	-3.829005e-04	-3.830642e-05	1
16	rs4788201	29972690	0	-3.829005e-04	-3.830642e-05	1
16	rs4788202	29978003	0	-4.005489e-04	-3.988058e-05	1
16	rs4788203	29978827	0	-5.638219e-04	-5.611401e-05	1
16	rs4788204	29995218	0	-5.179654e-04	-5.183925e-05	1
16	rs4788207	30010274	0	-7.719652e-04	-7.656113e-05	1
16	rs4788209	30013266	0	-4.024216e-04	-4.046147e-05	1
16	rs4788210	30013674	0	-4.024216e-04	-4.046147e-05	1
16	rs4788211	30015565	0	-6.740698e-04	-6.646363e-05	1
16	rs4788212	30034469	0	1.122622e-04	1.149065e-05	1
16	rs4788213	30034524	0	1.122622e-04	1.149065e-05	1
16	rs4788215	30047930	0	1.122622e-04	1.149065e-05	1
16	rs4788216	30048077	0	1.122622e-04	1.149065e-05	1
16	rs4788217	30051312	0	1.122622e-04	1.149065e-05	1
16	rs4788218	30055750	0	1.135340e-04	1.273210e-05	1
16	rs4788219	30063646	0	-7.734873e-05	-7.879739e-06	1
16	rs4788220	30063780	0	-7.734873e-05	-7.879738e-06	1
16	rs4788409	30393771	0	-2.796995e-03	-6.728453e-04	1
16	rs4788410	30396805	0	-2.965995e-03	-7.653269e-04	1
16	rs4788411	30396815	0	-3.154949e-03	-9.311723e-04	1
16	rs4788412	30405726	0	6.543988e-04	8.642262e-05	1
16	rs4788413	30410445	0	-2.965995e-03	-7.653249e-04	1
16	rs480400	28574615	0	4.379702e-04	4.280467e-05	1
16	rs4843799	29157234	0	6.609318e-04	7.943887e-05	1
16	rs4889495	30502152	0	-1.480528e-03	-1.911593e-04	1
16	rs4992888	29259096	0	5.740485e-04	7.495976e-05	1
16	rs4993636	29293055	0	9.790274e-04	1.155727e-04	1
16	rs5009662	29155845	0	6.609318e-04	7.943886e-05	1
16	rs5013201	30404522	0	-1.754608e-03	-5.581670e-04	1
16	rs5013247	29307041	0	-2.489304e-04	-3.086754e-05	1
16	rs5026091	29273620	0	7.965656e-04	9.062796e-05	1
16	rs5026093	29273735	0	1.106363e-03	1.353161e-04	1
16	rs5026096	29273786	0	9.679687e-04	1.163046e-04	1
16	rs5029446	29297706	0	6.926080e-04	8.212846e-05	1
16	rs5029449	29297793	0	7.109459e-04	8.451894e-05	1
16	rs508022	28573963	0	8.168817e-05	1.327466e-05	1
16	rs554206	28576369	0	8.168817e-05	1.327466e-05	1
16	rs55662298	29288820	0	1.380325e-03	1.835306e-04	1
16	rs55678597	30118232	0	-3.090988e-04	-5.229265e-05	1
16	rs55680018	29288704	0	1.610799e-03	2.288004e-04	1
16	rs55680039	30048962	0	-6.579153e-04	-1.488870e-04	1
16	rs55710189	29207939	0	6.889300e-04	1.225189e-04	1
16	rs55719896	28846866	0	2.151642e-04	2.141436e-05	1
16	rs55732292	29039660	0	1.230348e-04	2.099733e-05	1
16	rs55736310	29240017	0	-7.537325e-05	-1.283485e-05	1
16	rs55736766	29269252	0	1.262340e-03	1.795542e-04	1
16	rs55740063	29258996	0	5.740485e-04	7.495963e-05	1
16	rs55754126	29299928	0	1.011069e-05	1.245938e-06	1
16	rs55762054	30015249	0	-1.844828e-04	-2.854668e-05	1
16	rs55764428	29287123	0	1.452413e-03	1.926370e-04	1
16	rs55779019	29267834	0	6.313233e-04	8.553544e-05	1
16	rs55780732	29261698	0	4.761531e-04	6.139988e-05	1
16	rs55788822	29287062	0	1.452413e-03	1.926370e-04	1
16	rs55792032	28599411	0	5.934021e-05	6.044018e-06	1
16	rs55816101	29293621	0	4.650400e-04	5.960219e-05	1
16	rs55816166	29180008	0	5.223446e-04	7.556438e-05	1
16	rs55830740	28847149	0	2.151642e-04	2.141435e-05	1
16	rs55903157	29994398	0	-6.126238e-04	-1.417910e-04	1
16	rs55918844	29287222	0	1.452413e-03	1.926369e-04	1
16	rs55919902	30473161	0	2.973610e-04	4.850386e-05	1
16	rs55963273	29296589	0	1.534673e-03	2.101711e-04	1
16	rs55991577	28843025	0	2.151642e-04	2.141435e-05	1
16	rs56000057	29595921	0	6.723368e-04	1.424629e-04	1
16	rs56031255	29306955	0	2.444461e-04	3.189088e-05	1
16	rs56040780	28861881	0	2.151642e-04	2.141435e-05	1
16	rs56096128	29184346	0	-5.268675e-05	-7.713353e-06	1
16	rs56106502	29617167	0	-1.170234e-03	-2.793385e-04	1
16	rs56108370	29294350	0	6.923060e-04	9.298988e-05	1
16	rs56135456	29267951	0	6.313233e-04	8.553533e-05	1
16	rs56143494	29257009	0	6.107586e-04	7.266946e-05	1
16	rs56143700	30360998	0	-3.058593e-04	-6.966343e-05	1
16	rs56152301	29278582	0	7.900832e-04	9.081156e-05	1
16	rs56159078	29170454	0	4.023255e-04	7.252495e-05	1
16	rs56162440	29141853	0	2.447065e-04	2.769360e-05	1
16	rs56169261	28619178	0	-3.890520e-05	-4.132519e-06	1
16	rs56183743	30007325	0	-2.716483e-04	-4.581460e-05	1
16	rs56186137	28825953	0	-3.540091e-04	-3.586383e-05	1
16	rs56187809	29297643	0	4.650400e-04	5.960210e-05	1
16	rs56188385	29286983	0	1.452413e-03	1.926368e-04	1
16	rs56209193	28585636	0	5.934021e-05	6.043990e-06	1
16	rs56212525	29269271	0	1.262340e-03	1.795539e-04	1
16	rs56234416	29297454	1	1.592384e-03	2.134466e-04	1
16	rs56270796	29122741	0	8.572561e-05	9.548838e-06	1
16	rs56272201	28580685	0	5.793523e-04	6.061619e-05	1
16	rs56272859	29142566	0	-9.775412e-06	-1.463816e-06	1
16	rs56326379	28619241	0	1.807157e-04	3.370637e-05	1
16	rs56329348	30030092	0	6.289800e-04	1.366866e-04	1
16	rs56341237	29243884	0	7.802485e-04	1.052481e-04	1
16	rs56354901	28523144	0	-9.778873e-05	-1.061113e-05	1
16	rs56357328	29303737	0	4.650400e-04	5.960203e-05	1
16	rs56358680	28843118	0	2.151642e-04	2.141432e-05	1
16	rs56377705	29301302	0	1.049642e-03	1.346820e-04	1
16	rs56396270	28580829	0	4.709215e-05	4.779261e-06	1
16	rs56399904	30166183	0	-2.622502e-03	-4.330638e-04	1
16	rs56404918	28846840	0	2.151642e-04	2.141430e-05	1
16	rs56766083	29272842	0	9.205677e-04	1.084659e-04	1
16	rs56933819	28940916	0	-1.156639e-03	-1.232094e-04	1
16	rs57312298	30012691	0	-2.716483e-04	-4.581459e-05	1
16	rs57442742	30506532	0	-1.480528e-03	-1.911593e-04	1
16	rs57519568	29354770	0	-2.675829e-04	-4.632654e-05	1
16	rs57601653	29290980	0	1.610799e-03	2.287999e-04	1
16	rs57615206	30014034	0	-2.716483e-04	-4.581459e-05	1
16	rs57840023	29265279	0	2.959296e-04	3.861862e-05	1
16	rs57884885	29272820	0	1.018463e-03	1.236045e-04	1
16	rs58005809	29252470	0	1.279928e-03	1.805608e-04	1
16	rs58047105	29273019	0	1.018463e-03	1.236045e-04	1
16	rs58307916	29218966	0	7.589924e-04	9.223884e-05	1
16	rs58332563	29266340	0	-2.534623e-04	-3.701372e-05	1
16	rs58354524	29354782	0	2.324015e-04	4.092942e-05	1
16	rs58475855	29299203	0	4.650400e-04	5.960196e-05	1
16	rs58483534	30131301	0	-3.750230e-04	-6.305478e-05	1
16	rs58579888	29291300	0	9.790274e-04	1.155721e-04	1
16	rs58727628	29266471	0	-2.534623e-04	-3.701373e-05	1
16	rs59086095	29210257	0	2.119093e-05	2.390590e-06	1
16	rs59364995	29258092	0	7.288255e-05	8.849428e-06	1
16	rs59419098	30010363	1	-5.266608e-04	-8.966934e-05	1
16	rs59432882	29102563	0	-1.211336e-04	-1.769700e-05	1
16	rs59576480	29286920	0	1.550309e-03	2.142523e-04	1
16	rs59823182	29272110	0	8.009960e-04	1.110057e-04	1
16	rs59933097	29282400	0	1.097453e-04	1.335008e-05	1
16	rs60350735	29268210	0	-3.822721e-04	-5.754537e-05	1
16	rs60548676	29291112	0	1.076923e-03	1.310349e-04	1
16	rs60683614	29999993	0	-2.539998e-04	-4.512756e-05	1
16	rs60779366	29130953	0	3.701905e-04	4.253414e-05	1
16	rs60799184	29110135	0	-9.640732e-04	-1.168250e-04	1
16	rs60978850	30010475	0	-3.695437e-04	-6.129589e-05	1
16	rs61364777	29038582	0	7.239899e-04	1.253273e-04	1
16	rs61737565	28855522	0	2.151642e-04	2.141430e-05	1
16	rs61738759	28509509	0	4.113313e-04	8.113435e-05	1
16	rs61764220	30127888	0	-9.503143e-04	-2.501594e-04	1
16	rs61978578	30408961	0	-1.754608e-03	-5.581670e-04	1
16	rs62031560	28605915	0	5.934021e-05	6.043941e-06	1
16	rs62031562	28609329	0	4.709215e-05	4.779229e-06	1
16	rs62031607	28631530	0	-2.953923e-04	-2.983812e-05	1
16	rs62034318	28527221	0	-1.898333e-04	-2.059804e-05	1
16	rs62034319	28532188	0	-4.690629e-04	-4.617615e-05	1
16	rs62034321	28534038	0	-1.446898e-05	-1.412374e-06	1
16	rs62034322	28535834	0	-9.597019e-05	-9.800541e-06	1
16	rs62034323	28536473	0	-1.446898e-05	-1.412384e-06	1
16	rs62034324	28536762	0	-1.446898e-05	-1.412390e-06	1
16	rs62034325	28538640	0	-9.597019e-05	-9.800557e-06	1
16	rs62034326	28539293	0	-8.079482e-05	-7.817630e-06	1
16	rs62034350	28562256	0	4.709215e-05	4.779180e-06	1
16	rs62034351	28565489	0	5.793523e-04	6.061608e-05	1
16	rs62034355	28581038	0	5.793523e-04	6.061607e-05	1
16	rs62034358	28587597	0	4.709215e-05	4.779165e-06	1
16	rs62034359	28600091	0	4.709215e-05	4.779160e-06	1
16	rs62035308	29086987	0	2.887409e-04	5.341582e-05	1
16	rs62035311	29090699	0	-3.254248e-04	-4.840006e-05	1
16	rs62035313	29094002	0	4.709838e-04	8.759300e-05	1
16	rs62035316	29098418	0	-1.037153e-04	-1.519518e-05	1
16	rs62035317	29099071	0	4.709838e-04	8.759300e-05	1
16	rs62035486	29253866	0	4.883269e-04	6.343496e-05	1
16	rs62035487	29254402	0	4.883269e-04	6.343495e-05	1
16	rs62035492	29259109	0	4.883269e-04	6.343494e-05	1
16	rs62035493	29259207	0	7.288255e-05	8.849350e-06	1
16	rs62035494	29259775	0	5.740485e-04	7.495921e-05	1
16	rs62035498	29267352	0	6.313233e-04	8.553501e-05	1
16	rs62035501	29268270	0	8.009960e-04	1.110056e-04	1
16	rs62035503	29268396	0	6.620062e-04	8.978237e-05	1
16	rs62035580	29344604	0	1.058883e-03	1.342992e-04	1
16	rs62035581	29344690	0	7.079172e-04	8.421786e-05	1
16	rs62035582	29344835	0	1.077221e-03	1.372483e-04	1
16	rs62035945	29167081	0	2.446009e-04	4.343352e-05	1
16	rs62036613	28823097	0	5.059737e-04	5.148614e-05	1
16	rs62036614	28824685	0	5.059737e-04	5.148613e-05	1
16	rs62036616	28826307	0	7.791312e-04	8.186267e-05	1
16	rs62036617	28827498	0	-3.540091e-04	-3.586398e-05	1
16	rs62036618	28828834	1	-3.585142e-04	-3.634239e-05	1
16	rs62036620	28833097	0	-3.540091e-04	-3.586399e-05	1
16	rs62036621	28833299	0	-3.540091e-04	-3.586400e-05	1
16	rs62036623	28839735	0	1.181619e-03	1.326015e-04	1
16	rs62036624	28839930	0	1.951848e-04	1.934930e-05	1
16	rs62036626	28844284	0	2.151642e-04	2.141417e-05	1
16	rs62036657	28844365	0	2.151642e-04	2.141416e-05	1
16	rs62036658	28850371	0	7.046179e-04	7.263233e-05	1
16	rs62037275	29281487	0	8.505734e-04	1.007598e-04	1
16	rs62037276	29281496	0	8.505734e-04	1.007598e-04	1
16	rs62037283	29285187	0	1.323959e-03	1.720656e-04	1
16	rs62037317	29291124	0	1.610799e-03	2.287994e-04	1
16	rs62037323	29297094	0	-3.002375e-04	-4.950017e-05	1
16	rs62037328	29300794	0	1.011069e-05	1.245439e-06	1
16	rs62037329	29301022	0	4.650400e-04	5.960171e-05	1
16	rs62037332	29301809	0	8.310027e-04	9.924712e-05	1
16	rs62037333	29301819	0	8.310027e-04	9.924710e-05	1
16	rs62037334	29301896	0	8.310027e-04	9.924708e-05	1
16	rs62037363	28865042	0	2.151642e-04	2.141415e-05	1
16	rs62037364	28868695	0	2.526873e-04	2.488248e-05	1
16	rs62037365	28868962	0	1.588068e-04	1.567403e-05	1
16	rs62037366	28871657	0	1.181619e-03	1.326014e-04	1
16	rs62037367	28874547	0	2.151642e-04	2.141413e-05	1
16	rs62037369	28883841	0	1.075147e-03	1.176579e-04	1
16	rs62037371	28890131	0	2.151642e-04	2.141412e-05	1
16	rs62037373	28893295	0	2.721507e-04	2.799847e-05	1
16	rs62037412	28917746	0	-4.758910e-04	-4.893828e-05	1
16	rs62037421	28954408	0	-1.095478e-04	-1.110593e-05	1
16	rs62037422	28963012	0	-5.381188e-05	-5.470751e-06	1
16	rs62037423	28964716	0	-7.375253e-04	-7.928803e-05	1
16	rs62037427	29002706	0	-6.984876e-04	-7.553961e-05	1
16	rs62038177	29195695	0	5.244091e-04	7.489913e-05	1
16	rs62038185	29211174	0	1.488746e-04	2.022398e-05	1
16	rs62038186	29211398	0	1.488746e-04	2.022397e-05	1
16	rs62038208	29224870	0	-7.827607e-05	-1.051315e-05	1
16	rs62038210	29230210	0	-1.100767e-03	-2.159616e-04	1
16	rs62038224	29247919	0	5.566302e-04	7.133513e-05	1
16	rs62038226	29249437	0	4.883269e-04	6.343475e-05	1
16	rs62038227	29249549	0	4.883269e-04	6.343474e-05	1
16	rs62038228	29252252	0	4.883269e-04	6.343473e-05	1
16	rs62038967	29305726	0	-2.489304e-04	-3.086821e-05	1
16	rs62038969	29307683	0	2.444461e-04	3.189038e-05	1
16	rs62038970	29309914	4	1.739320e-04	3.075697e-05	1
16	rs62038973	29310960	0	2.444461e-04	3.189037e-05	1
16	rs62038974	29310994	0	-1.510350e-04	-1.896486e-05	1
16	rs62038975	29311190	0	-1.510350e-04	-1.896486e-05	1
16	rs62038976	29314400	0	1.915576e-04	2.622157e-05	1
16	rs62038977	29319954	0	8.730878e-04	1.115495e-04	1
16	rs62054860	29720349	0	3.770086e-04	5.271974e-05	1
16	rs62054862	29723193	0	2.943926e-04	4.212431e-05	1
16	rs62054863	29723815	0	4.956648e-04	7.155325e-05	1
16	rs62054867	29726088	0	2.943926e-04	4.212431e-05	1
16	rs62054874	29734427	0	4.778463e-04	7.021261e-05	1
16	rs62054875	29735902	0	4.778463e-04	7.021261e-05	1
16	rs62054877	29738423	0	3.066478e-05	4.252930e-06	1
16	rs62054880	29740557	0	4.778463e-04	7.021260e-05	1
16	rs62054881	29740571	0	4.297544e-04	6.476748e-05	1
16	rs62054903	29750555	0	-2.359890e-04	-5.339247e-05	1
16	rs62054904	29757134	0	-2.359890e-04	-5.339247e-05	1
16	rs62055376	30164758	1	-2.005926e-03	-2.494460e-04	1
16	rs62055459	30398408	0	-2.709574e-03	-5.738858e-04	1
16	rs62056369	29823905	0	-2.359890e-04	-5.339247e-05	1
16	rs62056371	29834954	0	8.456998e-05	1.308480e-05	1
16	rs62056375	29857901	0	3.958805e-05	5.985561e-06	1
16	rs62057680	29986627	0	4.086977e-04	7.077965e-05	1
16	rs62057756	30117253	0	1.820136e-04	2.036044e-05	1
16	rs62059020	29669910	0	4.041131e-04	3.893329e-05	1
16	rs62059023	29681707	0	-1.137607e-03	-1.292930e-04	1
16	rs62059024	29681734	0	-1.008199e-03	-1.120983e-04	1
16	rs62059025	29692277	0	-1.428675e-03	-1.761008e-04	1
16	rs62060162	29710492	0	4.046177e-04	5.981599e-05	1
16	rs62060163	29710682	0	4.046177e-04	5.981599e-05	1
16	rs62060164	29711801	0	4.526438e-04	6.769329e-05	1
16	rs62060166	29713913	0	2.033455e-04	2.998439e-05	1
16	rs62060167	29715145	0	4.343058e-04	6.460826e-05	1
16	rs62639718	29281661	0	8.505734e-04	1.007597e-04	1
16	rs62639719	29281756	0	4.167052e-04	4.371283e-05	1
16	rs62639720	29281814	0	3.130126e-04	3.893551e-05	1
16	rs62639721	29281841	0	5.525506e-04	6.149438e-05	1
16	rs634395	29719579	0	-1.973349e-04	-2.353583e-05	1
16	rs634977	29733308	0	-3.419955e-04	-4.117838e-05	1
16	rs637460	29805803	0	1.333159e-03	3.525060e-04	1
16	rs645946	29734314	0	-8.859615e-04	-1.185205e-04	1
16	rs648559	29740645	0	-6.004969e-04	-7.667681e-05	1
16	rs6498089	28629300	0	5.479642e-05	5.418306e-06	1
16	rs6565169	29692692	0	-1.561312e-03	-2.161374e-04	1
16	rs6565173	29974167	0	-3.829005e-04	-3.830671e-05	1
16	rs6565174	30111904	0	-4.524422e-04	-7.826301e-05	1
16	rs6565176	30174926	0	-3.202400e-03	-7.176994e-04	1
16	rs6565180	30361341	0	2.897258e-03	5.929342e-04	1
16	rs6565182	30374381	0	2.660848e-03	5.507401e-04	1
16	rs6565183	30382755	1	2.256977e-03	3.536155e-04	1
16	rs6565229	28872598	0	2.151642e-04	2.141399e-05	1
16	rs6565259	28898793	0	5.848652e-04	6.094711e-05	1
16	rs6565261	28903656	0	-5.466378e-05	-6.537215e-06	1
16	rs6565293	28933248	0	-9.530437e-04	-1.123324e-04	1
16	rs6565300	28993049	0	-2.522178e-04	-2.817610e-05	1
16	rs6565375	29317861	0	8.929532e-04	9.784337e-05	1
16	rs66467443	30050494	2	-3.226006e-04	-3.303668e-05	1
16	rs66818723	29887215	0	4.697315e-04	5.159270e-05	1
16	rs66957695	29114514	0	-6.618598e-04	-7.708002e-05	1
16	rs67218159	30050505	0	-2.497625e-04	-2.536647e-05	1
16	rs67396493	29314454	0	2.417326e-04	3.943237e-05	1
16	rs67479058	28970852	0	1.505496e-03	3.188563e-04	1
16	rs67575585	30468890	0	7.061346e-04	1.004149e-04	1
16	rs67575668	29669560	0	-1.306101e-03	-3.082939e-04	1
16	rs67817011	30179098	0	-1.984489e-03	-5.530816e-04	1
16	rs67822311	29093939	0	-7.174356e-04	-8.231562e-05	1
16	rs67846049	29191344	0	2.712396e-04	3.048295e-05	1
16	rs67966242	29215824	0	8.435726e-04	1.045488e-04	1
16	rs68024357	29128937	0	3.695889e-04	4.255146e-05	1
16	rs6839	28617128	0	-3.020400e-04	-3.215222e-05	1
16	rs710410	28603342	0	5.922150e-04	6.278379e-05	1
16	rs71277298	29732886	0	-2.586311e-04	-5.614215e-05	1
16	rs71383744	29008330	0	-6.964881e-04	-1.444248e-04	1
16	rs71383755	29204636	0	-3.492301e-04	-7.652747e-05	1
16	rs71383756	29225035	0	7.389456e-04	8.705782e-05	1
16	rs71383757	29227937	0	5.844405e-04	6.939419e-05	1
16	rs71387642	29095150	0	8.394091e-04	1.989466e-04	1
16	rs71387647	29161822	0	5.622829e-04	6.645013e-05	1
16	rs71387648	29201069	0	8.394091e-04	1.989466e-04	1
16	rs71387656	29297762	0	1.045609e-03	2.679098e-04	1
16	rs71389428	29842632	0	8.456998e-05	1.308477e-05	1
16	rs71389435	29907027	0	-2.067742e-04	-4.379400e-05	1
16	rs71389462	30326963	0	-1.861190e-03	-5.737540e-04	1
16	rs71391316	28601175	0	5.433002e-04	1.268048e-04	1
16	rs71391317	28607630	0	5.433002e-04	1.268048e-04	1
16	rs7140	28995757	0	-2.522178e-04	-2.817610e-05	1
16	rs7184075	29287841	0	1.550309e-03	2.142518e-04	1
16	rs7184288	29935052	0	-6.748775e-04	-7.045506e-05	1
16	rs7184597	28921809	0	-8.702067e-04	-1.008955e-04	1
16	rs7184953	29315879	0	5.435827e-04	7.007380e-05	1
16	rs7185232	28933468	0	-1.487969e-04	-1.574642e-05	1
16	rs7185289	29303041	0	2.978849e-04	3.834765e-05	1
16	rs7185357	30443785	0	4.355026e-04	7.979672e-05	1
16	rs7185941	29267117	0	8.800683e-04	1.051649e-04	1
16	rs7186573	28587389	0	5.934021e-05	6.043598e-06	1
16	rs7186597	29292314	0	1.550309e-03	2.142517e-04	1
16	rs7186784	29018610	0	2.123817e-04	2.754902e-05	1
16	rs7187333	28865916	0	1.181619e-03	1.326012e-04	1
16	rs7187409	30497816	0	2.532249e-04	5.111653e-05	1
16	rs7187575	28990101	0	-8.638202e-04	-1.029077e-04	1
16	rs7187604	28565953	0	4.709215e-05	4.778873e-06	1
16	rs7187776	28857645	0	6.961950e-04	7.135467e-05	1
16	rs7188071	28917644	0	8.448008e-05	8.738627e-06	1
16	rs7188093	29190050	0	2.712396e-04	3.048293e-05	1
16	rs7188570	29314999	0	1.865488e-04	2.294856e-05	1
16	rs7188661	29287978	0	1.550309e-03	2.142516e-04	1
16	rs7188755	28956464	0	4.608059e-05	4.401960e-06	1
16	rs7189056	29122047	0	-1.037227e-03	-1.273444e-04	1
16	rs7189093	29288252	0	1.550309e-03	2.142516e-04	1
16	rs7189265	29288308	0	1.452413e-03	1.926358e-04	1
16	rs7189550	29911260	0	4.904014e-04	5.314512e-05	1
16	rs7189750	29911416	0	4.904014e-04	5.314511e-05	1
16	rs7189870	29735063	0	4.778463e-04	7.021257e-05	1
16	rs7189927	28913787	0	8.448008e-05	8.738629e-06	1
16	rs7190126	29267092	0	1.662072e-03	2.325530e-04	1
16	rs7190132	29752794	0	7.784506e-04	1.107399e-04	1
16	rs7190185	29962352	0	-7.694159e-05	-7.554083e-06	1
16	rs7190456	29264848	0	3.136764e-04	4.067531e-05	1
16	rs7190532	29302798	0	8.310027e-04	9.924678e-05	1
16	rs7190552	30471046	0	-1.742013e-03	-3.502478e-04	1
16	rs7190771	28590030	1	7.606189e-05	7.730010e-06	1
16	rs7190932	29303037	0	7.975944e-04	9.609438e-05	1
16	rs7191083	29303083	0	7.975944e-04	9.609436e-05	1
16	rs7191618	28565667	0	3.368707e-04	3.323916e-05	1
16	rs7191849	30023157	0	8.530485e-05	8.521089e-06	1
16	rs7192443	29118975	0	-7.600516e-04	-8.704642e-05	1
16	rs7192601	28614488	0	-2.745434e-05	-2.794766e-06	1
16	rs7192833	29317811	0	8.929532e-04	9.784326e-05	1
16	rs7193274	28872788	0	-4.109079e-04	-5.080013e-05	1
16	rs7193402	28586127	0	4.709215e-05	4.778838e-06	1
16	rs7193414	29005895	0	8.552229e-04	1.784129e-04	1
16	rs7193532	29962802	0	-3.829005e-04	-3.830684e-05	1
16	rs7193733	28875482	0	2.151642e-04	2.141392e-05	1
16	rs7193756	29749904	0	7.784506e-04	1.107398e-04	1
16	rs7194487	29262119	0	1.324771e-03	1.832639e-04	1
16	rs7195050	29711343	0	7.141221e-04	1.017015e-04	1
16	rs7195182	30169761	0	-2.994611e-03	-5.884473e-04	1
16	rs7195241	30469957	0	7.061346e-04	1.004149e-04	1
16	rs7195477	29288634	0	1.550309e-03	2.142514e-04	1
16	rs7195557	29683587	0	-2.078953e-03	-3.345577e-04	1
16	rs7195596	29749599	0	7.784506e-04	1.107398e-04	1
16	rs7196737	29287441	0	1.550309e-03	2.142514e-04	1
16	rs7196973	29118865	0	-7.600516e-04	-8.704641e-05	1
16	rs7197001	30155031	0	-2.538865e-03	-4.091908e-04	1
16	rs7197665	29585848	0	6.723368e-04	1.424630e-04	1
16	rs7198549	29657542	0	-1.703145e-03	-2.304181e-04	1
16	rs7198606	28875122	0	2.151642e-04	2.141387e-05	1
16	rs7200220	29314555	0	1.115382e-03	1.271391e-04	1
16	rs7200437	28931953	0	3.387951e-04	4.081419e-05	1
16	rs7201384	29924905	0	-2.777124e-04	-2.728953e-05	1
16	rs7201518	30082508	0	-4.083349e-04	-4.299891e-05	1
16	rs7201519	29859977	0	2.544888e-04	3.864813e-05	1
16	rs7201546	29020294	0	-1.112975e-03	-1.869686e-04	1
16	rs7201780	30147265	0	-2.143034e-03	-3.236082e-04	1
16	rs7201797	29287496	0	1.550309e-03	2.142513e-04	1
16	rs7201929	28871966	0	-4.109079e-04	-5.080011e-05	1
16	rs7201971	29290799	0	1.550309e-03	2.142513e-04	1
16	rs7202271	30022656	0	-3.695437e-04	-6.129571e-05	1
16	rs7202714	30177807	0	-2.140299e-03	-3.126546e-04	1
16	rs7202802	29289240	0	1.360291e-03	2.011277e-04	1
16	rs7202948	28558289	0	4.112874e-04	4.061758e-05	1
16	rs7203173	29244914	0	5.740485e-04	7.495871e-05	1
16	rs7203224	30061754	0	-1.165684e-04	-1.987272e-05	1
16	rs7203240	29268585	0	8.248293e-04	1.061628e-04	1
16	rs7203359	30400307	0	-2.608041e-03	-5.577002e-04	1
16	rs7203494	29288540	0	1.550309e-03	2.142512e-04	1
16	rs7203688	29288617	0	1.452413e-03	1.926354e-04	1
16	rs7203712	29716569	0	4.648238e-04	6.527731e-05	1
16	rs7203872	29288675	0	1.550309e-03	2.142511e-04	1
16	rs7204265	29270304	0	-4.265639e-05	-6.330162e-06	1
16	rs7204334	29303244	0	7.975944e-04	9.609417e-05	1
16	rs7204748	29267517	0	-3.448669e-04	-5.086497e-05	1
16	rs7204797	29968015	0	-2.621542e-04	-2.598978e-05	1
16	rs7204838	29270649	0	9.227247e-04	1.210354e-04	1
16	rs7204852	30040178	0	1.122622e-04	1.149028e-05	1
16	rs7205278	29754683	0	7.784506e-04	1.107398e-04	1
16	rs7205323	28865892	0	2.151642e-04	2.141384e-05	1
16	rs7205802	30114124	0	-5.076373e-04	-5.366300e-05	1
16	rs7206214	28919341	0	-7.755027e-04	-8.477186e-05	1
16	rs7206427	29258842	0	4.761531e-04	6.139894e-05	1
16	rs7206544	29192661	0	1.733442e-04	1.940438e-05	1
16	rs7206553	29255243	0	7.288255e-05	8.848828e-06	1
16	rs7206859	29293869	0	1.550309e-03	2.142510e-04	1
16	rs72483435	29752368	0	6.135807e-04	9.984722e-05	1
16	rs72622204	28579082	0	8.693008e-05	1.848441e-05	1
16	rs72622205	28585621	0	8.693008e-05	1.848441e-05	1
16	rs72622206	28591579	0	8.693008e-05	1.848441e-05	1
16	rs72622207	28591755	0	8.693008e-05	1.848441e-05	1
16	rs72622208	28605147	0	8.693008e-05	1.848441e-05	1
16	rs72791208	30035806	0	-7.049459e-04	-1.685529e-04	1
16	rs72791222	30059792	0	-1.032150e-04	-2.111480e-05	1
16	rs72791226	30091251	0	-9.503143e-04	-2.501593e-04	1
16	rs72791231	30111922	0	-2.492103e-04	-5.094384e-05	1
16	rs72791250	30349065	0	-4.989494e-04	-1.000399e-04	1
16	rs72791266	30458954	0	-6.481905e-04	-1.157791e-04	1
16	rs72791878	28531285	0	-1.567993e-04	-3.246399e-05	1
16	rs72791888	28551803	0	4.262760e-04	9.977645e-05	1
16	rs72791892	28568130	0	-8.031938e-05	-1.642219e-05	1
16	rs72793807	28651732	0	-7.448128e-04	-8.365140e-05	1
16	rs72793809	28832382	0	-3.540091e-04	-3.586436e-05	1
16	rs72793811	28839392	0	1.075147e-03	1.176575e-04	1
16	rs72793812	28840381	0	4.529398e-04	4.544824e-05	1
16	rs72793828	28935580	0	5.179916e-04	1.246251e-04	1
16	rs72795939	29210154	0	7.905036e-04	1.537498e-04	1
16	rs72795950	29234586	0	1.194960e-03	2.479956e-04	1
16	rs72798106	29658573	0	-4.342464e-04	-4.084434e-05	1
16	rs72798151	29933890	0	-7.213384e-04	-1.622644e-04	1
16	rs729956	29128512	0	-7.130644e-04	-8.363522e-05	1
16	rs73524459	29266200	0	6.500999e-04	9.934422e-05	1
16	rs73526294	29652229	0	-1.084371e-03	-2.359679e-04	1
16	rs73530179	30107781	0	-3.692426e-04	-3.877115e-05	1
16	rs73532550	30190487	0	-7.577928e-04	-1.067827e-04	1
16	rs73532600	30398677	7	-3.420964e-03	-9.753775e-04	1
16	rs73535886	29027425	1	1.026982e-03	1.054016e-04	1
16	rs735645	29242115	0	1.324771e-03	1.832637e-04	1
16	rs7359380	29902414	0	4.196929e-04	4.620493e-05	1
16	rs7359397	28885659	0	1.075147e-03	1.176574e-04	1
16	rs74017608	29327055	0	-3.170872e-04	-6.210205e-05	1
16	rs74017612	29335171	0	-3.428926e-04	-6.945724e-05	1
16	rs74017619	29437092	0	4.123976e-05	8.735216e-06	1
16	rs7404778	29083429	0	-5.259889e-04	-9.702533e-05	1
16	rs74249933	29751163	0	7.784506e-04	1.107399e-04	1
16	rs743590	28608230	0	5.934021e-05	6.043371e-06	1
16	rs74400203	30036049	0	-1.165684e-04	-1.987267e-05	1
16	rs74451468	30146257	0	6.386945e-05	1.165735e-05	1
16	rs74657328	29224228	0	8.394091e-04	1.989466e-04	1
16	rs74767856	30095734	0	-3.148465e-04	-5.398950e-05	1
16	rs74893465	29749194	0	6.135807e-04	9.984720e-05	1
16	rs74899071	28562377	0	8.693008e-05	1.848440e-05	1
16	rs749253	29241309	0	1.273112e-03	1.697404e-04	1
16	rs74949322	28506109	0	-3.371565e-04	-7.795966e-05	1
16	rs74974765	28832565	0	4.291813e-04	8.632288e-05	1
16	rs7498372	29910725	0	1.429043e-04	1.481115e-05	1
16	rs7498555	28893571	0	1.075147e-03	1.176574e-04	1
16	rs7498603	28882424	0	2.151642e-04	2.141375e-05	1
16	rs7498665	28883241	0	2.151642e-04	2.141374e-05	1
16	rs7499337	28872354	0	1.181619e-03	1.326008e-04	1
16	rs7499878	28868464	0	-3.268734e-04	-3.901843e-05	1
16	rs7500073	29274563	0	7.562119e-04	8.793161e-05	1
16	rs7500321	28977020	0	-4.671185e-04	-5.306578e-05	1
16	rs75009327	28875738	0	-3.720823e-04	-7.462810e-05	1
16	rs75177050	29161090	0	-6.591031e-04	-1.380004e-04	1
16	rs75227850	28555894	0	-8.031938e-05	-1.642221e-05	1
16	rs75281532	29607027	0	1.329204e-05	2.880651e-06	1
16	rs753130	29319599	0	1.016309e-03	1.341028e-04	1
16	rs7542	30125840	0	-1.428160e-03	-1.662394e-04	1
16	rs75422760	29748442	0	4.680461e-04	7.489695e-05	1
16	rs75460591	30392011	0	8.707921e-05	1.953018e-05	1
16	rs75539558	28595810	0	3.138289e-04	3.259113e-05	1
16	rs75549506	29933739	0	8.416141e-04	1.751314e-04	1
16	rs75721735	30079724	0	-1.165684e-04	-1.987265e-05	1
16	rs75738775	28513827	0	-7.758897e-05	-1.504201e-05	1
16	rs75771	29241928	0	1.324771e-03	1.832637e-04	1
16	rs75814811	29269862	0	-4.265639e-05	-6.330138e-06	1
16	rs75832891	30171625	0	-3.152532e-04	-5.131694e-05	1
16	rs76001209	29301974	0	8.310027e-04	9.924646e-05	1
16	rs76007774	28550269	0	-3.342409e-04	-6.589120e-05	1
16	rs76106647	30388890	0	-1.281860e-04	-2.879596e-05	1
16	rs762633	28608341	0	4.709215e-05	4.778614e-06	1
16	rs762634	28603335	0	4.846032e-04	5.066552e-05	1
16	rs76264759	29628208	0	6.039845e-05	1.338801e-05	1
16	rs76308645	29213135	0	-1.061429e-04	-2.437632e-05	1
16	rs76369024	29301967	0	8.310027e-04	9.924644e-05	1
16	rs76436263	29264833	0	2.336467e-04	3.014381e-05	1
16	rs76445101	29751561	0	7.784506e-04	1.107399e-04	1
16	rs76507221	29199269	0	-1.061429e-04	-2.437632e-05	1
16	rs76569227	28564991	0	8.693008e-05	1.848439e-05	1
16	rs76662516	28496014	0	-5.041126e-04	-1.155018e-04	1
16	rs76712312	29976076	0	-2.569036e-05	-5.287501e-06	1
16	rs76764777	28534196	0	8.150120e-05	1.715389e-05	1
16	rs767812	29316092	0	1.343970e-04	2.249449e-05	1
16	rs76834203	30156068	1	-5.598079e-04	-9.901965e-05	1
16	rs76840156	29965436	0	6.515479e-04	1.483750e-04	1
16	rs7698	30125800	0	-4.810613e-04	-8.636402e-05	1
16	rs77000650	29749969	0	6.135807e-04	9.984718e-05	1
16	rs77003191	28974698	0	2.693321e-04	6.253673e-05	1
16	rs77016006	30354216	0	1.031922e-03	1.469519e-04	1
16	rs77017255	29296898	0	3.198278e-04	4.787050e-05	1
16	rs77042391	30138432	0	1.359296e-04	2.926338e-05	1
16	rs77070948	30019821	0	2.909309e-04	5.455413e-05	1
16	rs77422319	29039112	0	1.621961e-05	2.950774e-06	1
16	rs77462351	29264820	0	6.192376e-04	8.273968e-05	1
16	rs77465505	29084241	0	-7.279623e-04	-1.458196e-04	1
16	rs77535137	28565445	0	5.724194e-05	1.204081e-05	1
16	rs77663651	29750851	0	5.936013e-04	9.669276e-05	1
16	rs77679610	30462291	0	1.681965e-04	3.627173e-05	1
16	rs77685267	30192435	0	1.262609e-04	2.066655e-05	1
16	rs77689392	30424412	0	3.247959e-04	7.587289e-05	1
16	rs77730873	30046763	0	-4.929923e-04	-1.140119e-04	1
16	rs77794588	29133007	1	-3.591682e-05	-6.673878e-06	1
16	rs77871165	30405895	0	-1.216410e-04	-2.444701e-05	1
16	rs78008308	30014976	0	6.515479e-04	1.483750e-04	1
16	rs78048980	29324276	0	-5.314705e-04	-9.681880e-05	1
16	rs78055730	29584446	0	8.071301e-04	1.855912e-04	1
16	rs78102288	28562642	0	-7.636774e-05	-1.407531e-05	1
16	rs78114333	29260000	0	2.425553e-04	2.875947e-05	1
16	rs78210758	30063191	0	-2.885308e-04	-5.177753e-05	1
16	rs78225763	28519693	0	-2.355578e-04	-4.561777e-05	1
16	rs78244732	29764804	0	9.233960e-05	1.430649e-05	1
16	rs78363733	30030333	0	-2.539998e-04	-4.512728e-05	1
16	rs78417606	29874855	0	3.434792e-04	7.684256e-05	1
16	rs78520265	29750947	0	6.135807e-04	9.984717e-05	1
16	rs78564187	30131777	0	-3.090988e-04	-5.229228e-05	1
16	rs78613234	28839425	0	2.151642e-04	2.141370e-05	1
16	rs78721020	28532499	0	8.150120e-05	1.715388e-05	1
16	rs78722125	28987857	0	1.880601e-04	3.662169e-05	1
16	rs78807581	30014975	0	6.515479e-04	1.483750e-04	1
16	rs79043334	29671016	0	-1.563121e-04	-3.194746e-05	1
16	rs79046494	28527326	0	-1.898333e-04	-2.059868e-05	1
16	rs79077329	28499121	0	-5.041126e-04	-1.155018e-04	1
16	rs79186913	29113775	0	-4.323290e-04	-4.756398e-05	1
16	rs79317729	28523248	0	-2.355578e-04	-4.561777e-05	1
16	rs79323299	30137608	0	3.247959e-04	7.587289e-05	1
16	rs79437555	29353130	0	6.992993e-05	1.603785e-05	1
16	rs79512505	30194328	0	-4.425424e-05	-7.296448e-06	1
16	rs79619339	30058313	0	-1.032150e-04	-2.111478e-05	1
16	rs79623117	30190891	0	3.003358e-04	6.287742e-05	1
16	rs79654572	29153247	0	8.058392e-04	9.885625e-05	1
16	rs79658697	29008509	0	-1.200275e-04	-2.338386e-05	1
16	rs79722818	28559261	0	5.724194e-05	1.204081e-05	1
16	rs79758803	29753925	0	6.135807e-04	9.984716e-05	1
16	rs79780529	28587165	0	-1.786829e-04	-3.432761e-05	1
16	rs79850259	28552692	0	8.693008e-05	1.848439e-05	1
16	rs79867441	29950820	0	-3.840725e-04	-6.858982e-05	1
16	rs79912905	28568215	0	5.724194e-05	1.204081e-05	1
16	rs80000693	30362813	0	3.247959e-04	7.587289e-05	1
16	rs80179197	29060011	0	1.494425e-03	1.948498e-04	1
16	rs80225586	30406410	0	-4.989494e-04	-1.000399e-04	1
16	rs80247256	28558457	0	8.693008e-05	1.848438e-05	1
16	rs80260207	30134251	0	3.247959e-04	7.587289e-05	1
16	rs80273739	29933901	0	1.364462e-04	2.907082e-05	1
16	rs80282267	30059960	0	2.540635e-04	5.512417e-05	1
16	rs80344130	28534448	0	8.150120e-05	1.715388e-05	1
16	rs8043811	29764279	0	2.766209e-04	3.691300e-05	1
16	rs8043883	30044581	0	1.122622e-04	1.149025e-05	1
16	rs8044407	29154849	0	7.202517e-04	8.679842e-05	1
16	rs8045252	30422415	0	1.435354e-03	2.401546e-04	1
16	rs8045276	29025978	0	1.193999e-03	1.400467e-04	1
16	rs8045351	29737351	0	6.109112e-04	9.030255e-05	1
16	rs8045570	30422565	0	7.559561e-04	1.068500e-04	1
16	rs8045689	28988269	0	-8.638202e-04	-1.029074e-04	1
16	rs8046258	29267784	0	7.415045e-04	1.146786e-04	1
16	rs8046271	28541394	0	-1.446898e-05	-1.413021e-06	1
16	rs8046445	30386262	0	-2.423565e-03	-4.391811e-04	1
16	rs8046545	28915217	0	-9.028363e-04	-1.009150e-04	1
16	rs8046764	29260696	0	3.462675e-04	4.485104e-05	1
16	rs8047140	29922988	0	1.114652e-03	1.845772e-04	1
16	rs8047315	29216457	0	6.669478e-04	7.995548e-05	1
16	rs8047453	29257145	0	4.761531e-04	6.139881e-05	1
16	rs8047777	29151923	0	6.609318e-04	7.943897e-05	1
16	rs8048139	30166626	0	-1.802320e-03	-2.123791e-04	1
16	rs8048433	29931593	0	-6.505704e-04	-6.657136e-05	1
16	rs8048750	29266272	0	1.109868e-03	1.358484e-04	1
16	rs8049052	29272871	0	1.018463e-03	1.236035e-04	1
16	rs8049108	30376486	0	2.808277e-03	5.500762e-04	1
16	rs8049399	29279209	0	7.900832e-04	9.081043e-05	1
16	rs8049739	28632288	0	-1.159845e-05	-1.132873e-06	1
16	rs8049837	30089438	0	-1.165684e-04	-1.987260e-05	1
16	rs8050132	29265186	0	8.650006e-04	1.371607e-04	1
16	rs8050576	29919792	0	5.187896e-04	5.287672e-05	1
16	rs8051721	30047920	0	-2.885308e-04	-5.177749e-05	1
16	rs8051833	29896390	0	4.338559e-04	4.673375e-05	1
16	rs8052502	29929728	0	-4.014072e-04	-3.950649e-05	1
16	rs8053114	29319922	0	6.641847e-04	7.595398e-05	1
16	rs8053518	29692132	0	4.501173e-05	5.459654e-06	1
16	rs8054074	29016132	0	1.108578e-03	1.169639e-04	1
16	rs8054172	29655864	0	-3.597571e-04	-3.351572e-05	1
16	rs8054272	29692224	0	-1.319592e-03	-1.703339e-04	1
16	rs8054337	29279597	0	7.900832e-04	9.081041e-05	1
16	rs8054507	30046042	0	1.122622e-04	1.149021e-05	1
16	rs8054556	29958216	0	1.181973e-04	1.165453e-05	1
16	rs8055138	28891465	0	2.151642e-04	2.141365e-05	1
16	rs8055413	29323508	0	2.135051e-04	4.296510e-05	1
16	rs8055762	29323692	0	2.135051e-04	4.296510e-05	1
16	rs8055867	29958215	0	-4.275994e-04	-7.731168e-05	1
16	rs8055982	28881202	0	2.151642e-04	2.141365e-05	1
16	rs8056114	29266333	0	6.313233e-04	8.553413e-05	1
16	rs8056216	30009589	0	-4.426978e-04	-7.450378e-05	1
16	rs8056419	29318077	0	6.723051e-04	1.164942e-04	1
16	rs8056535	29960468	0	-2.065986e-04	-2.020261e-05	1
16	rs8056890	28897452	0	-1.909520e-04	-1.975279e-05	1
16	rs8057063	29012393	0	5.470845e-04	6.572058e-05	1
16	rs8057141	29279028	0	1.670585e-03	2.289594e-04	1
16	rs8057332	29279114	0	7.900832e-04	9.081036e-05	1
16	rs8057425	30182541	0	-3.683242e-03	-1.100853e-03	1
16	rs8057883	29279402	0	7.900832e-04	9.081038e-05	1
16	rs8058049	29684572	0	-1.331347e-03	-1.609452e-04	1
16	rs8058242	29018407	0	1.418610e-03	1.643630e-04	1
16	rs8058765	30013457	0	-2.716483e-04	-4.581420e-05	1
16	rs8058824	29828710	0	8.456998e-05	1.308464e-05	1
16	rs8059516	29257291	0	4.761531e-04	6.139873e-05	1
16	rs8059619	29925445	0	-4.014072e-04	-3.950665e-05	1
16	rs8060295	29266170	0	6.221773e-04	8.434295e-05	1
16	rs8060345	29023105	0	1.299075e-03	1.390523e-04	1
16	rs8060511	30101596	0	-4.083349e-04	-4.299910e-05	1
16	rs8060534	28941480	0	3.351399e-04	3.923655e-05	1
16	rs8060853	30403858	0	-2.608041e-03	-5.576970e-04	1
16	rs8061029	29272747	0	1.018463e-03	1.236034e-04	1
16	rs8061590	28895130	0	2.768806e-04	2.781695e-05	1
16	rs8061634	29833414	0	8.456998e-05	1.308465e-05	1
16	rs8061772	30119525	0	-8.220131e-04	-1.354240e-04	1
16	rs8061773	29746166	0	9.136469e-04	1.373047e-04	1
16	rs8061877	28856819	0	-3.268734e-04	-3.901838e-05	1
16	rs8062082	29672582	0	-1.460437e-03	-3.440667e-04	1
16	rs8062405	28837906	0	3.434648e-05	3.357232e-06	1
16	rs8062695	29284412	0	7.900832e-04	9.081035e-05	1
16	rs8062730	29279180	1	8.292824e-04	9.456509e-05	1
16	rs8063282	29257288	0	7.288255e-05	8.848624e-06	1
16	rs8063490	29257435	0	7.288255e-05	8.848616e-06	1
16	rs8063720	30174531	0	-1.699129e-03	-3.311916e-04	1
16	rs8063942	30455434	0	4.355026e-04	7.979675e-05	1
16	rs8335	29869748	0	-1.984831e-04	-3.586618e-05	1
16	rs871886	29318553	0	1.114205e-03	1.504666e-04	1
16	rs871887	29318619	0	1.114205e-03	1.504666e-04	1
16	rs871888	29318906	0	7.388330e-04	9.232709e-05	1
16	rs889567	29144706	0	7.311918e-05	8.308077e-06	1
16	rs889682	29145543	0	1.651638e-04	1.877328e-05	1
16	rs889684	29128811	0	-4.663970e-05	-5.181129e-06	1
16	rs889685	29128990	0	-4.663970e-05	-5.181130e-06	1
16	rs889686	29193424	0	2.712396e-04	3.048300e-05	1
16	rs889687	29193375	0	2.712396e-04	3.048299e-05	1
16	rs889688	29193338	0	2.712396e-04	3.048299e-05	1
16	rs930392	30194840	0	-3.529960e-03	-9.455495e-04	1
16	rs9319595	29149645	0	3.965767e-04	5.934824e-05	1
16	rs9319596	29149660	0	3.965767e-04	5.934823e-05	1
16	rs9708958	28922743	0	-8.702067e-04	-1.008949e-04	1
16	rs9746702	28903188	0	-5.013714e-04	-5.205763e-05	1
16	rs9783783	30078492	0	-1.160371e-03	-1.360180e-04	1
16	rs9796793	30495652	0	4.425913e-04	9.127131e-05	1
16	rs9888967	30407979	0	-2.308636e-03	-4.132317e-04	1
16	rs9921268	29280801	0	8.505734e-04	1.007589e-04	1
16	rs9921711	30394541	0	-2.796995e-03	-6.728325e-04	1
16	rs9921783	29839449	0	8.456998e-05	1.308460e-05	1
16	rs9922041	30110467	0	-5.076373e-04	-5.366324e-05	1
16	rs9922666	29698625	0	1.006013e-03	1.342042e-04	1
16	rs9923079	28546620	0	3.072186e-04	6.173887e-05	1
16	rs9923341	29698710	0	1.413770e-03	2.132037e-04	1
16	rs9923649	29832138	0	8.456998e-05	1.308460e-05	1
16	rs9924308	30154740	0	-2.538865e-03	-4.091866e-04	1
16	rs9924471	28591530	0	3.889068e-04	5.736033e-05	1
16	rs9924619	29016528	0	-8.812113e-04	-1.402212e-04	1
16	rs9924686	30003076	0	-4.024216e-04	-4.046251e-05	1
16	rs9925102	29983148	0	-4.200700e-04	-4.204957e-05	1
16	rs9925602	29004399	0	9.711010e-05	1.146960e-05	1
16	rs9925915	29993686	0	-5.179654e-04	-5.184027e-05	1
16	rs9926245	28555706	0	4.409756e-04	4.347061e-05	1
16	rs9926308	29022130	0	1.439993e-03	1.807394e-04	1
16	rs9928448	30072530	0	-2.100567e-04	-2.176526e-05	1
16	rs9929088	29001460	0	-2.178920e-04	-2.427391e-05	1
16	rs9929198	28644980	0	-3.739044e-04	-3.735834e-05	1
16	rs9929456	29015149	0	-1.319443e-05	-1.664047e-06	1
16	rs9929469	29281066	0	8.505734e-04	1.007589e-04	1
16	rs9929925	29763764	0	1.115652e-04	1.454525e-05	1
16	rs9930280	30503414	0	-1.260746e-03	-1.557629e-04	1
16	rs9931989	28906084	0	8.448008e-05	8.739178e-06	1
16	rs9932193	30068469	0	-2.397449e-04	-2.467028e-05	1
16	rs9932196	29983119	0	-4.200700e-04	-4.204958e-05	1
16	rs9932416	29682494	0	-1.852186e-03	-2.787151e-04	1
16	rs9932605	30092048	0	-4.380231e-04	-4.585652e-05	1
16	rs9932653	29865673	0	2.544888e-04	3.864799e-05	1
16	rs9932702	29982961	0	-2.720656e-04	-2.688065e-05	1
16	rs9933198	28888409	0	-5.023125e-04	-6.359427e-05	1
16	rs9933310	29690904	0	-7.990430e-04	-8.482275e-05	1
16	rs9933358	30182074	0	-7.659247e-04	-1.206932e-04	1
16	rs9933431	29280425	0	7.526780e-04	8.808144e-05	1
16	rs9934360	29588933	0	-1.396539e-03	-3.461115e-04	1
16	rs9934579	30474856	0	6.521830e-04	9.516599e-05	1
16	rs9934724	29303629	0	7.975944e-04	9.609380e-05	1
16	rs9935557	29283463	0	8.505734e-04	1.007589e-04	1
16	rs9936065	30409699	0	4.020993e-05	8.186453e-06	1
16	rs9936474	29932691	0	-4.014072e-04	-3.950695e-05	1
16	rs9936496	29758793	0	2.945777e-04	3.873926e-05	1
16	rs9937596	28555157	0	3.072186e-04	6.173888e-05	1
16	rs9937600	29277513	1	7.990033e-04	8.915439e-05	1
16	rs9937676	28969480	0	1.801992e-04	1.754507e-05	1
16	rs9938630	29837108	0	5.297474e-05	7.543492e-06	1
16	rs9939514	29855731	0	2.544888e-04	3.864799e-05	1
16	rs9939774	30068354	0	-1.796501e-05	-2.015576e-06	1
16	rs9940440	29684788	0	-1.451642e-03	-1.773058e-04	1
16	rs9940962	29703334	0	4.107713e-04	6.223320e-05	1
16	rs9972693	28859802	0	2.151642e-04	2.141344e-05	1
16	rs9972768	28861734	0	2.151642e-04	2.141343e-05	1
