chr	rs	ps	n_miss	b	beta	gamma
19	rs1004526	58588849	0	9.336377e-04	1.977896e-04	1
19	rs101447	58720717	0	-2.108266e-03	-4.863262e-04	1
19	rs1014767	58528303	0	2.702884e-03	6.811492e-04	1
19	rs1015224	58724380	0	-1.022715e-04	-3.782204e-05	1
19	rs1019490	58610559	0	-1.298939e-03	-2.448419e-04	1
19	rs10401711	58624499	0	-9.597130e-04	-2.438757e-04	1
19	rs10402098	58624615	0	-9.597130e-04	-2.438757e-04	1
19	rs10402211	58652341	0	2.902224e-04	5.752231e-05	1
19	rs10402307	58624732	0	1.129874e-04	2.325747e-05	1
19	rs10403117	58744033	0	4.796157e-04	1.389871e-04	1
19	rs10404798	58628509	0	-9.597130e-04	-2.438756e-04	1
19	rs10405350	58628515	0	-6.870659e-04	-1.653503e-04	1
19	rs10407894	58625081	0	-9.597130e-04	-2.438756e-04	1
19	rs10409388	58604114	0	1.035359e-03	1.971373e-04	1
19	rs10411535	58708526	0	-9.594162e-04	-1.749518e-04	1
19	rs10412181	58814507	0	-7.052976e-04	-1.305372e-04	1
19	rs10412209	58629463	0	-9.836665e-04	-2.457789e-04	1
19	rs10412612	58632446	0	-9.597130e-04	-2.438755e-04	1
19	rs10415286	58720992	0	-2.895861e-03	-7.794648e-04	1
19	rs10415313	58675417	0	3.450555e-04	6.964294e-05	1
19	rs10419091	58723359	0	-8.333708e-04	-1.885773e-04	1
19	rs10419259	58630192	0	2.750657e-04	5.685275e-05	1
19	rs10420221	58794026	0	-1.211129e-03	-2.650671e-04	1
19	rs10420540	58521290	0	1.912584e-03	5.847005e-04	1
19	rs10420801	58609457	0	4.568319e-04	9.659786e-05	1
19	rs10421140	58609376	0	9.291075e-04	2.173281e-04	1
19	rs10421350	58609443	0	4.568319e-04	9.659785e-05	1
19	rs10422127	58609220	0	-1.485542e-04	-3.764101e-05	1
19	rs10422438	58523444	0	1.738350e-03	4.424779e-04	1
19	rs10422730	58618747	0	-5.992438e-04	-1.426803e-04	1
19	rs10423778	58627574	0	2.469779e-04	5.101504e-05	1
19	rs10424179	58627725	0	2.469779e-04	5.101503e-05	1
19	rs10425266	58694416	0	-6.584117e-04	-1.457815e-04	1
19	rs10425685	58703085	0	-6.584117e-04	-1.457815e-04	1
19	rs1057402	58580277	0	7.873257e-04	1.604245e-04	1
19	rs1064267	58597405	0	6.152141e-04	1.412679e-04	1
19	rs10775573	58614974	0	-1.298939e-03	-2.448416e-04	1
19	rs10775574	58615053	0	-1.298939e-03	-2.448416e-04	1
19	rs1080416	58559785	0	-1.248873e-03	-2.902659e-04	1
19	rs10853902	58614749	0	-1.298939e-03	-2.448415e-04	1
19	rs10853903	58714926	0	-8.601471e-04	-1.940892e-04	1
19	rs10878	58595676	0	4.026697e-04	8.734077e-05	1
19	rs11084528	58527472	0	1.642136e-03	3.163489e-04	1
19	rs11084531	58582586	0	4.510047e-04	8.199307e-05	1
19	rs11084532	58583939	0	4.510047e-04	8.199306e-05	1
19	rs11084534	58613950	0	-1.298939e-03	-2.448415e-04	1
19	rs11084535	58614035	0	-1.298939e-03	-2.448415e-04	1
19	rs11084537	58629227	0	-1.006198e-03	-2.702714e-04	1
19	rs11084538	58629238	0	-6.870659e-04	-1.653500e-04	1
19	rs111426967	58526736	0	-1.573464e-04	-4.570254e-05	1
19	rs111476488	58632584	0	7.246680e-04	1.703569e-04	1
19	rs111728832	58712814	0	-4.932082e-04	-1.908579e-04	1
19	rs111938040	58682195	0	2.395844e-05	8.581836e-06	1
19	rs111961880	58521852	0	3.137569e-05	1.012395e-05	1
19	rs112072625	58851928	0	-1.946886e-03	-7.774443e-04	1
19	rs112121304	58747493	0	-7.295222e-04	-2.272333e-04	1
19	rs112380274	58538047	0	-6.587531e-05	-2.173244e-05	1
19	rs112630877	58713159	0	1.023061e-03	3.480952e-04	1
19	rs112809147	58521822	0	-3.481916e-04	-1.032543e-04	1
19	rs112884174	58795474	0	-1.309812e-03	-2.863878e-04	1
19	rs112905868	58696543	0	-5.905119e-04	-1.321139e-04	1
19	rs112923015	58843344	0	-1.946886e-03	-7.774442e-04	1
19	rs113038922	58848825	4	-1.296692e-03	-4.972173e-04	1
19	rs113129007	58572389	0	-2.675974e-04	-9.752177e-05	1
19	rs113702420	58728671	0	-1.022715e-04	-3.782206e-05	1
19	rs113744797	58793000	0	-1.303157e-04	-4.629862e-05	1
19	rs113747485	58702661	0	7.208098e-04	2.242697e-04	1
19	rs113782954	58521588	0	7.786169e-04	1.697299e-04	1
19	rs113896797	58522122	0	1.564393e-03	3.770867e-04	1
19	rs113897676	58526091	1	3.649513e-05	1.032096e-05	1
19	rs113909979	58843146	0	-1.946886e-03	-7.774441e-04	1
19	rs113992190	58531244	0	-3.481916e-04	-1.032544e-04	1
19	rs115134660	58671275	0	-8.377153e-04	-2.857626e-04	1
19	rs11666156	58790359	0	-1.603374e-04	-2.795541e-05	1
19	rs11666227	58573559	0	3.521978e-04	6.367955e-05	1
19	rs11666477	58777937	0	9.191643e-04	1.717185e-04	1
19	rs11666610	58527828	0	1.246543e-03	2.221018e-04	1
19	rs11667482	58568958	0	-1.108814e-03	-1.868772e-04	1
19	rs11667581	58622193	0	-1.463030e-03	-2.833469e-04	1
19	rs11668350	58775813	0	1.183498e-04	2.237059e-05	1
19	rs11668785	58780089	0	4.011946e-04	7.216021e-05	1
19	rs11669373	58798685	0	3.616570e-04	6.384785e-05	1
19	rs11669829	58624120	0	-9.597130e-04	-2.438753e-04	1
19	rs11669919	58580394	0	4.510047e-04	8.199302e-05	1
19	rs11670035	58573649	0	8.502571e-04	1.627035e-04	1
19	rs11670075	58751393	0	1.775759e-04	3.318192e-05	1
19	rs11670848	58580962	0	4.510047e-04	8.199299e-05	1
19	rs11671199	58722673	0	-8.315717e-04	-1.871353e-04	1
19	rs11671477	58800346	0	3.616570e-04	6.384785e-05	1
19	rs11671486	58793064	0	3.643868e-04	6.492436e-05	1
19	rs11671725	58587046	0	4.510047e-04	8.199298e-05	1
19	rs11672379	58575800	0	3.363210e-04	6.144574e-05	1
19	rs11672645	58718698	0	-6.185429e-04	-1.271249e-04	1
19	rs11672765	58801758	0	-9.939194e-04	-1.773713e-04	1
19	rs11672773	58801784	0	-4.802352e-04	-8.260697e-05	1
19	rs11673436	58576358	0	4.510047e-04	8.199297e-05	1
19	rs11673550	58777337	0	2.989458e-04	5.069373e-05	1
19	rs11673557	58777390	0	3.053428e-04	5.214341e-05	1
19	rs116922203	58537659	0	6.652053e-05	2.408316e-05	1
19	rs116938565	58752980	0	-2.785241e-04	-9.147554e-05	1
19	rs117121674	58619217	0	-5.737802e-04	-2.292002e-04	1
19	rs117207849	58645844	0	-2.433713e-04	-9.242517e-05	1
19	rs117233340	58531540	0	5.168873e-05	1.870921e-05	1
19	rs117482759	58808414	0	6.732226e-04	2.631793e-04	1
19	rs117509647	58580355	0	1.354500e-03	5.622105e-04	1
19	rs117591817	58875573	0	4.117577e-04	1.617771e-04	1
19	rs117667229	58690935	0	5.195566e-04	1.831343e-04	1
19	rs117761389	58665641	0	-8.404427e-04	-3.326792e-04	1
19	rs117800501	58649809	0	-1.347826e-03	-5.708131e-04	1
19	rs117831716	58571600	0	1.113703e-03	4.607885e-04	1
19	rs117962485	58794158	0	-2.256877e-05	-8.713139e-06	1
19	rs118058287	58726678	0	-2.792428e-05	-9.455166e-06	1
19	rs118122480	58697975	0	-1.908504e-04	-7.395426e-05	1
19	rs118165397	58873238	0	6.320562e-04	2.080954e-04	1
19	rs11879192	58613591	0	-1.298939e-03	-2.448413e-04	1
19	rs11879575	58660968	0	2.758292e-04	6.356494e-05	1
19	rs11879748	58613819	0	-1.298939e-03	-2.448413e-04	1
19	rs11879808	58876517	0	8.313758e-04	2.427154e-04	1
19	rs11881126	58523990	0	1.199582e-03	2.124662e-04	1
19	rs11882439	58730564	0	-1.153221e-03	-2.614154e-04	1
19	rs11883119	58750511	0	-6.564346e-04	-2.206170e-04	1
19	rs11883136	58750671	0	-2.785241e-04	-9.147554e-05	1
19	rs12151036	58714235	0	-8.687309e-04	-1.961406e-04	1
19	rs12459942	58678797	0	-8.404427e-04	-3.326792e-04	1
19	rs12460016	58784640	0	5.025291e-04	1.087915e-04	1
19	rs12460050	58666109	0	-1.134876e-03	-2.507849e-04	1
19	rs12460974	58537461	0	-2.065557e-03	-4.846087e-04	1
19	rs12461217	58579927	0	1.518727e-04	2.793265e-05	1
19	rs12461356	58668553	0	-6.020574e-04	-1.132499e-04	1
19	rs12461832	58611210	0	-1.298939e-03	-2.448412e-04	1
19	rs12462307	58784732	0	3.190046e-04	6.049130e-05	1
19	rs12462787	58801360	0	-7.631363e-04	-1.672537e-04	1
19	rs1265953	58854566	0	2.195902e-03	9.486388e-04	1
19	rs1265954	58854600	0	1.946886e-03	7.774440e-04	1
19	rs1265955	58856812	0	1.953283e-03	7.886738e-04	1
19	rs1265956	58857131	0	1.420554e-03	4.575031e-04	1
19	rs1265957	58858676	0	5.203896e-04	1.894901e-04	1
19	rs1265961	58860387	0	1.401699e-03	3.441681e-04	1
19	rs1268538	58853363	0	-1.946886e-03	-7.774437e-04	1
19	rs12971534	58541508	0	-1.798662e-03	-5.036473e-04	1
19	rs12971923	58634625	0	-1.163650e-03	-2.500850e-04	1
19	rs12971940	58541514	0	-1.586806e-03	-4.251787e-04	1
19	rs12972034	58690818	0	-1.371206e-04	-2.755564e-05	1
19	rs12972054	58735053	0	-1.316374e-03	-3.061507e-04	1
19	rs12972438	58728126	0	-1.063045e-03	-2.248933e-04	1
19	rs12972443	58757870	0	1.775759e-04	3.318197e-05	1
19	rs12972884	58749797	0	-1.693382e-04	-3.143558e-05	1
19	rs12973189	58618974	0	-1.576018e-03	-3.053382e-04	1
19	rs12973218	58729931	0	-1.357968e-03	-3.176074e-04	1
19	rs12973231	58729904	0	-1.357968e-03	-3.176074e-04	1
19	rs12973458	58729973	0	-1.153221e-03	-2.614153e-04	1
19	rs12973718	58580615	0	-3.913701e-04	-9.113713e-05	1
19	rs12974045	58612080	1	-1.414269e-03	-2.607308e-04	1
19	rs12974312	58612154	0	-1.298939e-03	-2.448411e-04	1
19	rs12975369	58693418	0	-2.266225e-04	-4.632829e-05	1
19	rs12975659	58612122	0	-5.694600e-04	-1.448955e-04	1
19	rs12975995	58553864	0	-1.238767e-03	-3.005544e-04	1
19	rs12976331	58751639	0	-1.529573e-04	-2.921081e-05	1
19	rs12976771	58614336	0	-1.298939e-03	-2.448411e-04	1
19	rs12976842	58614404	0	-1.298939e-03	-2.448411e-04	1
19	rs12976966	58647516	0	3.905828e-05	8.943212e-06	1
19	rs12977251	58605521	0	-8.031071e-04	-1.428553e-04	1
19	rs12977390	58614604	0	-1.298939e-03	-2.448410e-04	1
19	rs12977863	58702050	0	-2.266225e-04	-4.632823e-05	1
19	rs12977929	58688430	0	-8.075384e-05	-1.620034e-05	1
19	rs12978129	58725724	0	-4.229173e-04	-8.571758e-05	1
19	rs12978139	58732605	0	-1.212909e-03	-2.778507e-04	1
19	rs12978152	58732656	0	-1.912691e-03	-4.272160e-04	1
19	rs12978231	58614357	0	-1.298939e-03	-2.448409e-04	1
19	rs12979108	58732779	0	-1.212909e-03	-2.778507e-04	1
19	rs12979906	58732532	0	-2.123448e-03	-4.883839e-04	1
19	rs12980120	58618223	0	-8.960419e-04	-2.304528e-04	1
19	rs12980208	58860812	0	1.667704e-03	6.063615e-04	1
19	rs12980211	58611169	0	-1.298939e-03	-2.448409e-04	1
19	rs12980299	58787473	0	3.643868e-04	6.492455e-05	1
19	rs12980623	58624996	0	-3.567043e-04	-8.055121e-05	1
19	rs12981338	58618736	0	-1.488196e-03	-2.868159e-04	1
19	rs12981417	58596956	0	-4.340172e-04	-1.013118e-04	1
19	rs12981684	58632144	0	-1.163650e-03	-2.500846e-04	1
19	rs12982505	58613285	0	-1.563698e-03	-3.279198e-04	1
19	rs12982863	58715418	0	-2.266225e-04	-4.632807e-05	1
19	rs12983138	58655373	0	-1.121599e-03	-2.045907e-04	1
19	rs12983169	58768177	0	2.960902e-04	5.754387e-05	1
19	rs12983701	58613499	0	-1.298939e-03	-2.448407e-04	1
19	rs12983728	58671267	0	-4.644124e-04	-1.080464e-04	1
19	rs12984015	58613031	0	-1.298939e-03	-2.448407e-04	1
19	rs12984254	58613113	0	-1.298939e-03	-2.448406e-04	1
19	rs12984878	58562150	0	-1.274063e-03	-2.969850e-04	1
19	rs12985543	58689072	0	-8.075384e-05	-1.620013e-05	1
19	rs12986027	58793596	0	3.643868e-04	6.492462e-05	1
19	rs12986378	58727821	0	-5.524575e-04	-1.128409e-04	1
19	rs13344679	58693697	0	-5.334623e-04	-1.170487e-04	1
19	rs13345808	58674696	0	8.581218e-04	1.798525e-04	1
19	rs13346342	58522715	0	2.086542e-03	6.875924e-04	1
19	rs139211863	58843003	0	-1.946886e-03	-7.774439e-04	1
19	rs140171882	58659248	0	5.122269e-04	1.195596e-04	1
19	rs140214515	58654197	0	-1.322530e-04	-4.947368e-05	1
19	rs140755790	58680275	0	-5.643822e-04	-1.815477e-04	1
19	rs141669549	58690674	0	-9.774178e-04	-2.383630e-04	1
19	rs141815249	58690989	0	5.195566e-04	1.831342e-04	1
19	rs142677013	58655817	0	5.190442e-04	1.889825e-04	1
19	rs143096975	58622408	0	-1.273797e-03	-5.235492e-04	1
19	rs143314212	58810770	0	6.597931e-04	2.393335e-04	1
19	rs143712775	58643218	0	-6.568526e-04	-2.253740e-04	1
19	rs144310654	58669338	0	8.665070e-05	3.273407e-05	1
19	rs144479077	58634823	0	-6.595800e-04	-2.632893e-04	1
19	rs1469087	58572979	0	-4.566855e-05	-1.228276e-05	1
19	rs148493024	58655648	0	-9.365440e-04	-3.695808e-04	1
19	rs148953731	58662865	0	-1.840284e-03	-8.010209e-04	1
19	rs149594935	58681857	0	-6.770962e-04	-2.298721e-04	1
19	rs150191918	58691030	0	-1.560264e-03	-6.863580e-04	1
19	rs150892142	58743405	0	3.707365e-04	1.315930e-04	1
19	rs1529329	58600048	0	-1.420718e-05	-3.157485e-06	1
19	rs1544796	58542425	0	-8.862736e-04	-2.577640e-04	1
19	rs1544888	58570912	0	1.117645e-03	2.185337e-04	1
19	rs1549279	58528621	0	2.925139e-03	7.995859e-04	1
19	rs1549491	58588434	0	1.492242e-03	3.474029e-04	1
19	rs1549492	58585248	0	1.700262e-03	4.066766e-04	1
19	rs1549493	58585367	0	1.169701e-03	2.550555e-04	1
19	rs1549495	58529518	0	1.246543e-03	2.221019e-04	1
19	rs157355	58692686	0	-3.328195e-03	-1.188228e-03	1
19	rs157357	58693870	0	-2.436268e-03	-1.005488e-03	1
19	rs157358	58643751	0	-1.100789e-03	-2.925957e-04	1
19	rs157360	58650058	0	-4.985146e-04	-1.095187e-04	1
19	rs157361	58676017	0	-1.146916e-03	-3.156013e-04	1
19	rs157362	58675894	0	-5.651506e-04	-1.418811e-04	1
19	rs157363	58675603	0	-1.146916e-03	-3.156013e-04	1
19	rs157364	58675220	0	-1.462172e-03	-2.830666e-04	1
19	rs157365	58674756	0	-1.666919e-03	-3.354519e-04	1
19	rs157366	58674526	0	-8.977897e-04	-1.651770e-04	1
19	rs157367	58674310	0	-9.083465e-04	-2.364470e-04	1
19	rs157369	58672078	0	-2.703003e-04	-4.776229e-05	1
19	rs157370	58671178	0	-2.703003e-04	-4.776227e-05	1
19	rs157371	58669973	0	-1.171573e-04	-2.057465e-05	1
19	rs157372	58668597	0	-2.703003e-04	-4.776222e-05	1
19	rs157373	58666990	0	1.941121e-04	4.540979e-05	1
19	rs157374	58666086	0	3.472551e-04	8.185358e-05	1
19	rs157375	58665001	0	1.941121e-04	4.540980e-05	1
19	rs157376	58663457	0	-1.059769e-03	-2.957375e-04	1
19	rs157378	58696697	0	-3.805142e-03	-1.613836e-03	1
19	rs157379	58696598	0	-3.805142e-03	-1.613834e-03	1
19	rs1592993	58555971	0	-1.025417e-04	-2.975250e-05	1
19	rs1592994	58555932	0	-1.174591e-04	-3.430382e-05	1
19	rs1592995	58555850	0	-1.025417e-04	-2.975251e-05	1
19	rs159667	58648359	0	-9.806249e-04	-1.775519e-04	1
19	rs159668	58643841	0	-1.100789e-03	-2.925954e-04	1
19	rs159670	58641777	0	-5.480719e-04	-1.303351e-04	1
19	rs159671	58641701	0	-7.549656e-04	-1.834756e-04	1
19	rs159672	58641686	0	-1.819679e-04	-4.349456e-05	1
19	rs159673	58641457	0	-7.549656e-04	-1.834755e-04	1
19	rs159674	58670181	0	-1.161521e-03	-3.297166e-04	1
19	rs159675	58668765	0	-1.192431e-03	-2.291588e-04	1
19	rs159676	58666427	0	-8.512296e-04	-1.561331e-04	1
19	rs159677	58665490	0	-9.234277e-04	-1.690408e-04	1
19	rs159678	58679085	0	-1.441079e-03	-4.177666e-04	1
19	rs159679	58661732	0	-1.018019e-03	-1.873239e-04	1
19	rs159680	58661581	0	1.941121e-04	4.540987e-05	1
19	rs159870	58549366	0	6.969497e-04	1.357055e-04	1
19	rs159871	58550281	0	1.959846e-03	4.673967e-04	1
19	rs159872	58547449	0	1.502070e-03	3.254499e-04	1
19	rs159873	58547516	0	1.502070e-03	3.254499e-04	1
19	rs159874	58548431	0	-2.993624e-04	-8.742119e-05	1
19	rs166343	58775182	0	2.374430e-04	4.025728e-05	1
19	rs166830	58658950	1	8.351971e-05	1.976358e-05	1
19	rs166831	58676446	0	-1.146916e-03	-3.156008e-04	1
19	rs169776	58550436	0	-2.993624e-04	-8.742119e-05	1
19	rs16988654	58837269	0	-2.817159e-03	-1.484560e-03	1
19	rs16988659	58840850	0	-2.110412e-03	-8.836559e-04	1
19	rs16988665	58840905	0	-1.946886e-03	-7.774436e-04	1
19	rs16988667	58842180	0	-1.416326e-03	-4.825820e-04	1
19	rs16988668	58850756	0	-1.946886e-03	-7.774434e-04	1
19	rs171851	58758900	0	2.386769e-04	5.310910e-05	1
19	rs171852	58754386	0	4.162527e-04	6.852206e-05	1
19	rs171853	58685051	0	-2.097843e-03	-5.183622e-04	1
19	rs171854	58666802	0	9.308687e-05	2.209628e-05	1
19	rs174280	58711922	0	-3.394055e-03	-1.234737e-03	1
19	rs174281	58735457	0	-3.917483e-04	-1.029474e-04	1
19	rs176981	58655580	0	-2.433448e-04	-5.483848e-05	1
19	rs17853924	58806686	0	3.778936e-05	1.246460e-05	1
19	rs1808397	58572356	0	1.092772e-03	2.156501e-04	1
19	rs1812874	58632506	0	-9.597130e-04	-2.438742e-04	1
19	rs181320759	58658446	0	-9.524026e-05	-2.226901e-05	1
19	rs181994	58746054	0	4.173107e-04	9.959671e-05	1
19	rs182055294	58526154	6	2.255206e-05	6.386242e-06	1
19	rs183304547	58609059	0	-5.737802e-04	-2.292001e-04	1
19	rs184128	58548760	0	1.189405e-03	2.506687e-04	1
19	rs185464	58776863	0	-6.378952e-04	-1.093044e-04	1
19	rs185791	58644371	0	-4.620129e-04	-9.931255e-05	1
19	rs187760	58775192	0	2.374430e-04	4.025734e-05	1
19	rs188370	58529192	0	2.409686e-03	6.487369e-04	1
19	rs188415	58616313	0	4.771310e-04	1.028358e-04	1
19	rs188486366	58526153	6	2.255206e-05	6.386233e-06	1
19	rs190729	58658029	0	-1.244946e-03	-2.305552e-04	1
19	rs190882	58529365	0	2.339618e-03	6.189023e-04	1
19	rs190975	58631968	0	-7.748859e-04	-3.074766e-04	1
19	rs193390	58548658	0	-5.254807e-04	-1.400889e-04	1
19	rs1968868	58678383	0	-3.043142e-04	-6.782685e-05	1
19	rs1974819	58656963	0	2.670367e-04	6.346848e-05	1
19	rs1974826	58590145	0	1.169701e-03	2.550551e-04	1
19	rs1985434	58764185	0	-1.426724e-04	-2.287015e-05	1
19	rs1987625	58632634	0	-1.006198e-03	-2.702701e-04	1
19	rs1987626	58632649	0	-9.597130e-04	-2.438741e-04	1
19	rs1993463	58786898	0	7.609568e-04	2.589317e-04	1
19	rs1993464	58786953	0	1.896843e-04	3.646168e-05	1
19	rs2013635	58646792	0	1.744780e-04	4.060730e-05	1
19	rs204216	58660769	0	1.941121e-04	4.540991e-05	1
19	rs2046357	58673534	0	-5.643822e-04	-1.815478e-04	1
19	rs2052733	58625864	0	-9.597130e-04	-2.438741e-04	1
19	rs2052734	58626005	0	-1.123598e-03	-2.906716e-04	1
19	rs2052735	58626112	0	-8.054716e-04	-1.968279e-04	1
19	rs2062251	58715682	0	-2.266225e-04	-4.632752e-05	1
19	rs2081578	58669335	0	-8.377153e-04	-2.857626e-04	1
19	rs2098685	58630409	0	1.853151e-04	4.351542e-05	1
19	rs2098686	58630043	0	-7.549656e-04	-1.834752e-04	1
19	rs2098687	58630023	0	-7.549656e-04	-1.834752e-04	1
19	rs2098717	58524390	0	-1.564670e-03	-5.836376e-04	1
19	rs2100610	58802349	0	2.884235e-04	9.928397e-05	1
19	rs2112825	58614156	0	7.747545e-04	1.875844e-04	1
19	rs211579	58615270	0	-7.539083e-04	-1.912869e-04	1
19	rs2124911	58696798	0	-2.266225e-04	-4.632749e-05	1
19	rs2168644	58788393	0	3.643868e-04	6.492485e-05	1
19	rs2229375	58578578	0	4.510047e-04	8.199246e-05	1
19	rs2229379	58579923	0	3.831096e-04	7.074540e-05	1
19	rs2241406	58549593	0	-3.780143e-04	-1.101916e-04	1
19	rs2258557	58596449	0	1.416749e-03	3.874950e-04	1
19	rs2260914	58598784	0	1.690250e-03	4.454757e-04	1
19	rs2287837	58598670	0	-1.420718e-05	-3.157350e-06	1
19	rs2288274	58572959	0	1.300792e-03	2.637614e-04	1
19	rs2375233	58617203	0	-2.300219e-04	-4.893406e-05	1
19	rs2375234	58633323	0	-9.597130e-04	-2.438739e-04	1
19	rs2375235	58634745	0	-7.549656e-04	-1.834751e-04	1
19	rs2375470	58864867	0	1.153800e-03	3.824181e-04	1
19	rs2431835	58647214	0	6.441513e-04	1.131863e-04	1
19	rs2445854	58777608	1	5.777824e-04	9.857237e-05	1
19	rs2445855	58785181	0	6.442200e-04	1.232377e-04	1
19	rs2445856	58701358	0	-3.566562e-03	-1.334572e-03	1
19	rs2445857	58708507	0	-2.134017e-03	-8.223555e-04	1
19	rs2445858	58708730	0	-3.572133e-03	-1.351723e-03	1
19	rs2445859	58734330	0	-6.997813e-04	-1.995463e-04	1
19	rs2449628	58781945	0	1.226214e-03	2.216590e-04	1
19	rs2449629	58781917	0	1.337849e-03	2.424861e-04	1
19	rs2449631	58781652	0	1.428909e-03	2.618037e-04	1
19	rs2449632	58781379	0	1.226214e-03	2.216590e-04	1
19	rs2449634	58795207	0	-1.684071e-03	-5.223149e-04	1
19	rs2449635	58785227	0	9.498255e-04	1.795639e-04	1
19	rs2449636	58785202	0	5.268837e-04	1.073161e-04	1
19	rs2449638	58735033	0	-6.997813e-04	-1.995463e-04	1
19	rs2449639	58777772	0	-5.802227e-04	-9.961748e-05	1
19	rs2547257	58610107	0	8.147223e-04	1.833845e-04	1
19	rs2547258	58638685	0	-6.667603e-04	-1.480214e-04	1
19	rs2547259	58637237	0	-7.549656e-04	-1.834750e-04	1
19	rs2547260	58635294	0	-9.139022e-04	-1.643560e-04	1
19	rs2547295	58617479	0	-9.597130e-04	-2.438738e-04	1
19	rs2547296	58622896	0	-6.870659e-04	-1.653487e-04	1
19	rs2547297	58623249	0	-9.597130e-04	-2.438737e-04	1
19	rs2547298	58626436	0	-9.597130e-04	-2.438737e-04	1
19	rs2547347	58627459	0	-9.597130e-04	-2.438737e-04	1
19	rs2547348	58626879	0	-9.597130e-04	-2.438737e-04	1
19	rs2547349	58626742	0	-9.597130e-04	-2.438736e-04	1
19	rs2547350	58622950	0	-6.211981e-04	-1.524632e-04	1
19	rs2547351	58620965	0	-9.597130e-04	-2.438736e-04	1
19	rs2547352	58610720	0	7.110268e-04	1.669283e-04	1
19	rs2547355	58635125	0	-7.549656e-04	-1.834748e-04	1
19	rs2547356	58635146	0	-7.549656e-04	-1.834747e-04	1
19	rs2547357	58636155	0	-7.549656e-04	-1.834747e-04	1
19	rs2547358	58636656	0	-9.597130e-04	-2.438735e-04	1
19	rs2547359	58637389	0	-7.549656e-04	-1.834747e-04	1
19	rs2547360	58638399	0	-4.620129e-04	-9.931196e-05	1
19	rs2554963	58625364	0	1.546598e-03	4.058781e-04	1
19	rs2554964	58625504	0	-8.909971e-04	-2.363816e-04	1
19	rs2554965	58625638	0	-6.870659e-04	-1.653484e-04	1
19	rs2554966	58627271	0	-9.597130e-04	-2.438734e-04	1
19	rs2554967	58627382	0	-1.006198e-03	-2.702693e-04	1
19	rs2554968	58627406	0	-8.960419e-04	-2.304512e-04	1
19	rs2554970	58636732	0	7.246680e-04	1.703563e-04	1
19	rs2554972	58636174	0	-9.597130e-04	-2.438733e-04	1
19	rs2554973	58631032	0	-7.549656e-04	-1.834745e-04	1
19	rs2554978	58609677	0	-6.576589e-04	-1.705183e-04	1
19	rs2554981	58620273	0	1.068917e-03	2.635020e-04	1
19	rs2554982	58620524	0	-6.870659e-04	-1.653482e-04	1
19	rs2554983	58620872	0	-9.597130e-04	-2.438732e-04	1
19	rs2554984	58621104	0	-6.870659e-04	-1.653482e-04	1
19	rs2554985	58621438	0	-1.190647e-03	-3.223937e-04	1
19	rs2554986	58621492	0	-8.960419e-04	-2.304511e-04	1
19	rs2554987	58622985	0	-9.597130e-04	-2.438731e-04	1
19	rs260413	58710468	0	-2.134017e-03	-8.223553e-04	1
19	rs260415	58715944	0	-2.884378e-03	-8.963710e-04	1
19	rs260416	58717025	0	-2.441036e-03	-9.500088e-04	1
19	rs260418	58720918	0	-2.047456e-03	-5.078964e-04	1
19	rs260419	58721952	0	-1.906699e-03	-6.991220e-04	1
19	rs260420	58731704	0	-6.997813e-04	-1.995462e-04	1
19	rs260421	58731390	0	-1.707943e-03	-3.651626e-04	1
19	rs260422	58729833	0	-2.018322e-03	-4.643196e-04	1
19	rs260424	58726569	0	-8.081179e-04	-2.576756e-04	1
19	rs260425	58735740	0	-3.917483e-04	-1.029471e-04	1
19	rs260426	58736177	0	5.250324e-05	1.371828e-05	1
19	rs260427	58736226	0	-7.409123e-04	-1.821118e-04	1
19	rs260428	58736625	0	-3.360246e-04	-8.760971e-05	1
19	rs260430	58737161	0	-7.139350e-04	-1.908965e-04	1
19	rs260432	58738273	0	-7.139350e-04	-1.908965e-04	1
19	rs260433	58738897	0	-1.851336e-03	-4.180846e-04	1
19	rs260434	58739039	0	-4.221562e-04	-1.081941e-04	1
19	rs260435	58739704	0	-7.139350e-04	-1.908964e-04	1
19	rs260436	58739710	0	-5.091876e-04	-1.342376e-04	1
19	rs260437	58739744	0	-8.235012e-04	-2.219544e-04	1
19	rs260438	58740339	0	-7.139350e-04	-1.908964e-04	1
19	rs260444	58745470	0	-1.044729e-03	-2.026599e-04	1
19	rs260446	58746861	0	7.395062e-04	1.850646e-04	1
19	rs260448	58764375	0	-4.266158e-06	-6.806127e-07	1
19	rs260449	58765459	0	6.521684e-04	1.094455e-04	1
19	rs260450	58766410	0	5.695260e-04	9.454338e-05	1
19	rs260451	58766550	0	6.521684e-04	1.094455e-04	1
19	rs260452	58766874	0	6.521684e-04	1.094455e-04	1
19	rs260453	58767151	0	6.521684e-04	1.094455e-04	1
19	rs260454	58767168	0	-2.090136e-04	-3.354676e-05	1
19	rs260455	58767492	0	6.165873e-04	1.427934e-04	1
19	rs260456	58767565	0	-4.266158e-06	-6.805886e-07	1
19	rs260457	58767697	0	6.521684e-04	1.094455e-04	1
19	rs260459	58768500	0	6.521684e-04	1.094455e-04	1
19	rs260460	58769790	6	1.448027e-05	5.351003e-06	1
19	rs260461	58770883	0	6.165873e-04	1.427934e-04	1
19	rs260462	58774071	0	5.316057e-04	9.185011e-05	1
19	rs260464	58774762	0	2.374430e-04	4.025776e-05	1
19	rs260465	58775486	0	2.374430e-04	4.025776e-05	1
19	rs260466	58775737	0	-3.291342e-04	-5.532798e-05	1
19	rs260467	58776215	0	1.853934e-05	3.118550e-06	1
19	rs260468	58776630	0	3.127020e-04	5.322709e-05	1
19	rs260469	58776765	0	1.853934e-05	3.118548e-06	1
19	rs260472	58807757	0	-6.597931e-04	-2.393333e-04	1
19	rs260473	58798137	0	-5.790064e-04	-1.056642e-04	1
19	rs260474	58798300	0	-3.742590e-04	-6.780703e-05	1
19	rs260475	58798490	0	-6.856309e-04	-1.489954e-04	1
19	rs260476	58798598	0	-5.790064e-04	-1.056642e-04	1
19	rs260477	58798628	0	-8.528094e-04	-1.596364e-04	1
19	rs260478	58751030	0	4.162527e-04	6.852269e-05	1
19	rs260482	58748274	0	9.705254e-04	2.508253e-04	1
19	rs260483	58748180	0	1.060383e-03	2.788073e-04	1
19	rs260484	58758451	0	1.377286e-04	2.223331e-05	1
19	rs260486	58753937	0	1.377286e-04	2.223332e-05	1
19	rs260487	58685347	0	-2.073884e-03	-5.440587e-04	1
19	rs260488	58686991	0	-2.570517e-03	-1.147239e-03	1
19	rs260491	58664447	0	2.758292e-04	6.356450e-05	1
19	rs260492	58668565	0	-5.126361e-05	-1.176161e-05	1
19	rs260493	58671334	0	1.018794e-04	2.343585e-05	1
19	rs260495	58794240	0	-5.787945e-04	-1.246984e-04	1
19	rs260496	58794033	0	-8.415690e-04	-1.820711e-04	1
19	rs260497	58792213	0	1.819505e-04	3.319966e-05	1
19	rs260498	58792190	0	5.542911e-04	1.026068e-04	1
19	rs260499	58791716	0	-5.787945e-04	-1.246984e-04	1
19	rs260500	58791213	0	1.819505e-04	3.319966e-05	1
19	rs260501	58790807	0	3.845598e-04	7.037532e-05	1
19	rs260502	58790784	0	-5.787945e-04	-1.246984e-04	1
19	rs260503	58790095	0	1.819505e-04	3.319966e-05	1
19	rs281061	58643376	1	1.610973e-04	3.383735e-05	1
19	rs281063	58651941	0	-8.731631e-04	-1.590559e-04	1
19	rs281064	58649998	0	-4.985146e-04	-1.095174e-04	1
19	rs281065	58645577	0	-1.345617e-03	-2.537500e-04	1
19	rs281066	58644840	0	-1.100789e-03	-2.925938e-04	1
19	rs281069	58659039	2	-6.062086e-04	-1.020685e-04	1
19	rs281070	58658691	0	-7.371326e-04	-1.257656e-04	1
19	rs281072	58657714	0	-7.593365e-04	-1.381529e-04	1
19	rs281073	58656418	0	-1.013208e-03	-1.855728e-04	1
19	rs281074	58656176	0	1.941121e-04	4.541026e-05	1
19	rs281075	58655106	0	1.941121e-04	4.541026e-05	1
19	rs281076	58654307	0	-1.242629e-03	-2.330498e-04	1
19	rs281077	58653376	0	-9.063042e-04	-1.640851e-04	1
19	rs281078	58653320	0	-6.332053e-04	-1.625956e-04	1
19	rs281079	58678388	0	-1.146916e-03	-3.155995e-04	1
19	rs281080	58700131	2	-3.944993e-03	-1.556389e-03	1
19	rs281081	58698915	0	-3.222169e-03	-1.067489e-03	1
19	rs28521102	58597905	0	2.954409e-04	1.137903e-04	1
19	rs28725494	58633618	0	1.589365e-04	3.227686e-05	1
19	rs28757810	58813720	0	-2.010412e-04	-3.666185e-05	1
19	rs28840697	58825728	0	7.279655e-04	2.164009e-04	1
19	rs2889031	58659115	1	4.327444e-04	6.977338e-05	1
19	rs292821	58531419	0	-9.148163e-05	-2.377576e-05	1
19	rs292826	58540860	0	1.502070e-03	3.254494e-04	1
19	rs292827	58544472	0	2.521191e-03	6.713569e-04	1
19	rs292828	58545133	0	-2.993624e-04	-8.742131e-05	1
19	rs292831	58529741	0	-9.148163e-05	-2.377576e-05	1
19	rs2930099	58779403	0	-2.160788e-04	-4.627769e-05	1
19	rs2930100	58747687	0	4.453436e-04	1.091326e-04	1
19	rs295345	58654195	0	3.282890e-05	7.481450e-06	1
19	rs295346	58616280	0	1.068917e-03	2.635020e-04	1
19	rs295347	58616256	0	2.723836e-04	5.719256e-05	1
19	rs299847	58680688	0	-1.817286e-03	-6.372161e-04	1
19	rs3087604	58813750	0	-3.603976e-04	-6.607838e-05	1
19	rs34003091	58662254	0	-3.693586e-04	-8.546442e-05	1
19	rs34006653	58731821	1	-1.145026e-03	-2.603711e-04	1
19	rs34114202	58599443	0	1.175504e-04	2.572395e-05	1
19	rs34370122	58546475	0	-2.232298e-03	-6.801201e-04	1
19	rs34380569	58648528	0	-7.986570e-04	-1.694819e-04	1
19	rs34421357	58835863	0	-1.672897e-03	-5.227358e-04	1
19	rs34469398	58677396	0	-6.720308e-04	-2.542563e-04	1
19	rs34503352	58651296	0	-3.693586e-04	-8.546436e-05	1
19	rs34526068	58658066	0	-7.371326e-04	-1.257654e-04	1
19	rs34648696	58554613	0	-1.484971e-03	-3.934055e-04	1
19	rs34702066	58582806	0	1.518727e-04	2.793264e-05	1
19	rs34914886	58774094	0	-3.213971e-04	-1.187079e-04	1
19	rs34947459	58655880	0	2.758292e-04	6.356445e-05	1
19	rs34990434	58550992	0	-1.238767e-03	-3.005533e-04	1
19	rs35081008	58662235	0	-3.693586e-04	-8.546431e-05	1
19	rs35220005	58550233	0	-9.129543e-04	-2.107068e-04	1
19	rs35358425	58599760	0	2.448926e-04	5.277491e-05	1
19	rs35511051	58665817	0	-1.207074e-03	-2.698529e-04	1
19	rs35711932	58658152	0	-9.234277e-04	-1.690399e-04	1
19	rs35740250	58694015	0	-8.607002e-04	-3.280924e-04	1
19	rs35747322	58544096	0	-1.586806e-03	-4.251771e-04	1
19	rs36057771	58836133	0	-1.672897e-03	-5.227357e-04	1
19	rs36098050	58652725	0	-3.693586e-04	-8.546424e-05	1
19	rs36100363	58710837	0	-2.266225e-04	-4.632685e-05	1
19	rs36111946	58836128	0	-2.907016e-03	-1.541212e-03	1
19	rs365040	58799529	0	-7.631363e-04	-1.672536e-04	1
19	rs365699	58799652	0	-7.223559e-04	-1.305356e-04	1
19	rs370335292	58658750	0	-9.710104e-04	-2.100050e-04	1
19	rs371120005	58658933	0	7.759343e-04	1.870682e-04	1
19	rs371149	58779654	0	8.114885e-04	1.439766e-04	1
19	rs373337854	58658806	0	-1.144001e-03	-3.962124e-04	1
19	rs374431	58790713	0	3.845598e-04	7.037548e-05	1
19	rs3745129	58637498	0	-1.345617e-03	-2.537495e-04	1
19	rs3745142	58836745	0	-2.907016e-03	-1.541212e-03	1
19	rs376460183	58658873	0	-9.108300e-04	-2.025214e-04	1
19	rs376570508	58658612	0	-1.207074e-03	-2.698528e-04	1
19	rs378452	58786520	0	9.896599e-06	1.746838e-06	1
19	rs379075	58785739	0	1.664224e-04	2.938767e-05	1
19	rs3810126	58610254	0	-1.298939e-03	-2.448388e-04	1
19	rs384702	58552801	0	-1.819574e-04	-5.356423e-05	1
19	rs3848524	58816529	0	8.268365e-04	2.553114e-04	1
19	rs3892385	58602870	0	8.777848e-04	3.212905e-04	1
19	rs390667	58733011	0	-6.997813e-04	-1.995458e-04	1
19	rs392644	58780503	0	1.226214e-03	2.216595e-04	1
19	rs392687	58779566	0	2.454233e-04	4.207732e-05	1
19	rs3953740	58659362	0	2.902224e-04	5.752256e-05	1
19	rs400733	58797344	0	-7.487377e-04	-1.378648e-04	1
19	rs401706	58733555	0	-4.950339e-04	-1.392523e-04	1
19	rs403408	58684407	0	-1.274534e-03	-2.391768e-04	1
19	rs4084852	58835255	0	-1.672897e-03	-5.227354e-04	1
19	rs414948	58738375	0	-7.139350e-04	-1.908962e-04	1
19	rs424114	58733641	0	-6.997813e-04	-1.995458e-04	1
19	rs425516	58781229	0	9.320512e-04	1.619394e-04	1
19	rs425605	58786623	0	-7.730692e-04	-1.432392e-04	1
19	rs427988	58779785	0	1.226214e-03	2.216595e-04	1
19	rs429770	58787836	0	-2.199646e-04	-4.742116e-05	1
19	rs431093	58786084	0	-5.927304e-05	-1.027503e-05	1
19	rs432181	58799781	0	-7.223559e-04	-1.305356e-04	1
19	rs432426	58780131	0	1.428909e-03	2.618043e-04	1
19	rs435442	58807827	0	-1.334613e-04	-4.789186e-05	1
19	rs437183	58799635	0	-7.223559e-04	-1.305356e-04	1
19	rs437229	58790675	0	1.221916e-05	2.221075e-06	1
19	rs439333	58783027	0	9.320512e-04	1.619394e-04	1
19	rs4444432	58715538	0	-2.266225e-04	-4.632681e-05	1
19	rs446075	58766735	0	6.521684e-04	1.094458e-04	1
19	rs448147	58778070	0	4.536547e-04	7.742777e-05	1
19	rs448403	58786146	0	8.178130e-04	1.455716e-04	1
19	rs4496257	58669456	0	2.356579e-04	4.667449e-05	1
19	rs449697	58787977	0	-5.787945e-04	-1.246983e-04	1
19	rs4524039	58625270	0	-7.696223e-04	-1.904711e-04	1
19	rs453737	58800252	0	-6.565117e-04	-1.193265e-04	1
19	rs45535435	58846866	0	-1.946886e-03	-7.774431e-04	1
19	rs45571742	58552111	0	-1.238767e-03	-3.005532e-04	1
19	rs45589034	58640964	0	7.246680e-04	1.703562e-04	1
19	rs45598236	58521433	0	-3.481916e-04	-1.032543e-04	1
19	rs45601339	58718247	0	6.685753e-04	2.158057e-04	1
19	rs4599020	58691998	0	-6.207983e-05	-1.227574e-05	1
19	rs4608428	58618579	0	-9.597130e-04	-2.438726e-04	1
19	rs4801246	58522534	0	2.257301e-03	5.891510e-04	1
19	rs4801247	58522561	0	3.077139e-03	9.586042e-04	1
19	rs4801250	58616674	0	7.759645e-04	1.752503e-04	1
19	rs4801251	58617042	0	1.068917e-03	2.635019e-04	1
19	rs4801252	58631676	0	-1.006198e-03	-2.702685e-04	1
19	rs4801262	58848116	0	-2.811375e-04	-9.039367e-05	1
19	rs4801541	58521224	0	1.199582e-03	2.124662e-04	1
19	rs4801542	58522974	0	1.738350e-03	4.424768e-04	1
19	rs4801543	58523804	0	1.738350e-03	4.424767e-04	1
19	rs4801544	58526202	0	1.641203e-03	4.813333e-04	1
19	rs4801546	58526387	0	1.739962e-03	4.344622e-04	1
19	rs4801547	58526742	0	1.897308e-03	5.890960e-04	1
19	rs4801548	58528978	0	1.456341e-03	3.958550e-04	1
19	rs4801555	58600977	0	-5.485828e-04	-1.224275e-04	1
19	rs4801559	58627808	0	-6.870659e-04	-1.653476e-04	1
19	rs4801562	58634756	0	2.585998e-04	5.662082e-05	1
19	rs4801564	58644826	0	8.836045e-04	1.617060e-04	1
19	rs4801565	58674249	0	-1.784582e-04	-4.092765e-05	1
19	rs4801566	58674788	0	-3.107112e-04	-7.046298e-05	1
19	rs4801567	58675005	0	-3.043142e-04	-6.782714e-05	1
19	rs4801572	58752932	0	-2.785241e-04	-9.147541e-05	1
19	rs4801573	58754058	0	-2.785241e-04	-9.147541e-05	1
19	rs4801574	58754102	0	-2.785241e-04	-9.147540e-05	1
19	rs4801576	58779342	0	8.121760e-04	2.970788e-04	1
19	rs4801577	58799044	0	8.189839e-04	2.952071e-04	1
19	rs4801578	58801599	0	8.189839e-04	2.952071e-04	1
19	rs4801579	58863449	0	1.248398e-03	3.748818e-04	1
19	rs495839	58545500	2	3.627612e-05	1.032197e-05	1
19	rs500286	58785900	0	9.273792e-04	1.680372e-04	1
19	rs523073	58647358	0	-9.806249e-04	-1.775506e-04	1
19	rs547045	58788236	0	-8.280101e-06	-1.566235e-06	1
19	rs548671	58801518	1	1.997332e-04	3.604345e-05	1
19	rs550471	58801687	0	8.374147e-04	1.747027e-04	1
19	rs551116	58684611	0	-1.274534e-03	-2.391766e-04	1
19	rs55633565	58530628	0	1.191810e-03	3.149883e-04	1
19	rs55697390	58674301	0	-4.697913e-04	-1.475462e-04	1
19	rs55734122	58733610	0	1.116394e-03	2.729512e-04	1
19	rs55827758	58842450	0	-1.946886e-03	-7.774429e-04	1
19	rs55833862	58637690	0	-1.819679e-04	-4.349404e-05	1
19	rs55945602	58632305	0	4.305053e-04	1.007356e-04	1
19	rs56065611	58520480	0	1.199582e-03	2.124663e-04	1
19	rs56066701	58841066	0	-1.946886e-03	-7.774429e-04	1
19	rs56121586	58585744	0	4.510047e-04	8.199200e-05	1
19	rs56161266	58816642	0	5.530108e-04	2.129832e-04	1
19	rs56236214	58817958	0	2.407497e-04	8.929972e-05	1
19	rs56273550	58611001	0	-1.932683e-04	-6.948758e-05	1
19	rs56395112	58577672	0	7.236519e-04	1.365090e-04	1
19	rs56654816	58845187	0	-1.946886e-03	-7.774428e-04	1
19	rs56688575	58851238	0	-1.946886e-03	-7.774427e-04	1
19	rs56725489	58830709	0	-2.084750e-03	-7.086507e-04	1
19	rs57140425	58709015	0	7.208098e-04	2.242692e-04	1
19	rs57201473	58851686	0	-1.946886e-03	-7.774425e-04	1
19	rs57656768	58648536	0	-4.732502e-04	-1.746776e-04	1
19	rs57760408	58821683	0	-2.612412e-03	-1.300274e-03	1
19	rs57785785	58815158	0	4.784617e-04	1.597752e-04	1
19	rs57797045	58534654	0	1.416558e-03	4.265106e-04	1
19	rs58071659	58784272	0	-1.350053e-04	-4.883328e-05	1
19	rs58231369	58754967	0	-2.785241e-04	-9.147531e-05	1
19	rs58371330	58823196	0	-2.702269e-03	-1.350796e-03	1
19	rs58509147	58840490	0	-1.416326e-03	-4.825811e-04	1
19	rs58576937	58577443	0	2.263251e-04	8.588533e-05	1
19	rs58617733	58842534	0	-1.946886e-03	-7.774421e-04	1
19	rs58899074	58611996	0	-1.298939e-03	-2.448388e-04	1
19	rs59054150	58850341	0	-1.946886e-03	-7.774421e-04	1
19	rs59114323	58649994	0	-5.780994e-04	-1.222758e-04	1
19	rs59238777	58625136	0	-1.108297e-03	-3.984601e-04	1
19	rs59678004	58813932	0	-3.587150e-04	-6.660708e-05	1
19	rs59874238	58841861	0	-1.946886e-03	-7.774420e-04	1
19	rs59894429	58577444	0	7.236519e-04	1.365090e-04	1
19	rs59908383	58828737	0	-1.740797e-03	-5.394913e-04	1
19	rs59925483	58672788	0	-1.322530e-04	-4.947397e-05	1
19	rs59967605	58835563	0	-1.672897e-03	-5.227344e-04	1
19	rs60075099	58831141	0	-2.974916e-03	-1.571437e-03	1
19	rs60245393	58842745	0	-1.946886e-03	-7.774416e-04	1
19	rs60296671	58843881	0	-1.946886e-03	-7.774415e-04	1
19	rs60329830	58755072	0	-2.785241e-04	-9.147519e-05	1
19	rs60348321	58841939	0	-1.946886e-03	-7.774414e-04	1
19	rs60404734	58812785	0	4.962805e-04	1.785165e-04	1
19	rs60818748	58842735	0	-1.946886e-03	-7.774414e-04	1
19	rs60973470	58779425	0	-5.923233e-05	-2.162147e-05	1
19	rs61096651	58845296	0	-1.946886e-03	-7.774413e-04	1
19	rs61219003	58842883	6	-8.159463e-06	-3.112322e-06	1
19	rs61301121	58745159	0	-7.691672e-04	-2.371054e-04	1
19	rs61460516	58851462	0	-1.946886e-03	-7.774412e-04	1
19	rs61468392	58823221	0	-2.612412e-03	-1.300272e-03	1
19	rs61514202	58844606	0	-1.946886e-03	-7.774410e-04	1
19	rs61521274	58830879	0	-1.740797e-03	-5.394905e-04	1
19	rs61566502	58581038	0	3.363210e-04	6.144561e-05	1
19	rs61635555	58834694	0	-2.907016e-03	-1.541206e-03	1
19	rs61745224	58723706	0	2.288823e-04	8.686634e-05	1
19	rs620297	58545433	0	2.709764e-03	7.516003e-04	1
19	rs62114175	58776480	0	3.127020e-04	5.322723e-05	1
19	rs62114176	58776483	0	1.853934e-05	3.118680e-06	1
19	rs62114178	58778451	0	8.333840e-04	1.564722e-04	1
19	rs62114179	58778512	0	8.114885e-04	1.439765e-04	1
19	rs62114183	58786176	0	-3.808301e-04	-8.302033e-05	1
19	rs62114208	58787115	0	-3.688312e-04	-8.049908e-05	1
19	rs62114212	58831966	0	-6.406017e-04	-1.498182e-04	1
19	rs62116004	58720201	0	-4.826057e-04	-9.820555e-05	1
19	rs62116017	58738767	0	-1.177968e-03	-2.684104e-04	1
19	rs62116373	58850206	0	-2.887951e-04	-1.124589e-04	1
19	rs62116378	58875268	0	2.927097e-04	8.489033e-05	1
19	rs62116379	58875335	0	2.927097e-04	8.489033e-05	1
19	rs62116380	58876618	0	8.232700e-04	2.490762e-04	1
19	rs62125248	58568181	0	-1.877708e-03	-3.545132e-04	1
19	rs62125894	58679627	0	2.543852e-04	5.918781e-05	1
19	rs62125914	58706186	0	-2.266225e-04	-4.632685e-05	1
19	rs62125917	58711509	0	-2.266225e-04	-4.632684e-05	1
19	rs62126787	58586371	0	7.236519e-04	1.365090e-04	1
19	rs62126791	58587777	0	4.510047e-04	8.199204e-05	1
19	rs62126796	58612051	1	8.303345e-04	1.975776e-04	1
19	rs63283	58740490	0	-2.719220e-04	-7.035687e-05	1
19	rs6510116	58604319	0	-3.638486e-04	-8.129445e-05	1
19	rs6510125	58637152	0	1.589365e-04	3.227657e-05	1
19	rs6510126	58675916	0	-3.043142e-04	-6.782714e-05	1
19	rs6510128	58761107	0	-3.944545e-05	-6.948424e-06	1
19	rs6510129	58761533	0	-3.944545e-05	-6.948418e-06	1
19	rs6510131	58776347	0	-2.913260e-04	-1.039017e-04	1
19	rs6510133	58801186	0	-3.179968e-04	-5.656112e-05	1
19	rs6510136	58824721	0	-1.714442e-03	-5.546467e-04	1
19	rs6510137	58864150	0	5.531714e-04	1.645513e-04	1
19	rs66616365	58667964	0	2.356579e-04	4.667436e-05	1
19	rs67047437	58676662	0	7.468872e-04	1.590515e-04	1
19	rs67781917	58524126	0	1.738350e-03	4.424763e-04	1
19	rs67825948	58525067	0	1.738350e-03	4.424762e-04	1
19	rs71333247	58559583	0	-1.274063e-03	-2.969836e-04	1
19	rs71333251	58738839	0	-9.785440e-04	-2.210327e-04	1
19	rs71354068	58531715	0	2.208958e-04	7.083291e-05	1
19	rs71355829	58551080	0	-1.182401e-03	-2.792095e-04	1
19	rs71355833	58657180	0	-1.207074e-03	-2.698525e-04	1
19	rs719009	58584722	0	4.510047e-04	8.199200e-05	1
19	rs719010	58584765	0	4.510047e-04	8.199199e-05	1
19	rs719011	58584841	0	2.513442e-04	4.517566e-05	1
19	rs723669	58563100	0	-1.144192e-03	-2.677166e-04	1
19	rs7245923	58874709	0	2.927097e-04	8.489034e-05	1
19	rs7246174	58765348	0	-9.505972e-04	-3.443256e-04	1
19	rs7246751	58804121	0	4.404778e-04	1.435567e-04	1
19	rs7248057	58774513	0	-4.130242e-04	-1.456140e-04	1
19	rs7248493	58711108	0	-7.437815e-04	-1.658074e-04	1
19	rs7248512	58716363	0	-1.666504e-03	-3.344355e-04	1
19	rs7249664	58586610	0	8.667074e-04	1.743880e-04	1
19	rs7250280	58713774	0	-9.068530e-05	-1.846807e-05	1
19	rs7250524	58611423	0	-1.298939e-03	-2.448388e-04	1
19	rs7250610	58611723	0	-8.421072e-04	-2.220137e-04	1
19	rs7250711	58611592	0	-1.298939e-03	-2.448388e-04	1
19	rs7250715	58611606	0	-2.342533e-04	-4.981677e-05	1
19	rs7250816	58581572	0	1.700262e-03	4.066749e-04	1
19	rs7251261	58629081	10	-1.482707e-04	-3.310652e-05	1
19	rs7251536	58620679	0	-1.799653e-04	-3.607895e-05	1
19	rs7252129	58657428	0	2.902224e-04	5.752240e-05	1
19	rs7252304	58629122	1	-1.364629e-03	-3.487402e-04	1
19	rs7253055	58793554	0	-1.309812e-03	-2.863888e-04	1
19	rs7253344	58779340	0	7.808095e-04	1.351352e-04	1
19	rs7253357	58779369	0	8.114885e-04	1.439765e-04	1
19	rs7255290	58583832	0	3.363210e-04	6.144557e-05	1
19	rs7255605	58584251	0	3.363210e-04	6.144556e-05	1
19	rs7256349	58718269	0	-6.185429e-04	-1.271231e-04	1
19	rs7256664	58600587	0	-4.761234e-04	-1.056678e-04	1
19	rs7257788	58788901	0	8.189839e-04	2.952073e-04	1
19	rs7258103	58627235	0	2.469779e-04	5.101511e-05	1
19	rs7258239	58734410	2	-3.839915e-04	-1.046983e-04	1
19	rs7260445	58571049	0	1.188367e-04	4.063850e-05	1
19	rs72629170	58876368	0	4.926401e-04	1.403586e-04	1
19	rs73056266	58702854	0	-1.395474e-04	-5.221300e-05	1
19	rs73056270	58709763	0	-1.395474e-04	-5.221300e-05	1
19	rs73056279	58726998	0	6.866523e-05	2.367305e-05	1
19	rs73056286	58750550	0	-1.463386e-03	-5.686078e-04	1
19	rs73056388	58584525	0	3.363210e-04	6.144555e-05	1
19	rs73058504	58589515	0	4.510047e-04	8.199192e-05	1
19	rs73060214	58846001	0	4.193336e-04	1.611570e-04	1
19	rs73071847	58548748	0	-1.530455e-03	-3.926545e-04	1
19	rs735507	58720360	0	-7.960240e-04	-1.678315e-04	1
19	rs73566790	58743866	0	-5.847189e-04	-1.751769e-04	1
19	rs73570604	58810827	0	-8.564662e-04	-2.352165e-04	1
19	rs73570633	58828121	0	-2.907016e-03	-1.541206e-03	1
19	rs73570653	58832874	0	-1.672897e-03	-5.227332e-04	1
19	rs73570658	58834522	0	-2.907016e-03	-1.541205e-03	1
19	rs73570691	58841364	0	-1.946886e-03	-7.774402e-04	1
19	rs73570694	58841515	0	-1.946886e-03	-7.774402e-04	1
19	rs73572621	58845441	0	-1.946886e-03	-7.774401e-04	1
19	rs73572630	58847132	0	-2.131334e-03	-9.393862e-04	1
19	rs73572641	58852541	0	-1.946886e-03	-7.774399e-04	1
19	rs7359845	58831819	0	-1.740797e-03	-5.394895e-04	1
19	rs7359922	58830261	0	-1.740797e-03	-5.394894e-04	1
19	rs73939627	58848734	0	-1.808480e-03	-7.137687e-04	1
19	rs74357328	58550617	0	-7.863712e-04	-3.091233e-04	1
19	rs74414988	58524349	0	-3.481916e-04	-1.032545e-04	1
19	rs74496797	58749776	0	-2.785241e-04	-9.147493e-05	1
19	rs74625788	58757001	0	-2.785241e-04	-9.147492e-05	1
19	rs74815034	58658965	0	-6.485589e-04	-1.367454e-04	1
19	rs75072205	58755366	0	2.520363e-04	8.194823e-05	1
19	rs7507609	58611111	0	-1.064686e-03	-1.902587e-04	1
19	rs7508106	58876115	0	1.505717e-03	5.974339e-04	1
19	rs751745	58722129	0	-3.070189e-04	-1.132981e-04	1
19	rs753530	58632768	0	-7.549656e-04	-1.834740e-04	1
19	rs75597	58720236	0	-1.227297e-03	-4.060005e-04	1
19	rs75904835	58810044	0	6.597931e-04	2.393335e-04	1
19	rs76652149	58524660	0	-3.481916e-04	-1.032545e-04	1
19	rs76795181	58684319	0	3.804071e-05	1.469240e-05	1
19	rs76798942	58653114	0	3.472551e-04	8.185394e-05	1
19	rs76958646	58562357	0	6.544550e-04	2.341841e-04	1
19	rs76963345	58743142	0	3.707365e-04	1.315935e-04	1
19	rs77140992	58521189	0	-3.481916e-04	-1.032545e-04	1
19	rs77193614	58820450	0	4.591785e-04	1.322074e-04	1
19	rs77222313	58533610	0	-5.406849e-04	-1.615927e-04	1
19	rs77262558	58684431	0	7.923772e-04	2.899320e-04	1
19	rs77377117	58742665	0	-1.782534e-03	-8.331853e-04	1
19	rs78202231	58668413	0	5.190442e-04	1.889823e-04	1
19	rs78282479	58682941	0	-5.643822e-04	-1.815477e-04	1
19	rs78293168	58755872	0	-2.785241e-04	-9.147492e-05	1
19	rs78487872	58855393	0	5.466898e-04	2.151896e-04	1
19	rs78560062	58662212	0	-1.833342e-05	-4.289398e-06	1
19	rs78604285	58712758	0	8.974671e-04	3.362378e-04	1
19	rs78664025	58695007	0	-1.560264e-03	-6.863578e-04	1
19	rs78968038	58658294	0	2.902224e-04	5.752233e-05	1
19	rs79132177	58701780	0	7.208098e-04	2.242691e-04	1
19	rs79135878	58642383	0	5.190442e-04	1.889823e-04	1
19	rs79192210	58561312	0	3.740128e-04	1.416485e-04	1
19	rs79208032	58556652	0	-1.588069e-03	-4.271131e-04	1
19	rs79222418	58664418	0	-3.693586e-04	-8.546386e-05	1
19	rs79259289	58752257	0	2.386769e-04	5.310965e-05	1
19	rs79287592	58789765	0	6.142365e-04	2.134418e-04	1
19	rs79463936	58755254	0	2.520363e-04	8.194823e-05	1
19	rs79481083	58820403	0	7.284507e-04	2.178821e-04	1
19	rs79562691	58745897	0	-4.228858e-05	-1.632763e-05	1
19	rs79894507	58699453	0	8.974671e-04	3.362378e-04	1
19	rs79955355	58665816	0	-8.404427e-04	-3.326793e-04	1
19	rs80090318	58702017	0	7.208098e-04	2.242691e-04	1
19	rs80153933	58526696	0	-1.573464e-04	-4.570262e-05	1
19	rs80298408	58807275	0	6.335892e-05	2.270170e-05	1
19	rs80320621	58816329	0	8.268365e-04	2.553115e-04	1
19	rs8100276	58534236	0	1.416558e-03	4.265104e-04	1
19	rs8100534	58534484	0	1.416558e-03	4.265103e-04	1
19	rs8100738	58581904	0	4.510047e-04	8.199194e-05	1
19	rs8102157	58589599	0	1.169701e-03	2.550542e-04	1
19	rs8103853	58577762	0	1.700262e-03	4.066748e-04	1
19	rs8104061	58795986	0	-8.773066e-04	-1.839726e-04	1
19	rs8104276	58603983	0	1.122028e-03	2.518864e-04	1
19	rs8105044	58796805	0	3.616570e-04	6.384851e-05	1
19	rs8105799	58761585	0	-3.944545e-05	-6.948322e-06	1
19	rs8105906	58791636	0	8.189839e-04	2.952073e-04	1
19	rs8105935	58821088	0	4.591785e-04	1.322074e-04	1
19	rs8107581	58809154	0	6.182585e-04	1.055209e-04	1
19	rs8107931	58636461	0	-9.597130e-04	-2.438726e-04	1
19	rs8108238	58757968	0	-2.785241e-04	-9.147492e-05	1
19	rs8108371	58730394	0	-5.303162e-04	-1.787086e-04	1
19	rs8108493	58730489	0	-2.107577e-04	-7.271786e-05	1
19	rs8109093	58833871	0	-1.672897e-03	-5.227325e-04	1
19	rs8109275	58629878	0	-7.549656e-04	-1.834740e-04	1
19	rs8109359	58629914	0	-7.549656e-04	-1.834739e-04	1
19	rs8109471	58621794	0	-9.597130e-04	-2.438725e-04	1
19	rs8109694	58621307	0	-1.190647e-03	-3.223926e-04	1
19	rs8109925	58623323	0	-9.597130e-04	-2.438725e-04	1
19	rs8109937	58584643	0	4.510047e-04	8.199188e-05	1
19	rs8110117	58600626	0	1.489110e-04	3.233581e-05	1
19	rs8110249	58824237	0	-1.362135e-03	-4.018960e-04	1
19	rs8110941	58824163	0	-1.688707e-03	-5.406470e-04	1
19	rs8111222	58750413	0	-3.336081e-04	-5.973560e-05	1
19	rs8111238	58667076	0	6.840611e-05	1.350069e-05	1
19	rs8111301	58750326	0	-2.785241e-04	-9.147490e-05	1
19	rs8111498	58749994	0	-4.832715e-04	-1.595436e-04	1
19	rs8112286	58752391	0	-3.663462e-04	-1.173829e-04	1
19	rs8112340	58759679	0	-9.407584e-05	-2.980418e-05	1
19	rs877796	58753615	0	-8.737242e-04	-2.824698e-04	1
19	rs877797	58753649	0	-2.785241e-04	-9.147487e-05	1
19	rs889158	58601981	0	1.692375e-03	3.520873e-04	1
19	rs889159	58584522	0	2.321011e-04	4.146227e-05	1
19	rs889160	58584434	0	1.163304e-03	2.500852e-04	1
19	rs889161	58584324	0	4.510047e-04	8.199184e-05	1
19	rs893180	58865091	0	4.852716e-04	1.445082e-04	1
19	rs893181	58865082	0	4.852716e-04	1.445082e-04	1
19	rs893182	58865068	0	4.852716e-04	1.445082e-04	1
19	rs893183	58865054	0	5.531714e-04	1.645508e-04	1
19	rs893184	58864479	0	5.531714e-04	1.645508e-04	1
19	rs918544	58620103	0	-9.597130e-04	-2.438725e-04	1
19	rs918545	58620068	0	-9.597130e-04	-2.438725e-04	1
19	rs922929	58734596	0	-4.950339e-04	-1.392520e-04	1
19	rs922931	58734749	0	-6.997813e-04	-1.995454e-04	1
19	rs933670	58619847	0	-1.865784e-03	-6.886356e-04	1
19	rs9676281	58756728	0	-5.726868e-04	-1.985098e-04	1
19	rs9676287	58756655	0	-2.785241e-04	-9.147484e-05	1
19	rs9676487	58756869	0	-5.726868e-04	-1.985098e-04	1
19	rs971711	58632872	0	-1.190647e-03	-3.223925e-04	1
