chr	rs	ps	n_miss	b	beta	gamma
16	rs10083738	29927702	0	-2.180279e-04	-4.780422e-06	1
16	rs10163301	29149596	0	-1.844220e-05	-4.115118e-07	1
16	rs10204	29826538	0	-3.383610e-04	-7.594179e-06	1
16	rs1036696	30682376	0	2.343315e-04	5.341480e-06	1
16	rs10445105	29999488	0	5.187772e-05	1.169932e-06	1
16	rs1045968	29826365	0	-5.552660e-05	-1.243320e-06	1
16	rs1046276	30914626	0	2.903140e-04	6.393905e-06	1
16	rs1050881	29675928	0	-1.281199e-04	-2.898636e-06	1
16	rs1057451	29833488	0	3.383610e-04	7.594179e-06	1
16	rs1057452	29833714	0	-5.118525e-05	-1.146130e-06	1
16	rs1064524	30492823	0	3.434947e-04	7.814209e-06	1
16	rs10782001	30942625	0	-2.222710e-04	-4.881043e-06	1
16	rs10782002	30946506	0	-1.089397e-04	-2.390575e-06	1
16	rs10871449	29652488	0	-2.742896e-04	-6.004282e-06	1
16	rs10871451	29986205	0	-2.423464e-04	-5.316755e-06	1
16	rs10871453	30536918	0	3.869328e-04	8.558547e-06	1
16	rs10871454	31048079	0	-8.435474e-05	-1.857928e-06	1
16	rs10871481	29284112	0	-1.295448e-04	-2.854347e-06	1
16	rs11076	30995528	0	-2.222710e-04	-4.881043e-06	1
16	rs1108431	31054607	0	-3.015399e-04	-6.645378e-06	1
16	rs1109520	29190758	0	1.439168e-05	3.175821e-07	1
16	rs1109521	29190753	0	-1.165287e-04	-2.574244e-06	1
16	rs111230245	30478891	0	-1.186868e-04	-2.654841e-06	1
16	rs111265045	30373233	0	-2.263081e-04	-5.034407e-06	1
16	rs111400675	30829764	0	7.123160e-05	1.560882e-06	1
16	rs11150561	29644794	0	-2.855857e-04	-6.297841e-06	1
16	rs11150563	29662903	0	-2.349289e-04	-5.150158e-06	1
16	rs11150564	29666736	0	-2.605532e-04	-5.695792e-06	1
16	rs11150574	29934819	0	-2.180279e-04	-4.780421e-06	1
16	rs11150575	29935066	0	-2.958060e-04	-6.496233e-06	1
16	rs11150576	29965496	0	-4.265006e-04	-9.417394e-06	1
16	rs11150577	29986525	0	-4.561814e-04	-1.008711e-05	1
16	rs11150579	30000330	0	-4.561814e-04	-1.008711e-05	1
16	rs11150580	30014564	0	-4.022049e-04	-8.876419e-06	1
16	rs11150581	30030699	0	-1.879506e-04	-4.148995e-06	1
16	rs11150582	30034127	0	1.467677e-04	3.304191e-06	1
16	rs11150583	30034189	0	-4.507078e-04	-9.982223e-06	1
16	rs11150585	30184286	0	-5.180039e-04	-1.141983e-05	1
16	rs11150586	30420851	0	-4.707425e-04	-1.046505e-05	1
16	rs11150590	30493881	0	1.187775e-04	2.614461e-06	1
16	rs11150596	30850242	0	2.278138e-04	4.994799e-06	1
16	rs11150599	30897456	0	-2.368772e-04	-5.196779e-06	1
16	rs11150600	30940331	0	-2.222710e-04	-4.881043e-06	1
16	rs11150601	30977799	0	-1.069646e-04	-2.348977e-06	1
16	rs11150696	29142826	0	-2.370316e-04	-5.318475e-06	1
16	rs11150712	29243047	0	8.874805e-05	1.966026e-06	1
16	rs11150713	29282753	0	2.628661e-04	5.859370e-06	1
16	rs111555633	30475160	0	-2.500134e-04	-5.629446e-06	1
16	rs111639166	30636893	0	-3.297465e-05	-7.190649e-07	1
16	rs111688805	30448522	0	-1.730065e-04	-3.889819e-06	1
16	rs111813229	30595710	0	9.580343e-05	2.176763e-06	1
16	rs111935448	30919807	0	3.533264e-04	7.965175e-06	1
16	rs111954099	30789623	0	1.570775e-04	3.523230e-06	1
16	rs112128999	29264813	0	-2.457181e-04	-5.484333e-06	1
16	rs112131656	29764539	0	4.056981e-05	9.044370e-07	1
16	rs112165220	29408955	0	8.891766e-05	2.010252e-06	1
16	rs112190455	30971437	0	3.533264e-04	7.965175e-06	1
16	rs112194055	30120942	0	-6.956152e-05	-1.576363e-06	1
16	rs112201399	29690177	0	9.291536e-05	2.104996e-06	1
16	rs112234000	30778808	0	1.570775e-04	3.523230e-06	1
16	rs112265026	29809181	0	4.091455e-05	9.272685e-07	1
16	rs112282032	30826936	0	-3.481754e-04	-7.682952e-06	1
16	rs112294239	30052868	0	-1.643932e-04	-3.726772e-06	1
16	rs112400041	29669780	0	-1.593389e-04	-3.600770e-06	1
16	rs112414374	30353586	0	-5.631737e-04	-1.284633e-05	1
16	rs112421755	30551685	0	3.588484e-04	7.973902e-06	1
16	rs112484223	29764728	0	4.744614e-05	1.056645e-06	1
16	rs112498248	29259987	0	-4.166374e-05	-9.232245e-07	1
16	rs112533759	30003756	0	-1.365587e-04	-3.098056e-06	1
16	rs112549897	29832950	0	2.872908e-05	6.473882e-07	1
16	rs112565029	30102391	0	-4.590510e-05	-1.043504e-06	1
16	rs112625256	29314477	0	1.338061e-04	3.009578e-06	1
16	rs112652568	29412437	0	1.891459e-05	4.275788e-07	1
16	rs112691371	30868216	0	1.574371e-04	3.529639e-06	1
16	rs112750937	30622942	0	-4.418477e-05	-9.942820e-07	1
16	rs112780074	29150174	0	-1.735501e-04	-3.889034e-06	1
16	rs112790372	30898456	0	-6.301854e-04	-1.416657e-05	1
16	rs1129003	30017283	0	-4.564311e-05	-1.023870e-06	1
16	rs112906665	31040139	0	-1.906818e-04	-4.186691e-06	1
16	rs112918513	29230177	0	-1.041486e-04	-2.345145e-06	1
16	rs1129700	29918034	0	2.658673e-04	5.852671e-06	1
16	rs112997245	30010353	0	-8.968525e-05	-2.015144e-06	1
16	rs113024433	30636808	0	-1.685594e-05	-3.644809e-07	1
16	rs113072320	30187226	0	-4.137412e-04	-9.367897e-06	1
16	rs113085280	30638004	0	3.884657e-05	8.813374e-07	1
16	rs113100612	29222962	0	4.113755e-04	9.163318e-06	1
16	rs113118899	29296414	0	7.837579e-06	1.774254e-07	1
16	rs113137773	29753314	0	-3.133083e-04	-7.054874e-06	1
16	rs113145245	29278701	0	-5.123883e-05	-1.145500e-06	1
16	rs113223003	29765012	0	-3.751231e-04	-8.463907e-06	1
16	rs113303075	30482393	0	-1.056862e-04	-2.397580e-06	1
16	rs1133238	30455458	0	1.679876e-04	3.802867e-06	1
16	rs113376800	29736698	0	-2.466499e-04	-5.515452e-06	1
16	rs113378736	29294130	0	-6.472809e-05	-1.447334e-06	1
16	rs113389983	29285085	0	-5.123883e-05	-1.145499e-06	1
16	rs11344	29910518	0	2.367785e-04	5.225288e-06	1
16	rs113443718	29892184	0	1.300796e-04	2.879188e-06	1
16	rs113448632	30898219	0	-6.398025e-04	-1.439214e-05	1
16	rs113454775	30809534	0	1.570775e-04	3.523229e-06	1
16	rs1134700	29709777	0	-2.427447e-04	-5.446882e-06	1
16	rs113478212	29596230	0	2.490917e-04	5.673882e-06	1
16	rs113567606	30839445	0	-1.104710e-04	-2.488290e-06	1
16	rs113592099	29751483	0	1.029884e-04	2.296080e-06	1
16	rs113711475	30497954	0	-1.664819e-04	-3.781642e-06	1
16	rs113711981	30572096	0	3.004141e-05	6.731639e-07	1
16	rs113753753	29891206	0	4.597891e-05	1.042879e-06	1
16	rs113826909	29747901	0	-1.066729e-04	-2.389402e-06	1
16	rs113834633	29662778	0	2.813928e-04	6.416662e-06	1
16	rs113907898	30514041	0	-7.342217e-05	-1.666326e-06	1
16	rs1140239	30021402	0	-1.879506e-04	-4.148994e-06	1
16	rs114588746	30053597	0	-3.760884e-04	-8.519491e-06	1
16	rs115229322	30523908	0	8.201856e-05	1.822892e-06	1
16	rs11544328	30037128	0	-4.507078e-04	-9.982222e-06	1
16	rs11546678	29827681	0	-2.236440e-04	-5.032420e-06	1
16	rs115518563	30055603	0	-2.846809e-04	-6.440693e-06	1
16	rs11574550	29673970	0	1.432390e-04	3.214313e-06	1
16	rs11574551	29673995	0	1.402022e-04	3.149035e-06	1
16	rs11574941	30493000	0	-3.527399e-04	-7.930445e-06	1
16	rs11574945	30510036	0	6.107194e-05	1.386705e-06	1
16	rs115777649	29344781	0	9.559032e-05	2.163344e-06	1
16	rs116286717	29275779	0	4.029867e-04	9.077336e-06	1
16	rs11640105	29158075	0	-3.426708e-06	-7.563950e-08	1
16	rs11640210	30975071	0	3.533264e-04	7.965174e-06	1
16	rs11640534	30949515	0	-1.089397e-04	-2.390576e-06	1
16	rs11640767	31060647	0	-3.569580e-04	-7.883398e-06	1
16	rs11640805	29160996	0	-9.650912e-05	-2.133942e-06	1
16	rs11640950	30426001	0	7.153631e-05	1.590753e-06	1
16	rs11640957	31060363	0	-3.569580e-04	-7.883397e-06	1
16	rs11640961	30979818	0	-3.007451e-04	-6.621937e-06	1
16	rs11641321	30880319	0	2.852453e-04	6.419780e-06	1
16	rs11641378	29190130	0	8.876814e-05	1.961858e-06	1
16	rs11641732	29154294	0	-3.426708e-06	-7.563956e-08	1
16	rs11641843	29154548	0	-9.650912e-05	-2.133942e-06	1
16	rs11641922	29662638	0	-1.873599e-04	-4.102810e-06	1
16	rs11642003	31068391	1	-4.430659e-04	-9.811919e-06	1
16	rs11642046	29993108	0	-2.589496e-04	-5.682025e-06	1
16	rs11642399	30059593	0	-3.287687e-04	-7.244936e-06	1
16	rs11642430	30045789	0	-1.879506e-04	-4.148992e-06	1
16	rs11642466	30781942	0	1.570775e-04	3.523229e-06	1
16	rs11642603	30886221	0	2.852453e-04	6.419779e-06	1
16	rs11642612	30030195	0	-1.879506e-04	-4.148992e-06	1
16	rs11642632	30667964	0	-5.327919e-05	-1.209664e-06	1
16	rs11642676	30371655	0	5.515309e-04	1.228470e-05	1
16	rs11642692	29190237	0	1.439168e-05	3.175821e-07	1
16	rs11642720	29157143	0	-3.426708e-06	-7.563947e-08	1
16	rs11642733	30969061	0	3.533264e-04	7.965174e-06	1
16	rs11642740	30060655	0	-1.785373e-04	-3.941216e-06	1
16	rs11642837	29165747	0	-3.426708e-06	-7.563944e-08	1
16	rs11642862	30785824	0	1.570775e-04	3.523228e-06	1
16	rs11642933	29946708	0	-2.265833e-04	-4.966907e-06	1
16	rs11643582	29654705	0	-3.249002e-04	-7.124679e-06	1
16	rs11643652	30497597	0	-5.816178e-04	-1.315165e-05	1
16	rs11644176	29158254	0	-9.650912e-05	-2.133941e-06	1
16	rs11644273	29132010	0	6.199957e-05	1.370565e-06	1
16	rs11644433	30504046	0	-6.121429e-04	-1.386247e-05	1
16	rs11644442	29153897	0	-3.426708e-06	-7.563931e-08	1
16	rs11644454	30909872	0	2.905888e-04	6.538205e-06	1
16	rs11644459	30095236	0	-2.270266e-04	-4.993441e-06	1
16	rs11644622	29154350	0	-7.002252e-05	-1.547751e-06	1
16	rs11645118	29194175	0	-1.165287e-04	-2.574244e-06	1
16	rs11645175	30803299	0	1.570775e-04	3.523228e-06	1
16	rs11645367	30770074	0	1.467401e-04	3.291350e-06	1
16	rs11645581	30351624	0	4.501629e-04	9.980817e-06	1
16	rs11646082	30911950	0	2.796935e-04	6.289787e-06	1
16	rs11646118	29926471	0	9.281157e-05	2.088778e-06	1
16	rs11646127	29966277	0	-2.511992e-04	-5.515051e-06	1
16	rs11646130	30376959	0	5.167493e-04	1.149036e-05	1
16	rs11646140	29155480	0	-9.650912e-05	-2.133941e-06	1
16	rs11646318	29265508	0	1.281422e-04	2.869143e-06	1
16	rs11646576	29145862	0	-1.036508e-04	-2.291877e-06	1
16	rs11647243	30965308	0	3.533264e-04	7.965173e-06	1
16	rs11647246	30528132	0	1.857930e-05	4.193490e-07	1
16	rs11647284	31077335	0	-6.346820e-04	-1.417114e-05	1
16	rs11647697	30872471	0	6.362111e-04	1.431073e-05	1
16	rs11647753	29928115	0	-2.994591e-04	-6.584487e-06	1
16	rs11647900	29292055	0	-1.375977e-05	-3.123487e-07	1
16	rs11648125	30889653	0	2.852453e-04	6.419778e-06	1
16	rs11648675	29780731	0	2.341704e-04	5.161246e-06	1
16	rs11648963	29214950	0	2.437675e-04	5.403024e-06	1
16	rs11649149	30008644	0	-6.327449e-04	-1.407337e-05	1
16	rs11649274	30026469	0	-2.215013e-04	-4.893258e-06	1
16	rs11649499	29908433	0	2.426292e-04	5.435741e-06	1
16	rs11649612	29946670	0	-2.265833e-04	-4.966905e-06	1
16	rs11649653	30918487	0	-7.947560e-05	-1.742429e-06	1
16	rs11649671	29328594	0	-1.734653e-04	-3.943452e-06	1
16	rs116849262	30720376	0	3.096784e-04	7.057309e-06	1
16	rs116878064	30063549	0	-1.446815e-04	-3.269400e-06	1
16	rs116922328	29965785	0	-5.986091e-05	-1.349959e-06	1
16	rs117075401	29614830	0	-7.182928e-05	-1.633271e-06	1
16	rs117077416	29971913	0	-1.074435e-05	-2.441920e-07	1
16	rs117106225	30460283	0	1.043738e-05	2.376472e-07	1
16	rs1171214	29257432	0	-2.806495e-05	-6.313959e-07	1
16	rs117266893	29276374	0	-1.736073e-04	-3.906579e-06	1
16	rs117310634	29285034	0	-1.736073e-04	-3.906579e-06	1
16	rs117326446	30980128	0	3.860631e-04	8.707257e-06	1
16	rs117369393	30991644	0	-8.798008e-05	-2.002214e-06	1
16	rs117378813	30884458	0	1.786269e-04	4.067589e-06	1
16	rs117383236	29939177	0	1.580697e-04	3.592453e-06	1
16	rs117388875	29207035	0	6.372767e-05	1.443392e-06	1
16	rs117391625	30504932	0	1.221279e-04	2.761093e-06	1
16	rs117400114	29356326	0	6.068797e-05	1.369626e-06	1
16	rs117417282	29137508	0	-1.664116e-04	-3.775729e-06	1
16	rs117472293	29172837	0	6.372767e-05	1.443392e-06	1
16	rs117527829	30106982	0	-1.034506e-04	-2.348174e-06	1
16	rs117562643	29313383	0	1.164838e-04	2.644476e-06	1
16	rs117590634	29934113	0	5.006620e-05	1.140101e-06	1
16	rs117602889	31069003	0	2.481830e-04	5.520119e-06	1
16	rs117671724	30558484	0	-2.532606e-05	-5.698936e-07	1
16	rs117673009	29971781	0	3.641013e-05	8.271075e-07	1
16	rs117718914	29265493	0	5.771516e-06	1.311325e-07	1
16	rs117744694	31050285	0	3.298527e-04	7.522593e-06	1
16	rs117782601	29613511	0	-2.634637e-05	-5.940678e-07	1
16	rs117829446	30632657	0	-3.791170e-05	-8.542110e-07	1
16	rs117870157	29316133	0	-4.502195e-05	-1.021101e-06	1
16	rs117891062	30976129	0	-5.716802e-05	-1.299016e-06	1
16	rs117905809	29246098	0	9.311188e-05	2.116297e-06	1
16	rs117910240	30558579	0	4.806632e-05	1.084294e-06	1
16	rs117957142	30887482	0	1.241484e-04	2.818642e-06	1
16	rs117984039	30784011	0	-9.769919e-05	-2.212717e-06	1
16	rs118027139	29963812	0	-3.289673e-06	-7.421060e-08	1
16	rs118040062	29314466	0	-4.502195e-05	-1.021101e-06	1
16	rs118058081	29860299	0	-1.056477e-04	-2.404836e-06	1
16	rs118154869	30479065	0	9.592071e-05	2.177180e-06	1
16	rs118176746	30877351	0	-4.907716e-04	-1.113714e-05	1
16	rs11859871	29835440	0	3.383610e-04	7.594181e-06	1
16	rs11859981	29138143	0	-2.370316e-04	-5.318475e-06	1
16	rs11860294	29273758	0	-3.222013e-04	-7.136346e-06	1
16	rs11860782	29989739	0	-2.428750e-04	-5.487381e-06	1
16	rs11860935	30080780	0	-2.846809e-04	-6.440692e-06	1
16	rs11861040	29301166	0	3.540243e-05	7.830739e-07	1
16	rs11861297	29298364	0	3.540243e-05	7.830739e-07	1
16	rs11861511	29113641	0	-2.483228e-04	-5.572557e-06	1
16	rs11861842	30094180	0	-3.760884e-04	-8.519491e-06	1
16	rs11862055	29733712	0	-4.933345e-04	-1.112935e-05	1
16	rs11862091	29273501	0	-2.088701e-04	-4.610489e-06	1
16	rs11862099	29338534	0	-2.837060e-06	-6.385172e-08	1
16	rs11862319	29298280	0	3.540243e-05	7.830741e-07	1
16	rs11862597	30490854	0	-1.186868e-04	-2.654839e-06	1
16	rs11862691	30187851	0	-1.795949e-04	-4.015743e-06	1
16	rs11862744	31057800	0	-1.906818e-04	-4.186690e-06	1
16	rs11862806	30364071	0	7.332813e-04	1.641605e-05	1
16	rs11862859	30757274	0	-1.756637e-04	-3.851655e-06	1
16	rs11863083	30100789	0	-2.923354e-04	-6.613580e-06	1
16	rs11863129	30095492	0	-3.760884e-04	-8.519490e-06	1
16	rs11863145	29272255	0	-2.091617e-04	-4.619424e-06	1
16	rs11863150	30385503	0	-6.964891e-04	-1.558589e-05	1
16	rs11863174	30019375	0	-3.884933e-04	-8.541703e-06	1
16	rs11863286	29272644	0	-2.091617e-04	-4.619423e-06	1
16	rs11863619	29134064	0	-3.503628e-04	-7.887165e-06	1
16	rs11863731	29848932	0	-5.552660e-05	-1.243317e-06	1
16	rs11863734	29848946	0	3.383610e-04	7.594182e-06	1
16	rs11863748	29835588	0	-5.552660e-05	-1.243317e-06	1
16	rs11864054	30846134	0	2.383420e-04	5.258468e-06	1
16	rs11864149	29999225	0	-2.428750e-04	-5.487381e-06	1
16	rs11864180	29830829	0	-5.552660e-05	-1.243317e-06	1
16	rs11864422	29268820	0	4.706781e-05	1.040376e-06	1
16	rs11864642	30084276	0	-3.760884e-04	-8.519490e-06	1
16	rs11865101	29288501	0	1.010711e-05	2.259398e-07	1
16	rs11865379	29274056	0	-3.222013e-04	-7.136345e-06	1
16	rs11865525	29244432	0	-1.349383e-04	-2.995258e-06	1
16	rs11865661	29296666	0	-8.500716e-05	-1.870492e-06	1
16	rs11865711	29118679	0	-3.294305e-04	-7.411131e-06	1
16	rs11865716	30164488	0	-5.989138e-04	-1.326547e-05	1
16	rs11866084	30012922	0	-1.765635e-04	-3.975504e-06	1
16	rs11867026	30079450	0	-3.760884e-04	-8.519490e-06	1
16	rs11901	29984070	0	-4.561814e-04	-1.008710e-05	1
16	rs12102320	30178516	0	-5.180039e-04	-1.141983e-05	1
16	rs12102367	30866781	0	6.842731e-04	1.547509e-05	1
16	rs12102648	29105470	0	1.609162e-04	3.585189e-06	1
16	rs12148998	29085164	0	2.079670e-05	4.693423e-07	1
16	rs12325239	29894662	0	9.969980e-05	2.266550e-06	1
16	rs12325400	30023786	0	-1.879506e-04	-4.148988e-06	1
16	rs12325539	30033633	0	-1.071798e-04	-2.361024e-06	1
16	rs12373078	30187676	0	-4.693294e-04	-1.032202e-05	1
16	rs12373113	30187513	0	-4.693294e-04	-1.032202e-05	1
16	rs12444108	30027694	0	-1.216391e-04	-2.678289e-06	1
16	rs12444415	30118345	0	-3.061292e-04	-6.748957e-06	1
16	rs12444973	30107285	1	-2.366211e-04	-5.205174e-06	1
16	rs12444978	29924422	0	-2.180279e-04	-4.780412e-06	1
16	rs12445568	31004812	0	-1.775766e-04	-3.896763e-06	1
16	rs12445650	31044897	0	-1.906818e-04	-4.186690e-06	1
16	rs12445768	30089911	0	-2.270266e-04	-4.993436e-06	1
16	rs12445982	29982484	0	-4.561814e-04	-1.008710e-05	1
16	rs12446288	30388709	0	-5.779947e-04	-1.288628e-05	1
16	rs12446378	30043110	0	-4.507078e-04	-9.982212e-06	1
16	rs12447159	29610670	0	-5.277693e-05	-1.198948e-06	1
16	rs12447415	29682945	0	-7.771505e-05	-1.700156e-06	1
16	rs12447534	30804257	0	7.832707e-05	1.711864e-06	1
16	rs12447715	29152765	0	-8.551819e-05	-1.900142e-06	1
16	rs12447833	30390314	0	-4.489343e-04	-9.974944e-06	1
16	rs12447915	30089908	0	-2.270266e-04	-4.993435e-06	1
16	rs12447930	31023273	0	-2.210085e-04	-4.852729e-06	1
16	rs12448321	31048280	0	-2.646259e-04	-5.844839e-06	1
16	rs12448633	29400742	0	-1.539230e-04	-3.497950e-06	1
16	rs12448769	29672197	0	-2.382128e-04	-5.205325e-06	1
16	rs12596042	29934754	0	-1.738321e-04	-3.808891e-06	1
16	rs12596308	29691196	0	1.085589e-05	2.333430e-07	1
16	rs12596536	29402369	0	-1.282989e-04	-2.911037e-06	1
16	rs12596543	30029135	0	-1.202625e-04	-2.631806e-06	1
16	rs12596940	29692240	0	-1.888640e-04	-4.202189e-06	1
16	rs12597368	29645078	0	-2.855857e-04	-6.297842e-06	1
16	rs12597404	29152906	0	-3.426708e-06	-7.563893e-08	1
16	rs12597953	29189394	0	-1.165287e-04	-2.574244e-06	1
16	rs12598856	30029548	0	-1.664045e-04	-3.670986e-06	1
16	rs12599208	29153112	1	-1.215323e-04	-2.684328e-06	1
16	rs12599318	29692414	0	-1.317663e-04	-2.905968e-06	1
16	rs12599614	30466741	0	-1.062267e-04	-2.371128e-06	1
16	rs12599631	30944248	0	-6.105053e-05	-1.339446e-06	1
16	rs12691307	29939877	0	-2.431109e-04	-5.331622e-06	1
16	rs12716972	29936654	0	-1.036352e-04	-2.267553e-06	1
16	rs12716973	29937652	0	-2.958060e-04	-6.496222e-06	1
16	rs12716974	29944832	0	-2.265833e-04	-4.966900e-06	1
16	rs12716975	29950829	1	-2.259728e-04	-4.953445e-06	1
16	rs12716978	30981544	0	-1.069646e-04	-2.348980e-06	1
16	rs12716979	31011821	0	-2.213605e-04	-4.884863e-06	1
16	rs12851	30016977	0	-2.163977e-04	-4.884798e-06	1
16	rs12917712	29882490	0	8.643408e-05	1.908146e-06	1
16	rs12917722	30948397	0	-3.754767e-04	-8.284800e-06	1
16	rs12917921	29156976	0	-3.426708e-06	-7.563878e-08	1
16	rs12918327	30626616	0	-7.803319e-04	-1.774791e-05	1
16	rs12918652	29964357	0	-2.511992e-04	-5.515042e-06	1
16	rs12919022	30434509	0	-1.843915e-04	-4.164270e-06	1
16	rs12919612	29895303	0	5.105450e-04	1.134949e-05	1
16	rs12919683	29943367	0	-2.265833e-04	-4.966899e-06	1
16	rs12919889	29142372	0	-5.047761e-05	-1.116032e-06	1
16	rs12920185	30172025	0	-1.318243e-04	-2.942596e-06	1
16	rs12920760	29844279	0	-5.552660e-05	-1.243316e-06	1
16	rs12920772	31012781	0	6.085769e-04	1.359008e-05	1
16	rs12920857	30866026	2	-9.664117e-05	-2.106208e-06	1
16	rs12921440	30408765	0	-6.274447e-04	-1.402166e-05	1
16	rs12921608	29192526	0	-1.165287e-04	-2.574244e-06	1
16	rs12921723	30351842	0	6.793532e-04	1.524412e-05	1
16	rs12921753	30018720	0	-1.785373e-04	-3.941207e-06	1
16	rs12921944	29152340	0	-3.426708e-06	-7.563864e-08	1
16	rs12921996	30011618	0	-4.561814e-04	-1.008710e-05	1
16	rs12922100	30129936	0	-2.248319e-04	-5.101781e-06	1
16	rs12922496	29130999	0	1.306307e-04	2.885946e-06	1
16	rs12922984	30514470	0	1.669885e-04	3.667938e-06	1
16	rs12923394	29133896	0	-7.225652e-05	-1.597591e-06	1
16	rs12923534	30189297	0	-1.795949e-04	-4.015743e-06	1
16	rs12923573	30514296	0	2.064632e-04	4.535833e-06	1
16	rs12923760	29147462	0	-1.615360e-04	-3.574034e-06	1
16	rs12923886	29732022	0	-5.012706e-05	-1.137624e-06	1
16	rs12923999	29140410	0	-1.299854e-04	-2.957959e-06	1
16	rs12924041	29156139	0	-3.426708e-06	-7.563859e-08	1
16	rs12924167	29140524	0	-2.370316e-04	-5.318474e-06	1
16	rs12924622	30084052	0	-2.270266e-04	-4.993431e-06	1
16	rs12924903	30928970	0	1.691847e-04	3.714880e-06	1
16	rs12926100	30169472	0	-1.439813e-04	-3.215141e-06	1
16	rs12926138	29193056	0	-1.165287e-04	-2.574244e-06	1
16	rs12926237	30837596	0	-2.184193e-04	-4.794048e-06	1
16	rs12926295	30890538	0	-2.078491e-04	-4.555970e-06	1
16	rs12927033	29687168	0	-1.936959e-04	-4.298055e-06	1
16	rs12927190	30169393	0	-6.271814e-04	-1.391667e-05	1
16	rs12927318	29226741	0	2.232872e-04	4.939906e-06	1
16	rs12928081	30885159	4	5.767799e-04	1.292419e-05	1
16	rs12928610	30016022	0	-5.685983e-04	-1.259832e-05	1
16	rs12928632	29118255	0	1.471577e-04	3.222615e-06	1
16	rs12928754	29679989	0	-1.281778e-04	-2.827254e-06	1
16	rs12928852	30943988	0	-1.089397e-04	-2.390578e-06	1
16	rs12929007	30929696	0	1.502877e-05	3.291275e-07	1
16	rs12929065	30873881	0	6.362111e-04	1.431073e-05	1
16	rs12929333	29680389	0	-3.402819e-04	-7.548110e-06	1
16	rs12929818	29191328	0	-1.165287e-04	-2.574244e-06	1
16	rs12929826	29717884	0	1.767982e-04	3.923720e-06	1
16	rs12930146	29286610	0	2.100235e-05	4.659690e-07	1
16	rs12930239	29908777	0	4.138170e-04	9.169741e-06	1
16	rs12930545	30938811	0	-2.222710e-04	-4.881047e-06	1
16	rs12930657	30931968	0	-2.222710e-04	-4.881047e-06	1
16	rs12930787	30381303	0	5.722691e-04	1.276521e-05	1
16	rs12930944	30874075	0	6.362111e-04	1.431073e-05	1
16	rs12931046	30987144	0	-1.069646e-04	-2.348982e-06	1
16	rs12931096	30874201	0	6.362111e-04	1.431073e-05	1
16	rs12931955	30013066	0	-5.018246e-04	-1.108178e-05	1
16	rs12932023	29715852	0	-2.109413e-05	-4.787570e-07	1
16	rs12932306	29148307	0	-1.615360e-04	-3.574034e-06	1
16	rs12932310	29846133	0	-7.362206e-05	-1.647710e-06	1
16	rs12932680	29689845	0	-9.184173e-05	-2.066220e-06	1
16	rs12932691	29846729	0	-5.118525e-05	-1.146125e-06	1
16	rs12932818	29143427	0	-2.677088e-04	-6.063759e-06	1
16	rs12932957	29680256	0	-2.015702e-04	-4.450741e-06	1
16	rs12933229	29182190	0	-5.468278e-05	-1.208094e-06	1
16	rs12933498	29943459	0	-2.265833e-04	-4.966897e-06	1
16	rs12933548	29790709	0	-2.703377e-04	-6.086512e-06	1
16	rs12933575	30022564	0	-1.449759e-04	-3.174815e-06	1
16	rs12933766	29922011	0	2.185094e-04	4.803466e-06	1
16	rs12934200	29142415	0	-3.918641e-05	-8.661862e-07	1
16	rs12934418	31042299	0	-1.012242e-04	-2.229688e-06	1
16	rs12934900	30923602	0	-2.039969e-04	-4.478123e-06	1
16	rs12934948	29192289	0	-1.056334e-04	-2.333218e-06	1
16	rs12935265	29931028	0	-2.017501e-04	-4.596466e-06	1
16	rs12935500	30174984	0	-1.318243e-04	-2.942595e-06	1
16	rs12935701	30026748	0	-1.879506e-04	-4.148979e-06	1
16	rs12935834	29764461	0	1.067642e-04	2.373701e-06	1
16	rs13329884	29281054	0	1.375558e-06	3.303532e-08	1
16	rs13330019	29316224	0	4.882091e-05	1.086031e-06	1
16	rs13331733	29848417	0	-5.552660e-05	-1.243314e-06	1
16	rs13331798	29747291	0	-3.067883e-05	-6.823906e-07	1
16	rs13331817	30172627	0	-6.150244e-04	-1.363465e-05	1
16	rs13332078	29850705	0	-8.784782e-05	-1.966804e-06	1
16	rs13332167	30557226	0	7.715858e-05	1.707818e-06	1
16	rs13332660	29905882	0	2.426292e-04	5.435742e-06	1
16	rs13333093	30407269	0	-6.274447e-04	-1.402166e-05	1
16	rs13333583	29302116	0	1.487337e-04	3.287421e-06	1
16	rs13333675	29302353	0	1.487337e-04	3.287421e-06	1
16	rs13333760	29302523	0	1.487337e-04	3.287421e-06	1
16	rs13333866	29302751	0	1.644802e-04	3.647939e-06	1
16	rs13334660	30178281	0	-1.795949e-04	-4.015743e-06	1
16	rs13334779	29302037	0	1.487337e-04	3.287421e-06	1
16	rs13334820	29302136	0	1.487337e-04	3.287421e-06	1
16	rs13335021	29746830	0	-3.067883e-05	-6.823905e-07	1
16	rs13335878	29281267	0	-1.295448e-04	-2.854343e-06	1
16	rs13336347	30951566	0	-3.141149e-04	-6.912932e-06	1
16	rs13336980	29279020	0	-1.295448e-04	-2.854343e-06	1
16	rs13337460	29299409	0	8.723243e-05	1.940384e-06	1
16	rs13337900	30822409	0	-1.929999e-04	-4.224026e-06	1
16	rs13338599	29104927	0	-1.025949e-05	-2.232310e-07	1
16	rs13338912	29760347	0	5.743928e-05	1.279085e-06	1
16	rs13338946	30700858	0	-4.402689e-04	-9.764073e-06	1
16	rs13339070	29297315	6	-8.785794e-06	-1.926272e-07	1
16	rs1345885	29134874	0	-3.062712e-04	-6.783958e-06	1
16	rs1345886	29135029	0	-2.331961e-04	-5.158653e-06	1
16	rs1364270	29168052	0	-2.062771e-04	-4.594767e-06	1
16	rs13708	31000809	0	-1.503426e-04	-3.299231e-06	1
16	rs137887650	29332059	0	6.405129e-05	1.451587e-06	1
16	rs137993956	29913708	0	1.404527e-04	3.195764e-06	1
16	rs138211469	29735979	0	-3.714883e-04	-8.351553e-06	1
16	rs138213568	30930652	0	2.089272e-04	4.652330e-06	1
16	rs138273920	29320074	0	1.948821e-05	4.421677e-07	1
16	rs138425427	30591862	0	-3.791170e-05	-8.542132e-07	1
16	rs138447338	30513485	0	-7.595714e-04	-1.754900e-05	1
16	rs138599723	29732960	0	-3.714883e-04	-8.351553e-06	1
16	rs138729861	30399088	0	-1.701325e-04	-3.851477e-06	1
16	rs138755187	29763892	0	-2.958717e-04	-6.705220e-06	1
16	rs138825134	29613456	0	-2.634637e-05	-5.940667e-07	1
16	rs138849409	29339409	0	6.716602e-05	1.520811e-06	1
16	rs138850578	29736312	1	-3.951115e-04	-8.892945e-06	1
16	rs139053518	30504631	0	2.983680e-04	6.803967e-06	1
16	rs139142574	29323824	0	-7.673673e-05	-1.739600e-06	1
16	rs139356318	30048461	0	-4.809708e-05	-1.087224e-06	1
16	rs139876505	29098499	0	1.099685e-04	2.485621e-06	1
16	rs139904690	29667021	0	1.445683e-04	3.281867e-06	1
16	rs140478766	29148476	0	1.099685e-04	2.485621e-06	1
16	rs140646207	30469481	0	1.043738e-05	2.376475e-07	1
16	rs140677174	29334964	0	6.405129e-05	1.451587e-06	1
16	rs140785784	29714172	0	-3.908976e-04	-8.800044e-06	1
16	rs140820592	31021880	4	4.410791e-05	9.681019e-07	1
16	rs141305120	30120522	0	-1.794876e-04	-4.047913e-06	1
16	rs141391708	30979999	0	3.296416e-04	7.418330e-06	1
16	rs141436390	29826014	0	1.958126e-04	4.461650e-06	1
16	rs141659187	30729739	0	1.539868e-04	3.501253e-06	1
16	rs141912061	29335386	0	6.405129e-05	1.451587e-06	1
16	rs141926311	31053185	0	1.927649e-04	4.280467e-06	1
16	rs142086495	29958635	0	1.898557e-04	4.323955e-06	1
16	rs142098164	29922723	0	-8.879573e-05	-2.020568e-06	1
16	rs142125746	29606607	0	-1.434660e-04	-3.261382e-06	1
16	rs142166536	30930613	1	3.409419e-04	7.619734e-06	1
16	rs142711568	30945223	0	2.391636e-04	5.443163e-06	1
16	rs142718941	30478759	0	3.295031e-04	7.523445e-06	1
16	rs142759638	29330786	0	2.070308e-04	4.695063e-06	1
16	rs143249661	30016820	0	1.100996e-04	2.499299e-06	1
16	rs143257664	29131933	0	-1.299854e-04	-2.957959e-06	1
16	rs143430033	29222972	0	5.615815e-05	1.274646e-06	1
16	rs143614346	29163043	0	5.615815e-05	1.274646e-06	1
16	rs143662876	29753188	0	-1.714286e-05	-3.870181e-07	1
16	rs143662976	29189418	0	1.376572e-04	3.117907e-06	1
16	rs143840454	29791575	0	-1.660623e-04	-3.778252e-06	1
16	rs143893157	29760427	0	-3.582536e-04	-8.077371e-06	1
16	rs144101542	29355989	0	-4.374579e-05	-9.884980e-07	1
16	rs144237376	30426319	0	1.208443e-04	2.733646e-06	1
16	rs144246384	29076387	1	-6.365324e-04	-1.428830e-05	1
16	rs144445645	30930561	0	2.956458e-04	6.597118e-06	1
16	rs144637766	29661941	0	1.604327e-04	3.641647e-06	1
16	rs144721815	29760405	0	1.520434e-04	3.461849e-06	1
16	rs144769215	29259479	0	-4.002212e-05	-9.101519e-07	1
16	rs144865761	30350114	0	1.352515e-04	3.060974e-06	1
16	rs145037259	29613205	0	-4.084817e-04	-9.307484e-06	1
16	rs145079417	31053065	3	2.976090e-04	6.631162e-06	1
16	rs145223727	29631927	0	1.587438e-04	3.597435e-06	1
16	rs145338730	29631150	0	2.490917e-04	5.673881e-06	1
16	rs145516392	29202034	0	6.470562e-05	1.446215e-06	1
16	rs145631601	29613904	0	-2.634637e-05	-5.940665e-07	1
16	rs1458201	30916129	0	-7.903296e-04	-1.798922e-05	1
16	rs1458202	30953202	0	-2.222710e-04	-4.881049e-06	1
16	rs145832035	29733357	0	-3.714883e-04	-8.351553e-06	1
16	rs146398705	29336775	0	2.364954e-05	5.359631e-07	1
16	rs146585275	29559005	5	5.727932e-06	1.294143e-07	1
16	rs146746415	29347453	0	2.265107e-04	5.133856e-06	1
16	rs146772260	29713946	0	-2.569255e-04	-5.851180e-06	1
16	rs147132314	29243324	0	-1.751474e-04	-3.894722e-06	1
16	rs147278356	29750550	0	-3.607058e-04	-8.133027e-06	1
16	rs147553474	30050605	0	1.246604e-04	2.821617e-06	1
16	rs147580758	29337506	0	2.364954e-05	5.359631e-07	1
16	rs147667954	29121426	0	-1.867800e-05	-4.232191e-07	1
16	rs147768264	29437178	0	8.891766e-05	2.010253e-06	1
16	rs147901631	30941160	0	2.491010e-04	5.547085e-06	1
16	rs147988288	29251704	0	8.874805e-05	1.966026e-06	1
16	rs148119987	31048858	0	2.627680e-04	5.845442e-06	1
16	rs148317558	29319614	0	1.888437e-05	4.282755e-07	1
16	rs148319768	29954615	0	1.004897e-04	2.282061e-06	1
16	rs148579588	29120577	0	-1.528857e-04	-3.436494e-06	1
16	rs148603263	30554096	0	-2.379435e-04	-5.419973e-06	1
16	rs148639118	30127786	0	-8.879573e-05	-2.020568e-06	1
16	rs148702283	30652427	0	1.840828e-04	4.165241e-06	1
16	rs148758831	29336851	0	2.364954e-05	5.359631e-07	1
16	rs148776955	30458271	0	-3.686752e-04	-8.431975e-06	1
16	rs148788997	30323168	0	4.521280e-04	1.025811e-05	1
16	rs149201347	29741932	2	3.902575e-05	8.795983e-07	1
16	rs149486782	29149504	0	9.057326e-05	2.051450e-06	1
16	rs149689856	30552187	0	1.843205e-06	4.217924e-08	1
16	rs150319029	31027969	0	1.927649e-04	4.280466e-06	1
16	rs150334812	29272321	0	1.253092e-04	2.805152e-06	1
16	rs150458589	30693135	0	-5.664382e-04	-1.290720e-05	1
16	rs150509203	29705064	0	-7.003873e-05	-1.592351e-06	1
16	rs150713896	29426017	0	8.891766e-05	2.010252e-06	1
16	rs150773264	30120692	0	-2.940774e-04	-6.649792e-06	1
16	rs150845792	29789489	0	-2.723095e-04	-6.205883e-06	1
16	rs151035219	30144009	0	1.146376e-06	2.532316e-08	1
16	rs153173	29239889	0	-2.120788e-05	-4.659744e-07	1
16	rs153175	29163890	0	1.967953e-04	4.337538e-06	1
16	rs153177	29169490	0	-1.189103e-04	-2.644225e-06	1
16	rs153180	29225431	0	-1.757442e-04	-3.858179e-06	1
16	rs1531973	29292442	0	-1.208132e-04	-2.661916e-06	1
16	rs1531974	29317096	0	1.715861e-04	3.775414e-06	1
16	rs153207	29244995	0	-1.970660e-04	-4.388397e-06	1
16	rs153208	29248084	0	-3.132032e-04	-6.918707e-06	1
16	rs153209	29251861	0	-2.153306e-04	-4.747437e-06	1
16	rs153210	29093963	0	-1.093298e-04	-2.393801e-06	1
16	rs153211	29093830	0	-8.671080e-06	-1.883417e-07	1
16	rs153212	29090858	0	-2.911289e-04	-6.500278e-06	1
16	rs153213	29234201	0	-3.522311e-04	-7.885999e-06	1
16	rs153214	29224464	0	-1.130259e-04	-2.480029e-06	1
16	rs153217	29215610	0	-5.881863e-04	-1.323670e-05	1
16	rs153219	29215298	0	-3.705061e-04	-8.257745e-06	1
16	rs153220	29213783	0	-2.849785e-04	-6.338993e-06	1
16	rs1540388	29127033	0	7.776293e-06	1.715637e-07	1
16	rs1540389	29127350	0	5.896271e-05	1.303323e-06	1
16	rs1611782	29152487	0	-8.551819e-05	-1.900141e-06	1
16	rs1611991	29151593	0	-8.551819e-05	-1.900141e-06	1
16	rs1624102	29123330	0	9.787626e-06	2.166886e-07	1
16	rs1625280	29131925	0	-1.132681e-04	-2.497790e-06	1
16	rs1627180	29138002	0	-2.173476e-04	-4.838555e-06	1
16	rs1627805	29138026	0	-2.331961e-04	-5.158652e-06	1
16	rs1627843	29138043	0	-2.331961e-04	-5.158652e-06	1
16	rs1627862	29132221	0	-6.549754e-05	-1.442191e-06	1
16	rs1628751	29138147	0	-2.331961e-04	-5.158651e-06	1
16	rs1628834	29132359	0	-1.132681e-04	-2.497789e-06	1
16	rs1630274	29132462	0	-1.132681e-04	-2.497789e-06	1
16	rs1630929	29117661	0	-2.173476e-04	-4.838554e-06	1
16	rs1633805	29724394	0	3.156098e-04	7.043035e-06	1
16	rs1633810	29721864	0	1.967003e-04	4.366564e-06	1
16	rs1641906	29150344	0	-1.021214e-04	-2.269884e-06	1
16	rs1641908	29151299	0	-8.894490e-05	-1.947595e-06	1
16	rs1641909	29151522	0	-8.894490e-05	-1.947595e-06	1
16	rs1641910	29153242	2	-2.015352e-04	-4.495964e-06	1
16	rs1641911	29153945	0	-8.551819e-05	-1.900140e-06	1
16	rs1641913	29154852	0	-8.551819e-05	-1.900140e-06	1
16	rs1641918	29160958	0	-1.217332e-04	-2.668606e-06	1
16	rs1641919	29161645	0	-1.217332e-04	-2.668606e-06	1
16	rs1641920	29162623	0	-1.217332e-04	-2.668605e-06	1
16	rs1641921	29163081	0	-2.097038e-04	-4.606764e-06	1
16	rs1641959	29212864	0	7.732118e-07	1.856876e-08	1
16	rs1641991	29116527	0	1.234730e-04	2.704671e-06	1
16	rs1641993	29119860	0	1.903925e-05	4.189301e-07	1
16	rs1641994	29119880	0	1.234730e-04	2.704671e-06	1
16	rs1641995	29120520	0	-2.173476e-04	-4.838553e-06	1
16	rs1641996	29124150	0	-2.173476e-04	-4.838553e-06	1
16	rs1641997	29124421	0	-7.617432e-05	-1.679273e-06	1
16	rs1641999	29127260	0	-2.064180e-04	-4.594625e-06	1
16	rs1642001	29130549	0	-1.132681e-04	-2.497787e-06	1
16	rs1642002	29132320	0	-1.132681e-04	-2.497787e-06	1
16	rs1642003	29134593	0	-2.331961e-04	-5.158649e-06	1
16	rs1642005	29135958	0	-2.331961e-04	-5.158648e-06	1
16	rs1642006	29136331	0	-2.639750e-04	-5.827665e-06	1
16	rs1642007	29136893	0	-2.331961e-04	-5.158648e-06	1
16	rs1642008	29137377	0	-2.331961e-04	-5.158648e-06	1
16	rs1642009	29137588	0	-2.331961e-04	-5.158648e-06	1
16	rs1642010	29138071	0	-4.543792e-04	-1.009624e-05	1
16	rs1642011	29138392	0	-2.173476e-04	-4.838552e-06	1
16	rs1642012	29139244	0	-2.331961e-04	-5.158647e-06	1
16	rs1642013	29139398	0	-2.827959e-04	-6.257286e-06	1
16	rs1642014	29139416	0	-2.331961e-04	-5.158647e-06	1
16	rs1642015	29139779	0	-2.331961e-04	-5.158647e-06	1
16	rs1642016	29140057	0	-2.331961e-04	-5.158647e-06	1
16	rs1642017	29140224	0	-2.331961e-04	-5.158646e-06	1
16	rs1642018	29140448	0	-2.331961e-04	-5.158646e-06	1
16	rs1642019	29140754	0	-2.331961e-04	-5.158646e-06	1
16	rs1642020	29142059	0	-2.331961e-04	-5.158646e-06	1
16	rs1642022	29142204	0	-2.331961e-04	-5.158646e-06	1
16	rs1642023	29143639	0	-2.331961e-04	-5.158645e-06	1
16	rs1642024	29143759	0	-2.331961e-04	-5.158645e-06	1
16	rs1642025	29147718	0	-2.173476e-04	-4.838551e-06	1
16	rs1642026	29148565	0	-2.521531e-04	-5.562228e-06	1
16	rs1642027	29149386	0	-3.337668e-04	-7.409031e-06	1
16	rs1646084	29139021	0	-2.331961e-04	-5.158645e-06	1
16	rs1646085	29139401	0	-2.331961e-04	-5.158644e-06	1
16	rs1646086	29139655	0	-4.236003e-04	-9.424493e-06	1
16	rs1646087	29139771	0	-2.331961e-04	-5.158644e-06	1
16	rs1646092	29212861	0	-5.245027e-04	-1.177609e-05	1
16	rs1646106	29166463	0	-1.183065e-04	-2.630930e-06	1
16	rs1646112	29154049	0	-8.551819e-05	-1.900136e-06	1
16	rs1646113	29153803	0	-8.551819e-05	-1.900136e-06	1
16	rs1646114	29153526	0	-8.551819e-05	-1.900136e-06	1
16	rs1646116	29152112	0	-8.551819e-05	-1.900136e-06	1
16	rs1646117	29152043	0	-8.894490e-05	-1.947589e-06	1
16	rs1646118	29150945	0	-8.894490e-05	-1.947589e-06	1
16	rs1646119	29150785	0	-8.894490e-05	-1.947588e-06	1
16	rs1646121	29144222	0	-3.224756e-04	-7.156569e-06	1
16	rs1646122	29143040	0	-2.331961e-04	-5.158643e-06	1
16	rs1646123	29142980	0	-2.331961e-04	-5.158643e-06	1
16	rs1646124	29142933	0	-4.543792e-04	-1.009624e-05	1
16	rs1646125	29142895	0	-2.331961e-04	-5.158643e-06	1
16	rs1646126	29142681	0	-2.331961e-04	-5.158642e-06	1
16	rs1646127	29142163	0	-2.173476e-04	-4.838549e-06	1
16	rs1646128	29141436	0	-4.543792e-04	-1.009624e-05	1
16	rs1646129	29140688	0	-2.331961e-04	-5.158642e-06	1
16	rs1646132	29113766	0	-7.447343e-06	-1.598552e-07	1
16	rs1646133	29113747	0	-7.447343e-06	-1.598550e-07	1
16	rs1646142	29117596	0	-2.064180e-04	-4.594621e-06	1
16	rs1646168	29128732	0	-6.549754e-05	-1.442182e-06	1
16	rs1646169	29128778	0	-1.132681e-04	-2.497779e-06	1
16	rs1646172	29129381	0	-1.132681e-04	-2.497779e-06	1
16	rs1646173	29130642	0	-1.132681e-04	-2.497779e-06	1
16	rs1646174	29130649	0	-1.132681e-04	-2.497779e-06	1
16	rs1646175	29131020	0	-1.132681e-04	-2.497779e-06	1
16	rs1646176	29131233	0	-2.173476e-04	-4.838548e-06	1
16	rs1646177	29131853	0	-3.151780e-04	-6.979308e-06	1
16	rs1646188	29133735	0	-2.331961e-04	-5.158640e-06	1
16	rs1646190	29136708	0	-2.331961e-04	-5.158640e-06	1
16	rs1646191	29136873	0	-2.331961e-04	-5.158640e-06	1
16	rs166148	29245857	0	-1.970660e-04	-4.388391e-06	1
16	rs166152	29156005	0	-8.551819e-05	-1.900133e-06	1
16	rs166153	29158597	0	-1.769155e-04	-3.882247e-06	1
16	rs166154	29160416	0	-1.217332e-04	-2.668597e-06	1
16	rs168778	29112626	0	2.173476e-04	4.838547e-06	1
16	rs168919	29301994	0	1.368636e-04	3.105543e-06	1
16	rs170978	29743033	0	2.736994e-04	6.092383e-06	1
16	rs17640225	29713066	0	-5.066619e-04	-1.146551e-05	1
16	rs17779364	29188221	0	2.262709e-04	5.066181e-06	1
16	rs17779818	29346790	0	-2.054939e-04	-4.546392e-06	1
16	rs17790434	30520856	0	1.497547e-05	3.287486e-07	1
16	rs17790906	30569659	0	5.935751e-05	1.339414e-06	1
16	rs17835978	29432712	0	-1.170077e-04	-2.657353e-06	1
16	rs17839544	30491783	0	-2.589330e-04	-5.830581e-06	1
16	rs17839548	30564526	0	3.049363e-04	6.925614e-06	1
16	rs17839551	30363382	0	-2.657630e-04	-5.918877e-06	1
16	rs17839567	31057945	0	-1.906818e-04	-4.186688e-06	1
16	rs17842268	29684180	0	1.502643e-04	3.310539e-06	1
16	rs17849880	30999198	0	3.533264e-04	7.965170e-06	1
16	rs17850402	30566747	0	3.363755e-05	7.544761e-07	1
16	rs180394	29715032	0	6.687299e-05	1.486115e-06	1
16	rs180701530	29609315	0	-4.221082e-05	-9.530059e-07	1
16	rs181522608	30062856	0	9.840705e-05	2.238503e-06	1
16	rs182339188	30781511	0	3.017767e-04	6.874336e-06	1
16	rs182433739	29420750	0	1.197091e-04	2.709553e-06	1
16	rs182536497	31069252	0	3.053389e-04	6.966519e-06	1
16	rs183186934	29606753	0	8.332176e-05	1.885393e-06	1
16	rs185202	29106324	0	-2.173476e-04	-4.838547e-06	1
16	rs185409	29404501	0	-1.282989e-04	-2.911038e-06	1
16	rs186014137	30725355	0	2.378766e-04	5.395289e-06	1
16	rs1870293	30970941	0	1.711598e-04	3.758640e-06	1
16	rs1872657	29307765	0	2.110484e-04	4.733560e-06	1
16	rs1872658	29307672	0	1.128311e-04	2.495513e-06	1
16	rs1872659	29304790	0	3.597821e-04	7.938020e-06	1
16	rs1872660	29304775	0	1.487337e-04	3.287423e-06	1
16	rs1872667	29299377	0	3.540243e-05	7.830777e-07	1
16	rs1872673	29320397	0	1.490435e-04	3.308886e-06	1
16	rs1872675	29320228	0	3.522203e-05	7.840845e-07	1
16	rs188304685	29939689	0	-8.879573e-05	-2.020568e-06	1
16	rs188708252	29881170	0	6.106754e-05	1.388831e-06	1
16	rs188742196	29336063	0	6.405129e-05	1.451587e-06	1
16	rs188899883	29624668	0	-4.084817e-04	-9.307485e-06	1
16	rs189757140	30180490	4	-5.735625e-04	-1.262980e-05	1
16	rs191825667	30801184	0	1.570775e-04	3.523224e-06	1
16	rs192245	29245739	0	-1.970660e-04	-4.388391e-06	1
16	rs192537440	29619215	0	-1.338200e-04	-3.045570e-06	1
16	rs193301319	29221971	0	-1.704992e-04	-3.883504e-06	1
16	rs194045	29246102	0	-1.117609e-04	-2.487255e-06	1
16	rs1964299	29090804	0	2.660019e-04	5.887491e-06	1
16	rs1974875	29245881	0	8.874805e-05	1.966028e-06	1
16	rs1985680	30123216	0	-3.854848e-04	-8.728652e-06	1
16	rs199859689	29626836	0	-1.490443e-04	-3.390520e-06	1
16	rs199900182	29416563	0	8.891766e-05	2.010253e-06	1
16	rs200735808	29406242	0	8.891766e-05	2.010253e-06	1
16	rs200830445	29402846	0	-1.170077e-04	-2.657353e-06	1
16	rs201244608	29076044	5	-2.970021e-05	-6.572897e-07	1
16	rs201259820	29274607	0	-9.466185e-05	-2.112959e-06	1
16	rs201555010	29562640	0	1.784561e-04	4.046512e-06	1
16	rs201724537	29409881	0	8.891766e-05	2.010253e-06	1
16	rs201917490	29430680	0	-5.156566e-05	-1.170472e-06	1
16	rs201918052	30772988	0	1.199180e-04	2.723384e-06	1
16	rs2020407	29623593	0	-1.490443e-04	-3.390520e-06	1
16	rs202166863	29440457	0	-1.170077e-04	-2.657353e-06	1
16	rs2035974	29306908	0	1.489145e-04	3.310154e-06	1
16	rs2054213	30971810	0	-2.202959e-04	-4.840563e-06	1
16	rs2054214	30971442	0	2.594385e-04	5.778276e-06	1
16	rs2083237	30175509	0	-6.141204e-04	-1.360260e-05	1
16	rs2113272	29161934	0	1.593689e-04	3.509204e-06	1
16	rs2125293	30863875	0	6.362111e-04	1.431073e-05	1
16	rs2131750	29319678	0	3.292781e-04	7.308339e-06	1
16	rs2161704	29162036	0	-1.217332e-04	-2.668596e-06	1
16	rs2168834	30863847	1	6.466781e-04	1.455680e-05	1
16	rs2171222	29298533	0	3.540243e-05	7.830778e-07	1
16	rs2199036	31006972	0	-1.076233e-04	-2.359024e-06	1
16	rs2230433	30518041	0	-2.413469e-04	-5.315482e-06	1
16	rs2230434	30518096	0	1.375983e-04	3.104687e-06	1
16	rs2244752	29153808	0	-8.551819e-05	-1.900132e-06	1
16	rs2246441	29114352	0	-7.447343e-06	-1.598526e-07	1
16	rs2252323	29135394	0	-2.331961e-04	-5.158639e-06	1
16	rs2252590	29133132	2	1.501050e-04	3.293889e-06	1
16	rs2252599	29133000	2	-1.036108e-05	-2.221687e-07	1
16	rs2252605	29132962	2	8.223206e-06	1.845226e-07	1
16	rs2252609	29132865	0	-1.955687e-04	-4.348005e-06	1
16	rs2253253	29128185	0	1.132681e-04	2.497776e-06	1
16	rs2256528	29124661	0	9.787626e-06	2.167021e-07	1
16	rs2278557	30093779	0	-1.863622e-04	-4.114519e-06	1
16	rs2288004	31054040	0	2.650336e-05	5.851451e-07	1
16	rs2289442	30739919	0	-2.459451e-04	-5.417809e-06	1
16	rs2291400	29262688	0	-4.166374e-05	-9.232195e-07	1
16	rs2291401	29262601	0	-4.666320e-05	-1.032161e-06	1
16	rs2303223	31075175	0	-3.064319e-04	-6.775166e-06	1
16	rs2303255	29706444	0	-4.005862e-04	-9.026625e-06	1
16	rs2305880	30999462	0	-1.503426e-04	-3.299230e-06	1
16	rs2305884	30970741	0	-2.202959e-04	-4.840564e-06	1
16	rs235630	29743018	0	2.736994e-04	6.092383e-06	1
16	rs235631	29743529	0	3.924430e-04	8.775941e-06	1
16	rs235659	29788919	0	6.474036e-05	1.420798e-06	1
16	rs235663	29748325	0	4.047158e-04	9.136684e-06	1
16	rs2370277	29261174	0	-2.426813e-04	-5.415599e-06	1
16	rs2370291	29264508	0	-2.272950e-05	-5.022099e-07	1
16	rs2370299	29271946	0	-2.091617e-04	-4.619418e-06	1
16	rs2370302	29283348	0	-3.368616e-04	-7.455635e-06	1
16	rs2370336	29308255	0	2.010201e-04	4.466559e-06	1
16	rs2370534	29319603	0	1.888437e-05	4.282762e-07	1
16	rs2370535	29320022	0	-1.848908e-04	-4.081589e-06	1
16	rs2430674	29124524	0	9.787626e-06	2.167022e-07	1
16	rs2430675	29128117	0	2.173476e-04	4.838545e-06	1
16	rs2442141	29088221	0	3.656741e-04	8.112850e-06	1
16	rs252243	29239828	0	-2.935665e-04	-6.550274e-06	1
16	rs252244	29240018	0	-2.231141e-04	-4.961960e-06	1
16	rs252245	29241010	0	-3.279864e-04	-7.327933e-06	1
16	rs252246	29241389	0	-2.426813e-04	-5.415599e-06	1
16	rs252247	29242488	0	-1.117609e-04	-2.487254e-06	1
16	rs252248	29243109	0	-1.970660e-04	-4.388389e-06	1
16	rs252249	29243425	0	-2.365407e-04	-5.272153e-06	1
16	rs252250	29244405	0	-1.970660e-04	-4.388389e-06	1
16	rs252251	29244537	0	-3.320043e-04	-7.336173e-06	1
16	rs252252	29245019	0	-1.970660e-04	-4.388389e-06	1
16	rs252253	29245171	0	-3.834611e-04	-8.602506e-06	1
16	rs252254	29246993	0	-2.426813e-04	-5.415598e-06	1
16	rs252255	29247800	0	-2.426813e-04	-5.415598e-06	1
16	rs252256	29248418	0	-1.441495e-04	-3.187489e-06	1
16	rs252257	29250312	0	-2.843450e-04	-6.279759e-06	1
16	rs252258	29251278	0	-2.153306e-04	-4.747428e-06	1
16	rs252259	29251923	0	1.434198e-04	3.256914e-06	1
16	rs252260	29252478	0	-2.153306e-04	-4.747427e-06	1
16	rs252261	29092109	0	2.970843e-04	6.563858e-06	1
16	rs252264	29105873	0	-7.447343e-06	-1.598508e-07	1
16	rs252265	29105123	0	-1.025949e-05	-2.232147e-07	1
16	rs252270	29102219	1	-2.355159e-04	-5.253701e-06	1
16	rs252272	29101402	0	-3.810760e-04	-8.533359e-06	1
16	rs252274	29097369	0	-3.810760e-04	-8.533359e-06	1
16	rs252275	29094925	0	-4.025536e-05	-8.783119e-07	1
16	rs252276	29094515	0	-3.181893e-04	-7.116823e-06	1
16	rs252277	29093432	0	-1.247139e-04	-2.730249e-06	1
16	rs252283	29164026	0	-4.491408e-05	-9.964512e-07	1
16	rs252285	29164976	0	-1.422931e-04	-3.190060e-06	1
16	rs252287	29165923	0	-1.183065e-04	-2.630924e-06	1
16	rs252289	29168094	0	-1.183065e-04	-2.630923e-06	1
16	rs252291	29169717	0	-1.189103e-04	-2.644212e-06	1
16	rs252303	29225489	0	-1.349283e-04	-2.961912e-06	1
16	rs252304	29224442	0	-7.372158e-04	-1.678475e-05	1
16	rs252305	29223485	0	-2.263571e-04	-4.977930e-06	1
16	rs252306	29222442	0	-3.323897e-04	-7.324271e-06	1
16	rs252308	29221318	0	-8.372834e-05	-1.833199e-06	1
16	rs252311	29217605	0	1.575488e-05	3.473931e-07	1
16	rs252312	29215274	0	-2.923399e-06	-6.185497e-08	1
16	rs252313	29214126	0	-1.057981e-04	-2.340444e-06	1
16	rs252314	29213635	0	-5.238859e-04	-1.177679e-05	1
16	rs252315	29210513	0	-4.742071e-04	-1.064073e-05	1
16	rs252316	29203732	0	-1.137029e-04	-2.520139e-06	1
16	rs252317	29202810	0	-3.468102e-04	-7.646929e-06	1
16	rs252323	29197960	0	-3.366336e-04	-7.509793e-06	1
16	rs252326	29194415	0	-3.814825e-04	-8.514203e-06	1
16	rs252328	29194228	0	-3.814825e-04	-8.514203e-06	1
16	rs252365	29205691	0	-3.077060e-04	-6.851739e-06	1
16	rs252475	29245333	0	1.970660e-04	4.388386e-06	1
16	rs252480	29250915	0	1.117609e-04	2.487250e-06	1
16	rs252491	29158794	0	-8.894490e-05	-1.947580e-06	1
16	rs252493	29159047	0	-8.894490e-05	-1.947580e-06	1
16	rs252494	29159061	0	-8.894490e-05	-1.947580e-06	1
16	rs252495	29159094	0	-8.894490e-05	-1.947580e-06	1
16	rs252496	29159435	0	-1.217332e-04	-2.668591e-06	1
16	rs252497	29159564	0	-1.217332e-04	-2.668591e-06	1
16	rs252498	29160376	0	-1.217332e-04	-2.668590e-06	1
16	rs2549974	29641013	0	-1.546653e-04	-3.401328e-06	1
16	rs2550178	29118406	0	1.234730e-04	2.704686e-06	1
16	rs257867	29413322	0	-1.170077e-04	-2.657353e-06	1
16	rs257869	29411526	0	-1.170077e-04	-2.657353e-06	1
16	rs257877	29298466	0	1.368636e-04	3.105543e-06	1
16	rs257878	29332380	0	1.094244e-04	2.486996e-06	1
16	rs257882	29318542	0	-5.139176e-04	-1.152032e-05	1
16	rs2630830	29335148	0	6.405129e-05	1.451587e-06	1
16	rs2630834	29255737	0	1.434198e-04	3.256915e-06	1
16	rs28360556	30929167	0	9.204984e-05	2.032128e-06	1
16	rs28360557	30983260	0	-1.069646e-04	-2.348981e-06	1
16	rs28372334	29278281	0	-1.295448e-04	-2.854339e-06	1
16	rs28395262	29347907	0	-2.054939e-04	-4.546389e-06	1
16	rs28420715	29297583	0	8.723243e-05	1.940386e-06	1
16	rs28421305	30838128	0	-9.246645e-05	-2.025881e-06	1
16	rs28452050	29317318	0	1.715861e-04	3.775421e-06	1
16	rs28469632	29278346	0	-1.295448e-04	-2.854339e-06	1
16	rs28478844	29301227	0	3.540243e-05	7.830781e-07	1
16	rs28488113	29298160	0	8.723243e-05	1.940387e-06	1
16	rs28490313	29640683	0	-2.855857e-04	-6.297844e-06	1
16	rs28493497	29280362	0	-1.295448e-04	-2.854339e-06	1
16	rs28517865	29914142	0	3.153213e-04	6.948830e-06	1
16	rs28548178	29296334	0	-1.211370e-05	-2.641051e-07	1
16	rs28587565	29278629	0	-1.295448e-04	-2.854339e-06	1
16	rs28599680	29860685	0	-1.933321e-04	-4.335988e-06	1
16	rs28605917	29282396	0	1.035352e-04	2.300316e-06	1
16	rs28616078	29306272	0	8.040582e-05	1.786821e-06	1
16	rs28627978	29280810	0	-1.295448e-04	-2.854338e-06	1
16	rs28635424	29278498	0	-3.648503e-05	-8.014074e-07	1
16	rs2864228	29193522	0	-1.165287e-04	-2.574241e-06	1
16	rs28642341	29278637	0	-1.295448e-04	-2.854338e-06	1
16	rs28646116	29259446	0	2.632248e-05	5.861289e-07	1
16	rs28663614	29659786	0	-2.613811e-04	-5.916371e-06	1
16	rs28681294	29282365	0	1.130581e-04	2.514153e-06	1
16	rs28693455	29248014	0	-1.857748e-04	-4.136173e-06	1
16	rs28698017	29276196	0	-1.295448e-04	-2.854338e-06	1
16	rs28708641	30507972	0	6.096794e-04	1.363341e-05	1
16	rs28709291	30083912	0	-3.760884e-04	-8.519490e-06	1
16	rs28742124	29269146	0	-1.248901e-04	-2.768137e-06	1
16	rs2878304	30878366	0	5.946619e-04	1.333583e-05	1
16	rs28814987	31081460	0	-4.744202e-04	-1.052213e-05	1
16	rs28841118	30630226	0	1.076311e-05	2.411702e-07	1
16	rs28853644	30801027	0	-4.107134e-04	-9.076569e-06	1
16	rs2887714	29292113	0	-1.211370e-05	-2.641039e-07	1
16	rs28877870	30168682	0	-1.439813e-04	-3.215140e-06	1
16	rs2887799	30163833	0	-5.164617e-04	-1.141275e-05	1
16	rs28970385	29281963	0	-1.295448e-04	-2.854337e-06	1
16	rs2909044	29110035	0	-7.447343e-06	-1.598471e-07	1
16	rs2919426	30660700	0	1.432208e-04	3.150032e-06	1
16	rs2927728	29646905	0	-3.279234e-04	-7.239479e-06	1
16	rs2934456	29358351	0	-3.805671e-04	-8.395327e-06	1
16	rs3087438	30500761	0	5.952723e-04	1.329366e-05	1
16	rs3087439	30505821	0	-4.898936e-04	-1.114689e-05	1
16	rs3087443	30522152	0	7.536221e-05	1.673308e-06	1
16	rs34049928	29983015	0	-5.929601e-05	-1.346060e-06	1
16	rs34127220	29842891	0	-5.552660e-05	-1.243312e-06	1
16	rs34166377	30183041	0	-1.795949e-04	-4.015742e-06	1
16	rs34201022	29188474	0	-1.165287e-04	-2.574241e-06	1
16	rs34205348	29668898	0	-3.608036e-04	-7.932512e-06	1
16	rs34222852	29859627	0	-1.889907e-04	-4.239001e-06	1
16	rs34261613	30430628	0	-1.829527e-04	-4.130475e-06	1
16	rs34286592	29820480	0	-5.118525e-05	-1.146122e-06	1
16	rs34437886	29156994	0	-3.426708e-06	-7.563547e-08	1
16	rs34454770	31005567	0	-4.940714e-04	-1.095185e-05	1
16	rs34480360	30798689	0	-6.469705e-04	-1.453551e-05	1
16	rs34499019	30501609	0	-6.824069e-04	-1.551614e-05	1
16	rs34564246	30135798	0	-2.248319e-04	-5.101780e-06	1
16	rs34596480	29863620	0	-2.106696e-04	-4.798945e-06	1
16	rs34640030	30888012	0	-2.444097e-04	-5.576637e-06	1
16	rs34649473	31066538	1	1.404937e-04	3.104024e-06	1
16	rs34652864	29189158	0	-1.165287e-04	-2.574241e-06	1
16	rs34666323	29133969	0	-3.503628e-04	-7.887163e-06	1
16	rs34714403	29842547	0	-5.552660e-05	-1.243312e-06	1
16	rs34745112	29261537	0	8.874805e-05	1.966028e-06	1
16	rs34792575	29273070	0	-2.091617e-04	-4.619417e-06	1
16	rs34840035	30871515	0	6.362111e-04	1.431073e-05	1
16	rs34873012	30945861	0	-1.089397e-04	-2.390580e-06	1
16	rs34876189	30332203	0	-4.682584e-05	-1.063479e-06	1
16	rs34876239	30498824	0	5.064370e-04	1.126230e-05	1
16	rs34878107	29157326	0	-3.426708e-06	-7.563558e-08	1
16	rs34898535	31025641	0	-1.021834e-04	-2.249674e-06	1
16	rs35042042	29871730	0	8.749782e-05	1.960904e-06	1
16	rs35045843	31070781	0	2.549697e-04	5.779787e-06	1
16	rs35055037	29193705	0	1.439168e-05	3.175847e-07	1
16	rs35069260	30502558	0	-1.327190e-04	-2.982262e-06	1
16	rs35089016	30192359	0	-5.281660e-05	-1.185791e-06	1
16	rs35105141	30057148	0	-1.879506e-04	-4.148977e-06	1
16	rs35181256	29093132	0	3.157614e-05	6.935861e-07	1
16	rs35189546	29167368	0	-9.650912e-05	-2.133937e-06	1
16	rs35262362	30507196	0	1.575324e-05	3.562064e-07	1
16	rs35309968	29204338	0	2.795403e-04	6.362899e-06	1
16	rs35324093	29244747	0	8.874805e-05	1.966028e-06	1
16	rs35345720	29933603	0	-2.682308e-04	-6.082540e-06	1
16	rs35351013	31069854	0	-2.646259e-04	-5.844838e-06	1
16	rs35388821	29151237	0	5.217162e-05	1.165834e-06	1
16	rs35458038	29157660	0	3.234208e-05	7.146158e-07	1
16	rs35467921	30048553	0	-1.785373e-04	-3.941201e-06	1
16	rs35468353	31056433	0	-1.906818e-04	-4.186685e-06	1
16	rs35478648	30054613	0	-2.693478e-05	-6.072982e-07	1
16	rs35480350	30366039	0	5.515309e-04	1.228469e-05	1
16	rs35529295	29126007	0	-1.299854e-04	-2.957960e-06	1
16	rs35605010	30033428	0	-2.929888e-04	-6.450816e-06	1
16	rs35629860	30671532	0	-4.082322e-04	-9.091896e-06	1
16	rs35675346	30936081	0	-8.041925e-04	-1.831460e-05	1
16	rs35676868	29142969	0	-6.096533e-05	-1.347652e-06	1
16	rs35695082	30792389	0	-8.040953e-04	-1.844894e-05	1
16	rs35697633	29116957	0	1.619713e-04	3.577510e-06	1
16	rs35722494	29272970	0	-2.091617e-04	-4.619417e-06	1
16	rs35733741	30945887	0	-3.392693e-04	-7.475748e-06	1
16	rs3574	30411382	0	-4.432096e-04	-9.835148e-06	1
16	rs35763655	29124635	0	-2.483228e-04	-5.572555e-06	1
16	rs35822450	30498783	0	5.952723e-04	1.329366e-05	1
16	rs35900366	30199584	0	-1.520620e-04	-3.401733e-06	1
16	rs35901559	29829615	0	-5.552660e-05	-1.243311e-06	1
16	rs35961830	31032317	0	-3.032278e-04	-6.676042e-06	1
16	rs35968985	30516531	0	1.184223e-04	2.685693e-06	1
16	rs35969813	30714417	0	-5.486104e-04	-1.228556e-05	1
16	rs35983149	30174024	0	-1.318243e-04	-2.942594e-06	1
16	rs35985586	29093157	0	1.619713e-04	3.577510e-06	1
16	rs36028249	29118764	0	-1.907019e-04	-4.313905e-06	1
16	rs36050267	29115577	0	1.234730e-04	2.704686e-06	1
16	rs36064568	30646970	0	-2.467621e-05	-5.361611e-07	1
16	rs36069862	30186202	0	-1.795949e-04	-4.015742e-06	1
16	rs36122065	29115014	0	2.363868e-04	5.222944e-06	1
16	rs370228531	29275615	7	1.412664e-04	3.195509e-06	1
16	rs370590486	29120017	0	-2.426706e-04	-5.526940e-06	1
16	rs371085	29730246	0	2.797159e-04	6.259492e-06	1
16	rs373528142	29569181	2	-1.147514e-04	-2.606725e-06	1
16	rs3747481	30666367	0	-1.719751e-04	-3.783306e-06	1
16	rs3747486	30786927	0	-1.756637e-04	-3.851647e-06	1
16	rs3759987	29673903	0	1.432390e-04	3.214309e-06	1
16	rs3764275	29672982	0	1.067032e-04	2.393269e-06	1
16	rs3764289	29239829	0	1.733572e-04	3.844216e-06	1
16	rs3766	30368591	0	-2.503790e-04	-5.573651e-06	1
16	rs377567672	29275748	0	4.418107e-04	9.970220e-06	1
16	rs3809627	30103160	0	-6.504889e-05	-1.432285e-06	1
16	rs3812999	30773605	0	-1.756637e-04	-3.851647e-06	1
16	rs3813020	30934075	0	-2.222710e-04	-4.881050e-06	1
16	rs3814877	30042677	0	-1.660269e-04	-3.662449e-06	1
16	rs3814878	30041966	0	-8.246050e-06	-1.736861e-07	1
16	rs3814880	30017895	0	-4.561814e-04	-1.008709e-05	1
16	rs3814884	29994736	0	-4.364692e-04	-9.641278e-06	1
16	rs3815824	29852860	0	-1.933321e-04	-4.335986e-06	1
16	rs3844222	29283230	0	1.384890e-05	3.093076e-07	1
16	rs3851756	29253652	0	-1.441495e-04	-3.187484e-06	1
16	rs3851757	29259687	0	9.783713e-06	2.173010e-07	1
16	rs3851758	29260222	0	-4.166374e-05	-9.232177e-07	1
16	rs3851759	29264113	0	-1.773005e-05	-3.914875e-07	1
16	rs3851760	29264225	0	-2.272950e-05	-5.022080e-07	1
16	rs3851761	29268268	0	4.706781e-05	1.040392e-06	1
16	rs3851762	29268273	0	-2.988100e-04	-6.710311e-06	1
16	rs3851764	29271554	0	-2.091617e-04	-4.619416e-06	1
16	rs3851765	29271655	0	-7.824135e-05	-1.722655e-06	1
16	rs3851766	29272118	0	-2.091617e-04	-4.619416e-06	1
16	rs3851770	29274452	0	-1.622710e-04	-3.581061e-06	1
16	rs3851772	29278071	0	-1.295448e-04	-2.854336e-06	1
16	rs3851774	29279743	0	-1.295448e-04	-2.854336e-06	1
16	rs3851775	29279750	0	-1.295448e-04	-2.854335e-06	1
16	rs3851776	29280037	0	-1.295448e-04	-2.854335e-06	1
16	rs3851777	29285675	0	-1.211370e-05	-2.641015e-07	1
16	rs3862476	29687360	0	-4.345107e-04	-9.902292e-06	1
16	rs3863453	29274934	0	-2.402108e-04	-5.303462e-06	1
16	rs3863454	29274973	0	3.405797e-04	7.657478e-06	1
16	rs3863455	29275022	0	-2.831375e-05	-6.213426e-07	1
16	rs3863461	29276274	0	-1.295448e-04	-2.854335e-06	1
16	rs3863462	29276316	0	-1.295448e-04	-2.854334e-06	1
16	rs3863463	29276381	0	1.375558e-06	3.304491e-08	1
16	rs3863464	29276410	0	-1.295448e-04	-2.854334e-06	1
16	rs3889407	29271509	0	-2.612673e-04	-5.781357e-06	1
16	rs3891914	29274081	0	-3.222013e-04	-7.136335e-06	1
16	rs3891915	29274463	0	-1.622710e-04	-3.581059e-06	1
16	rs3898532	29273997	0	-3.222013e-04	-7.136335e-06	1
16	rs3924855	29954955	0	-3.441244e-05	-7.499142e-07	1
16	rs3935873	30018500	0	-4.561814e-04	-1.008709e-05	1
16	rs3976455	29861447	0	-1.933321e-04	-4.335986e-06	1
16	rs402720	29762882	0	3.396819e-05	7.532497e-07	1
16	rs4077410	29998200	0	-5.018246e-04	-1.108177e-05	1
16	rs41280854	30064471	0	8.168862e-05	1.855548e-06	1
16	rs41292378	30390677	0	4.132073e-05	9.368754e-07	1
16	rs423096	29730626	0	4.015621e-04	9.003412e-06	1
16	rs4232893	30423751	0	-3.340061e-04	-7.524070e-06	1
16	rs4238959	30038647	0	-2.929888e-04	-6.450812e-06	1
16	rs4238961	30380486	0	-2.873150e-04	-6.317329e-06	1
16	rs4243232	30514723	0	1.669885e-04	3.667938e-06	1
16	rs4247355	30392099	0	-4.935005e-04	-1.099081e-05	1
16	rs4258647	29287505	0	1.010711e-05	2.259515e-07	1
16	rs4281737	29642392	0	-2.855857e-04	-6.297845e-06	1
16	rs4283241	29988349	0	-2.765387e-04	-6.075599e-06	1
16	rs4290486	30890145	0	-2.078491e-04	-4.555973e-06	1
16	rs4312332	29287936	0	1.010711e-05	2.259517e-07	1
16	rs4318227	29984839	0	-4.561814e-04	-1.008709e-05	1
16	rs4334325	29156282	0	-3.426708e-06	-7.563483e-08	1
16	rs4340343	30404484	0	-6.221327e-04	-1.390583e-05	1
16	rs4341759	30514103	0	-2.046062e-04	-4.494110e-06	1
16	rs4344767	30165139	0	-4.314734e-04	-9.472598e-06	1
16	rs4402589	29954654	0	-3.441244e-05	-7.499123e-07	1
16	rs4407079	29931899	0	-2.180279e-04	-4.780399e-06	1
16	rs4420550	29938820	0	-2.431109e-04	-5.331610e-06	1
16	rs4424923	29939293	0	-1.121906e-04	-2.454211e-06	1
16	rs4447459	29155672	0	-3.426708e-06	-7.563467e-08	1
16	rs4485386	30636611	0	-4.054066e-05	-8.839452e-07	1
16	rs4500754	30376691	0	3.847391e-04	8.703195e-06	1
16	rs4502227	30980054	0	-8.886918e-05	-1.951041e-06	1
16	rs4527039	29946945	0	-3.441244e-05	-7.499111e-07	1
16	rs4552048	29269826	0	4.706781e-05	1.040395e-06	1
16	rs4563056	29698606	0	-3.008603e-04	-6.735503e-06	1
16	rs4583255	29988941	0	-4.561814e-04	-1.008708e-05	1
16	rs4598924	30514138	0	7.195855e-05	1.634292e-06	1
16	rs4609871	29932064	0	-2.585703e-05	-5.628387e-07	1
16	rs4614756	29126906	0	-2.483228e-04	-5.572554e-06	1
16	rs4616297	30730679	0	-2.938343e-04	-6.482399e-06	1
16	rs4620996	29121113	0	-2.173476e-04	-4.838542e-06	1
16	rs4787466	29272099	0	1.253092e-04	2.805160e-06	1
16	rs4787467	29275842	0	4.418107e-04	9.970219e-06	1
16	rs4787480	29857316	0	-1.933321e-04	-4.335985e-06	1
16	rs4787483	29885447	0	-1.814922e-04	-4.000956e-06	1
16	rs4787484	29906546	0	-9.018548e-05	-1.985342e-06	1
16	rs4787486	29977562	0	-3.601891e-04	-7.930769e-06	1
16	rs4787488	29995803	0	-5.018246e-04	-1.108176e-05	1
16	rs4787489	29995880	0	-4.561814e-04	-1.008708e-05	1
16	rs4787491	30015337	0	-6.502753e-04	-1.447704e-05	1
16	rs4787492	30055549	0	-2.693041e-04	-5.923598e-06	1
16	rs4787495	30165725	0	-4.832001e-04	-1.063817e-05	1
16	rs4787642	30359408	0	5.376325e-04	1.196719e-05	1
16	rs4787643	30393660	0	-4.908415e-04	-1.092205e-05	1
16	rs4787644	30418119	0	-3.524262e-04	-7.943783e-06	1
16	rs4788122	29085693	0	1.642859e-04	3.706519e-06	1
16	rs4788138	29253744	0	-2.681072e-04	-5.912841e-06	1
16	rs4788139	29254070	0	-1.532052e-04	-3.370386e-06	1
16	rs4788140	29254781	0	-1.441495e-04	-3.187481e-06	1
16	rs4788141	29274290	0	4.000635e-04	8.999745e-06	1
16	rs4788142	29275571	4	6.938704e-04	1.599959e-05	1
16	rs4788143	29275901	0	4.418107e-04	9.970220e-06	1
16	rs4788148	29286147	0	-1.211370e-05	-2.640988e-07	1
16	rs4788172	29668253	0	-2.796220e-04	-6.317977e-06	1
16	rs4788173	29670736	0	8.430881e-05	1.901463e-06	1
16	rs4788185	29839893	0	-5.552660e-05	-1.243309e-06	1
16	rs4788186	29841225	0	4.001007e-04	8.870537e-06	1
16	rs4788187	29845685	0	3.383610e-04	7.594190e-06	1
16	rs4788188	29860863	0	2.005556e-04	4.482088e-06	1
16	rs4788189	29921211	0	3.236909e-04	7.132295e-06	1
16	rs4788190	29948401	0	-3.540546e-04	-7.789155e-06	1
16	rs4788195	29960593	0	-3.473784e-04	-7.641592e-06	1
16	rs4788196	29967434	0	-2.511992e-04	-5.515023e-06	1
16	rs4788197	29970834	0	-2.468579e-04	-5.417752e-06	1
16	rs4788199	29970857	0	-3.810565e-04	-8.376343e-06	1
16	rs4788200	29971265	0	-4.265006e-04	-9.417358e-06	1
16	rs4788201	29972690	0	-4.265006e-04	-9.417357e-06	1
16	rs4788202	29978003	0	-3.601891e-04	-7.930763e-06	1
16	rs4788203	29978827	0	-5.159571e-04	-1.142388e-05	1
16	rs4788204	29995218	0	-2.589496e-04	-5.681991e-06	1
16	rs4788207	30010274	0	-5.018246e-04	-1.108176e-05	1
16	rs4788209	30013266	0	-4.561814e-04	-1.008707e-05	1
16	rs4788210	30013674	0	-4.561814e-04	-1.008707e-05	1
16	rs4788211	30015565	0	-6.327449e-04	-1.407333e-05	1
16	rs4788212	30034469	0	-4.507078e-04	-9.982189e-06	1
16	rs4788213	30034524	0	-4.507078e-04	-9.982188e-06	1
16	rs4788215	30047930	0	-4.507078e-04	-9.982188e-06	1
16	rs4788216	30048077	0	-4.507078e-04	-9.982187e-06	1
16	rs4788217	30051312	0	-4.507078e-04	-9.982187e-06	1
16	rs4788218	30055750	0	-1.785373e-04	-3.941185e-06	1
16	rs4788219	30063646	0	-2.929888e-04	-6.450798e-06	1
16	rs4788220	30063780	0	-2.929888e-04	-6.450798e-06	1
16	rs4788409	30393771	0	-5.145262e-04	-1.146934e-05	1
16	rs4788410	30396805	0	-4.252496e-04	-9.433044e-06	1
16	rs4788411	30396815	0	-4.908415e-04	-1.092205e-05	1
16	rs4788412	30405726	0	-1.874470e-04	-4.165186e-06	1
16	rs4788413	30410445	0	-4.252496e-04	-9.433043e-06	1
16	rs4843799	29157234	0	-3.426708e-06	-7.563356e-08	1
16	rs4889489	30812962	0	7.832707e-05	1.711861e-06	1
16	rs4889490	30823047	0	-8.737039e-05	-1.924043e-06	1
16	rs4889495	30502152	0	6.096794e-04	1.363341e-05	1
16	rs4889514	30943096	0	-1.089397e-04	-2.390582e-06	1
16	rs4889525	30989858	0	-1.069646e-04	-2.348985e-06	1
16	rs4889526	31030344	0	-2.376118e-04	-5.221439e-06	1
16	rs4889530	31065918	0	2.650336e-05	5.851444e-07	1
16	rs4889534	30865440	0	6.362111e-04	1.431072e-05	1
16	rs4889536	30871755	0	6.362111e-04	1.431072e-05	1
16	rs4889571	30949047	0	-1.089397e-04	-2.390583e-06	1
16	rs4889599	30968589	0	-2.202959e-04	-4.840568e-06	1
16	rs4889603	30982225	0	-3.735016e-04	-8.248701e-06	1
16	rs4889604	30985994	0	-1.069646e-04	-2.348987e-06	1
16	rs4889606	31011183	0	-1.303851e-04	-2.869338e-06	1
16	rs4889609	31026427	0	-2.376118e-04	-5.221438e-06	1
16	rs4889614	30862135	0	6.362111e-04	1.431072e-05	1
16	rs4889622	30870957	0	6.578233e-04	1.481410e-05	1
16	rs4889627	30875217	0	-4.446587e-05	-9.730138e-07	1
16	rs4889630	30877544	0	5.239585e-04	1.174138e-05	1
16	rs4889631	30877636	0	6.788374e-04	1.534010e-05	1
16	rs4889634	30878863	0	-1.977175e-04	-4.349696e-06	1
16	rs4889651	30895545	0	6.180236e-04	1.387511e-05	1
16	rs4889653	30895713	0	6.180236e-04	1.387511e-05	1
16	rs4889685	30929444	0	-1.665544e-05	-3.683384e-07	1
16	rs4992888	29259096	0	-1.725841e-04	-3.836798e-06	1
16	rs4993636	29293055	0	-1.211370e-05	-2.640988e-07	1
16	rs5009662	29155845	0	-3.426708e-06	-7.563397e-08	1
16	rs5013201	30404522	0	-1.701325e-04	-3.851475e-06	1
16	rs5013247	29307041	0	1.489145e-04	3.310160e-06	1
16	rs5026091	29273620	0	-7.897798e-05	-1.737645e-06	1
16	rs5026093	29273735	0	-2.088701e-04	-4.610478e-06	1
16	rs5026096	29273786	0	-3.222013e-04	-7.136334e-06	1
16	rs5029446	29297706	0	3.540243e-05	7.830842e-07	1
16	rs5029449	29297793	0	1.054055e-04	2.330810e-06	1
16	rs55662298	29288820	0	-1.532946e-04	-3.381497e-06	1
16	rs55676522	30883849	0	-2.133247e-04	-4.828997e-06	1
16	rs55678597	30118232	0	-3.854848e-04	-8.728652e-06	1
16	rs55680018	29288704	0	-8.846344e-05	-1.947823e-06	1
16	rs55680039	30048962	0	-1.926516e-04	-4.376602e-06	1
16	rs55710189	29207939	0	-2.478242e-04	-5.590800e-06	1
16	rs55719146	30901946	0	-6.398025e-04	-1.439212e-05	1
16	rs55731737	31017683	0	2.031746e-04	4.512791e-06	1
16	rs55736310	29240017	0	-6.079061e-05	-1.369468e-06	1
16	rs55736766	29269252	0	-2.282776e-04	-5.069164e-06	1
16	rs55740063	29258996	0	-1.725841e-04	-3.836797e-06	1
16	rs55754126	29299928	0	8.723243e-05	1.940394e-06	1
16	rs55762054	30015249	0	-7.883204e-05	-1.767336e-06	1
16	rs55764428	29287123	0	1.010711e-05	2.259539e-07	1
16	rs55779019	29267834	0	-3.918614e-05	-8.688885e-07	1
16	rs55780732	29261698	0	-4.166374e-05	-9.232128e-07	1
16	rs55788822	29287062	0	1.010711e-05	2.259543e-07	1
16	rs55816101	29293621	0	-4.863864e-06	-1.049797e-07	1
16	rs55816166	29180008	0	2.262709e-04	5.066186e-06	1
16	rs55861648	30833896	0	-8.638998e-06	-1.959041e-07	1
16	rs55903157	29994398	0	1.008276e-04	2.289236e-06	1
16	rs55908605	31015877	0	2.182591e-04	4.849804e-06	1
16	rs55918844	29287222	0	1.010711e-05	2.259546e-07	1
16	rs55919902	30473161	0	-2.500134e-04	-5.629433e-06	1
16	rs55963273	29296589	0	-1.937067e-04	-4.273723e-06	1
16	rs55979739	31049155	0	-3.015399e-04	-6.645367e-06	1
16	rs56000057	29595921	0	1.587438e-04	3.597435e-06	1
16	rs56031255	29306955	0	-4.076647e-05	-9.035909e-07	1
16	rs56083427	30881298	0	-6.398025e-04	-1.439212e-05	1
16	rs56096128	29184346	0	-1.163365e-04	-2.606479e-06	1
16	rs56106502	29617167	0	-4.084817e-04	-9.307486e-06	1
16	rs56108370	29294350	0	-2.188348e-05	-4.837874e-07	1
16	rs56135456	29267951	0	-3.918614e-05	-8.688876e-07	1
16	rs56142883	30875335	0	-3.023476e-04	-6.881701e-06	1
16	rs56143494	29257009	0	9.783713e-06	2.173065e-07	1
16	rs56143700	30360998	0	2.438322e-04	5.557204e-06	1
16	rs56152301	29278582	0	-1.295448e-04	-2.854330e-06	1
16	rs56153335	30605536	0	4.844089e-04	1.094025e-05	1
16	rs56159078	29170454	0	1.714342e-04	3.872666e-06	1
16	rs56162440	29141853	0	-1.882084e-05	-4.169302e-07	1
16	rs56183743	30007325	0	-1.765635e-04	-3.975503e-06	1
16	rs56187809	29297643	0	-4.863864e-06	-1.049788e-07	1
16	rs56188385	29286983	0	1.010711e-05	2.259554e-07	1
16	rs56193946	30956651	0	2.594385e-04	5.778271e-06	1
16	rs56212525	29269271	0	-2.282776e-04	-5.069163e-06	1
16	rs56234416	29297454	1	-5.233572e-05	-1.149014e-06	1
16	rs56270796	29122741	0	1.227015e-04	2.710189e-06	1
16	rs56272859	29142566	0	-2.370316e-04	-5.318469e-06	1
16	rs56284083	31052895	0	-2.198430e-04	-4.828881e-06	1
16	rs56311083	30557392	0	1.790770e-04	4.050463e-06	1
16	rs56329348	30030092	0	-7.149740e-05	-1.620604e-06	1
16	rs56341237	29243884	0	-1.913852e-04	-4.256463e-06	1
16	rs56357328	29303737	0	-4.863864e-06	-1.049783e-07	1
16	rs56377705	29301302	0	7.422649e-05	1.642600e-06	1
16	rs56391383	30538419	0	3.869328e-04	8.558538e-06	1
16	rs56399904	30166183	0	-3.598481e-04	-7.889026e-06	1
16	rs56656810	30788759	0	-2.459451e-04	-5.417799e-06	1
16	rs56766083	29272842	0	-7.824135e-05	-1.722649e-06	1
16	rs56813533	31070481	0	-7.977325e-05	-1.760006e-06	1
16	rs57312298	30012691	0	-1.765635e-04	-3.975503e-06	1
16	rs57434408	31066380	0	-5.194642e-04	-1.154766e-05	1
16	rs57442742	30506532	0	6.096794e-04	1.363341e-05	1
16	rs57519568	29354770	0	-2.169529e-05	-4.890334e-07	1
16	rs57576577	31036367	0	-2.376118e-04	-5.221435e-06	1
16	rs57601653	29290980	0	-8.846344e-05	-1.947821e-06	1
16	rs57615206	30014034	0	-1.765635e-04	-3.975503e-06	1
16	rs57840023	29265279	0	4.785063e-05	1.067298e-06	1
16	rs57884885	29272820	0	-2.091617e-04	-4.619409e-06	1
16	rs58005809	29252470	0	8.874805e-05	1.966028e-06	1
16	rs58047105	29273019	0	-2.091617e-04	-4.619409e-06	1
16	rs58307916	29218966	0	2.602064e-04	5.769476e-06	1
16	rs58332563	29266340	0	-2.603185e-04	-5.838555e-06	1
16	rs58354524	29354782	0	-1.362614e-04	-3.074057e-06	1
16	rs58475855	29299203	0	-4.863864e-06	-1.049776e-07	1
16	rs58483534	30131301	0	-3.642009e-04	-8.236653e-06	1
16	rs58579888	29291300	0	-1.211370e-05	-2.640947e-07	1
16	rs58726213	31044683	0	-1.906818e-04	-4.186678e-06	1
16	rs58727628	29266471	0	-2.603185e-04	-5.838555e-06	1
16	rs59061704	31062704	1	-2.733884e-04	-6.018877e-06	1
16	rs59086095	29210257	0	-5.684427e-05	-1.256456e-06	1
16	rs59151595	30603262	0	5.629431e-04	1.275944e-05	1
16	rs59364995	29258092	0	2.735071e-05	6.084383e-07	1
16	rs59419098	30010363	1	-8.212900e-05	-1.845073e-06	1
16	rs59432882	29102563	0	-8.459441e-05	-1.891134e-06	1
16	rs59576480	29286920	0	-1.208132e-04	-2.661901e-06	1
16	rs59823182	29272110	0	1.726078e-05	3.867151e-07	1
16	rs59933097	29282400	0	1.035352e-04	2.300325e-06	1
16	rs60350735	29268210	0	-9.421532e-05	-2.108406e-06	1
16	rs60548676	29291112	0	-1.430341e-04	-3.152968e-06	1
16	rs60683614	29999993	0	-2.428750e-04	-5.487380e-06	1
16	rs60779366	29130953	0	1.620286e-04	3.583307e-06	1
16	rs60799184	29110135	0	1.867871e-04	4.127949e-06	1
16	rs60978850	30010475	0	-4.564311e-05	-1.023867e-06	1
16	rs61239537	31012813	0	-6.877247e-04	-1.540641e-05	1
16	rs61396327	30644253	8	-3.508301e-05	-7.631941e-07	1
16	rs61738568	30680655	0	-9.984887e-05	-2.273050e-06	1
16	rs61744716	30569349	0	-2.412636e-04	-5.497748e-06	1
16	rs61764220	30127888	0	-2.487939e-05	-5.658401e-07	1
16	rs61978578	30408961	0	-1.701325e-04	-3.851475e-06	1
16	rs62035308	29086987	0	-1.708655e-04	-3.859096e-06	1
16	rs62035311	29090699	0	-1.807169e-04	-4.047589e-06	1
16	rs62035313	29094002	0	-1.553318e-04	-3.505680e-06	1
16	rs62035316	29098418	0	-7.330322e-05	-1.638421e-06	1
16	rs62035317	29099071	0	-1.553318e-04	-3.505680e-06	1
16	rs62035486	29253866	0	-1.563463e-04	-3.475222e-06	1
16	rs62035487	29254402	0	-1.563463e-04	-3.475222e-06	1
16	rs62035492	29259109	0	-1.563463e-04	-3.475222e-06	1
16	rs62035493	29259207	0	2.735071e-05	6.084393e-07	1
16	rs62035494	29259775	0	-1.725841e-04	-3.836793e-06	1
16	rs62035498	29267352	0	-3.918614e-05	-8.688848e-07	1
16	rs62035501	29268270	0	1.726078e-05	3.867162e-07	1
16	rs62035503	29268396	0	6.928125e-05	1.544046e-06	1
16	rs62035580	29344604	0	-3.039049e-04	-6.739784e-06	1
16	rs62035581	29344690	0	-2.445652e-04	-5.415374e-06	1
16	rs62035582	29344835	0	-2.339018e-04	-5.178078e-06	1
16	rs62035945	29167081	0	1.220053e-04	2.754981e-06	1
16	rs62037275	29281487	0	-9.719499e-05	-2.141882e-06	1
16	rs62037276	29281496	0	-9.719499e-05	-2.141881e-06	1
16	rs62037283	29285187	0	-7.497418e-05	-1.649806e-06	1
16	rs62037317	29291124	0	-8.846344e-05	-1.947818e-06	1
16	rs62037323	29297094	0	-1.738989e-04	-3.913876e-06	1
16	rs62037328	29300794	0	8.723243e-05	1.940398e-06	1
16	rs62037329	29301022	0	-4.863864e-06	-1.049752e-07	1
16	rs62037332	29301809	0	1.487337e-04	3.287436e-06	1
16	rs62037333	29301819	0	1.487337e-04	3.287436e-06	1
16	rs62037334	29301896	0	1.487337e-04	3.287436e-06	1
16	rs62038177	29195695	0	1.297733e-04	2.900607e-06	1
16	rs62038185	29211174	0	5.547921e-06	1.260713e-07	1
16	rs62038186	29211398	0	5.547921e-06	1.260714e-07	1
16	rs62038208	29224870	0	1.419199e-04	3.168229e-06	1
16	rs62038210	29230210	0	-2.281270e-04	-5.141938e-06	1
16	rs62038224	29247919	0	-1.838753e-04	-4.085599e-06	1
16	rs62038226	29249437	0	-1.563463e-04	-3.475220e-06	1
16	rs62038227	29249549	0	-1.563463e-04	-3.475220e-06	1
16	rs62038228	29252252	0	-1.563463e-04	-3.475219e-06	1
16	rs62038967	29305726	0	1.489145e-04	3.310166e-06	1
16	rs62038969	29307683	0	-4.076647e-05	-9.035862e-07	1
16	rs62038970	29309914	4	-6.962728e-05	-1.568373e-06	1
16	rs62038973	29310960	0	-4.076647e-05	-9.035860e-07	1
16	rs62038974	29310994	0	1.799415e-05	4.019618e-07	1
16	rs62038975	29311190	0	1.799415e-05	4.019619e-07	1
16	rs62038976	29314400	0	5.982611e-05	1.336981e-06	1
16	rs62038977	29319954	0	-5.172123e-05	-1.142924e-06	1
16	rs62054860	29720349	0	-4.931687e-04	-1.112140e-05	1
16	rs62054862	29723193	0	-2.769000e-04	-6.204314e-06	1
16	rs62054863	29723815	0	-1.442663e-04	-3.221589e-06	1
16	rs62054867	29726088	0	-2.769000e-04	-6.204314e-06	1
16	rs62054874	29734427	0	-3.714883e-04	-8.351551e-06	1
16	rs62054875	29735902	0	-3.714883e-04	-8.351551e-06	1
16	rs62054877	29738423	0	-4.233314e-04	-9.523293e-06	1
16	rs62054880	29740557	0	-3.714883e-04	-8.351551e-06	1
16	rs62054881	29740571	0	-4.902319e-04	-1.108745e-05	1
16	rs62054903	29750555	0	-5.744677e-05	-1.305911e-06	1
16	rs62054904	29757134	0	-5.744677e-05	-1.305911e-06	1
16	rs62055376	30164758	1	-5.675736e-04	-1.253376e-05	1
16	rs62055459	30398408	0	-5.395438e-04	-1.200925e-05	1
16	rs62055866	30969557	5	-1.563721e-04	-3.410791e-06	1
16	rs62056369	29823905	0	-5.744677e-05	-1.305911e-06	1
16	rs62056371	29834954	0	-5.552660e-05	-1.243306e-06	1
16	rs62056375	29857901	0	-1.889907e-04	-4.238995e-06	1
16	rs62057183	30744826	0	7.825602e-04	1.806414e-05	1
16	rs62057184	30745976	0	7.549783e-04	1.740960e-05	1
16	rs62057223	30801987	0	7.832707e-05	1.711857e-06	1
16	rs62057232	30820866	0	-8.737039e-05	-1.924045e-06	1
16	rs62057680	29986627	0	5.123891e-06	1.140093e-07	1
16	rs62057756	30117253	0	-1.327847e-04	-2.927089e-06	1
16	rs62059020	29669910	0	-4.523111e-04	-9.978282e-06	1
16	rs62059023	29681707	0	-6.105832e-05	-1.334421e-06	1
16	rs62059024	29681734	0	-1.047952e-04	-2.295993e-06	1
16	rs62059025	29692277	0	-1.186866e-04	-2.602733e-06	1
16	rs62060162	29710492	0	-3.740282e-04	-8.414156e-06	1
16	rs62060163	29710682	0	-3.740282e-04	-8.414156e-06	1
16	rs62060164	29711801	0	-3.208945e-04	-7.208220e-06	1
16	rs62060166	29713913	0	-5.066619e-04	-1.146551e-05	1
16	rs62060167	29715145	0	-3.908976e-04	-8.800040e-06	1
16	rs62622830	30770950	0	2.980009e-04	6.684142e-06	1
16	rs62639718	29281661	0	-9.719499e-05	-2.141879e-06	1
16	rs62639719	29281756	0	-1.084554e-04	-2.382575e-06	1
16	rs62639720	29281814	0	2.198173e-05	4.908719e-07	1
16	rs62639721	29281841	0	-2.299148e-05	-5.034499e-07	1
16	rs634395	29719579	0	6.747927e-05	1.493781e-06	1
16	rs634977	29733308	0	2.306322e-04	5.120359e-06	1
16	rs637460	29805803	0	9.202677e-06	2.090792e-07	1
16	rs645946	29734314	0	4.256685e-04	9.520587e-06	1
16	rs648559	29740645	0	2.736994e-04	6.092382e-06	1
16	rs6565169	29692692	0	-1.924912e-04	-4.250550e-06	1
16	rs6565173	29974167	0	-4.265006e-04	-9.417348e-06	1
16	rs6565174	30111904	0	-2.836771e-04	-6.402549e-06	1
16	rs6565176	30174926	0	-6.150244e-04	-1.363466e-05	1
16	rs6565180	30361341	0	5.963028e-04	1.324187e-05	1
16	rs6565182	30374381	0	5.167493e-04	1.149035e-05	1
16	rs6565183	30382755	1	7.036874e-04	1.575466e-05	1
16	rs6565191	30546488	0	6.462469e-04	1.445633e-05	1
16	rs6565193	30600260	0	3.026002e-04	6.886257e-06	1
16	rs6565195	30648547	0	-3.298004e-05	-7.185119e-07	1
16	rs6565196	30656594	0	-4.256068e-05	-9.287184e-07	1
16	rs6565197	30706477	0	-1.736301e-04	-3.806751e-06	1
16	rs6565201	30747191	1	-2.712800e-04	-5.961557e-06	1
16	rs6565207	30835963	0	-2.212593e-04	-4.851050e-06	1
16	rs6565214	31059639	0	1.927649e-04	4.280461e-06	1
16	rs6565375	29317861	0	1.715861e-04	3.775431e-06	1
16	rs66467443	30050494	2	-5.671365e-04	-1.262349e-05	1
16	rs66818723	29887215	0	-1.814922e-04	-4.000948e-06	1
16	rs66957695	29114514	0	1.800668e-04	3.980851e-06	1
16	rs67128646	30672097	0	-4.051953e-04	-9.023800e-06	1
16	rs67218159	30050505	0	-4.665196e-04	-1.033203e-05	1
16	rs67264578	30879395	0	-6.398025e-04	-1.439211e-05	1
16	rs67396493	29314454	0	1.338061e-04	3.009582e-06	1
16	rs67456513	30714828	0	-1.879207e-04	-4.122238e-06	1
16	rs67456613	30888295	0	-6.398025e-04	-1.439211e-05	1
16	rs67575585	30468890	0	-1.973553e-04	-4.404222e-06	1
16	rs67575668	29669560	0	-1.593389e-04	-3.600776e-06	1
16	rs67693285	30623979	0	6.670602e-06	1.482124e-07	1
16	rs67817011	30179098	0	-8.034946e-05	-1.803517e-06	1
16	rs67822311	29093939	0	2.717461e-04	6.011085e-06	1
16	rs67846049	29191344	0	-1.165287e-04	-2.574244e-06	1
16	rs67966242	29215824	0	3.411391e-04	7.581830e-06	1
16	rs68024357	29128937	0	5.896271e-05	1.303327e-06	1
16	rs6950	30995669	0	-2.202959e-04	-4.840573e-06	1
16	rs71277298	29732886	0	-5.012706e-05	-1.137622e-06	1
16	rs71383755	29204636	0	-8.708578e-05	-1.977607e-06	1
16	rs71383756	29225035	0	1.755167e-04	3.879609e-06	1
16	rs71383757	29227937	0	2.781121e-04	6.169610e-06	1
16	rs71387642	29095150	0	2.795403e-04	6.362899e-06	1
16	rs71387647	29161822	0	-9.650912e-05	-2.133937e-06	1
16	rs71387648	29201069	0	2.795403e-04	6.362899e-06	1
16	rs71387656	29297762	0	2.607392e-04	5.934226e-06	1
16	rs71389428	29842632	0	-5.552660e-05	-1.243305e-06	1
16	rs71389435	29907027	0	-2.324860e-04	-5.286491e-06	1
16	rs71389462	30326963	0	-9.801240e-05	-2.210169e-06	1
16	rs7184055	30640550	0	-3.298004e-05	-7.185091e-07	1
16	rs7184075	29287841	0	-1.208132e-04	-2.661897e-06	1
16	rs7184288	29935052	0	-2.638686e-05	-5.738183e-07	1
16	rs7184567	31021078	0	-2.210085e-04	-4.852716e-06	1
16	rs7184953	29315879	0	8.764496e-05	1.949951e-06	1
16	rs7185007	30927509	0	-7.737264e-04	-1.759146e-05	1
16	rs7185289	29303041	0	2.056942e-04	4.579678e-06	1
16	rs7185357	30443785	0	-2.434876e-05	-5.504348e-07	1
16	rs7185620	30648260	0	-2.467621e-05	-5.361498e-07	1
16	rs7185941	29267117	0	-3.224929e-04	-7.146750e-06	1
16	rs7186597	29292314	0	-1.208132e-04	-2.661897e-06	1
16	rs7186852	30635659	0	-2.467621e-05	-5.361495e-07	1
16	rs7187071	30644567	0	-2.467621e-05	-5.361491e-07	1
16	rs7187359	30703155	0	-1.736301e-04	-3.806747e-06	1
16	rs7187409	30497816	0	7.732462e-05	1.751702e-06	1
16	rs7187802	30639710	0	-7.053186e-05	-1.543115e-06	1
16	rs7188093	29190050	0	-1.165287e-04	-2.574244e-06	1
16	rs7188570	29314999	0	4.882091e-05	1.086047e-06	1
16	rs7188661	29287978	0	-1.208132e-04	-2.661896e-06	1
16	rs7188789	30640185	0	-1.805011e-05	-3.911534e-07	1
16	rs7189056	29122047	0	1.837502e-04	4.060257e-06	1
16	rs7189093	29288252	0	-1.208132e-04	-2.661896e-06	1
16	rs7189265	29288308	0	1.010711e-05	2.259620e-07	1
16	rs7189550	29911260	0	2.351261e-04	5.190256e-06	1
16	rs7189750	29911416	0	2.351261e-04	5.190256e-06	1
16	rs7189870	29735063	0	-3.714883e-04	-8.351550e-06	1
16	rs7190126	29267092	0	4.706781e-05	1.040403e-06	1
16	rs7190132	29752794	0	1.029884e-04	2.296084e-06	1
16	rs7190185	29962352	0	-2.343298e-04	-5.139750e-06	1
16	rs7190456	29264848	0	1.107558e-04	2.466459e-06	1
16	rs7190532	29302798	0	1.487337e-04	3.287439e-06	1
16	rs7190552	30471046	0	-7.218449e-05	-1.607606e-06	1
16	rs7190932	29303037	0	1.659456e-04	3.671554e-06	1
16	rs7191083	29303083	0	1.659456e-04	3.671554e-06	1
16	rs7191389	30636737	0	-4.054066e-05	-8.839337e-07	1
16	rs7191761	30645416	0	-8.433815e-05	-1.844562e-06	1
16	rs7191849	30023157	0	-1.449759e-04	-3.174789e-06	1
16	rs7192443	29118975	0	2.363868e-04	5.222942e-06	1
16	rs7192475	30828672	0	7.123160e-05	1.560892e-06	1
16	rs7192833	29317811	0	1.715861e-04	3.775433e-06	1
16	rs7193532	29962802	0	-4.265006e-04	-9.417345e-06	1
16	rs7193756	29749904	0	1.029884e-04	2.296084e-06	1
16	rs7194487	29262119	0	-1.441495e-04	-3.187477e-06	1
16	rs7195050	29711343	0	7.766809e-05	1.733097e-06	1
16	rs7195182	30169761	0	-5.580414e-04	-1.232793e-05	1
16	rs7195241	30469957	0	-1.973553e-04	-4.404221e-06	1
16	rs7195477	29288634	0	-1.208132e-04	-2.661895e-06	1
16	rs7195557	29683587	0	-2.899527e-04	-6.404516e-06	1
16	rs7195596	29749599	0	1.029884e-04	2.296084e-06	1
16	rs7196298	30528272	0	1.219201e-04	2.754962e-06	1
16	rs7196737	29287441	0	-1.208132e-04	-2.661895e-06	1
16	rs7196973	29118865	0	2.363868e-04	5.222942e-06	1
16	rs7197001	30155031	0	-6.337486e-04	-1.407463e-05	1
16	rs7197475	30642867	0	-2.467621e-05	-5.361469e-07	1
16	rs7197665	29585848	0	1.587438e-04	3.597435e-06	1
16	rs7197770	30715908	0	-1.736301e-04	-3.806745e-06	1
16	rs7198250	30746822	0	-1.756637e-04	-3.851635e-06	1
16	rs7198549	29657542	0	-4.171312e-04	-9.238349e-06	1
16	rs7200220	29314555	0	2.119879e-04	4.666399e-06	1
16	rs7200879	30947572	0	-7.737264e-04	-1.759146e-05	1
16	rs7201384	29924905	0	-1.036352e-04	-2.267527e-06	1
16	rs7201518	30082508	0	-2.346811e-04	-5.164352e-06	1
16	rs7201519	29859977	0	-1.933321e-04	-4.335980e-06	1
16	rs7201780	30147265	0	-4.730815e-04	-1.047349e-05	1
16	rs7201797	29287496	0	-1.208132e-04	-2.661895e-06	1
16	rs7201971	29290799	0	-1.208132e-04	-2.661895e-06	1
16	rs7202271	30022656	0	-4.564311e-05	-1.023866e-06	1
16	rs7202714	30177807	0	-2.155133e-04	-4.728262e-06	1
16	rs7202802	29289240	0	1.962446e-04	4.361063e-06	1
16	rs7203173	29244914	0	-1.725841e-04	-3.836788e-06	1
16	rs7203224	30061754	0	-3.760884e-04	-8.519488e-06	1
16	rs7203240	29268585	0	-1.248901e-04	-2.768121e-06	1
16	rs7203359	30400307	0	-4.489343e-04	-9.974939e-06	1
16	rs7203494	29288540	0	-1.208132e-04	-2.661894e-06	1
16	rs7203688	29288617	0	1.010711e-05	2.259639e-07	1
16	rs7203712	29716569	0	-1.080992e-04	-2.410594e-06	1
16	rs7203872	29288675	0	-1.208132e-04	-2.661894e-06	1
16	rs7203999	31017554	0	2.150138e-04	4.723482e-06	1
16	rs7204265	29270304	0	-6.668246e-05	-1.491776e-06	1
16	rs7204278	30730274	0	-2.275037e-04	-4.993635e-06	1
16	rs7204334	29303244	0	1.659456e-04	3.671555e-06	1
16	rs7204459	30984212	0	-1.069646e-04	-2.348995e-06	1
16	rs7204632	30644216	0	-4.809252e-05	-1.048758e-06	1
16	rs7204748	29267517	0	-2.574855e-04	-5.775390e-06	1
16	rs7204797	29968015	0	-2.468579e-04	-5.417738e-06	1
16	rs7204838	29270649	0	-2.558105e-04	-5.684031e-06	1
16	rs7204852	30040178	0	-4.507078e-04	-9.982179e-06	1
16	rs7205278	29754683	0	1.029884e-04	2.296084e-06	1
16	rs7205479	30644261	8	-6.436053e-05	-1.403748e-06	1
16	rs7205802	30114124	0	-3.612886e-04	-7.979313e-06	1
16	rs7206427	29258842	0	-4.166374e-05	-9.232039e-07	1
16	rs7206511	30950352	0	-2.222710e-04	-4.881060e-06	1
16	rs7206544	29192661	0	1.439168e-05	3.175813e-07	1
16	rs7206553	29255243	0	2.735071e-05	6.084451e-07	1
16	rs7206859	29293869	0	-1.208132e-04	-2.661893e-06	1
16	rs72483435	29752368	0	-3.133083e-04	-7.054868e-06	1
16	rs72785511	31059325	0	-1.486779e-04	-3.357709e-06	1
16	rs72785520	31070778	0	-4.449286e-04	-9.853852e-06	1
16	rs72785521	31078140	0	2.481830e-04	5.520109e-06	1
16	rs72785525	31080775	0	1.165551e-04	2.587363e-06	1
16	rs72791208	30035806	0	2.370687e-05	5.380385e-07	1
16	rs72791222	30059792	0	4.323221e-05	9.790971e-07	1
16	rs72791226	30091251	0	-2.487939e-05	-5.658404e-07	1
16	rs72791231	30111922	0	9.059012e-05	2.052243e-06	1
16	rs72791250	30349065	0	1.352515e-04	3.060971e-06	1
16	rs72791266	30458954	0	-3.431599e-04	-7.761770e-06	1
16	rs72793343	30556903	0	6.061911e-05	1.366238e-06	1
16	rs72793348	30573059	0	2.105869e-04	4.799521e-06	1
16	rs72793351	30602563	0	5.629431e-04	1.275944e-05	1
16	rs72793353	30623514	0	-2.497063e-04	-5.651448e-06	1
16	rs72793363	30671578	0	1.797293e-05	4.074498e-07	1
16	rs72793368	30685272	0	1.539868e-04	3.501253e-06	1
16	rs72793369	30703455	0	1.539868e-04	3.501253e-06	1
16	rs72793372	30718873	0	2.980009e-04	6.684139e-06	1
16	rs72793375	30737905	0	2.980009e-04	6.684139e-06	1
16	rs72793380	30758743	0	2.163194e-04	4.898591e-06	1
16	rs72793383	30785467	0	-4.384664e-05	-9.979584e-07	1
16	rs72795939	29210154	0	2.372109e-04	5.364932e-06	1
16	rs72795950	29234586	0	9.742455e-05	2.196859e-06	1
16	rs72798106	29658573	0	-3.232459e-04	-7.087608e-06	1
16	rs72798151	29933890	0	-2.736193e-04	-6.223175e-06	1
16	rs72799316	30827205	0	-5.122212e-05	-1.118774e-06	1
16	rs72799319	30852783	0	1.284252e-05	2.838265e-07	1
16	rs72799321	30874830	0	1.882462e-04	4.207647e-06	1
16	rs72799330	30893555	0	-6.398025e-04	-1.439211e-05	1
16	rs72799341	30936743	0	-7.500417e-04	-1.702455e-05	1
16	rs72799363	30981884	0	2.594385e-04	5.778266e-06	1
16	rs72799368	30988943	0	2.956458e-04	6.597108e-06	1
16	rs72800840	31009786	0	-6.362270e-05	-1.446811e-06	1
16	rs72800841	31014247	0	3.315903e-04	7.390261e-06	1
16	rs72800842	31015439	0	2.182591e-04	4.849799e-06	1
16	rs72800845	31020921	0	2.182591e-04	4.849799e-06	1
16	rs72800846	31020922	0	2.182591e-04	4.849798e-06	1
16	rs72800847	31022639	0	-4.763610e-04	-1.056227e-05	1
16	rs72800849	31023414	0	2.182591e-04	4.849798e-06	1
16	rs72800851	31023515	0	-7.784032e-05	-1.768806e-06	1
16	rs72800854	31036237	0	1.927649e-04	4.280457e-06	1
16	rs72800858	31047773	0	1.927649e-04	4.280457e-06	1
16	rs729482	31016970	0	-6.135253e-04	-1.369775e-05	1
16	rs729956	29128512	0	3.045139e-04	6.751372e-06	1
16	rs732173	31050023	0	-3.015399e-04	-6.645358e-06	1
16	rs73524459	29266200	0	1.281422e-04	2.869149e-06	1
16	rs73524556	30823162	0	-7.002324e-05	-1.529578e-06	1
16	rs73526294	29652229	0	-2.582004e-04	-5.845429e-06	1
16	rs73530179	30107781	0	-2.479574e-04	-5.458659e-06	1
16	rs73532550	30190487	0	-1.648360e-04	-3.674167e-06	1
16	rs73532600	30398677	7	-7.432190e-04	-1.666134e-05	1
16	rs735645	29242115	0	-1.441495e-04	-3.187476e-06	1
16	rs7359380	29902414	0	-9.018548e-05	-1.985333e-06	1
16	rs74017608	29327055	0	7.971308e-05	1.803442e-06	1
16	rs74017612	29335171	0	3.387452e-05	7.669102e-07	1
16	rs74017619	29437092	0	-1.170077e-04	-2.657354e-06	1
16	rs7404778	29083429	0	1.268595e-04	2.861110e-06	1
16	rs74249933	29751163	0	1.029884e-04	2.296084e-06	1
16	rs74315902	30742669	0	2.250987e-04	5.133827e-06	1
16	rs74400203	30036049	0	-3.760884e-04	-8.519488e-06	1
16	rs74451468	30146257	0	-1.540779e-04	-3.479510e-06	1
16	rs74483355	30836430	0	1.570775e-04	3.523217e-06	1
16	rs74657328	29224228	0	2.795403e-04	6.362898e-06	1
16	rs74767856	30095734	0	-3.837429e-04	-8.693079e-06	1
16	rs74893465	29749194	0	-3.133083e-04	-7.054868e-06	1
16	rs749253	29241309	0	-1.210677e-04	-2.672707e-06	1
16	rs7498372	29910725	0	4.097052e-04	9.075780e-06	1
16	rs7499339	30636777	0	-4.884449e-05	-1.066281e-06	1
16	rs7500073	29274563	0	-1.622710e-04	-3.581047e-06	1
16	rs7500176	31041137	0	-5.330993e-04	-1.184909e-05	1
16	rs7500719	30840877	0	-9.246645e-05	-2.025861e-06	1
16	rs75177050	29161090	0	-1.561841e-04	-3.538398e-06	1
16	rs75231191	30788601	0	1.570775e-04	3.523217e-06	1
16	rs75281532	29607027	0	-1.434660e-04	-3.261383e-06	1
16	rs753130	29319599	0	1.574755e-04	3.494042e-06	1
16	rs7542	30125840	0	-6.449549e-04	-1.438721e-05	1
16	rs75422760	29748442	0	-2.922826e-04	-6.578551e-06	1
16	rs75460591	30392011	0	-2.416928e-04	-5.508641e-06	1
16	rs75500538	30782449	0	1.570775e-04	3.523217e-06	1
16	rs75549506	29933739	0	1.849706e-05	4.177819e-07	1
16	rs75585721	31033705	0	2.391636e-04	5.443162e-06	1
16	rs75586365	30996363	0	3.533264e-04	7.965162e-06	1
16	rs75721735	30079724	0	-3.760884e-04	-8.519488e-06	1
16	rs75771	29241928	0	-1.441495e-04	-3.187476e-06	1
16	rs75814811	29269862	0	-6.668246e-05	-1.491777e-06	1
16	rs75832891	30171625	0	-4.812121e-04	-1.091877e-05	1
16	rs76001209	29301974	0	1.487337e-04	3.287442e-06	1
16	rs76106647	30388890	0	-5.746637e-05	-1.305881e-06	1
16	rs76264759	29628208	0	-1.490443e-04	-3.390521e-06	1
16	rs76308645	29213135	0	-1.704992e-04	-3.883504e-06	1
16	rs76345698	30946165	0	3.533264e-04	7.965162e-06	1
16	rs76359228	30553899	0	-6.261724e-04	-1.417526e-05	1
16	rs76369024	29301967	0	1.487337e-04	3.287442e-06	1
16	rs76436263	29264833	0	4.785819e-05	1.066870e-06	1
16	rs76445101	29751561	0	1.029884e-04	2.296085e-06	1
16	rs76507221	29199269	0	-1.704992e-04	-3.883504e-06	1
16	rs76712312	29976076	0	9.843417e-05	2.234114e-06	1
16	rs767812	29316092	0	2.226438e-04	5.020826e-06	1
16	rs76834203	30156068	1	-5.187774e-04	-1.181679e-05	1
16	rs76840156	29965436	0	1.100996e-04	2.499298e-06	1
16	rs76919728	30933851	0	3.053389e-04	6.966518e-06	1
16	rs7698	30125800	0	-2.940774e-04	-6.649792e-06	1
16	rs77000650	29749969	0	-3.133083e-04	-7.054868e-06	1
16	rs77016006	30354216	0	-2.263081e-04	-5.034384e-06	1
16	rs77017255	29296898	0	-6.472809e-05	-1.447331e-06	1
16	rs77042391	30138432	0	-1.572309e-05	-3.575332e-07	1
16	rs77070948	30019821	0	-1.028755e-04	-2.322118e-06	1
16	rs77088799	30933547	0	1.154898e-04	2.626237e-06	1
16	rs77218983	31001268	0	1.439245e-04	3.272188e-06	1
16	rs77250249	30841085	0	-8.798008e-05	-2.002216e-06	1
16	rs77355772	31038048	0	2.391636e-04	5.443162e-06	1
16	rs77462351	29264820	0	-3.281456e-05	-7.267634e-07	1
16	rs77465505	29084241	0	4.686526e-05	1.057592e-06	1
16	rs77503088	30814764	0	-9.769919e-05	-2.212711e-06	1
16	rs77604316	30921487	0	3.533264e-04	7.965162e-06	1
16	rs77663651	29750851	0	-3.029361e-04	-6.820483e-06	1
16	rs77679610	30462291	0	-4.278274e-04	-9.791942e-06	1
16	rs77685267	30192435	0	-4.586108e-04	-1.040266e-05	1
16	rs77689392	30424412	0	-8.879573e-05	-2.020569e-06	1
16	rs77730873	30046763	0	-5.751460e-05	-1.306517e-06	1
16	rs77794588	29133007	1	-3.861951e-05	-8.695168e-07	1
16	rs77871165	30405895	0	-8.580584e-05	-1.942842e-06	1
16	rs78008308	30014976	0	1.100996e-04	2.499298e-06	1
16	rs78048980	29324276	0	-1.033208e-04	-2.329640e-06	1
16	rs78055730	29584446	0	3.051798e-04	6.946155e-06	1
16	rs78114333	29260000	0	8.379763e-05	1.857780e-06	1
16	rs78210758	30063191	0	-2.846809e-04	-6.440690e-06	1
16	rs78244732	29764804	0	-3.751231e-04	-8.463903e-06	1
16	rs78363733	30030333	0	-2.428750e-04	-5.487378e-06	1
16	rs78382251	30704893	0	5.876000e-05	1.312574e-06	1
16	rs78417606	29874855	0	3.138257e-04	7.159788e-06	1
16	rs78520265	29750947	0	-3.133083e-04	-7.054868e-06	1
16	rs78564187	30131777	0	-3.854848e-04	-8.728650e-06	1
16	rs78641771	30916404	0	3.053389e-04	6.966518e-06	1
16	rs78807581	30014975	0	1.100996e-04	2.499298e-06	1
16	rs78985803	30812608	0	2.378766e-04	5.395291e-06	1
16	rs79043334	29671016	0	2.103096e-05	4.755418e-07	1
16	rs79128613	30788236	0	2.378766e-04	5.395291e-06	1
16	rs79186913	29113775	0	2.146079e-04	4.739164e-06	1
16	rs79323299	30137608	0	-8.879573e-05	-2.020569e-06	1
16	rs79437555	29353130	0	4.011002e-06	9.131119e-08	1
16	rs79512505	30194328	0	-5.040449e-04	-1.146149e-05	1
16	rs79597785	30735038	0	3.679519e-04	8.405404e-06	1
16	rs79619339	30058313	0	4.323221e-05	9.790969e-07	1
16	rs79623117	30190891	0	-1.726400e-04	-3.917809e-06	1
16	rs79654572	29153247	0	-4.333341e-05	-9.579447e-07	1
16	rs79758803	29753925	0	-3.133083e-04	-7.054868e-06	1
16	rs79867441	29950820	0	-1.927871e-04	-4.350231e-06	1
16	rs79974799	30996795	0	3.533264e-04	7.965162e-06	1
16	rs80000693	30362813	0	-8.879573e-05	-2.020569e-06	1
16	rs80157007	30598966	0	3.017767e-04	6.874334e-06	1
16	rs80225586	30406410	0	1.352515e-04	3.060971e-06	1
16	rs80260207	30134251	0	-8.879573e-05	-2.020569e-06	1
16	rs80273739	29933901	0	1.768708e-04	4.019406e-06	1
16	rs80282267	30059960	0	1.004897e-04	2.282063e-06	1
16	rs80318951	30829668	0	-1.442434e-04	-3.166622e-06	1
16	rs8043811	29764279	0	4.056981e-05	9.044407e-07	1
16	rs8043883	30044581	0	-4.507078e-04	-9.982176e-06	1
16	rs8044407	29154849	0	-7.002252e-05	-1.547748e-06	1
16	rs8045252	30422415	0	7.153631e-05	1.590753e-06	1
16	rs8045351	29737351	0	-1.248037e-04	-2.787379e-06	1
16	rs8045570	30422565	0	-2.647656e-05	-5.913457e-07	1
16	rs8046001	30833321	0	7.123160e-05	1.560897e-06	1
16	rs8046258	29267784	0	1.253092e-04	2.805159e-06	1
16	rs8046445	30386262	0	-6.488611e-04	-1.452126e-05	1
16	rs8046707	30916233	0	-9.485966e-05	-2.080083e-06	1
16	rs8046764	29260696	0	-9.427137e-06	-2.073489e-07	1
16	rs8046978	31072909	0	2.481830e-04	5.520106e-06	1
16	rs8047104	31079505	0	1.862230e-04	4.136323e-06	1
16	rs8047140	29922988	0	3.236058e-05	7.199031e-07	1
16	rs8047315	29216457	0	2.124358e-04	4.705444e-06	1
16	rs8047453	29257145	0	-4.166374e-05	-9.232029e-07	1
16	rs8047664	30844546	0	-2.439339e-04	-5.553666e-06	1
16	rs8047777	29151923	0	-3.426708e-06	-7.563709e-08	1
16	rs8047803	31079834	3	-2.650321e-04	-5.825764e-06	1
16	rs8048011	30866966	0	2.118295e-04	4.816557e-06	1
16	rs8048139	30166626	0	-5.959573e-04	-1.318826e-05	1
16	rs8048228	31064060	0	2.481830e-04	5.520105e-06	1
16	rs8048433	29931593	0	-9.076066e-05	-1.984662e-06	1
16	rs8048448	30692208	0	-1.756637e-04	-3.851630e-06	1
16	rs8048750	29266272	0	-2.119947e-04	-4.679684e-06	1
16	rs8049052	29272871	0	-2.091617e-04	-4.619401e-06	1
16	rs8049108	30376486	0	6.116869e-04	1.359698e-05	1
16	rs8049399	29279209	0	-1.295448e-04	-2.854319e-06	1
16	rs8049837	30089438	0	-3.760884e-04	-8.519487e-06	1
16	rs8050107	30893451	0	6.180236e-04	1.387510e-05	1
16	rs8050132	29265186	0	1.238008e-04	2.771380e-06	1
16	rs8050330	30824970	0	-2.536359e-04	-5.566462e-06	1
16	rs8050576	29919792	0	2.185094e-04	4.803477e-06	1
16	rs8050588	30937799	0	1.897896e-04	4.167605e-06	1
16	rs8051050	30687909	0	-4.402689e-04	-9.764051e-06	1
16	rs8051721	30047920	0	-2.846809e-04	-6.440690e-06	1
16	rs8051833	29896390	0	5.022612e-05	1.108556e-06	1
16	rs8052245	30916430	0	-9.537335e-05	-2.093174e-06	1
16	rs8052502	29929728	0	-2.180279e-04	-4.780383e-06	1
16	rs8053114	29319922	0	-1.848908e-04	-4.081576e-06	1
16	rs8053518	29692132	0	-1.958261e-04	-4.354216e-06	1
16	rs8054172	29655864	0	-4.101869e-04	-9.017695e-06	1
16	rs8054272	29692224	0	-3.403796e-05	-7.505472e-07	1
16	rs8054337	29279597	0	-1.295448e-04	-2.854319e-06	1
16	rs8054507	30046042	0	-4.507078e-04	-9.982175e-06	1
16	rs8054556	29958216	0	-4.361741e-04	-9.633226e-06	1
16	rs8055315	30688412	0	-1.424387e-04	-3.131095e-06	1
16	rs8055413	29323508	0	6.989337e-06	1.580837e-07	1
16	rs8055661	30688584	0	-2.459451e-04	-5.417786e-06	1
16	rs8055762	29323692	0	6.989337e-06	1.580837e-07	1
16	rs8055867	29958215	0	-1.998604e-04	-4.511425e-06	1
16	rs8056114	29266333	0	-3.918614e-05	-8.688779e-07	1
16	rs8056216	30009589	0	-4.867998e-05	-1.092439e-06	1
16	rs8056419	29318077	0	-6.270495e-05	-1.411144e-06	1
16	rs8056535	29960468	0	-3.473784e-04	-7.641573e-06	1
16	rs8056842	31047330	0	-1.906818e-04	-4.186667e-06	1
16	rs8056929	30570011	0	3.296408e-04	7.425112e-06	1
16	rs8057141	29279028	0	3.122659e-04	6.902965e-06	1
16	rs8057332	29279114	0	-1.295448e-04	-2.854319e-06	1
16	rs8057425	30182541	0	-5.180039e-04	-1.141984e-05	1
16	rs8057883	29279402	0	-1.295448e-04	-2.854319e-06	1
16	rs8058049	29684572	0	1.024937e-04	2.258110e-06	1
16	rs8058472	30918289	0	2.481454e-04	5.536077e-06	1
16	rs8058578	30726248	0	-2.727437e-04	-6.011795e-06	1
16	rs8058765	30013457	0	-1.765635e-04	-3.975500e-06	1
16	rs8058824	29828710	0	-5.552660e-05	-1.243303e-06	1
16	rs8058928	30704312	0	-3.679539e-04	-8.113808e-06	1
16	rs8058961	30809063	0	-2.973822e-04	-6.547738e-06	1
16	rs8059475	30868485	0	6.362111e-04	1.431070e-05	1
16	rs8059516	29257291	0	-4.166374e-05	-9.232020e-07	1
16	rs8059619	29925445	0	-2.180279e-04	-4.780382e-06	1
16	rs8060295	29266170	0	3.076713e-05	6.874345e-07	1
16	rs8060511	30101596	0	-2.346811e-04	-5.164345e-06	1
16	rs8060853	30403858	0	-4.489343e-04	-9.974937e-06	1
16	rs8060857	31002720	0	-2.520982e-04	-5.542194e-06	1
16	rs8061029	29272747	0	-2.091617e-04	-4.619400e-06	1
16	rs8061047	31068960	0	-4.449286e-04	-9.853846e-06	1
16	rs8061634	29833414	0	-5.552660e-05	-1.243303e-06	1
16	rs8061772	30119525	0	-4.998288e-04	-1.131970e-05	1
16	rs8061773	29746166	0	-3.067883e-05	-6.823859e-07	1
16	rs8062082	29672582	0	2.318324e-04	5.233782e-06	1
16	rs8062695	29284412	0	-1.295448e-04	-2.854318e-06	1
16	rs8062719	31002664	0	3.184322e-04	7.016982e-06	1
16	rs8062730	29279180	1	-2.660800e-04	-5.876210e-06	1
16	rs8063005	30617698	0	6.186420e-04	1.405907e-05	1
16	rs8063282	29257288	0	2.735071e-05	6.084474e-07	1
16	rs8063490	29257435	0	2.735071e-05	6.084475e-07	1
16	rs8063565	30883965	0	6.180236e-04	1.387510e-05	1
16	rs8063700	30909244	0	-8.922185e-04	-2.049316e-05	1
16	rs8063720	30174531	0	-1.680317e-04	-3.752306e-06	1
16	rs8063942	30455434	0	-2.434876e-05	-5.504330e-07	1
16	rs8335	29869748	0	-3.458003e-04	-7.841196e-06	1
16	rs871886	29318553	0	2.655517e-05	5.909410e-07	1
16	rs871887	29318619	0	2.655517e-05	5.909412e-07	1
16	rs871888	29318906	0	5.910920e-05	1.311314e-06	1
16	rs881929	31079371	0	-1.261607e-04	-2.780219e-06	1
16	rs885107	30672719	0	-1.736301e-04	-3.806736e-06	1
16	rs889567	29144706	0	-3.337668e-04	-7.409013e-06	1
16	rs889682	29145543	0	-2.859963e-04	-6.339045e-06	1
16	rs889684	29128811	0	-1.132681e-04	-2.497765e-06	1
16	rs889685	29128990	0	-1.132681e-04	-2.497765e-06	1
16	rs889686	29193424	0	-1.165287e-04	-2.574246e-06	1
16	rs889687	29193375	0	-1.165287e-04	-2.574246e-06	1
16	rs889688	29193338	0	-1.165287e-04	-2.574246e-06	1
16	rs897984	30886643	0	-2.078491e-04	-4.555989e-06	1
16	rs897986	30980902	0	-1.069646e-04	-2.349002e-06	1
16	rs930392	30194840	0	-3.221406e-04	-7.047403e-06	1
16	rs9319587	30833246	0	-5.428878e-05	-1.193882e-06	1
16	rs9319588	30930983	0	-2.222710e-04	-4.881067e-06	1
16	rs9319595	29149645	0	-1.844220e-05	-4.115020e-07	1
16	rs9319596	29149660	0	-1.844220e-05	-4.115019e-07	1
16	rs9673428	30548565	0	5.650024e-04	1.257847e-05	1
16	rs9673641	31039376	0	-3.016480e-04	-6.643766e-06	1
16	rs9783783	30078492	0	-2.519060e-04	-5.544812e-06	1
16	rs9788865	31009588	0	-7.439105e-04	-1.677612e-05	1
16	rs9796793	30495652	0	4.249639e-06	9.465777e-08	1
16	rs9796794	31081585	0	-2.265789e-04	-4.996666e-06	1
16	rs9796842	30876208	0	6.362111e-04	1.431070e-05	1
16	rs9806804	30556490	0	1.597918e-04	3.600421e-06	1
16	rs9888967	30407979	0	-4.432096e-04	-9.835145e-06	1
16	rs9921268	29280801	0	-9.719499e-05	-2.141873e-06	1
16	rs9921711	30394541	0	-5.145262e-04	-1.146933e-05	1
16	rs9921783	29839449	0	-5.552660e-05	-1.243303e-06	1
16	rs9921835	30811891	0	-2.973822e-04	-6.547736e-06	1
16	rs9922041	30110467	0	-3.612886e-04	-7.979307e-06	1
16	rs9922666	29698625	0	-2.493918e-04	-5.539063e-06	1
16	rs9923341	29698710	0	-4.015198e-04	-8.964652e-06	1
16	rs9923649	29832138	0	-5.552660e-05	-1.243302e-06	1
16	rs9924077	30606489	0	3.026002e-04	6.886258e-06	1
16	rs9924308	30154740	0	-6.337486e-04	-1.407463e-05	1
16	rs9924686	30003076	0	-4.561814e-04	-1.008706e-05	1
16	rs9925025	30644899	0	-2.827235e-05	-6.153928e-07	1
16	rs9925102	29983148	0	-3.898700e-04	-8.595297e-06	1
16	rs9925915	29993686	0	-2.589496e-04	-5.681972e-06	1
16	rs9926533	31014179	0	4.710586e-06	1.040421e-07	1
16	rs9927137	30634300	0	-8.675619e-05	-1.906233e-06	1
16	rs9927295	31077409	0	-4.184253e-04	-9.336349e-06	1
16	rs9928448	30072530	0	-2.270266e-04	-4.993394e-06	1
16	rs9928572	30743522	0	1.736301e-04	3.806735e-06	1
16	rs9929469	29281066	0	-9.719499e-05	-2.141872e-06	1
16	rs9929899	31062701	0	-4.696009e-05	-1.033903e-06	1
16	rs9929925	29763764	0	3.191469e-05	7.112762e-07	1
16	rs9930280	30503414	0	4.940456e-04	1.099285e-05	1
16	rs9932193	30068469	0	-2.101571e-04	-4.618116e-06	1
16	rs9932196	29983119	0	-3.898700e-04	-8.595295e-06	1
16	rs9932416	29682494	0	-1.576331e-04	-3.476400e-06	1
16	rs9932572	30841642	0	2.482237e-04	5.452259e-06	1
16	rs9932605	30092048	0	-2.178116e-04	-4.788729e-06	1
16	rs9932653	29865673	0	-1.933321e-04	-4.335977e-06	1
16	rs9932702	29982961	0	-4.061153e-04	-8.956948e-06	1
16	rs9933310	29690904	0	-2.866837e-05	-6.230614e-07	1
16	rs9933358	30182074	0	-2.604009e-04	-5.843888e-06	1
16	rs9933431	29280425	0	3.372536e-05	7.475569e-07	1
16	rs9933875	30815838	0	-7.002324e-05	-1.529573e-06	1
16	rs9934249	30833912	0	-6.292778e-05	-1.379201e-06	1
16	rs9934360	29588933	0	-4.021775e-04	-9.146304e-06	1
16	rs9934579	30474856	0	-2.722759e-04	-6.095773e-06	1
16	rs9934724	29303629	0	1.659456e-04	3.671559e-06	1
16	rs9934806	30593059	0	5.659799e-04	1.282811e-05	1
16	rs9935557	29283463	0	-9.719499e-05	-2.141872e-06	1
16	rs9936065	30409699	0	2.180815e-05	4.937296e-07	1
16	rs9936474	29932691	0	-2.180279e-04	-4.780378e-06	1
16	rs9936496	29758793	0	7.553474e-05	1.682037e-06	1
16	rs9937600	29277513	1	-3.974329e-04	-8.803424e-06	1
16	rs9938050	30947904	0	-2.410721e-04	-5.293384e-06	1
16	rs9938088	30830004	0	6.763546e-05	1.482404e-06	1
16	rs9938630	29837108	0	2.250298e-04	5.040962e-06	1
16	rs9939417	31053467	0	-8.435474e-05	-1.857937e-06	1
16	rs9939514	29855731	0	-1.933321e-04	-4.335977e-06	1
16	rs9939558	31038687	0	-1.865608e-04	-4.113554e-06	1
16	rs9939774	30068354	0	-1.863622e-04	-4.114487e-06	1
16	rs9940440	29684788	0	-7.771505e-05	-1.700140e-06	1
16	rs9940962	29703334	0	-5.877380e-04	-1.336062e-05	1
