chr	rs	ps	n_miss	b	beta	gamma
11	rs1003483	2167543	0	-7.665024e-05	-2.382869e-06	1
11	rs1003484	2167618	0	1.858430e-05	6.105129e-07	1
11	rs1004446	2170143	0	-5.499982e-04	-1.771700e-05	1
11	rs10082642	1901937	0	4.349115e-04	1.564000e-05	1
11	rs1011476	2299035	0	-9.151750e-04	-3.129281e-05	1
11	rs10160580	2363308	0	1.259116e-04	4.311118e-06	1
11	rs1029409	2309898	0	-3.733698e-04	-1.180656e-05	1
11	rs1033122	1942575	0	-3.928026e-06	-9.471871e-08	1
11	rs10437602	2376963	0	1.613360e-04	5.702475e-06	1
11	rs10437603	2377417	0	2.174462e-04	7.683350e-06	1
11	rs10458927	1837135	0	-6.282845e-04	-2.045326e-05	1
11	rs1063316	2418193	0	2.128098e-05	7.616779e-07	1
11	rs1065687	2152639	0	-3.500502e-04	-1.245652e-05	1
11	rs10734182	2250930	0	2.570489e-05	8.335697e-07	1
11	rs10734191	2341002	0	7.538424e-05	2.505422e-06	1
11	rs10734623	1889249	0	-3.678678e-04	-1.147697e-05	1
11	rs10734645	2073378	3	1.261527e-04	3.952429e-06	1
11	rs10734646	2073444	2	1.587224e-04	4.971863e-06	1
11	rs10741539	2241846	0	-3.502797e-04	-1.266069e-05	1
11	rs10741553	2269221	0	1.032355e-03	3.410274e-05	1
11	rs10741556	2272989	0	-4.377240e-04	-1.411511e-05	1
11	rs10741561	2300181	0	-2.406293e-04	-7.644792e-06	1
11	rs10742994	1810188	0	1.190849e-03	4.063410e-05	1
11	rs10743001	1817969	0	5.551580e-04	1.759045e-05	1
11	rs10743028	1875991	0	-7.999070e-04	-2.659104e-05	1
11	rs10743110	2073476	2	8.174668e-05	2.562734e-06	1
11	rs10743111	2074576	0	2.027774e-05	6.675631e-07	1
11	rs10743112	2075736	0	3.811608e-05	1.258869e-06	1
11	rs10743122	2107025	0	-5.576093e-04	-1.869143e-05	1
11	rs10743134	2150304	0	3.638388e-04	1.175952e-05	1
11	rs10743152	2195981	0	-5.266621e-04	-1.681357e-05	1
11	rs10743176	2225626	0	-1.376151e-05	-4.370404e-07	1
11	rs10743180	2229573	0	-3.356019e-04	-1.104927e-05	1
11	rs10743181	2229759	0	3.428265e-05	1.155445e-06	1
11	rs10743182	2229782	0	-6.613231e-05	-2.139862e-06	1
11	rs1076173	2270567	0	-2.115203e-04	-6.621315e-06	1
11	rs10765826	2241321	0	-5.893288e-04	-1.880462e-05	1
11	rs10765834	2246648	0	1.382709e-04	4.890429e-06	1
11	rs10765849	2256031	0	-9.040144e-04	-2.976188e-05	1
11	rs10765878	2277442	0	-2.584648e-04	-8.142491e-06	1
11	rs10765887	2287356	0	5.441213e-04	1.975189e-05	1
11	rs10765896	2303480	1	-2.642560e-04	-8.405956e-06	1
11	rs10765897	2303558	1	-1.836794e-04	-5.828011e-06	1
11	rs10765899	2304088	0	-1.474086e-04	-4.665213e-06	1
11	rs10765900	2304194	0	-1.947712e-04	-6.181858e-06	1
11	rs10765901	2304204	0	-1.355184e-04	-4.286540e-06	1
11	rs10765902	2304279	0	-1.947712e-04	-6.181852e-06	1
11	rs10765903	2304502	0	6.106522e-05	1.865445e-06	1
11	rs10765944	2348194	0	1.223066e-04	4.073813e-06	1
11	rs10769753	1816622	0	7.430612e-04	2.407431e-05	1
11	rs10769814	1876955	0	-7.284786e-04	-2.360218e-05	1
11	rs10769945	1985127	19	-1.602763e-03	-5.463137e-05	1
11	rs10770045	2075252	0	1.090508e-04	3.602678e-06	1
11	rs10770048	2075577	0	-6.168713e-05	-2.035128e-06	1
11	rs10770058	2086132	0	1.307483e-04	4.324024e-06	1
11	rs10770063	2093897	0	-3.479701e-04	-1.093348e-05	1
11	rs10770069	2102033	0	1.746395e-04	5.463774e-06	1
11	rs10770094	2128685	0	3.532753e-04	1.146680e-05	1
11	rs10770125	2169014	0	-6.857223e-05	-2.131639e-06	1
11	rs10770141	2193840	0	8.429816e-05	2.670317e-06	1
11	rs10770142	2194420	0	-5.349232e-04	-1.705209e-05	1
11	rs10770143	2195267	0	-1.546620e-04	-4.837795e-06	1
11	rs10831548	2237393	0	1.241620e-05	4.247480e-07	1
11	rs10831549	2237506	0	-5.769300e-04	-1.861225e-05	1
11	rs10831551	2238288	0	1.749464e-04	6.190658e-06	1
11	rs10831570	2242612	0	3.909396e-04	1.379637e-05	1
11	rs10831574	2243891	0	-3.512384e-04	-1.096621e-05	1
11	rs10831599	2249928	0	3.904129e-05	1.303884e-06	1
11	rs10831633	2267936	0	7.092973e-04	2.481734e-05	1
11	rs10831637	2269447	0	1.144563e-03	3.852447e-05	1
11	rs10831659	2280165	0	6.104556e-04	2.129543e-05	1
11	rs10831662	2282436	0	1.851061e-04	6.447936e-06	1
11	rs10831668	2288412	0	5.441213e-04	1.975188e-05	1
11	rs10831677	2294680	0	9.296615e-05	3.251299e-06	1
11	rs10831683	2299990	0	-6.761407e-04	-2.251932e-05	1
11	rs10831695	2303296	0	-2.064609e-04	-6.560311e-06	1
11	rs10831697	2303867	0	-2.066613e-04	-6.562812e-06	1
11	rs10831698	2303881	0	-2.066613e-04	-6.562808e-06	1
11	rs10831699	2304393	0	-2.066613e-04	-6.562805e-06	1
11	rs10831700	2304422	0	-1.547979e-04	-4.911346e-06	1
11	rs10831703	2304554	0	-1.766794e-04	-5.609066e-06	1
11	rs10831706	2306026	0	1.035633e-03	3.663182e-05	1
11	rs10831737	2326129	0	-4.419957e-04	-1.512609e-05	1
11	rs10831813	2356188	0	4.930379e-04	1.764232e-05	1
11	rs10831846	2367377	0	-1.274646e-04	-4.491731e-06	1
11	rs10831898	2384752	0	2.907443e-04	1.025896e-05	1
11	rs10831902	2388038	0	2.723331e-04	9.154659e-06	1
11	rs10832004	2438448	0	2.933844e-04	9.696743e-06	1
11	rs10839668	1810799	0	1.075927e-03	3.610910e-05	1
11	rs10839670	1812367	0	1.409239e-04	4.587469e-06	1
11	rs10839675	1813541	0	1.054710e-03	3.534686e-05	1
11	rs10839687	1816095	0	1.009053e-03	3.355214e-05	1
11	rs10839742	1832838	0	-6.395164e-04	-2.223927e-05	1
11	rs10839743	1833193	2	-5.255759e-04	-1.699270e-05	1
11	rs10839756	1841555	0	-7.358128e-04	-2.575402e-05	1
11	rs10839771	1850075	0	-5.402599e-04	-1.862594e-05	1
11	rs10839772	1850324	0	-4.391026e-04	-1.507585e-05	1
11	rs10839819	1876186	0	-9.185610e-04	-3.064695e-05	1
11	rs10839821	1876595	0	-1.025230e-03	-3.467239e-05	1
11	rs10839934	1907133	0	-7.192745e-04	-2.287506e-05	1
11	rs10840117	1990163	22	-1.391813e-03	-4.592365e-05	1
11	rs10840195	2040623	4	-3.273868e-04	-1.028334e-05	1
11	rs10840250	2064896	0	-8.189458e-05	-2.621783e-06	1
11	rs10840267	2075149	0	1.152415e-04	3.806853e-06	1
11	rs10840275	2077486	0	-2.800035e-04	-8.775139e-06	1
11	rs10840288	2084014	0	8.808340e-05	2.907875e-06	1
11	rs10840289	2084913	0	1.076252e-04	3.384244e-06	1
11	rs10840297	2087727	0	1.034507e-04	3.421370e-06	1
11	rs10840299	2089861	0	1.307483e-04	4.324025e-06	1
11	rs10840303	2092983	0	-3.765669e-04	-1.184148e-05	1
11	rs10840366	2124435	0	-5.525023e-04	-1.753866e-05	1
11	rs10840371	2130454	0	3.630402e-04	1.180684e-05	1
11	rs10840372	2132954	1	-5.761760e-04	-1.822042e-05	1
11	rs10840374	2133709	0	-8.755153e-04	-2.847533e-05	1
11	rs10840389	2149367	0	-3.406672e-04	-1.071290e-05	1
11	rs10840390	2149413	0	4.007927e-04	1.404362e-05	1
11	rs10840391	2149659	0	4.007927e-04	1.404362e-05	1
11	rs10840490	2193817	0	4.700529e-04	1.588274e-05	1
11	rs10840491	2194390	0	3.341038e-04	1.125934e-05	1
11	rs10840495	2195837	0	-2.967089e-04	-9.405815e-06	1
11	rs10840496	2195844	0	-5.274109e-04	-1.684936e-05	1
11	rs10840500	2196910	0	-6.314289e-04	-2.000638e-05	1
11	rs10840516	2209967	0	7.965075e-04	2.698289e-05	1
11	rs10840521	2212580	0	6.215682e-05	2.222895e-06	1
11	rs10840523	2213452	0	-1.396108e-03	-4.818851e-05	1
11	rs10840546	2220754	0	3.405495e-04	1.120870e-05	1
11	rs10840584	2228618	0	-4.014488e-04	-1.324885e-05	1
11	rs10840588	2229645	0	-1.606064e-04	-5.138125e-06	1
11	rs10840596	2231356	0	-1.554752e-04	-5.398820e-06	1
11	rs10840608	2235973	0	3.087197e-04	1.092100e-05	1
11	rs10840609	2235999	0	3.087197e-04	1.092100e-05	1
11	rs1088977	2393452	0	-5.775518e-04	-1.927210e-05	1
11	rs1088978	2394130	0	-5.775518e-04	-1.927210e-05	1
11	rs1088980	2374867	0	-1.529392e-04	-4.800322e-06	1
11	rs1088981	2375761	0	-4.772058e-05	-1.567721e-06	1
11	rs1088982	2375816	0	-4.834091e-04	-1.524683e-05	1
11	rs1088984	2377581	0	1.523988e-05	5.126802e-07	1
11	rs1088985	2377852	0	7.135003e-05	2.372439e-06	1
11	rs1088986	2377862	0	1.650270e-04	5.429723e-06	1
11	rs1088987	2379196	0	7.845855e-05	2.584955e-06	1
11	rs1088988	2380470	0	-4.081842e-05	-1.345077e-06	1
11	rs1088989	2381055	0	-4.081842e-05	-1.345076e-06	1
11	rs1088990	2381771	0	-4.081842e-05	-1.345074e-06	1
11	rs1088992	2382517	0	-5.258292e-05	-1.741816e-06	1
11	rs1088993	2382631	0	-5.258292e-05	-1.741815e-06	1
11	rs1092608	1914859	0	-4.190808e-04	-1.307700e-05	1
11	rs11021702	2236088	0	8.784521e-05	3.107813e-06	1
11	rs11021704	2236653	0	-7.015198e-04	-2.302156e-05	1
11	rs11021705	2236689	0	-6.875195e-04	-2.253831e-05	1
11	rs11021706	2236750	0	-7.087766e-04	-2.325462e-05	1
11	rs11021707	2236885	0	-6.582164e-04	-2.152291e-05	1
11	rs11021732	2241272	0	-8.009474e-04	-2.617019e-05	1
11	rs11021743	2242311	0	1.382709e-04	4.890436e-06	1
11	rs11021801	2246228	0	5.074743e-04	1.789991e-05	1
11	rs11021832	2255246	0	-2.524070e-04	-7.823213e-06	1
11	rs11021840	2256371	0	-7.655735e-05	-2.619203e-06	1
11	rs11021848	2257373	0	2.773893e-04	9.966835e-06	1
11	rs11021859	2260854	0	-1.927162e-03	-7.418178e-05	1
11	rs11021861	2261338	0	1.230831e-04	4.355038e-06	1
11	rs11021869	2261795	0	6.616522e-04	2.304706e-05	1
11	rs11021918	2269190	0	9.448791e-05	3.342403e-06	1
11	rs11021919	2269604	0	7.233087e-04	2.534428e-05	1
11	rs11021937	2272049	0	6.929121e-05	2.347950e-06	1
11	rs11021938	2272054	0	6.929121e-05	2.347949e-06	1
11	rs11021950	2274212	0	2.881860e-05	9.738162e-07	1
11	rs11021967	2278937	0	-8.565717e-04	-2.780422e-05	1
11	rs11021973	2280630	0	8.791150e-05	2.958030e-06	1
11	rs11021978	2281649	0	5.058968e-04	1.830989e-05	1
11	rs11021979	2282077	0	5.671943e-04	2.059813e-05	1
11	rs11021984	2282360	0	2.898895e-04	1.007744e-05	1
11	rs11021988	2282733	0	3.640520e-04	1.301853e-05	1
11	rs11021998	2284316	0	4.736204e-04	1.711425e-05	1
11	rs11021999	2284609	0	4.736204e-04	1.711425e-05	1
11	rs11022010	2287957	0	5.441213e-04	1.975187e-05	1
11	rs11022026	2292969	0	-2.450728e-04	-7.600536e-06	1
11	rs11022045	2294715	0	2.970951e-04	1.026530e-05	1
11	rs11022046	2295129	0	2.819073e-04	9.739587e-06	1
11	rs11022048	2295223	0	3.309969e-04	1.144292e-05	1
11	rs11022157	2322829	0	-4.043190e-04	-1.301254e-05	1
11	rs11022258	2338240	0	-5.135245e-04	-1.659243e-05	1
11	rs11022259	2338256	0	9.971091e-05	3.323042e-06	1
11	rs11022289	2345417	0	5.375282e-05	1.788786e-06	1
11	rs11022291	2345621	0	5.375282e-05	1.788787e-06	1
11	rs11022330	2352237	0	4.391679e-04	1.567258e-05	1
11	rs11022457	2377752	0	2.174462e-04	7.683344e-06	1
11	rs11022484	2388433	0	2.723331e-04	9.154620e-06	1
11	rs11022617	2419572	0	2.588177e-04	8.940758e-06	1
11	rs11022696	2430252	0	2.879232e-04	1.036334e-05	1
11	rs11022774	2449571	0	1.752975e-04	5.653864e-06	1
11	rs11022821	2457350	0	2.481474e-04	8.928530e-06	1
11	rs11022835	2460491	0	1.217781e-04	4.103343e-06	1
11	rs11022837	2460729	0	6.644032e-05	2.224844e-06	1
11	rs11022922	2479195	0	5.059558e-04	1.616240e-05	1
11	rs11041117	1811119	0	7.835237e-04	2.570260e-05	1
11	rs11041153	1819479	0	-3.213474e-05	-1.090951e-06	1
11	rs11041226	1831436	0	-6.421199e-04	-2.090532e-05	1
11	rs11041232	1832636	0	-5.591112e-04	-1.808711e-05	1
11	rs11041233	1832936	0	-6.247927e-04	-2.167462e-05	1
11	rs11041240	1834923	0	-6.902692e-04	-2.406828e-05	1
11	rs11041252	1836057	0	-7.251425e-04	-2.536552e-05	1
11	rs11041255	1836317	0	-2.338628e-04	-8.447237e-06	1
11	rs11041257	1836370	0	8.530299e-05	2.822688e-06	1
11	rs11041266	1837691	0	-2.278115e-04	-7.264041e-06	1
11	rs11041282	1839218	0	-5.467493e-04	-1.882502e-05	1
11	rs11041287	1840789	0	-5.797833e-04	-2.003842e-05	1
11	rs11041289	1840922	0	-4.203795e-04	-1.354009e-05	1
11	rs11041294	1841827	0	-1.043112e-04	-3.432764e-06	1
11	rs11041302	1844896	0	-1.672966e-04	-5.520973e-06	1
11	rs11041314	1846601	0	-5.427329e-04	-1.870963e-05	1
11	rs11041315	1846692	0	-5.427329e-04	-1.870963e-05	1
11	rs11041318	1847189	0	-8.820547e-05	-2.903777e-06	1
11	rs11041323	1848273	0	-5.519285e-04	-1.902237e-05	1
11	rs11041476	1875067	0	1.487886e-04	4.751559e-06	1
11	rs11041481	1876554	0	-8.975952e-04	-2.988359e-05	1
11	rs11041487	1877274	0	1.245799e-04	3.972560e-06	1
11	rs11041501	1879944	0	-8.132669e-04	-2.751139e-05	1
11	rs11041540	1885026	0	2.495555e-04	8.504672e-06	1
11	rs11041553	1888955	0	3.853464e-04	1.388198e-05	1
11	rs11041615	1900765	0	-7.320048e-04	-2.511625e-05	1
11	rs11041665	1906815	0	6.289627e-04	2.038362e-05	1
11	rs11041676	1907940	0	-6.955560e-04	-2.206892e-05	1
11	rs11041692	1911115	0	1.257078e-04	4.390815e-06	1
11	rs11041941	1961869	0	-3.156974e-04	-9.801420e-06	1
11	rs11042391	2063598	0	2.717228e-04	8.699382e-06	1
11	rs11042399	2065330	0	3.556492e-04	1.213548e-05	1
11	rs11042407	2066970	0	-2.875919e-05	-9.498535e-07	1
11	rs11042449	2076798	1	5.718100e-05	1.884356e-06	1
11	rs11042455	2078638	0	5.981355e-05	1.976445e-06	1
11	rs11042456	2078742	0	6.060410e-05	1.994388e-06	1
11	rs11042465	2080254	0	6.847669e-05	2.256660e-06	1
11	rs11042545	2107107	0	-1.403505e-04	-4.653476e-06	1
11	rs11042560	2108689	0	-9.657688e-05	-3.198374e-06	1
11	rs11042607	2121817	0	2.086221e-04	6.731306e-06	1
11	rs11042626	2124463	0	6.362230e-04	2.100735e-05	1
11	rs11042628	2124902	0	-7.085243e-04	-2.276664e-05	1
11	rs11042654	2133759	0	-8.755153e-04	-2.847529e-05	1
11	rs11042699	2140929	0	1.790084e-04	5.758663e-06	1
11	rs11042700	2140946	0	-8.972159e-04	-2.917902e-05	1
11	rs11042735	2147076	1	4.668602e-04	1.644064e-05	1
11	rs11042736	2147337	1	1.665421e-04	5.342778e-06	1
11	rs11042738	2148855	0	3.428730e-04	1.107261e-05	1
11	rs11042751	2149864	0	4.907259e-05	1.614985e-06	1
11	rs11042753	2149995	0	5.799399e-04	2.048185e-05	1
11	rs11042774	2153136	1	-2.977638e-04	-9.266126e-06	1
11	rs11042965	2195288	0	-6.306801e-04	-1.997503e-05	1
11	rs11042966	2195538	0	-5.266621e-04	-1.681348e-05	1
11	rs11042976	2198259	0	-1.166918e-03	-3.918695e-05	1
11	rs11042978	2198418	0	-1.068323e-03	-3.539758e-05	1
11	rs11042982	2199963	0	2.633022e-04	8.776639e-06	1
11	rs11043001	2203045	0	-1.327119e-03	-4.904299e-05	1
11	rs11043030	2209698	0	-6.575206e-04	-2.306103e-05	1
11	rs11043034	2210407	0	-3.104187e-04	-1.110403e-05	1
11	rs11043047	2215228	0	-1.601880e-03	-5.720853e-05	1
11	rs11043063	2217400	0	1.337471e-04	4.591149e-06	1
11	rs11043069	2220652	0	4.926673e-05	1.687009e-06	1
11	rs11043076	2223474	0	6.448198e-04	2.253329e-05	1
11	rs11043129	2232055	0	-1.355459e-04	-4.705375e-06	1
11	rs11043132	2232624	0	-2.339805e-04	-7.673153e-06	1
11	rs11043133	2232665	0	-2.339805e-04	-7.673149e-06	1
11	rs11043134	2232682	0	-2.339805e-04	-7.673145e-06	1
11	rs11043140	2233951	0	-1.602546e-04	-5.098510e-06	1
11	rs11043142	2234042	0	-1.622341e-04	-5.162152e-06	1
11	rs11043143	2234093	0	3.783650e-05	1.267590e-06	1
11	rs11043147	2234169	0	-1.193390e-04	-3.787125e-06	1
11	rs111379907	2360950	0	-5.732685e-05	-2.026710e-06	1
11	rs111380538	2208513	0	-4.826030e-04	-1.728995e-05	1
11	rs111418711	1820870	0	-3.889496e-04	-1.367538e-05	1
11	rs111447604	2321279	1	7.573050e-05	2.671603e-06	1
11	rs111457219	1820955	0	-3.889496e-04	-1.367537e-05	1
11	rs1114926	2301275	0	4.407371e-05	1.343106e-06	1
11	rs111649592	1890844	0	9.325482e-05	3.322495e-06	1
11	rs111655093	2363474	0	2.112533e-05	7.359151e-07	1
11	rs111667698	2382213	0	5.040635e-05	1.770881e-06	1
11	rs111708473	2367621	0	4.955839e-06	1.659966e-07	1
11	rs111791202	2369787	0	9.152424e-05	3.219242e-06	1
11	rs111826047	2292242	0	6.306897e-04	2.300315e-05	1
11	rs111884779	2378597	0	6.767213e-05	2.383209e-06	1
11	rs112057962	2371014	0	-1.338578e-05	-4.813223e-07	1
11	rs112088589	1927789	0	5.642579e-04	2.061366e-05	1
11	rs112141251	2376704	0	6.767213e-05	2.383208e-06	1
11	rs112313627	1820707	0	7.685804e-04	2.693890e-05	1
11	rs112336409	2374170	0	6.767213e-05	2.383207e-06	1
11	rs112425794	1868097	0	2.698966e-04	9.703555e-06	1
11	rs1124699	2164990	0	-4.776212e-04	-1.674910e-05	1
11	rs112592107	2136211	0	-9.932476e-05	-3.511157e-06	1
11	rs112757947	2390072	0	3.428336e-04	1.220878e-05	1
11	rs112773180	2379257	0	6.767213e-05	2.383207e-06	1
11	rs112873218	1960119	0	-3.145518e-04	-1.084269e-05	1
11	rs112901624	2379124	0	6.767213e-05	2.383206e-06	1
11	rs112907808	1907610	0	7.390830e-04	2.416813e-05	1
11	rs113172702	2307555	0	-6.537512e-05	-2.340877e-06	1
11	rs113197807	2278201	0	-5.035251e-04	-1.775149e-05	1
11	rs113441481	2356701	0	-2.549279e-04	-9.003939e-06	1
11	rs113499987	2342158	0	3.908013e-04	1.405893e-05	1
11	rs113521667	2313830	0	1.000421e-04	3.602939e-06	1
11	rs113616808	2371018	0	-1.338578e-05	-4.813258e-07	1
11	rs113648183	1835999	0	8.433635e-05	2.993617e-06	1
11	rs113669149	1902953	0	-2.464985e-04	-8.859675e-06	1
11	rs113828537	2220057	0	7.887417e-05	2.714567e-06	1
11	rs113883473	2341848	0	1.840428e-04	6.497392e-06	1
11	rs113894883	2279118	0	-1.552923e-03	-6.026497e-05	1
11	rs113945618	2210658	0	9.276202e-04	3.181017e-05	1
11	rs113951596	2364801	0	1.595313e-07	-3.392076e-09	1
11	rs114001917	1939694	0	-7.428208e-05	-2.678971e-06	1
11	rs114162603	2289128	0	6.306897e-04	2.300315e-05	1
11	rs114263649	2121359	0	3.016692e-04	1.065186e-05	1
11	rs114278107	2077056	0	4.377833e-06	1.468011e-07	1
11	rs114925068	2282255	0	7.034237e-05	2.524636e-06	1
11	rs114933670	1890076	0	-3.336396e-04	-1.196463e-05	1
11	rs11499976	2380738	0	2.508218e-04	8.856354e-06	1
11	rs115129911	1937981	0	2.732093e-04	9.721546e-06	1
11	rs11517725	2344894	0	5.375282e-05	1.788794e-06	1
11	rs115259312	1892946	0	-3.219976e-04	-1.154581e-05	1
11	rs11529115	2343628	0	5.375282e-05	1.788795e-06	1
11	rs11529116	2343769	0	5.375282e-05	1.788797e-06	1
11	rs11529117	2343777	0	5.375282e-05	1.788799e-06	1
11	rs11529118	2343866	0	5.375282e-05	1.788801e-06	1
11	rs11529508	2218495	0	7.887417e-05	2.714563e-06	1
11	rs115426406	2111990	0	-1.688555e-04	-6.031661e-06	1
11	rs11545725	1902793	2	2.857213e-04	9.826962e-06	1
11	rs11554947	2329995	0	-6.018283e-04	-2.045707e-05	1
11	rs11564680	2265246	0	-9.776078e-04	-3.209247e-05	1
11	rs11564681	2263025	0	-1.216936e-03	-4.125210e-05	1
11	rs11564684	2262325	0	-8.031207e-04	-2.597350e-05	1
11	rs11564688	2256281	0	-7.292517e-04	-2.342086e-05	1
11	rs11564689	2256240	0	6.391015e-04	2.232556e-05	1
11	rs11564691	2214039	0	8.276312e-04	2.773465e-05	1
11	rs11564699	2213585	0	4.340891e-05	1.493916e-06	1
11	rs11564700	2213579	0	8.276312e-04	2.773463e-05	1
11	rs11564701	2213492	0	8.276312e-04	2.773462e-05	1
11	rs11564703	2207209	0	-1.837520e-03	-6.857963e-05	1
11	rs11564704	2207194	0	-1.837520e-03	-6.857957e-05	1
11	rs11564711	2194062	0	-4.440045e-04	-1.388027e-05	1
11	rs11564713	2191709	0	-3.500600e-05	-1.076015e-06	1
11	rs11564717	2186889	0	6.782072e-05	2.437212e-06	1
11	rs11564723	2178267	0	-4.503724e-04	-1.621776e-05	1
11	rs11564724	2177429	0	-3.175787e-04	-1.127193e-05	1
11	rs11564727	2172257	0	-6.684891e-04	-2.449331e-05	1
11	rs11564728	2172168	0	2.069333e-04	7.484602e-06	1
11	rs11600133	1896843	0	2.524799e-04	8.480952e-06	1
11	rs11600952	2101283	0	8.099570e-05	2.686988e-06	1
11	rs11600968	2093065	0	-4.905992e-05	-1.623514e-06	1
11	rs11600971	2343441	0	2.916360e-04	9.693629e-06	1
11	rs11601537	2437502	0	5.072705e-04	1.692634e-05	1
11	rs11602144	2438372	0	7.208968e-04	2.434096e-05	1
11	rs11602416	2209676	0	-2.134156e-03	-8.519280e-05	1
11	rs11602585	2101345	0	-3.719936e-04	-1.206436e-05	1
11	rs11602798	1876228	0	-8.180260e-04	-2.750816e-05	1
11	rs11603101	2232814	0	-2.339805e-04	-7.673046e-06	1
11	rs11603218	2132428	0	-1.308146e-04	-4.719744e-06	1
11	rs116033749	1919269	0	4.021042e-04	1.460807e-05	1
11	rs11604893	2242540	0	-1.064731e-03	-3.516886e-05	1
11	rs11605072	2436733	0	5.316842e-04	1.760161e-05	1
11	rs11606404	2241215	0	-4.862618e-04	-1.546481e-05	1
11	rs11607369	2440560	0	-1.136246e-05	-3.663343e-07	1
11	rs11607893	1819030	0	-2.889746e-05	-9.404246e-07	1
11	rs116185088	1939037	0	-1.065585e-04	-3.845614e-06	1
11	rs116549635	2291050	0	6.306897e-04	2.300314e-05	1
11	rs116862756	2123710	0	1.714667e-04	6.190223e-06	1
11	rs116915405	2231001	0	-4.194553e-04	-1.503331e-05	1
11	rs116953923	2298186	0	4.383256e-04	1.600018e-05	1
11	rs117021869	2422034	0	5.914894e-05	2.074400e-06	1
11	rs117029470	1886660	0	-3.871146e-05	-1.397051e-06	1
11	rs117071645	2095878	0	-8.931356e-06	-3.230773e-07	1
11	rs117091272	1977240	23	1.388964e-04	4.905864e-06	1
11	rs117212336	2116314	0	1.253340e-04	4.458314e-06	1
11	rs117253123	2255249	0	1.705307e-04	6.110491e-06	1
11	rs117375634	2408146	0	1.416238e-04	4.968915e-06	1
11	rs117401251	2145970	0	-1.301220e-04	-4.704268e-06	1
11	rs117403190	2151841	6	3.411103e-05	1.189926e-06	1
11	rs117466090	1941033	0	1.079950e-04	3.881071e-06	1
11	rs117520198	2212843	0	6.586275e-04	2.261916e-05	1
11	rs117553614	2013454	22	2.379810e-05	8.565575e-07	1
11	rs117587169	2207224	0	4.142779e-06	1.514124e-07	1
11	rs117595442	2310683	0	1.492495e-04	5.387181e-06	1
11	rs117600357	2325192	0	2.343335e-05	8.372123e-07	1
11	rs117619867	1957794	0	2.898289e-04	1.040061e-05	1
11	rs117634812	2375577	0	5.177755e-05	1.859813e-06	1
11	rs117662044	2228978	0	8.844592e-05	3.172292e-06	1
11	rs117693013	2198479	0	-3.130755e-04	-1.116704e-05	1
11	rs117737404	2366093	0	1.105144e-04	3.949077e-06	1
11	rs117739978	2228098	0	-1.418996e-04	-4.922574e-06	1
11	rs117895267	2248200	0	-7.768591e-04	-2.714778e-05	1
11	rs117922301	1881074	0	1.873648e-04	6.703014e-06	1
11	rs117996750	2117063	0	1.802540e-04	6.469523e-06	1
11	rs118001540	2133442	0	-8.883492e-05	-3.198166e-06	1
11	rs118027258	2359163	0	-4.792876e-04	-1.684286e-05	1
11	rs118038234	2429856	0	1.283639e-04	4.585653e-06	1
11	rs118137099	2216116	0	-2.997075e-06	-1.064728e-07	1
11	rs11819945	2279309	0	5.898854e-04	2.057412e-05	1
11	rs11820059	2280098	0	3.640520e-04	1.301849e-05	1
11	rs11820624	2345432	0	2.090594e-04	7.375473e-06	1
11	rs11821527	2282870	0	3.640520e-04	1.301849e-05	1
11	rs11821551	2283027	0	3.365265e-04	1.212440e-05	1
11	rs11821581	2279399	0	3.434818e-04	1.228049e-05	1
11	rs11822454	2275287	0	-5.029103e-05	-1.706407e-06	1
11	rs11823629	1950647	0	3.534070e-04	1.158932e-05	1
11	rs11824286	2472055	0	3.660590e-04	1.223845e-05	1
11	rs11825579	2076043	0	-3.364042e-04	-1.141400e-05	1
11	rs11826831	1810621	0	1.823472e-04	6.372811e-06	1
11	rs11828243	2352844	0	-1.388765e-04	-4.909836e-06	1
11	rs12222609	2297093	5	6.925137e-04	2.446871e-05	1
11	rs12224088	2217358	0	-2.761633e-05	-9.837580e-07	1
11	rs12224967	2321284	1	-4.545642e-06	-1.333835e-07	1
11	rs12272733	2106729	0	-5.768501e-04	-2.031929e-05	1
11	rs12273083	1925694	0	-6.222236e-04	-1.948913e-05	1
11	rs12273963	2296176	0	2.661572e-04	9.295000e-06	1
11	rs12274567	2474956	0	4.189409e-04	1.461926e-05	1
11	rs12276159	2237474	0	9.590938e-05	3.386644e-06	1
11	rs12276321	2143313	0	4.110201e-04	1.442147e-05	1
11	rs12276721	2225974	0	-1.334754e-04	-4.632571e-06	1
11	rs12276847	2323022	0	-4.101043e-04	-1.321058e-05	1
11	rs12277489	2386269	0	2.793215e-04	9.855209e-06	1
11	rs12278109	2268695	0	9.448791e-05	3.342416e-06	1
11	rs12279951	2269671	0	9.448791e-05	3.342416e-06	1
11	rs12280926	2430390	0	-7.354371e-05	-2.634190e-06	1
11	rs12282068	2258686	0	-9.405254e-04	-3.046726e-05	1
11	rs12282231	2295628	0	1.867673e-04	6.500567e-06	1
11	rs12282361	2295852	0	1.835144e-04	6.392967e-06	1
11	rs12283789	2289424	0	4.420246e-04	1.532789e-05	1
11	rs12284746	2277229	0	2.548978e-04	8.885425e-06	1
11	rs12288463	2470093	0	2.783773e-04	9.428962e-06	1
11	rs12288640	1881978	0	6.735249e-04	2.425426e-05	1
11	rs12288980	2082423	2	5.243732e-06	1.711867e-07	1
11	rs12289134	2295826	0	1.617029e-04	5.627330e-06	1
11	rs12290802	2121754	0	-5.369963e-04	-1.700506e-05	1
11	rs12290942	2386148	0	3.382652e-04	1.141589e-05	1
11	rs12291776	1891241	0	4.760090e-04	1.722723e-05	1
11	rs12292054	1818457	0	5.489126e-04	1.739965e-05	1
11	rs12292212	2222913	0	-2.375657e-04	-8.261389e-06	1
11	rs12292286	2457147	0	2.481474e-04	8.928520e-06	1
11	rs12360772	1899962	0	3.010901e-04	1.009288e-05	1
11	rs12361938	2233522	0	-1.324676e-04	-4.591438e-06	1
11	rs12361974	2253319	0	3.625486e-04	1.261682e-05	1
11	rs12363029	2233796	0	-1.324676e-04	-4.591439e-06	1
11	rs12365075	2250672	0	7.092973e-04	2.481726e-05	1
11	rs12365147	2083709	1	4.604304e-05	1.517363e-06	1
11	rs12366178	2258786	0	2.394963e-04	8.188858e-06	1
11	rs12416967	1891905	0	-1.505828e-04	-5.042449e-06	1
11	rs12417261	1900441	0	4.454203e-04	1.603441e-05	1
11	rs12417332	2167187	0	1.691628e-04	5.769609e-06	1
11	rs12417883	1999974	32	8.789265e-05	3.136563e-06	1
11	rs12417933	2288303	0	-9.098458e-04	-3.111967e-05	1
11	rs12418303	2209413	0	9.675999e-04	3.406409e-05	1
11	rs12418543	1894163	0	-1.645510e-04	-5.200073e-06	1
11	rs12418686	2107122	0	-1.403505e-04	-4.653472e-06	1
11	rs12419393	1951526	0	2.242289e-04	7.342033e-06	1
11	rs12419444	2209658	0	8.499513e-04	2.968272e-05	1
11	rs12419662	2314094	0	5.473988e-05	1.963543e-06	1
11	rs12420273	1949846	0	1.420897e-04	4.642425e-06	1
11	rs12420709	1957246	0	-8.896435e-05	-3.100852e-06	1
11	rs12420721	2237667	0	-6.080937e-04	-1.983447e-05	1
11	rs12575480	2107655	0	-1.403505e-04	-4.653472e-06	1
11	rs12575785	2108794	0	-7.736125e-04	-2.575976e-05	1
11	rs12576481	2448714	0	3.378409e-04	1.198324e-05	1
11	rs12708355	2217850	0	-1.653866e-04	-5.503437e-06	1
11	rs12792651	2063051	1	-4.252173e-05	-1.378461e-06	1
11	rs12797765	2343506	0	5.375282e-05	1.788820e-06	1
11	rs12799224	2343516	0	5.375282e-05	1.788821e-06	1
11	rs12801875	1888341	0	1.570774e-04	5.201443e-06	1
11	rs12802552	1896511	0	-5.502291e-05	-1.821687e-06	1
11	rs12806495	2068776	0	-7.423917e-05	-2.467715e-06	1
11	rs12807061	2325901	0	-5.693122e-04	-1.953501e-05	1
11	rs138284862	1893107	2	2.700469e-04	9.282971e-06	1
11	rs138776338	2140707	0	4.917170e-04	1.734601e-05	1
11	rs139402741	2389670	0	1.690012e-04	6.066091e-06	1
11	rs1398255	1845845	0	-5.845998e-04	-2.023378e-05	1
11	rs139884520	2126382	0	-1.960731e-04	-7.056596e-06	1
11	rs139921606	2109585	0	-3.026445e-04	-1.087820e-05	1
11	rs141497267	2148612	0	2.627920e-04	9.456289e-06	1
11	rs142314057	1821985	0	-3.889496e-04	-1.367536e-05	1
11	rs142665764	1810908	0	4.103297e-04	1.484127e-05	1
11	rs142787963	2374314	0	6.767213e-05	2.383187e-06	1
11	rs143057327	2105673	0	-4.824273e-05	-1.734767e-06	1
11	rs143889176	2409617	0	1.148584e-04	4.121095e-06	1
11	rs144586870	2104159	0	-3.460110e-04	-1.220231e-05	1
11	rs144733801	2102978	0	-4.924317e-04	-1.744123e-05	1
11	rs147239461	1986402	17	-4.194402e-04	-1.509444e-05	1
11	rs147295758	2361059	0	-4.641451e-05	-1.641845e-06	1
11	rs148414697	2145924	0	-1.109741e-04	-3.994224e-06	1
11	rs148749891	2165476	0	7.149921e-04	2.634084e-05	1
11	rs148980993	1932647	0	-5.206157e-05	-1.874252e-06	1
11	rs149007178	1828308	0	-5.194778e-04	-1.802265e-05	1
11	rs149027915	2104098	0	-3.460110e-04	-1.220230e-05	1
11	rs149947174	2313790	0	6.766179e-05	2.435319e-06	1
11	rs1501466	2320884	0	7.611279e-04	2.582044e-05	1
11	rs1501467	2324692	0	-2.391731e-04	-7.645336e-06	1
11	rs1501470	2365888	0	1.370818e-05	4.688421e-07	1
11	rs150224635	1809553	0	-5.846719e-04	-2.074889e-05	1
11	rs150340979	2151342	0	2.150253e-05	7.752923e-07	1
11	rs1548427	2282725	8	-1.570686e-03	-6.116228e-05	1
11	rs1548428	2282904	0	-9.705412e-04	-3.411405e-05	1
11	rs1604343	2371400	0	2.577939e-04	9.143166e-06	1
11	rs16927166	1956104	0	2.086186e-04	7.483852e-06	1
11	rs16927576	1836796	0	-6.220191e-04	-2.156606e-05	1
11	rs16927578	1837080	0	-3.949053e-04	-1.266389e-05	1
11	rs16927579	1842250	0	-7.358128e-04	-2.575395e-05	1
11	rs16928049	2284928	0	3.787022e-04	1.324955e-05	1
11	rs16928078	2320013	0	5.152063e-04	1.758411e-05	1
11	rs16928079	2320558	0	5.646559e-04	1.933088e-05	1
11	rs16928081	2320966	0	1.755062e-04	6.156915e-06	1
11	rs16928084	2322954	0	5.467208e-04	1.867405e-05	1
11	rs16928120	2350742	0	6.509554e-04	2.292694e-05	1
11	rs16928242	2421531	0	9.744418e-05	3.386183e-06	1
11	rs17173834	1911439	0	-6.316450e-04	-2.219565e-05	1
11	rs1717769	1878462	0	-8.594925e-04	-2.849688e-05	1
11	rs17247103	1843421	0	-1.763004e-04	-5.817872e-06	1
11	rs17247136	1844221	0	-8.374376e-05	-2.756494e-06	1
11	rs17247254	1846972	0	-1.717584e-04	-5.668325e-06	1
11	rs17247318	1849248	0	-3.430290e-05	-1.119671e-06	1
11	rs17248845	2280751	0	-7.707940e-04	-2.792692e-05	1
11	rs17659078	2284590	0	-1.357971e-03	-4.936592e-05	1
11	rs17737404	2270342	0	1.705307e-04	6.110484e-06	1
11	rs17737713	2283459	0	-1.411563e-03	-5.343128e-05	1
11	rs17739786	2423623	0	1.969577e-04	7.007173e-06	1
11	rs17835310	1837050	0	-5.367161e-04	-1.737308e-05	1
11	rs17880206	2167641	0	1.304052e-04	4.641619e-06	1
11	rs17883577	2169773	0	-1.985129e-05	-7.035069e-07	1
11	rs17885652	2167303	0	-3.609410e-04	-1.178650e-05	1
11	rs1806911	1897440	0	-5.755870e-04	-2.058915e-05	1
11	rs180797863	2352740	0	-2.897055e-05	-1.030469e-06	1
11	rs1815029	1834218	0	1.354632e-04	4.474538e-06	1
11	rs182564433	2353559	6	-6.310366e-05	-2.189328e-06	1
11	rs184277	2012822	22	-8.763861e-05	-2.609770e-06	1
11	rs1858963	2270703	0	1.544301e-04	5.452448e-06	1
11	rs1859080	2456473	0	-2.645848e-05	-9.060822e-07	1
11	rs185958163	2279129	0	7.034237e-05	2.524631e-06	1
11	rs186539184	1926382	25	2.947879e-04	1.067311e-05	1
11	rs186928460	2409964	13	1.700892e-04	6.044336e-06	1
11	rs1875427	2372336	0	-9.189012e-05	-3.217872e-06	1
11	rs1877444	1861225	0	1.190724e-03	4.202261e-05	1
11	rs187877160	2355818	0	-3.543661e-05	-1.257965e-06	1
11	rs1879667	1880782	0	6.735249e-04	2.425425e-05	1
11	rs189204687	1893326	1	1.042650e-04	3.753362e-06	1
11	rs189852986	2353931	0	-3.445382e-04	-1.223029e-05	1
11	rs190913994	1893764	2	-2.034508e-05	-7.204462e-07	1
11	rs1973765	1898664	0	9.432619e-05	2.971988e-06	1
11	rs1983255	1836032	0	-7.820670e-04	-2.542938e-05	1
11	rs1985624	1896777	0	-1.396822e-05	-4.641883e-07	1
11	rs2001487	1877512	0	-8.563996e-04	-2.837659e-05	1
11	rs2001488	1877519	0	-8.450950e-04	-2.882275e-05	1
11	rs200985622	2208823	0	3.202718e-04	1.118848e-05	1
11	rs2014073	2440805	0	2.597479e-04	8.201500e-06	1
11	rs2014292	2440518	0	2.917380e-04	9.209688e-06	1
11	rs2019938	2402747	0	-5.717518e-04	-1.860317e-05	1
11	rs2072072	2290196	2	9.785344e-04	3.341678e-05	1
11	rs2074013	2281231	0	6.104556e-04	2.129532e-05	1
11	rs2074021	2323528	0	-6.475955e-04	-2.235124e-05	1
11	rs2074022	2324041	0	-5.034274e-04	-1.773859e-05	1
11	rs2074236	2439621	0	2.917380e-04	9.209681e-06	1
11	rs2075873	2482555	0	-3.797105e-04	-1.346447e-05	1
11	rs2077078	2322136	0	5.114829e-04	1.744967e-05	1
11	rs2077113	2326657	0	-4.820194e-04	-1.654073e-05	1
11	rs2089908	1873950	0	-9.096567e-04	-3.088931e-05	1
11	rs2089909	1874266	0	-6.187465e-04	-2.040789e-05	1
11	rs2089910	1874404	0	-6.782638e-04	-2.247384e-05	1
11	rs2097686	2383401	0	-5.258292e-05	-1.741775e-06	1
11	rs2106603	2299577	0	-2.406293e-04	-7.644795e-06	1
11	rs2106604	2341157	0	1.619526e-04	5.381454e-06	1
11	rs2106606	2357563	0	-1.680081e-04	-5.520370e-06	1
11	rs2137320	1884342	0	-6.165286e-04	-1.970571e-05	1
11	rs2137322	1917354	0	4.097535e-04	1.279179e-05	1
11	rs2139976	1836208	0	-5.490750e-04	-1.777771e-05	1
11	rs2157980	2360072	0	-3.243841e-04	-1.027151e-05	1
11	rs2173887	2357128	0	-1.870262e-05	-5.821362e-07	1
11	rs2173888	2357108	0	-1.246875e-04	-4.087476e-06	1
11	rs217714	2011512	32	-2.261191e-04	-6.728604e-06	1
11	rs217719	1995223	30	5.307957e-04	1.698222e-05	1
11	rs2230949	2154188	0	4.596107e-04	1.625885e-05	1
11	rs2234278	2423913	0	1.313777e-04	4.710693e-06	1
11	rs2234279	2424541	0	5.731564e-05	1.981132e-06	1
11	rs2234290	2323619	0	2.427957e-04	7.633078e-06	1
11	rs2234297	2330077	0	-4.616686e-04	-1.548069e-05	1
11	rs2234307	2337650	0	-3.413360e-04	-1.233654e-05	1
11	rs2234308	2337693	0	4.716760e-04	1.635642e-05	1
11	rs2234310	2338038	0	2.050085e-04	7.239671e-06	1
11	rs2234315	2339041	0	2.050085e-04	7.239671e-06	1
11	rs2237859	2328364	0	-2.469633e-04	-8.337023e-06	1
11	rs2237860	2328693	0	-1.233769e-04	-4.282447e-06	1
11	rs2237861	2328707	0	-1.101543e-04	-3.812882e-06	1
11	rs2237862	2328795	0	5.060803e-04	1.787594e-05	1
11	rs2239681	2167981	0	-8.239729e-05	-2.683829e-06	1
11	rs2244891	2319355	0	-1.158144e-03	-4.025507e-05	1
11	rs2251711	2331053	0	-1.939601e-04	-6.740789e-06	1
11	rs2271439	1901467	0	5.976586e-04	2.004668e-05	1
11	rs2271440	1902954	2	5.543779e-04	2.010264e-05	1
11	rs2283148	2409250	0	-3.875568e-04	-1.257837e-05	1
11	rs2285567	2288803	0	2.142355e-07	-4.551996e-09	1
11	rs2285568	2321899	0	1.478432e-04	5.222038e-06	1
11	rs2292473	1950906	0	1.936738e-04	6.452174e-06	1
11	rs2301698	2437425	0	-1.434748e-04	-4.510759e-06	1
11	rs2412114	2305186	0	-1.090913e-04	-3.458955e-06	1
11	rs2412115	2305141	0	-1.072221e-04	-3.393567e-06	1
11	rs2412116	2305083	0	4.637645e-05	1.410085e-06	1
11	rs2412117	2305012	0	-2.578616e-04	-8.203835e-06	1
11	rs2412118	2304979	0	-2.961929e-04	-9.450533e-06	1
11	rs2412119	2304800	0	-2.543202e-04	-8.093573e-06	1
11	rs2521240	2373102	0	-3.922905e-04	-1.231164e-05	1
11	rs2521259	2306339	0	6.300630e-04	2.012237e-05	1
11	rs2521267	2319933	0	-6.387424e-04	-2.050156e-05	1
11	rs2521270	2325108	0	-4.419957e-04	-1.512604e-05	1
11	rs2521271	2325868	0	-6.053409e-04	-2.082930e-05	1
11	rs2521272	2327151	0	-4.419957e-04	-1.512603e-05	1
11	rs2521273	2330400	0	-1.939601e-04	-6.740783e-06	1
11	rs2521274	2330479	0	-1.939601e-04	-6.740782e-06	1
11	rs2521275	2330563	0	-3.871470e-04	-1.293884e-05	1
11	rs2521276	2330977	0	-1.939601e-04	-6.740778e-06	1
11	rs2521278	2331096	0	-1.939601e-04	-6.740778e-06	1
11	rs2521279	2331214	0	-1.939601e-04	-6.740777e-06	1
11	rs2521280	2331307	0	-1.750948e-04	-6.071551e-06	1
11	rs2521281	2331444	0	-6.128894e-04	-2.080313e-05	1
11	rs2521282	2339737	0	4.202465e-05	1.399819e-06	1
11	rs2521283	2341572	0	4.202465e-05	1.399821e-06	1
11	rs2521284	2341677	0	4.202465e-05	1.399824e-06	1
11	rs2521285	2341836	0	-1.846153e-04	-5.964746e-06	1
11	rs2521286	2341971	0	4.202465e-05	1.399830e-06	1
11	rs2521287	2342356	0	-3.348184e-04	-1.068251e-05	1
11	rs2521288	2342763	0	1.619526e-04	5.381508e-06	1
11	rs2521289	2343016	0	7.423361e-05	2.420624e-06	1
11	rs2521291	2344876	0	5.375282e-05	1.788896e-06	1
11	rs2521292	2345948	0	1.732092e-04	5.719449e-06	1
11	rs2521294	2348778	0	2.911789e-04	9.726930e-06	1
11	rs2521295	2348860	0	1.689660e-04	5.568850e-06	1
11	rs2521296	2348907	0	3.027757e-04	1.012312e-05	1
11	rs2521297	2349756	0	-2.338355e-04	-7.415213e-06	1
11	rs2521298	2349795	0	-2.879684e-04	-9.087070e-06	1
11	rs2521300	2359132	0	-2.542286e-04	-8.013576e-06	1
11	rs2585	2150444	0	3.360983e-04	1.087851e-05	1
11	rs2651779	2344270	0	5.375282e-05	1.788919e-06	1
11	rs2651780	2345261	0	4.496007e-05	1.491529e-06	1
11	rs2651781	2345677	0	5.375282e-05	1.788922e-06	1
11	rs2651783	2345890	0	1.732092e-04	5.719476e-06	1
11	rs2651784	2347549	0	1.420233e-04	4.718189e-06	1
11	rs2651791	2358554	0	-2.216594e-05	-7.151783e-07	1
11	rs2651792	2358027	0	1.422077e-04	4.609658e-06	1
11	rs2651793	2357771	0	-4.702263e-04	-1.500881e-05	1
11	rs2651794	2356769	0	4.326130e-06	1.577513e-07	1
11	rs2651795	2356603	0	-5.950289e-05	-1.937469e-06	1
11	rs2651797	2354598	0	-4.109804e-04	-1.307983e-05	1
11	rs2651800	2352748	0	-2.518473e-04	-7.945284e-06	1
11	rs2651802	2350322	0	-1.783309e-04	-5.652415e-06	1
11	rs2651803	2349462	0	-2.338355e-04	-7.415139e-06	1
11	rs2651804	2348619	0	2.911789e-04	9.726991e-06	1
11	rs2651807	2378840	0	1.650270e-04	5.429957e-06	1
11	rs2651811	2376637	0	9.984411e-06	3.352841e-07	1
11	rs2651817	2371054	0	-3.219030e-04	-1.019094e-05	1
11	rs2651819	2327188	0	-4.419957e-04	-1.512598e-05	1
11	rs2651821	2330930	0	-1.939601e-04	-6.740729e-06	1
11	rs2651823	2321650	0	8.175031e-05	2.563687e-06	1
11	rs2651838	2319531	0	3.374296e-06	9.721287e-08	1
11	rs2651842	2401665	0	-4.817296e-04	-1.599919e-05	1
11	rs2651843	2341732	0	-1.846153e-04	-5.964636e-06	1
11	rs2651844	2341861	0	-1.636495e-04	-5.282617e-06	1
11	rs2668848	2003020	17	-8.781904e-04	-2.726150e-05	1
11	rs2668858	1957021	0	3.477257e-04	1.161486e-05	1
11	rs2668870	1942170	0	3.547515e-05	1.234496e-06	1
11	rs2685284	1878073	0	-8.886007e-04	-2.956019e-05	1
11	rs2734510	1948961	0	2.861777e-04	8.973565e-06	1
11	rs2735466	2002975	15	-7.769455e-04	-2.394921e-05	1
11	rs28429637	2312344	3	-8.195363e-05	-2.967988e-06	1
11	rs28454099	2354215	0	-1.241555e-04	-3.865582e-06	1
11	rs28482372	1962586	0	-1.154183e-05	-4.098401e-07	1
11	rs28574682	2148157	1	3.053218e-04	9.807101e-06	1
11	rs28971510	1914975	0	-4.468640e-04	-1.395862e-05	1
11	rs2898889	2295768	0	-1.859945e-04	-5.761443e-06	1
11	rs2937373	2358621	0	4.271937e-05	1.421380e-06	1
11	rs3168310	2152541	0	4.009715e-04	1.301768e-05	1
11	rs3213221	2157044	0	-7.956676e-06	-2.492088e-07	1
11	rs3213225	2156536	0	7.764322e-05	2.440602e-06	1
11	rs3213229	2155876	0	3.079419e-04	1.073593e-05	1
11	rs3213232	2154964	0	7.484016e-04	2.665840e-05	1
11	rs34273392	2472744	0	4.608459e-04	1.610414e-05	1
11	rs34350821	2438963	0	9.300528e-05	3.203746e-06	1
11	rs34364959	2432666	0	2.510180e-04	8.739183e-06	1
11	rs34740827	1834306	0	-1.747589e-04	-5.645465e-06	1
11	rs34989321	2232544	0	3.514477e-04	1.240594e-05	1
11	rs35197079	2464044	0	1.203409e-04	4.020278e-06	1
11	rs35241556	1891886	0	5.275052e-04	1.913785e-05	1
11	rs35506085	2165576	0	1.407373e-05	4.770814e-07	1
11	rs369617453	2354579	0	3.498180e-04	1.238090e-05	1
11	rs3741204	2169908	0	-4.872954e-04	-1.564966e-05	1
11	rs3741205	2169884	0	-3.400599e-06	-1.049775e-07	1
11	rs3741206	2169864	0	3.831882e-04	1.232155e-05	1
11	rs3741210	2169540	0	1.646219e-04	5.316564e-06	1
11	rs3741211	2169110	0	-4.886414e-04	-1.569434e-05	1
11	rs3741222	1946092	0	3.392253e-04	1.101107e-05	1
11	rs3741229	1857930	0	9.715751e-04	3.191414e-05	1
11	rs3741230	1857762	0	3.294454e-04	1.132233e-05	1
11	rs377756542	2354283	0	4.238198e-04	1.505016e-05	1
11	rs3781952	1949187	0	1.397565e-05	4.510602e-07	1
11	rs3781953	1949184	0	3.918976e-04	1.234855e-05	1
11	rs3781956	1945884	0	4.424880e-05	1.425739e-06	1
11	rs3781957	1945807	0	-1.099104e-05	-3.935585e-07	1
11	rs3781961	1907687	0	-8.433023e-04	-2.708498e-05	1
11	rs3781962	1907609	0	-1.428509e-03	-5.033912e-05	1
11	rs3781963	1907422	0	4.376702e-04	1.499285e-05	1
11	rs3802971	2152052	0	-1.509767e-05	-5.165535e-07	1
11	rs3815062	2428675	0	-6.359070e-04	-2.191673e-05	1
11	rs3817197	1906174	0	-5.967363e-04	-1.881057e-05	1
11	rs3817198	1909006	0	8.173533e-04	2.696356e-05	1
11	rs3842729	2184336	0	-3.400413e-04	-1.128438e-05	1
11	rs3842748	2181395	0	3.323200e-04	1.067770e-05	1
11	rs3842752	2181073	0	-3.286584e-04	-1.088997e-05	1
11	rs3842754	2180845	0	-3.947582e-04	-1.311432e-05	1
11	rs3842755	2180796	0	-3.164060e-04	-1.046862e-05	1
11	rs3842756	2180772	0	-3.164060e-04	-1.046862e-05	1
11	rs3842762	2179313	0	-1.932351e-04	-6.838225e-06	1
11	rs3892553	2440508	0	5.850875e-04	1.875402e-05	1
11	rs3934904	2220940	0	-3.875649e-05	-1.349154e-06	1
11	rs3986598	2440496	0	5.737251e-04	1.875162e-05	1
11	rs3986599	2439542	0	6.026547e-04	1.973011e-05	1
11	rs4072824	2187439	0	7.915105e-04	2.592174e-05	1
11	rs4073823	2231363	0	7.113636e-04	2.524350e-05	1
11	rs4076054	2231341	0	-3.223247e-04	-1.059449e-05	1
11	rs4076542	2237219	0	-5.968021e-04	-1.929884e-05	1
11	rs4077456	2230152	0	-3.911454e-04	-1.287150e-05	1
11	rs4077457	2230354	0	-3.833759e-04	-1.261112e-05	1
11	rs4130433	2262357	0	2.297333e-04	7.667279e-06	1
11	rs4130434	2262147	0	-8.126769e-04	-2.634170e-05	1
11	rs4244809	2164333	0	-2.295223e-05	-7.484405e-07	1
11	rs4244810	2440041	0	3.469601e-04	1.094717e-05	1
11	rs4261262	2148896	0	3.428730e-04	1.107260e-05	1
11	rs4261263	2148771	0	-2.181827e-04	-6.837813e-06	1
11	rs4264135	1920285	0	1.559733e-04	4.959738e-06	1
11	rs4320932	2171601	0	3.080308e-05	1.025746e-06	1
11	rs4320954	2254644	0	-8.799261e-04	-3.096411e-05	1
11	rs4335552	2262440	0	-5.568839e-04	-1.797972e-05	1
11	rs4341514	2141603	0	-8.268435e-04	-2.668946e-05	1
11	rs4393314	2249854	0	-2.244407e-04	-6.972706e-06	1
11	rs4430511	2250889	0	-8.799261e-04	-3.096411e-05	1
11	rs4438011	2123408	0	-5.420938e-04	-1.719721e-05	1
11	rs4483573	2122284	0	1.358197e-04	4.346041e-06	1
11	rs4506651	2259087	0	-8.874923e-04	-2.861513e-05	1
11	rs4515944	1836097	0	3.625477e-05	1.209192e-06	1
11	rs4592397	2129578	0	4.841771e-04	1.725283e-05	1
11	rs4595544	2250713	0	-1.020204e-03	-3.352098e-05	1
11	rs4601751	2126229	0	1.354428e-04	4.371643e-06	1
11	rs4644645	2250149	0	-5.652405e-04	-1.928129e-05	1
11	rs474016	1878574	0	-8.804583e-04	-2.925142e-05	1
11	rs4752759	1818095	0	2.814168e-04	9.070192e-06	1
11	rs4752760	1819312	0	2.832505e-04	9.129883e-06	1
11	rs477476	1873482	0	-6.174474e-04	-2.055395e-05	1
11	rs484955	1858262	0	-7.703178e-04	-2.698521e-05	1
11	rs491040	1956338	0	2.128821e-04	6.921508e-06	1
11	rs4929955	2087412	0	-2.771847e-04	-8.682215e-06	1
11	rs4929957	2128309	0	-6.284018e-04	-2.003485e-05	1
11	rs4929958	2146053	0	1.868510e-04	6.011514e-06	1
11	rs4929963	2169660	0	-4.757736e-04	-1.713637e-05	1
11	rs4929964	2197132	0	-4.907063e-04	-1.569663e-05	1
11	rs4929965	2197286	0	-1.714396e-04	-5.337124e-06	1
11	rs4929966	2197436	0	-1.000814e-04	-3.247696e-06	1
11	rs4929968	2277688	0	2.435782e-04	8.031857e-06	1
11	rs4929970	2294899	0	-1.257098e-03	-4.495653e-05	1
11	rs4929971	2298259	0	7.494211e-04	2.659806e-05	1
11	rs4929972	2300717	0	-1.813766e-04	-5.742149e-06	1
11	rs4929973	2300747	0	7.494211e-04	2.659805e-05	1
11	rs4929974	2300801	0	-1.813766e-04	-5.742148e-06	1
11	rs4929975	2319303	0	1.599731e-04	5.325993e-06	1
11	rs4929976	2319505	0	6.630495e-04	2.246620e-05	1
11	rs4929980	2435931	0	2.359103e-05	7.293629e-07	1
11	rs4929982	2435956	0	4.298883e-04	1.358746e-05	1
11	rs4929986	2459715	0	5.889328e-05	1.946748e-06	1
11	rs4930030	2087220	0	-2.771847e-04	-8.682208e-06	1
11	rs4930031	2087911	0	1.307483e-04	4.323987e-06	1
11	rs4930032	2088229	0	-2.319730e-04	-7.298372e-06	1
11	rs4930034	2096707	0	-5.941039e-05	-1.836250e-06	1
11	rs4930035	2099854	0	3.741279e-05	1.177208e-06	1
11	rs4930039	2135590	0	2.493808e-04	8.039393e-06	1
11	rs4930043	2189983	0	-9.347439e-04	-3.137185e-05	1
11	rs4930044	2196349	0	-4.899575e-04	-1.566131e-05	1
11	rs4930045	2196424	0	-6.772273e-04	-2.186219e-05	1
11	rs4930046	2197148	0	-6.314289e-04	-2.000598e-05	1
11	rs4930051	2237567	0	-5.728898e-04	-1.844684e-05	1
11	rs4930052	2237589	0	1.047177e-04	3.699569e-06	1
11	rs4930054	2239964	0	-8.375002e-04	-3.067848e-05	1
11	rs4930055	2240160	0	-8.375002e-04	-3.067848e-05	1
11	rs4930057	2249238	0	4.276151e-04	1.511485e-05	1
11	rs4930058	2263913	0	2.754854e-04	9.209832e-06	1
11	rs4930059	2266487	0	2.297333e-04	7.667271e-06	1
11	rs4930063	2283007	0	-1.511676e-03	-5.813083e-05	1
11	rs4930064	2283039	0	-1.537736e-03	-5.948507e-05	1
11	rs4930065	2287692	0	4.662731e-04	1.619585e-05	1
11	rs4930066	2294908	0	-1.291066e-03	-4.636453e-05	1
11	rs4930067	2297586	0	-1.313717e-04	-4.156907e-06	1
11	rs4930068	2297615	0	-1.348932e-04	-4.271497e-06	1
11	rs4930069	2297856	0	7.494211e-04	2.659804e-05	1
11	rs4930070	2297876	0	7.494211e-04	2.659804e-05	1
11	rs4930071	2300682	0	-2.066613e-04	-6.562853e-06	1
11	rs4930072	2302584	0	-2.066613e-04	-6.562850e-06	1
11	rs4930073	2302734	0	-2.810151e-04	-8.945108e-06	1
11	rs4930077	2319488	0	7.124991e-04	2.423767e-05	1
11	rs4930080	2334039	0	1.527829e-04	5.303512e-06	1
11	rs4930081	2339822	0	2.763901e-04	9.412922e-06	1
11	rs4930084	2352526	0	3.182387e-04	1.069093e-05	1
11	rs4930090	2372177	0	-3.580971e-04	-1.150688e-05	1
11	rs4930091	2372356	0	-3.860928e-04	-1.201861e-05	1
11	rs4930102	2435809	0	-1.065840e-04	-3.360398e-06	1
11	rs4980378	1962279	0	-2.206549e-04	-6.889872e-06	1
11	rs4980379	1888614	0	-6.525040e-04	-2.097732e-05	1
11	rs4980383	1902097	0	2.586545e-04	8.124157e-06	1
11	rs4980384	1901847	0	3.741599e-04	1.325566e-05	1
11	rs4980385	1895918	0	-5.992400e-04	-2.035495e-05	1
11	rs4980386	1895708	0	3.620210e-04	1.144320e-05	1
11	rs4980387	1893851	1	-4.140741e-04	-1.315384e-05	1
11	rs4980388	1893104	9	2.313974e-04	7.476077e-06	1
11	rs4980389	1892585	0	2.994087e-04	9.458680e-06	1
11	rs4980391	1889102	0	-3.931510e-04	-1.327766e-05	1
11	rs4980392	1883855	0	-8.767423e-04	-2.880699e-05	1
11	rs4980393	1883829	0	-8.767423e-04	-2.880698e-05	1
11	rs4980398	1870211	0	6.476818e-04	2.074505e-05	1
11	rs501124	1890810	0	-1.989815e-04	-6.546845e-06	1
11	rs5013907	1899899	0	3.399445e-05	1.154910e-06	1
11	rs509239	1885117	0	-6.866075e-04	-2.212533e-05	1
11	rs513735	1956212	0	3.477257e-04	1.161488e-05	1
11	rs517101	1912296	0	-3.867976e-04	-1.202597e-05	1
11	rs536462	1902635	0	4.831732e-04	1.733510e-05	1
11	rs540710	1947575	0	1.129353e-05	3.820017e-07	1
11	rs542362	1947425	0	-2.237046e-04	-7.031108e-06	1
11	rs542605	1912726	0	-7.423571e-04	-2.357962e-05	1
11	rs548195	1913377	0	3.788542e-04	1.366556e-05	1
11	rs55645121	2131693	0	7.390826e-04	2.655454e-05	1
11	rs55648810	2324347	0	6.020057e-04	2.023189e-05	1
11	rs55699011	1890743	0	4.776375e-04	1.720764e-05	1
11	rs55719860	2307650	0	-3.436370e-04	-1.226054e-05	1
11	rs55724810	2259499	0	2.394963e-04	8.188872e-06	1
11	rs55751358	2275125	0	9.155378e-05	3.106184e-06	1
11	rs55766040	2210430	0	5.746087e-04	2.056355e-05	1
11	rs55766538	2272717	0	4.117386e-05	1.391578e-06	1
11	rs55840650	1879326	0	2.449671e-04	7.834667e-06	1
11	rs55842337	1831979	0	1.354632e-04	4.474572e-06	1
11	rs55888004	2134709	0	3.204594e-04	1.146879e-05	1
11	rs55896160	2435545	0	-2.351298e-05	-7.619048e-07	1
11	rs55896250	2146904	0	5.621987e-04	1.990502e-05	1
11	rs55930300	2292080	0	-1.303343e-03	-4.710705e-05	1
11	rs55936910	2260076	0	3.792132e-04	1.319553e-05	1
11	rs55947401	2352407	0	-1.179107e-04	-4.166994e-06	1
11	rs55970134	1835021	0	1.354632e-04	4.474575e-06	1
11	rs55992644	2126553	0	4.308441e-04	1.529458e-05	1
11	rs56012103	2273557	0	7.909180e-05	2.678990e-06	1
11	rs56014530	1876157	0	2.304902e-04	7.361259e-06	1
11	rs56024612	1905653	0	3.225651e-04	1.113465e-05	1
11	rs56122367	1952004	0	1.669766e-04	5.477866e-06	1
11	rs56147274	2147533	0	4.007927e-04	1.404361e-05	1
11	rs56204981	2094852	0	-2.485760e-04	-8.067395e-06	1
11	rs562434	1892930	0	-2.780906e-04	-8.770097e-06	1
11	rs56295849	1832020	0	1.354632e-04	4.474577e-06	1
11	rs56311539	1816728	0	-3.597833e-04	-1.263239e-05	1
11	rs56344095	1873232	0	8.810347e-05	2.785696e-06	1
11	rs56377341	2208668	0	1.006248e-03	3.557671e-05	1
11	rs56398609	2295849	0	-9.831099e-04	-3.393312e-05	1
11	rs56403874	2478432	0	4.466833e-04	1.421887e-05	1
11	rs56742943	2358080	0	-1.053489e-04	-3.723747e-06	1
11	rs567602	1880476	0	-9.383168e-04	-3.093773e-05	1
11	rs56900433	2352326	0	-1.179107e-04	-4.166996e-06	1
11	rs569550	1887068	0	-5.384621e-05	-1.654883e-06	1
11	rs571122	1880811	0	-8.946140e-04	-2.926386e-05	1
11	rs57209236	1892343	0	-4.153316e-04	-1.495261e-05	1
11	rs57214763	1891974	0	-8.179631e-05	-2.868120e-06	1
11	rs57292968	2130717	1	4.150249e-04	1.451078e-05	1
11	rs57344881	1856344	0	6.476789e-04	2.303273e-05	1
11	rs576603	1914139	0	-3.980553e-04	-1.251370e-05	1
11	rs57670354	1896935	0	-5.522340e-04	-1.972791e-05	1
11	rs57739880	2319797	0	6.630495e-04	2.246618e-05	1
11	rs57927529	1942973	0	5.925762e-04	2.037322e-05	1
11	rs58272422	2447037	0	1.770780e-04	6.265563e-06	1
11	rs58282058	1919655	0	2.425217e-04	8.663775e-06	1
11	rs585088	1956365	0	3.205321e-04	1.067437e-05	1
11	rs58562468	2152755	1	3.968785e-04	1.396557e-05	1
11	rs58573134	2271975	0	9.427963e-05	3.190758e-06	1
11	rs58590102	2358155	0	-1.053489e-04	-3.723750e-06	1
11	rs587074	1881071	0	-9.044921e-04	-2.965232e-05	1
11	rs58762251	2289199	0	1.072714e-03	3.860870e-05	1
11	rs587961	1881256	0	-2.519329e-04	-7.987912e-06	1
11	rs588321	1896957	0	1.310686e-04	4.129669e-06	1
11	rs58833930	2325997	0	6.514636e-04	2.253451e-05	1
11	rs58897260	2278110	0	-8.709377e-05	-2.969502e-06	1
11	rs58978317	2120805	0	5.221478e-04	1.845028e-05	1
11	rs59038522	2108997	0	-7.042992e-04	-2.492017e-05	1
11	rs59142021	2299978	0	7.014734e-04	2.480863e-05	1
11	rs592373	1890990	0	-1.759488e-04	-5.461250e-06	1
11	rs59671532	2085855	0	3.671583e-04	1.255866e-05	1
11	rs599774	1878636	0	-8.594925e-04	-2.849676e-05	1
11	rs60013742	2270902	0	1.087196e-04	3.687186e-06	1
11	rs60042129	2214016	0	8.276312e-04	2.773447e-05	1
11	rs60289008	2233262	0	-1.324676e-04	-4.591447e-06	1
11	rs60299329	2391244	0	-2.818961e-04	-9.842913e-06	1
11	rs603073	1877847	0	-8.497507e-04	-2.815609e-05	1
11	rs60503252	1926217	0	2.425217e-04	8.663774e-06	1
11	rs60835808	2279249	1	3.109732e-04	1.087700e-05	1
11	rs60918750	2238974	0	6.983693e-04	2.398087e-05	1
11	rs60923266	1999705	16	9.133313e-05	3.293085e-06	1
11	rs60955897	2352356	0	4.016604e-04	1.381187e-05	1
11	rs60999241	2110046	0	-3.326163e-04	-1.164717e-05	1
11	rs61031373	2360146	0	-5.732685e-05	-2.026803e-06	1
11	rs61231348	1999664	14	8.660804e-05	3.122632e-06	1
11	rs61260209	1931412	0	1.615837e-04	5.808918e-06	1
11	rs61308983	2130605	0	4.882295e-04	1.735896e-05	1
11	rs61433759	1919208	0	2.961005e-04	1.054745e-05	1
11	rs61744929	2325427	0	6.310760e-05	2.271370e-06	1
11	rs61867114	1839675	0	-7.358128e-04	-2.575394e-05	1
11	rs61867115	1839910	0	-7.358128e-04	-2.575394e-05	1
11	rs61867116	1840045	0	-6.585572e-04	-2.296712e-05	1
11	rs61867117	1843217	0	-7.358128e-04	-2.575393e-05	1
11	rs61867118	1843295	0	-6.902692e-04	-2.406821e-05	1
11	rs61868361	2065765	0	2.919568e-04	9.339178e-06	1
11	rs61868362	2065900	0	2.919568e-04	9.339177e-06	1
11	rs61868760	1876867	0	1.245799e-04	3.972708e-06	1
11	rs61868761	1876945	0	1.845327e-04	5.887959e-06	1
11	rs61868776	1890321	0	-1.111254e-04	-3.608223e-06	1
11	rs61868778	1891319	0	-1.396822e-05	-4.642498e-07	1
11	rs61868779	1891587	0	2.277722e-04	8.132928e-06	1
11	rs61868780	1894039	0	1.860727e-04	6.639499e-06	1
11	rs61868797	1900701	0	4.668218e-04	1.565999e-05	1
11	rs61868801	1907421	0	1.826528e-04	6.175706e-06	1
11	rs61868802	1925953	0	1.743793e-04	5.549579e-06	1
11	rs61868803	1930201	0	2.146802e-04	7.678327e-06	1
11	rs61868804	1932889	0	1.175256e-04	4.230615e-06	1
11	rs61868805	1938884	0	2.000441e-04	7.162431e-06	1
11	rs61868806	1941395	0	2.827839e-04	1.007033e-05	1
11	rs61868808	1949836	0	3.281683e-04	1.189567e-05	1
11	rs61869053	1818627	0	1.664548e-04	5.518161e-06	1
11	rs61871274	2207877	0	-1.232341e-03	-4.458110e-05	1
11	rs61871560	2320349	0	7.611279e-04	2.582025e-05	1
11	rs61871577	2327511	0	2.611607e-06	9.387326e-08	1
11	rs61871602	2341320	0	5.286314e-05	1.844040e-06	1
11	rs61871633	2366260	0	-4.869247e-05	-1.685803e-06	1
11	rs61873063	2280211	0	6.104556e-04	2.129524e-05	1
11	rs61873064	2284519	0	3.420267e-04	1.194926e-05	1
11	rs61873085	2292550	0	4.732817e-04	1.629351e-05	1
11	rs61873114	2318393	0	1.633246e-04	5.553963e-06	1
11	rs61873115	2318964	0	1.599731e-04	5.325960e-06	1
11	rs61873488	2455798	0	-5.772080e-05	-1.961593e-06	1
11	rs61873489	2456275	0	1.530366e-04	5.480328e-06	1
11	rs620315	1902475	0	-1.048655e-03	-3.493131e-05	1
11	rs620330	1902485	0	-1.041397e-03	-3.694548e-05	1
11	rs621679	1902768	3	-1.193147e-03	-4.047735e-05	1
11	rs622173	1886147	0	-4.757742e-04	-1.621767e-05	1
11	rs62636895	2217945	0	-3.061739e-05	-1.069350e-06	1
11	rs629781	1911890	0	3.788542e-04	1.366556e-05	1
11	rs629990	1950302	0	2.294490e-04	7.657390e-06	1
11	rs6356	2190951	0	-6.880815e-05	-2.149811e-06	1
11	rs6357	2188238	0	-1.159567e-03	-3.997745e-05	1
11	rs643753	1949470	0	-1.758766e-04	-5.516691e-06	1
11	rs6578246	2245345	0	-8.375002e-04	-3.067846e-05	1
11	rs6578247	2250850	0	-8.375002e-04	-3.067845e-05	1
11	rs6578248	2251049	0	-8.375002e-04	-3.067845e-05	1
11	rs6578249	2262545	0	2.505547e-05	8.164422e-07	1
11	rs6578250	2262639	0	5.465948e-05	1.787699e-06	1
11	rs6578252	2270241	0	8.349894e-04	2.954047e-05	1
11	rs6578255	2283011	0	1.583135e-04	5.337496e-06	1
11	rs6578256	2283017	0	1.583135e-04	5.337495e-06	1
11	rs6578257	2283089	0	1.949890e-04	6.579875e-06	1
11	rs6578259	2298375	0	-1.517903e-05	-4.800721e-07	1
11	rs6578853	1853586	0	7.067788e-05	2.321549e-06	1
11	rs6578952	1947789	0	3.334852e-04	1.089465e-05	1
11	rs6578973	2090336	0	-4.068752e-04	-1.341569e-05	1
11	rs6578974	2095733	0	-4.271210e-04	-1.474206e-05	1
11	rs6578975	2095799	2	-5.272422e-04	-1.717333e-05	1
11	rs6578976	2095968	0	-5.178817e-04	-1.685150e-05	1
11	rs6578977	2101804	0	-4.119199e-04	-1.337323e-05	1
11	rs6578979	2111509	0	-3.761362e-04	-1.251958e-05	1
11	rs6578985	2138139	0	1.790084e-04	5.758658e-06	1
11	rs6578986	2138152	0	1.187183e-04	3.803733e-06	1
11	rs6578987	2141586	0	1.790084e-04	5.758656e-06	1
11	rs6578993	2201163	0	-9.136012e-04	-3.209796e-05	1
11	rs6578997	2220414	0	-3.875649e-05	-1.349178e-06	1
11	rs6578999	2231774	0	1.576128e-05	5.383387e-07	1
11	rs6579000	2232042	0	-2.569947e-04	-8.433370e-06	1
11	rs6579002	2232229	0	-9.601000e-06	-2.996029e-07	1
11	rs6579003	2232310	0	-1.886997e-05	-6.060256e-07	1
11	rs66754298	2233485	0	-2.339805e-04	-7.672960e-06	1
11	rs67186729	2233549	0	-1.213185e-04	-3.850537e-06	1
11	rs67225004	2211162	0	7.532749e-04	2.526429e-05	1
11	rs673791	1885025	0	-4.760262e-04	-1.516447e-05	1
11	rs67379609	2233630	0	-1.213185e-04	-3.850524e-06	1
11	rs67439072	2449620	0	-9.789984e-06	-3.278840e-07	1
11	rs67482701	2188436	0	-7.892778e-04	-2.601761e-05	1
11	rs676581	1873367	0	-5.544467e-04	-1.837712e-05	1
11	rs67664751	2081917	3	1.377101e-04	4.564407e-06	1
11	rs67751613	2472775	0	6.522688e-04	2.305569e-05	1
11	rs67798996	2233603	0	-8.954504e-05	-2.832184e-06	1
11	rs67832597	2472124	0	3.722250e-04	1.292923e-05	1
11	rs67957462	2212448	0	8.004370e-04	2.670910e-05	1
11	rs680	2153634	0	5.615345e-04	1.842746e-05	1
11	rs68037604	2212487	0	8.004370e-04	2.670909e-05	1
11	rs68066405	2208369	0	5.900259e-04	1.931058e-05	1
11	rs686722	1891722	0	-4.110201e-04	-1.303472e-05	1
11	rs688601	1891284	0	-1.987061e-05	-6.090361e-07	1
11	rs708152	2384348	0	-5.258292e-05	-1.741631e-06	1
11	rs708153	2384492	0	4.109400e-05	1.363840e-06	1
11	rs708154	2396666	0	-9.840466e-05	-3.304907e-06	1
11	rs708155	2396995	0	-5.508016e-04	-1.836747e-05	1
11	rs7101841	1808906	0	1.932018e-04	6.754361e-06	1
11	rs7102385	2092999	0	-2.133598e-04	-7.452107e-06	1
11	rs7102920	1917872	0	-3.934265e-04	-1.223159e-05	1
11	rs7104239	2238805	0	2.597109e-04	8.133123e-06	1
11	rs7104786	2306168	0	-1.024630e-03	-3.447035e-05	1
11	rs7105456	2446951	0	5.835643e-04	1.848361e-05	1
11	rs7105710	1918083	0	-5.837466e-04	-1.831206e-05	1
11	rs7107076	2094303	0	-2.210158e-04	-7.147462e-06	1
11	rs7107385	2214804	0	6.771795e-04	2.320912e-05	1
11	rs7107390	2214811	0	8.785499e-04	2.961460e-05	1
11	rs7107701	2149625	0	3.428730e-04	1.107260e-05	1
11	rs7107784	2215089	0	-1.281547e-03	-4.437268e-05	1
11	rs7108526	1811058	0	1.176990e-03	3.998108e-05	1
11	rs7108898	2330518	0	4.984192e-04	1.771886e-05	1
11	rs7109219	2233041	0	-1.213185e-04	-3.850475e-06	1
11	rs7109339	2140530	0	-8.274457e-04	-2.684102e-05	1
11	rs7109474	2233219	0	-2.339805e-04	-7.672901e-06	1
11	rs7109523	2247267	0	-1.596937e-04	-4.977173e-06	1
11	rs7109777	2233451	0	-1.213185e-04	-3.850463e-06	1
11	rs7110269	2353193	0	4.391679e-04	1.567252e-05	1
11	rs7110663	2470750	0	-8.863190e-05	-2.983364e-06	1
11	rs7110836	2212765	0	8.145288e-04	2.721510e-05	1
11	rs7111341	2213166	0	8.456493e-04	2.834188e-05	1
11	rs7111447	2163932	0	5.187427e-05	1.796350e-06	1
11	rs7111503	2097671	0	-2.897937e-04	-1.010474e-05	1
11	rs7112097	2268012	0	1.373797e-04	4.956896e-06	1
11	rs7112452	2140578	0	-8.926989e-04	-2.897726e-05	1
11	rs7112534	2218981	0	2.246382e-04	7.635106e-06	1
11	rs7112690	2386615	0	4.415857e-04	1.499200e-05	1
11	rs7112859	1877071	0	-8.263131e-04	-2.731708e-05	1
11	rs7112919	2330596	0	5.446307e-04	1.939420e-05	1
11	rs7112959	2233609	0	-1.213185e-04	-3.850439e-06	1
11	rs7113338	1816798	0	6.542350e-05	2.105347e-06	1
11	rs7113485	2145768	0	1.658852e-04	5.334251e-06	1
11	rs7114418	2228709	0	-2.657791e-04	-8.509893e-06	1
11	rs7114836	2229012	0	-3.384208e-04	-1.113284e-05	1
11	rs7114923	2296012	0	-1.269356e-04	-3.923667e-06	1
11	rs7115054	2140255	0	-3.023054e-05	-9.790916e-07	1
11	rs7115640	2194914	0	-2.489231e-04	-7.916843e-06	1
11	rs7116014	2378682	0	2.942110e-04	1.042693e-05	1
11	rs7116047	2386636	0	3.692259e-04	1.240630e-05	1
11	rs7116122	1959215	0	4.538166e-05	1.599266e-06	1
11	rs7117738	2142298	0	-8.443110e-04	-2.743218e-05	1
11	rs7118103	1830635	0	9.822092e-05	3.246173e-06	1
11	rs7119029	2385429	0	2.907443e-04	1.025887e-05	1
11	rs7119260	1956779	0	2.086186e-04	7.483815e-06	1
11	rs7119275	2194810	0	-9.022702e-05	-2.847427e-06	1
11	rs7120123	2373144	0	9.817848e-05	3.468246e-06	1
11	rs7120258	1938523	0	-3.681105e-05	-1.261644e-06	1
11	rs7121039	2232911	0	-2.339805e-04	-7.672858e-06	1
11	rs7121070	2065099	0	2.919568e-04	9.339185e-06	1
11	rs7121197	2213258	0	8.693677e-04	2.923134e-05	1
11	rs7121452	2233234	0	-2.339805e-04	-7.672849e-06	1
11	rs7122025	1816837	0	3.985372e-04	1.290167e-05	1
11	rs7122407	2238886	0	3.542911e-04	1.191943e-05	1
11	rs7122680	1875124	0	-5.588890e-04	-1.795180e-05	1
11	rs7123180	2232272	0	9.657820e-05	3.207881e-06	1
11	rs7123299	2232344	0	-3.477642e-05	-1.133635e-06	1
11	rs7123312	2232359	0	9.400866e-05	3.122358e-06	1
11	rs7123418	2232378	0	1.106700e-04	3.673794e-06	1
11	rs7124729	2218817	0	1.692264e-04	5.545114e-06	1
11	rs7125026	2233617	0	-1.213185e-04	-3.850387e-06	1
11	rs7125284	2214640	0	8.264230e-04	2.866700e-05	1
11	rs7125325	2066031	0	2.709910e-04	8.661503e-06	1
11	rs7126234	2244318	0	-3.512384e-04	-1.096589e-05	1
11	rs7126629	2228952	0	-3.261971e-04	-1.071481e-05	1
11	rs7126660	2353140	2	-2.726367e-06	-7.063848e-08	1
11	rs7126800	2202668	0	-1.311258e-03	-4.842606e-05	1
11	rs7126857	2229111	0	-3.356019e-04	-1.104882e-05	1
11	rs7127162	2229360	0	-3.753969e-04	-1.238200e-05	1
11	rs7127599	2233365	0	-2.339805e-04	-7.672812e-06	1
11	rs7127887	1830673	0	9.822092e-05	3.246176e-06	1
11	rs7128097	2195045	0	-5.885090e-04	-1.879527e-05	1
11	rs7128369	2387361	0	5.572753e-05	1.946400e-06	1
11	rs7129293	2212858	0	8.004370e-04	2.670894e-05	1
11	rs7130222	2090456	0	-1.645908e-04	-5.232234e-06	1
11	rs71455920	2226789	17	-4.047695e-04	-1.320222e-05	1
11	rs71455921	2233635	0	-1.213185e-04	-3.850350e-06	1
11	rs715178	2288602	0	4.984814e-04	1.743989e-05	1
11	rs715179	2288900	0	3.523321e-04	1.229633e-05	1
11	rs72479400	1907117	0	5.255344e-04	1.812334e-05	1
11	rs72479402	2080612	0	1.106118e-05	3.665813e-07	1
11	rs72482703	2099684	25	-3.880952e-04	-1.315207e-05	1
11	rs726220	2276694	0	-2.210855e-04	-7.079237e-06	1
11	rs72636997	2310033	0	-1.016613e-04	-3.606360e-06	1
11	rs72843905	1840686	0	3.625477e-05	1.209228e-06	1
11	rs72843910	1845042	0	-9.505977e-05	-3.384664e-06	1
11	rs72843914	1849349	0	-3.876462e-05	-1.266603e-06	1
11	rs72843928	1867936	0	4.284940e-04	1.528650e-05	1
11	rs72843943	1887518	0	5.760430e-05	1.925197e-06	1
11	rs72843945	1889406	0	4.202198e-04	1.515963e-05	1
11	rs72843946	1890571	0	1.254893e-06	4.201337e-08	1
11	rs72843951	1896404	0	8.107965e-05	2.709088e-06	1
11	rs72843956	1899775	0	1.088047e-04	3.642479e-06	1
11	rs72843957	1901165	0	3.486009e-04	1.235862e-05	1
11	rs72843959	1906291	0	6.766895e-04	2.199658e-05	1
11	rs72844107	2252493	0	4.808491e-04	1.745943e-05	1
11	rs72844110	2254333	0	4.808491e-04	1.745943e-05	1
11	rs72844119	2269112	0	-8.844096e-04	-3.111959e-05	1
11	rs72844136	2283497	0	-1.446800e-03	-5.510846e-05	1
11	rs72844139	2286348	0	-1.266334e-03	-4.534147e-05	1
11	rs72844141	2286960	0	-3.168137e-04	-1.122173e-05	1
11	rs72844143	2287484	0	2.008155e-04	6.997078e-06	1
11	rs72845741	2357894	0	4.236958e-04	1.517559e-05	1
11	rs72846724	1915558	0	-4.774903e-04	-1.485078e-05	1
11	rs72846727	1931121	0	2.449370e-04	8.754692e-06	1
11	rs72846728	1934655	0	1.431631e-04	5.145262e-06	1
11	rs72846734	1950657	0	-1.477883e-04	-5.282048e-06	1
11	rs72846736	1951565	0	-1.477883e-04	-5.282048e-06	1
11	rs72846739	1951972	0	-8.776399e-05	-3.135928e-06	1
11	rs72846743	1958016	0	-1.477883e-04	-5.282048e-06	1
11	rs72846755	1992590	17	6.283830e-04	2.246308e-05	1
11	rs72849261	2063133	0	-5.008955e-04	-1.729162e-05	1
11	rs72850975	1808283	0	-5.846719e-04	-2.074886e-05	1
11	rs72850976	1811297	0	-6.330682e-04	-2.253581e-05	1
11	rs72850978	1818173	0	-3.795019e-04	-1.334122e-05	1
11	rs72850979	1820339	0	-3.889496e-04	-1.367533e-05	1
11	rs72850982	1822488	0	-1.780268e-04	-6.410667e-06	1
11	rs72850984	1824460	0	3.543806e-04	1.244036e-05	1
11	rs72850986	1826996	0	-1.780268e-04	-6.410667e-06	1
11	rs72851023	2130620	0	-2.746426e-05	-9.601790e-07	1
11	rs72851024	2130928	0	-1.673635e-05	-5.991172e-07	1
11	rs72853954	2221765	0	3.392611e-04	1.136551e-05	1
11	rs72853956	2222271	0	2.412351e-04	8.640384e-06	1
11	rs72853963	2224664	0	3.443122e-04	1.158563e-05	1
11	rs731909	2408624	0	1.032405e-04	3.474391e-06	1
11	rs73398031	2063846	1	2.349543e-04	7.566175e-06	1
11	rs73398033	2067320	0	1.409459e-04	4.544834e-06	1
11	rs73398035	2068968	1	-1.443905e-04	-5.162992e-06	1
11	rs73398037	2070333	2	4.416732e-04	1.429752e-05	1
11	rs73398059	2082990	2	3.196071e-04	1.022581e-05	1
11	rs73398080	2094599	0	-1.913023e-04	-6.183515e-06	1
11	rs73398082	2095273	0	6.001240e-05	1.987130e-06	1
11	rs73398088	2096919	0	7.263639e-05	2.406969e-06	1
11	rs73401971	2134246	0	9.860125e-04	3.566780e-05	1
11	rs73404428	2292218	0	2.212263e-05	7.625448e-07	1
11	rs73406785	2332726	0	4.984192e-04	1.771884e-05	1
11	rs734094	2323220	0	-7.411544e-04	-2.412152e-05	1
11	rs734095	2323198	0	7.325430e-04	2.556316e-05	1
11	rs73410935	1875289	0	2.768579e-04	9.607099e-06	1
11	rs73410970	1903426	0	3.863485e-05	1.334169e-06	1
11	rs73413025	1948702	0	6.577165e-04	2.186481e-05	1
11	rs73413038	1955546	0	2.086186e-04	7.483810e-06	1
11	rs73417589	2478867	0	8.893711e-04	2.980071e-05	1
11	rs734351	2156213	0	4.317398e-04	1.378836e-05	1
11	rs735955	1943120	0	-1.598054e-04	-5.014467e-06	1
11	rs7394773	1815090	0	5.068800e-04	1.648200e-05	1
11	rs7394876	2249031	0	-1.152186e-03	-4.363457e-05	1
11	rs739541	2285859	0	-1.194449e-04	-3.724250e-06	1
11	rs739543	2286243	0	-1.209877e-03	-4.309391e-05	1
11	rs739544	2271122	0	-4.214058e-04	-1.334010e-05	1
11	rs739545	2271323	0	-4.095308e-04	-1.318942e-05	1
11	rs7395734	2231694	0	-2.411052e-04	-7.898748e-06	1
11	rs7395920	1964312	2	-4.276875e-06	-1.295592e-07	1
11	rs7396048	2285009	0	-1.594364e-04	-4.947156e-06	1
11	rs7396152	1824116	0	7.406913e-04	2.568488e-05	1
11	rs7396243	2205892	0	-1.837520e-03	-6.857878e-05	1
11	rs7396447	2211677	0	-1.532949e-03	-5.404373e-05	1
11	rs7396526	2294415	0	-9.600028e-04	-3.211769e-05	1
11	rs739673	2420500	0	5.252767e-05	1.815614e-06	1
11	rs739675	2462001	0	-5.284374e-05	-1.780571e-06	1
11	rs739676	2462012	0	2.825436e-05	9.296699e-07	1
11	rs7396800	2257333	0	-9.422685e-04	-3.339200e-05	1
11	rs7397025	2283608	0	-1.399595e-03	-5.280288e-05	1
11	rs74047514	1995633	33	6.149262e-05	2.217446e-06	1
11	rs74047618	1885225	0	-3.632115e-04	-1.307876e-05	1
11	rs74047629	1894814	0	-5.755870e-04	-2.058919e-05	1
11	rs74047632	1904399	0	-2.867636e-04	-1.014889e-05	1
11	rs74047681	1942684	0	1.439525e-04	4.945045e-06	1
11	rs74048147	2072719	1	-2.919900e-04	-1.017528e-05	1
11	rs74048151	2074376	1	-3.242051e-04	-1.099498e-05	1
11	rs74048154	2076311	0	-3.856735e-04	-1.310933e-05	1
11	rs74048155	2077310	0	-1.641801e-04	-5.687207e-06	1
11	rs74048157	2078005	0	-3.348641e-04	-1.175282e-05	1
11	rs74048159	2082061	3	-3.608539e-04	-1.259001e-05	1
11	rs74048162	2086270	0	-2.945683e-04	-1.024255e-05	1
11	rs74048164	2086561	0	-3.269211e-04	-1.155483e-05	1
11	rs74048169	2091639	0	-2.133598e-04	-7.452111e-06	1
11	rs74048171	2093603	0	-2.998769e-04	-9.719600e-06	1
11	rs74048172	2094347	0	-2.525673e-04	-8.898833e-06	1
11	rs74048174	2094762	0	-2.525673e-04	-8.898833e-06	1
11	rs74048176	2096908	0	-5.063171e-04	-1.662954e-05	1
11	rs74048181	2107742	0	-2.943900e-04	-1.036917e-05	1
11	rs74048187	2111568	0	-1.178254e-04	-4.207040e-06	1
11	rs74048188	2113165	0	1.979753e-05	7.043868e-07	1
11	rs74048198	2118282	0	2.658122e-04	9.376617e-06	1
11	rs74048200	2120298	0	3.116376e-04	1.081430e-05	1
11	rs74048201	2121638	0	5.972035e-04	2.137741e-05	1
11	rs74048205	2318624	0	-1.610164e-04	-5.432622e-06	1
11	rs74048208	2320210	0	7.334649e-04	2.499386e-05	1
11	rs74048209	2320224	0	7.334649e-04	2.499386e-05	1
11	rs74048265	2340973	0	8.771903e-05	3.025481e-06	1
11	rs74050024	2040128	5	1.751059e-04	6.218100e-06	1
11	rs74050049	2064769	0	2.614550e-04	8.450757e-06	1
11	rs74050056	2072097	1	-5.030622e-04	-1.777033e-05	1
11	rs74050103	2124269	0	4.579062e-04	1.626163e-05	1
11	rs74050108	2130104	0	5.427191e-04	1.939150e-05	1
11	rs74050111	2136957	0	4.975228e-04	1.755080e-05	1
11	rs74050116	2142184	0	4.888010e-04	1.727298e-05	1
11	rs74050358	2357194	0	-1.059849e-04	-3.747345e-06	1
11	rs74050359	2357227	0	-1.059849e-04	-3.747345e-06	1
11	rs74050360	2357368	0	-1.053489e-04	-3.723776e-06	1
11	rs74050361	2357465	0	-1.263147e-04	-4.466097e-06	1
11	rs74050541	2430020	0	2.899926e-04	1.029052e-05	1
11	rs74327570	2077866	0	-5.285309e-06	-1.828959e-07	1
11	rs74347575	1890829	0	5.889400e-04	2.146025e-05	1
11	rs74446674	2121355	0	5.972035e-04	2.137741e-05	1
11	rs74583240	1819560	0	-3.795019e-04	-1.334122e-05	1
11	rs74606400	2449413	0	4.880661e-04	1.732636e-05	1
11	rs74686312	1875363	0	-1.576366e-04	-5.627914e-06	1
11	rs74716015	2395599	0	8.888072e-05	3.154073e-06	1
11	rs74776955	1902923	0	-2.785507e-04	-1.002520e-05	1
11	rs7478680	2223360	0	7.278725e-04	2.560035e-05	1
11	rs7478847	2301198	0	-1.813766e-04	-5.742141e-06	1
11	rs7479065	2068717	1	4.987865e-05	1.622740e-06	1
11	rs7479592	2367053	0	2.927005e-06	9.941240e-08	1
11	rs7479936	2187455	0	9.652627e-04	3.190123e-05	1
11	rs7480120	2224958	0	-2.408907e-04	-7.708079e-06	1
11	rs7480143	2225023	0	6.196148e-04	2.163699e-05	1
11	rs7480196	2145223	0	2.426501e-04	7.813497e-06	1
11	rs7480235	2240416	0	-2.848469e-04	-8.842634e-06	1
11	rs7481129	2230460	0	-2.864800e-04	-9.403029e-06	1
11	rs7481622	1824076	0	5.469362e-04	1.857966e-05	1
11	rs7481661	1840954	0	-4.577907e-04	-1.481428e-05	1
11	rs7481707	2279710	0	-8.873536e-04	-3.012595e-05	1
11	rs7482506	2236254	0	-8.872146e-04	-3.266263e-05	1
11	rs7482782	2097954	0	-2.380512e-04	-7.696713e-06	1
11	rs7482821	2098122	0	-2.813181e-04	-9.791276e-06	1
11	rs7482841	1830754	0	-5.567872e-04	-1.924858e-05	1
11	rs7482891	2197112	0	-4.811170e-04	-1.533053e-05	1
11	rs7482894	2121264	0	-4.216671e-04	-1.326180e-05	1
11	rs7483211	2244181	0	1.230831e-04	4.355059e-06	1
11	rs7483477	1920255	0	3.009819e-04	9.817717e-06	1
11	rs74857492	2002867	25	-1.278890e-04	-4.621769e-06	1
11	rs74872739	1883939	0	-2.786503e-04	-9.979135e-06	1
11	rs74911255	2319621	0	1.478432e-04	5.222019e-06	1
11	rs74911495	2449379	0	4.992399e-04	1.771317e-05	1
11	rs75029415	2255147	22	-2.515695e-04	-8.469922e-06	1
11	rs75035036	1828987	0	-7.662141e-05	-2.762454e-06	1
11	rs75098480	2349673	0	6.432004e-04	2.343878e-05	1
11	rs75252417	2233060	0	-1.324676e-04	-4.591500e-06	1
11	rs753135	2440108	0	5.850875e-04	1.875397e-05	1
11	rs753136	2440119	0	5.850875e-04	1.875396e-05	1
11	rs753137	2440223	0	2.917380e-04	9.209610e-06	1
11	rs753138	2440276	0	5.850875e-04	1.875395e-05	1
11	rs75345846	2426857	0	3.399694e-05	1.222930e-06	1
11	rs75395881	2365582	0	-1.600996e-05	-5.741314e-07	1
11	rs75449946	2354181	0	4.010786e-04	1.422493e-05	1
11	rs75506054	2096158	0	1.862033e-04	6.700298e-06	1
11	rs75574677	2337272	0	1.929466e-04	6.814116e-06	1
11	rs75666374	1881628	0	-3.222259e-04	-1.155495e-05	1
11	rs756914	2388747	0	2.723331e-04	9.154275e-06	1
11	rs756915	2388861	0	2.723331e-04	9.154271e-06	1
11	rs756916	2389633	0	2.723331e-04	9.154266e-06	1
11	rs756921	2322415	0	-5.887022e-04	-2.016790e-05	1
11	rs756922	2322561	0	-6.355336e-04	-2.191901e-05	1
11	rs756923	2322662	0	-6.078706e-04	-2.101073e-05	1
11	rs756924	2323029	0	-4.743324e-04	-1.666712e-05	1
11	rs756925	2328948	0	-4.475715e-04	-1.506901e-05	1
11	rs756926	2329078	0	-1.227127e-04	-4.258051e-06	1
11	rs756927	2329119	0	-1.227127e-04	-4.258051e-06	1
11	rs757088	2440749	0	2.703573e-04	8.525281e-06	1
11	rs757090	2440908	0	6.827297e-05	2.131175e-06	1
11	rs757091	2440989	0	2.718462e-04	8.573305e-06	1
11	rs757409	1975106	23	5.907184e-04	1.849227e-05	1
11	rs75778708	1955377	0	2.086186e-04	7.483799e-06	1
11	rs75794341	2331597	0	9.470970e-05	3.373821e-06	1
11	rs75893162	2451281	0	5.276946e-04	1.885822e-05	1
11	rs75956732	2361947	0	2.996713e-04	1.068816e-05	1
11	rs75966923	1880730	0	-3.112892e-04	-1.114766e-05	1
11	rs76085728	1890821	0	5.917588e-04	2.155896e-05	1
11	rs76102571	1890971	0	1.150258e-04	3.902765e-06	1
11	rs76160678	2277990	0	-8.518478e-04	-3.111061e-05	1
11	rs76167901	1958780	0	-1.059878e-04	-3.820879e-06	1
11	rs76186186	1893919	0	6.799435e-05	2.274299e-06	1
11	rs76230762	2364558	0	1.647771e-04	5.523313e-06	1
11	rs76248223	2342712	0	4.118817e-04	1.473463e-05	1
11	rs76275146	2247371	0	7.092973e-04	2.481717e-05	1
11	rs76296735	2416898	0	-2.692285e-05	-9.658146e-07	1
11	rs76361611	2212584	0	8.004370e-04	2.670886e-05	1
11	rs76374648	2134283	0	-6.510590e-05	-2.344591e-06	1
11	rs76395194	2321250	1	7.573050e-05	2.671565e-06	1
11	rs76458215	1941867	0	1.207728e-04	4.339481e-06	1
11	rs76547628	2077271	0	-6.658436e-05	-2.202926e-06	1
11	rs76775887	1891953	0	9.427419e-05	3.150472e-06	1
11	rs76782422	1900670	0	-2.931766e-04	-1.052577e-05	1
11	rs76872295	2418861	0	-5.795012e-05	-2.039840e-06	1
11	rs76909371	1948325	0	4.099013e-04	1.369630e-05	1
11	rs77007065	2319730	0	1.478432e-04	5.222010e-06	1
11	rs77009498	2367970	0	4.955839e-06	1.658768e-07	1
11	rs77124198	2120123	0	2.010850e-04	7.163685e-06	1
11	rs77179140	2371580	0	-1.338578e-05	-4.814583e-07	1
11	rs77251226	2378181	0	6.767213e-05	2.383090e-06	1
11	rs77369403	2390064	0	3.217442e-04	1.145183e-05	1
11	rs77411016	2297086	0	6.022115e-04	2.195811e-05	1
11	rs77413927	1909788	0	1.349921e-04	4.852061e-06	1
11	rs77452354	2011519	28	1.986076e-04	7.154319e-06	1
11	rs77540772	2040477	27	-1.485934e-05	-5.329452e-07	1
11	rs77753127	2420811	0	3.582600e-05	1.267940e-06	1
11	rs77909323	2190355	0	5.426275e-06	1.981343e-07	1
11	rs77917797	2362576	0	-1.076605e-04	-3.876946e-06	1
11	rs77926599	2271304	0	3.518514e-04	1.214486e-05	1
11	rs78140146	2172805	0	-4.808261e-05	-1.717996e-06	1
11	rs78205490	2366108	0	4.955839e-06	1.658750e-07	1
11	rs78228403	2090748	0	2.501992e-05	8.771900e-07	1
11	rs78310724	1867974	0	3.202751e-04	1.147505e-05	1
11	rs78311622	1881251	0	-6.044374e-05	-2.179619e-06	1
11	rs78353778	1949425	0	3.698678e-04	1.342621e-05	1
11	rs78354622	1868164	0	6.086675e-05	2.197023e-06	1
11	rs78396389	2209620	0	-3.104187e-04	-1.110413e-05	1
11	rs78405116	1892562	0	-1.505472e-04	-5.429874e-06	1
11	rs78452881	2142962	0	-1.301220e-04	-4.704271e-06	1
11	rs78472940	1876260	0	-1.576366e-04	-5.627912e-06	1
11	rs78481925	2452643	0	3.522292e-04	1.258717e-05	1
11	rs78533632	2393015	0	-1.495934e-04	-5.285942e-06	1
11	rs78662878	1945174	0	-1.512332e-04	-5.449897e-06	1
11	rs7873	2150697	0	5.517976e-04	1.924159e-05	1
11	rs78805413	2131018	0	2.055626e-04	7.264806e-06	1
11	rs78844589	2365138	0	-1.600996e-05	-5.741404e-07	1
11	rs78861098	2127869	0	3.016692e-04	1.065185e-05	1
11	rs78932744	2444732	0	-4.857985e-04	-1.751667e-05	1
11	rs78934618	2236297	0	-3.241744e-04	-1.171881e-05	1
11	rs78952134	1941996	0	6.106383e-04	2.068065e-05	1
11	rs79011474	2000889	35	6.147314e-05	2.218258e-06	1
11	rs79041867	2223842	0	-3.437230e-04	-1.198425e-05	1
11	rs79050743	1886443	0	-3.219976e-04	-1.154580e-05	1
11	rs79148737	2376336	0	6.767213e-05	2.383089e-06	1
11	rs79188432	2339635	0	4.933074e-04	1.707742e-05	1
11	rs7924489	2107854	0	-5.911625e-04	-1.988067e-05	1
11	rs7924768	2108072	0	-5.911625e-04	-1.988067e-05	1
11	rs7925515	2073913	6	4.801314e-05	1.585620e-06	1
11	rs7925655	2104138	0	-6.340352e-06	-2.081855e-07	1
11	rs7926624	2129030	0	5.398950e-04	1.922550e-05	1
11	rs7929293	2281779	0	5.394349e-05	1.810128e-06	1
11	rs7929314	1880596	0	4.390717e-04	1.408581e-05	1
11	rs7930994	1845920	0	-8.120316e-04	-2.692226e-05	1
11	rs7931848	2270029	0	4.441771e-04	1.538804e-05	1
11	rs7932087	1838366	0	-3.828227e-04	-1.305475e-05	1
11	rs7932594	2111243	0	1.966240e-04	6.576023e-06	1
11	rs7932822	2111406	0	1.966240e-04	6.576023e-06	1
11	rs7932949	2111531	0	-3.761362e-04	-1.251953e-05	1
11	rs7932964	2070570	1	5.012861e-04	1.628095e-05	1
11	rs79337391	1962463	0	-1.154183e-05	-4.098446e-07	1
11	rs7933888	2122617	0	3.724512e-04	1.209754e-05	1
11	rs7933983	2106428	0	1.137574e-04	3.562920e-06	1
11	rs7934551	1876717	0	-8.726035e-04	-2.895252e-05	1
11	rs7935483	2329423	0	-1.227127e-04	-4.258051e-06	1
11	rs7935491	2107761	0	-1.813361e-04	-5.910639e-06	1
11	rs7936109	2286454	0	-2.065804e-04	-6.434700e-06	1
11	rs7936748	2133958	0	5.789685e-04	2.071253e-05	1
11	rs7937265	1947800	0	4.099013e-04	1.369630e-05	1
11	rs7937915	2214388	0	8.493879e-04	2.850034e-05	1
11	rs7939031	2350209	0	5.549077e-04	1.911896e-05	1
11	rs7939857	2110067	0	2.030500e-04	6.350744e-06	1
11	rs7941286	1834062	0	-6.902692e-04	-2.406818e-05	1
11	rs7941585	2281501	0	8.791150e-05	2.957948e-06	1
11	rs7941969	2260543	0	-8.375002e-04	-3.067842e-05	1
11	rs7942309	1828941	0	-5.448385e-04	-1.885542e-05	1
11	rs7943060	1879101	0	4.077195e-04	1.307575e-05	1
11	rs7945251	2215856	0	-1.432169e-04	-5.070657e-06	1
11	rs7945810	1981456	22	4.993579e-05	1.714418e-06	1
11	rs7946543	2220558	0	9.980820e-05	3.363055e-06	1
11	rs7947138	2214467	0	8.785499e-04	2.961437e-05	1
11	rs7948014	1845782	0	-6.236262e-04	-2.165200e-05	1
11	rs7948458	2172830	0	7.855760e-05	2.587372e-06	1
11	rs7949013	2101692	0	-4.529893e-04	-1.584570e-05	1
11	rs7949152	2269704	0	1.049127e-03	3.476892e-05	1
11	rs7949253	2253079	0	2.905973e-04	9.448924e-06	1
11	rs7949715	2292384	0	2.212263e-05	7.625145e-07	1
11	rs7949873	2292520	0	2.293329e-04	7.935667e-06	1
11	rs7949935	2247686	0	1.382709e-04	4.890446e-06	1
11	rs7949938	2247694	0	1.382709e-04	4.890445e-06	1
11	rs7949976	2286651	0	5.003479e-04	1.717593e-05	1
11	rs7951141	2097561	0	-5.941039e-05	-1.836088e-06	1
11	rs7952363	1833975	0	-6.902692e-04	-2.406817e-05	1
11	rs79608083	1899612	0	-2.224503e-04	-7.933116e-06	1
11	rs79616871	2353815	17	-1.038088e-04	-3.297397e-06	1
11	rs79636275	1886563	0	-1.636475e-04	-5.916765e-06	1
11	rs79696944	2283950	0	4.736204e-04	1.711416e-05	1
11	rs79782185	2078679	0	1.862033e-04	6.700299e-06	1
11	rs79794187	2225631	0	-1.735359e-04	-6.023247e-06	1
11	rs79794499	2346432	0	1.973029e-04	6.971303e-06	1
11	rs800115	2361095	0	-4.106128e-05	-1.339062e-06	1
11	rs800116	2361624	0	1.502378e-04	4.968783e-06	1
11	rs800117	2362790	0	7.525684e-05	2.494262e-06	1
11	rs800118	2362960	0	5.532750e-05	1.836632e-06	1
11	rs800120	2363350	0	-5.190378e-05	-1.618130e-06	1
11	rs800121	2363625	0	-7.618724e-05	-2.436767e-06	1
11	rs800122	2363658	0	7.525684e-05	2.494275e-06	1
11	rs800123	2364234	0	9.217377e-06	3.215109e-07	1
11	rs800124	2364384	0	-9.608813e-05	-3.017079e-06	1
11	rs800125	2364549	0	-1.519191e-04	-4.746290e-06	1
11	rs800126	2365581	0	-5.291668e-04	-1.699675e-05	1
11	rs800127	2366241	0	-5.219091e-04	-1.639978e-05	1
11	rs800131	2390777	0	1.662926e-04	5.176599e-06	1
11	rs800132	2391061	0	6.642450e-04	2.399083e-05	1
11	rs800133	2391704	0	-1.665842e-04	-5.596360e-06	1
11	rs800135	2392437	0	-3.600841e-04	-1.189670e-05	1
11	rs800138	2396291	0	-4.321830e-04	-1.431273e-05	1
11	rs800139	2333124	0	-3.276460e-04	-1.063406e-05	1
11	rs800142	2385071	0	-4.052097e-05	-1.341606e-06	1
11	rs800143	2367222	0	-4.930146e-04	-1.626039e-05	1
11	rs800144	2368156	0	-5.291668e-04	-1.699672e-05	1
11	rs800145	2368299	0	-5.219091e-04	-1.639974e-05	1
11	rs800146	2368983	0	-4.979704e-04	-1.613674e-05	1
11	rs800147	2368995	0	-5.291668e-04	-1.699669e-05	1
11	rs800148	2369233	0	-4.930146e-04	-1.626036e-05	1
11	rs800149	2370723	0	9.271618e-05	3.082508e-06	1
11	rs800150	2371219	0	-2.877549e-04	-9.215860e-06	1
11	rs800151	2371351	0	-3.356258e-04	-1.096628e-05	1
11	rs800152	2371390	0	-2.877549e-04	-9.215849e-06	1
11	rs800153	2373515	0	1.523988e-05	5.130205e-07	1
11	rs800154	2373786	0	1.089168e-04	3.585531e-06	1
11	rs800156	2376436	0	1.523988e-05	5.130249e-07	1
11	rs800157	2376602	0	1.523988e-05	5.130263e-07	1
11	rs800158	2378447	0	1.134033e-04	3.776107e-06	1
11	rs800159	2378678	0	9.735482e-05	3.156337e-06	1
11	rs800160	2380134	0	-5.291104e-05	-1.745875e-06	1
11	rs800161	2382010	0	-1.078476e-04	-3.439922e-06	1
11	rs800162	2382187	0	-5.258292e-05	-1.741515e-06	1
11	rs800163	2382969	0	-4.607388e-05	-1.531825e-06	1
11	rs800334	2409173	0	1.166960e-04	3.926658e-06	1
11	rs800337	2473311	0	-1.168491e-04	-3.853288e-06	1
11	rs800340	2458393	0	6.305433e-04	2.320317e-05	1
11	rs800343	2429617	0	-2.501857e-05	-8.502892e-07	1
11	rs800344	2429653	0	-2.107280e-04	-7.282244e-06	1
11	rs800347	2430597	0	7.710965e-04	2.503067e-05	1
11	rs800349	2414702	0	-4.214254e-04	-1.363323e-05	1
11	rs800350	2415964	0	-2.627014e-04	-8.434338e-06	1
11	rs80118038	1880608	0	-1.384853e-04	-4.991894e-06	1
11	rs80120162	2332694	0	3.899923e-04	1.361058e-05	1
11	rs80293987	2078745	0	-3.348641e-04	-1.175282e-05	1
11	rs808963	2332037	0	-5.126192e-04	-1.728005e-05	1
11	rs810021	1914819	0	-4.744687e-04	-1.485033e-05	1
11	rs868330	2136605	0	1.999742e-04	6.436502e-06	1
11	rs868331	2136794	0	1.663156e-04	5.352934e-06	1
11	rs868332	2136841	0	-1.673635e-05	-5.991258e-07	1
11	rs869227	1877438	0	-8.193613e-04	-2.704878e-05	1
11	rs869586	1844550	0	-8.016746e-04	-2.652639e-05	1
11	rs869587	1844594	0	-1.672966e-04	-5.520825e-06	1
11	rs873997	2440450	0	2.917380e-04	9.209563e-06	1
11	rs873998	2440466	0	2.917380e-04	9.209559e-06	1
11	rs882880	1849469	0	-5.519285e-04	-1.902229e-05	1
11	rs886276	2439651	0	4.355897e-04	1.383552e-05	1
11	rs886277	2439767	0	5.850875e-04	1.875389e-05	1
11	rs886278	2439876	0	5.107027e-04	1.636432e-05	1
11	rs907603	1849333	0	-5.519285e-04	-1.902228e-05	1
11	rs907604	1849354	0	-1.175833e-03	-3.995650e-05	1
11	rs907608	1857243	0	1.151132e-04	3.946315e-06	1
11	rs907609	1857270	0	2.989940e-04	1.017713e-05	1
11	rs907611	1874072	0	-5.966560e-05	-1.891531e-06	1
11	rs907612	1874221	0	2.475088e-04	7.728967e-06	1
11	rs907613	1874292	0	2.674580e-06	8.941499e-08	1
11	rs907614	1877533	0	-8.117962e-04	-2.653277e-05	1
11	rs909116	1941946	0	-8.050612e-04	-2.615966e-05	1
11	rs939685	1834254	0	1.354632e-04	4.474639e-06	1
11	rs960225	1952089	0	-2.255092e-04	-7.768404e-06	1
11	rs962902	2352225	0	1.594044e-05	5.369594e-07	1
11	rs962903	2352341	0	1.867075e-04	6.219889e-06	1
11	rs9633910	1875511	0	-7.092420e-04	-2.362164e-05	1
11	rs9667035	1907653	0	2.648050e-04	9.381195e-06	1
11	rs9667790	2340478	0	-6.105162e-04	-1.988654e-05	1
11	rs9734938	2133923	0	-9.458877e-04	-3.100839e-05	1
11	rs9783374	2340619	0	2.799078e-04	9.291670e-06	1
11	rs9783395	2340733	3	-3.781597e-04	-1.199651e-05	1
