chr	rs	ps	n_miss	b	beta	gamma
16	rs10083738:29927702:G:A	29927702	2	6.768286e-04	8.051754e-05	1
16	rs10204:29826538:T:C	29826538	4	-2.693571e-04	-3.506541e-05	1
16	rs1036696	30682376	0	3.659355e-04	7.600184e-05	1
16	rs10445105:29999488:T:G	29999488	16	-2.033622e-04	-4.250178e-05	1
16	rs1045968:29826365:G:T	29826365	3	4.524131e-04	6.886663e-05	1
16	rs1050881:29675928:C:T	29675928	11	-5.439759e-04	-9.352926e-05	1
16	rs1052352	31195279	2	1.002741e-03	1.434223e-04	1
16	rs1057451:29833488:G:T	29833488	3	3.459161e-04	4.565601e-05	1
16	rs1057452:29833714:G:A	29833714	5	3.792467e-04	5.725479e-05	1
16	rs1060506	31133449	0	-3.596753e-04	-4.246971e-05	1
16	rs1064524	30492823	0	4.730613e-04	9.818919e-05	1
16	rs10747210:31363253:C:T	31363253	6	-1.579970e-04	-1.699814e-05	1
16	rs10782001	30942625	0	2.234861e-04	2.314161e-05	1
16	rs10782002:30946506:A:G	30946506	7	2.349272e-04	2.450742e-05	1
16	rs10782004:31363417:G:A	31363417	5	1.611270e-04	1.840723e-05	1
16	rs10871449	29652488	1	1.751512e-05	1.830752e-06	1
16	rs10871451:29986205:C:G	29986205	4	6.690118e-04	8.369128e-05	1
16	rs10871453	30536918	3	3.969323e-04	4.362949e-05	1
16	rs10871454	31048079	0	-3.008066e-04	-3.407303e-05	1
16	rs11076:30995528:A:G	30995528	14	2.797694e-04	3.006729e-05	1
16	rs1108431	31054607	2	1.528932e-04	1.652973e-05	1
16	rs111265045:30373233:T:C	30373233	16	-4.274136e-04	-5.635250e-05	1
16	rs111400675:30829764:C:T	30829764	7	5.653417e-06	5.923201e-07	1
16	rs11150564	29666736	0	-3.623599e-05	-3.653792e-06	1
16	rs11150574:29934819:C:T	29934819	2	6.768286e-04	8.051751e-05	1
16	rs11150576	29965496	0	5.177546e-04	6.215028e-05	1
16	rs11150577	29986525	0	6.426793e-04	8.000233e-05	1
16	rs11150579:30000330:T:G	30000330	4	4.805851e-04	5.735605e-05	1
16	rs11150580:30014564:C:T	30014564	5	4.253343e-04	5.002863e-05	1
16	rs11150581:30030699:T:C	30030699	5	-8.751292e-05	-1.015156e-05	1
16	rs11150583:30034189:A:G	30034189	4	-2.462081e-04	-2.705282e-05	1
16	rs11150584:30039678:C:A	30039678	5	-1.784644e-04	-1.935274e-05	1
16	rs11150585:30184286:A:G	30184286	9	-7.012705e-04	-8.551275e-05	1
16	rs11150590	30493881	2	-7.353104e-04	-9.063121e-05	1
16	rs11150599	30897456	0	-1.761992e-04	-1.814519e-05	1
16	rs11150600:30940331:C:T	30940331	6	1.933132e-04	2.016311e-05	1
16	rs11150601:30977799:G:A	30977799	4	4.282188e-04	4.674017e-05	1
16	rs11150606	31099011	0	5.147221e-05	9.243693e-06	1
16	rs11150610	31334236	0	5.806948e-04	6.871682e-05	1
16	rs11150611:31355657:C:G	31355657	9	1.272592e-05	1.515936e-06	1
16	rs11150612	31357760	0	2.797350e-04	3.219526e-05	1
16	rs11150613:31357810:C:T	31357810	11	2.473148e-04	2.981713e-05	1
16	rs11150615:31369803:G:C	31369803	16	3.149396e-04	4.602209e-05	1
16	rs11150617:31372290:T:C	31372290	14	2.989012e-04	3.550044e-05	1
16	rs111555633:30475160:G:A	30475160	11	2.209208e-04	3.363420e-05	1
16	rs111620019:30905359:C:T	30905359	10	1.865272e-04	3.073418e-05	1
16	rs111639166:30636893:T:C	30636893	5	2.097837e-04	2.241307e-05	1
16	rs111813229:30595710:C:T	30595710	6	1.863577e-05	3.796964e-06	1
16	rs111935448:30919807:C:T	30919807	6	1.907595e-04	3.112182e-05	1
16	rs111954099:30789623:A:G	30789623	9	5.729201e-04	1.015242e-04	1
16	rs112053830:31416586:G:A	31416586	16	-1.388690e-04	-2.855702e-05	1
16	rs112131656:29764539:G:A	29764539	11	-1.664185e-04	-2.172002e-05	1
16	rs112190455:30971437:C:T	30971437	4	3.516439e-04	5.897645e-05	1
16	rs112201399	29690177	0	-3.160401e-04	-6.146172e-05	1
16	rs112234000:30778808:G:A	30778808	4	4.603281e-04	7.813524e-05	1
16	rs112294239:30052868:C:T	30052868	11	-4.704660e-04	-9.757753e-05	1
16	rs112400041:29669780:A:G	29669780	9	-7.154377e-04	-1.284434e-04	1
16	rs112423560:31435074:A:C	31435074	3	-5.450429e-06	-1.031026e-06	1
16	rs112533759	30003756	0	-2.932098e-04	-5.777363e-05	1
16	rs112565029:30102391:G:A	30102391	6	1.777868e-04	3.519065e-05	1
16	rs112691371:30868216:C:T	30868216	9	3.927891e-04	6.650642e-05	1
16	rs112766425	31149755	0	-2.819954e-04	-5.451760e-05	1
16	rs112790372:30898456:C:G	30898456	11	-2.497801e-04	-2.973779e-05	1
16	rs1129003	30017283	0	-4.672046e-05	-7.173047e-06	1
16	rs112906665:31040139:T:C	31040139	7	3.030564e-04	3.294767e-05	1
16	rs1129700	29918034	0	2.704294e-04	2.798827e-05	1
16	rs112997245:30010353:A:G	30010353	2	1.992738e-05	2.999574e-06	1
16	rs113024433:30636808:T:C	30636808	5	2.097837e-04	2.241308e-05	1
16	rs113085280	30638004	0	1.052366e-05	2.054402e-06	1
16	rs113137773:29753314:G:A	29753314	5	-8.393676e-04	-1.539370e-04	1
16	rs113223003:29765012:A:G	29765012	12	-3.283727e-04	-4.860116e-05	1
16	rs113253736:31429036:C:T	31429036	1	-8.572681e-07	-1.644098e-07	1
16	rs113303075	30482393	1	-3.127629e-04	-6.020463e-05	1
16	rs1133238	30455458	1	6.214094e-04	1.231390e-04	1
16	rs113376800:29736698:A:G	29736698	13	-6.590532e-04	-1.056269e-04	1
16	rs113443718:29892184:G:A	29892184	15	-6.052135e-04	-8.070234e-05	1
16	rs113448632:30898219:C:T	30898219	8	-1.990409e-04	-2.329997e-05	1
16	rs11344:29910518:C:G	29910518	2	-2.840417e-04	-3.194001e-05	1
16	rs113454775:30809534:A:G	30809534	6	2.630641e-04	4.334188e-05	1
16	rs1134700:29709777:C:T	29709777	3	-4.381230e-04	-6.481999e-05	1
16	rs113478212	29596230	0	1.326013e-04	2.596801e-05	1
16	rs113592099:29751483:C:T	29751483	0	-7.258976e-04	-1.094608e-04	1
16	rs113711475:30497954:C:T	30497954	14	-2.799809e-04	-5.386496e-05	1
16	rs113711981:30572096:G:A	30572096	9	4.187249e-04	7.613279e-05	1
16	rs113753753	29891206	0	-5.127215e-05	-1.018100e-05	1
16	rs113826909:29747901:A:G	29747901	9	-7.847347e-04	-1.420161e-04	1
16	rs113834633:29662778:C:T	29662778	13	6.834464e-05	1.344346e-05	1
16	rs1140195:31394179:A:G	31394179	15	5.169917e-04	6.088214e-05	1
16	rs1140239:30021402:C:T	30021402	5	-1.915306e-04	-2.233138e-05	1
16	rs1143678	31343005	0	4.280222e-04	6.482808e-05	1
16	rs1143679	31276811	11	6.653358e-05	1.097436e-05	1
16	rs1143680	31289396	1	-6.226194e-04	-9.768732e-05	1
16	rs1143682	31336719	1	2.397308e-04	2.678831e-05	1
16	rs1143683	31336888	0	4.054218e-04	6.079178e-05	1
16	rs114588746:30053597:T:C	30053597	5	-1.932730e-04	-3.195954e-05	1
16	rs11544328:30037128:A:C	30037128	7	-2.675448e-04	-2.961230e-05	1
16	rs115518563:30055603:G:A	30055603	6	-2.546376e-04	-4.438432e-05	1
16	rs11574550:29673970:C:G	29673970	5	-6.447057e-04	-1.032914e-04	1
16	rs11574551	29673995	0	-4.585345e-04	-6.748133e-05	1
16	rs11574630:31363788:C:T	31363788	7	2.297676e-04	2.635149e-05	1
16	rs11574632:31364053:C:T	31364053	3	-4.142218e-04	-5.910126e-05	1
16	rs11574635:31368816:G:C	31368816	12	-4.134391e-04	-5.914675e-05	1
16	rs11574636:31368835:C:T	31368835	12	3.025675e-04	4.473712e-05	1
16	rs11574637	31368874	2	1.398058e-04	1.926696e-05	1
16	rs11574640	31375234	0	5.700232e-04	1.189782e-04	1
16	rs11639622:31272663:C:T	31272663	7	2.661172e-04	5.545359e-05	1
16	rs11639689:31257918:T:C	31257918	8	3.431171e-04	7.352061e-05	1
16	rs11639790	31260557	0	-4.504174e-05	-9.087161e-06	1
16	rs11640148	31421417	2	-1.327762e-03	-2.340567e-04	1
16	rs11640184:31421437:T:C	31421437	11	-1.369899e-03	-2.500186e-04	1
16	rs11640210:30975071:T:C	30975071	5	3.439070e-04	5.853883e-05	1
16	rs11640534:30949515:G:A	30949515	6	2.489583e-04	2.601472e-05	1
16	rs11640767:31060647:G:A	31060647	10	3.826775e-05	4.078375e-06	1
16	rs11640957:31060363:C:T	31060363	10	3.826775e-05	4.078375e-06	1
16	rs11640961:30979818:C:T	30979818	12	-2.704724e-04	-2.966376e-05	1
16	rs11641202:31330161:A:G	31330161	9	-1.798996e-04	-1.886816e-05	1
16	rs11641321:30880319:G:A	30880319	7	4.297706e-04	7.362312e-05	1
16	rs11641624:31268985:C:T	31268985	11	-1.691607e-04	-2.111200e-05	1
16	rs11642003:31068391:G:A	31068391	14	-8.504394e-06	-9.142602e-07	1
16	rs11642046	29993108	0	8.085225e-04	1.073589e-04	1
16	rs11642120:31344681:C:G	31344681	8	3.470160e-05	4.104124e-06	1
16	rs11642192:31082025:T:C	31082025	11	1.491316e-04	1.609152e-05	1
16	rs11642303:31068392:C:A	31068392	14	-8.504394e-06	-9.142614e-07	1
16	rs11642399:30059593:T:G	30059593	12	-1.826202e-04	-1.989360e-05	1
16	rs11642430:30045789:C:G	30045789	6	-1.722149e-04	-1.999515e-05	1
16	rs11642466:30781942:A:G	30781942	6	4.836569e-04	8.283112e-05	1
16	rs11642535:31126688:C:A	31126688	14	5.081692e-04	9.035232e-05	1
16	rs11642603:30886221:C:G	30886221	7	4.297706e-04	7.362311e-05	1
16	rs11642612:30030195:A:C	30030195	5	-8.751292e-05	-1.015161e-05	1
16	rs11642632:30667964:G:A	30667964	13	5.966081e-04	1.326523e-04	1
16	rs11642676:30371655:C:G	30371655	9	1.037884e-03	1.585703e-04	1
16	rs11642733:30969061:G:A	30969061	4	3.516439e-04	5.897639e-05	1
16	rs11642862	30785824	0	7.055510e-04	1.295653e-04	1
16	rs11642933:29946708:G:A	29946708	4	9.348052e-04	1.271815e-04	1
16	rs11643582:29654705:A:G	29654705	3	-1.503935e-04	-1.587630e-05	1
16	rs11643872:30969486:G:T	30969486	13	-1.855649e-04	-2.020803e-05	1
16	rs11644433:30504046:T:C	30504046	14	1.333460e-04	1.764457e-05	1
16	rs11644454:30909872:C:T	30909872	9	1.975257e-04	3.248740e-05	1
16	rs11644459:30095236:C:T	30095236	3	-3.312205e-04	-3.633641e-05	1
16	rs11645175	30803299	1	5.203213e-04	8.946630e-05	1
16	rs11645367:30770074:C:T	30770074	5	4.764339e-04	8.161660e-05	1
16	rs11645526:31268239:A:G	31268239	11	-9.445884e-05	-1.138153e-05	1
16	rs11645653	31312855	0	2.299784e-04	3.015688e-05	1
16	rs11645814:31147262:G:A	31147262	10	6.987459e-04	8.845358e-05	1
16	rs11645917	31359826	0	-4.603471e-04	-5.286874e-05	1
16	rs11646082:30911950:T:G	30911950	9	1.975257e-04	3.248739e-05	1
16	rs11646118:29926471:T:C	29926471	12	4.607406e-04	8.267925e-05	1
16	rs11646127:29966277:G:C	29966277	4	6.405538e-04	8.007024e-05	1
16	rs11646130:30376959:T:C	30376959	4	9.449233e-04	1.358965e-04	1
16	rs11647243:30965308:G:A	30965308	4	3.516439e-04	5.897636e-05	1
16	rs11647246	30528132	1	7.645327e-04	1.646251e-04	1
16	rs11647442:31125776:T:C	31125776	8	1.151770e-05	1.259432e-06	1
16	rs11647697	30872471	2	4.044454e-04	4.978732e-05	1
16	rs11647753:29928115:A:G	29928115	12	6.963374e-04	8.622509e-05	1
16	rs11648125:30889653:C:A	30889653	7	4.533405e-04	7.830071e-05	1
16	rs11648675	29780731	0	-3.521298e-04	-4.217732e-05	1
16	rs11649030:31133110:A:G	31133110	6	6.664778e-04	8.322736e-05	1
16	rs11649149:30008644:C:T	30008644	5	5.101343e-04	5.844754e-05	1
16	rs11649274:30026469:G:A	30026469	5	-8.522630e-05	-9.885372e-06	1
16	rs11649499	29908433	0	2.790276e-04	3.600215e-05	1
16	rs11649612:29946670:T:C	29946670	5	9.803069e-04	1.373085e-04	1
16	rs11649653	30918487	0	-5.683642e-04	-6.716886e-05	1
16	rs116849262:30720376:G:A	30720376	16	7.134447e-05	1.433458e-05	1
16	rs116878064:30063549:C:T	30063549	5	-3.198876e-04	-5.795661e-05	1
16	rs116922328:29965785:G:A	29965785	7	-2.754072e-04	-4.859279e-05	1
16	rs116945837	31396187	0	5.896940e-05	1.196946e-05	1
16	rs116986181:31426757:C:T	31426757	1	-6.067737e-06	-1.228586e-06	1
16	rs117075401	29614830	2	3.517721e-04	7.195727e-05	1
16	rs117077416:29971913:G:A	29971913	7	1.255555e-04	2.508549e-05	1
16	rs117219760:31142767:T:G	31142767	6	1.503343e-04	3.062248e-05	1
16	rs117267704	30394926	0	4.445723e-06	9.054288e-07	1
16	rs117326446:30980128:A:T	30980128	13	2.172655e-04	3.552655e-05	1
16	rs117369393	30991644	0	-9.870774e-05	-2.020507e-05	1
16	rs117378813	30884458	0	-1.068333e-04	-2.176579e-05	1
16	rs117383236:29939177:G:A	29939177	10	-1.929814e-05	-3.769319e-06	1
16	rs117442264	31152818	0	2.138374e-04	4.427782e-05	1
16	rs117451918	31133793	0	5.949744e-05	1.194582e-05	1
16	rs117527829	30106982	1	3.329529e-04	7.110815e-05	1
16	rs117590634	29934113	0	-6.785311e-04	-1.499591e-04	1
16	rs117602889:31069003:C:G	31069003	12	3.627934e-04	4.691935e-05	1
16	rs117671724:30558484:A:G	30558484	11	-1.143476e-04	-1.815458e-05	1
16	rs117673009	29971781	1	1.143275e-04	2.318344e-05	1
16	rs117744694:31050285:G:A	31050285	4	3.095437e-05	6.044762e-06	1
16	rs117782601	29613511	0	2.015455e-04	3.653377e-05	1
16	rs117856672	30638256	0	6.806413e-06	1.386761e-06	1
16	rs117865589	30883774	1	1.869947e-04	3.874049e-05	1
16	rs117891062	30976129	0	6.712388e-04	1.523705e-04	1
16	rs117910240:30558579:C:T	30558579	11	-8.645380e-05	-1.377945e-05	1
16	rs117957142	30887482	1	4.631416e-04	9.758311e-05	1
16	rs117984039:30784011:G:A	30784011	8	-7.321780e-05	-1.347796e-05	1
16	rs118018900	31203669	1	3.154648e-04	6.123412e-05	1
16	rs118058081	29860299	3	1.267907e-05	2.597935e-06	1
16	rs118096366	31225777	1	1.274657e-04	2.588510e-05	1
16	rs118154869	30479065	1	1.620364e-04	3.253276e-05	1
16	rs118176746	30877351	1	-4.911697e-05	-8.248740e-06	1
16	rs11859274:31361059:C:T	31361059	3	-5.491216e-04	-6.496518e-05	1
16	rs11859300:31355895:G:T	31355895	4	4.485315e-04	6.885358e-05	1
16	rs11859349:31331202:C:T	31331202	3	1.251805e-04	1.844373e-05	1
16	rs11859871:29835440:A:G	29835440	3	3.459161e-04	4.565596e-05	1
16	rs11860650:31326706:C:T	31326706	2	9.391927e-05	1.379762e-05	1
16	rs11860782:29989739:A:G	29989739	2	-1.795888e-04	-2.981893e-05	1
16	rs11860935:30080780:C:T	30080780	6	-2.075597e-04	-3.625841e-05	1
16	rs11861161:31329954:T:C	31329954	5	2.618235e-04	3.712803e-05	1
16	rs11861842:30094180:C:T	30094180	5	-1.491194e-04	-2.476114e-05	1
16	rs11862055:29733712:C:T	29733712	14	-5.742086e-04	-8.902518e-05	1
16	rs11862691:30187851:A:G	30187851	5	-3.680666e-04	-6.288191e-05	1
16	rs11862744:31057800:G:A	31057800	5	3.742429e-04	4.114469e-05	1
16	rs11863083:30100789:T:C	30100789	5	-1.410141e-04	-2.338304e-05	1
16	rs11863129:30095492:C:T	30095492	5	-1.491194e-04	-2.476113e-05	1
16	rs11863174:30019375:A:C	30019375	14	2.793736e-04	3.040593e-05	1
16	rs11863592:31301011:A:G	31301011	8	-3.406464e-04	-3.984114e-05	1
16	rs11863627:31331160:A:G	31331160	10	1.233154e-04	1.471817e-05	1
16	rs11863731:29848932:A:G	29848932	2	2.972451e-04	4.353473e-05	1
16	rs11863734:29848946:A:G	29848946	3	7.640359e-05	9.735450e-06	1
16	rs11863748	29835588	0	6.203883e-04	1.002435e-04	1
16	rs11863903:31364909:C:T	31364909	2	-4.050969e-04	-5.762446e-05	1
16	rs11864149	29999225	0	-3.165876e-04	-5.512513e-05	1
16	rs11864180	29830829	1	5.936477e-04	9.469108e-05	1
16	rs11864503:31331137:T:C	31331137	2	2.582187e-04	3.753214e-05	1
16	rs11864541:31331323:T:C	31331323	3	2.535901e-04	3.503523e-05	1
16	rs11864642:30084276:C:T	30084276	5	-1.458740e-04	-2.412938e-05	1
16	rs11864806:31095204:G:C	31095204	7	1.565136e-04	1.689011e-05	1
16	rs11864813:31326356:A:T	31326356	2	2.582187e-04	3.753213e-05	1
16	rs11864839:31095251:G:C	31095251	8	9.833268e-05	1.067098e-05	1
16	rs11865038	31095171	0	1.531772e-04	1.651096e-05	1
16	rs11865499	31132250	0	-2.764999e-04	-3.196306e-05	1
16	rs11865672:31420430:A:G	31420430	13	-1.335754e-03	-2.379724e-04	1
16	rs11865716:30164488:A:G	30164488	13	-6.774336e-04	-8.007588e-05	1
16	rs11865746:31326587:T:G	31326587	2	9.391927e-05	1.379761e-05	1
16	rs11865771:31420635:A:C	31420635	9	-1.466779e-03	-2.917579e-04	1
16	rs11865830:31271545:G:A	31271545	13	-2.252350e-04	-2.832519e-05	1
16	rs11866084:30012922:C:T	30012922	3	-4.042511e-05	-6.358626e-06	1
16	rs11867026:30079450:C:T	30079450	3	-1.995508e-04	-3.302195e-05	1
16	rs11901:29984070:C:G	29984070	0	6.426793e-04	8.000209e-05	1
16	rs12102320:30178516:A:C	30178516	9	-7.012705e-04	-8.551254e-05	1
16	rs12102367:30866781:C:T	30866781	13	3.335853e-04	4.857217e-05	1
16	rs12102768:31303950:G:A	31303950	4	2.885444e-04	4.238271e-05	1
16	rs12102776	31166028	0	1.389022e-03	2.694454e-04	1
16	rs12102791:31303946:C:T	31303946	6	3.696163e-04	5.350824e-05	1
16	rs12103025:31301220:T:C	31301220	4	2.441134e-04	3.548484e-05	1
16	rs12325239:29894662:C:T	29894662	15	-1.964565e-05	-3.897610e-06	1
16	rs12325400	30023786	0	-2.202514e-04	-2.558725e-05	1
16	rs12325539	30033633	1	-2.023720e-04	-2.350363e-05	1
16	rs12373078:30187676:T:G	30187676	16	-3.626793e-04	-4.036704e-05	1
16	rs12373113:30187513:C:T	30187513	16	-3.626793e-04	-4.036703e-05	1
16	rs12444108:30027694:G:A	30027694	8	2.267164e-04	2.630770e-05	1
16	rs12444124	30011040	0	3.015851e-04	6.274131e-05	1
16	rs12444660:31422429:T:C	31422429	7	2.441098e-04	4.510422e-05	1
16	rs12444973:30107285:A:T	30107285	11	-4.570616e-05	-4.858817e-06	1
16	rs12444978:29924422:A:T	29924422	2	6.742289e-04	8.012892e-05	1
16	rs12445568	31004812	1	8.395926e-05	9.337083e-06	1
16	rs12445650:31044897:G:A	31044897	8	3.013567e-04	3.275889e-05	1
16	rs12445768:30089911:T:C	30089911	4	-3.247250e-04	-3.556008e-05	1
16	rs12445982:29982484:G:A	29982484	0	5.039667e-04	6.024587e-05	1
16	rs12446378:30043110:T:G	30043110	6	-2.349839e-04	-2.578139e-05	1
16	rs12447159:29610670:G:A	29610670	16	7.687390e-05	1.505526e-05	1
16	rs12447415	29682945	3	-5.559057e-04	-6.375562e-05	1
16	rs12447534	30804257	0	-2.118993e-04	-2.168949e-05	1
16	rs12447833:30390314:T:C	30390314	14	-9.042148e-04	-1.312193e-04	1
16	rs12447915	30089908	0	-3.139242e-04	-3.446253e-05	1
16	rs12447930:31023273:G:A	31023273	7	8.936304e-05	9.443722e-06	1
16	rs12448321:31048280:C:T	31048280	7	-3.911255e-04	-4.514455e-05	1
16	rs12448769:29672197:C:T	29672197	13	8.840042e-05	9.119302e-06	1
16	rs12448775	31384648	0	-5.526328e-04	-1.125098e-04	1
16	rs12596042:29934754:T:A	29934754	2	6.768286e-04	8.051710e-05	1
16	rs12596308	29691196	0	8.546384e-04	1.073775e-04	1
16	rs12596543:30029135:A:G	30029135	13	-2.472096e-04	-2.717300e-05	1
16	rs12597511	31145219	0	1.327839e-04	1.510530e-05	1
16	rs12599318:29692414:A:G	29692414	12	-6.210207e-05	-6.941056e-06	1
16	rs12599614	30466741	0	9.311407e-04	1.672997e-04	1
16	rs12599631:30944248:A:G	30944248	9	1.089549e-04	1.127847e-05	1
16	rs12600286:31360679:G:C	31360679	5	-2.295269e-04	-2.536754e-05	1
16	rs12691307:29939877:A:G	29939877	10	1.073562e-03	1.603625e-04	1
16	rs12716972	29936654	0	8.542966e-04	1.094013e-04	1
16	rs12716973:29937652:G:A	29937652	3	7.861192e-04	9.665431e-05	1
16	rs12716974	29944832	0	9.340944e-04	1.270342e-04	1
16	rs12716975:29950829:C:T	29950829	4	7.742877e-04	9.734917e-05	1
16	rs12716978:30981544:C:G	30981544	4	4.282188e-04	4.674024e-05	1
16	rs12716979:31011821:T:G	31011821	7	-6.698825e-04	-8.357532e-05	1
16	rs12716981:31118024:C:A	31118024	10	8.209288e-05	9.306132e-06	1
16	rs12716982:31128668:C:A	31128668	3	2.409359e-05	2.714984e-06	1
16	rs12851:30016977:A:G	30016977	6	-2.252796e-04	-3.875635e-05	1
16	rs12917712	29882490	0	-7.771420e-04	-1.010615e-04	1
16	rs12917722	30948397	0	-4.409096e-04	-4.928570e-05	1
16	rs12917874:31287649:T:C	31287649	13	2.390744e-04	3.563657e-05	1
16	rs12918652:29964357:T:C	29964357	4	5.902541e-04	7.299934e-05	1
16	rs12919612	29895303	0	-5.023889e-04	-5.631941e-05	1
16	rs12919683:29943367:T:C	29943367	7	8.761284e-04	1.160655e-04	1
16	rs12920185:30172025:C:G	30172025	3	-3.861927e-04	-6.586473e-05	1
16	rs12920259	30881299	0	-1.990174e-04	-2.068870e-05	1
16	rs12920597:31304382:C:T	31304382	10	3.869682e-04	6.396346e-05	1
16	rs12920760:29844279:G:A	29844279	3	3.411169e-04	5.066600e-05	1
16	rs12920772:31012781:G:A	31012781	12	-6.079386e-04	-7.546022e-05	1
16	rs12921996:30011618:C:T	30011618	6	4.457143e-04	5.270758e-05	1
16	rs12922100	30129936	0	2.830449e-04	5.589727e-05	1
16	rs12923297:31360944:T:C	31360944	2	-5.006711e-04	-5.860734e-05	1
16	rs12923534:30189297:G:C	30189297	5	-3.680666e-04	-6.288188e-05	1
16	rs12923886:29732022:G:A	29732022	8	1.607695e-04	3.334960e-05	1
16	rs12924622:30084052:A:T	30084052	7	-4.015803e-04	-4.505107e-05	1
16	rs12924903	30928970	2	-3.386222e-04	-3.843360e-05	1
16	rs12926100:30169472:G:C	30169472	6	-2.924347e-04	-4.898269e-05	1
16	rs12926237	30837596	2	7.121401e-05	7.218000e-06	1
16	rs12926295	30890538	0	-1.990174e-04	-2.068870e-05	1
16	rs12927190:30169393:C:G	30169393	10	-5.707465e-04	-6.558333e-05	1
16	rs12928081:30885159:T:G	30885159	11	2.220934e-04	2.637296e-05	1
16	rs12928610:30016022:C:T	30016022	11	2.641008e-04	2.877563e-05	1
16	rs12928725:31283996:G:T	31283996	12	2.807977e-04	4.493794e-05	1
16	rs12928754:29679989:A:G	29679989	12	-5.101891e-05	-5.609042e-06	1
16	rs12928810:31311715:G:A	31311715	4	2.441134e-04	3.548484e-05	1
16	rs12928852:30943988:C:T	30943988	6	2.440945e-04	2.548991e-05	1
16	rs12929065:30873881:G:C	30873881	4	4.351614e-04	5.326585e-05	1
16	rs12929826:29717884:T:G	29717884	10	2.757790e-04	3.553442e-05	1
16	rs12930239:29908777:C:G	29908777	5	-3.125768e-04	-3.458960e-05	1
16	rs12930545:30938811:A:G	30938811	6	1.933132e-04	2.016319e-05	1
16	rs12930657:30931968:C:T	30931968	7	1.771404e-04	1.844933e-05	1
16	rs12930787:30381303:C:G	30381303	8	1.023854e-03	1.548776e-04	1
16	rs12930944:30874075:A:G	30874075	4	4.351614e-04	5.326585e-05	1
16	rs12931046:30987144:G:A	30987144	13	5.605026e-04	6.524703e-05	1
16	rs12931096:30874201:A:G	30874201	6	4.585303e-04	5.659315e-05	1
16	rs12931955:30013066:A:G	30013066	6	2.983601e-04	3.223536e-05	1
16	rs12932023:29715852:G:A	29715852	14	7.495611e-05	1.531283e-05	1
16	rs12932310:29846133:A:G	29846133	7	1.482623e-04	2.159828e-05	1
16	rs12932680:29689845:G:A	29689845	8	3.735168e-04	6.722528e-05	1
16	rs12932691:29846729:C:A	29846729	9	1.351866e-04	1.983896e-05	1
16	rs12932957:29680256:T:G	29680256	14	-8.326457e-05	-9.174367e-06	1
16	rs12933498:29943459:C:A	29943459	6	8.749628e-04	1.158427e-04	1
16	rs12933548	29790709	1	9.948828e-05	1.693048e-05	1
16	rs12933575:30022564:A:G	30022564	9	-3.356941e-04	-3.724539e-05	1
16	rs12933766	29922011	1	3.525430e-04	3.685903e-05	1
16	rs12934406:29982566:C:T	29982566	5	8.497550e-04	1.171091e-04	1
16	rs12934418:31042299:G:A	31042299	10	-3.040573e-04	-3.456686e-05	1
16	rs12935156:31270172:T:A	31270172	4	1.922850e-04	3.106212e-05	1
16	rs12935192:31359330:G:A	31359330	1	-4.328904e-04	-4.956177e-05	1
16	rs12935265:29931028:A:G	29931028	5	4.702825e-04	1.064850e-04	1
16	rs12935500:30174984:C:T	30174984	6	-3.085024e-04	-5.205266e-05	1
16	rs12935701:30026748:C:T	30026748	4	-8.804281e-05	-1.021087e-05	1
16	rs13331733	29848417	0	4.244110e-04	6.395437e-05	1
16	rs13331798	29747291	0	-7.315113e-04	-1.146302e-04	1
16	rs13331817:30172627:A:G	30172627	11	-5.891010e-04	-6.810303e-05	1
16	rs13332078:29850705:C:T	29850705	5	2.558855e-04	3.789291e-05	1
16	rs13332167	30557226	4	6.253999e-04	9.049696e-05	1
16	rs13332660	29905882	0	2.900824e-04	3.745810e-05	1
16	rs13334660:30178281:G:A	30178281	5	-3.680666e-04	-6.288186e-05	1
16	rs13335021:29746830:G:T	29746830	0	-7.315113e-04	-1.146302e-04	1
16	rs13336235:31370765:G:A	31370765	9	-3.009971e-04	-4.237369e-05	1
16	rs13336347:30951566:C:G	30951566	13	-3.956627e-04	-4.396742e-05	1
16	rs13337900	30822409	6	1.745977e-04	1.834946e-05	1
16	rs13338069:31299474:A:G	31299474	5	1.458098e-04	2.163303e-05	1
16	rs13338912	29760347	0	-3.469154e-04	-4.562086e-05	1
16	rs13708:31000809:G:A	31000809	4	4.221257e-04	4.624160e-05	1
16	rs137959928:30434035:C:A	30434035	13	3.565542e-04	7.630960e-05	1
16	rs137993956:29913708:C:G	29913708	11	-3.306885e-04	-6.973291e-05	1
16	rs138211469:29735979:T:C	29735979	14	-6.488665e-04	-1.051854e-04	1
16	rs138258116:31370246:C:A	31370246	16	3.452319e-04	4.135021e-05	1
16	rs138599723:29732960:G:A	29732960	11	-7.773950e-04	-1.346425e-04	1
16	rs138729861:30399088:C:T	30399088	7	3.636445e-04	7.891361e-05	1
16	rs138755187:29763892:C:T	29763892	10	-1.755652e-05	-3.338346e-06	1
16	rs138825134:29613456:G:A	29613456	1	1.967383e-04	3.563535e-05	1
16	rs138850578:29736312:G:A	29736312	13	-6.541989e-04	-1.062650e-04	1
16	rs139053518:30504631:C:T	30504631	16	-6.280427e-05	-1.268361e-05	1
16	rs140615691:31291060:T:G	31291060	10	5.466484e-05	8.136436e-06	1
16	rs140646207:30469481:C:T	30469481	14	2.030683e-04	4.084301e-05	1
16	rs140775682:31290557:T:C	31290557	10	2.140465e-04	3.132952e-05	1
16	rs140785784:29714172:A:G	29714172	5	-4.160563e-04	-6.120002e-05	1
16	rs140820592:31021880:G:T	31021880	15	1.696554e-04	1.822178e-05	1
16	rs141305120:30120522:A:G	30120522	16	-1.701628e-04	-3.003440e-05	1
16	rs141391708:30979999:A:G	30979999	5	3.439070e-04	5.853873e-05	1
16	rs141436390:29826014:C:A	29826014	11	-3.666121e-04	-7.867560e-05	1
16	rs141659187:30729739:C:G	30729739	2	4.875481e-04	1.028841e-04	1
16	rs141764869:31354611:T:C	31354611	6	5.914440e-04	8.963756e-05	1
16	rs141887189:31423876:C:T	31423876	2	-5.070974e-06	-1.026585e-06	1
16	rs141926311:31053185:C:T	31053185	16	3.094330e-04	3.934664e-05	1
16	rs142086495:29958635:C:T	29958635	11	3.989504e-05	8.090347e-06	1
16	rs142098164:29922723:C:T	29922723	3	7.865119e-05	1.616185e-05	1
16	rs142125746:29606607:G:A	29606607	14	8.142766e-05	1.595188e-05	1
16	rs142166536:30930613:C:T	30930613	14	3.660860e-04	4.759348e-05	1
16	rs14235	31121793	2	-1.101084e-05	-1.235101e-06	1
16	rs142711568:30945223:G:A	30945223	9	7.984221e-05	1.596483e-05	1
16	rs142718941:30478759:G:T	30478759	12	-2.275384e-05	-4.664672e-06	1
16	rs143249661:30016820:A:C	30016820	7	5.426280e-05	1.113515e-05	1
16	rs143840454	29791575	0	2.904707e-04	6.024531e-05	1
16	rs143893157:29760427:C:T	29760427	8	-5.733286e-04	-9.029405e-05	1
16	rs144237376:30426319:C:T	30426319	5	3.419689e-04	6.902693e-05	1
16	rs144445645:30930561:G:A	30930561	14	3.660860e-04	4.759347e-05	1
16	rs144607906	31266579	0	8.737320e-05	1.757524e-05	1
16	rs144637766:29661941:G:A	29661941	13	-6.729327e-05	-1.310273e-05	1
16	rs144721815:29760405:G:T	29760405	9	-4.465728e-04	-9.825323e-05	1
16	rs144865761:30350114:G:A	30350114	5	2.600415e-04	5.132736e-05	1
16	rs144912130:31275393:G:A	31275393	15	2.994214e-04	5.037332e-05	1
16	rs145037259:29613205:T:G	29613205	7	1.132468e-04	2.129321e-05	1
16	rs145079417:31053065:A:G	31053065	15	3.587340e-04	4.601961e-05	1
16	rs145247938:31353190:A:G	31353190	10	1.827500e-04	2.198233e-05	1
16	rs145338730:29631150:C:G	29631150	5	3.574132e-05	7.091629e-06	1
16	rs145631601:29613904:G:C	29613904	1	1.967383e-04	3.563535e-05	1
16	rs1458202:30953202:G:A	30953202	4	2.678261e-04	2.810397e-05	1
16	rs145832035:29733357:T:C	29733357	13	-6.663318e-04	-1.086518e-04	1
16	rs145891982:31319502:T:G	31319502	6	3.010910e-04	6.229206e-05	1
16	rs146772260:29713946:G:A	29713946	3	-2.383897e-05	-4.780048e-06	1
16	rs146938894:31362769:C:T	31362769	10	2.777556e-04	5.805350e-05	1
16	rs147278356:29750550:C:T	29750550	2	-7.886542e-04	-1.398571e-04	1
16	rs147365361:31290305:A:G	31290305	16	3.121057e-04	4.756321e-05	1
16	rs147553474:30050605:T:C	30050605	10	1.611350e-04	3.184567e-05	1
16	rs147882703:31352806:A:G	31352806	6	5.510711e-04	8.418846e-05	1
16	rs147901631:30941160:C:T	30941160	10	3.499246e-04	4.513596e-05	1
16	rs147939153:31385384:C:T	31385384	16	4.503015e-05	9.235459e-06	1
16	rs148119987:31048858:G:A	31048858	13	2.651127e-04	3.330240e-05	1
16	rs148147902:31290304:C:T	31290304	16	3.121057e-04	4.756320e-05	1
16	rs148319768:29954615:G:A	29954615	16	-6.184328e-05	-1.241960e-05	1
16	rs148603263:30554096:T:C	30554096	12	4.055268e-04	8.936978e-05	1
16	rs148639118:30127786:G:A	30127786	10	7.118192e-06	1.457123e-06	1
16	rs148702283:30652427:C:T	30652427	7	1.124405e-04	1.817923e-05	1
16	rs148776955:30458271:A:T	30458271	11	-9.169164e-05	-1.864412e-05	1
16	rs149201347:29741932:C:T	29741932	7	-6.928065e-04	-1.136825e-04	1
16	rs149604995:31132633:G:A	31132633	4	-5.612124e-05	-1.097721e-05	1
16	rs149689856:30552187:C:T	30552187	14	3.853588e-05	6.189315e-06	1
16	rs150319029:31027969:C:T	31027969	11	1.834702e-04	2.274367e-05	1
16	rs150773264:30120692:G:A	30120692	6	-1.708322e-04	-2.863377e-05	1
16	rs150845792:29789489:C:T	29789489	7	1.817433e-04	3.783242e-05	1
16	rs151035219:30144009:C:T	30144009	4	-1.934315e-04	-3.924515e-05	1
16	rs151235673:30104843:A:C	30104843	5	2.119411e-04	4.437113e-05	1
16	rs151288592:31319756:G:A	31319756	4	-5.466727e-04	-8.506817e-05	1
16	rs1549293	31141993	0	-1.045587e-04	-1.185664e-05	1
16	rs1633805:29724394:G:C	29724394	12	4.687098e-04	6.614441e-05	1
16	rs1633810:29721864:T:G	29721864	10	4.786252e-04	6.541968e-05	1
16	rs170978:29743033:A:G	29743033	4	4.551087e-04	6.229847e-05	1
16	rs17640225:29713066:C:T	29713066	1	-5.221607e-04	-7.955713e-05	1
16	rs17641579	31392384	2	-1.067625e-04	-2.128618e-05	1
16	rs17641608:31396361:C:T	31396361	5	-2.400857e-05	-4.577660e-06	1
16	rs17708472	31105353	0	3.414783e-04	4.339518e-05	1
16	rs17790906:30569659:T:G	30569659	14	2.031631e-04	3.358064e-05	1
16	rs17839544	30491783	0	2.544921e-05	3.743248e-06	1
16	rs17839548:30564526:G:A	30564526	10	-1.382347e-04	-2.627097e-05	1
16	rs17839567:31057945:A:G	31057945	5	3.233548e-04	3.526791e-05	1
16	rs17839568:31099783:T:C	31099783	10	1.576817e-04	1.702444e-05	1
16	rs17842265	29653752	0	-3.590684e-04	-7.825236e-05	1
16	rs17842268:29684180:T:C	29684180	16	-9.899780e-04	-1.392923e-04	1
16	rs17849880:30999198:C:T	30999198	4	3.474332e-04	5.898734e-05	1
16	rs17850402	30566747	0	3.520255e-04	6.145904e-05	1
16	rs17855606	31142271	0	7.327389e-04	9.334823e-05	1
16	rs17880887:31110501:G:T	31110501	16	5.422071e-04	6.564052e-05	1
16	rs17881535:31108709:C:G	31108709	6	4.000048e-04	5.191088e-05	1
16	rs17886790	31100896	0	1.100147e-04	2.205754e-05	1
16	rs180394:29715032:G:A	29715032	6	3.130107e-04	4.125947e-05	1
16	rs180701530:29609315:T:A	29609315	10	-1.593404e-05	-2.952662e-06	1
16	rs181522608:30062856:A:G	30062856	10	7.589568e-05	1.477005e-05	1
16	rs181958881:29724771:A:T	29724771	10	-7.948774e-04	-1.384124e-04	1
16	rs182339188:30781511:T:C	30781511	3	1.617220e-04	3.195899e-05	1
16	rs182536497:31069252:C:T	31069252	6	-2.280226e-05	-4.623176e-06	1
16	rs186014137:30725355:A:T	30725355	6	3.236613e-04	5.771157e-05	1
16	rs1870293	30970941	0	1.080870e-04	1.190337e-05	1
16	rs187412880:30608320:C:T	30608320	7	1.415506e-05	2.900046e-06	1
16	rs188304685:29939689:C:T	29939689	2	7.121762e-05	1.462614e-05	1
16	rs188708252:29881170:T:G	29881170	7	-3.913835e-04	-8.473960e-05	1
16	rs188899883:29624668:C:A	29624668	9	7.887433e-06	1.490049e-06	1
16	rs189757140:30180490:T:C	30180490	13	-5.491333e-04	-6.284771e-05	1
16	rs190159352:31195965:C:G	31195965	15	6.988589e-04	1.689016e-04	1
16	rs191825667:30801184:A:T	30801184	9	4.700221e-04	8.013467e-05	1
16	rs192537440:29619215:A:C	29619215	14	7.756895e-05	1.567871e-05	1
16	rs1978485:31131121:C:T	31131121	4	2.146157e-05	2.347485e-06	1
16	rs1978487	31129942	0	1.966247e-05	2.148221e-06	1
16	rs1985680:30123216:C:T	30123216	6	-7.024022e-05	-1.138774e-05	1
16	rs201231582:31352426:A:G	31352426	6	-4.861857e-04	-5.664576e-05	1
16	rs201918052	30772988	0	3.741830e-05	7.505208e-06	1
16	rs202166863:29440457:C:T	29440457	6	-5.320913e-05	-9.896160e-06	1
16	rs2032915:31117413:C:T	31117413	8	2.288366e-04	2.616485e-05	1
16	rs2054213:30971810:A:G	30971810	3	4.236466e-04	4.595488e-05	1
16	rs2054214:30971442:T:G	30971442	8	5.674104e-04	7.792062e-05	1
16	rs2083237:30175509:C:T	30175509	12	-3.656832e-04	-4.031535e-05	1
16	rs2125293:30863875:T:C	30863875	7	4.272698e-04	5.233482e-05	1
16	rs2168834:30863847:T:C	30863847	10	3.943621e-04	4.803975e-05	1
16	rs2199036:31006972:C:T	31006972	11	4.293045e-05	4.777762e-06	1
16	rs2230424	31367318	1	-3.953635e-04	-5.908230e-05	1
16	rs2230428	31371674	0	6.215573e-05	8.273864e-06	1
16	rs2230429	31374535	0	5.033831e-04	6.212682e-05	1
16	rs2230433	30518041	0	-1.472832e-04	-1.660138e-05	1
16	rs2278557:30093779:C:G	30093779	8	-1.442406e-04	-1.676499e-05	1
16	rs2288004	31054040	0	-2.443521e-04	-2.730083e-05	1
16	rs2303222:31085470:T:C	31085470	11	-2.240020e-04	-2.513257e-05	1
16	rs2303223	31075175	0	-3.454229e-04	-3.939497e-05	1
16	rs2303255	29706444	0	-4.836467e-04	-7.239812e-05	1
16	rs2305880:30999462:T:C	30999462	3	4.274031e-04	4.663468e-05	1
16	rs2305884:30970741:G:A	30970741	4	4.196230e-04	4.548330e-05	1
16	rs2335013:30877346:T:G	30877346	11	5.537247e-04	6.960011e-05	1
16	rs235630:29743018:T:C	29743018	4	4.551087e-04	6.229843e-05	1
16	rs235631:29743529:G:A	29743529	8	5.383368e-04	7.788883e-05	1
16	rs235659	29788919	0	-9.704552e-05	-1.026085e-05	1
16	rs235663:29748325:A:G	29748325	13	5.185669e-04	8.213544e-05	1
16	rs2359612	31103796	0	3.710486e-04	4.152489e-05	1
16	rs2359674:31083243:A:G	31083243	9	3.706397e-04	4.791466e-05	1
16	rs2454907:31404502:G:A	31404502	16	2.408387e-04	3.528297e-05	1
16	rs2454909:31410948:C:T	31410948	9	1.271276e-04	1.796119e-05	1
16	rs2454911:31406670:C:T	31406670	14	2.646564e-05	3.754301e-06	1
16	rs2549974:29641013:A:G	29641013	16	9.757952e-05	1.143629e-05	1
16	rs2735393	31196105	1	-1.904168e-04	-2.382145e-05	1
16	rs28360557:30983260:A:C	30983260	4	4.282188e-04	4.674026e-05	1
16	rs28372932:31339625:G:A	31339625	2	1.674920e-04	1.908342e-05	1
16	rs28385574	31158647	0	6.813664e-04	1.293596e-04	1
16	rs28490313:29640683:T:C	29640683	16	1.499687e-04	1.760296e-05	1
16	rs2855475:31147548:G:A	31147548	15	3.145583e-04	3.527506e-05	1
16	rs28599680	29860685	0	3.100527e-04	4.599377e-05	1
16	rs28663614:29659786:T:C	29659786	11	-4.987770e-04	-8.318748e-05	1
16	rs28709291:30083912:C:T	30083912	5	-1.458740e-04	-2.412929e-05	1
16	rs28725459:31132662:G:A	31132662	3	-3.683914e-04	-4.365058e-05	1
16	rs28728333:30645283:G:A	30645283	2	1.209449e-04	1.276117e-05	1
16	rs28814987:31081460:C:T	31081460	11	1.094647e-04	1.181844e-05	1
16	rs28841118:30630226:G:A	30630226	16	3.384962e-04	3.658178e-05	1
16	rs2884737	31105554	0	-1.072196e-03	-2.014391e-04	1
16	rs2884738:31126321:C:A	31126321	15	-6.792077e-04	-8.772271e-05	1
16	rs28877870:30168682:G:C	30168682	6	-2.254520e-04	-3.737275e-05	1
16	rs2929	31393308	4	7.041958e-05	8.312022e-06	1
16	rs3087438:30500761:G:A	30500761	15	-2.577233e-04	-3.076261e-05	1
16	rs3087439	30505821	0	1.515840e-04	2.541874e-05	1
16	rs3087443	30522152	0	-5.871935e-04	-8.049022e-05	1
16	rs3087796:31343653:A:G	31343653	8	1.585464e-04	1.897074e-05	1
16	rs34049928	29983015	1	3.153064e-04	6.445102e-05	1
16	rs34072967:31317977:A:C	31317977	5	-4.044722e-04	-4.739287e-05	1
16	rs34082782:31282970:G:A	31282970	14	4.658963e-04	7.805255e-05	1
16	rs34127220:29842891:C:T	29842891	3	4.334228e-04	6.593128e-05	1
16	rs34166377:30183041:G:A	30183041	5	-3.680666e-04	-6.288183e-05	1
16	rs34205348:29668898:A:C	29668898	13	-2.797879e-05	-2.869967e-06	1
16	rs34222852:29859627:C:T	29859627	6	6.144084e-05	9.120971e-06	1
16	rs34261613	30430628	1	4.421544e-04	8.929190e-05	1
16	rs34286592	29820480	0	4.534678e-04	7.081515e-05	1
16	rs34454770:31005567:T:C	31005567	11	3.133754e-04	3.639186e-05	1
16	rs34499019	30501609	0	1.037516e-04	1.341990e-05	1
16	rs34550882:31274875:C:T	31274875	15	2.488686e-04	4.116423e-05	1
16	rs34564246	30135798	0	1.874125e-04	3.608968e-05	1
16	rs34572943	31272353	2	1.651601e-04	2.649300e-05	1
16	rs34594027:31318314:T:C	31318314	3	-3.748384e-04	-4.357927e-05	1
16	rs34596480:29863620:G:T	29863620	3	4.658553e-04	1.052728e-04	1
16	rs34649473:31066538:T:G	31066538	7	-3.129963e-04	-3.548363e-05	1
16	rs34710374	29675855	1	-3.801884e-04	-8.110936e-05	1
16	rs34714403:29842547:G:A	29842547	4	3.549562e-04	5.292587e-05	1
16	rs34767000:31330270:A:C	31330270	3	2.535901e-04	3.503520e-05	1
16	rs34840035:30871515:C:T	30871515	5	4.783251e-04	5.932346e-05	1
16	rs34843513	30409241	0	1.079381e-05	2.067041e-06	1
16	rs34873012:30945861:T:C	30945861	7	2.703099e-04	2.833617e-05	1
16	rs34876189	30332203	0	1.474418e-04	2.795354e-05	1
16	rs34876239:30498824:C:T	30498824	11	-2.794787e-04	-3.310992e-05	1
16	rs34898535:31025641:C:T	31025641	16	-3.287246e-04	-3.761449e-05	1
16	rs34927056:31317427:T:C	31317427	3	-4.279038e-04	-5.032639e-05	1
16	rs35034654:31032405:C:T	31032405	9	3.383047e-04	3.702570e-05	1
16	rs35042042	29871730	1	3.081962e-04	4.859780e-05	1
16	rs35089016:30192359:G:A	30192359	12	1.716977e-05	2.964851e-06	1
16	rs35105141:30057148:C:T	30057148	10	-1.094389e-04	-1.269847e-05	1
16	rs35262362:30507196:A:G	30507196	7	2.541727e-06	5.186675e-07	1
16	rs35314490:31283164:G:A	31283164	16	4.299368e-04	7.099960e-05	1
16	rs35345720:29933603:T:A	29933603	7	2.944687e-04	5.922663e-05	1
16	rs35351013:31069854:G:A	31069854	5	-3.075604e-04	-3.487999e-05	1
16	rs35383035:31323572:G:A	31323572	2	9.391927e-05	1.379756e-05	1
16	rs35466388:31314599:T:C	31314599	3	-4.279038e-04	-5.032640e-05	1
16	rs35468353	31056433	0	3.284118e-04	3.582331e-05	1
16	rs35472514:31283323:C:G	31283323	12	3.259966e-04	5.286721e-05	1
16	rs35478648	30054613	1	8.666262e-05	1.402191e-05	1
16	rs35605010:30033428:A:G	30033428	5	-1.809393e-04	-1.962631e-05	1
16	rs35675346	30936081	1	-7.973826e-05	-9.456994e-06	1
16	rs35695082	30792389	0	2.482657e-04	3.750043e-05	1
16	rs35713203:31090407:G:C	31090407	12	4.266544e-04	5.050699e-05	1
16	rs35733741:30945887:G:A	30945887	7	-4.496628e-04	-5.045333e-05	1
16	rs35900366:30199584:G:A	30199584	10	-1.940609e-04	-3.290961e-05	1
16	rs35901559:29829615:T:C	29829615	1	5.298072e-04	8.250895e-05	1
16	rs35961830:31032317:T:C	31032317	9	3.383047e-04	3.702570e-05	1
16	rs35968985	30516531	0	3.029601e-04	5.860637e-05	1
16	rs35983149	30174024	0	-4.439190e-04	-7.660164e-05	1
16	rs36001237:31318257:A:T	31318257	2	3.262222e-04	4.757727e-05	1
16	rs36055763:31299775:C:T	31299775	8	4.036494e-04	6.578494e-05	1
16	rs36064568:30646970:T:C	30646970	5	-1.364411e-05	-1.444779e-06	1
16	rs36069862:30186202:C:T	30186202	6	-3.085024e-04	-5.205262e-05	1
16	rs36100148:31345023:C:T	31345023	5	-5.737521e-04	-6.814612e-05	1
16	rs371085:29730246:G:A	29730246	9	7.391149e-04	1.233936e-04	1
16	rs373719829:31290303:G:T	31290303	16	3.121057e-04	4.756317e-05	1
16	rs3751855	31091209	0	1.083421e-04	1.161006e-05	1
16	rs3759987:29673903:G:T	29673903	5	-6.447057e-04	-1.032913e-04	1
16	rs3764275:29672982:A:C	29672982	7	-7.312551e-04	-1.244435e-04	1
16	rs3764326	31190538	1	2.089765e-04	4.275480e-05	1
16	rs3764327:31273129:T:C	31273129	12	-1.729650e-04	-2.130761e-05	1
16	rs3809627	30103160	0	1.822019e-04	2.000050e-05	1
16	rs3813020:30934075:G:A	30934075	7	1.771404e-04	1.844935e-05	1
16	rs3814877:30042677:G:T	30042677	7	-2.756018e-06	-3.226973e-07	1
16	rs3814878	30041966	1	-1.095231e-04	-1.180361e-05	1
16	rs3814880:30017895:T:C	30017895	7	3.129141e-04	3.582511e-05	1
16	rs3814881:30000901:G:A	30000901	4	4.805851e-04	5.735546e-05	1
16	rs3814884:29994736:T:A	29994736	0	5.485830e-04	6.663901e-05	1
16	rs3815824	29852860	0	2.234754e-04	3.260256e-05	1
16	rs3862476	29687360	0	1.720361e-04	2.967977e-05	1
16	rs3924855:29954955:A:G	29954955	4	1.012439e-03	1.469212e-04	1
16	rs3925074:31347807:G:A	31347807	2	-5.457175e-04	-6.449271e-05	1
16	rs3925075	31347748	0	-5.462803e-04	-6.456989e-05	1
16	rs3935873:30018500:C:T	30018500	7	4.276180e-04	5.034091e-05	1
16	rs3976455:29861447:G:A	29861447	2	2.285283e-04	3.351521e-05	1
16	rs402720:29762882:A:C	29762882	10	2.334837e-04	3.007062e-05	1
16	rs4075052:31348233:A:C	31348233	3	2.002449e-04	2.397907e-05	1
16	rs4077410	29998200	0	4.084672e-04	4.510085e-05	1
16	rs4077810:31340909:T:C	31340909	7	2.218966e-04	2.677346e-05	1
16	rs41280854	30064471	0	-9.332007e-05	-1.767477e-05	1
16	rs41292378:30390677:A:G	30390677	10	5.830308e-05	1.196686e-05	1
16	rs41370044:31289127:T:C	31289127	0	-6.248249e-04	-9.808579e-05	1
16	rs41440449:31337677:A:G	31337677	1	2.649173e-04	3.036866e-05	1
16	rs41476751:31335906:T:C	31335906	5	6.492346e-04	9.832151e-05	1
16	rs41477949:31287427:A:T	31287427	16	-2.499263e-04	-2.916282e-05	1
16	rs423096:29730626:A:G	29730626	11	6.391392e-04	1.009260e-04	1
16	rs4232893	30423751	0	-2.549807e-04	-3.497511e-05	1
16	rs4238959:30038647:A:G	30038647	5	-1.784644e-04	-1.935311e-05	1
16	rs4238960:30038648:G:C	30038648	13	2.716845e-05	2.952453e-06	1
16	rs4238961	30380486	1	-5.034151e-04	-5.971009e-05	1
16	rs4243232	30514723	0	-3.590331e-04	-3.987753e-05	1
16	rs4247355:30392099:A:G	30392099	10	-1.098600e-03	-1.782869e-04	1
16	rs4261553:31349164:T:C	31349164	3	2.002449e-04	2.397908e-05	1
16	rs4280256:31349476:C:T	31349476	1	-5.470536e-04	-6.467737e-05	1
16	rs4281737:29642392:C:T	29642392	16	-1.114067e-04	-1.297041e-05	1
16	rs4283241:29988349:G:A	29988349	2	6.257708e-04	7.777852e-05	1
16	rs4290486:30890145:C:G	30890145	6	-1.491934e-04	-1.544248e-05	1
16	rs4312323	31435677	0	2.631873e-04	5.361897e-05	1
16	rs4318227:29984839:C:G	29984839	0	6.426793e-04	8.000153e-05	1
16	rs4341759	30514103	1	-8.713025e-04	-1.174948e-04	1
16	rs4344767:30165139:T:C	30165139	4	-2.374498e-04	-2.533775e-05	1
16	rs4359460:31349321:G:C	31349321	3	2.449157e-04	2.953082e-05	1
16	rs4402589:29954654:T:G	29954654	5	1.078454e-03	1.615865e-04	1
16	rs4404083:31136085:T:C	31136085	11	-4.346336e-04	-5.099249e-05	1
16	rs4407079:29931899:G:A	29931899	2	6.768286e-04	8.051649e-05	1
16	rs4411512:31347445:C:T	31347445	0	-5.462803e-04	-6.456986e-05	1
16	rs4420550:29938820:A:G	29938820	9	9.271080e-04	1.261108e-04	1
16	rs4424923:29939293:T:C	29939293	10	1.033923e-03	1.488869e-04	1
16	rs4448960:31349404:C:T	31349404	0	-4.599157e-04	-5.305408e-05	1
16	rs4450409:31349576:T:C	31349576	0	-5.462803e-04	-6.456984e-05	1
16	rs4468641	31096876	0	1.824856e-04	1.944510e-05	1
16	rs4485386:30636611:G:A	30636611	4	1.648823e-04	1.749804e-05	1
16	rs4500754	30376691	0	-1.434640e-04	-2.223982e-05	1
16	rs4502227:30980054:A:G	30980054	4	4.282188e-04	4.674030e-05	1
16	rs4506917:31347350:T:G	31347350	0	-5.462803e-04	-6.456983e-05	1
16	rs4525506:31349501:A:G	31349501	1	-5.470536e-04	-6.467733e-05	1
16	rs4527034	31131614	0	5.900312e-05	6.498544e-06	1
16	rs4527039:29946945:T:C	29946945	3	1.043412e-03	1.529775e-04	1
16	rs45599534:31094861:G:A	31094861	7	3.106216e-04	3.951060e-05	1
16	rs45619735:31143993:C:T	31143993	7	7.517827e-04	9.723418e-05	1
16	rs45625038	31418975	0	-1.817691e-05	-3.684958e-06	1
16	rs4563056	29698606	0	-2.290924e-04	-3.105849e-05	1
16	rs4583255:29988941:A:G	29988941	0	5.039667e-04	6.024531e-05	1
16	rs4594268:31343243:T:C	31343243	9	1.688824e-04	2.024097e-05	1
16	rs4597342:31343769:T:C	31343769	8	1.585464e-04	1.897080e-05	1
16	rs4598924:30514138:C:G	30514138	10	-9.506000e-04	-1.337198e-04	1
16	rs4608351:31348848:T:C	31348848	3	2.002449e-04	2.397911e-05	1
16	rs4609871	29932064	0	7.427747e-04	9.144859e-05	1
16	rs4632147:31363381:C:T	31363381	16	3.130864e-04	4.679299e-05	1
16	rs4787480	29857316	0	3.100527e-04	4.599365e-05	1
16	rs4787483	29885447	0	-4.234995e-04	-5.142894e-05	1
16	rs4787484	29906546	0	-4.409139e-04	-5.269874e-05	1
16	rs4787486:29977562:A:T	29977562	5	7.097903e-04	9.192527e-05	1
16	rs4787488:29995803:A:C	29995803	2	5.573328e-04	6.406030e-05	1
16	rs4787489:29995880:G:A	29995880	1	4.290099e-04	5.047607e-05	1
16	rs4787491:30015337:A:G	30015337	12	3.470118e-04	3.827800e-05	1
16	rs4787492:30055549:T:C	30055549	10	-1.841733e-04	-2.006570e-05	1
16	rs4787495	30165725	7	-2.744514e-04	-3.032833e-05	1
16	rs4787643	30393660	1	-1.095448e-03	-1.757413e-04	1
16	rs4788172	29668253	0	-6.268457e-04	-1.042568e-04	1
16	rs4788173:29670736:A:G	29670736	13	-7.259000e-04	-1.311863e-04	1
16	rs4788185:29839893:G:C	29839893	2	4.308273e-04	6.533710e-05	1
16	rs4788186	29841225	0	-8.040990e-04	-9.493038e-05	1
16	rs4788187	29845685	0	1.255018e-04	1.596793e-05	1
16	rs4788188:29860863:G:A	29860863	6	5.435049e-05	6.959879e-06	1
16	rs4788189:29921211:C:T	29921211	5	2.377396e-04	2.456981e-05	1
16	rs4788190	29948401	1	9.148805e-04	1.245947e-04	1
16	rs4788195:29960593:T:C	29960593	5	5.625318e-04	6.894065e-05	1
16	rs4788196:29967434:A:G	29967434	4	6.405538e-04	8.006931e-05	1
16	rs4788197:29970834:G:A	29970834	12	6.531443e-04	8.295839e-05	1
16	rs4788198:29970835:C:T	29970835	12	6.531443e-04	8.295837e-05	1
16	rs4788200:29971265:G:T	29971265	3	6.437795e-04	8.064448e-05	1
16	rs4788201:29972690:C:T	29972690	3	6.437795e-04	8.064447e-05	1
16	rs4788202:29978003:C:T	29978003	5	7.097903e-04	9.192509e-05	1
16	rs4788204:29995218:G:A	29995218	2	8.125329e-04	1.081176e-04	1
16	rs4788207:30010274:A:G	30010274	6	4.926788e-04	5.576109e-05	1
16	rs4788209:30013266:C:T	30013266	5	4.253343e-04	5.002767e-05	1
16	rs4788210:30013674:C:G	30013674	5	4.253343e-04	5.002766e-05	1
16	rs4788211:30015565:C:T	30015565	8	3.153400e-04	3.440502e-05	1
16	rs4788212:30034469:T:G	30034469	4	-2.462081e-04	-2.705347e-05	1
16	rs4788213:30034524:T:C	30034524	4	-2.462081e-04	-2.705347e-05	1
16	rs4788215:30047930:G:A	30047930	4	-2.373797e-04	-2.605191e-05	1
16	rs4788216:30048077:C:G	30048077	4	-2.373797e-04	-2.605191e-05	1
16	rs4788217:30051312:A:G	30051312	9	-2.369317e-04	-2.611094e-05	1
16	rs4788219:30063646:A:G	30063646	12	-1.854249e-04	-2.020560e-05	1
16	rs4788220:30063780:A:G	30063780	12	-1.854249e-04	-2.020560e-05	1
16	rs4788409:30393771:G:A	30393771	4	-1.072765e-03	-1.696186e-04	1
16	rs4788410:30396805:A:G	30396805	10	-1.127345e-03	-1.871779e-04	1
16	rs4788411:30396815:G:A	30396815	10	-1.171329e-03	-2.008021e-04	1
16	rs4788412	30405726	1	-7.100538e-04	-9.973523e-05	1
16	rs4788413:30410445:C:T	30410445	10	-1.083918e-03	-1.732950e-04	1
16	rs4889489:30812962:A:G	30812962	9	-6.157510e-05	-6.263035e-06	1
16	rs4889490	30823047	0	-9.744824e-04	-1.378857e-04	1
16	rs4889495:30502152:G:T	30502152	14	-2.394650e-04	-2.841344e-05	1
16	rs4889514:30943096:A:G	30943096	6	2.440945e-04	2.548999e-05	1
16	rs4889525:30989858:T:C	30989858	4	4.282188e-04	4.674033e-05	1
16	rs4889526:31030344:C:A	31030344	8	3.106771e-04	3.382593e-05	1
16	rs4889530:31065918:T:A	31065918	7	-3.421065e-04	-3.899875e-05	1
16	rs4889534	30865440	1	3.993859e-04	4.838294e-05	1
16	rs4889536:30871755:G:T	30871755	4	4.351614e-04	5.326593e-05	1
16	rs4889537:31203529:G:C	31203529	5	-4.937398e-04	-6.614585e-05	1
16	rs4889538:31206913:C:T	31206913	8	-3.797227e-04	-4.941335e-05	1
16	rs4889542:31319397:A:C	31319397	3	2.550171e-04	3.518666e-05	1
16	rs4889543:31340216:C:T	31340216	4	-5.443169e-04	-6.423562e-05	1
16	rs4889544:31423820:T:C	31423820	11	-1.316947e-03	-2.350268e-04	1
16	rs4889571:30949047:A:G	30949047	6	2.489583e-04	2.601487e-05	1
16	rs4889599:30968589:C:T	30968589	6	4.239682e-04	4.620019e-05	1
16	rs4889603	30982225	2	-3.198042e-04	-3.534510e-05	1
16	rs4889604:30985994:G:T	30985994	13	5.605026e-04	6.524714e-05	1
16	rs4889606	31011183	0	-6.719410e-04	-8.375222e-05	1
16	rs4889609:31026427:A:G	31026427	8	3.106771e-04	3.382591e-05	1
16	rs4889614	30862135	0	4.059240e-04	4.914911e-05	1
16	rs4889619:31128615:C:T	31128615	3	2.409359e-05	2.715224e-06	1
16	rs4889620:31131174:G:A	31131174	4	-3.282739e-05	-3.692606e-06	1
16	rs4889622:30870957:A:G	30870957	5	4.339575e-04	5.314271e-05	1
16	rs4889627:30875217:T:C	30875217	12	1.453061e-04	1.504274e-05	1
16	rs4889630	30877544	0	3.444429e-04	4.415525e-05	1
16	rs4889631:30877636:G:A	30877636	15	1.990566e-04	2.523054e-05	1
16	rs4889633:31216909:G:C	31216909	10	-3.773661e-04	-4.915849e-05	1
16	rs4889634	30878863	0	-5.950869e-04	-6.957606e-05	1
16	rs4889647:31331007:G:C	31331007	7	5.665726e-04	6.749156e-05	1
16	rs4889649:31362263:T:G	31362263	5	4.879497e-05	5.546956e-06	1
16	rs4889651	30895545	0	8.070764e-05	9.300141e-06	1
16	rs4889653:30895713:C:T	30895713	3	9.343933e-05	1.079990e-05	1
16	rs4889655:31421209:T:C	31421209	8	-1.307995e-03	-2.299166e-04	1
16	rs4889657	31436932	0	-4.034336e-05	-7.177450e-06	1
16	rs5013201:30404522:C:T	30404522	14	3.928000e-04	7.690475e-05	1
16	rs55667375:31155458:C:T	31155458	15	-5.338501e-04	-6.875315e-05	1
16	rs55676522	30883849	0	-5.141328e-04	-1.079368e-04	1
16	rs55678597:30118232:G:A	30118232	8	-8.076730e-05	-1.310696e-05	1
16	rs55680039	30048962	0	2.027193e-04	4.013009e-05	1
16	rs55731737:31017683:C:G	31017683	13	2.825059e-04	3.562450e-05	1
16	rs55742763:31340368:G:A	31340368	3	-4.317164e-04	-4.919695e-05	1
16	rs55762054:30015249:C:A	30015249	11	2.316576e-05	3.502327e-06	1
16	rs55861648:30833896:G:A	30833896	7	1.032422e-03	2.019564e-04	1
16	rs55903157	29994398	0	2.378592e-04	4.641125e-05	1
16	rs55908605:31015877:C:T	31015877	13	2.825059e-04	3.562448e-05	1
16	rs55912556:31355360:T:A	31355360	8	1.388841e-04	1.660069e-05	1
16	rs55919902:30473161:G:A	30473161	11	1.512958e-04	2.304011e-05	1
16	rs55979739	31049155	0	2.719573e-04	2.945488e-05	1
16	rs56083427:30881298:C:T	30881298	11	-1.813450e-04	-2.141244e-05	1
16	rs56106502	29617167	2	1.850747e-04	3.403412e-05	1
16	rs56142883:30875335:C:T	30875335	12	3.326585e-04	7.145277e-05	1
16	rs56143700	30360998	0	3.136783e-04	6.408857e-05	1
16	rs56153335:30605536:C:T	30605536	15	-3.063916e-04	-4.598187e-05	1
16	rs56183743	30007325	0	-2.895942e-05	-4.509766e-06	1
16	rs56193946	30956651	0	4.563475e-04	5.973599e-05	1
16	rs56284083:31052895:G:A	31052895	7	3.542230e-04	3.887455e-05	1
16	rs56304025:31415004:C:T	31415004	14	-4.260503e-04	-5.432496e-05	1
16	rs56311083	30557392	0	7.144869e-05	1.132520e-05	1
16	rs56314408:31117389:T:C	31117389	11	-3.416950e-05	-3.766903e-06	1
16	rs56329348	30030092	1	7.031169e-05	1.369231e-05	1
16	rs56388508:31132510:C:T	31132510	5	7.433815e-04	9.567762e-05	1
16	rs56391383:30538419:G:A	30538419	9	3.678862e-04	3.989214e-05	1
16	rs56392848:31360892:A:G	31360892	13	8.199476e-05	9.807695e-06	1
16	rs56399904:30166183:C:T	30166183	9	-3.956630e-04	-4.401976e-05	1
16	rs56404782:31126535:C:T	31126535	12	5.728939e-04	6.940544e-05	1
16	rs56813533:31070481:A:T	31070481	12	-2.282322e-04	-2.581422e-05	1
16	rs57312298:30012691:C:T	30012691	4	1.869006e-05	2.872966e-06	1
16	rs57348955	31185882	0	3.612283e-04	4.155950e-05	1
16	rs57526361:30646496:G:A	30646496	4	2.140982e-04	2.266605e-05	1
16	rs57576577:31036367:G:A	31036367	11	2.163730e-04	2.347955e-05	1
16	rs57615206:30014034:C:T	30014034	3	-1.840664e-05	-2.812730e-06	1
16	rs58200984:31343235:T:C	31343235	9	-8.213927e-04	-1.404107e-04	1
16	rs58352473:31322218:A:G	31322218	1	-7.058077e-04	-1.153481e-04	1
16	rs58483534:30131301:T:C	30131301	6	-2.052382e-04	-3.302619e-05	1
16	rs58656594:31330178:C:T	31330178	2	-7.040384e-04	-1.152328e-04	1
16	rs58726213:31044683:A:G	31044683	10	2.193412e-04	2.380602e-05	1
16	rs58827327:31322334:G:A	31322334	0	-6.927166e-04	-1.120028e-04	1
16	rs59016792:31355328:A:C	31355328	8	-6.401055e-06	-7.610104e-07	1
16	rs59061704:31062704:G:C	31062704	10	4.697957e-05	5.007863e-06	1
16	rs59381569	31400352	2	3.704822e-04	4.140274e-05	1
16	rs59419098:30010363:C:T	30010363	3	-2.250729e-06	-3.354075e-07	1
16	rs59735493:31133100:G:A	31133100	0	-2.764999e-04	-3.196312e-05	1
16	rs59924013:31109290:G:T	31109290	14	7.590658e-06	8.249420e-07	1
16	rs60285690:30165200:G:A	30165200	10	-7.389023e-04	-9.216873e-05	1
16	rs60312440:31340086:C:T	31340086	1	5.291700e-04	8.046433e-05	1
16	rs60683614:29999993:C:T	29999993	3	-1.134058e-04	-1.874780e-05	1
16	rs60978850	30010475	1	-3.761984e-06	-5.582780e-07	1
16	rs61162043:31114234:A:G	31114234	15	1.580190e-04	1.722318e-05	1
16	rs61194152:31355137:G:A	31355137	1	-5.496655e-04	-6.503965e-05	1
16	rs61239537:31012813:G:T	31012813	15	5.874419e-04	7.270797e-05	1
16	rs61320757:31134059:G:A	31134059	4	-3.078160e-04	-3.643817e-05	1
16	rs61396327:30644253:A:T	30644253	2	1.209449e-04	1.276109e-05	1
16	rs61738568	30680655	0	3.065941e-04	6.495658e-05	1
16	rs61744716	30569349	2	6.569754e-05	1.278787e-05	1
16	rs61764220	30127888	1	5.907510e-05	1.161511e-05	1
16	rs61978578:30408961:C:T	30408961	14	5.056273e-04	1.025081e-04	1
16	rs62001041	31418869	0	-5.666125e-04	-1.094330e-04	1
16	rs62051470:31309664:A:G	31309664	1	-7.058077e-04	-1.153481e-04	1
16	rs62051471	31309805	4	1.375240e-04	2.039516e-05	1
16	rs62051472	31312501	0	-6.927166e-04	-1.120028e-04	1
16	rs62051481:31323676:A:G	31323676	1	-7.058077e-04	-1.153481e-04	1
16	rs62051517:31346344:T:C	31346344	1	-5.634985e-04	-6.670316e-05	1
16	rs62051518:31353298:C:T	31353298	9	-4.904107e-04	-7.729291e-05	1
16	rs62051523:31356753:C:T	31356753	2	-6.816001e-04	-1.066933e-04	1
16	rs62051534:31393628:G:C	31393628	11	8.911205e-05	1.096535e-05	1
16	rs62051537	31402105	0	-4.439193e-04	-8.176624e-05	1
16	rs62051540	31426065	0	2.001782e-04	3.364666e-05	1
16	rs62051541:31428728:A:T	31428728	6	8.376608e-05	1.384978e-05	1
16	rs62054769:31255610:A:G	31255610	13	-2.027847e-04	-3.009706e-05	1
16	rs62054860	29720349	0	-3.810015e-04	-5.178709e-05	1
16	rs62054862:29723193:A:G	29723193	5	-9.001049e-04	-1.650119e-04	1
16	rs62054863:29723815:C:A	29723815	9	-8.472457e-04	-1.506059e-04	1
16	rs62054867:29726088:G:A	29726088	8	-7.977956e-04	-1.384752e-04	1
16	rs62054874:29734427:G:A	29734427	11	-7.773950e-04	-1.346422e-04	1
16	rs62054875:29735902:A:G	29735902	14	-6.488665e-04	-1.051851e-04	1
16	rs62054877:29738423:T:C	29738423	10	-5.490093e-04	-8.397107e-05	1
16	rs62054880:29740557:A:G	29740557	5	-5.373696e-04	-8.129025e-05	1
16	rs62054881:29740571:G:A	29740571	2	-5.708528e-04	-8.800358e-05	1
16	rs62055376:30164758:G:A	30164758	11	-3.365912e-04	-3.653517e-05	1
16	rs62055459:30398408:T:C	30398408	12	-1.179800e-03	-2.037658e-04	1
16	rs62055866:30969557:G:C	30969557	6	4.239682e-04	4.620021e-05	1
16	rs62056371:29834954:C:T	29834954	1	5.715532e-04	9.064812e-05	1
16	rs62056375:29857901:G:A	29857901	4	7.579063e-05	1.110531e-05	1
16	rs62057183:30744826:C:T	30744826	8	6.992297e-04	1.297999e-04	1
16	rs62057184	30745976	0	7.203365e-04	1.333594e-04	1
16	rs62057223:30801987:G:T	30801987	7	-6.758093e-05	-6.874484e-06	1
16	rs62057232:30820866:T:C	30820866	11	-9.801888e-04	-1.395418e-04	1
16	rs62059023:29681707:G:A	29681707	6	-8.233364e-04	-1.039352e-04	1
16	rs62059024:29681734:C:T	29681734	4	-7.378660e-04	-8.936443e-05	1
16	rs62059025:29692277:T:A	29692277	16	-9.115945e-04	-1.213281e-04	1
16	rs62060162	29710492	0	-5.388185e-04	-8.156605e-05	1
16	rs62060163:29710682:T:C	29710682	1	-4.667890e-04	-6.904149e-05	1
16	rs62060164:29711801:G:A	29711801	4	-4.042068e-04	-5.912694e-05	1
16	rs62060166:29713913:G:A	29713913	5	-4.219323e-04	-6.217167e-05	1
16	rs62060167:29715145:C:G	29715145	5	-4.160563e-04	-6.119977e-05	1
16	rs62622830:30770950:T:C	30770950	4	9.015994e-04	1.607745e-04	1
16	rs634395:29719579:G:C	29719579	10	2.670324e-04	3.432552e-05	1
16	rs634396:29719580:T:C	29719580	11	2.714775e-04	3.497514e-05	1
16	rs634977:29733308:C:A	29733308	12	3.466495e-04	4.544611e-05	1
16	rs645946:29734314:G:A	29734314	10	4.562988e-04	6.344827e-05	1
16	rs648559	29740645	0	4.327026e-04	5.791840e-05	1
16	rs6565169	29692692	1	-1.490574e-04	-1.643335e-05	1
16	rs6565173:29974167:G:A	29974167	3	6.437795e-04	8.064428e-05	1
16	rs6565174	30111904	0	4.965748e-06	7.581098e-07	1
16	rs6565176	30174926	1	-6.879729e-04	-8.258720e-05	1
16	rs6565182:30374381:C:T	30374381	5	9.449904e-04	1.359952e-04	1
16	rs6565183:30382755:T:C	30382755	14	8.304524e-04	1.111645e-04	1
16	rs6565191	30546488	3	6.584686e-04	7.627997e-05	1
16	rs6565193:30600260:T:C	30600260	7	-2.756838e-04	-5.455132e-05	1
16	rs6565194:30648503:C:A	30648503	16	6.403010e-05	6.992414e-06	1
16	rs6565195:30648547:G:A	30648547	7	1.438585e-04	1.495232e-05	1
16	rs6565197:30706477:T:C	30706477	5	-1.648233e-04	-1.733480e-05	1
16	rs6565207:30835963:G:A	30835963	7	1.412083e-04	1.439754e-05	1
16	rs6565214:31059639:C:T	31059639	13	2.362176e-04	2.980845e-05	1
16	rs6565217:31083324:G:A	31083324	14	4.505946e-05	4.883054e-06	1
16	rs6565227:31328991:A:T	31328991	3	2.535901e-04	3.503515e-05	1
16	rs6565228:31329280:G:A	31329280	3	2.535901e-04	3.503515e-05	1
16	rs66467443:30050494:G:A	30050494	9	-2.647937e-04	-2.962418e-05	1
16	rs66818723:29887215:T:C	29887215	9	-4.642091e-04	-5.741642e-05	1
16	rs67218159:30050505:C:T	30050505	9	-2.369317e-04	-2.611101e-05	1
16	rs67264578:30879395:G:A	30879395	14	-2.175963e-04	-2.587704e-05	1
16	rs67456513:30714828:A:T	30714828	9	-2.229120e-04	-2.365571e-05	1
16	rs67456613	30888295	1	6.858425e-05	7.965019e-06	1
16	rs67575668:29669560:C:T	29669560	9	-7.154377e-04	-1.284432e-04	1
16	rs67817011:30179098:G:C	30179098	10	4.901112e-06	8.411405e-07	1
16	rs67898294:31362711:C:T	31362711	16	2.742776e-04	4.045606e-05	1
16	rs6950:30995669:T:C	30995669	4	4.730794e-04	5.248215e-05	1
16	rs71277298:29732886:A:G	29732886	8	1.607695e-04	3.334956e-05	1
16	rs71389428:29842632:G:A	29842632	3	4.334228e-04	6.593108e-05	1
16	rs71389429:29842635:C:T	29842635	3	4.334228e-04	6.593108e-05	1
16	rs71389435	29907027	0	8.345342e-05	1.660238e-05	1
16	rs71389462	30326963	0	1.114237e-04	1.971478e-05	1
16	rs71391210:31364975:C:T	31364975	16	9.006232e-05	1.300514e-05	1
16	rs7184055:30640550:C:T	30640550	8	2.765104e-04	2.880465e-05	1
16	rs7184288:29935052:G:C	29935052	15	2.244752e-04	2.512801e-05	1
16	rs7184339:31288914:G:A	31288914	10	1.691325e-04	2.455270e-05	1
16	rs7184567:31021078:C:T	31021078	7	8.936304e-05	9.443613e-06	1
16	rs7184677:31289066:G:A	31289066	10	1.691325e-04	2.455270e-05	1
16	rs7185007:30927509:C:T	30927509	14	-2.000517e-04	-2.486392e-05	1
16	rs7185620:30648260:A:G	30648260	5	-1.364411e-05	-1.444818e-06	1
16	rs7186852	30635659	1	3.045546e-04	3.273219e-05	1
16	rs7187071:30644567:C:T	30644567	2	1.209449e-04	1.276112e-05	1
16	rs7187359	30703155	1	-2.405888e-04	-2.547276e-05	1
16	rs7187713:31319521:T:C	31319521	2	2.582187e-04	3.753201e-05	1
16	rs7187802:30639710:G:A	30639710	16	1.980161e-04	2.153076e-05	1
16	rs7188789:30640185:G:A	30640185	10	4.114948e-04	4.519257e-05	1
16	rs7189550:29911260:G:A	29911260	1	-3.185413e-04	-3.598450e-05	1
16	rs7189750	29911416	0	-3.086153e-04	-3.478311e-05	1
16	rs7189870:29735063:C:T	29735063	14	-6.488665e-04	-1.051850e-04	1
16	rs7190018:31301478:G:A	31301478	4	2.441134e-04	3.548472e-05	1
16	rs7190132:29752794:G:C	29752794	4	-8.505542e-04	-1.406685e-04	1
16	rs7190185:29962352:A:G	29962352	8	5.385173e-04	6.599454e-05	1
16	rs7190807:31301910:G:C	31301910	6	3.251121e-04	4.647665e-05	1
16	rs7191389:30636737:G:C	30636737	5	2.097837e-04	2.241304e-05	1
16	rs7191511:31290293:G:A	31290293	14	1.959853e-04	2.876312e-05	1
16	rs7191761:30645416:G:C	30645416	2	1.209449e-04	1.276113e-05	1
16	rs7191849:30023157:T:C	30023157	10	-3.388365e-04	-3.761776e-05	1
16	rs7192039:31290520:T:C	31290520	10	2.140465e-04	3.132941e-05	1
16	rs7192161:31331958:C:T	31331958	7	5.665726e-04	6.749158e-05	1
16	rs7192375:31338938:A:G	31338938	6	2.341422e-04	2.781876e-05	1
16	rs7192475:30828672:G:T	30828672	7	5.653417e-06	5.922080e-07	1
16	rs7193268:31340997:C:T	31340997	1	5.291700e-04	8.046429e-05	1
16	rs7193532:29962802:G:A	29962802	3	5.264531e-04	6.373567e-05	1
16	rs7193756:29749904:G:T	29749904	1	-7.991765e-04	-1.266439e-04	1
16	rs7193943	31271063	1	-1.013837e-04	-1.218979e-05	1
16	rs7195050:29711343:C:T	29711343	5	-3.923974e-04	-5.376513e-05	1
16	rs7195182:30169761:G:C	30169761	9	-7.608077e-04	-9.514635e-05	1
16	rs7195557:29683587:A:C	29683587	14	9.113194e-06	1.006223e-06	1
16	rs7195596:29749599:T:C	29749599	1	-7.991765e-04	-1.266439e-04	1
16	rs7195915:31344455:A:G	31344455	6	-5.112693e-04	-5.979372e-05	1
16	rs7195945:31344309:T:C	31344309	6	-5.112693e-04	-5.979372e-05	1
16	rs7196161:31110981:G:A	31110981	15	6.401180e-06	7.027675e-07	1
16	rs7196256:31273530:T:A	31273530	13	-2.616361e-04	-3.247143e-05	1
16	rs7196298:30528272:C:A	30528272	14	9.613547e-04	2.290065e-04	1
16	rs7196726	31092075	0	1.531772e-04	1.651085e-05	1
16	rs7197001:30155031:T:C	30155031	9	-6.583759e-04	-7.645331e-05	1
16	rs7197475	30642867	0	1.023134e-04	1.078008e-05	1
16	rs7197717:31083075:A:C	31083075	10	1.391736e-04	1.500278e-05	1
16	rs7197770:30715908:T:C	30715908	9	-2.229120e-04	-2.365569e-05	1
16	rs7198598:31319283:G:A	31319283	2	2.582187e-04	3.753200e-05	1
16	rs7199949:31096164:G:C	31096164	8	1.570597e-04	1.695191e-05	1
16	rs7200615:31337155:G:A	31337155	1	4.413246e-04	6.704051e-05	1
16	rs7200879	30947572	0	-3.904652e-04	-4.876246e-05	1
16	rs7201384:29924905:A:G	29924905	2	9.537398e-04	1.290028e-04	1
16	rs7201518:30082508:G:T	30082508	8	-1.168213e-04	-1.241281e-05	1
16	rs7201519:29859977:A:G	29859977	2	2.598935e-04	3.874827e-05	1
16	rs7201780	30147265	0	2.412999e-04	2.587219e-05	1
16	rs7202271:30022656:G:C	30022656	5	4.874001e-05	7.402161e-06	1
16	rs7202714	30177807	0	-5.974058e-05	-6.739594e-06	1
16	rs7203224:30061754:G:A	30061754	6	-1.860841e-04	-3.074076e-05	1
16	rs7203359:30400307:T:C	30400307	13	-1.022829e-03	-1.603460e-04	1
16	rs7203712	29716569	0	-4.147375e-04	-5.694060e-05	1
16	rs7203999:31017554:T:C	31017554	15	1.986832e-04	2.115741e-05	1
16	rs7204459:30984212:G:A	30984212	13	5.605026e-04	6.524716e-05	1
16	rs7204632:30644216:C:T	30644216	4	2.799659e-04	2.928728e-05	1
16	rs7204735:31350161:G:C	31350161	5	4.963287e-04	7.417073e-05	1
16	rs7204797:29968015:C:T	29968015	4	6.546805e-04	8.268930e-05	1
16	rs7204852:30040178:C:G	30040178	4	-2.369108e-04	-2.599897e-05	1
16	rs7205278:29754683:T:C	29754683	7	-8.825256e-04	-1.494326e-04	1
16	rs7205479:30644261:A:T	30644261	2	1.209449e-04	1.276114e-05	1
16	rs7205802	30114124	1	-1.000635e-04	-1.063670e-05	1
16	rs7206295:31336519:T:C	31336519	16	5.624636e-05	6.765636e-06	1
16	rs7206312:31322048:G:A	31322048	2	9.391927e-05	1.379747e-05	1
16	rs7206511:30950352:G:A	30950352	6	2.489583e-04	2.601489e-05	1
16	rs72483435:29752368:A:G	29752368	3	-7.908991e-04	-1.404916e-04	1
16	rs72785506	31051496	0	-9.630803e-05	-1.949318e-05	1
16	rs72785511:31059325:T:C	31059325	11	-2.298547e-04	-4.164082e-05	1
16	rs72785520:31070778:C:T	31070778	14	7.117500e-05	7.642416e-06	1
16	rs72785521:31078140:A:T	31078140	12	4.227208e-04	5.553245e-05	1
16	rs72785525:31080775:G:A	31080775	12	3.528369e-04	4.560707e-05	1
16	rs72785535:31094679:C:T	31094679	7	3.106216e-04	3.951049e-05	1
16	rs72785546:31119462:G:A	31119462	12	6.147400e-04	7.556337e-05	1
16	rs72785547:31119554:G:A	31119554	14	7.003467e-04	8.908011e-05	1
16	rs72785553:31138445:G:A	31138445	5	7.375567e-04	9.460621e-05	1
16	rs72785554	31139261	0	-5.173482e-04	-9.475334e-05	1
16	rs72789314	31419703	3	-1.861188e-04	-2.579684e-05	1
16	rs72791208:30035806:C:T	30035806	8	6.675742e-05	1.311868e-05	1
16	rs72791222	30059792	0	2.353045e-04	4.618224e-05	1
16	rs72791226:30091251:C:T	30091251	9	-2.524269e-05	-4.976244e-06	1
16	rs72791231:30111922:G:A	30111922	7	7.455114e-05	1.474678e-05	1
16	rs72791250	30349065	0	4.602790e-04	9.455206e-05	1
16	rs72791981:31327179:T:C	31327179	2	-7.873575e-04	-1.346622e-04	1
16	rs72793348	30573059	3	5.152670e-04	1.124922e-04	1
16	rs72793351:30602563:G:A	30602563	16	-3.135029e-04	-4.713655e-05	1
16	rs72793368:30685272:A:T	30685272	1	4.949522e-04	1.042490e-04	1
16	rs72793369	30703455	1	4.882823e-04	1.025404e-04	1
16	rs72793372	30718873	0	9.918993e-04	1.862357e-04	1
16	rs72793373	30719158	0	-1.792555e-04	-3.667661e-05	1
16	rs72793375:30737905:G:A	30737905	8	9.573706e-04	1.783026e-04	1
16	rs72793380:30758743:C:A	30758743	4	1.182436e-04	1.912020e-05	1
16	rs72793383:30785467:G:A	30785467	3	-6.005699e-05	-1.225977e-05	1
16	rs72798106:29658573:C:T	29658573	7	-2.942550e-04	-3.174617e-05	1
16	rs72798129	29821295	2	4.974435e-05	8.392262e-06	1
16	rs72798151	29933890	1	2.773165e-04	5.580857e-05	1
16	rs72799316:30827205:A:G	30827205	13	-3.428219e-05	-3.626114e-06	1
16	rs72799319:30852783:G:A	30852783	14	9.212932e-04	1.671961e-04	1
16	rs72799321:30874830:G:T	30874830	14	1.010627e-03	1.922517e-04	1
16	rs72799330:30893555:C:A	30893555	8	-1.208493e-04	-1.404431e-05	1
16	rs72799341:30936743:G:A	30936743	9	-2.761666e-04	-3.425807e-05	1
16	rs72799363:30981884:C:T	30981884	10	5.673733e-04	7.803015e-05	1
16	rs72799368:30988943:G:A	30988943	10	5.673733e-04	7.803014e-05	1
16	rs72800840	31009786	1	1.357910e-04	2.687636e-05	1
16	rs72800841:31014247:G:A	31014247	14	3.917066e-04	5.050956e-05	1
16	rs72800842:31015439:C:A	31015439	12	2.365773e-04	2.955877e-05	1
16	rs72800845:31020921:G:A	31020921	11	1.834702e-04	2.274339e-05	1
16	rs72800846:31020922:T:A	31020922	11	1.834702e-04	2.274338e-05	1
16	rs72800847	31022639	0	3.264703e-04	3.728673e-05	1
16	rs72800849:31023414:C:A	31023414	11	1.834702e-04	2.274338e-05	1
16	rs72800851	31023515	0	5.331100e-05	1.042023e-05	1
16	rs72800854:31036237:C:T	31036237	9	2.174860e-04	2.701339e-05	1
16	rs72800858:31047773:G:A	31047773	12	2.547582e-04	3.190876e-05	1
16	rs7294	31102321	1	1.706387e-04	1.852408e-05	1
16	rs729482	31016970	1	5.401568e-04	6.449401e-05	1
16	rs732173	31050023	0	1.887819e-04	2.043514e-05	1
16	rs73524556:30823162:G:A	30823162	13	7.977747e-05	8.353213e-06	1
16	rs73526294:29652229:G:A	29652229	14	-2.868632e-04	-4.605143e-05	1
16	rs73530179:30107781:A:G	30107781	12	-4.423268e-05	-4.702596e-06	1
16	rs73530203:31099859:G:A	31099859	11	4.702408e-04	5.629517e-05	1
16	rs73532600:30398677:G:A	30398677	11	-1.135056e-03	-1.896103e-04	1
16	rs73534420:31311374:G:T	31311374	4	2.441134e-04	3.548470e-05	1
16	rs7359380:29902414:C:T	29902414	9	-4.361368e-04	-5.353253e-05	1
16	rs74015522:31424785:C:G	31424785	10	-1.516807e-04	-3.009003e-05	1
16	rs74017619:29437092:T:G	29437092	6	-5.320913e-05	-9.896115e-06	1
16	rs741810	31193942	1	-2.078273e-04	-2.621348e-05	1
16	rs74249933	29751163	0	-7.258976e-04	-1.094602e-04	1
16	rs74315902	30742669	0	5.974144e-05	1.199302e-05	1
16	rs74400203:30036049:C:T	30036049	3	-1.397162e-04	-2.285631e-05	1
16	rs74451468	30146257	0	-3.666747e-04	-6.598960e-05	1
16	rs74483355:30836430:C:T	30836430	9	3.343610e-04	5.549481e-05	1
16	rs74767856:30095734:G:A	30095734	6	1.299711e-04	2.111953e-05	1
16	rs74893465	29749194	0	-8.587720e-04	-1.583255e-04	1
16	rs749670	31088625	1	-4.112613e-04	-4.773711e-05	1
16	rs749671	31088347	0	-1.025864e-04	-1.138325e-05	1
16	rs749767	31124407	0	8.622550e-06	9.733515e-07	1
16	rs7498372:29910725:A:G	29910725	5	-3.125768e-04	-3.458980e-05	1
16	rs7499077:31317505:G:A	31317505	2	-4.179123e-04	-4.900422e-05	1
16	rs7499339:30636777:C:T	30636777	9	2.531948e-04	2.641466e-05	1
16	rs7500176:31041137:G:A	31041137	9	6.337319e-04	7.884036e-05	1
16	rs7501207:31351552:G:A	31351552	5	1.881859e-04	2.169218e-05	1
16	rs750952	31093954	1	9.261481e-05	1.001642e-05	1
16	rs75231191:30788601:C:T	30788601	6	5.878139e-04	1.051420e-04	1
16	rs75281532:29607027:G:C	29607027	15	1.269394e-05	2.492534e-06	1
16	rs7542	30125840	3	2.294642e-04	2.449990e-05	1
16	rs75422760:29748442:C:T	29748442	7	-6.031152e-04	-9.941867e-05	1
16	rs75500538:30782449:G:A	30782449	4	4.603281e-04	7.813491e-05	1
16	rs75516730	31262804	0	1.118858e-04	1.855697e-05	1
16	rs75585721	31033705	0	4.034489e-05	7.724678e-06	1
16	rs75586365:30996363:C:T	30996363	5	3.439070e-04	5.853858e-05	1
16	rs75586809	31090269	0	-1.543014e-04	-3.144691e-05	1
16	rs75721735	30079724	3	-2.700043e-04	-4.667205e-05	1
16	rs76106647	30388890	0	6.939854e-05	1.344718e-05	1
16	rs76145432:29762999:A:G	29762999	10	-5.026761e-04	-7.726632e-05	1
16	rs76264759:29628208:G:A	29628208	16	-9.566171e-05	-1.836668e-05	1
16	rs76338569:29668116:G:A	29668116	14	-3.108617e-04	-5.713469e-05	1
16	rs76345698:30946165:G:A	30946165	3	3.135387e-04	5.188471e-05	1
16	rs76359228	30553899	2	-2.241508e-03	-1.587886e-03	1
16	rs76445101:29751561:C:T	29751561	0	-7.258976e-04	-1.094602e-04	1
16	rs76468440:31354822:G:A	31354822	2	-6.816001e-04	-1.066933e-04	1
16	rs76712312	29976076	3	-6.779146e-04	-1.403625e-04	1
16	rs76750340	31231066	0	-1.259275e-04	-2.489558e-05	1
16	rs76840156:29965436:C:T	29965436	3	-3.630019e-05	-7.278493e-06	1
16	rs76901882:29754486:C:A	29754486	5	-8.393676e-04	-1.539364e-04	1
16	rs76919728	30933851	5	2.835009e-04	5.744516e-05	1
16	rs7698:30125800:G:A	30125800	3	-1.744281e-04	-2.924082e-05	1
16	rs77000650:29749969:C:T	29749969	2	-7.886542e-04	-1.398567e-04	1
16	rs77042391	30138432	0	-1.258485e-04	-2.500919e-05	1
16	rs77070948:30019821:G:A	30019821	6	-2.374877e-04	-4.204188e-05	1
16	rs77088799	30933547	0	8.274127e-05	1.682010e-05	1
16	rs77218983:31001268:T:C	31001268	11	1.896189e-04	3.952501e-05	1
16	rs77250249	30841085	0	-9.870774e-05	-2.020501e-05	1
16	rs77294208	31427212	0	-5.969469e-05	-1.204915e-05	1
16	rs77355772:31038048:G:C	31038048	3	-1.077252e-05	-2.095711e-06	1
16	rs77503088	30814764	1	-8.343642e-05	-1.491163e-05	1
16	rs77604316:30921487:G:A	30921487	6	1.907595e-04	3.112148e-05	1
16	rs77663651:29750851:A:G	29750851	1	-8.009279e-04	-1.429874e-04	1
16	rs77679610:30462291:C:G	30462291	12	-4.309400e-05	-8.450698e-06	1
16	rs77685267:30192435:T:C	30192435	15	-4.089427e-04	-6.643777e-05	1
16	rs77689392	30424412	1	-1.806299e-04	-3.562159e-05	1
16	rs77730873:30046763:A:C	30046763	6	-5.030845e-05	-1.032143e-05	1
16	rs77871165	30405895	1	-1.107840e-04	-2.197960e-05	1
16	rs77907130:31432873:T:C	31432873	1	-6.067737e-06	-1.228542e-06	1
16	rs78008308	30014976	0	-6.538000e-05	-1.292170e-05	1
16	rs78055730:29584446:C:G	29584446	16	9.127366e-05	1.807840e-05	1
16	rs78154181:31353648:A:G	31353648	3	-5.491216e-04	-6.496480e-05	1
16	rs78210758:30063191:G:A	30063191	6	-3.241795e-04	-5.789115e-05	1
16	rs78244732:29764804:G:A	29764804	12	-3.283727e-04	-4.860086e-05	1
16	rs78363733:30030333:C:A	30030333	6	-2.155593e-04	-3.715235e-05	1
16	rs78382251	30704893	0	4.548426e-04	7.343118e-05	1
16	rs78417606:29874855:C:G	29874855	16	-1.385451e-04	-2.865070e-05	1
16	rs78520265:29750947:T:G	29750947	1	-8.009279e-04	-1.429873e-04	1
16	rs78564187	30131777	0	-5.884312e-05	-9.464053e-06	1
16	rs78641771:30916404:C:T	30916404	7	1.305252e-04	2.609141e-05	1
16	rs78748952	31307384	2	-5.659233e-05	-8.665687e-06	1
16	rs78807581:30014975:G:T	30014975	7	5.426280e-05	1.113519e-05	1
16	rs78850123:29679227:G:A	29679227	4	-1.340715e-04	-2.755177e-05	1
16	rs78924645	31154358	0	-7.183074e-04	-9.920764e-05	1
16	rs78985803	30812608	0	3.266878e-04	5.714655e-05	1
16	rs79030220	31099582	1	-3.651525e-04	-6.471693e-05	1
16	rs79043334:29671016:C:A	29671016	16	-2.076316e-04	-3.854300e-05	1
16	rs79128613:30788236:T:C	30788236	5	3.863868e-04	7.017736e-05	1
16	rs79597785	30735038	0	8.765251e-05	1.753615e-05	1
16	rs79619339:30058313:G:A	30058313	4	1.589275e-04	3.139664e-05	1
16	rs79623117	30190891	0	-3.465271e-04	-6.755614e-05	1
16	rs79645868	31220394	1	2.369428e-04	4.849624e-05	1
16	rs79758803:29753925:T:C	29753925	4	-8.517194e-04	-1.573341e-04	1
16	rs79867441:29950820:C:T	29950820	11	-2.063568e-04	-3.516941e-05	1
16	rs79912852:31154345:G:A	31154345	13	-5.147021e-04	-9.912055e-05	1
16	rs79974799:30996795:C:T	30996795	5	3.439070e-04	5.853855e-05	1
16	rs80157007	30598966	0	1.065230e-04	2.059153e-05	1
16	rs80225586	30406410	0	4.602790e-04	9.455208e-05	1
16	rs80273739:29933901:A:G	29933901	12	-2.758609e-05	-5.389305e-06	1
16	rs80282267:30059960:G:A	30059960	12	-1.986508e-04	-4.056641e-05	1
16	rs8043811:29764279:A:T	29764279	14	-1.667212e-04	-2.231822e-05	1
16	rs8043883:30044581:G:A	30044581	4	-2.373797e-04	-2.605207e-05	1
16	rs8044482:31345752:T:C	31345752	6	-4.536125e-04	-5.140611e-05	1
16	rs8045351:29737351:T:A	29737351	13	-7.300669e-04	-1.222038e-04	1
16	rs8045637:30818662:C:T	30818662	15	-1.595289e-04	-1.699339e-05	1
16	rs8046001	30833321	2	-1.365135e-04	-1.442548e-05	1
16	rs8046381	31379355	0	-2.549458e-05	-4.295425e-06	1
16	rs8046978:31072909:G:A	31072909	14	3.393753e-04	4.372580e-05	1
16	rs8047104:31079505:C:G	31079505	11	4.454195e-04	5.884126e-05	1
16	rs8047140	29922988	0	6.307954e-04	1.093212e-04	1
16	rs8047664:30844546:T:C	30844546	16	-4.136683e-04	-9.145572e-05	1
16	rs8047803:31079834:C:A	31079834	15	1.689969e-04	1.835533e-05	1
16	rs8048011	30866966	1	9.403961e-05	1.815769e-05	1
16	rs8048139:30166626:A:T	30166626	8	-4.356397e-04	-4.881233e-05	1
16	rs8048228:31064060:A:G	31064060	12	3.627934e-04	4.691889e-05	1
16	rs8048433:29931593:T:C	29931593	10	5.619270e-04	6.711573e-05	1
16	rs8048448:30692208:T:C	30692208	15	-3.870883e-04	-4.536689e-05	1
16	rs8049108	30376486	1	7.715685e-04	9.833016e-05	1
16	rs8049837	30089438	0	-1.527841e-04	-2.461734e-05	1
16	rs8050107:30893451:C:T	30893451	7	1.218358e-04	1.416107e-05	1
16	rs8050500	31404571	0	7.077927e-04	8.389776e-05	1
16	rs8050576:29919792:A:G	29919792	8	2.716578e-04	2.812148e-05	1
16	rs8050588:30937799:G:A	30937799	7	-7.610789e-05	-7.949205e-06	1
16	rs8050894:31104509:C:G	31104509	9	-1.397573e-04	-1.550729e-05	1
16	rs8051721:30047920:T:C	30047920	14	-4.700509e-05	-8.075606e-06	1
16	rs8051833:29896390:G:A	29896390	14	-3.488424e-04	-4.190701e-05	1
16	rs8052324:31334682:T:G	31334682	13	1.285711e-04	1.538102e-05	1
16	rs8052502:29929728:C:T	29929728	2	6.768286e-04	8.051565e-05	1
16	rs8054172:29655864:T:C	29655864	5	-2.425647e-04	-2.595495e-05	1
16	rs8054272:29692224:A:G	29692224	5	-3.983492e-05	-4.400345e-06	1
16	rs8054507	30046042	2	-2.342963e-04	-2.591379e-05	1
16	rs8054556:29958216:G:A	29958216	8	6.972529e-04	9.085105e-05	1
16	rs8055867:29958215:C:T	29958215	8	-2.087243e-04	-3.520066e-05	1
16	rs8056216:30009589:G:A	30009589	2	-3.894570e-05	-5.853379e-06	1
16	rs8056276:31323916:A:T	31323916	2	2.517855e-04	3.470607e-05	1
16	rs8056505:31214898:C:T	31214898	16	4.408648e-04	5.674374e-05	1
16	rs8056535:29960468:G:A	29960468	5	5.625318e-04	6.894017e-05	1
16	rs8056842:31047330:T:C	31047330	8	3.013567e-04	3.275875e-05	1
16	rs8056929	30570011	0	-4.016063e-04	-5.960977e-05	1
16	rs8056944:31283744:C:G	31283744	14	2.406161e-04	3.417141e-05	1
16	rs8057320:31269551:C:T	31269551	8	-8.518398e-05	-1.011007e-05	1
16	rs8057425:30182541:T:C	30182541	9	-7.012705e-04	-8.551123e-05	1
16	rs8058049:29684572:G:A	29684572	13	-9.554980e-04	-1.314891e-04	1
16	rs8058765:30013457:G:A	30013457	4	1.869006e-05	2.873053e-06	1
16	rs8058824	29828710	0	5.784272e-04	9.163137e-05	1
16	rs8058882:31350665:A:G	31350665	2	1.676350e-04	1.905031e-05	1
16	rs8058928:30704312:T:G	30704312	11	-1.824078e-04	-1.924545e-05	1
16	rs8059475:30868485:A:G	30868485	4	4.374504e-04	5.357854e-05	1
16	rs8059619	29925445	1	6.585156e-04	7.810633e-05	1
16	rs8060163:31297146:G:T	31297146	1	-5.885357e-04	-9.118143e-05	1
16	rs8060268:31345280:T:C	31345280	8	3.470160e-05	4.104287e-06	1
16	rs8060511	30101596	0	-7.947887e-05	-8.398183e-06	1
16	rs8060853	30403858	1	-1.100891e-03	-1.779840e-04	1
16	rs8060857:31002720:G:A	31002720	5	4.971711e-04	5.563451e-05	1
16	rs8061047:31068960:T:C	31068960	13	4.381026e-05	4.698928e-06	1
16	rs8061634:29833414:T:G	29833414	14	5.170819e-04	8.091751e-05	1
16	rs8061772	30119525	0	-2.422330e-04	-3.585372e-05	1
16	rs8061773	29746166	0	-7.315113e-04	-1.146295e-04	1
16	rs8062082:29672582:A:G	29672582	14	-7.067348e-04	-1.264412e-04	1
16	rs8062159:31350033:G:A	31350033	0	-5.462803e-04	-6.456966e-05	1
16	rs8062719	31002664	0	1.880488e-04	2.103181e-05	1
16	rs8063005	30617698	3	-1.884891e-04	-2.686692e-05	1
16	rs8063565:30883965:G:C	30883965	11	2.220934e-04	2.637305e-05	1
16	rs8063720:30174531:A:T	30174531	7	-3.598878e-04	-6.135393e-05	1
16	rs8335	29869748	0	-1.598494e-04	-2.902988e-05	1
16	rs881929:31079371:G:T	31079371	8	-2.894297e-04	-3.279981e-05	1
16	rs885107	30672719	2	-1.946048e-04	-2.063935e-05	1
16	rs889548	31137712	0	-3.071810e-05	-3.450015e-06	1
16	rs889549:31266951:C:T	31266951	13	5.696745e-05	7.068200e-06	1
16	rs889555:31122571:C:T	31122571	16	-6.841657e-04	-8.859135e-05	1
16	rs897984:30886643:T:C	30886643	6	-1.104039e-04	-1.144537e-05	1
16	rs897986:30980902:T:C	30980902	4	4.282188e-04	4.674037e-05	1
16	rs930392:30194840:A:G	30194840	10	-6.415826e-04	-7.607772e-05	1
16	rs9319587	30833246	0	-8.422389e-04	-1.106800e-04	1
16	rs9319588:30930983:C:T	30930983	7	1.771404e-04	1.844945e-05	1
16	rs9673398:31347519:A:G	31347519	2	1.676350e-04	1.905031e-05	1
16	rs9673404:31347592:A:T	31347592	0	-5.462803e-04	-6.456965e-05	1
16	rs9673405:31347599:A:C	31347599	0	-5.462803e-04	-6.456964e-05	1
16	rs9673428:30548565:C:T	30548565	14	8.988850e-04	1.134383e-04	1
16	rs9673519:31347557:T:C	31347557	3	2.449157e-04	2.953093e-05	1
16	rs9673522:31347648:T:C	31347648	0	-5.462803e-04	-6.456963e-05	1
16	rs9673641:31039376:G:A	31039376	13	4.102611e-04	4.649192e-05	1
16	rs9674009:31347541:C:A	31347541	0	-5.462803e-04	-6.456962e-05	1
16	rs9745421:31326081:G:A	31326081	2	2.517855e-04	3.470605e-05	1
16	rs9746394:31300769:T:C	31300769	8	-3.406464e-04	-3.984131e-05	1
16	rs9783783:30078492:G:C	30078492	14	-3.538392e-05	-3.798007e-06	1
16	rs9788865:31009588:C:T	31009588	15	1.514353e-05	1.746933e-06	1
16	rs9796793	30495652	0	2.099927e-05	3.656875e-06	1
16	rs9796794:31081585:A:G	31081585	8	-3.233708e-04	-3.681409e-05	1
16	rs9796842:30876208:T:C	30876208	9	4.590806e-04	5.680257e-05	1
16	rs9888739	31313253	1	2.938116e-04	4.067680e-05	1
16	rs9888879:31310372:T:C	31310372	5	2.627576e-04	3.650738e-05	1
16	rs9888907:31349040:A:G	31349040	4	6.439207e-05	7.643221e-06	1
16	rs9921711:30394541:G:A	30394541	5	-1.065222e-03	-1.677018e-04	1
16	rs9921783:29839449:T:C	29839449	2	3.892207e-04	5.820592e-05	1
16	rs9922041:30110467:T:C	30110467	12	-9.204587e-05	-9.837648e-06	1
16	rs9922666:29698625:G:T	29698625	16	-5.452886e-04	-6.954577e-05	1
16	rs9922766:31286030:G:A	31286030	16	2.557112e-04	3.834986e-05	1
16	rs9923341	29698710	0	-4.363046e-04	-5.433723e-05	1
16	rs9923357:31286014:C:A	31286014	16	2.557112e-04	3.834985e-05	1
16	rs9923649:29832138:G:A	29832138	1	5.298072e-04	8.250866e-05	1
16	rs9923767:31305290:A:G	31305290	6	2.646126e-04	3.685231e-05	1
16	rs9924077:30606489:G:A	30606489	9	-2.784258e-04	-5.513380e-05	1
16	rs9924308	30154740	3	-7.126314e-04	-8.533110e-05	1
16	rs9924686:30003076:G:A	30003076	6	3.660585e-04	4.256636e-05	1
16	rs9925025:30644899:T:C	30644899	2	3.043889e-04	3.249932e-05	1
16	rs9925102:29983148:T:C	29983148	1	8.269375e-04	1.120013e-04	1
16	rs9925915:29993686:G:C	29993686	1	8.091518e-04	1.074832e-04	1
16	rs9925964	31129895	0	-3.071810e-05	-3.449985e-06	1
16	rs9925985:31305593:A:C	31305593	5	-4.118875e-04	-4.830293e-05	1
16	rs9926533	31014179	1	-4.751366e-04	-5.568871e-05	1
16	rs9927295:31077409:A:G	31077409	16	-2.118718e-04	-2.620266e-05	1
16	rs9928372:31312053:A:G	31312053	4	2.809755e-04	3.909300e-05	1
16	rs9928448	30072530	0	-1.981914e-04	-2.129504e-05	1
16	rs9928572:30743522:C:T	30743522	11	3.278576e-04	3.538837e-05	1
16	rs9928749:31306320:T:C	31306320	5	2.627576e-04	3.650737e-05	1
16	rs9929899:31062701:C:A	31062701	7	-2.365502e-04	-2.644879e-05	1
16	rs9929925:29763764:G:A	29763764	10	-1.704848e-04	-2.224891e-05	1
16	rs9930280	30503414	0	-1.689835e-04	-1.948743e-05	1
16	rs9930524:31312006:T:C	31312006	4	2.809755e-04	3.909300e-05	1
16	rs9932193:30068469:T:G	30068469	4	-2.781891e-04	-3.011328e-05	1
16	rs9932196:29983119:G:T	29983119	2	6.939924e-04	8.832981e-05	1
16	rs9932416:29682494:G:T	29682494	7	1.248108e-05	1.370582e-06	1
16	rs9932572:30841642:A:G	30841642	14	3.763395e-05	3.962370e-06	1
16	rs9932605:30092048:A:G	30092048	7	-6.335687e-05	-6.689154e-06	1
16	rs9932653:29865673:G:A	29865673	7	2.318871e-04	3.421981e-05	1
16	rs9932702:29982961:C:T	29982961	1	8.269375e-04	1.120013e-04	1
16	rs9933310	29690904	2	-2.706336e-04	-2.921131e-05	1
16	rs9933520:31343386:A:G	31343386	0	4.280222e-04	6.482774e-05	1
16	rs9933875:30815838:C:T	30815838	12	-3.529400e-05	-3.715569e-06	1
16	rs9933937:31307622:T:C	31307622	5	2.627576e-04	3.650736e-05	1
16	rs9934249:30833912:G:A	30833912	7	1.249173e-04	1.269083e-05	1
16	rs9934438	31104878	0	-2.955983e-04	-3.330214e-05	1
16	rs9934579	30474856	0	-1.257385e-04	-1.706310e-05	1
16	rs9934806:30593059:G:A	30593059	16	-3.314597e-04	-5.017005e-05	1
16	rs9936329:31140799:G:T	31140799	4	-2.640368e-05	-2.968711e-06	1
16	rs9936474:29932691:T:C	29932691	2	6.768286e-04	8.051544e-05	1
16	rs9936496:29758793:C:T	29758793	7	-5.170624e-04	-7.195040e-05	1
16	rs9936831:31287148:A:T	31287148	14	2.437407e-04	3.637436e-05	1
16	rs9937645:31311998:G:A	31311998	4	1.253868e-04	1.855851e-05	1
16	rs9937837:31298939:T:G	31298939	8	-3.406464e-04	-3.984134e-05	1
16	rs9938050:30947904:G:A	30947904	6	2.633161e-04	2.757039e-05	1
16	rs9938063:31302938:A:G	31302938	4	2.441134e-04	3.548464e-05	1
16	rs9938088:30830004:G:A	30830004	7	7.635571e-05	7.971454e-06	1
16	rs9938550	30999142	0	4.108749e-04	4.463890e-05	1
16	rs9938630:29837108:C:T	29837108	12	4.767067e-04	6.703959e-05	1
16	rs9939417:31053467:C:T	31053467	6	-3.357059e-04	-3.834160e-05	1
16	rs9939514:29855731:G:A	29855731	2	2.477070e-04	3.638149e-05	1
16	rs9939558:31038687:T:A	31038687	10	-3.167194e-04	-3.608827e-05	1
16	rs9939774:30068354:C:T	30068354	4	-1.688655e-04	-1.961793e-05	1
16	rs9940397:31303201:T:C	31303201	4	1.253868e-04	1.855850e-05	1
16	rs9940440:29684788:G:A	29684788	7	-8.942878e-04	-1.183711e-04	1
16	rs9940962:29703334:T:C	29703334	16	-3.531158e-04	-5.193364e-05	1
16	rs9972866:30018982:C:G	30018982	13	3.412886e-04	3.781398e-05	1
16	rs9989432	31225189	0	-7.390248e-04	-1.223846e-04	1
