chr	rs	ps	n_miss	b	beta	gamma
20	rs1001107	668361	0	-3.798592e-04	-2.380018e-04	1
20	rs1001108	668663	0	4.523460e-05	1.907367e-05	1
20	rs1008918:1269271:C:T	1269271	6	-3.667938e-04	-1.007514e-04	1
20	rs1010870:1271886:G:A	1271886	9	2.712671e-04	9.725536e-05	1
20	rs1014898	895531	1	-3.331905e-04	-1.233847e-04	1
20	rs1018408:1098825:C:T	1098825	1	-8.872440e-05	-5.945721e-05	1
20	rs1018577	1298227	2	-4.628924e-04	-9.460828e-05	1
20	rs1033664:1068462:C:T	1068462	3	1.222425e-05	8.041583e-06	1
20	rs1040755:408253:T:A	408253	13	3.106354e-05	2.019292e-05	1
20	rs1040974	1268250	1	-3.517071e-04	-9.466604e-05	1
20	rs10427447	634464	2	7.695034e-05	1.858189e-05	1
20	rs1045410	826666	1	-2.258038e-04	-5.019195e-05	1
20	rs10485820	598278	0	-1.548555e-04	-4.156021e-05	1
20	rs10485821	1234390	0	-1.854253e-04	-8.003447e-05	1
20	rs10485822:1246412:C:G	1246412	1	-4.935023e-06	-2.308632e-06	1
20	rs1048621	1293046	2	-7.930855e-04	-3.259980e-04	1
20	rs1049901:1147775:G:A	1147775	3	-2.798360e-04	-1.523388e-04	1
20	rs10854267:784958:C:G	784958	12	3.262292e-05	6.248753e-06	1
20	rs11087049:1383173:C:T	1383173	8	-3.825674e-04	-1.236798e-04	1
20	rs11087052:1397731:G:A	1397731	2	1.408558e-04	2.519521e-05	1
20	rs11087713:659322:G:A	659322	0	-5.680037e-04	-1.945096e-04	1
20	rs11087768:784730:G:A	784730	13	3.518694e-05	6.741494e-06	1
20	rs11087769:784898:C:T	784898	12	3.262292e-05	6.248754e-06	1
20	rs11087830:945915:G:C	945915	9	-3.352672e-04	-2.374263e-04	1
20	rs11087849	1014974	0	-3.265967e-04	-6.937567e-05	1
20	rs111269618:391921:C:T	391921	8	-5.988647e-04	-6.999499e-04	1
20	rs111270834:457159:C:A	457159	2	1.606992e-04	7.643313e-05	1
20	rs111347317:805373:C:A	805373	11	-8.910040e-05	-5.487571e-05	1
20	rs111372043:1240927:A:G	1240927	1	1.340195e-04	7.955868e-05	1
20	rs1114734	694894	0	-2.777762e-04	-1.003420e-04	1
20	rs111506410	1121937	0	3.025918e-04	2.373559e-04	1
20	rs111610728:1133432:G:C	1133432	10	8.295430e-05	5.885585e-05	1
20	rs111823161:957110:A:C	957110	15	1.440339e-04	1.042553e-04	1
20	rs112026053:727528:A:G	727528	16	2.704376e-04	1.760018e-04	1
20	rs1120554:786455:C:T	786455	10	1.297596e-05	2.488309e-06	1
20	rs1120555:786703:A:G	786703	9	1.606247e-05	3.080058e-06	1
20	rs112259800	618513	0	-2.234912e-05	-1.113248e-05	1
20	rs112616207:974489:C:T	974489	11	2.485898e-04	2.140346e-04	1
20	rs112641118	942263	1	-5.292408e-05	-3.151108e-05	1
20	rs112815007:532257:A:G	532257	1	1.222183e-04	8.714503e-05	1
20	rs112857279:1117638:A:G	1117638	11	7.974881e-05	5.650721e-05	1
20	rs113005891:973440:T:C	973440	12	2.492600e-04	2.148057e-04	1
20	rs113029864:619148:A:G	619148	4	-1.130361e-04	-4.448755e-05	1
20	rs113077920:509618:C:T	509618	4	3.786745e-05	2.335154e-05	1
20	rs113181552	1032106	0	-2.259626e-05	-1.236378e-05	1
20	rs113188892:1122786:A:G	1122786	15	-1.527864e-04	-1.001850e-04	1
20	rs113314541:456980:G:A	456980	3	1.400660e-04	6.588551e-05	1
20	rs113738002:533914:G:A	533914	5	1.875550e-04	1.454231e-04	1
20	rs113794638	403534	0	-4.124685e-05	-2.431909e-05	1
20	rs113876919:923612:A:G	923612	16	6.141533e-05	4.531349e-05	1
20	rs114035391:932330:A:C	932330	7	-6.299048e-04	-4.046756e-04	1
20	rs114072041:433570:G:T	433570	5	5.528845e-05	3.335801e-05	1
20	rs114674082	932399	1	-5.509925e-04	-2.949343e-04	1
20	rs114691134:932255:T:C	932255	9	-6.946026e-04	-5.242545e-04	1
20	rs114783061:691091:A:G	691091	16	2.012439e-04	1.354600e-04	1
20	rs114919894:1401329:A:G	1401329	9	-1.502598e-04	-1.127624e-04	1
20	rs1154757	978720	2	-1.194454e-04	-3.112042e-05	1
20	rs116096590:512213:T:G	512213	12	1.739104e-04	1.310044e-04	1
20	rs116638933:406969:G:A	406969	13	3.106354e-05	2.019292e-05	1
20	rs116843836	1033414	1	-7.968272e-05	-5.397355e-05	1
20	rs116898871	971619	0	3.683298e-04	3.212552e-04	1
20	rs116940177	410531	0	-8.560411e-05	-5.280825e-05	1
20	rs116953268	732952	0	-2.217849e-04	-1.304387e-04	1
20	rs116954419	1381450	0	-1.294067e-04	-8.157311e-05	1
20	rs11696364	1012026	1	-1.746845e-04	-9.412635e-05	1
20	rs11696399:1075691:G:C	1075691	5	-3.968466e-04	-1.841116e-04	1
20	rs11696447:1406877:G:A	1406877	14	-6.471459e-05	-2.290227e-05	1
20	rs11696575:1075864:C:T	1075864	5	-3.968466e-04	-1.841116e-04	1
20	rs11696674:1084425:A:G	1084425	8	-3.737488e-04	-1.870219e-04	1
20	rs11696886:1072316:A:G	1072316	6	-3.576161e-04	-1.541513e-04	1
20	rs116969995:932071:C:T	932071	12	-5.481942e-04	-3.259898e-04	1
20	rs11697070:1120222:A:C	1120222	3	-3.507167e-04	-1.612473e-04	1
20	rs11697413	1265152	0	5.284149e-04	5.013149e-04	1
20	rs116976150:415588:C:T	415588	15	-3.270230e-04	-2.456734e-04	1
20	rs11697869	1174075	1	-7.787022e-06	-2.751071e-06	1
20	rs11697870:1017661:G:A	1017661	9	-4.229575e-04	-9.895250e-05	1
20	rs11697918	895325	0	-2.884277e-05	-4.888301e-06	1
20	rs11698440:931815:A:T	931815	12	9.585686e-05	1.779448e-05	1
20	rs11698573:1084023:G:A	1084023	5	-3.968466e-04	-1.841115e-04	1
20	rs116986589	1368692	1	-7.231897e-05	-5.188084e-05	1
20	rs11699188:1111743:A:G	1111743	5	-3.334021e-04	-1.496205e-04	1
20	rs11699432:1017232:C:T	1017232	9	-4.229575e-04	-9.895250e-05	1
20	rs11699627:1081872:T:A	1081872	5	-3.968466e-04	-1.841115e-04	1
20	rs11699771:1061469:C:T	1061469	7	-9.497138e-05	-6.187507e-05	1
20	rs11699912:659077:C:G	659077	4	-6.777307e-04	-2.732365e-04	1
20	rs11699981	1124847	2	-3.453512e-04	-1.567308e-04	1
20	rs11699986:1070829:A:C	1070829	15	-6.437811e-05	-1.868899e-05	1
20	rs11700179:625536:G:A	625536	1	-3.517525e-04	-1.181743e-04	1
20	rs117015161	803427	1	-1.570841e-04	-1.245936e-04	1
20	rs117017570:1258151:G:A	1258151	5	-1.742443e-04	-7.593423e-05	1
20	rs117043214:1297287:G:C	1297287	11	1.748085e-04	1.006906e-04	1
20	rs117126735:1411305:A:G	1411305	4	-1.046448e-04	-6.775616e-05	1
20	rs117169131	1309715	0	-4.205483e-04	-3.550512e-04	1
20	rs117208475:527321:T:G	527321	8	1.242944e-04	8.875410e-05	1
20	rs117235581	893411	2	-8.235754e-05	-5.427281e-05	1
20	rs117253998:1236204:C:T	1236204	0	-4.194085e-05	-1.983438e-05	1
20	rs117258308:1252017:A:G	1252017	2	-1.826457e-04	-7.992976e-05	1
20	rs117282348	1318343	0	3.589046e-05	2.400866e-05	1
20	rs117287937:936493:G:A	936493	9	1.350934e-04	1.018821e-04	1
20	rs117417739	624119	0	-2.121665e-04	-1.427386e-04	1
20	rs117445977	863586	1	-1.417512e-05	-1.003939e-05	1
20	rs117460309:1356906:C:T	1356906	12	1.774690e-04	1.296231e-04	1
20	rs117471497	851571	0	2.203882e-04	1.799825e-04	1
20	rs117618312:861606:G:A	861606	16	-1.458717e-04	-1.025701e-04	1
20	rs117629802:932040:C:T	932040	12	-5.481942e-04	-3.259898e-04	1
20	rs117652522	924593	1	-2.050386e-04	-7.672263e-05	1
20	rs117665214	923361	0	9.057251e-05	6.652130e-05	1
20	rs117676891:1074105:C:T	1074105	8	1.273297e-04	8.322364e-05	1
20	rs117697053	808801	1	-2.737961e-05	-2.003441e-05	1
20	rs117712191:495553:C:T	495553	14	1.128763e-04	8.391061e-05	1
20	rs117712605	845306	0	-1.991585e-04	-1.271729e-04	1
20	rs117780492	1386441	0	-5.363573e-06	-3.126179e-06	1
20	rs117794389	896070	1	-1.867353e-05	-1.302627e-05	1
20	rs117797937	1261888	0	3.550308e-05	2.023121e-05	1
20	rs117816499	1301859	0	3.480712e-04	2.838556e-04	1
20	rs117817335:1011595:C:G	1011595	2	-1.178747e-04	-7.581085e-05	1
20	rs117829683:1210084:G:A	1210084	3	-3.974221e-04	-2.489793e-04	1
20	rs117881740:981592:T:C	981592	11	2.485898e-04	2.140346e-04	1
20	rs117886186	448056	0	8.377611e-05	5.855032e-05	1
20	rs117894772	877507	0	3.317333e-05	1.756486e-05	1
20	rs117952578:1342546:G:A	1342546	5	-7.731297e-05	-5.831877e-05	1
20	rs117960863	1361277	0	2.044506e-05	1.471813e-05	1
20	rs117962695:395767:C:T	395767	6	-3.483968e-04	-2.744629e-04	1
20	rs118005059:747986:G:T	747986	8	-1.487075e-04	-1.132902e-04	1
20	rs118018498:620142:T:C	620142	16	1.309748e-04	9.850103e-05	1
20	rs118043419	675396	0	7.550766e-05	4.962402e-05	1
20	rs118060126:1322512:C:T	1322512	8	-3.887146e-04	-3.645737e-04	1
20	rs118080645:1193706:G:A	1193706	12	8.011808e-05	6.051007e-05	1
20	rs118083077:860296:G:C	860296	15	-1.167787e-04	-8.301737e-05	1
20	rs118123385:1306447:C:T	1306447	3	4.411921e-05	3.187985e-05	1
20	rs118169614:528208:A:G	528208	6	5.471487e-05	3.964488e-05	1
20	rs118173116:1283489:G:A	1283489	11	3.887907e-05	2.897979e-05	1
20	rs11905852	1041756	0	-2.723201e-04	-7.869739e-05	1
20	rs11907018:853502:G:A	853502	10	-1.096256e-04	-4.216866e-05	1
20	rs11907567	641553	0	4.276257e-04	1.451403e-04	1
20	rs11907768:724578:G:A	724578	1	1.229118e-05	5.161092e-06	1
20	rs11908461	981418	0	-1.634177e-04	-1.082977e-04	1
20	rs11908561:1113105:A:G	1113105	7	1.644032e-04	5.093566e-05	1
20	rs12106052	659350	0	-5.680037e-04	-1.945094e-04	1
20	rs12106053:659422:T:C	659422	1	-5.878233e-04	-2.069493e-04	1
20	rs12106143:659441:G:A	659441	0	-5.680037e-04	-1.945093e-04	1
20	rs12106183:1361020:G:A	1361020	6	7.288342e-05	5.313200e-05	1
20	rs1217	1162615	0	-2.721612e-04	-5.897180e-05	1
20	rs12479677:596446:G:C	596446	12	1.062198e-04	4.493675e-05	1
20	rs12479880:1136217:G:A	1136217	4	-1.801397e-04	-8.996657e-05	1
20	rs12479886:609341:G:A	609341	9	-2.062252e-04	-8.493366e-05	1
20	rs12480278:1137983:G:A	1137983	4	-2.709237e-04	-1.461538e-04	1
20	rs12480298:748020:T:A	748020	9	-2.136376e-04	-8.666560e-05	1
20	rs12480365:748610:T:C	748610	15	-9.807511e-05	-2.302933e-05	1
20	rs12480861:1210295:T:A	1210295	6	2.628512e-04	1.450573e-04	1
20	rs12481089:786107:C:G	786107	12	5.159094e-05	9.953336e-06	1
20	rs12481383:1086133:G:A	1086133	13	1.308964e-04	8.575783e-05	1
20	rs12624328:848371:C:T	848371	15	-1.653485e-04	-5.386814e-05	1
20	rs12624577	591820	1	-1.351419e-04	-2.479955e-05	1
20	rs12624622	849249	0	-2.944251e-04	-9.266294e-05	1
20	rs12624656:431994:G:C	431994	8	-2.010711e-06	-1.340757e-06	1
20	rs12624697:785087:G:A	785087	12	3.262292e-05	6.248756e-06	1
20	rs12624811:1016392:G:A	1016392	15	-3.863679e-05	-2.415360e-05	1
20	rs12624916	1295639	0	2.609901e-04	1.005031e-04	1
20	rs12625396:785024:C:T	785024	12	3.262292e-05	6.248755e-06	1
20	rs12625618	758132	0	1.345423e-05	6.208467e-06	1
20	rs12625746	834480	1	-4.141644e-04	-8.389372e-05	1
20	rs12625859	1274231	0	1.645209e-05	4.496313e-06	1
20	rs12626072:1383506:T:C	1383506	9	-4.517666e-04	-1.563679e-04	1
20	rs12626150:1040532:A:C	1040532	13	4.152562e-04	1.116366e-04	1
20	rs13036918:1336843:T:C	1336843	3	1.906910e-04	6.464967e-05	1
20	rs13037150:940212:A:G	940212	8	5.404886e-04	4.754905e-04	1
20	rs13037866	923658	0	-1.174239e-03	-1.597546e-03	1
20	rs13038514:660673:A:G	660673	13	-6.540029e-04	-2.595342e-04	1
20	rs13039544:743124:C:G	743124	8	3.383257e-04	6.939896e-05	1
20	rs13039912:772862:T:C	772862	15	-2.717068e-05	-1.342302e-05	1
20	rs13039987:658658:T:C	658658	9	-5.820366e-04	-2.070778e-04	1
20	rs13041030:1011268:A:T	1011268	12	-3.014189e-04	-6.469688e-05	1
20	rs13041959	650750	2	-3.439340e-04	-9.071828e-05	1
20	rs13042114	662822	0	6.094184e-06	4.248895e-06	1
20	rs13042302:650978:C:T	650978	9	-3.189246e-04	-8.368814e-05	1
20	rs13042446:923001:C:T	923001	16	-1.082288e-03	-1.260396e-03	1
20	rs13042590	1167239	0	5.701386e-04	3.416770e-04	1
20	rs13043418:923659:C:A	923659	2	-1.201896e-03	-1.809899e-03	1
20	rs13043781	632504	1	-7.157799e-05	-1.325369e-05	1
20	rs13043799:1190856:A:G	1190856	5	-2.287510e-04	-9.490106e-05	1
20	rs13044351:1310688:C:T	1310688	0	-2.017537e-04	-4.176186e-05	1
20	rs13044610:662673:T:C	662673	3	-6.440278e-06	-4.704273e-06	1
20	rs13163:1289585:A:G	1289585	15	-3.104396e-05	-1.533837e-05	1
20	rs1323131:1243575:G:A	1243575	1	-1.789527e-04	-7.753076e-05	1
20	rs1323132:1271273:A:C	1271273	12	-2.711735e-04	-7.405501e-05	1
20	rs1323133:1271374:T:A	1271374	12	-2.329751e-04	-8.184641e-05	1
20	rs1323134:1271545:A:G	1271545	12	-2.329751e-04	-8.184640e-05	1
20	rs137982777:432065:G:A	432065	2	4.848169e-05	2.919831e-05	1
20	rs138241086:1080826:G:C	1080826	16	-3.306422e-04	-1.478672e-04	1
20	rs138271998:971793:G:A	971793	9	2.918171e-04	2.577869e-04	1
20	rs138734548:689650:C:T	689650	12	3.054472e-04	2.613661e-04	1
20	rs138866441:974499:G:T	974499	11	2.485898e-04	2.140346e-04	1
20	rs140644028:446461:C:T	446461	12	-4.065328e-05	-2.348265e-05	1
20	rs1407767:1272219:A:G	1272219	8	-2.895471e-04	-7.702519e-05	1
20	rs141100056:512840:G:A	512840	12	1.739104e-04	1.310043e-04	1
20	rs1411191	851618	0	-2.217328e-04	-8.304957e-05	1
20	rs1411192:851769:G:A	851769	4	-2.697806e-04	-1.095342e-04	1
20	rs1411193:851791:A:G	851791	4	-2.697806e-04	-1.095342e-04	1
20	rs141120450:414732:C:T	414732	15	-3.270230e-04	-2.456732e-04	1
20	rs141396125:1231242:G:A	1231242	1	-1.789527e-04	-7.753075e-05	1
20	rs142511187:981117:C:T	981117	11	2.485898e-04	2.140346e-04	1
20	rs142721096:1238864:T:C	1238864	5	-1.318445e-04	-4.094430e-05	1
20	rs142849980:1080828:A:T	1080828	16	-3.306422e-04	-1.478672e-04	1
20	rs143046137:1216972:T:G	1216972	5	1.964934e-04	1.441924e-04	1
20	rs143640622:1093399:G:A	1093399	8	3.088118e-04	2.567251e-04	1
20	rs143693166:505885:G:T	505885	11	1.003666e-04	7.529785e-05	1
20	rs144168720:928637:G:T	928637	5	6.523380e-05	4.898051e-05	1
20	rs144172674:873231:G:A	873231	14	2.824298e-05	1.740085e-05	1
20	rs145092569:974497:G:A	974497	11	2.485898e-04	2.140346e-04	1
20	rs145470370:549905:C:G	549905	6	3.176727e-05	2.254300e-05	1
20	rs145793273:689123:T:G	689123	14	-1.726040e-04	-1.364607e-04	1
20	rs145826670:507452:A:G	507452	13	1.727679e-04	1.300141e-04	1
20	rs146010777:393050:C:T	393050	8	-5.641494e-04	-6.140792e-04	1
20	rs146255276	419620	0	5.107553e-05	3.157332e-05	1
20	rs146525950:923480:G:A	923480	2	5.179271e-05	3.872309e-05	1
20	rs146991347:434112:C:T	434112	13	2.011693e-04	1.340399e-04	1
20	rs1474879	1386473	1	-2.192412e-04	-6.358612e-05	1
20	rs1474880:1387658:A:G	1387658	16	-9.378156e-05	-3.428851e-05	1
20	rs147852900:1054649:C:T	1054649	12	-8.941210e-05	-5.979523e-05	1
20	rs148021305:900671:G:A	900671	8	-2.702822e-05	-1.978131e-05	1
20	rs148411715:1274885:C:T	1274885	6	-2.207755e-05	-1.641045e-05	1
20	rs148445432:523947:C:T	523947	12	1.322633e-04	9.494308e-05	1
20	rs148499298:798405:G:A	798405	12	-3.576169e-04	-3.676997e-04	1
20	rs149224683:1340032:T:A	1340032	3	2.055743e-05	1.527941e-05	1
20	rs149331210:975227:T:C	975227	11	2.485898e-04	2.140346e-04	1
20	rs149536322:1046536:T:C	1046536	11	-1.157520e-04	-8.907583e-05	1
20	rs149669382:974086:G:A	974086	11	2.485898e-04	2.140346e-04	1
20	rs149727056:1138264:C:G	1138264	3	-2.811168e-04	-1.794973e-04	1
20	rs150208	448913	2	9.276629e-04	3.524920e-04	1
20	rs151229096:791559:T:C	791559	16	-1.259501e-04	-9.595886e-05	1
20	rs1535233:675645:G:A	675645	13	8.584566e-05	3.857247e-05	1
20	rs1555563:1269120:G:A	1269120	6	-3.439369e-04	-9.292544e-05	1
20	rs157437	529615	0	2.110624e-04	3.926227e-05	1
20	rs157438	531174	3	-1.636368e-04	-3.468230e-05	1
20	rs157803:457367:C:T	457367	4	2.060480e-04	8.468965e-05	1
20	rs157806:456717:T:C	456717	4	2.060480e-04	8.468964e-05	1
20	rs157807	456473	0	1.429395e-04	2.410177e-05	1
20	rs157811:449901:A:T	449901	12	6.747312e-04	1.895205e-04	1
20	rs16989513	479450	0	-3.453593e-05	-1.249732e-05	1
20	rs16990604	550600	0	1.755733e-04	1.263490e-04	1
20	rs16992126	1140457	0	-3.280467e-04	-1.829707e-04	1
20	rs16992625	723060	0	-1.851624e-06	-7.709952e-07	1
20	rs16992733:1221038:T:C	1221038	4	2.527294e-04	1.380261e-04	1
20	rs16992790:1231418:A:G	1231418	2	2.604504e-04	1.432858e-04	1
20	rs16993064:750204:A:G	750204	6	7.533215e-05	1.970935e-05	1
20	rs16994527:863508:A:G	863508	4	-3.079098e-05	-1.225102e-05	1
20	rs16995037:904625:C:G	904625	16	1.388352e-04	1.016918e-04	1
20	rs16995185:916393:G:A	916393	11	1.649372e-04	1.051811e-04	1
20	rs16995598:954753:G:A	954753	12	2.074988e-04	1.079420e-04	1
20	rs176057:550887:G:A	550887	10	-9.927780e-04	-5.367148e-04	1
20	rs17691425:494654:C:G	494654	16	9.021287e-05	4.683278e-05	1
20	rs17691592:526670:C:T	526670	6	5.340151e-05	3.867880e-05	1
20	rs17700479	737859	0	3.605497e-04	2.330951e-04	1
20	rs17702306	896753	0	-1.873060e-04	-1.210496e-04	1
20	rs17716261	1146048	0	-1.333446e-04	-7.818549e-05	1
20	rs17717060:1217544:A:G	1217544	4	1.448007e-04	8.654992e-05	1
20	rs17717152:1218466:G:T	1218466	1	-3.670322e-04	-2.176146e-04	1
20	rs17717217:1223495:G:A	1223495	4	1.448007e-04	8.654992e-05	1
20	rs17717241	1224774	0	2.529380e-05	1.173194e-05	1
20	rs17717557	1252595	1	1.306502e-04	7.740723e-05	1
20	rs17717581	1256598	1	-4.645113e-04	-2.956074e-04	1
20	rs17717619:1256910:C:G	1256910	6	-1.825375e-04	-7.997056e-05	1
20	rs17718574:1349326:C:G	1349326	14	-2.942864e-04	-1.604119e-04	1
20	rs17770500	544040	0	-3.455884e-05	-2.532330e-05	1
20	rs17778888:1179237:C:T	1179237	2	2.003396e-04	9.869106e-05	1
20	rs17779298:1217573:G:C	1217573	1	-3.670322e-04	-2.176146e-04	1
20	rs17779339:1217841:G:T	1217841	1	-3.670322e-04	-2.176146e-04	1
20	rs17779421:1223234:A:G	1223234	2	-6.106190e-05	-2.899494e-05	1
20	rs17779487:1226018:A:G	1226018	3	1.471391e-04	8.807129e-05	1
20	rs17779586:1230185:C:A	1230185	1	-1.789527e-04	-7.753066e-05	1
20	rs17779831:1256786:G:A	1256786	5	-1.742443e-04	-7.593398e-05	1
20	rs17791824	1357446	0	-3.948363e-04	-3.601868e-04	1
20	rs1803414:1147749:T:A	1147749	12	8.040990e-05	6.074218e-05	1
20	rs1803415	1099523	0	-1.980330e-04	-5.627918e-05	1
20	rs181740933:1080813:T:C	1080813	16	-3.063906e-04	-1.337226e-04	1
20	rs184521066:1240998:T:A	1240998	1	-1.789527e-04	-7.753064e-05	1
20	rs187412638	643175	0	9.117625e-05	6.593364e-05	1
20	rs187496761:1172786:A:G	1172786	13	2.764261e-05	2.023816e-05	1
20	rs188156	562445	0	-8.274186e-05	-3.486281e-05	1
20	rs188205:531978:C:A	531978	16	7.100064e-04	4.520799e-04	1
20	rs188207838:848367:T:C	848367	11	6.572249e-05	4.779008e-05	1
20	rs1884390:1410818:T:C	1410818	3	-1.084179e-04	-3.801475e-05	1
20	rs1884510:1045623:G:A	1045623	5	6.409648e-05	4.197463e-05	1
20	rs1884512:1050326:C:G	1050326	4	-2.495628e-05	-1.691012e-05	1
20	rs1884513:1050408:T:C	1050408	4	-2.948904e-05	-1.970605e-05	1
20	rs1884637:748974:T:C	748974	12	-5.262919e-04	-1.244076e-04	1
20	rs1884761	691433	0	-1.846395e-04	-5.345548e-05	1
20	rs1923876	1228093	0	2.541062e-04	1.388712e-04	1
20	rs192747933:506156:A:G	506156	10	1.588589e-04	1.220228e-04	1
20	rs1951765:1355044:T:A	1355044	3	5.723934e-04	1.906196e-04	1
20	rs1980586	619611	0	-4.135960e-05	-1.569278e-05	1
20	rs1997924:904668:C:T	904668	13	5.951342e-05	3.676353e-05	1
20	rs1998007:1386940:C:T	1386940	1	1.412650e-04	2.884963e-05	1
20	rs2006668:829609:C:G	829609	10	2.268824e-04	4.519321e-05	1
20	rs200975431:774212:G:C	774212	14	-1.091890e-04	-5.738497e-05	1
20	rs2011489	888523	0	6.046350e-04	1.648010e-04	1
20	rs2011838:829802:T:C	829802	7	2.254079e-04	4.407840e-05	1
20	rs2011846:829888:A:C	829888	12	2.727668e-04	5.558807e-05	1
20	rs2024856:1082454:T:C	1082454	12	-7.007065e-05	-4.872178e-05	1
20	rs2024894:746860:G:T	746860	8	2.572434e-05	7.168553e-06	1
20	rs2024895:746885:T:G	746885	1	2.152447e-04	7.406771e-05	1
20	rs2024896	746952	0	1.906301e-04	6.440856e-05	1
20	rs203529:1231683:T:C	1231683	14	2.136733e-04	4.009838e-05	1
20	rs203534:1214814:A:C	1214814	15	1.468841e-04	2.708676e-05	1
20	rs203535:1212618:G:A	1212618	15	-1.847960e-05	-3.409356e-06	1
20	rs2039161	872751	0	-4.934976e-05	-8.824243e-06	1
20	rs204659	531221	0	4.972118e-04	2.002698e-04	1
20	rs204664:532805:G:A	532805	16	7.100064e-04	4.520796e-04	1
20	rs204665:532897:C:T	532897	16	7.100064e-04	4.520794e-04	1
20	rs204666:532925:A:G	532925	16	7.100064e-04	4.520792e-04	1
20	rs204698	545876	7	-7.782344e-04	-3.738728e-04	1
20	rs205887	545600	0	-9.432367e-05	-5.316277e-05	1
20	rs2072961:1099666:G:C	1099666	1	-2.029598e-04	-5.799589e-05	1
20	rs2072962:1099329:A:G	1099329	2	-2.645034e-04	-7.686861e-05	1
20	rs2072963:1099294:T:C	1099294	3	1.424549e-04	4.348489e-05	1
20	rs2072964:1099199:A:G	1099199	16	-2.605134e-04	-7.854319e-05	1
20	rs2077972	886546	0	-1.883962e-04	-9.312540e-05	1
20	rs2143226:1111614:T:C	1111614	5	-3.334021e-04	-1.496205e-04	1
20	rs2144542:1399937:C:T	1399937	1	1.417988e-04	2.536898e-05	1
20	rs2144543:1399985:C:G	1399985	1	1.417988e-04	2.536897e-05	1
20	rs2144776:1074241:T:C	1074241	4	-2.495628e-05	-1.691012e-05	1
20	rs2145098:674107:G:A	674107	11	4.227094e-05	1.864983e-05	1
20	rs2179449:1126002:C:T	1126002	3	-1.893307e-04	-5.386956e-05	1
20	rs2180368:1039828:A:G	1039828	14	3.945344e-04	1.044480e-04	1
20	rs2180464:747156:C:A	747156	9	-9.385630e-05	-2.154213e-05	1
20	rs2180465	787341	2	1.248213e-05	2.334955e-06	1
20	rs2183307:838260:T:C	838260	11	5.734913e-04	2.635631e-04	1
20	rs2207321:1002042:C:A	1002042	8	5.982796e-04	1.701869e-04	1
20	rs2207322	1002255	1	2.387269e-04	7.461776e-05	1
20	rs2207828:1394220:A:C	1394220	16	1.370038e-04	3.981894e-05	1
20	rs2207829:1394262:T:C	1394262	8	2.087898e-04	4.416783e-05	1
20	rs2207831:1402213:A:T	1402213	9	-2.057820e-04	-6.383968e-05	1
20	rs2208007:1067700:T:G	1067700	5	-6.449612e-05	-1.889145e-05	1
20	rs2224148:1397122:G:A	1397122	8	-2.599903e-04	-8.319398e-05	1
20	rs2224324	615178	1	2.809205e-04	5.282872e-05	1
20	rs2235587	1115919	0	-2.418170e-04	-8.186478e-05	1
20	rs2268065:1102532:G:A	1102532	1	-2.029598e-04	-5.799587e-05	1
20	rs2273462:409296:G:A	409296	11	3.224163e-05	2.096085e-05	1
20	rs2273958	1293008	6	8.876618e-04	3.113668e-04	1
20	rs2273959	1293247	0	-9.047927e-04	-3.237514e-04	1
20	rs2284372	1111874	0	-3.168637e-04	-9.420104e-05	1
20	rs2284374:1110772:G:A	1110772	3	-7.268494e-04	-2.649552e-04	1
20	rs2284375:1110657:C:T	1110657	6	1.830280e-04	5.695094e-05	1
20	rs2295494	411773	0	-4.936605e-04	-1.890258e-04	1
20	rs2295495	411842	0	3.919540e-04	7.711181e-05	1
20	rs2300184:1142484:G:A	1142484	4	4.621232e-04	4.941578e-04	1
20	rs2300185	1135413	1	-7.793175e-04	-2.333911e-04	1
20	rs2316866	562314	3	8.420938e-04	3.198095e-04	1
20	rs2317024:743220:T:C	743220	1	4.180778e-04	9.002944e-05	1
20	rs2317025	743272	0	3.796262e-04	7.826790e-05	1
20	rs2317028:830413:A:C	830413	14	3.020814e-04	6.163769e-05	1
20	rs2317029:830538:G:C	830538	10	2.473712e-04	4.821292e-05	1
20	rs2317321	953050	0	7.834921e-04	3.579713e-04	1
20	rs2317425:1054801:A:C	1054801	2	5.486557e-05	3.583074e-05	1
20	rs2317428:1083089:C:T	1083089	4	-2.495628e-05	-1.691011e-05	1
20	rs2317429:1083632:T:C	1083632	4	-2.495628e-05	-1.691011e-05	1
20	rs2317431:1122951:C:T	1122951	0	-4.588249e-05	-2.989237e-05	1
20	rs2317650:1399661:G:A	1399661	4	1.557361e-04	2.824973e-05	1
20	rs2422515:696203:A:C	696203	14	1.095301e-04	4.006453e-05	1
20	rs2422516	696211	2	2.415557e-04	8.924557e-05	1
20	rs2665782	550815	0	-1.082278e-03	-6.950504e-04	1
20	rs282152	579657	0	-8.804647e-05	-1.979375e-05	1
20	rs282159:598694:C:T	598694	7	-2.267620e-04	-6.384605e-05	1
20	rs282165	592038	0	-3.698430e-04	-1.118442e-04	1
20	rs282167:592525:A:G	592525	8	-3.644850e-04	-1.161904e-04	1
20	rs282168:592801:T:G	592801	13	-3.909417e-04	-1.285406e-04	1
20	rs28629436:733465:T:C	733465	5	-3.013655e-04	-6.208119e-05	1
20	rs2873339	716233	0	-3.076903e-04	-7.126479e-05	1
20	rs2873433:1004630:A:G	1004630	7	2.244694e-04	6.942027e-05	1
20	rs28877074:1006744:T:C	1006744	15	-4.310997e-04	-3.089295e-04	1
20	rs3087751	1147410	0	-9.735697e-04	-3.980436e-04	1
20	rs34019978	1306103	0	2.278244e-04	7.482414e-05	1
20	rs34031615:750423:C:T	750423	7	8.295854e-05	2.215208e-05	1
20	rs34152576:773427:C:T	773427	14	-2.353701e-04	-1.222155e-04	1
20	rs34182320:1030977:G:A	1030977	2	-2.307362e-04	-1.143413e-04	1
20	rs34221790	754604	0	8.774277e-06	4.380542e-06	1
20	rs34320567	438919	0	7.873531e-05	5.109418e-05	1
20	rs34341545:1313136:C:G	1313136	0	-2.017537e-04	-4.176186e-05	1
20	rs34346665	1192727	0	-3.073302e-04	-1.324084e-04	1
20	rs34552580	1152323	1	3.245052e-04	2.272819e-04	1
20	rs34579275:770101:T:C	770101	9	-1.276595e-05	-6.295574e-06	1
20	rs34686480	668024	1	-3.631939e-04	-1.226855e-04	1
20	rs34753589	926731	0	3.877149e-04	3.503440e-04	1
20	rs34774998:1329821:T:C	1329821	14	2.245219e-04	7.952986e-05	1
20	rs34851019	597708	0	-9.442405e-06	-3.657765e-06	1
20	rs34887022:599339:G:A	599339	11	-2.797787e-05	-1.131541e-05	1
20	rs34935852	939703	1	2.684061e-04	1.354094e-04	1
20	rs34994424:1315152:C:T	1315152	9	-2.480241e-04	-5.841987e-05	1
20	rs35007529:1332066:G:A	1332066	5	1.878929e-04	6.396408e-05	1
20	rs35045887	1174658	0	-7.281202e-04	-3.224491e-04	1
20	rs35063000:748093:G:A	748093	2	7.815883e-05	2.023671e-05	1
20	rs35335677	1369888	1	-2.766905e-05	-1.207313e-05	1
20	rs35337526:773311:T:C	773311	14	-2.353701e-04	-1.222155e-04	1
20	rs35367003	1293141	2	-9.947893e-05	-7.003561e-05	1
20	rs35514553:913253:G:A	913253	9	-4.322283e-04	-1.363486e-04	1
20	rs35655964	746197	0	5.607382e-04	4.580416e-04	1
20	rs35837479:913736:C:T	913736	12	-4.353591e-04	-1.185039e-04	1
20	rs35862439	913000	0	-7.164806e-04	-2.994910e-04	1
20	rs35894546:1013016:G:A	1013016	7	-4.344456e-04	-1.024955e-04	1
20	rs35965495:1182138:G:C	1182138	15	-7.408532e-05	-2.771671e-05	1
20	rs35969692:913341:G:A	913341	6	-5.038492e-04	-1.663403e-04	1
20	rs35972493:748336:T:C	748336	1	1.766686e-06	7.017355e-07	1
20	rs36018423:1397342:G:A	1397342	2	1.408558e-04	2.519508e-05	1
20	rs36071180	765164	0	-1.154908e-04	-4.648796e-05	1
20	rs36088178	428553	0	-1.606058e-06	-9.515740e-07	1
20	rs367658252:1276876:G:C	1276876	7	-9.196731e-05	-6.869614e-05	1
20	rs370874879:1240052:A:T	1240052	3	2.206841e-04	1.457542e-04	1
20	rs372801421:848366:T:G	848366	11	6.572249e-05	4.779011e-05	1
20	rs373842370:1258179:A:G	1258179	16	-1.051208e-04	-4.385974e-05	1
20	rs374132	536145	0	-1.565942e-04	-8.808775e-05	1
20	rs3746802	744308	1	-1.518314e-04	-5.859056e-05	1
20	rs3746803	744382	0	-1.618879e-04	-6.275048e-05	1
20	rs3746804	744415	0	4.611462e-04	1.688432e-04	1
20	rs3746807	745963	3	6.843333e-04	6.817921e-04	1
20	rs3746808	746098	0	-2.351320e-04	-5.507210e-05	1
20	rs3746813:939573:G:C	939573	5	3.530321e-04	2.099355e-04	1
20	rs3746814:1152237:A:G	1152237	14	-8.478155e-04	-2.832329e-04	1
20	rs3761308	591694	2	1.402405e-04	4.645087e-05	1
20	rs3761309:591769:A:C	591769	6	1.683991e-04	5.785480e-05	1
20	rs3764712:1313762:A:G	1313762	10	-2.915387e-04	-5.844711e-05	1
20	rs3764715:1287051:G:A	1287051	12	2.255672e-04	4.722220e-05	1
20	rs3787565:864512:A:G	864512	13	2.429624e-05	8.334599e-06	1
20	rs3787572:1100403:A:C	1100403	1	-2.029598e-04	-5.799586e-05	1
20	rs3787573:1100669:A:G	1100669	5	-3.334021e-04	-1.496206e-04	1
20	rs3787574:1139924:A:G	1139924	4	-2.779372e-04	-1.510320e-04	1
20	rs3795137:1292845:C:T	1292845	1	9.427965e-04	3.618896e-04	1
20	rs3795138:1292606:T:C	1292606	4	6.225100e-05	1.482912e-05	1
20	rs3795140:1285154:G:C	1285154	16	1.936723e-04	4.011768e-05	1
20	rs3827155:859606:C:T	859606	16	-1.458717e-04	-1.025699e-04	1
20	rs3933284	931743	0	5.399187e-05	9.706389e-06	1
20	rs395071	1359238	0	-5.886988e-04	-1.984159e-04	1
20	rs397020	1205886	0	-4.314024e-04	-8.994053e-05	1
20	rs41279418:463608:A:T	463608	7	8.401535e-05	5.391005e-05	1
20	rs41280302	1300205	0	-6.318367e-05	-4.740667e-05	1
20	rs41280324:1358517:C:G	1358517	11	-3.232864e-04	-1.400120e-04	1
20	rs41281892	390646	2	-3.823323e-04	-3.203550e-04	1
20	rs41282132	628742	2	-4.618486e-04	-3.006704e-04	1
20	rs41301746	820738	0	5.087155e-04	2.153954e-04	1
20	rs41306771:389280:G:A	389280	3	-4.885388e-04	-4.610074e-04	1
20	rs41310171	476469	5	-1.375822e-04	-1.074552e-04	1
20	rs4142353:1118003:T:A	1118003	2	-2.097492e-04	-6.019284e-05	1
20	rs418400:432779:C:T	432779	16	-1.720403e-04	-3.257225e-05	1
20	rs4239709:1383729:T:A	1383729	7	-5.701054e-04	-1.502600e-04	1
20	rs4239778:1048093:T:C	1048093	4	-2.948904e-05	-1.970601e-05	1
20	rs4257446:597203:T:G	597203	15	-1.516909e-04	-1.087441e-04	1
20	rs4289256:1119263:A:G	1119263	2	-2.097492e-04	-6.019284e-05	1
20	rs4297962:649644:G:A	649644	12	9.803056e-05	5.982922e-05	1
20	rs4344980:1084659:C:T	1084659	4	-2.495628e-05	-1.691009e-05	1
20	rs4398333:550818:T:C	550818	8	-1.052023e-03	-6.393583e-04	1
20	rs4434059:788713:G:A	788713	12	2.056669e-05	3.945633e-06	1
20	rs4505594:1360478:C:T	1360478	11	-3.232864e-04	-1.400120e-04	1
20	rs450739	1210647	0	2.223627e-05	4.043661e-06	1
20	rs45443791:1115681:C:T	1115681	3	-3.507167e-04	-1.612473e-04	1
20	rs45446195:1291777:A:T	1291777	11	3.841876e-06	2.761799e-06	1
20	rs45487492:470264:G:A	470264	5	3.577769e-05	2.234656e-05	1
20	rs4553882:1113891:G:A	1113891	3	-3.507167e-04	-1.612473e-04	1
20	rs45556531	1099339	0	-3.523040e-04	-3.144462e-04	1
20	rs45560131	1147057	4	-2.825331e-04	-2.031352e-04	1
20	rs459012	462008	0	-3.955196e-05	-1.012264e-05	1
20	rs471263:942670:T:G	942670	9	1.671509e-04	9.212141e-05	1
20	rs473042	909450	0	2.181668e-04	4.072331e-05	1
20	rs475922	909771	0	3.542791e-04	7.196396e-05	1
20	rs478451	896012	0	1.864688e-04	3.435726e-05	1
20	rs479848	932513	0	3.695733e-04	7.355781e-05	1
20	rs480012:939130:T:A	939130	6	4.602869e-04	2.006145e-04	1
20	rs480789	932618	0	6.150805e-04	1.536760e-04	1
20	rs4813020:1061660:C:T	1061660	7	-9.497138e-05	-6.187494e-05	1
20	rs4813021:1061777:C:T	1061777	8	-1.381897e-04	-9.356358e-05	1
20	rs4813044:1148783:A:G	1148783	9	-7.169537e-04	-1.993545e-04	1
20	rs4813049:1172794:A:G	1172794	11	1.822472e-04	1.453975e-04	1
20	rs4813073:1256894:G:C	1256894	0	-4.194085e-05	-1.983437e-05	1
20	rs4813133:1403686:C:T	1403686	9	-5.997298e-05	-1.225731e-05	1
20	rs4813788	660126	1	-9.457918e-04	-4.175747e-04	1
20	rs4813789:660127:T:G	660127	2	-9.241578e-04	-3.949343e-04	1
20	rs4813804:729420:G:A	729420	5	5.305830e-04	1.837112e-04	1
20	rs4813823:778514:G:A	778514	11	-2.152962e-04	-7.552496e-05	1
20	rs4813845:844692:T:C	844692	12	1.284333e-04	2.504971e-05	1
20	rs4813888	968462	1	3.793913e-05	9.560106e-06	1
20	rs4813889:968677:T:C	968677	4	8.802458e-05	2.172359e-05	1
20	rs4813907:1051858:T:C	1051858	4	-2.948904e-05	-1.970600e-05	1
20	rs4813910:1060202:C:T	1060202	2	5.486557e-05	3.583077e-05	1
20	rs4813911:1063318:G:A	1063318	4	-2.948904e-05	-1.970600e-05	1
20	rs4813939:1115529:A:G	1115529	0	-4.588249e-05	-2.989234e-05	1
20	rs4813940:1126040:A:G	1126040	0	-4.588249e-05	-2.989234e-05	1
20	rs4813945:1136656:G:A	1136656	5	-7.592694e-04	-2.214683e-04	1
20	rs4814030:1211150:C:A	1211150	3	-6.713381e-05	-3.193156e-05	1
20	rs4814031:1211170:A:T	1211170	3	-6.713381e-05	-3.193156e-05	1
20	rs4814066	1273711	0	2.321910e-04	7.986385e-05	1
20	rs4814111	1292989	0	-6.602013e-05	-3.294930e-05	1
20	rs4814222:1383276:G:A	1383276	6	-5.659518e-04	-1.484834e-04	1
20	rs4814224:1383809:T:C	1383809	6	-5.659518e-04	-1.484833e-04	1
20	rs4814229:1388219:G:A	1388219	1	3.597121e-04	6.955881e-05	1
20	rs4814230:1388312:A:C	1388312	1	1.690318e-04	3.483119e-05	1
20	rs4814231:1388425:G:A	1388425	0	1.356341e-04	2.763938e-05	1
20	rs4814237:1399359:G:T	1399359	1	1.417988e-04	2.536886e-05	1
20	rs4814240:1403922:G:C	1403922	1	1.417988e-04	2.536885e-05	1
20	rs4815752	538829	2	1.824088e-04	3.958948e-05	1
20	rs4815841:612651:G:A	612651	8	7.296301e-04	3.107137e-04	1
20	rs4815878	647736	1	5.021322e-04	1.545847e-04	1
20	rs4815892:676804:G:A	676804	6	3.653759e-04	1.290897e-04	1
20	rs4815939:731211:C:A	731211	7	4.934274e-04	1.608855e-04	1
20	rs4815945:739452:G:A	739452	14	-4.839810e-04	-2.647715e-04	1
20	rs4815972:765329:G:T	765329	15	-3.784833e-04	-1.056394e-04	1
20	rs4815973:765338:A:T	765338	8	-3.441814e-04	-8.084786e-05	1
20	rs4815974:765464:A:G	765464	8	-3.441814e-04	-8.084784e-05	1
20	rs4815975:765937:C:A	765937	9	-2.837047e-04	-6.515948e-05	1
20	rs4815998	796822	0	-6.460274e-04	-1.601942e-04	1
20	rs4816027:842616:G:A	842616	1	5.109918e-04	1.934945e-04	1
20	rs4816028	842618	0	5.028899e-04	1.877745e-04	1
20	rs4816030	844672	2	-2.551708e-04	-5.134856e-05	1
20	rs4816031:844723:T:C	844723	6	1.399839e-04	7.274743e-05	1
20	rs4816125:968497:G:A	968497	4	8.802458e-05	2.172358e-05	1
20	rs4816139:998813:A:G	998813	0	1.276914e-04	3.397458e-05	1
20	rs4816141:998996:C:T	998996	0	1.276914e-04	3.397458e-05	1
20	rs4816142:1001760:T:C	1001760	4	1.237753e-04	3.563532e-05	1
20	rs4816146:1005873:C:T	1005873	8	1.169089e-04	3.449431e-05	1
20	rs4816174:1028824:C:T	1028824	7	1.245419e-03	9.300360e-04	1
20	rs4816177	1029686	0	-1.169865e-04	-3.162578e-05	1
20	rs4816181:1035535:G:C	1035535	5	4.541897e-05	3.390581e-05	1
20	rs4816183:1041549:T:C	1041549	14	3.945344e-04	1.044479e-04	1
20	rs4816194:1051686:A:G	1051686	2	5.486557e-05	3.583077e-05	1
20	rs4816195:1052215:C:T	1052215	4	-2.948904e-05	-1.970600e-05	1
20	rs4816205:1056992:T:C	1056992	1	6.291969e-04	2.227530e-04	1
20	rs484318:942432:C:T	942432	9	1.395824e-04	7.481917e-05	1
20	rs484390:938943:C:G	938943	10	1.993963e-04	1.113681e-04	1
20	rs486344	939161	0	4.271562e-04	1.356255e-04	1
20	rs486347	939166	2	1.462289e-04	6.770994e-05	1
20	rs487473	889869	1	-3.910907e-04	-1.229868e-04	1
20	rs495241	780387	0	-2.742225e-04	-5.235521e-05	1
20	rs498249:771282:C:T	771282	3	-4.051475e-04	-1.091844e-04	1
20	rs499017:943382:G:C	943382	15	2.317761e-04	1.318253e-04	1
20	rs5001787:1133980:G:C	1133980	7	4.119778e-04	2.455326e-04	1
20	rs5019244	1402161	2	7.545759e-05	1.348020e-05	1
20	rs502716	926397	3	-1.247139e-03	-1.080886e-03	1
20	rs504507	926585	3	-8.048359e-04	-2.614505e-04	1
20	rs505547	926732	0	2.334428e-04	7.931142e-05	1
20	rs507636	906235	0	7.986207e-04	5.795952e-04	1
20	rs509384:939958:A:G	939958	14	5.976866e-04	3.482336e-04	1
20	rs512236	785108	1	-5.321933e-05	-1.001668e-05	1
20	rs513432:914407:G:T	914407	9	-1.776313e-04	-3.586188e-05	1
20	rs515349	943461	0	6.284290e-04	2.597484e-04	1
20	rs515527:943526:G:A	943526	12	1.569942e-04	1.080716e-04	1
20	rs518281:926325:T:C	926325	12	-1.433982e-03	-2.298710e-03	1
20	rs519304	900935	0	-5.434955e-05	-9.462895e-06	1
20	rs519478:940514:T:C	940514	9	1.435171e-04	7.630339e-05	1
20	rs525608	895038	0	-1.073671e-06	-7.171852e-07	1
20	rs529058	926945	0	-3.195062e-04	-1.625115e-04	1
20	rs529837	781848	4	1.333467e-04	3.029403e-05	1
20	rs530008	914420	1	-1.934547e-04	-3.870080e-05	1
20	rs530365	901676	0	3.784474e-04	2.320979e-04	1
20	rs531733:782046:C:T	782046	1	1.701976e-04	3.889553e-05	1
20	rs538094	825678	2	-5.578275e-04	-2.537625e-04	1
20	rs538425	798547	0	3.181934e-04	1.257320e-04	1
20	rs540995	898218	2	1.572257e-05	9.270799e-06	1
20	rs542451:941312:G:T	941312	16	1.917358e-05	7.447613e-06	1
20	rs546106:769074:T:C	769074	11	-2.718343e-04	-6.787065e-05	1
20	rs551465:941665:C:G	941665	10	1.656786e-04	9.123086e-05	1
20	rs55655566:1293107:G:A	1293107	13	1.567079e-06	1.045718e-06	1
20	rs55658568:1176762:C:G	1176762	11	1.694297e-04	8.262191e-05	1
20	rs55666732:860151:A:T	860151	12	-1.604124e-05	-6.612926e-06	1
20	rs55686498	1348688	3	2.304169e-05	9.218562e-06	1
20	rs55715142	475187	1	-9.615233e-05	-6.862292e-05	1
20	rs55726113:1080349:G:A	1080349	5	-3.968466e-04	-1.841115e-04	1
20	rs55751955:1095994:A:C	1095994	3	-4.873551e-04	-1.150845e-04	1
20	rs55761410:1100085:C:T	1100085	7	-8.191956e-04	-3.491831e-04	1
20	rs55762924	624386	2	-7.399617e-04	-2.804902e-04	1
20	rs55778346:597387:C:A	597387	15	-1.516909e-04	-1.087441e-04	1
20	rs55806432:599867:C:G	599867	14	-1.541063e-04	-1.106772e-04	1
20	rs55869847:595052:C:T	595052	15	-1.516909e-04	-1.087441e-04	1
20	rs55872953:1379866:A:G	1379866	6	8.139261e-06	5.429651e-06	1
20	rs55878704:1080460:C:T	1080460	11	-3.510285e-04	-1.549501e-04	1
20	rs55924053:1179133:C:T	1179133	2	2.003396e-04	9.869120e-05	1
20	rs55951069:978910:G:C	978910	12	2.928269e-04	2.157592e-04	1
20	rs55977660:1348700:T:C	1348700	0	7.757750e-06	3.100057e-06	1
20	rs56021320:798333:G:T	798333	4	2.625015e-04	8.412318e-05	1
20	rs56031085:1232221:T:C	1232221	1	-1.789527e-04	-7.753051e-05	1
20	rs56046688:1232308:A:G	1232308	2	-1.788457e-04	-7.750207e-05	1
20	rs561920	922125	2	4.950561e-04	1.690071e-04	1
20	rs56211547:1254640:C:T	1254640	2	-1.826457e-04	-7.992933e-05	1
20	rs56218907:869117:G:A	869117	4	-4.106964e-04	-3.568442e-04	1
20	rs56237262:1080364:G:A	1080364	5	-3.968466e-04	-1.841115e-04	1
20	rs56246307:1301787:G:A	1301787	5	3.952167e-05	2.684683e-05	1
20	rs56256143	889904	0	6.856426e-04	3.949837e-04	1
20	rs56272098:481193:A:G	481193	16	9.021287e-05	4.683274e-05	1
20	rs56273960:1109672:C:T	1109672	4	-7.893760e-04	-3.178244e-04	1
20	rs56295224:1366766:T:A	1366766	15	-4.932158e-04	-2.818341e-04	1
20	rs56323034:699918:C:T	699918	10	-3.073046e-04	-1.026555e-04	1
20	rs563235	928438	1	6.124710e-04	1.458938e-04	1
20	rs56354341	703056	0	8.193151e-04	3.803100e-04	1
20	rs56381537:1138233:T:C	1138233	12	-7.451572e-04	-2.262689e-04	1
20	rs56389713:1185294:C:T	1185294	2	2.003396e-04	9.869120e-05	1
20	rs56399744	978789	0	1.487325e-04	9.718313e-05	1
20	rs56400707:555624:C:T	555624	3	-6.020597e-04	-7.016608e-04	1
20	rs56746686:1185018:G:A	1185018	2	2.003396e-04	9.869120e-05	1
20	rs56761356:1094892:C:T	1094892	4	-4.794327e-04	-1.125637e-04	1
20	rs56815619:722481:C:T	722481	13	3.591843e-04	1.689791e-04	1
20	rs56839494	720518	0	3.761028e-04	1.665676e-04	1
20	rs56885865:648816:C:T	648816	5	-4.772115e-04	-1.095251e-04	1
20	rs56982547	1263701	0	-2.444392e-04	-5.740729e-05	1
20	rs57001576	894378	0	-1.195125e-04	-6.266933e-05	1
20	rs571126:810954:A:G	810954	7	6.163953e-04	1.531754e-04	1
20	rs57116885:975319:C:T	975319	7	2.549003e-04	1.402124e-04	1
20	rs571870	836526	1	-1.527015e-04	-3.369918e-05	1
20	rs573674	902310	3	-8.239126e-04	-3.657788e-04	1
20	rs57400069	802019	1	-2.224701e-04	-1.039558e-04	1
20	rs57454310	399829	1	-1.981302e-04	-6.267746e-05	1
20	rs574628	892948	1	4.069552e-04	9.156481e-05	1
20	rs57596504:730893:C:T	730893	3	-3.376488e-04	-7.140235e-05	1
20	rs57744916:484732:A:T	484732	16	9.021287e-05	4.683273e-05	1
20	rs581268:928557:T:C	928557	4	5.592865e-04	1.257847e-04	1
20	rs58158356:939725:C:G	939725	7	4.964000e-04	3.410262e-04	1
20	rs58237167	1032716	3	-1.534462e-04	-9.182342e-05	1
20	rs58262002:828591:C:T	828591	5	-1.650758e-04	-7.263723e-05	1
20	rs58448358	578018	4	-6.783352e-05	-1.641146e-05	1
20	rs58674686:722489:C:T	722489	13	3.591843e-04	1.689790e-04	1
20	rs58681954:598071:G:A	598071	14	-1.541063e-04	-1.106772e-04	1
20	rs58844196:451401:T:G	451401	6	4.259011e-05	1.863931e-05	1
20	rs59098165	1179659	1	2.311358e-04	1.145473e-04	1
20	rs59163041:1267479:T:G	1267479	13	2.731411e-04	9.876299e-05	1
20	rs59503300	946927	2	-2.879202e-04	-1.115148e-04	1
20	rs59538275:863053:A:G	863053	15	-1.442911e-04	-9.985691e-05	1
20	rs59627628:451402:T:G	451402	6	4.259011e-05	1.863931e-05	1
20	rs59826367	903294	0	-2.681763e-04	-1.694637e-04	1
20	rs59905706:403897:C:T	403897	14	1.470913e-05	9.544538e-06	1
20	rs60287906	527676	0	-3.367734e-05	-1.926590e-05	1
20	rs60302402	890658	2	3.458051e-04	2.023218e-04	1
20	rs6032808	1066962	1	4.982443e-05	1.339104e-05	1
20	rs6032809:1067249:G:T	1067249	2	6.224474e-04	2.190515e-04	1
20	rs6032810:1067571:G:A	1067571	1	4.982443e-05	1.339103e-05	1
20	rs6032877:1094698:C:T	1094698	3	-4.183093e-04	-1.952986e-04	1
20	rs6032947:1129803:T:C	1129803	12	-2.884345e-04	-1.321645e-04	1
20	rs6033060	1173900	1	1.818575e-04	1.316098e-04	1
20	rs6033448	1307888	2	-2.209854e-04	-4.234709e-05	1
20	rs6033470:1316043:C:T	1316043	4	-1.391351e-04	-2.868652e-05	1
20	rs6033534	1339076	0	9.827985e-05	5.213039e-05	1
20	rs6033554:1346381:T:C	1346381	8	-9.531032e-05	-2.991297e-05	1
20	rs6033572:1353311:G:A	1353311	10	-3.692032e-04	-1.667913e-04	1
20	rs6033581:1355677:C:T	1355677	11	-3.232864e-04	-1.400121e-04	1
20	rs6033666	1382825	2	-5.536063e-04	-1.424558e-04	1
20	rs6033673:1384427:C:G	1384427	6	-5.659518e-04	-1.484833e-04	1
20	rs6033674:1384658:C:T	1384658	16	-6.067180e-04	-1.724632e-04	1
20	rs6033691:1391938:C:G	1391938	2	1.728237e-04	3.568203e-05	1
20	rs6033697:1393279:T:C	1393279	4	3.811368e-04	7.535422e-05	1
20	rs6033698:1393350:T:C	1393350	4	3.811368e-04	7.535421e-05	1
20	rs6033707:1395107:T:C	1395107	10	2.405150e-04	5.185381e-05	1
20	rs6033709:1395547:T:A	1395547	8	3.445200e-04	6.736551e-05	1
20	rs6033710:1395780:T:C	1395780	8	3.445200e-04	6.736549e-05	1
20	rs6033715:1397928:C:T	1397928	2	1.408558e-04	2.519492e-05	1
20	rs6033726:1400608:T:C	1400608	2	1.371830e-04	2.463394e-05	1
20	rs6033728:1400656:G:C	1400656	0	1.406676e-04	2.516003e-05	1
20	rs6033729:1400673:C:T	1400673	0	1.406676e-04	2.516002e-05	1
20	rs6033732:1401326:A:T	1401326	0	1.406676e-04	2.516001e-05	1
20	rs6033744:1403385:G:A	1403385	1	1.417988e-04	2.536871e-05	1
20	rs6037639	415205	1	1.255596e-04	2.863644e-05	1
20	rs6037986	536429	1	-4.794314e-05	-2.532146e-05	1
20	rs6038071:565077:C:T	565077	11	-1.287646e-04	-4.113943e-05	1
20	rs6038072:565308:T:C	565308	15	-1.702416e-04	-5.732076e-05	1
20	rs6038371	667438	0	-6.449603e-04	-2.370940e-04	1
20	rs6038499	696469	1	-3.832604e-05	-1.206433e-05	1
20	rs6038643:743130:C:T	743130	8	3.383257e-04	6.939895e-05	1
20	rs6038717:764887:G:A	764887	11	-2.493580e-04	-5.524627e-05	1
20	rs6038718:764980:T:C	764980	7	-2.954725e-04	-6.657372e-05	1
20	rs6038722:766336:T:G	766336	6	-1.371757e-04	-4.987509e-05	1
20	rs6038723:766446:T:C	766446	5	-9.716969e-05	-3.384999e-05	1
20	rs6038757:778921:G:A	778921	3	-1.151853e-04	-3.779382e-05	1
20	rs60387645:748674:C:G	748674	1	5.690862e-05	1.460125e-05	1
20	rs6038939	823792	0	2.283192e-04	5.187372e-05	1
20	rs6038974	840405	0	7.995410e-05	3.631769e-05	1
20	rs6039039:864301:G:T	864301	14	7.046670e-05	2.424463e-05	1
20	rs6039299	935683	0	-3.746798e-04	-1.138872e-04	1
20	rs6039382:960788:A:G	960788	12	5.518061e-04	2.917980e-04	1
20	rs6039499:1007601:A:G	1007601	7	2.652911e-04	1.447681e-04	1
20	rs6039508	1009361	3	1.114543e-04	2.487619e-05	1
20	rs6039511:1010089:C:T	1010089	15	-3.688707e-04	-2.018847e-04	1
20	rs6039664:1057402:G:T	1057402	4	-2.948904e-05	-1.970595e-05	1
20	rs6039703:1062779:C:A	1062779	15	-1.470873e-04	-9.740060e-05	1
20	rs6039706:1063642:A:G	1063642	4	-2.495628e-05	-1.691004e-05	1
20	rs6039726:1064620:C:T	1064620	8	5.859827e-04	2.171154e-04	1
20	rs6039731:1064980:T:C	1064980	3	5.918911e-04	2.046576e-04	1
20	rs6039734:1066687:A:G	1066687	4	-2.948904e-05	-1.970595e-05	1
20	rs6039805:1079678:A:G	1079678	11	-3.510285e-04	-1.549501e-04	1
20	rs6039857:1085240:A:G	1085240	10	-4.147637e-04	-1.986745e-04	1
20	rs6039867:1086753:C:G	1086753	5	-7.415156e-05	-5.162799e-05	1
20	rs6039902:1090779:T:C	1090779	6	-2.166376e-05	-1.467391e-05	1
20	rs6039903:1090785:A:T	1090785	3	-2.668878e-05	-1.808768e-05	1
20	rs6039915	1092806	0	-3.712599e-04	-1.605749e-04	1
20	rs6039922:1094857:C:T	1094857	3	-4.183093e-04	-1.952986e-04	1
20	rs6039940:1096536:C:T	1096536	8	-2.235153e-04	-9.151863e-05	1
20	rs6040009:1105144:C:T	1105144	1	-2.029598e-04	-5.799585e-05	1
20	rs6040022	1106944	1	-4.431704e-05	-2.886353e-05	1
20	rs6040024:1108262:C:G	1108262	8	-2.241105e-04	-6.532451e-05	1
20	rs6040031:1109872:G:C	1109872	1	-8.872440e-05	-5.945701e-05	1
20	rs6040044:1113859:G:C	1113859	3	-3.507167e-04	-1.612472e-04	1
20	rs6040066:1118399:T:G	1118399	2	-2.097492e-04	-6.019282e-05	1
20	rs6040122:1126745:C:G	1126745	2	-3.120079e-04	-1.367848e-04	1
20	rs6040140:1127821:A:G	1127821	15	-2.465493e-04	-1.039793e-04	1
20	rs6040155	1131119	0	-9.658910e-04	-5.000867e-04	1
20	rs6040197:1137203:C:T	1137203	6	2.927729e-04	1.906270e-04	1
20	rs6040199:1137402:G:A	1137402	4	-9.870031e-04	-4.163206e-04	1
20	rs6040275:1151029:G:A	1151029	2	3.752880e-04	1.989806e-04	1
20	rs6040276	1151038	0	3.878264e-04	2.052857e-04	1
20	rs6040823:1217741:T:C	1217741	14	-4.103757e-04	-2.272362e-04	1
20	rs6040929:1236887:C:G	1236887	7	-4.081291e-05	-1.063202e-05	1
20	rs6041150:1270094:A:G	1270094	12	-2.329751e-04	-8.184617e-05	1
20	rs6041333:1294853:C:A	1294853	11	1.682840e-04	6.481185e-05	1
20	rs6041352:1296044:G:A	1296044	7	-1.389303e-04	-2.626578e-05	1
20	rs6041353:1296063:C:T	1296063	5	-1.978594e-04	-3.780749e-05	1
20	rs6041440:1305773:G:A	1305773	10	-2.149229e-04	-4.666236e-05	1
20	rs6041490:1313936:T:C	1313936	0	-2.017537e-04	-4.176193e-05	1
20	rs6041496:1314055:C:G	1314055	0	-2.017537e-04	-4.176193e-05	1
20	rs6041497:1314265:A:G	1314265	10	-3.415952e-04	-7.071629e-05	1
20	rs6041502:1315992:A:G	1315992	8	-8.480068e-05	-1.792261e-05	1
20	rs6041508:1316641:C:T	1316641	13	-2.741857e-04	-5.515220e-05	1
20	rs6041689:1339655:A:G	1339655	6	1.694473e-04	9.452682e-05	1
20	rs6041717:1344974:A:G	1344974	9	-4.807764e-05	-2.502734e-05	1
20	rs6041759:1352322:T:C	1352322	14	-3.738133e-04	-1.701039e-04	1
20	rs6041772:1354410:C:T	1354410	11	-3.232864e-04	-1.400121e-04	1
20	rs6041774:1354483:C:T	1354483	11	-3.232864e-04	-1.400121e-04	1
20	rs6041827:1358272:C:T	1358272	11	-3.734284e-04	-1.696042e-04	1
20	rs6041846:1360252:T:A	1360252	11	-3.232864e-04	-1.400121e-04	1
20	rs6041891:1365886:C:T	1365886	14	-4.647975e-04	-2.518565e-04	1
20	rs6041892:1365896:T:C	1365896	14	-4.647975e-04	-2.518564e-04	1
20	rs6041970	1376444	4	-4.070084e-04	-1.316686e-04	1
20	rs6041971:1376611:G:T	1376611	1	-3.885007e-04	-1.232503e-04	1
20	rs6041976:1379086:A:C	1379086	5	-2.188717e-04	-6.340141e-05	1
20	rs6042009:1382965:G:A	1382965	8	-5.756333e-04	-1.535726e-04	1
20	rs6042018:1384298:T:C	1384298	7	-5.701054e-04	-1.502597e-04	1
20	rs6042066:1391585:T:A	1391585	6	3.558724e-04	6.967778e-05	1
20	rs6042071:1392280:T:A	1392280	6	3.558724e-04	6.967776e-05	1
20	rs6042072:1392373:C:G	1392373	2	1.728237e-04	3.568193e-05	1
20	rs6042074:1392603:T:G	1392603	2	1.728237e-04	3.568192e-05	1
20	rs6042088:1394560:A:G	1394560	8	3.445200e-04	6.736538e-05	1
20	rs6042091:1394917:C:T	1394917	8	2.087898e-04	4.416757e-05	1
20	rs6042117:1397410:G:A	1397410	2	1.408558e-04	2.519483e-05	1
20	rs6042118:1397439:A:C	1397439	2	1.408558e-04	2.519482e-05	1
20	rs6042131:1398361:A:G	1398361	1	1.417988e-04	2.536865e-05	1
20	rs6042158:1400227:C:T	1400227	3	1.592257e-04	2.887560e-05	1
20	rs6042160:1400324:G:A	1400324	1	1.417988e-04	2.536863e-05	1
20	rs6042170:1401475:C:T	1401475	0	1.406676e-04	2.515991e-05	1
20	rs6042172:1401532:C:T	1401532	0	1.406676e-04	2.515990e-05	1
20	rs6042175:1401732:T:C	1401732	0	1.406676e-04	2.515989e-05	1
20	rs6042207:1406136:G:C	1406136	6	2.262420e-04	4.186681e-05	1
20	rs6042208:1406175:C:T	1406175	7	2.213389e-04	4.109048e-05	1
20	rs60444870	648820	0	-6.200078e-04	-1.599374e-04	1
20	rs6051900	402171	6	5.019436e-05	9.790186e-06	1
20	rs6051908	403653	3	4.952568e-06	9.864622e-07	1
20	rs6051936:406559:A:G	406559	3	-5.061588e-04	-3.528223e-04	1
20	rs6051941	406876	0	-5.349396e-04	-3.807703e-04	1
20	rs6051942:407059:C:T	407059	12	-3.894558e-04	-2.635775e-04	1
20	rs6051943:407108:T:G	407108	16	-3.229813e-04	-2.412066e-04	1
20	rs6051947:407550:T:G	407550	14	-3.779659e-04	-2.514009e-04	1
20	rs6051953:408651:A:G	408651	6	-4.139681e-04	-2.360477e-04	1
20	rs6052000	416956	0	-3.240527e-04	-1.575402e-04	1
20	rs605236	790035	5	-4.206037e-04	-1.689613e-04	1
20	rs6053042:554965:C:T	554965	13	1.650018e-04	1.250923e-04	1
20	rs6053122	564110	0	-1.450255e-04	-4.405957e-05	1
20	rs6053141:565505:C:T	565505	15	-1.632264e-04	-5.478337e-05	1
20	rs6053515	610322	0	-4.510149e-04	-1.248388e-04	1
20	rs6053534	612763	0	6.515619e-04	2.435676e-04	1
20	rs6053600	620196	0	3.119090e-04	6.527459e-05	1
20	rs60536531:1011749:G:A	1011749	16	-1.008644e-04	-7.695442e-05	1
20	rs6053685	630627	0	-3.528971e-04	-1.151372e-04	1
20	rs6053783	641893	0	3.051492e-04	6.115835e-05	1
20	rs6053825	652544	0	2.629255e-04	1.348492e-04	1
20	rs6053991	673640	0	4.352022e-05	1.770188e-05	1
20	rs6054622:747347:C:T	747347	5	5.416123e-04	4.045409e-04	1
20	rs6054627:747835:A:G	747835	7	-4.495064e-04	-1.576175e-04	1
20	rs6054733:762224:G:A	762224	15	1.986095e-04	6.162273e-05	1
20	rs6054734:762418:T:C	762418	14	2.529829e-04	8.063963e-05	1
20	rs6054736:762555:T:C	762555	5	-2.911089e-04	-6.529149e-05	1
20	rs6054737:762696:T:G	762696	5	-2.911089e-04	-6.529147e-05	1
20	rs6054739:762778:C:T	762778	5	-2.911089e-04	-6.529145e-05	1
20	rs6054740:762977:G:T	762977	5	-2.911089e-04	-6.529144e-05	1
20	rs6054751:764888:C:A	764888	11	-2.493580e-04	-5.524614e-05	1
20	rs6054790	770638	4	-1.996821e-05	-3.574142e-06	1
20	rs6054857	779110	0	-2.480963e-04	-8.573334e-05	1
20	rs6055178:813399:C:T	813399	15	-7.084786e-05	-3.912638e-05	1
20	rs6055271:823791:A:T	823791	8	3.521907e-04	8.678402e-05	1
20	rs6055350:839515:G:C	839515	6	-1.384148e-05	-7.285814e-06	1
20	rs6055353:839568:G:C	839568	3	5.121567e-05	2.500308e-05	1
20	rs6055385:842694:A:T	842694	5	-1.045164e-05	-5.500583e-06	1
20	rs6055386:842696:A:G	842696	5	-1.045164e-05	-5.500585e-06	1
20	rs6055551:863706:C:T	863706	15	-8.683359e-06	-2.101641e-06	1
20	rs6055553:863846:C:T	863846	13	8.386040e-05	2.869022e-05	1
20	rs6055556	864074	2	4.222542e-06	1.280217e-06	1
20	rs6055747:885414:C:T	885414	11	-2.266796e-04	-1.303864e-04	1
20	rs6055768	887800	1	-8.164395e-06	-1.671158e-06	1
20	rs6055803	894125	2	-4.199482e-04	-8.448810e-05	1
20	rs6056115:931170:T:C	931170	2	9.278335e-04	1.055517e-03	1
20	rs6056120	931341	1	8.950726e-04	9.202912e-04	1
20	rs6056141	933185	0	1.501955e-04	6.594917e-05	1
20	rs6056182	934617	0	-2.068926e-05	-4.210463e-06	1
20	rs6056268:945324:T:C	945324	13	7.890753e-04	5.023646e-04	1
20	rs6056337:954276:T:C	954276	14	6.400853e-04	2.642632e-04	1
20	rs6056517:981568:G:A	981568	15	3.424725e-04	1.714123e-04	1
20	rs6056527:983635:A:G	983635	3	4.118220e-04	1.105357e-04	1
20	rs6056528:983645:T:C	983645	7	3.890409e-04	1.029993e-04	1
20	rs6056532	983670	0	3.881167e-04	1.014359e-04	1
20	rs6056557	985437	4	3.478125e-04	7.201422e-05	1
20	rs6056558	985530	0	5.286315e-04	1.175981e-04	1
20	rs6056592	991284	0	-7.805380e-05	-1.956596e-05	1
20	rs6056616	995311	0	-5.516385e-04	-1.679836e-04	1
20	rs6056635:999572:G:A	999572	0	1.276914e-04	3.397456e-05	1
20	rs6056637:999784:C:T	999784	0	1.276914e-04	3.397455e-05	1
20	rs6056638:1000072:A:G	1000072	2	1.640919e-04	4.443992e-05	1
20	rs6056639:1000152:C:T	1000152	2	1.640919e-04	4.443992e-05	1
20	rs6056640:1000179:A:C	1000179	7	1.174115e-04	3.154522e-05	1
20	rs6056641:1000303:T:C	1000303	13	3.125839e-04	1.028174e-04	1
20	rs6056642:1000386:T:C	1000386	14	1.438080e-04	3.936898e-05	1
20	rs6056643:1000420:T:C	1000420	14	1.438080e-04	3.936898e-05	1
20	rs6056681:1006295:T:A	1006295	11	2.002638e-04	1.126029e-04	1
20	rs6056706:1008465:G:A	1008465	11	5.829396e-05	1.865263e-05	1
20	rs6056709:1009232:C:T	1009232	7	1.238779e-04	2.778847e-05	1
20	rs6056801	1020318	3	1.130275e-03	6.504450e-04	1
20	rs6056813	1022712	1	-6.149077e-04	-1.892266e-04	1
20	rs6056847	1028346	2	1.202985e-03	8.135731e-04	1
20	rs6057028:1044888:G:A	1044888	16	5.611000e-04	1.914149e-04	1
20	rs6057044:1046508:A:C	1046508	11	5.813892e-04	2.114874e-04	1
20	rs6057055:1048828:A:T	1048828	2	5.486557e-05	3.583082e-05	1
20	rs6057056	1048933	3	1.413863e-07	9.187018e-08	1
20	rs6057067:1051132:A:T	1051132	2	5.486557e-05	3.583083e-05	1
20	rs6057078:1053502:T:C	1053502	2	5.486557e-05	3.583083e-05	1
20	rs6057085:1054021:C:T	1054021	4	-2.948904e-05	-1.970592e-05	1
20	rs6057111:1055720:A:G	1055720	2	5.486557e-05	3.583083e-05	1
20	rs6057113:1055985:A:C	1055985	2	5.486557e-05	3.583083e-05	1
20	rs6057117:1057824:G:A	1057824	4	-2.948904e-05	-1.970592e-05	1
20	rs6057125:1058879:C:A	1058879	2	5.486557e-05	3.583083e-05	1
20	rs6057127:1059135:G:T	1059135	4	-2.948904e-05	-1.970592e-05	1
20	rs60609218:1234081:G:C	1234081	1	-4.935023e-06	-2.308688e-06	1
20	rs60669872:1358751:C:T	1358751	11	-3.734284e-04	-1.696042e-04	1
20	rs6074131:1093265:T:A	1093265	7	-4.521674e-04	-1.054459e-04	1
20	rs6074136:1095396:C:G	1095396	8	-1.558238e-05	-1.054865e-05	1
20	rs6074191:1136156:C:A	1136156	9	-8.289930e-04	-2.696132e-04	1
20	rs6074266:1177029:A:T	1177029	5	-9.240869e-05	-3.336475e-05	1
20	rs6074324:1213841:G:A	1213841	4	1.448007e-04	8.654991e-05	1
20	rs6074333:1226019:T:C	1226019	1	2.669539e-04	1.493793e-04	1
20	rs6074338:1227041:G:A	1227041	1	1.340195e-04	7.955871e-05	1
20	rs6074364:1241287:T:G	1241287	0	2.541062e-04	1.388715e-04	1
20	rs6074376:1255478:C:T	1255478	1	2.213570e-04	1.186224e-04	1
20	rs6074593:1387771:G:A	1387771	0	1.356341e-04	2.763913e-05	1
20	rs6074603:1391391:C:A	1391391	1	-1.785599e-04	-5.337210e-05	1
20	rs6074608:1392955:G:A	1392955	1	-1.785599e-04	-5.337210e-05	1
20	rs6074609	1393060	2	-1.842407e-04	-5.510698e-05	1
20	rs6074625:1408490:T:C	1408490	13	-2.518085e-04	-8.099836e-05	1
20	rs6076750:539572:G:A	539572	6	2.044034e-04	4.594942e-05	1
20	rs6076926:658378:G:C	658378	9	-5.820366e-04	-2.070773e-04	1
20	rs6076977	685116	5	4.616928e-04	1.066741e-04	1
20	rs6077013:701011:C:G	701011	15	-2.401018e-04	-7.708228e-05	1
20	rs6077171:779237:T:G	779237	3	-1.482903e-04	-4.923623e-05	1
20	rs6077399:915259:G:A	915259	12	-4.478801e-04	-1.445478e-04	1
20	rs6077455:943812:C:T	943812	8	7.198272e-04	1.043971e-03	1
20	rs6077542:999048:A:G	999048	0	1.276914e-04	3.397452e-05	1
20	rs6077564	1009420	0	2.903356e-04	1.592418e-04	1
20	rs6077624:1052599:C:T	1052599	4	-2.948904e-05	-1.970591e-05	1
20	rs6077653:1062682:C:T	1062682	6	6.773094e-04	2.595284e-04	1
20	rs6077727:1081660:T:C	1081660	3	3.434283e-05	2.516492e-05	1
20	rs6077768:1092456:C:T	1092456	10	-4.741714e-04	-1.155447e-04	1
20	rs6077769:1092561:T:C	1092561	10	-4.741714e-04	-1.155447e-04	1
20	rs6077771:1093310:C:T	1093310	7	-4.521674e-04	-1.054458e-04	1
20	rs6077772:1093375:C:T	1093375	7	2.113297e-04	1.198430e-04	1
20	rs6077773:1093562:A:G	1093562	7	-4.521674e-04	-1.054458e-04	1
20	rs6077774:1093584:T:A	1093584	10	-4.438758e-04	-1.035910e-04	1
20	rs6077776:1094223:G:T	1094223	7	2.113297e-04	1.198430e-04	1
20	rs6077779:1094346:G:T	1094346	4	-4.794327e-04	-1.125635e-04	1
20	rs6077792	1096116	0	-4.899638e-04	-1.156432e-04	1
20	rs6077860	1116429	0	-8.059039e-04	-3.302947e-04	1
20	rs6077895:1125036:A:T	1125036	0	-4.588249e-05	-2.989225e-05	1
20	rs6077896:1125167:T:C	1125167	0	1.484446e-05	1.035523e-05	1
20	rs6077930:1135926:T:C	1135926	2	-8.182023e-04	-2.586128e-04	1
20	rs6078022	1155854	0	-1.426571e-04	-9.547595e-05	1
20	rs6078054	1161063	0	2.302087e-04	9.131071e-05	1
20	rs6078110	1177199	0	-2.419810e-05	-8.229164e-06	1
20	rs6078239:1208610:G:A	1208610	5	1.381622e-04	8.225023e-05	1
20	rs6078240:1208846:C:T	1208846	4	1.389592e-04	8.275721e-05	1
20	rs6078248:1211017:T:C	1211017	0	2.541062e-04	1.388715e-04	1
20	rs6078274:1216558:T:A	1216558	0	2.541062e-04	1.388715e-04	1
20	rs6078316:1227243:T:C	1227243	0	2.541062e-04	1.388715e-04	1
20	rs6078395:1245158:C:T	1245158	3	1.560970e-04	1.158050e-04	1
20	rs6078405:1247246:T:C	1247246	4	-6.158932e-05	-2.088510e-05	1
20	rs6078413:1249345:G:C	1249345	0	2.541062e-04	1.388715e-04	1
20	rs6078444:1258306:G:A	1258306	1	1.990494e-04	1.254837e-04	1
20	rs6078462	1267130	2	1.446719e-04	4.158171e-05	1
20	rs6078557	1292449	0	-8.525963e-06	-1.937845e-06	1
20	rs6079009:1387039:G:A	1387039	0	1.356341e-04	2.763913e-05	1
20	rs6079010	1387092	0	1.356341e-04	2.763912e-05	1
20	rs6079012:1387340:C:G	1387340	0	1.356341e-04	2.763912e-05	1
20	rs6079013:1387366:G:C	1387366	0	1.356341e-04	2.763911e-05	1
20	rs6079015:1387621:T:G	1387621	0	1.356341e-04	2.763910e-05	1
20	rs6079018:1388576:C:T	1388576	5	-1.333348e-04	-3.951898e-05	1
20	rs6079040:1391334:C:T	1391334	5	-1.034335e-04	-3.038867e-05	1
20	rs6079044:1391958:T:G	1391958	1	-1.785599e-04	-5.337208e-05	1
20	rs6079045:1392087:A:G	1392087	1	-1.785599e-04	-5.337208e-05	1
20	rs6079053:1393671:A:G	1393671	1	-1.785599e-04	-5.337207e-05	1
20	rs6079055:1393861:G:A	1393861	1	-1.785599e-04	-5.337206e-05	1
20	rs6079082:1400499:A:G	1400499	8	-2.415174e-04	-7.615028e-05	1
20	rs60821030	898170	0	2.498959e-04	1.044560e-04	1
20	rs60845367:703778:C:T	703778	9	7.396685e-04	3.071871e-04	1
20	rs6084945	549364	0	-1.434447e-04	-3.491185e-05	1
20	rs6085254:624615:G:A	624615	5	-3.627120e-04	-1.243020e-04	1
20	rs6085257:624773:T:A	624773	11	-5.727043e-04	-2.395407e-04	1
20	rs6085283	632959	1	2.400284e-04	4.932197e-05	1
20	rs6085377:658333:G:A	658333	9	-5.820366e-04	-2.070772e-04	1
20	rs6085379:658443:C:A	658443	9	-5.820366e-04	-2.070771e-04	1
20	rs6085381:658659:G:A	658659	9	-5.820366e-04	-2.070771e-04	1
20	rs6085386:659795:G:A	659795	8	-5.839774e-04	-2.074233e-04	1
20	rs6085394:660793:A:G	660793	16	-6.750824e-04	-2.786046e-04	1
20	rs6085397:660901:T:C	660901	16	-6.101445e-04	-2.286877e-04	1
20	rs6085399:661269:T:A	661269	16	-6.101445e-04	-2.286876e-04	1
20	rs6085502	686294	0	-7.573820e-06	-2.282463e-06	1
20	rs6085540	692206	0	-4.501835e-04	-1.099049e-04	1
20	rs6085556	695460	0	3.074696e-04	6.388090e-05	1
20	rs6085558	696481	1	-1.710876e-04	-1.125156e-04	1
20	rs6085673	727331	2	1.459721e-04	2.516641e-05	1
20	rs6085702	739518	4	5.337678e-04	1.801108e-04	1
20	rs6085741:745444:C:A	745444	15	4.752937e-04	1.785086e-04	1
20	rs6085769:747197:T:C	747197	4	6.037790e-04	1.846507e-04	1
20	rs6085771:747233:G:A	747233	3	6.046404e-04	1.846862e-04	1
20	rs6085776:747993:C:T	747993	13	-1.085873e-04	-2.547154e-05	1
20	rs6085867:761786:G:A	761786	7	-2.538682e-04	-6.336718e-05	1
20	rs6085872:763195:A:G	763195	4	-3.105605e-04	-7.032736e-05	1
20	rs6085874:763391:T:C	763391	12	-2.555698e-04	-6.420708e-05	1
20	rs6085876:763541:G:A	763541	4	-3.105605e-04	-7.032733e-05	1
20	rs6085877:763651:G:A	763651	4	-3.105605e-04	-7.032731e-05	1
20	rs6085878:763831:G:A	763831	4	-3.105605e-04	-7.032730e-05	1
20	rs6085880:763838:A:G	763838	11	-2.704304e-04	-6.839038e-05	1
20	rs6085881:763968:C:A	763968	4	-3.105605e-04	-7.032726e-05	1
20	rs6085882:764067:T:C	764067	4	-3.105605e-04	-7.032725e-05	1
20	rs6085884:764163:T:C	764163	4	-3.105605e-04	-7.032723e-05	1
20	rs6085887	764382	0	-3.128134e-04	-7.062033e-05	1
20	rs6085889:764477:G:A	764477	4	-3.105605e-04	-7.032719e-05	1
20	rs6085890:764580:G:A	764580	4	-3.105605e-04	-7.032717e-05	1
20	rs6085892:764832:A:G	764832	7	-2.954725e-04	-6.657332e-05	1
20	rs6085895:766290:G:A	766290	16	-3.599106e-04	-9.914803e-05	1
20	rs6085912:769588:T:C	769588	10	-3.519415e-04	-9.238590e-05	1
20	rs6086005:785898:T:C	785898	9	-1.275902e-05	-2.422716e-06	1
20	rs6086006:785917:T:C	785917	9	-1.275902e-05	-2.422716e-06	1
20	rs6086016:789390:T:C	789390	11	-1.017122e-04	-1.948023e-05	1
20	rs6086321	859622	0	-2.809635e-05	-1.188912e-05	1
20	rs6086545:915863:C:A	915863	13	-4.594188e-04	-1.500758e-04	1
20	rs6086636	936463	3	3.149824e-04	1.743302e-04	1
20	rs6086703	947054	0	5.560166e-04	5.129344e-04	1
20	rs6086733:954364:G:A	954364	16	5.963517e-04	5.806143e-04	1
20	rs6086802:970705:C:G	970705	13	1.451138e-04	3.754186e-05	1
20	rs6087042:1040005:G:C	1040005	14	3.945344e-04	1.044475e-04	1
20	rs6087048:1041244:G:T	1041244	14	3.945344e-04	1.044475e-04	1
20	rs6087049:1041415:T:C	1041415	15	3.766415e-04	9.848566e-05	1
20	rs6087051:1041823:G:A	1041823	15	3.860792e-04	1.017405e-04	1
20	rs6087073	1045261	0	1.785465e-04	9.750209e-05	1
20	rs6087098	1052473	0	6.563400e-04	2.404994e-04	1
20	rs6087132:1059373:T:C	1059373	2	5.486557e-05	3.583087e-05	1
20	rs61032375:906198:G:C	906198	15	1.452997e-04	1.086409e-04	1
20	rs6104888:1292211:T:C	1292211	1	3.250083e-06	7.383494e-07	1
20	rs6104889:1292216:A:C	1292216	1	3.250083e-06	7.383481e-07	1
20	rs6104890:1292369:C:T	1292369	1	3.250083e-06	7.383468e-07	1
20	rs6105079:1388170:T:G	1388170	0	1.356341e-04	2.763909e-05	1
20	rs6105081:1389097:T:A	1389097	2	1.728237e-04	3.568177e-05	1
20	rs6105101:1395993:C:T	1395993	16	-1.128346e-04	-4.171561e-05	1
20	rs6105102:1396653:A:G	1396653	15	4.282020e-04	8.994695e-05	1
20	rs6105110:1399251:C:T	1399251	14	-1.467220e-04	-3.078565e-05	1
20	rs6107831:707827:T:A	707827	9	6.901478e-05	1.205654e-05	1
20	rs6107832	707880	0	-1.030901e-04	-1.741417e-05	1
20	rs6107871	731927	0	-2.826111e-04	-5.672007e-05	1
20	rs6107897	747431	1	6.242069e-05	1.628002e-05	1
20	rs6107922:759544:C:T	759544	2	-2.953691e-05	-1.378126e-05	1
20	rs6108038	819662	0	2.445752e-05	9.515321e-06	1
20	rs6108039:820012:A:C	820012	9	-2.828428e-05	-1.200606e-05	1
20	rs6108256:961527:A:C	961527	10	4.881754e-04	2.426599e-04	1
20	rs6108292	995832	3	-2.754078e-04	-7.446820e-05	1
20	rs6108305:1003002:A:T	1003002	10	-3.197197e-04	-7.150703e-05	1
20	rs6108309:1003256:A:G	1003256	3	-4.645919e-04	-1.468566e-04	1
20	rs6109437	1301598	0	1.807554e-04	6.117342e-05	1
20	rs6109485:1311267:T:G	1311267	0	-2.017537e-04	-4.176199e-05	1
20	rs6109486:1311268:T:C	1311268	0	-2.017537e-04	-4.176199e-05	1
20	rs6109490	1311981	2	-1.815786e-04	-3.749326e-05	1
20	rs6109605:1342644:A:C	1342644	4	-3.570285e-04	-1.820530e-04	1
20	rs6109623	1346596	0	-1.974032e-04	-8.399925e-05	1
20	rs6109825:1388068:C:T	1388068	0	1.356341e-04	2.763906e-05	1
20	rs6109837:1388891:G:A	1388891	15	-8.788033e-05	-3.222945e-05	1
20	rs6109893:1397780:G:A	1397780	2	1.408558e-04	2.519463e-05	1
20	rs6109894:1397867:C:T	1397867	2	1.408558e-04	2.519462e-05	1
20	rs6109912:1401261:C:T	1401261	0	1.406676e-04	2.515973e-05	1
20	rs6109962:1410753:T:C	1410753	3	-1.084179e-04	-3.801445e-05	1
20	rs61141395	863744	0	-1.879837e-05	-7.273473e-06	1
20	rs6115906	397928	0	7.965090e-04	4.061489e-04	1
20	rs6116526:533512:C:T	533512	10	1.950213e-04	1.382454e-04	1
20	rs6116814	603206	0	-1.106899e-04	-6.309376e-05	1
20	rs6116961	633149	0	2.278268e-04	4.484481e-05	1
20	rs6116997	643677	0	-2.042781e-04	-3.967385e-05	1
20	rs6117077:661485:A:G	661485	16	-5.508948e-04	-1.876242e-04	1
20	rs6117164	676442	0	4.119871e-04	1.404734e-04	1
20	rs6117340	709972	0	-1.205355e-04	-2.190117e-05	1
20	rs6117372:717569:A:G	717569	5	-2.551715e-04	-1.028771e-04	1
20	rs6117373	717649	0	-4.387565e-04	-1.998988e-04	1
20	rs6117440:732163:T:A	732163	6	-4.493077e-04	-1.040820e-04	1
20	rs6117445:732944:C:G	732944	5	-3.013655e-04	-6.208106e-05	1
20	rs6117457:733963:T:C	733963	10	-2.311974e-04	-4.650535e-05	1
20	rs6117513:745683:C:T	745683	1	-6.555313e-07	-1.740933e-07	1
20	rs6117523:747157:G:A	747157	2	6.046588e-04	1.843791e-04	1
20	rs6117615:759315:A:G	759315	2	-2.953691e-05	-1.378126e-05	1
20	rs6117622:760792:C:A	760792	3	-2.614423e-05	-1.219665e-05	1
20	rs6117626:761478:T:C	761478	3	-2.614423e-05	-1.219665e-05	1
20	rs6117641:764990:A:G	764990	7	-2.954725e-04	-6.657327e-05	1
20	rs6117839	805771	1	1.891989e-04	9.730046e-05	1
20	rs6117994	842329	0	-5.776340e-04	-3.971545e-04	1
20	rs6118005:843733:G:A	843733	8	-5.399030e-04	-3.665025e-04	1
20	rs6118006:844007:T:C	844007	7	-5.555205e-04	-3.846789e-04	1
20	rs6118110	872466	0	-5.294626e-04	-5.549311e-04	1
20	rs6118267:913035:G:T	913035	15	9.655712e-05	6.148010e-05	1
20	rs6118488:961751:G:A	961751	7	4.788391e-04	2.418388e-04	1
20	rs6118489	961781	1	6.084474e-04	3.513805e-04	1
20	rs6118638:1006211:T:C	1006211	6	-4.237411e-04	-1.293781e-04	1
20	rs6118654	1009239	0	6.398349e-05	2.806175e-05	1
20	rs6118784:1040584:T:A	1040584	14	3.945344e-04	1.044474e-04	1
20	rs612839:835953:C:T	835953	14	-4.606284e-05	-2.461269e-05	1
20	rs61286999:827269:C:T	827269	16	2.744281e-04	5.564496e-05	1
20	rs6131385:1329179:G:T	1329179	16	3.226257e-04	1.245924e-04	1
20	rs6131395:1335663:G:C	1335663	5	1.683573e-04	5.652366e-05	1
20	rs6131399:1336654:A:G	1336654	3	1.906910e-04	6.464962e-05	1
20	rs6131401:1337741:C:T	1337741	6	1.917084e-04	6.602007e-05	1
20	rs6131468:1387687:T:A	1387687	5	3.227087e-04	6.177515e-05	1
20	rs6133358:732399:C:T	732399	3	-2.984510e-04	-6.065206e-05	1
20	rs6133374:744847:A:G	744847	2	2.899042e-04	1.095614e-04	1
20	rs6133394:759254:C:G	759254	5	-2.160610e-05	-1.065347e-05	1
20	rs6133397:765789:G:A	765789	6	-1.868346e-05	-9.211987e-06	1
20	rs6133400:770543:T:G	770543	10	-8.875190e-06	-4.377633e-06	1
20	rs6133513:842938:A:G	842938	2	5.689203e-04	2.393026e-04	1
20	rs6133514:843043:A:T	843043	11	-4.966479e-05	-9.531814e-06	1
20	rs6133546:863271:A:G	863271	4	-3.079098e-05	-1.225095e-05	1
20	rs6133576	884070	1	3.469741e-04	8.142936e-05	1
20	rs6133763:1040936:C:T	1040936	14	3.945344e-04	1.044473e-04	1
20	rs6133957:1104013:A:G	1104013	2	1.435271e-04	4.379472e-05	1
20	rs6133961:1105381:G:C	1105381	2	1.435271e-04	4.379471e-05	1
20	rs6134424	1250463	0	-1.551639e-04	-6.107251e-05	1
20	rs6134520	1288223	1	-4.445974e-06	-8.762850e-07	1
20	rs6134668:1331775:T:C	1331775	5	2.392006e-04	8.430030e-05	1
20	rs6134679:1334695:A:G	1334695	2	1.268132e-04	4.591750e-05	1
20	rs6134680:1334751:T:C	1334751	3	6.822709e-05	2.417629e-05	1
20	rs6134681:1334922:A:T	1334922	5	1.683573e-04	5.652363e-05	1
20	rs6134682:1335023:G:A	1335023	12	1.735379e-04	5.692207e-05	1
20	rs6134685:1336106:G:C	1336106	3	1.906910e-04	6.464959e-05	1
20	rs6134697	1338903	0	5.856543e-05	1.833199e-05	1
20	rs6134733	1349052	1	1.403395e-04	5.324147e-05	1
20	rs6134845:1383821:G:T	1383821	9	-4.005057e-04	-1.318307e-04	1
20	rs6134846:1383965:A:G	1383965	14	-4.325280e-04	-1.519700e-04	1
20	rs6139109	391025	0	-1.216072e-03	-1.586641e-01	1
20	rs6139114:392335:C:G	392335	9	-3.696111e-04	-2.044221e-04	1
20	rs6139116:392774:A:G	392774	8	-1.185673e-03	-3.475555e-03	1
20	rs6139651	574282	1	1.164065e-04	3.057974e-05	1
20	rs6139653:574308:G:A	574308	3	6.514035e-05	1.709819e-05	1
20	rs6139754	604435	0	-6.623796e-04	-7.477181e-04	1
20	rs6139971	687772	0	1.099526e-04	3.401271e-05	1
20	rs6140091:732271:A:T	732271	3	-2.984510e-04	-6.065154e-05	1
20	rs6140092:732295:A:G	732295	3	-2.984510e-04	-6.065154e-05	1
20	rs6140094:732764:T:C	732764	6	-3.825730e-04	-8.286881e-05	1
20	rs6140117:744874:G:A	744874	1	4.417625e-04	9.581742e-05	1
20	rs6140168:758718:C:T	758718	2	-2.953691e-05	-1.378146e-05	1
20	rs6140172:760625:G:A	760625	8	-8.838403e-05	-4.510212e-05	1
20	rs6140175:760863:G:A	760863	6	-1.868346e-05	-9.212268e-06	1
20	rs6140179:761202:C:T	761202	6	-1.868346e-05	-9.212270e-06	1
20	rs6140181:761479:G:A	761479	6	-1.868346e-05	-9.212271e-06	1
20	rs6140196:770099:T:C	770099	9	-1.276595e-05	-6.295935e-06	1
20	rs6140197:770106:A:C	770106	9	-1.276595e-05	-6.295936e-06	1
20	rs6140202:771544:C:T	771544	9	-1.758904e-05	-8.675963e-06	1
20	rs6140211	773680	0	-1.709335e-04	-6.595897e-05	1
20	rs6140214:774421:T:C	774421	16	-9.451987e-05	-4.991089e-05	1
20	rs6140284	798728	0	-1.672361e-04	-3.274137e-05	1
20	rs6140429:832208:G:A	832208	3	-1.784945e-04	-7.852294e-05	1
20	rs6140526	860802	1	-1.148320e-03	-1.495861e-03	1
20	rs6140578	879517	0	2.982082e-04	1.229700e-04	1
20	rs6140734	934313	0	5.393224e-04	1.177016e-04	1
20	rs6140809:949882:G:A	949882	8	5.354720e-04	5.175797e-04	1
20	rs6140830:954876:G:A	954876	9	4.952964e-04	4.450424e-04	1
20	rs6140883:967987:C:G	967987	13	3.223712e-05	8.350316e-06	1
20	rs6140907:979198:G:C	979198	5	9.505134e-05	4.373138e-05	1
20	rs6140944:999105:G:A	999105	0	1.276914e-04	3.397444e-05	1
20	rs6140945	999106	0	1.276914e-04	3.397444e-05	1
20	rs6140946:999143:G:T	999143	0	1.276914e-04	3.397443e-05	1
20	rs61591758:1093839:A:C	1093839	7	-7.054902e-04	-2.472906e-04	1
20	rs61740632	944649	0	-2.242544e-05	-1.416297e-05	1
20	rs62186862:1371335:C:T	1371335	12	-4.534376e-04	-2.650757e-04	1
20	rs62186872:1398821:G:A	1398821	10	-2.587134e-04	-8.311625e-05	1
20	rs62186873:1404356:T:C	1404356	13	-2.205071e-04	-6.918388e-05	1
20	rs62186929	1145436	1	-2.860347e-04	-1.769699e-04	1
20	rs62187483	1233298	1	-3.384354e-04	-1.349061e-04	1
20	rs62187494	1271680	0	1.244585e-04	7.316510e-05	1
20	rs62187498	873739	0	-4.009763e-05	-2.849581e-05	1
20	rs62187512	1299485	0	-1.564581e-04	-3.261299e-05	1
20	rs62187513	1302368	0	-1.262821e-05	-6.669115e-06	1
20	rs62187514:1310426:G:A	1310426	4	-6.293628e-05	-4.007628e-05	1
20	rs62187516:937093:C:T	937093	13	-4.986221e-04	-4.875452e-04	1
20	rs62187527	953115	0	-1.729678e-05	-9.950103e-06	1
20	rs62187539:1338085:C:T	1338085	16	2.432024e-05	1.110916e-05	1
20	rs62187541:1340244:A:G	1340244	10	5.537709e-05	2.434435e-05	1
20	rs62187542:1346854:A:G	1346854	8	-9.531032e-05	-2.991267e-05	1
20	rs62187543:1346995:C:T	1346995	8	-9.531032e-05	-2.991267e-05	1
20	rs62187544:1347165:T:A	1347165	1	9.905817e-06	3.959572e-06	1
20	rs62187549:1355774:G:A	1355774	3	-1.048194e-04	-4.071411e-05	1
20	rs62190034	569287	0	1.282532e-04	2.798259e-05	1
20	rs62190059	623814	0	1.068666e-04	7.329865e-05	1
20	rs62190485:745189:C:T	745189	5	4.626120e-05	1.204120e-05	1
20	rs62190521:781283:T:C	781283	14	7.905897e-05	1.803231e-05	1
20	rs62192063	659750	0	-2.079137e-04	-8.536985e-05	1
20	rs62192096	689391	4	5.689623e-04	1.647105e-04	1
20	rs62192097:689428:G:C	689428	14	3.344628e-04	8.136379e-05	1
20	rs62192099	691969	2	-1.786229e-04	-5.939740e-05	1
20	rs62192124:723301:G:T	723301	0	-1.851624e-06	-7.712161e-07	1
20	rs630435:770862:T:C	770862	6	-3.326713e-04	-8.539876e-05	1
20	rs630800:770895:G:A	770895	6	-3.326713e-04	-8.539875e-05	1
20	rs630810:770913:C:G	770913	6	-3.326713e-04	-8.539874e-05	1
20	rs636042:758982:G:C	758982	7	-3.232673e-04	-2.058958e-04	1
20	rs636681	824422	0	-6.196268e-04	-2.111289e-04	1
20	rs645059	771876	0	-3.996426e-04	-1.065581e-04	1
20	rs645843	798755	0	1.243256e-04	3.512762e-05	1
20	rs649470:766224:A:G	766224	2	-1.175272e-04	-5.975389e-05	1
20	rs6514113:1108122:C:T	1108122	5	-3.334021e-04	-1.496202e-04	1
20	rs6514115:1116799:G:A	1116799	3	-3.507167e-04	-1.612471e-04	1
20	rs6514318:1322594:C:T	1322594	10	-5.483267e-04	-4.066544e-04	1
20	rs6514337:1346236:T:G	1346236	8	-9.531032e-05	-2.991267e-05	1
20	rs6514339:1348426:T:G	1348426	6	-2.514861e-04	-1.060708e-04	1
20	rs6514382:1387918:T:C	1387918	0	1.356341e-04	2.763938e-05	1
20	rs6514383:1387950:A:G	1387950	0	1.356341e-04	2.763937e-05	1
20	rs6515923:520471:G:C	520471	11	1.290294e-04	9.242120e-05	1
20	rs657499	753468	0	-2.014147e-04	-6.339723e-05	1
20	rs661226:806471:G:C	806471	7	1.851468e-04	4.245908e-05	1
20	rs66664285:862991:C:G	862991	4	-3.079098e-05	-1.225150e-05	1
20	rs66783303:1327231:T:C	1327231	11	1.535753e-04	5.771362e-05	1
20	rs66860000:1292180:A:T	1292180	3	-1.389257e-04	-3.357197e-05	1
20	rs6695:416149:A:G	416149	10	1.120814e-04	2.551018e-05	1
20	rs67124984	430736	2	-1.766395e-04	-3.374203e-05	1
20	rs672385	806677	1	1.587049e-04	3.503343e-05	1
20	rs673261:806878:C:T	806878	7	2.182244e-04	5.008615e-05	1
20	rs67541070:759822:T:C	759822	2	-2.953691e-05	-1.378148e-05	1
20	rs67542792:1263590:C:T	1263590	10	-3.797807e-04	-9.986009e-05	1
20	rs67670882:913467:G:A	913467	6	-5.038492e-04	-1.663392e-04	1
20	rs676786	767720	0	-1.154110e-04	-5.860296e-05	1
20	rs677305	774414	1	2.570533e-04	4.933175e-05	1
20	rs68138376:864199:G:A	864199	11	1.099553e-04	4.407801e-05	1
20	rs68167306:1012355:A:G	1012355	13	-1.069576e-04	-6.753368e-05	1
20	rs7261002:1002656:G:A	1002656	4	-4.623421e-04	-1.462107e-04	1
20	rs7261818	669651	1	5.290040e-04	1.376132e-04	1
20	rs7262296:912259:C:T	912259	6	-4.998209e-04	-1.646376e-04	1
20	rs7262435:1226251:T:C	1226251	1	-1.789527e-04	-7.752970e-05	1
20	rs7262872:852554:T:C	852554	7	-2.459038e-04	-9.871432e-05	1
20	rs7264468:1233431:A:G	1233431	1	-1.789527e-04	-7.752969e-05	1
20	rs7265362:1251899:A:G	1251899	16	-1.481800e-04	-4.622971e-05	1
20	rs7265644:1225794:G:A	1225794	1	-3.670322e-04	-2.176129e-04	1
20	rs7267458	538230	5	-4.117821e-04	-8.952756e-05	1
20	rs7267737:1092010:A:G	1092010	7	-1.543496e-04	-9.601006e-05	1
20	rs7268200	630885	1	1.140501e-04	2.515726e-05	1
20	rs7269644	1002679	0	-5.320852e-04	-1.764755e-04	1
20	rs7270038:1388096:T:C	1388096	5	-1.333348e-04	-3.951812e-05	1
20	rs7270519	748823	1	-4.970716e-05	-1.982760e-05	1
20	rs7270616:974126:C:T	974126	13	2.908667e-04	2.137603e-04	1
20	rs7271175:1391629:C:T	1391629	1	-1.785599e-04	-5.337109e-05	1
20	rs7271372:1233893:G:A	1233893	1	-1.789527e-04	-7.752966e-05	1
20	rs7272807	685348	2	2.339015e-04	4.870324e-05	1
20	rs7273195:1137085:A:G	1137085	10	3.925276e-04	3.044756e-04	1
20	rs7273889:1252492:G:A	1252492	13	-1.639539e-04	-5.135033e-05	1
20	rs7274030:1347754:G:A	1347754	3	1.313873e-05	5.563976e-06	1
20	rs7274574	1363034	8	-1.112366e-04	-4.338015e-05	1
20	rs7274616:1347998:C:G	1347998	2	5.647958e-05	2.300504e-05	1
20	rs728566:1053706:C:T	1053706	2	5.486557e-05	3.583089e-05	1
20	rs73065808	698185	0	-4.474225e-04	-1.607832e-04	1
20	rs73066000:1046720:T:C	1046720	4	-1.327738e-04	-8.040538e-05	1
20	rs73067243:1396174:C:T	1396174	10	-7.363267e-06	-4.635681e-06	1
20	rs73067254:1399677:A:G	1399677	10	-1.768631e-04	-5.431759e-05	1
20	rs73067904	1049563	0	-8.764512e-04	-1.394026e-03	1
20	rs73067946	1070044	0	-9.338253e-04	-2.610681e-03	1
20	rs73069838:1085391:G:C	1085391	5	-3.968466e-04	-1.841107e-04	1
20	rs73071630:1101116:G:A	1101116	6	-2.426730e-04	-1.086017e-04	1
20	rs73073503:778696:T:C	778696	10	-1.702002e-04	-5.778301e-05	1
20	rs73073570	827397	0	1.281724e-04	7.238001e-05	1
20	rs73073573:828575:C:T	828575	4	-1.595465e-04	-6.996834e-05	1
20	rs73073602	837424	1	-2.100882e-04	-9.725601e-05	1
20	rs73073613:1180929:T:A	1180929	2	2.003396e-04	9.869092e-05	1
20	rs73073637:1215382:G:A	1215382	4	1.448007e-04	8.654923e-05	1
20	rs73073641:1215746:T:G	1215746	0	2.541062e-04	1.388711e-04	1
20	rs73073644:1217923:C:T	1217923	4	1.448007e-04	8.654923e-05	1
20	rs73074721	420105	0	-3.825611e-04	-1.005570e-04	1
20	rs73078197	873483	0	2.059069e-04	1.683207e-04	1
20	rs73078977	625651	0	-3.879064e-04	-1.342092e-04	1
20	rs73078978:625925:G:A	625925	8	-3.487422e-04	-1.191115e-04	1
20	rs73079630:1341095:A:G	1341095	9	1.212965e-04	8.625772e-05	1
20	rs73079643	1344910	0	3.530377e-05	2.295490e-05	1
20	rs73079666:1354760:T:G	1354760	3	-1.048194e-04	-4.071409e-05	1
20	rs73079672:1361199:A:G	1361199	11	-3.232864e-04	-1.400115e-04	1
20	rs73081763	1382366	0	1.310703e-04	7.518485e-05	1
20	rs733233:1342533:C:G	1342533	9	-3.013785e-04	-9.665008e-05	1
20	rs733595:1043243:G:C	1043243	9	6.284619e-04	2.327581e-04	1
20	rs7348188:1098954:C:G	1098954	7	-2.116065e-04	-8.666319e-05	1
20	rs734940:939596:T:C	939596	5	2.383858e-04	1.203818e-04	1
20	rs7352947:659286:G:A	659286	0	-5.680037e-04	-1.945076e-04	1
20	rs7353854:1394300:T:C	1394300	1	-1.785599e-04	-5.337106e-05	1
20	rs73569003:448382:T:C	448382	6	4.259011e-05	1.864113e-05	1
20	rs73569010:450375:C:T	450375	6	4.259011e-05	1.864113e-05	1
20	rs73569014:452602:G:A	452602	11	4.801953e-05	2.074225e-05	1
20	rs73569022	455009	0	6.047251e-06	2.522311e-06	1
20	rs73569066:484926:G:A	484926	15	1.116357e-04	8.292871e-05	1
20	rs73569078:488632:A:G	488632	15	1.116357e-04	8.292871e-05	1
20	rs73569090:491721:C:T	491721	16	9.021287e-05	4.683412e-05	1
20	rs73569093:492207:A:G	492207	16	9.021287e-05	4.683412e-05	1
20	rs73569094:492502:T:G	492502	16	9.021287e-05	4.683412e-05	1
20	rs73571487	936700	0	-6.514769e-04	-5.824056e-04	1
20	rs73571671:972734:T:C	972734	14	2.968188e-04	2.595620e-04	1
20	rs73575647:1082988:G:C	1082988	15	1.762040e-04	1.144521e-04	1
20	rs73579382	1298954	0	5.409576e-05	2.760427e-05	1
20	rs73581243:1343886:C:G	1343886	4	-3.570285e-04	-1.820531e-04	1
20	rs7360151:829859:A:G	829859	13	-5.793550e-05	-3.736112e-05	1
20	rs73602126:560631:T:A	560631	5	4.083492e-05	2.948651e-05	1
20	rs73602172:798887:A:G	798887	8	1.393796e-04	1.037464e-04	1
20	rs73602187:906938:T:A	906938	14	1.444963e-04	1.079726e-04	1
20	rs73602191:915624:A:T	915624	2	1.961213e-04	1.299789e-04	1
20	rs73602192:915664:A:T	915664	2	1.961213e-04	1.299789e-04	1
20	rs73602193:916018:G:A	916018	2	1.961213e-04	1.299789e-04	1
20	rs73602194	916061	1	1.059906e-04	6.431379e-05	1
20	rs73602197:922280:C:T	922280	13	1.578180e-04	1.042171e-04	1
20	rs73602198:923588:C:T	923588	11	1.566413e-04	1.033388e-04	1
20	rs73604103	977405	0	2.652725e-05	1.170199e-05	1
20	rs73604105:977484:C:G	977484	3	8.307433e-05	3.806017e-05	1
20	rs73604107	993161	0	5.696855e-04	3.547956e-04	1
20	rs73604108:1006151:C:T	1006151	11	2.002638e-04	1.126030e-04	1
20	rs73890804:1208465:C:G	1208465	2	-7.603573e-05	-3.624387e-05	1
20	rs73890806:1218609:T:C	1218609	2	-6.106190e-05	-2.899519e-05	1
20	rs73892446:513980:A:G	513980	4	6.327812e-06	3.794756e-06	1
20	rs73892448:521770:C:T	521770	3	-2.129764e-05	-1.261214e-05	1
20	rs73892450:526276:G:A	526276	3	-2.129764e-05	-1.261214e-05	1
20	rs73892497:596507:G:A	596507	15	-1.516909e-04	-1.087438e-04	1
20	rs73892498:596675:G:A	596675	15	-1.516909e-04	-1.087438e-04	1
20	rs73892499:598695:G:A	598695	14	-1.541063e-04	-1.106770e-04	1
20	rs73892576	930373	1	4.387653e-05	2.115587e-05	1
20	rs74119	488930	1	7.866916e-04	5.935905e-04	1
20	rs74181563	1029549	1	-2.414107e-04	-1.185766e-04	1
20	rs74181564:1030541:A:T	1030541	8	-1.732669e-04	-8.104979e-05	1
20	rs74181565	1043998	0	-2.091155e-04	-1.009181e-04	1
20	rs74181570:1192144:C:T	1192144	2	-2.912277e-04	-1.253481e-04	1
20	rs74181580:1315278:A:T	1315278	10	1.366115e-04	6.223203e-05	1
20	rs74181581:1333878:C:A	1333878	5	1.683573e-04	5.652355e-05	1
20	rs74181582:1335691:A:C	1335691	4	1.768138e-04	5.956434e-05	1
20	rs74181584:1337567:T:A	1337567	5	1.683573e-04	5.652354e-05	1
20	rs74181585:1338126:G:A	1338126	3	1.906910e-04	6.464951e-05	1
20	rs74181586:1338233:C:A	1338233	3	1.906910e-04	6.464951e-05	1
20	rs74181588:1338457:G:T	1338457	4	1.823028e-04	6.157873e-05	1
20	rs74181589:1404522:C:T	1404522	5	-8.089591e-05	-3.996285e-05	1
20	rs74416343:1238488:T:C	1238488	1	-1.789527e-04	-7.752965e-05	1
20	rs74419192:1270905:A:C	1270905	15	1.468254e-05	6.017240e-06	1
20	rs74442091	898874	1	-3.300817e-04	-1.517453e-04	1
20	rs74448913:508431:T:A	508431	13	1.727679e-04	1.300138e-04	1
20	rs74456975	428802	0	-7.137880e-06	-4.963324e-06	1
20	rs74457967	826127	0	-1.566490e-04	-1.181402e-04	1
20	rs74531087:840950:C:G	840950	10	-2.426472e-04	-1.194377e-04	1
20	rs74558331:1238619:T:C	1238619	1	-1.789527e-04	-7.752964e-05	1
20	rs74559766:1209992:T:C	1209992	4	-2.391105e-04	-1.098657e-04	1
20	rs74566866	647505	0	6.771599e-05	4.205143e-05	1
20	rs74570593:462765:A:G	462765	7	8.401535e-05	5.391149e-05	1
20	rs74609857	531822	1	6.974486e-05	4.776250e-05	1
20	rs74622641	1144464	2	3.121429e-04	2.110072e-04	1
20	rs74654283	560981	0	2.445524e-04	1.891375e-04	1
20	rs74673174:602386:A:G	602386	8	2.139599e-05	1.295304e-05	1
20	rs74689242:859977:A:T	859977	16	-1.458717e-04	-1.025699e-04	1
20	rs74783122:1237879:G:C	1237879	1	-1.789527e-04	-7.752961e-05	1
20	rs74865102:981316:G:C	981316	12	1.633273e-04	1.302562e-04	1
20	rs74974683	1051054	1	1.115319e-04	8.419217e-05	1
20	rs74988075:1245189:A:T	1245189	1	-1.789527e-04	-7.752960e-05	1
20	rs750086:828253:G:A	828253	3	2.177166e-04	4.176797e-05	1
20	rs750424:1402436:C:T	1402436	1	1.417988e-04	2.536817e-05	1
20	rs75077180:838624:G:C	838624	7	-7.961128e-05	-4.589614e-05	1
20	rs751523:1312559:G:A	1312559	10	-2.915387e-04	-5.844784e-05	1
20	rs751524:1312139:T:C	1312139	9	-2.913389e-04	-5.840209e-05	1
20	rs751525:1312229:A:G	1312229	9	-2.913389e-04	-5.840209e-05	1
20	rs75170738:1217792:C:T	1217792	1	-3.670322e-04	-2.176128e-04	1
20	rs75262974	754948	2	2.759777e-04	1.439159e-04	1
20	rs753321	683545	1	2.985808e-04	6.006572e-05	1
20	rs753491:651931:A:G	651931	10	1.563905e-04	9.118071e-05	1
20	rs75381508:945104:C:T	945104	13	2.066454e-04	1.265198e-04	1
20	rs75386974:1144478:A:T	1144478	4	-2.805495e-04	-1.544254e-04	1
20	rs753949:1253714:G:T	1253714	1	2.213570e-04	1.186221e-04	1
20	rs75397862:1344147:A:G	1344147	6	1.276946e-04	7.261237e-05	1
20	rs75409263:937206:C:G	937206	12	8.629652e-05	6.429248e-05	1
20	rs754363:1305272:C:A	1305272	10	-1.223027e-04	-2.583985e-05	1
20	rs75445260:1298698:A:G	1298698	12	1.017480e-04	6.017775e-05	1
20	rs75552362:653183:A:T	653183	12	1.577910e-04	9.209826e-05	1
20	rs75588476:412878:T:C	412878	12	5.270170e-05	3.440708e-05	1
20	rs75601744:1251431:G:C	1251431	2	-1.826457e-04	-7.992838e-05	1
20	rs75677976:1242152:A:C	1242152	0	-4.194085e-05	-1.983465e-05	1
20	rs75694956	890096	0	-9.108372e-05	-4.385074e-05	1
20	rs75856642	978501	0	-3.818341e-05	-2.136187e-05	1
20	rs75904281	943837	1	-1.993879e-05	-1.434855e-05	1
20	rs75927065	749972	1	1.385937e-04	9.411710e-05	1
20	rs76122919	984639	0	6.604618e-05	3.379734e-05	1
20	rs76129906:1242215:A:G	1242215	1	-1.789527e-04	-7.752956e-05	1
20	rs761570:912626:A:G	912626	6	-4.998209e-04	-1.646375e-04	1
20	rs761571:912665:T:C	912665	9	-5.170780e-04	-1.745634e-04	1
20	rs761572:912699:C:T	912699	8	1.808911e-04	1.183541e-04	1
20	rs76176205	707937	1	2.662647e-04	1.231734e-04	1
20	rs761856:1027161:A:G	1027161	13	1.164046e-03	7.417944e-04	1
20	rs76201975:392262:A:C	392262	7	-1.170298e-03	-2.984123e-03	1
20	rs76217087:1270950:C:T	1270950	14	-1.330945e-04	-6.930899e-05	1
20	rs76271720:1251112:G:A	1251112	2	-1.826457e-04	-7.992836e-05	1
20	rs76304305:1252845:C:A	1252845	15	-1.546929e-04	-4.834472e-05	1
20	rs76316757	462355	0	-1.029939e-04	-7.375884e-05	1
20	rs76441912	742743	0	-1.610116e-04	-1.180401e-04	1
20	rs76754423:858298:T:C	858298	16	-1.458717e-04	-1.025699e-04	1
20	rs76767703	1377025	0	-1.409938e-04	-8.722882e-05	1
20	rs76914781:1249081:C:T	1249081	2	-1.826457e-04	-7.992835e-05	1
20	rs77115330:722733:C:A	722733	14	1.894409e-04	8.056202e-05	1
20	rs77123904	1329662	1	-7.493583e-05	-5.381200e-05	1
20	rs77133653:945230:T:G	945230	10	1.067449e-04	8.036330e-05	1
20	rs77145042:1242634:A:G	1242634	1	-1.789527e-04	-7.752953e-05	1
20	rs77145051	916290	0	-2.097278e-04	-1.531147e-04	1
20	rs77258412:1249168:T:C	1249168	2	-1.826457e-04	-7.992832e-05	1
20	rs77356624:1208724:A:G	1208724	7	6.781296e-05	5.013906e-05	1
20	rs77356668:1218197:C:A	1218197	1	-3.670322e-04	-2.176127e-04	1
20	rs77448291:471125:T:C	471125	15	8.848939e-05	4.590428e-05	1
20	rs77523578:1309714:G:T	1309714	2	-4.280847e-04	-3.784344e-04	1
20	rs77595432:1250114:G:A	1250114	10	1.159909e-04	8.638239e-05	1
20	rs77624248	1145311	0	-6.046463e-05	-4.068455e-05	1
20	rs77625408	1149980	0	3.258321e-04	2.451961e-04	1
20	rs77657552:878799:C:T	878799	11	4.628817e-05	2.788212e-05	1
20	rs77662457:1242764:T:G	1242764	1	-4.935023e-06	-2.308960e-06	1
20	rs77713162:1237263:T:C	1237263	14	-1.115012e-04	-3.409833e-05	1
20	rs77715652	1130922	0	1.983598e-04	1.260395e-04	1
20	rs77725:456452:T:C	456452	4	1.873935e-04	3.226388e-05	1
20	rs77726	456249	0	2.412259e-04	9.682259e-05	1
20	rs77801195:495519:C:T	495519	4	3.303244e-05	2.062357e-05	1
20	rs77872426	1208038	0	-3.169195e-04	-2.539541e-04	1
20	rs77880822:1148576:G:A	1148576	7	2.513589e-05	9.188351e-06	1
20	rs77927421	556479	0	-6.600597e-04	-8.542863e-04	1
20	rs77953441:1254284:C:A	1254284	2	-1.826457e-04	-7.992829e-05	1
20	rs78007474:527120:C:A	527120	6	1.273260e-04	9.108994e-05	1
20	rs78042317:1241763:G:A	1241763	7	1.181948e-04	8.813937e-05	1
20	rs78094146:1218509:A:G	1218509	1	-3.670322e-04	-2.176126e-04	1
20	rs78117881	1397611	0	1.640583e-04	9.260305e-05	1
20	rs78128027	610378	0	2.305316e-05	8.025589e-06	1
20	rs78134837	1004792	1	-1.089674e-04	-6.974773e-05	1
20	rs78184285	753837	0	2.619557e-05	1.552086e-05	1
20	rs78215051	1132508	0	2.942458e-06	1.991669e-06	1
20	rs78220244	696380	0	6.992314e-05	4.065343e-05	1
20	rs78237393:404899:G:T	404899	14	-4.699481e-07	-3.101888e-07	1
20	rs78288000	645422	1	5.236339e-05	2.859747e-05	1
20	rs78443745:510646:G:A	510646	13	1.727679e-04	1.300137e-04	1
20	rs78448673:1230074:C:T	1230074	1	-1.789527e-04	-7.752946e-05	1
20	rs78546324	561788	1	-1.642387e-05	-9.934825e-06	1
20	rs78551662	1048958	2	-5.667016e-05	-4.044141e-05	1
20	rs78573970:969164:C:T	969164	14	2.681646e-04	2.329588e-04	1
20	rs78575494	995440	0	1.048263e-04	5.350702e-05	1
20	rs78588557	832808	0	-1.619855e-04	-5.745338e-05	1
20	rs78602328	1284345	1	-1.433115e-04	-7.689841e-05	1
20	rs78650050:1255278:A:G	1255278	3	-1.734821e-04	-7.552266e-05	1
20	rs78722704:1317644:C:A	1317644	12	-1.548094e-04	-1.006212e-04	1
20	rs78892544:1142185:C:T	1142185	6	-2.736783e-04	-1.527238e-04	1
20	rs78927798	890623	1	-1.300430e-04	-6.032219e-05	1
20	rs78998377	939061	0	9.414800e-05	4.443691e-05	1
20	rs79030119	1299453	1	-1.019624e-04	-5.416650e-05	1
20	rs79043748:1324753:C:T	1324753	15	1.490355e-04	9.453289e-05	1
20	rs79079125:1234333:T:G	1234333	1	-1.789527e-04	-7.752944e-05	1
20	rs79087076:1273616:G:T	1273616	14	-1.332676e-04	-6.940542e-05	1
20	rs79088681:1210827:A:G	1210827	4	-2.391105e-04	-1.098654e-04	1
20	rs79127824:939864:T:G	939864	7	4.271425e-04	2.785673e-04	1
20	rs79193516:971063:C:T	971063	13	2.997189e-04	2.632686e-04	1
20	rs79205600	1368939	0	1.282135e-04	8.294631e-05	1
20	rs79276805:1255071:C:G	1255071	10	-1.540701e-05	-7.346866e-06	1
20	rs79306991	751677	1	2.258748e-04	1.736566e-04	1
20	rs79308981:1183991:C:T	1183991	14	8.165302e-05	6.171176e-05	1
20	rs79322198:497683:T:C	497683	3	3.688209e-05	2.274087e-05	1
20	rs79345139:1247829:C:T	1247829	2	-1.826457e-04	-7.992822e-05	1
20	rs79419125	791962	0	-1.052906e-04	-6.637712e-05	1
20	rs79420125	1155862	1	4.262634e-04	3.076795e-04	1
20	rs79435587:1241915:T:C	1241915	1	-1.789527e-04	-7.752940e-05	1
20	rs79466299	901269	7	6.445328e-05	4.406868e-05	1
20	rs79484959:952036:G:A	952036	16	1.434189e-04	9.891377e-05	1
20	rs79496133:1212030:G:T	1212030	1	-3.670322e-04	-2.176125e-04	1
20	rs79521191:1187878:C:T	1187878	15	-2.674260e-04	-1.197514e-04	1
20	rs79597391	1167621	0	-3.577439e-04	-1.752241e-04	1
20	rs79601154:1233065:A:G	1233065	1	-1.789527e-04	-7.752937e-05	1
20	rs79669501:405278:G:A	405278	13	-3.182223e-04	-2.359466e-04	1
20	rs79751132:1167565:G:C	1167565	10	-3.856132e-04	-2.060510e-04	1
20	rs79785226:653099:C:G	653099	3	2.497199e-04	1.290518e-04	1
20	rs79787658:1253252:T:C	1253252	2	-1.826457e-04	-7.992816e-05	1
20	rs79805063:1177381:A:G	1177381	13	-1.855614e-04	-1.436197e-04	1
20	rs79900762	1193973	0	-2.918012e-04	-2.017458e-04	1
20	rs79922352	739173	0	4.043750e-04	1.895204e-04	1
20	rs79929823:945011:G:C	945011	10	1.067449e-04	8.036331e-05	1
20	rs79937072	1255870	0	-4.194085e-05	-1.983465e-05	1
20	rs80024419:941436:G:A	941436	9	-3.081967e-04	-2.158902e-04	1
20	rs80031596:1217102:T:G	1217102	1	-3.670322e-04	-2.176124e-04	1
20	rs80055441:389653:C:G	389653	9	-4.637945e-04	-4.223511e-04	1
20	rs80125338:1187752:C:G	1187752	16	-2.869070e-04	-1.318086e-04	1
20	rs80184306	452618	2	-5.740708e-05	-4.035325e-05	1
20	rs80215104:425641:C:A	425641	4	5.511300e-05	3.324821e-05	1
20	rs805881:808430:G:A	808430	16	3.305922e-04	8.266044e-05	1
20	rs805883	810707	2	7.136429e-04	1.949530e-04	1
20	rs8117563:1346162:A:G	1346162	9	-1.549476e-04	-4.961950e-05	1
20	rs8117831:517161:T:C	517161	11	1.290294e-04	9.242116e-05	1
20	rs8118565:834251:G:T	834251	14	-1.731055e-05	-1.075305e-05	1
20	rs8122259:1220536:C:T	1220536	1	-3.670322e-04	-2.176124e-04	1
20	rs8122333:744032:A:T	744032	0	-1.618879e-04	-6.275104e-05	1
20	rs8122335	744050	0	-8.576634e-04	-4.804718e-04	1
20	rs8122732	553269	0	3.610137e-04	8.731678e-05	1
20	rs8122738:1245510:C:T	1245510	1	-4.935023e-06	-2.308971e-06	1
20	rs8123274:1306292:T:C	1306292	8	1.673315e-04	5.777922e-05	1
20	rs8123900:749381:G:T	749381	1	-5.521620e-05	-2.204566e-05	1
20	rs8124017:830152:G:C	830152	10	2.099790e-04	4.118147e-05	1
20	rs8124053:1395793:A:C	1395793	8	3.445200e-04	6.736478e-05	1
20	rs8124244	1216704	0	-3.737863e-04	-2.213288e-04	1
20	rs8124729:431502:T:C	431502	3	-2.353103e-04	-4.558359e-05	1
20	rs8124855:1387475:G:A	1387475	14	-9.513160e-05	-3.475939e-05	1
20	rs8124953	935433	1	-4.931625e-04	-1.193677e-04	1
20	rs8125134:768573:A:T	768573	13	-2.908198e-04	-7.370355e-05	1
20	rs8126087:976128:C:T	976128	4	8.233249e-05	3.771801e-05	1
20	rs8297	627414	0	-2.756802e-04	-1.788630e-04	1
20	rs87167:455835:G:T	455835	13	1.763197e-04	7.008208e-05	1
20	rs873544	691592	3	-7.957083e-04	-2.523030e-04	1
20	rs878248	1039283	0	2.089546e-04	4.647441e-05	1
20	rs878249:1039291:T:G	1039291	9	3.257207e-04	7.900372e-05	1
20	rs878250:1039416:G:C	1039416	13	4.525699e-04	1.256474e-04	1
20	rs879012:1009788:C:T	1009788	8	1.309456e-04	2.945236e-05	1
20	rs879013:1009679:G:A	1009679	8	1.309456e-04	2.945236e-05	1
20	rs910852	828650	0	2.295556e-04	4.404438e-05	1
20	rs910857	741847	0	-4.427121e-04	-1.181396e-04	1
20	rs910858	743827	1	2.289202e-04	4.625080e-05	1
20	rs911443	631169	0	2.126512e-04	6.914953e-05	1
20	rs912107	1272686	0	1.115601e-04	3.409031e-05	1
20	rs912111:1312910:A:G	1312910	12	-2.922444e-04	-5.860941e-05	1
20	rs912113	1342187	2	-1.855168e-04	-3.425424e-05	1
20	rs926820	996068	0	4.826127e-04	2.387840e-04	1
20	rs926821:996069:T:C	996069	5	4.355941e-04	2.081466e-04	1
20	rs926822:996293:A:G	996293	11	3.818088e-04	1.603123e-04	1
20	rs926823:998383:T:C	998383	0	1.276914e-04	3.397446e-05	1
20	rs926824:998566:C:G	998566	3	7.302258e-05	1.931771e-05	1
20	rs926825:998589:G:A	998589	1	1.497244e-04	4.022626e-05	1
20	rs927067	714462	0	4.926506e-04	1.620398e-04	1
20	rs944116:939523:C:T	939523	9	1.425581e-04	7.654268e-05	1
20	rs944117:939600:C:T	939600	13	1.228422e-04	8.382083e-05	1
20	rs9653633:1228369:C:T	1228369	5	2.598253e-04	1.429253e-04	1
20	rs9680008:946803:C:A	946803	15	1.924723e-04	1.365579e-04	1
20	rs9680067	579803	0	-1.003542e-04	-5.411833e-05	1
20	rs970084	1221171	2	-3.231853e-05	-8.302971e-06	1
20	rs9789797:846566:G:A	846566	15	-3.237458e-04	-1.634500e-04	1
20	rs9789799:1183138:G:T	1183138	2	2.003396e-04	9.869092e-05	1
20	rs9789822:850519:T:C	850519	10	-2.281103e-04	-9.356994e-05	1
20	rs986031:1069432:G:A	1069432	3	6.565171e-04	2.429484e-04	1
20	rs993781:818835:A:G	818835	9	-2.828428e-05	-1.200636e-05	1
