chr	rs	ps	n_miss	b	beta	gamma
16	rs10083738	29927702	0	-2.636309e-04	-2.157515e-05	1
16	rs10163301	29149596	0	2.512503e-04	2.353730e-05	1
16	rs10204	29826538	0	1.047057e-04	9.352785e-06	1
16	rs10445105	29999488	0	3.814109e-04	4.088666e-05	1
16	rs1045968	29826365	0	1.068360e-04	9.756882e-06	1
16	rs10499	28915527	0	5.327651e-04	4.716961e-05	1
16	rs1050881	29675928	0	-7.682663e-05	-7.810402e-06	1
16	rs10521145	28596884	0	-2.976900e-04	-2.892269e-05	1
16	rs1057451	29833488	0	-3.203542e-05	-2.855314e-06	1
16	rs1057452	29833714	0	2.888269e-04	2.700757e-05	1
16	rs1059491	28603655	0	-3.486703e-04	-2.966592e-05	1
16	rs1074629	28554148	0	2.788608e-04	2.975551e-05	1
16	rs1074631	28554108	0	-4.342464e-04	-3.756744e-05	1
16	rs10797300	28607196	0	-2.976900e-04	-2.892269e-05	1
16	rs10871449	29652488	0	-9.642474e-05	-8.125186e-06	1
16	rs10871451	29986205	0	-1.589531e-04	-1.307543e-05	1
16	rs10871481	29284112	0	-2.738187e-04	-2.313974e-05	1
16	rs11074908	28608356	0	-3.144491e-04	-3.058840e-05	1
16	rs11074911	28583865	0	-3.826026e-04	-3.271470e-05	1
16	rs1109520	29190758	0	2.533115e-04	2.160532e-05	1
16	rs1109521	29190753	0	2.533115e-04	2.160532e-05	1
16	rs111265045	30373233	0	-1.077799e-03	-1.228742e-04	1
16	rs11150561	29644794	0	-4.027942e-04	-3.505574e-05	1
16	rs11150563	29662903	0	-6.752408e-04	-6.036261e-05	1
16	rs11150564	29666736	0	-4.198749e-04	-3.559476e-05	1
16	rs11150574	29934819	0	-2.636309e-04	-2.157513e-05	1
16	rs11150575	29935066	1	-3.736604e-04	-3.103821e-05	1
16	rs11150576	29965496	0	7.612210e-05	6.275298e-06	1
16	rs11150577	29986525	0	3.471818e-05	2.872531e-06	1
16	rs11150579	30000330	0	7.612210e-05	6.275308e-06	1
16	rs11150580	30014564	0	1.125072e-04	9.270433e-06	1
16	rs11150581	30030699	0	-3.988896e-04	-3.410261e-05	1
16	rs11150582	30034127	0	9.618885e-04	1.080633e-04	1
16	rs11150583	30034189	0	-1.738314e-04	-1.418399e-05	1
16	rs11150585	30184286	0	1.297925e-03	1.459055e-04	1
16	rs11150586	30420851	0	3.458903e-04	2.994202e-05	1
16	rs11150609	28870596	0	-1.599159e-04	-1.332955e-05	1
16	rs11150623	28881001	0	-3.944817e-04	-3.420220e-05	1
16	rs11150675	28980531	0	3.038556e-04	2.609155e-05	1
16	rs11150696	29142826	0	1.112912e-04	1.046612e-05	1
16	rs11150712	29243047	0	-8.105885e-04	-7.952138e-05	1
16	rs11150713	29282753	0	-5.449162e-04	-5.149565e-05	1
16	rs111688805	30448522	0	-7.746661e-04	-8.448240e-05	1
16	rs111693583	28583610	0	-3.536162e-04	-3.004380e-05	1
16	rs111720341	28522590	0	-3.175355e-04	-3.289398e-05	1
16	rs111820348	28645127	0	3.410582e-04	3.003371e-05	1
16	rs111875922	28562479	0	1.332754e-04	1.433880e-05	1
16	rs112047757	28590862	0	-3.184771e-04	-2.691848e-05	1
16	rs112128999	29264813	0	5.427135e-04	5.273308e-05	1
16	rs112131656	29764539	0	-7.157330e-05	-6.338970e-06	1
16	rs112165220	29408955	0	-2.436585e-04	-2.534607e-05	1
16	rs112191041	28583362	0	-3.536162e-04	-3.004379e-05	1
16	rs112194055	30120942	0	5.794967e-04	6.541740e-05	1
16	rs112201399	29690177	0	6.524420e-04	7.445086e-05	1
16	rs112265026	29809181	0	-4.049807e-04	-4.301253e-05	1
16	rs112294239	30052868	0	-4.166617e-04	-4.465879e-05	1
16	rs112366001	28561785	1	-2.497349e-04	-2.090119e-05	1
16	rs112400041	29669780	0	-3.235743e-04	-3.302480e-05	1
16	rs112414374	30353586	0	-1.857535e-04	-1.827094e-05	1
16	rs112484223	29764728	0	-6.564410e-05	-5.791622e-06	1
16	rs112498248	29259987	0	3.608241e-04	3.434925e-05	1
16	rs112517029	28567754	0	-1.719462e-04	-1.768058e-05	1
16	rs112533759	30003756	0	-4.152863e-04	-4.501910e-05	1
16	rs112549897	29832950	0	3.547447e-04	3.780311e-05	1
16	rs112565029	30102391	0	-1.561524e-04	-1.656281e-05	1
16	rs112600506	29004363	0	9.534178e-05	9.645543e-06	1
16	rs112625256	29314477	0	1.095794e-04	1.066083e-05	1
16	rs112652568	29412437	0	-3.505639e-04	-3.689437e-05	1
16	rs112780074	29150174	0	2.092021e-04	1.996657e-05	1
16	rs112831778	28590989	0	-3.828132e-04	-3.278370e-05	1
16	rs1129003	30017283	0	1.276699e-04	1.264747e-05	1
16	rs112918513	29230177	0	-3.238174e-04	-3.268348e-05	1
16	rs1129700	29918034	0	-1.083377e-03	-1.127464e-04	1
16	rs112997245	30010353	0	1.573087e-04	1.552820e-05	1
16	rs113029997	28825100	0	-2.602002e-04	-2.183898e-05	1
16	rs113072320	30187226	0	3.524179e-05	3.414412e-06	1
16	rs113079736	28860183	0	-1.599159e-04	-1.332951e-05	1
16	rs113100612	29222962	0	-1.820986e-04	-1.569996e-05	1
16	rs113118899	29296414	0	-6.054740e-04	-6.096725e-05	1
16	rs113137773	29753314	0	5.089360e-04	4.988454e-05	1
16	rs113145245	29278701	0	-3.240949e-04	-2.992367e-05	1
16	rs1131543	28997997	0	1.041378e-04	8.683088e-06	1
16	rs113208333	28606160	0	-3.917451e-04	-3.348742e-05	1
16	rs113223003	29765012	0	4.119271e-04	3.944888e-05	1
16	rs1133238	30455458	0	1.983966e-04	2.054320e-05	1
16	rs113376800	29736698	0	4.737618e-04	4.521835e-05	1
16	rs113378736	29294130	0	-3.240949e-04	-2.992367e-05	1
16	rs113389983	29285085	0	-3.240949e-04	-2.992366e-05	1
16	rs11344	29910518	0	-1.080477e-03	-1.124588e-04	1
16	rs113443718	29892184	0	-1.358637e-03	-1.681731e-04	1
16	rs113458503	28973267	0	1.563779e-04	1.278232e-05	1
16	rs1134700	29709777	0	6.808192e-04	6.955719e-05	1
16	rs113478212	29596230	0	-6.733192e-05	-7.175658e-06	1
16	rs113592099	29751483	0	2.301315e-05	2.037202e-06	1
16	rs113753753	29891206	0	3.412721e-04	3.745162e-05	1
16	rs1137843	28977713	0	2.093856e-04	1.776431e-05	1
16	rs113826909	29747901	0	4.384362e-04	4.218593e-05	1
16	rs113834633	29662778	0	-7.027556e-05	-7.489691e-06	1
16	rs11401	28602991	0	-3.541093e-05	-3.254806e-06	1
16	rs1140239	30021402	0	-3.339354e-04	-2.835194e-05	1
16	rs114588746	30053597	0	1.073378e-04	1.081371e-05	1
16	rs114956645	28830288	0	3.587021e-04	3.769046e-05	1
16	rs115014474	28516823	0	4.371183e-05	4.427885e-06	1
16	rs11544328	30037128	0	-2.435910e-04	-1.996741e-05	1
16	rs11546678	29827681	0	5.891834e-04	6.330284e-05	1
16	rs11547490	28975662	0	2.625572e-04	2.821036e-05	1
16	rs115518563	30055603	0	1.742853e-04	1.769801e-05	1
16	rs115616784	29000446	0	4.086895e-04	3.555348e-05	1
16	rs11569775	28607526	0	3.442023e-04	3.651733e-05	1
16	rs11574550	29673970	0	-4.919861e-04	-5.031387e-05	1
16	rs11574551	29673995	0	-4.924889e-04	-5.058985e-05	1
16	rs115777649	29344781	0	-1.015305e-04	-1.063105e-05	1
16	rs116286717	29275779	0	1.524963e-04	1.431928e-05	1
16	rs11639897	28952638	0	9.250780e-05	7.748265e-06	1
16	rs11640105	29158075	0	-3.030892e-04	-2.567417e-05	1
16	rs11640805	29160996	0	-2.387608e-04	-2.018480e-05	1
16	rs11640950	30426001	0	-1.003412e-04	-8.989826e-06	1
16	rs11641216	28893532	0	-1.599159e-04	-1.332948e-05	1
16	rs11641378	29190130	0	2.533115e-04	2.160535e-05	1
16	rs11641732	29154294	0	-3.023062e-04	-2.564304e-05	1
16	rs11641843	29154548	0	-2.050740e-04	-1.728894e-05	1
16	rs11641853	28589719	0	-3.763007e-04	-3.716163e-05	1
16	rs11641922	29662638	0	-7.448811e-04	-6.776164e-05	1
16	rs11642046	29993108	0	-1.911185e-04	-1.576967e-05	1
16	rs11642399	30059593	0	-2.856218e-04	-2.343417e-05	1
16	rs11642430	30045789	0	-3.988896e-04	-3.410254e-05	1
16	rs11642449	28896015	0	-3.250023e-04	-2.764121e-05	1
16	rs11642612	30030195	0	-3.988896e-04	-3.410253e-05	1
16	rs11642638	28984945	0	3.466926e-04	2.994204e-05	1
16	rs11642676	30371655	0	-4.900259e-04	-4.410871e-05	1
16	rs11642692	29190237	0	2.533115e-04	2.160536e-05	1
16	rs11642720	29157143	0	-3.030892e-04	-2.567415e-05	1
16	rs11642727	28974240	0	3.038556e-04	2.609151e-05	1
16	rs11642740	30060655	0	-6.725917e-04	-6.090524e-05	1
16	rs11642837	29165747	0	-2.723404e-04	-2.302432e-05	1
16	rs11642933	29946708	0	-2.829321e-04	-2.327103e-05	1
16	rs11643582	29654705	0	-3.016444e-04	-2.574232e-05	1
16	rs11644151	28895660	0	-9.501427e-05	-8.207903e-06	1
16	rs11644176	29158254	0	-1.699711e-04	-1.427962e-05	1
16	rs11644273	29132010	0	-4.563827e-05	-3.779814e-06	1
16	rs11644442	29153897	0	-3.710460e-04	-3.183373e-05	1
16	rs11644459	30095236	0	-3.919881e-04	-3.271554e-05	1
16	rs11644622	29154350	0	-2.248090e-04	-1.899447e-05	1
16	rs11644791	28601186	0	-2.976900e-04	-2.892269e-05	1
16	rs11645118	29194175	0	2.074999e-04	1.763348e-05	1
16	rs11645143	28893409	6	-4.496040e-04	-3.893778e-05	1
16	rs11645306	28983936	0	2.859280e-04	2.474902e-05	1
16	rs11645581	30351624	0	-9.791377e-04	-1.014110e-04	1
16	rs11646118	29926471	0	-4.414073e-04	-4.627832e-05	1
16	rs11646127	29966277	0	-1.447846e-04	-1.192350e-05	1
16	rs11646130	30376959	0	-4.940156e-04	-4.449345e-05	1
16	rs11646140	29155480	0	-1.691881e-04	-1.423034e-05	1
16	rs11646318	29265508	0	4.636221e-04	4.561633e-05	1
16	rs11646576	29145862	0	-1.472697e-04	-1.232568e-05	1
16	rs11646653	28922149	0	4.211155e-04	3.660462e-05	1
16	rs11647753	29928115	0	-1.754344e-04	-1.438533e-05	1
16	rs11647881	28606173	0	-3.763007e-04	-3.716162e-05	1
16	rs11647900	29292055	0	-5.622034e-04	-6.256733e-05	1
16	rs11648430	29022557	0	1.684863e-05	1.365720e-06	1
16	rs11648675	29780731	0	-6.214809e-04	-5.593975e-05	1
16	rs11648963	29214950	0	3.856290e-04	3.356690e-05	1
16	rs11649149	30008644	0	1.839948e-04	1.496500e-05	1
16	rs11649274	30026469	0	-3.861972e-04	-3.295426e-05	1
16	rs11649499	29908433	0	-1.312112e-03	-1.752640e-04	1
16	rs11649612	29946670	0	-2.829321e-04	-2.327099e-05	1
16	rs11649671	29328594	0	8.245405e-05	8.863942e-06	1
16	rs116878064	30063549	0	3.882710e-04	4.108862e-05	1
16	rs116922328	29965785	0	5.481645e-04	5.975622e-05	1
16	rs117075401	29614830	0	-1.948803e-05	-2.021001e-06	1
16	rs117075874	28606423	0	1.337675e-04	1.387015e-05	1
16	rs117077416	29971913	0	7.449651e-05	7.760776e-06	1
16	rs117079286	28906666	0	7.480115e-04	8.676163e-05	1
16	rs117106225	30460283	0	-2.091821e-04	-2.231996e-05	1
16	rs1171214	29257432	0	-3.423702e-04	-3.479310e-05	1
16	rs117198781	28523937	0	3.430572e-05	3.508674e-06	1
16	rs117266893	29276374	0	5.940207e-04	6.331967e-05	1
16	rs117267704	30394926	0	6.090423e-05	6.544096e-06	1
16	rs117310634	29285034	0	5.940207e-04	6.331967e-05	1
16	rs117313280	28651893	0	2.062938e-04	1.786154e-05	1
16	rs117383236	29939177	0	-3.023613e-04	-3.172296e-05	1
16	rs117388875	29207035	0	1.807275e-04	1.876288e-05	1
16	rs117400114	29356326	0	-1.351061e-05	-1.402488e-06	1
16	rs117417282	29137508	0	1.150444e-04	1.208804e-05	1
16	rs117470737	28581727	0	-1.733156e-04	-1.840560e-05	1
16	rs117472293	29172837	0	1.807275e-04	1.876288e-05	1
16	rs117475154	28822819	0	-2.331631e-04	-2.482496e-05	1
16	rs117481765	28492306	0	2.518450e-04	2.686814e-05	1
16	rs117527829	30106982	0	9.934077e-05	1.065104e-05	1
16	rs117562643	29313383	0	-1.458369e-04	-1.524207e-05	1
16	rs117580044	28859861	0	4.896392e-04	5.320625e-05	1
16	rs117590634	29934113	0	4.393978e-04	4.813020e-05	1
16	rs117673009	29971781	0	1.754324e-04	1.872108e-05	1
16	rs117718914	29265493	0	3.571309e-05	3.748570e-06	1
16	rs117782601	29613511	0	-3.363092e-04	-3.467211e-05	1
16	rs117841027	28885725	0	4.136070e-05	4.425911e-06	1
16	rs117870157	29316133	0	6.464660e-05	6.794737e-06	1
16	rs117898009	28838018	0	4.862051e-04	5.264108e-05	1
16	rs117905809	29246098	0	2.668217e-04	2.883274e-05	1
16	rs118024944	28978833	0	-1.974496e-04	-2.111233e-05	1
16	rs118027139	29963812	0	-3.439271e-05	-3.473443e-06	1
16	rs118040062	29314466	0	6.464660e-05	6.794737e-06	1
16	rs118058081	29860299	0	-7.026667e-05	-7.537077e-06	1
16	rs118058279	28539519	0	3.090962e-04	3.311704e-05	1
16	rs118064647	28558444	0	1.766832e-04	1.891401e-05	1
16	rs118134830	28552552	0	1.337675e-04	1.387015e-05	1
16	rs11859512	28871853	0	-1.599159e-04	-1.332946e-05	1
16	rs11859871	29835440	0	-3.203542e-05	-2.855299e-06	1
16	rs11859981	29138143	0	1.112912e-04	1.046613e-05	1
16	rs11860294	29273758	0	-3.121470e-04	-2.647078e-05	1
16	rs11860513	28825420	0	-2.602002e-04	-2.183892e-05	1
16	rs11860782	29989739	0	2.440449e-04	2.491402e-05	1
16	rs11860935	30080780	0	1.102245e-04	1.114687e-05	1
16	rs11861040	29301166	0	1.448613e-04	1.281511e-05	1
16	rs11861132	28871860	0	-1.599159e-04	-1.332945e-05	1
16	rs11861174	28871989	0	-1.599159e-04	-1.332944e-05	1
16	rs11861297	29298364	0	1.943763e-04	1.719580e-05	1
16	rs11861511	29113641	0	5.415817e-05	5.078540e-06	1
16	rs11861842	30094180	0	8.594363e-05	8.660598e-06	1
16	rs11862055	29733712	0	5.163008e-04	4.970897e-05	1
16	rs11862091	29273501	0	-4.011937e-04	-3.440244e-05	1
16	rs11862099	29338534	0	-5.759370e-05	-6.059188e-06	1
16	rs11862319	29298280	0	1.943763e-04	1.719580e-05	1
16	rs11862691	30187851	0	3.608002e-04	3.531781e-05	1
16	rs11862806	30364071	0	-7.823516e-04	-7.412604e-05	1
16	rs11863083	30100789	0	1.502302e-04	1.507084e-05	1
16	rs11863129	30095492	0	8.594363e-05	8.660597e-06	1
16	rs11863145	29272255	0	-3.977533e-04	-3.412770e-05	1
16	rs11863150	30385503	0	6.004090e-04	5.399064e-05	1
16	rs11863174	30019375	0	2.682329e-04	2.192771e-05	1
16	rs11863286	29272644	0	-3.977533e-04	-3.412770e-05	1
16	rs11863370	28879484	0	-1.261027e-04	-1.048170e-05	1
16	rs11863619	29134064	0	1.411401e-04	1.330387e-05	1
16	rs11863731	29848932	0	1.607004e-04	1.470472e-05	1
16	rs11863734	29848946	0	-3.491719e-06	-3.093857e-07	1
16	rs11863748	29835588	0	1.009319e-04	9.224525e-06	1
16	rs11864107	28885931	0	-1.599159e-04	-1.332943e-05	1
16	rs11864149	29999225	0	2.440449e-04	2.491402e-05	1
16	rs11864180	29830829	0	1.068360e-04	9.756919e-06	1
16	rs11864422	29268820	0	-2.770722e-05	-2.268186e-06	1
16	rs11864642	30084276	0	8.594363e-05	8.660597e-06	1
16	rs11864750	28875204	0	-1.599159e-04	-1.332942e-05	1
16	rs11865101	29288501	0	-3.078947e-04	-2.620169e-05	1
16	rs11865379	29274056	0	-3.121470e-04	-2.647076e-05	1
16	rs11865525	29244432	0	3.022004e-04	2.828228e-05	1
16	rs11865661	29296666	0	-3.464890e-04	-2.956380e-05	1
16	rs11865711	29118679	0	2.673429e-04	2.596053e-05	1
16	rs11865716	30164488	0	1.109942e-03	1.131305e-04	1
16	rs11866084	30012922	0	1.356935e-04	1.355420e-05	1
16	rs11867026	30079450	0	8.594363e-05	8.660594e-06	1
16	rs11901	29984070	0	3.471818e-05	2.872694e-06	1
16	rs12050928	28982517	0	1.978842e-04	1.657250e-05	1
16	rs12102320	30178516	0	1.297925e-03	1.459051e-04	1
16	rs12102648	29105470	0	-1.793132e-05	-1.589721e-06	1
16	rs12102943	29014309	0	8.954134e-05	7.847809e-06	1
16	rs12148998	29085164	0	3.228451e-04	3.368999e-05	1
16	rs12325014	28860237	0	-1.599159e-04	-1.332941e-05	1
16	rs12325113	28848668	0	-2.695768e-04	-2.269515e-05	1
16	rs12325239	29894662	0	-1.745508e-04	-1.808758e-05	1
16	rs12325278	28848818	0	-1.599159e-04	-1.332940e-05	1
16	rs12325400	30023786	0	-3.017700e-04	-2.547998e-05	1
16	rs12325539	30033633	0	-4.968913e-04	-4.323248e-05	1
16	rs12373078	30187676	0	8.919721e-04	8.369152e-05	1
16	rs12373113	30187513	0	9.371248e-04	8.916695e-05	1
16	rs12443881	28841777	0	-2.695768e-04	-2.269513e-05	1
16	rs12444108	30027694	0	-6.259412e-04	-5.587394e-05	1
16	rs12444171	28845251	0	-1.599159e-04	-1.332939e-05	1
16	rs12444415	30118345	0	-3.216098e-04	-2.612928e-05	1
16	rs12444973	30107285	0	-4.418704e-04	-3.638651e-05	1
16	rs12444978	29924422	0	-2.246292e-04	-1.828805e-05	1
16	rs12445519	28606152	0	-4.021717e-04	-4.024448e-05	1
16	rs12445705	28609696	6	-7.656050e-04	-7.943820e-05	1
16	rs12445744	28588395	0	-3.486703e-04	-2.966573e-05	1
16	rs12445768	30089911	0	-4.676861e-04	-3.951505e-05	1
16	rs12445823	28588049	0	-3.486703e-04	-2.966572e-05	1
16	rs12445982	29982484	0	7.612210e-05	6.275537e-06	1
16	rs12446008	28644459	0	3.156410e-04	2.760535e-05	1
16	rs12446189	29011297	0	3.591673e-04	3.504921e-05	1
16	rs12446288	30388709	0	8.022485e-04	7.689599e-05	1
16	rs12446378	30043110	0	-2.435910e-04	-1.996726e-05	1
16	rs12446550	28543381	0	-1.565322e-04	-1.299038e-05	1
16	rs12446589	28870962	0	-3.014920e-04	-2.548705e-05	1
16	rs12447159	29610670	0	1.781210e-04	1.880745e-05	1
16	rs12447415	29682945	0	-1.699300e-04	-1.430727e-05	1
16	rs12447461	28582941	0	-3.536162e-04	-3.004362e-05	1
16	rs12447715	29152765	0	-3.179685e-04	-2.973381e-05	1
16	rs12447833	30390314	0	5.942479e-04	5.468585e-05	1
16	rs12447915	30089908	0	-4.464351e-04	-3.764516e-05	1
16	rs12448270	28541124	0	-4.890492e-05	-5.037388e-06	1
16	rs12448429	28588443	0	-3.917451e-04	-3.348726e-05	1
16	rs12448633	29400742	1	-1.186491e-04	-1.225366e-05	1
16	rs12448769	29672197	0	-5.446869e-04	-4.734183e-05	1
16	rs12449272	28962755	0	3.679350e-04	3.177668e-05	1
16	rs12596042	29934754	0	-2.285866e-04	-1.867155e-05	1
16	rs12596308	29691196	0	4.234138e-04	3.727255e-05	1
16	rs12596536	29402369	0	7.244161e-05	7.575499e-06	1
16	rs12596543	30029135	0	-2.096757e-04	-1.703488e-05	1
16	rs12596940	29692240	0	6.721995e-04	6.456396e-05	1
16	rs12597368	29645078	0	-4.027942e-04	-3.505579e-05	1
16	rs12597404	29152906	0	-3.710460e-04	-3.183372e-05	1
16	rs12597953	29189394	0	1.741594e-04	1.472387e-05	1
16	rs12598856	30029548	0	-5.984602e-04	-5.335439e-05	1
16	rs12599208	29153112	2	-2.563128e-04	-2.162956e-05	1
16	rs12599318	29692414	0	2.403661e-04	2.054595e-05	1
16	rs12691307	29939877	0	-5.051836e-04	-4.309633e-05	1
16	rs12716972	29936654	0	-4.928225e-04	-4.183320e-05	1
16	rs12716973	29937652	0	-3.114236e-04	-2.557907e-05	1
16	rs12716974	29944832	0	-2.829321e-04	-2.327082e-05	1
16	rs12716975	29950829	0	-1.111243e-04	-9.011086e-06	1
16	rs12717010	28957170	0	-1.262589e-04	-1.054167e-05	1
16	rs12851	30016977	0	2.224029e-04	2.262602e-05	1
16	rs12917712	29882490	0	-1.048351e-03	-1.096914e-04	1
16	rs12917921	29156976	0	-3.030892e-04	-2.567410e-05	1
16	rs12918652	29964357	0	-1.235336e-04	-1.017850e-05	1
16	rs12919022	30434509	0	2.773586e-04	2.872922e-05	1
16	rs12919058	28927818	0	2.729513e-04	2.248788e-05	1
16	rs12919612	29895303	0	-1.082461e-03	-1.109554e-04	1
16	rs12919683	29943367	0	-2.829321e-04	-2.327079e-05	1
16	rs12919889	29142372	0	-1.695716e-04	-1.418329e-05	1
16	rs12920185	30172025	0	3.608002e-04	3.531780e-05	1
16	rs12920514	28835900	0	-2.189622e-05	-1.884589e-06	1
16	rs12920760	29844279	0	1.607004e-04	1.470477e-05	1
16	rs12921440	30408765	0	3.154652e-04	2.673817e-05	1
16	rs12921608	29192526	0	1.755847e-04	1.484950e-05	1
16	rs12921723	30351842	1	-1.044965e-03	-1.116219e-04	1
16	rs12921753	30018720	0	-6.076376e-04	-5.428707e-05	1
16	rs12921944	29152340	0	-3.710460e-04	-3.183370e-05	1
16	rs12921996	30011618	0	7.322517e-05	6.031628e-06	1
16	rs12922100	30129936	0	2.288866e-04	2.393840e-05	1
16	rs12922496	29130999	0	-3.942163e-04	-3.382762e-05	1
16	rs12923163	28934139	0	-1.411301e-04	-1.185610e-05	1
16	rs12923394	29133896	0	-1.027713e-04	-8.545798e-06	1
16	rs12923534	30189297	0	3.621602e-04	3.549403e-05	1
16	rs12923643	28966835	0	8.899474e-05	9.316907e-06	1
16	rs12923760	29147462	0	-1.778477e-04	-1.495459e-05	1
16	rs12923886	29732022	0	2.527580e-04	2.705232e-05	1
16	rs12923895	29022380	0	-1.096057e-04	-8.828866e-06	1
16	rs12923999	29140410	0	1.911089e-06	2.052256e-07	1
16	rs12924041	29156139	0	-3.023062e-04	-2.564295e-05	1
16	rs12924167	29140524	0	1.112912e-04	1.046614e-05	1
16	rs12924622	30084052	0	-3.919881e-04	-3.271534e-05	1
16	rs12926100	30169472	0	3.608002e-04	3.531779e-05	1
16	rs12926138	29193056	0	2.074999e-04	1.763352e-05	1
16	rs12927033	29687168	0	4.710313e-04	4.214288e-05	1
16	rs12927190	30169393	0	1.132263e-03	1.168009e-04	1
16	rs12927318	29226741	0	-3.266201e-04	-2.853568e-05	1
16	rs12928404	28847246	0	-1.519477e-04	-1.228428e-05	1
16	rs12928610	30016022	0	9.194887e-06	7.540129e-07	1
16	rs12928632	29118255	0	-3.292885e-04	-2.768949e-05	1
16	rs12928754	29679989	0	2.314542e-04	1.966193e-05	1
16	rs12929333	29680389	0	5.843974e-04	5.360303e-05	1
16	rs12929818	29191328	0	2.533115e-04	2.160545e-05	1
16	rs12929826	29717884	0	-1.843408e-04	-1.632180e-05	1
16	rs12930146	29286610	0	-3.078947e-04	-2.620165e-05	1
16	rs12930239	29908777	0	-8.982540e-04	-8.665098e-05	1
16	rs12930787	30381303	0	-7.017618e-04	-6.635476e-05	1
16	rs12931589	28979297	0	2.592657e-04	2.159038e-05	1
16	rs12931955	30013066	0	2.081366e-04	1.690414e-05	1
16	rs12932023	29715852	0	3.546265e-04	3.820673e-05	1
16	rs12932306	29148307	0	-1.778477e-04	-1.495456e-05	1
16	rs12932310	29846133	0	1.968532e-04	1.817853e-05	1
16	rs12932680	29689845	0	8.186116e-04	9.377187e-05	1
16	rs12932691	29846729	0	3.064466e-04	2.871777e-05	1
16	rs12932818	29143427	0	3.199732e-04	3.303289e-05	1
16	rs12932957	29680256	0	2.314542e-04	1.966193e-05	1
16	rs12933229	29182190	0	-1.753863e-04	-1.478754e-05	1
16	rs12933498	29943459	0	-3.686833e-04	-3.069499e-05	1
16	rs12933548	29790709	0	1.025320e-03	1.263552e-04	1
16	rs12933575	30022564	0	-2.398264e-04	-1.961360e-05	1
16	rs12933766	29922011	0	-1.069066e-03	-1.103751e-04	1
16	rs12934200	29142415	0	-1.124385e-04	-9.367533e-06	1
16	rs12934920	28566933	0	-2.399168e-04	-2.351902e-05	1
16	rs12934948	29192289	0	5.572784e-05	4.702205e-06	1
16	rs12934960	28979263	0	2.592657e-04	2.159038e-05	1
16	rs12935265	29931028	0	9.640653e-05	1.031955e-05	1
16	rs12935321	28572021	0	-3.799461e-04	-3.787787e-05	1
16	rs12935500	30174984	0	3.608002e-04	3.531778e-05	1
16	rs12935701	30026748	0	-3.812409e-04	-3.248566e-05	1
16	rs12935834	29764461	1	-1.530097e-04	-1.357304e-05	1
16	rs13329884	29281054	0	-3.464890e-04	-2.956377e-05	1
16	rs13330019	29316224	0	4.240268e-04	3.925324e-05	1
16	rs13331170	28561982	0	-6.286117e-05	-5.292225e-06	1
16	rs13331487	28621679	0	1.988392e-04	2.089779e-05	1
16	rs13331691	28570050	0	2.668621e-04	2.780938e-05	1
16	rs13331733	29848417	0	1.607004e-04	1.470479e-05	1
16	rs13331798	29747291	0	4.459860e-04	4.188722e-05	1
16	rs13331817	30172627	0	1.132263e-03	1.168008e-04	1
16	rs13332078	29850705	0	1.429227e-04	1.307003e-05	1
16	rs13332660	29905882	0	-1.312112e-03	-1.752640e-04	1
16	rs13332927	28560344	0	2.838779e-04	2.982959e-05	1
16	rs13333093	30407269	0	3.154652e-04	2.673813e-05	1
16	rs13333583	29302116	0	1.136901e-04	9.976540e-06	1
16	rs13333675	29302353	0	1.136901e-04	9.976539e-06	1
16	rs13333760	29302523	0	4.500465e-05	3.938674e-06	1
16	rs13333866	29302751	0	1.619449e-04	1.444676e-05	1
16	rs13334660	30178281	0	3.608002e-04	3.531778e-05	1
16	rs13334779	29302037	0	1.136901e-04	9.976535e-06	1
16	rs13334820	29302136	0	1.136901e-04	9.976534e-06	1
16	rs13335021	29746830	0	4.652959e-04	4.384748e-05	1
16	rs13335878	29281267	0	-2.738187e-04	-2.313964e-05	1
16	rs13336311	28600277	0	3.053538e-04	3.240926e-05	1
16	rs13336980	29279020	0	-2.738187e-04	-2.313964e-05	1
16	rs13337460	29299409	0	2.822360e-04	2.675377e-05	1
16	rs13338599	29104927	0	-4.277461e-04	-3.761834e-05	1
16	rs13338912	29760347	0	-9.745204e-05	-8.608768e-06	1
16	rs13339053	28614801	0	-1.509457e-04	-1.553454e-05	1
16	rs13339070	29297315	2	1.234348e-04	1.148632e-05	1
16	rs1345885	29134874	0	-5.441229e-04	-4.844030e-05	1
16	rs1345886	29135029	0	-5.441229e-04	-4.844029e-05	1
16	rs1364270	29168052	0	1.276657e-04	1.191754e-05	1
16	rs137887650	29332059	0	-7.033686e-05	-7.425339e-06	1
16	rs137959928	30434035	0	1.432410e-04	1.527284e-05	1
16	rs137993956	29913708	0	3.872868e-04	4.255353e-05	1
16	rs138211469	29735979	0	6.990643e-04	7.138411e-05	1
16	rs138273920	29320074	0	3.627016e-06	3.834948e-07	1
16	rs138599723	29732960	0	6.897943e-04	7.034914e-05	1
16	rs138729861	30399088	0	2.363227e-04	2.491909e-05	1
16	rs138755187	29763892	0	5.606405e-05	5.731014e-06	1
16	rs138825134	29613456	0	-3.363092e-04	-3.467210e-05	1
16	rs138849409	29339409	0	-8.757550e-05	-9.209462e-06	1
16	rs138850578	29736312	6	4.237818e-04	4.094438e-05	1
16	rs139102754	28580031	0	2.951754e-04	3.151667e-05	1
16	rs139142574	29323824	0	5.510458e-05	5.747736e-06	1
16	rs139356180	28593131	0	2.561737e-04	2.725823e-05	1
16	rs139356318	30048461	0	-1.085049e-04	-1.102720e-05	1
16	rs139876505	29098499	0	2.055030e-04	2.142450e-05	1
16	rs139904690	29667021	0	2.805892e-04	3.008708e-05	1
16	rs139969273	28861624	0	4.952780e-04	5.380884e-05	1
16	rs140478766	29148476	0	2.427872e-04	2.537192e-05	1
16	rs140677174	29334964	0	-1.396403e-04	-1.470326e-05	1
16	rs140785784	29714172	1	5.849425e-04	5.808229e-05	1
16	rs141305120	30120522	0	2.504239e-04	2.526305e-05	1
16	rs141436390	29826014	0	2.301307e-04	2.472168e-05	1
16	rs141912061	29335386	0	-7.033686e-05	-7.425338e-06	1
16	rs142086495	29958635	0	-1.058346e-04	-1.117473e-05	1
16	rs142098164	29922723	0	1.436638e-04	1.549486e-05	1
16	rs142125746	29606607	0	1.781210e-04	1.880744e-05	1
16	rs142271886	28484047	0	2.196790e-04	2.346337e-05	1
16	rs142380960	28988500	0	2.173385e-04	2.279742e-05	1
16	rs142505175	28590157	0	6.155575e-05	6.380018e-06	1
16	rs142649835	28558966	0	3.442023e-04	3.651737e-05	1
16	rs142665962	28561185	0	1.742752e-04	1.833830e-05	1
16	rs142759638	29330786	0	-1.313794e-04	-1.345461e-05	1
16	rs143249661	30016820	0	-5.282064e-04	-5.949400e-05	1
16	rs143257664	29131933	0	1.911089e-06	2.052255e-07	1
16	rs143399275	28590978	0	2.561737e-04	2.725823e-05	1
16	rs143430033	29222972	0	8.068681e-05	8.630714e-06	1
16	rs143485673	29346961	0	-1.472081e-04	-1.569970e-05	1
16	rs143614346	29163043	0	2.154012e-04	2.314194e-05	1
16	rs143662876	29753188	0	-4.670258e-04	-4.983040e-05	1
16	rs143662976	29189418	0	2.718551e-04	2.871297e-05	1
16	rs143840454	29791575	0	-9.288196e-05	-9.786482e-06	1
16	rs143893157	29760427	0	3.860484e-04	3.679386e-05	1
16	rs144101542	29355989	0	-3.215792e-05	-3.357256e-06	1
16	rs144237376	30426319	0	-6.427188e-05	-6.664664e-06	1
16	rs144246384	29076387	1	9.538738e-04	9.529975e-05	1
16	rs144637766	29661941	0	3.324781e-04	3.580313e-05	1
16	rs144721815	29760405	0	1.738563e-04	1.848952e-05	1
16	rs144769215	29259479	0	2.657959e-05	2.818277e-06	1
16	rs144865761	30350114	0	-2.324877e-05	-2.407043e-06	1
16	rs145037259	29613205	0	-2.257832e-04	-2.372559e-05	1
16	rs145223727	29631927	0	2.374357e-04	2.506477e-05	1
16	rs145338730	29631150	0	-6.733192e-05	-7.175650e-06	1
16	rs145495208	28917298	0	-7.085157e-05	-7.628099e-06	1
16	rs145516392	29202034	0	-8.737573e-06	-8.339820e-07	1
16	rs145631601	29613904	0	-3.363092e-04	-3.467210e-05	1
16	rs145790611	28603263	0	3.442023e-04	3.651737e-05	1
16	rs145832035	29733357	0	6.990643e-04	7.138410e-05	1
16	rs146126857	28536805	0	3.090962e-04	3.311702e-05	1
16	rs146398705	29336775	0	-1.003187e-04	-1.058739e-05	1
16	rs146585275	29559005	11	7.300083e-05	7.518579e-06	1
16	rs146746415	29347453	0	-5.656312e-05	-5.924032e-06	1
16	rs146772260	29713946	0	-3.914692e-05	-4.187650e-06	1
16	rs147132314	29243324	0	4.020921e-04	3.892048e-05	1
16	rs147278356	29750550	0	4.822335e-04	4.698478e-05	1
16	rs147389183	28545437	0	2.788608e-04	2.975549e-05	1
16	rs147413292	28511206	0	1.610663e-05	1.658676e-06	1
16	rs147553474	30050605	0	1.358071e-04	1.403218e-05	1
16	rs147580758	29337506	0	-1.426963e-04	-1.494005e-05	1
16	rs147667954	29121426	0	3.228451e-04	3.368997e-05	1
16	rs147684209	28867061	0	-1.148057e-04	-9.493822e-06	1
16	rs147768264	29437178	1	-2.302261e-04	-2.386584e-05	1
16	rs147988288	29251704	0	-7.894288e-04	-7.667882e-05	1
16	rs148016441	28520076	0	1.129164e-04	1.151275e-05	1
16	rs148317558	29319614	0	-5.739088e-05	-6.037766e-06	1
16	rs148319768	29954615	0	-2.471917e-04	-2.582985e-05	1
16	rs148579588	29120577	0	1.901313e-05	1.876488e-06	1
16	rs148639118	30127786	0	2.973901e-04	3.247906e-05	1
16	rs148758831	29336851	0	-7.033686e-05	-7.425338e-06	1
16	rs148776955	30458271	0	-2.238047e-04	-2.410263e-05	1
16	rs148788997	30323168	0	-4.505115e-04	-4.604210e-05	1
16	rs149201347	29741932	1	7.239091e-04	7.685942e-05	1
16	rs149271	28506872	0	1.554837e-05	1.312817e-06	1
16	rs149278	28561581	0	-4.489387e-04	-3.856821e-05	1
16	rs149299	28485141	0	-8.670387e-05	-7.223342e-06	1
16	rs149301	28499659	14	-1.728831e-04	-1.474258e-05	1
16	rs149486782	29149504	0	3.228451e-04	3.368997e-05	1
16	rs150334812	29272321	0	4.317924e-04	4.203840e-05	1
16	rs150509203	29705064	0	7.057577e-05	7.318574e-06	1
16	rs150713896	29426017	0	-2.436585e-04	-2.534606e-05	1
16	rs150773264	30120692	0	3.102526e-04	3.142457e-05	1
16	rs150845792	29789489	0	3.237994e-05	3.461678e-06	1
16	rs151035219	30144009	0	-3.763508e-05	-4.009431e-06	1
16	rs151174	28508069	0	-6.178005e-05	-5.161845e-06	1
16	rs151178	28483061	1	-2.618774e-04	-2.214312e-05	1
16	rs151179	28487056	0	-1.976602e-04	-1.661687e-05	1
16	rs151180	28487213	12	5.336338e-04	4.674018e-05	1
16	rs151181	28490517	0	-1.976602e-04	-1.661686e-05	1
16	rs151182	28495752	0	-1.709577e-04	-1.437418e-05	1
16	rs151225	28553802	0	-4.848831e-04	-4.910696e-05	1
16	rs151226	28549823	0	-4.942618e-04	-4.254551e-05	1
16	rs151227	28549508	0	-4.312870e-04	-4.292284e-05	1
16	rs151228	28563026	0	-5.862991e-04	-5.129760e-05	1
16	rs151229	28584937	0	-2.725206e-04	-2.637385e-05	1
16	rs151230	28583215	0	-3.455655e-04	-3.373827e-05	1
16	rs151231	28582849	0	-4.663516e-04	-4.000348e-05	1
16	rs151232	28580333	0	-4.543507e-04	-3.881745e-05	1
16	rs151233	28506428	0	-1.122435e-03	-1.376746e-04	1
16	rs151235673	30104843	0	-9.332515e-06	-9.989971e-07	1
16	rs151301	28497059	0	-1.686942e-04	-1.411054e-05	1
16	rs151303	28492510	0	-1.461961e-04	-1.222799e-05	1
16	rs151320	28568678	0	-3.620824e-04	-3.570879e-05	1
16	rs151321	28555590	0	-4.477890e-04	-3.826359e-05	1
16	rs153104	28528310	0	6.596131e-04	7.241582e-05	1
16	rs153105	28527246	0	6.596131e-04	7.241582e-05	1
16	rs153106	28526897	0	-2.714939e-04	-2.281046e-05	1
16	rs153107	28525305	0	5.909457e-04	5.949572e-05	1
16	rs153108	28521721	0	5.570655e-04	5.590903e-05	1
16	rs153109	28519096	0	-2.277820e-04	-1.883055e-05	1
16	rs153110	28516719	0	7.049661e-04	7.347430e-05	1
16	rs153173	29239889	0	-4.294365e-04	-3.661836e-05	1
16	rs153175	29163890	0	-6.570409e-04	-5.887110e-05	1
16	rs153177	29169490	0	1.612778e-04	1.507611e-05	1
16	rs153180	29225431	0	-6.397790e-04	-5.711089e-05	1
16	rs1531973	29292442	0	-2.352244e-04	-1.984680e-05	1
16	rs1531974	29317096	0	4.176351e-04	3.589250e-05	1
16	rs153207	29244995	0	-6.974481e-05	-6.235810e-06	1
16	rs153208	29248084	0	2.941915e-04	2.448653e-05	1
16	rs153209	29251861	0	9.320629e-04	9.028345e-05	1
16	rs153210	29093963	0	-6.482274e-04	-5.760834e-05	1
16	rs153211	29093830	0	-3.776279e-04	-3.294245e-05	1
16	rs153212	29090858	0	-3.951169e-04	-3.659368e-05	1
16	rs153213	29234201	0	9.200369e-05	8.511649e-06	1
16	rs153214	29224464	0	-5.197455e-04	-4.529687e-05	1
16	rs153217	29215610	0	-2.568042e-04	-2.328230e-05	1
16	rs153219	29215298	0	-2.552992e-04	-2.304773e-05	1
16	rs153220	29213783	0	-3.987428e-04	-3.675199e-05	1
16	rs1540388	29127033	0	-3.209720e-04	-2.733301e-05	1
16	rs1540389	29127350	0	-1.748684e-04	-1.470906e-05	1
16	rs1611782	29152487	0	-3.179685e-04	-2.973378e-05	1
16	rs1611991	29151593	0	-3.179685e-04	-2.973378e-05	1
16	rs1624102	29123330	0	-4.083811e-04	-3.457601e-05	1
16	rs1625280	29131925	0	-5.271327e-04	-4.650958e-05	1
16	rs1627180	29138002	0	-4.241529e-04	-3.942408e-05	1
16	rs1627805	29138026	0	-5.441229e-04	-4.844022e-05	1
16	rs1627843	29138043	0	-5.441229e-04	-4.844021e-05	1
16	rs1627862	29132221	0	-5.271327e-04	-4.650955e-05	1
16	rs1628751	29138147	0	-5.441229e-04	-4.844019e-05	1
16	rs1628834	29132359	0	-5.271327e-04	-4.650954e-05	1
16	rs1630274	29132462	0	-5.271327e-04	-4.650953e-05	1
16	rs1630929	29117661	0	-3.868687e-04	-3.572389e-05	1
16	rs1633805	29724394	0	-4.598120e-04	-4.277858e-05	1
16	rs1633810	29721864	0	-3.453398e-04	-3.121051e-05	1
16	rs1641906	29150344	0	-2.515753e-04	-2.345948e-05	1
16	rs1641908	29151299	0	-6.890145e-04	-6.159271e-05	1
16	rs1641909	29151522	0	-6.890145e-04	-6.159270e-05	1
16	rs1641910	29153242	7	-3.681855e-04	-3.522369e-05	1
16	rs1641911	29153945	0	-3.525968e-04	-3.311551e-05	1
16	rs1641913	29154852	0	-3.202763e-04	-2.997315e-05	1
16	rs1641918	29160958	0	-3.676648e-04	-3.076615e-05	1
16	rs1641919	29161645	0	-3.676648e-04	-3.076615e-05	1
16	rs1641920	29162623	0	-3.676648e-04	-3.076614e-05	1
16	rs1641921	29163081	0	-3.676648e-04	-3.076613e-05	1
16	rs1641959	29212864	0	-2.436478e-04	-2.011797e-05	1
16	rs1641991	29116527	0	-3.292885e-04	-2.768930e-05	1
16	rs1641993	29119860	0	-3.744957e-04	-3.164753e-05	1
16	rs1641994	29119880	0	-3.292885e-04	-2.768929e-05	1
16	rs1641995	29120520	0	-3.868687e-04	-3.572384e-05	1
16	rs1641996	29124150	0	-3.868687e-04	-3.572384e-05	1
16	rs1641997	29124421	0	-5.068387e-04	-4.476752e-05	1
16	rs1641999	29127260	0	-3.295796e-04	-3.031005e-05	1
16	rs1642001	29130549	0	-5.441229e-04	-4.844009e-05	1
16	rs1642002	29132320	0	-5.271327e-04	-4.650943e-05	1
16	rs1642003	29134593	0	-5.441229e-04	-4.844007e-05	1
16	rs1642005	29135958	0	-5.441229e-04	-4.844006e-05	1
16	rs1642006	29136331	0	-1.685547e-04	-1.393521e-05	1
16	rs1642007	29136893	0	-5.441229e-04	-4.844005e-05	1
16	rs1642008	29137377	0	-5.645153e-04	-5.049056e-05	1
16	rs1642009	29137588	0	-5.441229e-04	-4.844003e-05	1
16	rs1642010	29138071	0	-3.128617e-04	-2.624000e-05	1
16	rs1642011	29138392	0	-4.241529e-04	-3.942399e-05	1
16	rs1642012	29139244	0	-5.441229e-04	-4.844002e-05	1
16	rs1642013	29139398	0	-5.794295e-04	-5.173597e-05	1
16	rs1642014	29139416	0	-5.441229e-04	-4.844000e-05	1
16	rs1642015	29139779	0	-5.441229e-04	-4.843999e-05	1
16	rs1642016	29140057	0	-5.441229e-04	-4.843999e-05	1
16	rs1642017	29140224	0	-5.441229e-04	-4.843998e-05	1
16	rs1642018	29140448	0	-5.441229e-04	-4.843997e-05	1
16	rs1642019	29140754	0	-5.441229e-04	-4.843996e-05	1
16	rs1642020	29142059	0	-5.441229e-04	-4.843995e-05	1
16	rs1642022	29142204	0	-5.441229e-04	-4.843994e-05	1
16	rs1642023	29143639	0	-5.441229e-04	-4.843993e-05	1
16	rs1642024	29143759	0	-4.213222e-04	-3.664442e-05	1
16	rs1642025	29147718	0	-4.241529e-04	-3.942396e-05	1
16	rs1642026	29148565	0	-2.122870e-04	-1.750106e-05	1
16	rs1642027	29149386	0	-5.275734e-04	-4.681836e-05	1
16	rs1646084	29139021	0	-5.441229e-04	-4.843990e-05	1
16	rs1646085	29139401	0	-5.441229e-04	-4.843989e-05	1
16	rs1646086	29139655	0	-6.884298e-04	-6.345002e-05	1
16	rs1646087	29139771	0	-5.441229e-04	-4.843987e-05	1
16	rs1646092	29212861	0	-2.868408e-04	-2.609161e-05	1
16	rs1646106	29166463	0	1.276657e-04	1.191768e-05	1
16	rs1646112	29154049	0	-3.179685e-04	-2.973364e-05	1
16	rs1646113	29153803	0	-3.525968e-04	-3.311541e-05	1
16	rs1646114	29153526	0	-3.179685e-04	-2.973364e-05	1
16	rs1646116	29152112	0	-3.179685e-04	-2.973363e-05	1
16	rs1646117	29152043	0	-7.236427e-04	-6.539464e-05	1
16	rs1646118	29150945	0	-6.890145e-04	-6.159242e-05	1
16	rs1646119	29150785	0	-6.890145e-04	-6.159241e-05	1
16	rs1646121	29144222	0	-4.704404e-04	-4.130039e-05	1
16	rs1646122	29143040	0	-5.441229e-04	-4.843983e-05	1
16	rs1646123	29142980	0	-6.049559e-04	-5.444057e-05	1
16	rs1646124	29142933	0	-3.128617e-04	-2.623990e-05	1
16	rs1646125	29142895	0	-5.441229e-04	-4.843981e-05	1
16	rs1646126	29142681	0	-5.441229e-04	-4.843980e-05	1
16	rs1646127	29142163	0	-4.241529e-04	-3.942391e-05	1
16	rs1646128	29141436	0	-3.128617e-04	-2.623989e-05	1
16	rs1646129	29140688	0	-5.441229e-04	-4.843979e-05	1
16	rs1646132	29113766	0	-4.015666e-04	-3.413975e-05	1
16	rs1646133	29113747	0	-4.015666e-04	-3.413974e-05	1
16	rs1646142	29117596	0	-3.295796e-04	-3.030994e-05	1
16	rs1646168	29128732	0	-5.068387e-04	-4.476720e-05	1
16	rs1646169	29128778	0	-5.068387e-04	-4.476719e-05	1
16	rs1646172	29129381	0	-5.441229e-04	-4.843975e-05	1
16	rs1646173	29130642	0	-5.550469e-04	-4.939229e-05	1
16	rs1646174	29130649	0	-5.550469e-04	-4.939228e-05	1
16	rs1646175	29131020	0	-5.441229e-04	-4.843972e-05	1
16	rs1646176	29131233	0	-4.478187e-04	-4.178220e-05	1
16	rs1646177	29131853	0	-5.654037e-04	-4.982883e-05	1
16	rs1646188	29133735	0	-5.271327e-04	-4.650906e-05	1
16	rs1646190	29136708	0	-5.441229e-04	-4.843969e-05	1
16	rs1646191	29136873	0	-5.441229e-04	-4.843969e-05	1
16	rs166148	29245857	0	-1.305778e-04	-1.170772e-05	1
16	rs166152	29156005	0	-3.202763e-04	-2.997298e-05	1
16	rs166153	29158597	0	-6.399407e-04	-5.633410e-05	1
16	rs166154	29160416	0	-3.676648e-04	-3.076580e-05	1
16	rs168778	29112626	0	3.868687e-04	3.572368e-05	1
16	rs168919	29301994	0	-7.386669e-05	-7.654225e-06	1
16	rs1690405	28620311	0	-6.300946e-04	-5.698028e-05	1
16	rs170978	29743033	0	-3.724544e-04	-3.403377e-05	1
16	rs17639997	28600282	0	-6.702437e-04	-7.457426e-05	1
16	rs17640009	28595700	0	-3.470123e-04	-2.943772e-05	1
16	rs17640225	29713066	0	6.166793e-04	6.185313e-05	1
16	rs17707300	28593347	0	-3.917451e-04	-3.348722e-05	1
16	rs17779364	29188221	0	-1.093600e-04	-1.042984e-05	1
16	rs17779818	29346790	0	-1.258983e-05	-1.094350e-06	1
16	rs17835978	29432712	1	1.790092e-04	1.890276e-05	1
16	rs17839551	30363382	0	-1.123611e-03	-1.307619e-04	1
16	rs17842265	29653752	0	-2.123105e-04	-2.273438e-05	1
16	rs17842268	29684180	0	-4.980616e-05	-4.166145e-06	1
16	rs17855750	28515228	0	9.129321e-05	9.298680e-06	1
16	rs180394	29715032	0	-3.147850e-04	-2.888186e-05	1
16	rs180701530	29609315	0	-3.843484e-04	-4.003087e-05	1
16	rs180743	28507644	0	2.555557e-05	2.148631e-06	1
16	rs180744	28508048	0	-2.211928e-04	-1.864551e-05	1
16	rs181195	28488369	0	-1.554437e-04	-1.299243e-05	1
16	rs181203	28512371	0	-9.072733e-04	-9.061145e-05	1
16	rs181204	28512524	0	-6.976887e-04	-6.559181e-05	1
16	rs181206	28513403	0	-9.578826e-04	-9.737992e-05	1
16	rs181207	28513530	0	-7.816176e-04	-7.463752e-05	1
16	rs181209	28514854	0	-9.072733e-04	-9.061140e-05	1
16	rs181522608	30062856	0	1.268475e-04	1.346837e-05	1
16	rs182433739	29420750	0	-5.673862e-05	-5.891554e-06	1
16	rs183186934	29606753	0	1.070499e-04	1.102806e-05	1
16	rs185202	29106324	0	-3.868687e-04	-3.572368e-05	1
16	rs185409	29404501	0	7.244161e-05	7.575514e-06	1
16	rs1872657	29307765	0	3.159731e-04	3.036919e-05	1
16	rs1872658	29307672	0	2.385452e-04	2.128349e-05	1
16	rs1872659	29304790	0	4.805189e-04	4.079057e-05	1
16	rs1872660	29304775	0	1.259364e-04	1.109265e-05	1
16	rs1872667	29299377	0	2.202550e-04	1.958874e-05	1
16	rs1872673	29320397	0	-1.891711e-05	-1.659609e-06	1
16	rs1872675	29320228	0	-1.434188e-04	-1.276828e-05	1
16	rs187570477	28604122	0	2.435022e-04	2.591145e-05	1
16	rs187668816	28829117	15	3.634982e-04	3.154427e-05	1
16	rs188304685	29939689	0	1.436638e-04	1.549487e-05	1
16	rs188708252	29881170	0	2.096506e-04	2.258372e-05	1
16	rs188742196	29336063	0	-7.033686e-05	-7.425329e-06	1
16	rs188899883	29624668	0	-1.560662e-04	-1.627725e-05	1
16	rs189278832	28539386	1	-5.473826e-04	-4.801782e-05	1
16	rs189757140	30180490	11	1.481059e-03	1.765743e-04	1
16	rs192245	29245739	0	-6.974481e-05	-6.235651e-06	1
16	rs192537440	29619215	0	-2.475003e-05	-2.635671e-06	1
16	rs193301319	29221971	0	-4.491297e-05	-4.806308e-06	1
16	rs193628	28582142	0	7.539709e-04	6.911821e-05	1
16	rs194045	29246102	0	2.987046e-04	2.772369e-05	1
16	rs1964299	29090804	1	-4.000772e-04	-3.441125e-05	1
16	rs1968751	28631759	0	5.290181e-04	4.553948e-05	1
16	rs1968752	28631585	0	5.290181e-04	4.553947e-05	1
16	rs1974875	29245881	0	-8.105885e-04	-7.952086e-05	1
16	rs1985680	30123216	0	2.892282e-04	2.905707e-05	1
16	rs1987471	28825866	0	-2.602002e-04	-2.183868e-05	1
16	rs1987472	28825777	0	-2.602002e-04	-2.183868e-05	1
16	rs199859689	29626836	1	-7.046723e-06	-7.363779e-07	1
16	rs199900182	29416563	0	-2.672263e-04	-2.798708e-05	1
16	rs200735808	29406242	1	-2.279272e-04	-2.355883e-05	1
16	rs200830445	29402846	0	1.295746e-04	1.365473e-05	1
16	rs2008514	28825605	0	-2.602002e-04	-2.183867e-05	1
16	rs201244608	29076044	7	4.569444e-04	3.815539e-05	1
16	rs201259820	29274607	0	-2.813930e-04	-2.541984e-05	1
16	rs201555010	29562640	1	2.192972e-04	2.313996e-05	1
16	rs201724537	29409881	0	-2.436585e-04	-2.534602e-05	1
16	rs201917490	29430680	0	6.741071e-05	6.937203e-06	1
16	rs202014106	28702943	3	-2.650804e-04	-2.476136e-05	1
16	rs2020407	29623593	0	-1.191273e-05	-1.243285e-06	1
16	rs202166863	29440457	1	1.241906e-04	1.298049e-05	1
16	rs2034874	28554699	0	2.788608e-04	2.975547e-05	1
16	rs2035974	29306908	0	2.708306e-04	2.539414e-05	1
16	rs2070962	28950432	0	3.397857e-04	2.914677e-05	1
16	rs2071342	28915433	0	5.034305e-04	4.431434e-05	1
16	rs2077031	28603168	0	-3.486703e-04	-2.966554e-05	1
16	rs2081199	28958754	0	2.701320e-04	2.227203e-05	1
16	rs2083237	30175509	0	8.645666e-04	8.027467e-05	1
16	rs2088727	28608142	1	1.500002e-04	1.585022e-05	1
16	rs2106480	28537971	0	-5.834517e-05	-4.829231e-06	1
16	rs2113272	29161934	0	-6.387093e-04	-5.709344e-05	1
16	rs2131750	29319678	0	-2.726830e-04	-2.395279e-05	1
16	rs2161704	29162036	0	-3.676648e-04	-3.076579e-05	1
16	rs2171222	29298533	0	1.943763e-04	1.719588e-05	1
16	rs2244752	29153808	0	-3.525968e-04	-3.311531e-05	1
16	rs2246441	29114352	0	-4.015666e-04	-3.413964e-05	1
16	rs2252323	29135394	0	-5.441229e-04	-4.843965e-05	1
16	rs2252590	29133132	11	-3.100460e-04	-2.488362e-05	1
16	rs2252599	29133000	3	9.050248e-07	8.431054e-08	1
16	rs2252605	29132962	2	-6.778902e-04	-6.169652e-05	1
16	rs2252609	29132865	0	-4.409089e-04	-4.081494e-05	1
16	rs2253253	29128185	0	5.068387e-04	4.476705e-05	1
16	rs2256528	29124661	0	-4.083811e-04	-3.457551e-05	1
16	rs2278557	30093779	0	-4.997088e-04	-4.372838e-05	1
16	rs2291400	29262688	0	3.976146e-04	3.803791e-05	1
16	rs2291401	29262601	0	2.276823e-04	2.068288e-05	1
16	rs2291937	28602449	0	2.435022e-04	2.591145e-05	1
16	rs2303255	29706444	0	5.770480e-04	5.730768e-05	1
16	rs231970	28567004	0	-3.620824e-04	-3.570882e-05	1
16	rs231971	28536519	0	-6.914054e-04	-7.732452e-05	1
16	rs231972	28538336	0	-4.666670e-04	-4.667963e-05	1
16	rs231974	28540322	0	-4.666670e-04	-4.667963e-05	1
16	rs231975	28547251	0	-3.620824e-04	-3.570882e-05	1
16	rs231976	28545587	0	-4.942071e-04	-4.253959e-05	1
16	rs231977	28542172	0	-5.429523e-04	-4.698663e-05	1
16	rs234889	28535812	0	-6.771870e-04	-7.550422e-05	1
16	rs235630	29743018	0	-3.724544e-04	-3.403375e-05	1
16	rs235631	29743529	0	-3.845182e-04	-3.533163e-05	1
16	rs235659	29788919	0	-1.146763e-03	-1.160731e-04	1
16	rs235663	29748325	0	-4.818658e-04	-4.682664e-05	1
16	rs2370277	29261174	0	4.649005e-04	4.428837e-05	1
16	rs2370291	29264508	0	-6.556305e-05	-5.971209e-06	1
16	rs2370299	29271946	0	-4.664388e-04	-4.044407e-05	1
16	rs2370302	29283348	0	-2.559892e-04	-2.150006e-05	1
16	rs2370336	29308255	0	3.586893e-04	3.338408e-05	1
16	rs2370534	29319603	0	-5.739088e-05	-6.037754e-06	1
16	rs2370535	29320022	0	-1.572559e-04	-1.335001e-05	1
16	rs240702	28531353	0	-2.261863e-04	-1.886641e-05	1
16	rs240703	28530623	0	2.314830e-04	2.434582e-05	1
16	rs240704	28529949	0	-2.237596e-04	-1.865995e-05	1
16	rs240705	28529716	0	-2.448019e-04	-2.051271e-05	1
16	rs240707	28524612	0	-3.586225e-04	-3.001066e-05	1
16	rs240708	28520576	0	-3.744842e-04	-3.143321e-05	1
16	rs240709	28513853	0	6.181166e-04	6.652265e-05	1
16	rs2411431	28653784	0	1.850272e-04	1.512450e-05	1
16	rs2430674	29124524	0	-4.083811e-04	-3.457551e-05	1
16	rs2430675	29128117	0	3.868687e-04	3.572364e-05	1
16	rs2442141	29088221	0	-4.391790e-04	-3.749860e-05	1
16	rs252243	29239828	0	-1.062833e-04	-9.471640e-06	1
16	rs252244	29240018	0	-2.193224e-05	-1.923529e-06	1
16	rs252245	29241010	0	-5.068703e-05	-4.558287e-06	1
16	rs252246	29241389	0	2.877806e-04	2.676808e-05	1
16	rs252247	29242488	0	2.987046e-04	2.772370e-05	1
16	rs252248	29243109	0	-3.976302e-05	-3.563277e-06	1
16	rs252249	29243425	0	-5.790747e-05	-5.193374e-06	1
16	rs252250	29244405	0	-6.974481e-05	-6.235636e-06	1
16	rs252251	29244537	0	2.324555e-04	1.921359e-05	1
16	rs252252	29245019	0	-6.974481e-05	-6.235636e-06	1
16	rs252253	29245171	0	2.862055e-04	2.682127e-05	1
16	rs252254	29246993	0	3.130155e-04	2.911441e-05	1
16	rs252255	29247800	0	3.130155e-04	2.911441e-05	1
16	rs252256	29248418	0	-2.324078e-04	-1.963393e-05	1
16	rs252257	29250312	0	7.957428e-04	7.446777e-05	1
16	rs252258	29251278	0	8.712299e-04	8.256815e-05	1
16	rs252259	29251923	0	-1.847168e-04	-1.930233e-05	1
16	rs252260	29252478	0	9.320629e-04	9.028382e-05	1
16	rs252261	29092109	1	-4.614942e-04	-4.017782e-05	1
16	rs252264	29105873	0	-4.015666e-04	-3.413958e-05	1
16	rs252265	29105123	0	-4.277461e-04	-3.761767e-05	1
16	rs252270	29102219	0	-3.887898e-04	-3.585971e-05	1
16	rs252272	29101402	0	-3.951169e-04	-3.659339e-05	1
16	rs252274	29097369	0	-3.951169e-04	-3.659339e-05	1
16	rs252275	29094925	0	-3.375368e-04	-2.822789e-05	1
16	rs252276	29094515	1	-4.628605e-04	-4.359466e-05	1
16	rs252277	29093432	0	-6.308441e-04	-5.568585e-05	1
16	rs252283	29164026	0	-5.781571e-05	-5.401026e-06	1
16	rs252285	29164976	0	4.166867e-04	4.191865e-05	1
16	rs252287	29165923	0	9.303748e-05	8.668887e-06	1
16	rs252289	29168094	0	1.276657e-04	1.191781e-05	1
16	rs252291	29169717	0	1.612778e-04	1.507638e-05	1
16	rs252303	29225489	0	-6.910160e-04	-6.270952e-05	1
16	rs252304	29224442	0	-2.298430e-05	-2.079430e-06	1
16	rs252305	29223485	0	-3.820815e-04	-3.241137e-05	1
16	rs252306	29222442	0	-1.314607e-04	-1.087174e-05	1
16	rs252308	29221318	0	-2.140378e-04	-1.746246e-05	1
16	rs252311	29217605	0	-3.178856e-04	-2.644883e-05	1
16	rs252312	29215274	0	-3.178856e-04	-2.644882e-05	1
16	rs252313	29214126	0	-2.509251e-04	-2.100904e-05	1
16	rs252314	29213635	1	-3.660466e-04	-3.415016e-05	1
16	rs252315	29210513	0	-2.542645e-04	-2.342385e-05	1
16	rs252316	29203732	0	-5.198777e-04	-4.922336e-05	1
16	rs252317	29202810	0	-2.576145e-04	-2.133707e-05	1
16	rs252323	29197960	0	-1.469567e-04	-1.342158e-05	1
16	rs252326	29194415	0	-3.003072e-04	-2.779110e-05	1
16	rs252328	29194228	0	-3.003072e-04	-2.779110e-05	1
16	rs252365	29205691	0	-2.330135e-04	-2.142842e-05	1
16	rs252475	29245333	0	1.305778e-04	1.170766e-05	1
16	rs252480	29250915	0	-4.245064e-04	-4.014262e-05	1
16	rs252491	29158794	0	-6.053124e-04	-5.277177e-05	1
16	rs252493	29159047	0	-5.951783e-04	-5.161314e-05	1
16	rs252494	29159061	0	-5.951783e-04	-5.161312e-05	1
16	rs252495	29159094	1	-6.161241e-04	-5.352488e-05	1
16	rs252496	29159435	0	-3.676648e-04	-3.076560e-05	1
16	rs252497	29159564	0	-3.676648e-04	-3.076559e-05	1
16	rs252498	29160376	0	-3.676648e-04	-3.076558e-05	1
16	rs2549974	29641013	0	-4.419786e-04	-3.872214e-05	1
16	rs2550178	29118406	0	-3.292885e-04	-2.768878e-05	1
16	rs257867	29413322	0	1.874919e-04	1.981274e-05	1
16	rs257869	29411526	0	1.295746e-04	1.365473e-05	1
16	rs257877	29298466	0	-7.386669e-05	-7.654196e-06	1
16	rs257878	29332380	0	-4.685558e-05	-4.988682e-06	1
16	rs257882	29318542	0	-2.750348e-04	-2.510385e-05	1
16	rs2630830	29335148	0	-1.696221e-04	-1.787180e-05	1
16	rs2630834	29255737	0	-1.015918e-04	-1.057224e-05	1
16	rs26528	28517709	0	-2.277820e-04	-1.883054e-05	1
16	rs27741	28504181	0	-1.757637e-04	-1.451759e-05	1
16	rs28372334	29278281	0	-2.738187e-04	-2.313939e-05	1
16	rs28395262	29347907	0	-1.258983e-05	-1.094312e-06	1
16	rs28403629	28854769	0	-1.599159e-04	-1.332917e-05	1
16	rs28410083	28631360	0	4.073060e-04	3.421592e-05	1
16	rs28420715	29297583	0	2.030839e-04	1.908590e-05	1
16	rs28433345	28883327	0	-1.904843e-04	-1.613585e-05	1
16	rs28449958	28528781	0	-7.734908e-04	-7.367757e-05	1
16	rs28452050	29317318	0	4.176351e-04	3.589264e-05	1
16	rs28469632	29278346	0	-2.738187e-04	-2.313939e-05	1
16	rs28478844	29301227	0	1.448613e-04	1.281519e-05	1
16	rs28480369	28627004	0	5.290181e-04	4.553943e-05	1
16	rs28488113	29298160	0	2.030839e-04	1.908590e-05	1
16	rs28490313	29640683	0	-2.989891e-04	-2.569391e-05	1
16	rs28493497	29280362	0	-2.738187e-04	-2.313939e-05	1
16	rs28517865	29914142	0	-1.182084e-03	-1.281378e-04	1
16	rs28548178	29296334	0	-4.151745e-04	-3.575097e-05	1
16	rs28587565	29278629	0	-2.738187e-04	-2.313938e-05	1
16	rs28599680	29860685	0	3.410941e-05	3.107154e-06	1
16	rs28605917	29282396	0	-2.709472e-04	-2.405009e-05	1
16	rs28616078	29306272	0	2.638459e-04	2.456998e-05	1
16	rs28627978	29280810	0	-2.738187e-04	-2.313937e-05	1
16	rs28635424	29278498	0	-2.738187e-04	-2.313936e-05	1
16	rs2864228	29193522	0	2.074999e-04	1.763391e-05	1
16	rs28642341	29278637	0	-2.738187e-04	-2.313936e-05	1
16	rs28646116	29259446	0	4.611224e-04	4.415283e-05	1
16	rs28663614	29659786	0	-3.956608e-04	-4.084585e-05	1
16	rs28676837	28627063	0	5.290181e-04	4.553943e-05	1
16	rs28681294	29282365	0	-2.084213e-04	-1.838719e-05	1
16	rs28693455	29248014	0	-5.913384e-05	-5.288984e-06	1
16	rs28698017	29276196	0	-1.376476e-04	-1.151264e-05	1
16	rs28698667	28533071	0	-1.363275e-04	-1.132187e-05	1
16	rs28709291	30083912	0	8.594363e-05	8.660578e-06	1
16	rs28729187	28626966	0	5.290181e-04	4.553942e-05	1
16	rs28742124	29269146	0	-1.604148e-04	-1.435876e-05	1
16	rs28772958	28535305	0	-5.834517e-05	-4.829200e-06	1
16	rs2887714	29292113	0	-3.464890e-04	-2.956347e-05	1
16	rs28877870	30168682	0	3.649758e-04	3.578575e-05	1
16	rs2887799	30163833	0	5.777074e-04	4.983187e-05	1
16	rs28888764	28829228	0	-3.584495e-04	-3.066162e-05	1
16	rs28970385	29281963	0	-2.738187e-04	-2.313934e-05	1
16	rs2904880	28944396	0	2.374931e-04	2.005151e-05	1
16	rs2909044	29110035	0	-4.015666e-04	-3.413943e-05	1
16	rs2925624	28618545	0	-5.612331e-04	-4.985044e-05	1
16	rs2927728	29646905	0	-4.898928e-04	-4.338247e-05	1
16	rs2934456	29358351	0	-5.370057e-04	-4.711693e-05	1
16	rs3088215	28853996	0	-1.599159e-04	-1.332913e-05	1
16	rs3194168	28603012	0	-2.976900e-04	-2.892273e-05	1
16	rs34049928	29983015	0	3.107168e-04	3.333747e-05	1
16	rs34127220	29842891	0	1.607004e-04	1.470488e-05	1
16	rs34166377	30183041	0	3.608002e-04	3.531773e-05	1
16	rs34201022	29188474	0	1.443177e-04	1.220900e-05	1
16	rs34205348	29668898	0	-4.694897e-04	-4.016938e-05	1
16	rs34222852	29859627	0	1.658906e-04	1.535654e-05	1
16	rs34261613	30430628	0	1.246330e-04	1.275779e-05	1
16	rs34286592	29820480	0	2.629290e-04	2.461968e-05	1
16	rs34395441	28508892	0	2.375137e-04	2.477389e-05	1
16	rs34413922	28572005	0	1.489238e-04	1.561781e-05	1
16	rs34427301	28921866	0	8.413883e-05	8.793961e-06	1
16	rs34437886	29156994	0	-3.030892e-04	-2.567361e-05	1
16	rs34564246	30135798	0	2.195179e-04	2.290355e-05	1
16	rs34596480	29863620	0	1.218477e-04	1.308086e-05	1
16	rs34652864	29189158	0	1.741594e-04	1.472432e-05	1
16	rs34666323	29133969	0	1.411401e-04	1.330395e-05	1
16	rs34710374	29675855	0	1.193292e-04	1.282994e-05	1
16	rs34714403	29842547	0	1.547963e-04	1.417264e-05	1
16	rs34745112	29261537	0	-7.894288e-04	-7.667837e-05	1
16	rs34763945	28950051	0	4.551736e-04	4.848303e-05	1
16	rs34792575	29273070	0	-3.977533e-04	-3.412735e-05	1
16	rs34833	28517905	0	6.612542e-04	7.237531e-05	1
16	rs34835	28499291	0	4.683851e-05	3.938102e-06	1
16	rs34836	28494823	0	3.762109e-04	3.203140e-05	1
16	rs34838	28494350	0	4.792420e-04	4.178555e-05	1
16	rs34839	28489346	0	4.792420e-04	4.178556e-05	1
16	rs34843513	30409241	0	1.605883e-04	1.701007e-05	1
16	rs34876189	30332203	0	-3.875140e-05	-4.008372e-06	1
16	rs34878107	29157326	0	-3.030892e-04	-2.567360e-05	1
16	rs35042042	29871730	0	-8.941116e-04	-9.935896e-05	1
16	rs35055037	29193705	0	2.797779e-04	2.395585e-05	1
16	rs35089016	30192359	0	5.919648e-04	6.210945e-05	1
16	rs35105141	30057148	0	-3.988896e-04	-3.410206e-05	1
16	rs35175818	28608746	0	-4.512140e-04	-3.900179e-05	1
16	rs35181256	29093132	0	-6.482274e-04	-5.760753e-05	1
16	rs35189546	29167368	0	-1.727758e-04	-1.454204e-05	1
16	rs35309968	29204338	0	3.900888e-04	4.228478e-05	1
16	rs35324093	29244747	0	-8.425037e-04	-8.352216e-05	1
16	rs35345720	29933603	0	4.100575e-04	4.383954e-05	1
16	rs35388821	29151237	0	-7.299626e-05	-6.763045e-06	1
16	rs35458038	29157660	0	-2.898919e-04	-2.444843e-05	1
16	rs35467921	30048553	0	-6.725917e-04	-6.090467e-05	1
16	rs35478648	30054613	0	6.676514e-04	7.446481e-05	1
16	rs35480350	30366039	0	-4.900259e-04	-4.410836e-05	1
16	rs35529295	29126007	0	1.911089e-06	2.052169e-07	1
16	rs35605010	30033428	0	-1.883430e-04	-1.532574e-05	1
16	rs35676868	29142969	0	-1.892323e-04	-1.589305e-05	1
16	rs35697633	29116957	0	-1.101397e-04	-9.174359e-06	1
16	rs35722494	29272970	0	-3.977533e-04	-3.412733e-05	1
16	rs35725751	28845584	0	3.951193e-05	3.405986e-06	1
16	rs3574	30411382	0	2.677362e-04	2.285130e-05	1
16	rs35763655	29124635	0	5.415817e-05	5.078605e-06	1
16	rs35900366	30199584	0	3.731164e-04	3.690368e-05	1
16	rs35901559	29829615	0	1.068360e-04	9.757084e-06	1
16	rs35979293	28944700	0	4.915292e-04	4.328627e-05	1
16	rs35983149	30174024	0	3.608002e-04	3.531771e-05	1
16	rs35985586	29093157	0	-1.548418e-04	-1.292850e-05	1
16	rs36028249	29118764	0	3.199732e-04	3.303291e-05	1
16	rs36050267	29115577	0	-3.292885e-04	-2.768871e-05	1
16	rs36069862	30186202	0	3.608002e-04	3.531771e-05	1
16	rs36122065	29115014	0	1.237297e-05	1.044491e-06	1
16	rs370228531	29275615	16	1.011208e-04	1.035736e-05	1
16	rs370559426	28656150	1	2.356295e-04	2.076405e-05	1
16	rs370590486	29120017	0	3.869647e-05	4.098452e-06	1
16	rs371085	29730246	0	-6.903096e-04	-6.973529e-05	1
16	rs373528142	29569181	2	3.873687e-04	4.193067e-05	1
16	rs3743963	28604686	0	-5.171520e-04	-4.465382e-05	1
16	rs375132703	28656244	9	3.437892e-05	3.164411e-06	1
16	rs3759987	29673903	0	-4.919861e-04	-5.031402e-05	1
16	rs3764275	29672982	0	-4.958745e-04	-5.070463e-05	1
16	rs3764289	29239829	0	-5.089326e-04	-4.644193e-05	1
16	rs376487988	28618469	0	4.501185e-04	4.860180e-05	1
16	rs3766	30368591	0	-1.122033e-03	-1.305169e-04	1
16	rs377567672	29275748	0	3.162135e-04	3.035100e-05	1
16	rs3785354	28550667	0	-3.459000e-04	-2.938444e-05	1
16	rs3809627	30103160	0	9.313491e-04	9.002922e-05	1
16	rs3814877	30042677	0	-5.438180e-04	-4.749105e-05	1
16	rs3814878	30041966	0	-3.958005e-04	-3.270698e-05	1
16	rs3814880	30017895	0	1.082875e-04	8.922214e-06	1
16	rs3814884	29994736	0	7.830395e-05	6.450114e-06	1
16	rs3815824	29852860	0	5.998815e-05	5.484994e-06	1
16	rs3844222	29283230	0	1.697047e-04	1.426396e-05	1
16	rs3851756	29253652	0	-1.120868e-04	-9.354961e-06	1
16	rs3851757	29259687	0	1.737950e-04	1.564345e-05	1
16	rs3851758	29260222	0	3.489868e-04	3.313384e-05	1
16	rs3851759	29264113	0	1.284118e-04	1.209085e-05	1
16	rs3851760	29264225	0	-6.556305e-05	-5.971207e-06	1
16	rs3851761	29268268	0	-2.770722e-05	-2.267665e-06	1
16	rs3851762	29268273	0	-4.216768e-04	-3.934601e-05	1
16	rs3851764	29271554	0	-3.977533e-04	-3.412731e-05	1
16	rs3851765	29271655	0	-3.977533e-04	-3.412730e-05	1
16	rs3851766	29272118	0	-3.977533e-04	-3.412730e-05	1
16	rs3851770	29274452	0	-2.817525e-04	-2.390584e-05	1
16	rs3851772	29278071	0	-2.738187e-04	-2.313928e-05	1
16	rs3851774	29279743	0	-2.738187e-04	-2.313927e-05	1
16	rs3851775	29279750	0	-2.738187e-04	-2.313927e-05	1
16	rs3851776	29280037	0	-2.479399e-04	-2.093899e-05	1
16	rs3851777	29285675	0	-3.464890e-04	-2.956338e-05	1
16	rs3859172	28566158	0	-1.221126e-04	-1.008625e-05	1
16	rs3862476	29687360	0	-1.266810e-04	-1.279265e-05	1
16	rs3863453	29274934	0	-9.193386e-05	-7.610029e-06	1
16	rs3863454	29274973	0	3.455765e-04	3.313207e-05	1
16	rs3863455	29275022	0	-2.925813e-04	-2.472693e-05	1
16	rs3863461	29276274	0	-1.376476e-04	-1.151254e-05	1
16	rs3863462	29276316	0	-1.376476e-04	-1.151254e-05	1
16	rs3863463	29276381	0	-2.103179e-04	-1.769769e-05	1
16	rs3863464	29276410	0	-1.376476e-04	-1.151253e-05	1
16	rs3888190	28889486	0	-1.599159e-04	-1.332910e-05	1
16	rs3889407	29271509	0	-5.475639e-04	-4.855977e-05	1
16	rs3891914	29274081	0	-3.121470e-04	-2.647032e-05	1
16	rs3891915	29274463	0	-2.561016e-04	-2.162730e-05	1
16	rs3898532	29273997	0	-3.455298e-04	-2.945186e-05	1
16	rs3922668	28992646	0	2.411120e-04	1.988551e-05	1
16	rs3924376	28925978	0	2.924932e-04	2.489434e-05	1
16	rs3924855	29954955	0	-1.835958e-04	-1.507018e-05	1
16	rs3935714	29042014	0	5.215939e-04	5.583338e-05	1
16	rs3935873	30018500	0	7.612210e-05	6.275865e-06	1
16	rs3976455	29861447	0	3.410941e-05	3.107169e-06	1
16	rs3986793	28583589	0	2.561737e-04	2.725820e-05	1
16	rs3987654	28647568	0	1.079258e-04	8.802392e-06	1
16	rs3987663	28651904	0	3.178875e-04	2.769111e-05	1
16	rs402720	29762882	0	-3.988708e-06	-3.398468e-07	1
16	rs4072401	28937275	0	-9.960013e-05	-8.350463e-06	1
16	rs4072402	28937259	0	2.707045e-04	2.252101e-05	1
16	rs4077410	29998200	0	2.381961e-04	1.941818e-05	1
16	rs40834	28510393	0	-4.783954e-04	-4.081699e-05	1
16	rs40835	28510455	0	-6.498446e-05	-6.110267e-06	1
16	rs40836	28510537	0	-3.459005e-04	-2.894821e-05	1
16	rs40837	28510845	0	-3.459005e-04	-2.894820e-05	1
16	rs41278162	28617361	0	-5.308298e-04	-4.694560e-05	1
16	rs41280854	30064471	0	-2.801153e-04	-2.942787e-05	1
16	rs41292378	30390677	0	-5.109386e-04	-5.682882e-05	1
16	rs4149398	28608938	0	-2.382775e-04	-2.004740e-05	1
16	rs4149399	28608816	0	2.435022e-04	2.591144e-05	1
16	rs4149406	28607070	0	-3.917451e-04	-3.348697e-05	1
16	rs4149409	28601802	0	3.053538e-04	3.240922e-05	1
16	rs423096	29730626	0	-4.965685e-04	-4.721983e-05	1
16	rs4232893	30423751	0	2.230577e-04	2.099306e-05	1
16	rs4238959	30038647	0	-2.685148e-04	-2.201555e-05	1
16	rs4238961	30380486	0	1.354958e-03	1.589749e-04	1
16	rs4247355	30392099	0	6.811151e-04	6.417059e-05	1
16	rs4258647	29287505	0	-3.078947e-04	-2.620119e-05	1
16	rs4281737	29642392	0	-2.899162e-04	-2.483474e-05	1
16	rs4283241	29988349	0	-9.373019e-05	-7.695878e-06	1
16	rs42861	28494421	0	3.762109e-04	3.203146e-05	1
16	rs4312332	29287936	0	-4.362246e-04	-3.774780e-05	1
16	rs4318227	29984839	0	3.471818e-05	2.873120e-06	1
16	rs4334325	29156282	0	-2.937059e-04	-2.490046e-05	1
16	rs4340343	30404484	0	3.184319e-04	2.708201e-05	1
16	rs4344767	30165139	0	7.841668e-04	7.110331e-05	1
16	rs4402589	29954654	0	-2.925233e-04	-2.419008e-05	1
16	rs4407079	29931899	0	-2.636309e-04	-2.157439e-05	1
16	rs4420550	29938820	0	-4.715715e-04	-3.992695e-05	1
16	rs4424923	29939293	0	-4.928225e-04	-4.183277e-05	1
16	rs4447459	29155672	0	-2.837457e-04	-2.413267e-05	1
16	rs4451951	28836205	0	-2.602002e-04	-2.183851e-05	1
16	rs4500754	30376691	0	-9.018415e-04	-1.041972e-04	1
16	rs4527039	29946945	0	-4.643310e-04	-3.935246e-05	1
16	rs45470995	28608749	0	2.435022e-04	2.591143e-05	1
16	rs4552048	29269826	1	-8.890656e-05	-7.321713e-06	1
16	rs4563056	29698606	0	7.113051e-04	7.169464e-05	1
16	rs4583255	29988941	0	7.612210e-05	6.275941e-06	1
16	rs4609871	29932064	0	-4.450299e-04	-3.748962e-05	1
16	rs4614756	29126906	0	5.415817e-05	5.078624e-06	1
16	rs4620996	29121113	0	-3.868687e-04	-3.572354e-05	1
16	rs4787455	28589455	0	-3.105415e-04	-2.627763e-05	1
16	rs4787456	28559573	0	-3.459000e-04	-2.938435e-05	1
16	rs4787457	28555400	0	-3.459000e-04	-2.938434e-05	1
16	rs4787458	28531287	0	-5.751487e-04	-5.073816e-05	1
16	rs4787460	28959477	17	5.315938e-04	4.817033e-05	1
16	rs4787461	29021852	0	5.968248e-05	4.956087e-06	1
16	rs4787466	29272099	0	4.427164e-04	4.302176e-05	1
16	rs4787467	29275842	0	2.519236e-04	2.390295e-05	1
16	rs4787480	29857316	0	3.410941e-05	3.107195e-06	1
16	rs4787483	29885447	0	-1.065824e-03	-1.123790e-04	1
16	rs4787484	29906546	0	-6.857416e-04	-6.315775e-05	1
16	rs4787486	29977562	0	-3.989917e-05	-3.276174e-06	1
16	rs4787488	29995803	0	1.788682e-04	1.451909e-05	1
16	rs4787489	29995880	0	7.612210e-05	6.275971e-06	1
16	rs4787491	30015337	0	4.117455e-04	3.423536e-05	1
16	rs4787492	30055549	0	-2.685148e-04	-2.201547e-05	1
16	rs4787495	30165725	0	7.861070e-04	7.131995e-05	1
16	rs4787642	30359408	0	-8.839406e-04	-8.835526e-05	1
16	rs4787643	30393660	0	6.858197e-04	6.449280e-05	1
16	rs4787644	30418119	0	2.213166e-04	2.076025e-05	1
16	rs4788061	28643300	0	1.655456e-04	1.421899e-05	1
16	rs4788073	28594549	0	-3.917451e-04	-3.348691e-05	1
16	rs4788074	28593597	0	-3.486703e-04	-2.966532e-05	1
16	rs4788076	28570005	0	-2.672893e-04	-2.252103e-05	1
16	rs4788077	28569764	0	-4.181718e-04	-3.598961e-05	1
16	rs4788078	28559981	0	-3.459000e-04	-2.938429e-05	1
16	rs4788080	28558081	0	-3.459000e-04	-2.938429e-05	1
16	rs4788081	28556147	0	-5.029319e-04	-4.416014e-05	1
16	rs4788083	28545449	0	-4.692941e-05	-3.877193e-06	1
16	rs4788084	28539848	0	-1.363275e-04	-1.132168e-05	1
16	rs4788085	28535003	0	-5.834517e-05	-4.829019e-06	1
16	rs4788095	28831359	0	-2.602002e-04	-2.183841e-05	1
16	rs4788099	28855727	0	-1.599159e-04	-1.332895e-05	1
16	rs4788100	28864673	0	-1.693205e-04	-1.409390e-05	1
16	rs4788101	28867804	0	-1.599159e-04	-1.332894e-05	1
16	rs4788102	28873398	0	-1.599159e-04	-1.332894e-05	1
16	rs4788111	28980693	0	3.038556e-04	2.609134e-05	1
16	rs4788112	28987518	0	3.466926e-04	2.994185e-05	1
16	rs4788113	28992000	0	3.466926e-04	2.994184e-05	1
16	rs4788116	29011438	0	1.285988e-04	1.132613e-05	1
16	rs4788117	29011464	0	7.538402e-05	6.574780e-06	1
16	rs4788118	29016390	0	4.770200e-04	4.832140e-05	1
16	rs4788119	29019356	0	1.278728e-04	1.163975e-05	1
16	rs4788122	29085693	0	4.547870e-04	4.741813e-05	1
16	rs4788138	29253744	0	9.571062e-04	9.499277e-05	1
16	rs4788139	29254070	1	8.667176e-04	8.214256e-05	1
16	rs4788140	29254781	0	-5.111553e-05	-4.247553e-06	1
16	rs4788141	29274290	0	4.347544e-04	4.174135e-05	1
16	rs4788142	29275571	11	2.797620e-04	2.833935e-05	1
16	rs4788143	29275901	0	2.519236e-04	2.390295e-05	1
16	rs4788148	29286147	0	-3.464890e-04	-2.956330e-05	1
16	rs4788172	29668253	0	-4.609570e-04	-4.769192e-05	1
16	rs4788173	29670736	0	-4.099698e-04	-4.218982e-05	1
16	rs4788185	29839893	0	1.607004e-04	1.470493e-05	1
16	rs4788186	29841225	0	-6.548578e-04	-5.903281e-05	1
16	rs4788187	29845685	0	-3.491719e-06	-3.092156e-07	1
16	rs4788188	29860863	0	-1.300828e-04	-1.163406e-05	1
16	rs4788189	29921211	0	-8.742754e-04	-8.411801e-05	1
16	rs4788190	29948401	0	-3.177456e-04	-2.619272e-05	1
16	rs4788195	29960593	0	-4.122362e-05	-3.375998e-06	1
16	rs4788196	29967434	0	-1.447846e-04	-1.192293e-05	1
16	rs4788197	29970834	0	-2.933508e-05	-2.398108e-06	1
16	rs4788199	29970857	0	2.512751e-04	2.062395e-05	1
16	rs4788200	29971265	0	3.471818e-05	2.873255e-06	1
16	rs4788201	29972690	0	3.471818e-05	2.873261e-06	1
16	rs4788202	29978003	0	-3.989917e-05	-3.276096e-06	1
16	rs4788203	29978827	0	2.795884e-04	2.338542e-05	1
16	rs4788204	29995218	0	-2.565045e-04	-2.132505e-05	1
16	rs4788207	30010274	0	1.759712e-04	1.426230e-05	1
16	rs4788209	30013266	0	7.612210e-05	6.276060e-06	1
16	rs4788210	30013674	0	7.612210e-05	6.276066e-06	1
16	rs4788211	30015565	0	2.190571e-04	1.788348e-05	1
16	rs4788212	30034469	0	-1.738314e-04	-1.418332e-05	1
16	rs4788213	30034524	0	-1.738314e-04	-1.418332e-05	1
16	rs4788215	30047930	0	-2.435910e-04	-1.996675e-05	1
16	rs4788216	30048077	0	-2.435910e-04	-1.996675e-05	1
16	rs4788217	30051312	0	-3.387993e-04	-2.803410e-05	1
16	rs4788218	30055750	0	-6.725917e-04	-6.090434e-05	1
16	rs4788219	30063646	0	-2.930973e-04	-2.409333e-05	1
16	rs4788220	30063780	0	-2.930973e-04	-2.409332e-05	1
16	rs4788409	30393771	0	6.858197e-04	6.449275e-05	1
16	rs4788410	30396805	0	5.652615e-04	5.168484e-05	1
16	rs4788411	30396815	0	6.315126e-04	5.858563e-05	1
16	rs4788412	30405726	0	-1.159671e-03	-1.362325e-04	1
16	rs4788413	30410445	0	2.994102e-04	2.595785e-05	1
16	rs480400	28574615	0	-5.609300e-04	-4.890684e-05	1
16	rs4843799	29157234	0	-3.030892e-04	-2.567356e-05	1
16	rs4992888	29259096	0	3.608241e-04	3.434944e-05	1
16	rs4993636	29293055	0	-3.464890e-04	-2.956329e-05	1
16	rs5009662	29155845	0	-3.023062e-04	-2.564243e-05	1
16	rs5013201	30404522	0	3.168274e-04	3.345231e-05	1
16	rs5013247	29307041	0	2.708306e-04	2.539426e-05	1
16	rs5026091	29273620	0	-3.806211e-04	-3.247866e-05	1
16	rs5026093	29273735	0	-3.419960e-04	-2.905242e-05	1
16	rs5026096	29273786	0	-3.121470e-04	-2.647026e-05	1
16	rs5029446	29297706	0	1.943763e-04	1.719597e-05	1
16	rs5029449	29297793	0	1.747793e-04	1.544160e-05	1
16	rs508022	28573963	0	-3.455655e-04	-3.373833e-05	1
16	rs554206	28576369	0	-3.455655e-04	-3.373833e-05	1
16	rs55662298	29288820	0	-2.352244e-04	-1.984634e-05	1
16	rs55678597	30118232	0	1.735881e-04	1.729032e-05	1
16	rs55680018	29288704	0	-9.088929e-05	-7.610768e-06	1
16	rs55680039	30048962	0	-6.052772e-04	-6.910474e-05	1
16	rs55710189	29207939	0	-3.369898e-04	-3.392736e-05	1
16	rs55719896	28846866	0	-1.599159e-04	-1.332891e-05	1
16	rs55732292	29039660	0	5.235831e-04	5.409748e-05	1
16	rs55736310	29240017	0	-2.828741e-04	-2.842769e-05	1
16	rs55736766	29269252	0	-1.181206e-04	-1.058514e-05	1
16	rs55740063	29258996	0	3.608241e-04	3.434945e-05	1
16	rs55754126	29299928	0	2.030839e-04	1.908603e-05	1
16	rs55762054	30015249	0	1.176396e-04	1.130936e-05	1
16	rs55764428	29287123	0	-3.078947e-04	-2.620113e-05	1
16	rs55779019	29267834	0	3.890487e-04	3.777640e-05	1
16	rs55780732	29261698	0	4.216571e-04	4.052264e-05	1
16	rs55788822	29287062	0	-3.012920e-04	-2.559717e-05	1
16	rs55792032	28599411	0	-3.536162e-04	-3.004315e-05	1
16	rs55816101	29293621	0	3.751816e-04	3.620240e-05	1
16	rs55816166	29180008	0	-5.032463e-05	-4.786861e-06	1
16	rs55830740	28847149	0	-1.599159e-04	-1.332890e-05	1
16	rs55903157	29994398	0	-1.225904e-04	-1.297018e-05	1
16	rs55918844	29287222	0	-2.851229e-04	-2.415864e-05	1
16	rs55963273	29296589	0	-2.352244e-04	-1.984632e-05	1
16	rs55991577	28843025	0	-1.599159e-04	-1.332890e-05	1
16	rs56000057	29595921	0	2.445784e-04	2.591569e-05	1
16	rs56031255	29306955	0	5.101079e-04	5.070400e-05	1
16	rs56040780	28861881	0	-1.599159e-04	-1.332889e-05	1
16	rs56096128	29184346	0	-1.653287e-05	-1.574170e-06	1
16	rs56106502	29617167	0	-1.348699e-04	-1.402672e-05	1
16	rs56108370	29294350	0	3.751816e-04	3.620240e-05	1
16	rs56135456	29267951	0	4.090925e-04	3.983498e-05	1
16	rs56143494	29257009	0	1.737950e-04	1.564351e-05	1
16	rs56143700	30360998	0	-1.331491e-04	-1.412360e-05	1
16	rs56152301	29278582	0	-2.738187e-04	-2.313913e-05	1
16	rs56159078	29170454	0	-3.476144e-04	-3.585463e-05	1
16	rs56162440	29141853	0	-4.108748e-04	-3.532373e-05	1
16	rs56169261	28619178	0	-5.308298e-04	-4.694540e-05	1
16	rs56183743	30007325	0	1.356935e-04	1.355415e-05	1
16	rs56186137	28825953	0	-2.602002e-04	-2.183834e-05	1
16	rs56187809	29297643	0	3.751816e-04	3.620240e-05	1
16	rs56188385	29286983	0	-3.078947e-04	-2.620111e-05	1
16	rs56209193	28585636	0	-4.368978e-04	-3.770216e-05	1
16	rs56212525	29269271	0	-1.181206e-04	-1.058514e-05	1
16	rs56234416	29297454	0	-5.081752e-04	-4.416081e-05	1
16	rs56270796	29122741	0	-6.671964e-05	-5.560220e-06	1
16	rs56272201	28580685	0	-3.828132e-04	-3.278301e-05	1
16	rs56272859	29142566	0	1.112912e-04	1.046625e-05	1
16	rs56326379	28619241	0	4.501185e-04	4.860179e-05	1
16	rs56329348	30030092	0	6.975594e-05	7.294886e-06	1
16	rs56341237	29243884	0	3.133991e-04	2.966374e-05	1
16	rs56354901	28523144	0	-8.989075e-04	-8.888921e-05	1
16	rs56357328	29303737	0	5.005694e-04	4.905139e-05	1
16	rs56358680	28843118	0	-1.599159e-04	-1.332886e-05	1
16	rs56377705	29301302	0	3.169589e-04	2.868614e-05	1
16	rs56396270	28580829	0	-3.105415e-04	-2.627742e-05	1
16	rs56399904	30166183	0	8.428362e-04	7.817611e-05	1
16	rs56404918	28846840	0	-1.599159e-04	-1.332885e-05	1
16	rs56766083	29272842	0	-4.704236e-04	-4.089151e-05	1
16	rs56933819	28940916	0	2.634718e-04	2.192757e-05	1
16	rs57312298	30012691	0	1.107696e-04	1.097539e-05	1
16	rs57519568	29354770	0	2.890148e-04	2.831927e-05	1
16	rs57601653	29290980	0	-1.595748e-04	-1.340659e-05	1
16	rs57615206	30014034	0	1.107696e-04	1.097539e-05	1
16	rs57840023	29265279	0	2.322226e-04	2.214174e-05	1
16	rs57884885	29272820	0	-3.977533e-04	-3.412713e-05	1
16	rs58005809	29252470	0	-7.894288e-04	-7.667820e-05	1
16	rs58047105	29273019	0	-3.977533e-04	-3.412712e-05	1
16	rs58307916	29218966	0	4.543698e-05	3.870407e-06	1
16	rs58332563	29266340	0	-2.788895e-04	-2.546587e-05	1
16	rs58354524	29354782	0	3.149638e-04	3.099736e-05	1
16	rs58475855	29299203	0	3.751816e-04	3.620242e-05	1
16	rs58483534	30131301	0	3.756055e-04	3.757645e-05	1
16	rs58579888	29291300	0	-3.464890e-04	-2.956321e-05	1
16	rs58727628	29266471	0	-3.235916e-04	-2.981205e-05	1
16	rs59086095	29210257	0	2.089442e-04	1.774030e-05	1
16	rs59364995	29258092	0	4.844728e-04	4.643566e-05	1
16	rs59419098	30010363	1	1.969960e-04	1.954978e-05	1
16	rs59432882	29102563	0	6.240641e-05	5.783416e-06	1
16	rs59576480	29286920	0	-2.566185e-04	-2.167721e-05	1
16	rs59823182	29272110	0	4.505068e-04	4.370740e-05	1
16	rs59933097	29282400	0	-2.707201e-04	-2.397285e-05	1
16	rs60350735	29268210	0	-3.243115e-04	-3.003801e-05	1
16	rs60548676	29291112	0	-2.479399e-04	-2.093881e-05	1
16	rs60683614	29999993	0	2.440449e-04	2.491398e-05	1
16	rs60779366	29130953	0	-3.440720e-04	-2.929853e-05	1
16	rs60799184	29110135	0	-3.334594e-05	-2.755273e-06	1
16	rs60978850	30010475	0	1.027461e-04	1.009867e-05	1
16	rs61364777	29038582	0	4.197478e-04	4.190981e-05	1
16	rs61737565	28855522	0	-1.599159e-04	-1.332885e-05	1
16	rs61738759	28509509	0	-4.277934e-04	-4.513816e-05	1
16	rs61764220	30127888	0	-5.768388e-05	-6.127044e-06	1
16	rs61978578	30408961	0	2.976635e-04	3.139009e-05	1
16	rs62031560	28605915	0	-4.382054e-04	-3.776211e-05	1
16	rs62031562	28609329	0	-4.245103e-04	-3.650656e-05	1
16	rs62031607	28631530	0	-1.325619e-04	-1.117035e-05	1
16	rs62034318	28527221	0	-9.311070e-04	-9.348942e-05	1
16	rs62034319	28532188	0	-3.458326e-04	-2.925493e-05	1
16	rs62034321	28534038	0	-1.363275e-04	-1.132153e-05	1
16	rs62034322	28535834	0	-4.454238e-04	-3.829305e-05	1
16	rs62034323	28536473	0	-1.363275e-04	-1.132152e-05	1
16	rs62034324	28536762	0	-1.363275e-04	-1.132152e-05	1
16	rs62034325	28538640	0	-3.939597e-04	-3.354625e-05	1
16	rs62034326	28539293	0	-1.363275e-04	-1.132151e-05	1
16	rs62034350	28562256	0	-3.371579e-04	-2.855943e-05	1
16	rs62034351	28565489	0	-4.181718e-04	-3.598937e-05	1
16	rs62034355	28581038	0	-3.828132e-04	-3.278290e-05	1
16	rs62034358	28587597	0	-3.486703e-04	-2.966506e-05	1
16	rs62034359	28600091	0	-3.486703e-04	-2.966505e-05	1
16	rs62035308	29086987	0	-9.963802e-05	-1.021413e-05	1
16	rs62035311	29090699	0	3.278912e-04	3.157789e-05	1
16	rs62035313	29094002	0	-5.044849e-05	-5.116088e-06	1
16	rs62035316	29098418	0	1.195394e-04	1.111132e-05	1
16	rs62035317	29099071	0	-5.044849e-05	-5.116089e-06	1
16	rs62035486	29253866	0	4.495172e-04	4.383210e-05	1
16	rs62035487	29254402	0	4.495172e-04	4.383210e-05	1
16	rs62035492	29259109	0	4.495172e-04	4.383210e-05	1
16	rs62035493	29259207	0	4.844728e-04	4.643567e-05	1
16	rs62035494	29259775	0	3.608241e-04	3.434947e-05	1
16	rs62035498	29267352	0	4.090925e-04	3.983500e-05	1
16	rs62035501	29268270	0	4.169533e-04	4.018703e-05	1
16	rs62035503	29268396	0	4.004883e-04	3.850985e-05	1
16	rs62035580	29344604	0	-3.962233e-05	-3.439678e-06	1
16	rs62035581	29344690	0	-2.884679e-04	-2.527946e-05	1
16	rs62035582	29344835	0	-3.962233e-05	-3.439680e-06	1
16	rs62035945	29167081	0	-5.710314e-04	-6.157521e-05	1
16	rs62036613	28823097	0	-3.988475e-04	-3.416222e-05	1
16	rs62036614	28824685	0	-3.698611e-04	-3.147085e-05	1
16	rs62036616	28826307	0	-3.698611e-04	-3.147085e-05	1
16	rs62036617	28827498	0	-2.602002e-04	-2.183819e-05	1
16	rs62036618	28828834	0	-2.773342e-04	-2.330234e-05	1
16	rs62036620	28833097	0	-2.602002e-04	-2.183818e-05	1
16	rs62036621	28833299	0	-2.602002e-04	-2.183817e-05	1
16	rs62036623	28839735	0	-2.695768e-04	-2.269445e-05	1
16	rs62036624	28839930	0	-2.382168e-04	-1.995377e-05	1
16	rs62036626	28844284	0	-1.599159e-04	-1.332871e-05	1
16	rs62036657	28844365	0	-1.599159e-04	-1.332870e-05	1
16	rs62036658	28850371	0	-3.283340e-04	-2.778251e-05	1
16	rs62037275	29281487	0	-1.294836e-04	-1.086907e-05	1
16	rs62037276	29281496	0	-1.294836e-04	-1.086907e-05	1
16	rs62037283	29285187	0	-9.088929e-05	-7.610683e-06	1
16	rs62037317	29291124	0	-9.088929e-05	-7.610678e-06	1
16	rs62037323	29297094	0	5.820166e-04	6.184706e-05	1
16	rs62037328	29300794	0	2.030839e-04	1.908608e-05	1
16	rs62037329	29301022	0	3.751816e-04	3.620245e-05	1
16	rs62037332	29301809	0	1.136901e-04	9.976726e-06	1
16	rs62037333	29301819	0	1.136901e-04	9.976724e-06	1
16	rs62037334	29301896	0	1.136901e-04	9.976723e-06	1
16	rs62037363	28865042	0	-1.599159e-04	-1.332869e-05	1
16	rs62037364	28868695	0	-1.955711e-04	-1.631885e-05	1
16	rs62037365	28868962	0	-7.828520e-05	-6.484736e-06	1
16	rs62037366	28871657	0	-2.695768e-04	-2.269440e-05	1
16	rs62037367	28874547	0	-1.483267e-04	-1.234465e-05	1
16	rs62037369	28883841	0	-2.695768e-04	-2.269439e-05	1
16	rs62037371	28890131	0	-1.599159e-04	-1.332866e-05	1
16	rs62037373	28893295	0	-1.904843e-04	-1.613558e-05	1
16	rs62037412	28917746	0	2.045086e-04	1.727314e-05	1
16	rs62037421	28954408	0	3.397857e-04	2.914653e-05	1
16	rs62037422	28963012	0	2.308435e-04	1.957820e-05	1
16	rs62037423	28964716	0	3.038556e-04	2.609121e-05	1
16	rs62037427	29002706	0	4.769558e-04	4.187264e-05	1
16	rs62038177	29195695	0	-3.616397e-05	-3.442504e-06	1
16	rs62038185	29211174	0	-1.498273e-04	-1.432030e-05	1
16	rs62038186	29211398	0	-1.498273e-04	-1.432030e-05	1
16	rs62038208	29224870	0	1.368630e-04	1.288592e-05	1
16	rs62038210	29230210	0	1.616695e-04	1.619413e-05	1
16	rs62038224	29247919	0	3.036911e-04	2.857862e-05	1
16	rs62038226	29249437	0	4.495172e-04	4.383210e-05	1
16	rs62038227	29249549	0	4.495172e-04	4.383210e-05	1
16	rs62038228	29252252	0	4.495172e-04	4.383210e-05	1
16	rs62038967	29305726	0	2.708306e-04	2.539431e-05	1
16	rs62038969	29307683	0	6.045779e-04	6.149150e-05	1
16	rs62038970	29309914	2	4.468445e-04	4.641011e-05	1
16	rs62038973	29310960	0	5.101079e-04	5.070405e-05	1
16	rs62038974	29310994	0	3.435009e-04	3.252575e-05	1
16	rs62038975	29311190	0	3.435009e-04	3.252574e-05	1
16	rs62038976	29314400	0	4.756629e-04	4.601031e-05	1
16	rs62038977	29319954	0	1.352286e-05	1.184380e-06	1
16	rs62054860	29720349	0	4.049540e-04	3.801887e-05	1
16	rs62054862	29723193	0	6.930829e-04	7.061803e-05	1
16	rs62054863	29723815	0	5.781714e-04	5.697529e-05	1
16	rs62054867	29726088	0	6.930829e-04	7.061802e-05	1
16	rs62054874	29734427	0	6.897943e-04	7.034908e-05	1
16	rs62054875	29735902	0	6.990643e-04	7.138405e-05	1
16	rs62054877	29738423	0	5.245384e-04	5.063976e-05	1
16	rs62054880	29740557	0	6.990643e-04	7.138404e-05	1
16	rs62054881	29740571	0	6.545066e-04	6.644679e-05	1
16	rs62054903	29750555	0	6.586489e-05	7.085920e-06	1
16	rs62054904	29757134	0	6.586489e-05	7.085920e-06	1
16	rs62055376	30164758	1	4.976953e-04	4.235486e-05	1
16	rs62055459	30398408	1	5.086036e-04	4.554573e-05	1
16	rs62056369	29823905	0	6.586489e-05	7.085919e-06	1
16	rs62056371	29834954	0	1.009319e-04	9.224769e-06	1
16	rs62056375	29857901	0	1.791345e-04	1.662640e-05	1
16	rs62057680	29986627	0	5.134925e-04	5.536048e-05	1
16	rs62057756	30117253	0	-6.372099e-04	-5.753949e-05	1
16	rs62059020	29669910	0	-5.367472e-04	-4.654540e-05	1
16	rs62059023	29681707	0	-2.225565e-04	-1.878530e-05	1
16	rs62059024	29681734	0	-3.221166e-04	-2.749438e-05	1
16	rs62059025	29692277	0	-1.235224e-04	-1.031768e-05	1
16	rs62060162	29710492	0	4.879988e-04	4.734514e-05	1
16	rs62060163	29710682	0	4.879988e-04	4.734513e-05	1
16	rs62060164	29711801	0	5.895168e-04	5.858933e-05	1
16	rs62060166	29713913	0	6.109458e-04	6.087284e-05	1
16	rs62060167	29715145	0	6.072945e-04	6.059874e-05	1
16	rs62639718	29281661	0	-1.294836e-04	-1.086906e-05	1
16	rs62639719	29281756	0	-3.144913e-04	-2.613459e-05	1
16	rs62639720	29281814	1	4.405260e-04	4.266618e-05	1
16	rs62639721	29281841	0	-6.678257e-05	-5.574343e-06	1
16	rs634395	29719579	0	-4.310303e-04	-3.947766e-05	1
16	rs634977	29733308	0	-3.328546e-04	-2.994036e-05	1
16	rs637460	29805803	0	3.429297e-04	3.632255e-05	1
16	rs645946	29734314	1	-7.670242e-04	-7.530194e-05	1
16	rs648559	29740645	0	-4.198059e-04	-3.853390e-05	1
16	rs6498089	28629300	0	4.998385e-04	4.270063e-05	1
16	rs6565169	29692692	0	1.247863e-04	1.064732e-05	1
16	rs6565173	29974167	0	3.471818e-05	2.873392e-06	1
16	rs6565174	30111904	0	5.022957e-04	5.171567e-05	1
16	rs6565176	30174926	0	1.189306e-03	1.269146e-04	1
16	rs6565180	30361341	0	-8.258491e-04	-7.922420e-05	1
16	rs6565182	30374381	0	-4.940156e-04	-4.449287e-05	1
16	rs6565183	30382755	0	-5.732159e-04	-5.125479e-05	1
16	rs6565229	28872598	0	-1.599159e-04	-1.332864e-05	1
16	rs6565259	28898793	0	-6.743012e-04	-5.992705e-05	1
16	rs6565261	28903656	0	1.142025e-04	9.597279e-06	1
16	rs6565293	28933248	0	3.606071e-04	3.064535e-05	1
16	rs6565300	28993049	0	3.347400e-04	2.915494e-05	1
16	rs6565375	29317861	0	3.492673e-04	2.966648e-05	1
16	rs66467443	30050494	1	-2.444967e-04	-2.010646e-05	1
16	rs66818723	29887215	0	-1.026284e-03	-1.065042e-04	1
16	rs66957695	29114514	0	-5.546352e-05	-4.603248e-06	1
16	rs67218159	30050505	0	-3.655892e-04	-3.032491e-05	1
16	rs67396493	29314454	0	1.095794e-04	1.066089e-05	1
16	rs67479058	28970852	0	-6.009385e-04	-5.957043e-05	1
16	rs67575668	29669560	0	-3.235743e-04	-3.302497e-05	1
16	rs67817011	30179098	0	5.684748e-04	5.888892e-05	1
16	rs67822311	29093939	0	-2.531105e-04	-2.122832e-05	1
16	rs67846049	29191344	0	2.533115e-04	2.160594e-05	1
16	rs67966242	29215824	0	-7.658645e-05	-6.412790e-06	1
16	rs68024357	29128937	0	-1.892323e-04	-1.589297e-05	1
16	rs6839	28617128	0	-5.612331e-04	-4.984989e-05	1
16	rs710410	28603342	0	-4.801530e-04	-4.192102e-05	1
16	rs71277298	29732886	0	1.788026e-04	1.899707e-05	1
16	rs71383744	29008330	0	6.321005e-05	6.630367e-06	1
16	rs71383755	29204636	0	-1.983053e-05	-2.086267e-06	1
16	rs71383756	29225035	0	-3.266201e-04	-2.853517e-05	1
16	rs71383757	29227937	0	-4.080759e-04	-3.659324e-05	1
16	rs71387642	29095150	0	2.734386e-04	2.916197e-05	1
16	rs71387647	29161822	0	-1.831399e-04	-1.540622e-05	1
16	rs71387648	29201069	0	3.350937e-04	3.593854e-05	1
16	rs71387656	29297762	0	3.072582e-04	3.286785e-05	1
16	rs71389428	29842632	0	1.607004e-04	1.470495e-05	1
16	rs71389435	29907027	0	3.259677e-04	3.494522e-05	1
16	rs71389462	30326963	0	3.993882e-04	4.196974e-05	1
16	rs71391316	28601175	0	1.386716e-04	1.458024e-05	1
16	rs71391317	28607630	0	1.386716e-04	1.458024e-05	1
16	rs7140	28995757	0	3.347400e-04	2.915492e-05	1
16	rs7184075	29287841	0	-2.352244e-04	-1.984623e-05	1
16	rs7184288	29935052	0	-1.333599e-04	-1.086071e-05	1
16	rs7184597	28921809	0	5.307764e-04	4.729108e-05	1
16	rs7184953	29315879	0	5.163115e-04	4.853875e-05	1
16	rs7185232	28933468	0	2.707045e-04	2.252060e-05	1
16	rs7185289	29303041	0	5.497119e-04	5.303241e-05	1
16	rs7185357	30443785	0	-2.679958e-04	-2.758192e-05	1
16	rs7185941	29267117	0	-3.409234e-04	-2.913383e-05	1
16	rs7186573	28587389	0	-3.917451e-04	-3.348647e-05	1
16	rs7186597	29292314	0	-2.352244e-04	-1.984622e-05	1
16	rs7186784	29018610	0	2.257824e-04	2.088218e-05	1
16	rs7187333	28865916	0	-2.695768e-04	-2.269432e-05	1
16	rs7187575	28990101	0	2.859280e-04	2.474820e-05	1
16	rs7187604	28565953	0	-4.917813e-04	-4.269542e-05	1
16	rs7187776	28857645	0	-2.035632e-04	-1.685768e-05	1
16	rs7188071	28917644	0	4.231042e-04	3.657233e-05	1
16	rs7188093	29190050	0	2.533115e-04	2.160596e-05	1
16	rs7188570	29314999	0	4.418045e-04	4.088728e-05	1
16	rs7188661	29287978	0	-3.039099e-04	-2.580562e-05	1
16	rs7188755	28956464	0	2.336973e-04	1.918417e-05	1
16	rs7189056	29122047	0	-9.417892e-05	-7.814730e-06	1
16	rs7189093	29288252	0	-2.352244e-04	-1.984621e-05	1
16	rs7189265	29288308	0	-3.078947e-04	-2.620100e-05	1
16	rs7189550	29911260	0	-9.971855e-04	-1.006950e-04	1
16	rs7189750	29911416	0	-9.971855e-04	-1.006950e-04	1
16	rs7189870	29735063	0	6.990643e-04	7.138400e-05	1
16	rs7189927	28913787	0	4.505217e-04	3.904265e-05	1
16	rs7190126	29267092	0	7.194402e-05	5.950439e-06	1
16	rs7190132	29752794	0	2.301315e-05	2.037029e-06	1
16	rs7190185	29962352	0	-1.052769e-04	-8.658324e-06	1
16	rs7190456	29264848	0	1.425174e-04	1.343018e-05	1
16	rs7190532	29302798	0	1.136901e-04	9.976732e-06	1
16	rs7190771	28590030	1	-4.109995e-04	-3.535766e-05	1
16	rs7190932	29303037	0	1.107158e-04	9.812321e-06	1
16	rs7191083	29303083	0	1.107158e-04	9.812320e-06	1
16	rs7191618	28565667	0	-1.221126e-04	-1.008573e-05	1
16	rs7191849	30023157	0	-2.824931e-04	-2.322924e-05	1
16	rs7192443	29118975	0	1.237297e-05	1.044518e-06	1
16	rs7192601	28614488	0	-4.050114e-04	-3.496645e-05	1
16	rs7192833	29317811	0	2.603846e-04	2.185265e-05	1
16	rs7193274	28872788	0	-5.117993e-05	-4.417059e-06	1
16	rs7193402	28586127	0	-3.486703e-04	-2.966484e-05	1
16	rs7193414	29005895	0	1.472194e-04	1.495770e-05	1
16	rs7193532	29962802	0	7.612210e-05	6.276227e-06	1
16	rs7193733	28875482	0	-1.599159e-04	-1.332854e-05	1
16	rs7193756	29749904	0	2.301315e-05	2.037025e-06	1
16	rs7194487	29262119	0	-1.247583e-04	-1.042467e-05	1
16	rs7195050	29711343	0	3.349834e-04	3.105578e-05	1
16	rs7195182	30169761	0	1.332199e-03	1.509298e-04	1
16	rs7195477	29288634	0	-2.352244e-04	-1.984620e-05	1
16	rs7195557	29683587	0	1.973134e-04	1.672030e-05	1
16	rs7195596	29749599	0	2.301315e-05	2.037021e-06	1
16	rs7196737	29287441	0	-2.352244e-04	-1.984619e-05	1
16	rs7196973	29118865	0	1.237297e-05	1.044523e-06	1
16	rs7197001	30155031	0	1.136428e-03	1.167437e-04	1
16	rs7197665	29585848	0	2.080932e-04	2.190151e-05	1
16	rs7198549	29657542	0	7.840364e-05	6.473826e-06	1
16	rs7198606	28875122	0	-1.599159e-04	-1.332853e-05	1
16	rs7200220	29314555	0	4.216527e-04	3.619895e-05	1
16	rs7200437	28931953	0	-1.536890e-04	-1.288694e-05	1
16	rs7201384	29924905	0	-4.928225e-04	-4.183242e-05	1
16	rs7201518	30082508	0	-4.124268e-04	-3.421773e-05	1
16	rs7201519	29859977	0	3.410941e-05	3.107244e-06	1
16	rs7201546	29020294	0	3.568242e-04	3.395914e-05	1
16	rs7201780	30147265	0	6.041746e-04	5.286342e-05	1
16	rs7201797	29287496	0	-2.352244e-04	-1.984619e-05	1
16	rs7201929	28871966	0	-5.117993e-05	-4.417065e-06	1
16	rs7201971	29290799	0	-2.352244e-04	-1.984618e-05	1
16	rs7202271	30022656	0	1.027461e-04	1.009863e-05	1
16	rs7202714	30177807	0	1.017592e-03	1.023399e-04	1
16	rs7202802	29289240	0	-2.315779e-04	-1.986944e-05	1
16	rs7202948	28558289	0	-1.050968e-04	-8.681063e-06	1
16	rs7203173	29244914	0	3.522238e-04	3.350327e-05	1
16	rs7203224	30061754	0	8.594363e-05	8.660536e-06	1
16	rs7203240	29268585	0	-1.604148e-04	-1.435866e-05	1
16	rs7203359	30400307	0	4.672014e-04	4.188242e-05	1
16	rs7203494	29288540	0	-2.352244e-04	-1.984617e-05	1
16	rs7203688	29288617	0	-2.404980e-04	-2.030110e-05	1
16	rs7203712	29716569	0	3.443682e-04	3.211205e-05	1
16	rs7203872	29288675	0	-2.352244e-04	-1.984616e-05	1
16	rs7204265	29270304	0	-2.956740e-04	-2.718908e-05	1
16	rs7204334	29303244	0	1.107158e-04	9.812334e-06	1
16	rs7204748	29267517	0	-3.220255e-04	-2.970324e-05	1
16	rs7204797	29968015	0	-2.933508e-05	-2.397871e-06	1
16	rs7204838	29270649	0	-8.774451e-05	-7.828888e-06	1
16	rs7204852	30040178	0	-2.435910e-04	-1.996658e-05	1
16	rs7205278	29754683	0	2.301315e-05	2.037014e-06	1
16	rs7205323	28865892	0	-1.599159e-04	-1.332852e-05	1
16	rs7205802	30114124	0	-4.049304e-04	-3.343238e-05	1
16	rs7206214	28919341	0	5.327651e-04	4.716835e-05	1
16	rs7206427	29258842	0	3.608241e-04	3.434950e-05	1
16	rs7206544	29192661	0	2.074999e-04	1.763405e-05	1
16	rs7206553	29255243	0	4.971442e-04	4.760370e-05	1
16	rs7206859	29293869	0	-2.352244e-04	-1.984615e-05	1
16	rs72483435	29752368	0	4.896261e-04	4.782046e-05	1
16	rs72622204	28579082	0	2.561737e-04	2.725817e-05	1
16	rs72622205	28585621	0	2.561737e-04	2.725817e-05	1
16	rs72622206	28591579	0	2.561737e-04	2.725817e-05	1
16	rs72622207	28591755	0	2.561737e-04	2.725817e-05	1
16	rs72622208	28605147	0	2.435022e-04	2.591141e-05	1
16	rs72791208	30035806	0	-1.799426e-04	-1.909173e-05	1
16	rs72791222	30059792	0	8.680677e-05	9.034396e-06	1
16	rs72791226	30091251	0	-1.033914e-04	-1.096624e-05	1
16	rs72791231	30111922	0	4.866896e-05	5.058111e-06	1
16	rs72791250	30349065	0	-2.324877e-05	-2.407110e-06	1
16	rs72791266	30458954	0	9.585793e-06	9.403733e-07	1
16	rs72791878	28531285	0	4.187615e-04	4.507032e-05	1
16	rs72791888	28551803	0	-2.607936e-04	-2.807032e-05	1
16	rs72791892	28568130	0	3.442023e-04	3.651750e-05	1
16	rs72793807	28651732	0	2.062938e-04	1.786222e-05	1
16	rs72793809	28832382	0	-2.602002e-04	-2.183795e-05	1
16	rs72793811	28839392	0	-2.695768e-04	-2.269423e-05	1
16	rs72793812	28840381	0	-3.698611e-04	-3.147058e-05	1
16	rs72793828	28935580	0	-3.963654e-04	-4.355306e-05	1
16	rs72795939	29210154	0	-1.172751e-04	-1.188072e-05	1
16	rs72795950	29234586	0	6.602799e-05	6.637374e-06	1
16	rs72798106	29658573	0	-3.573091e-04	-3.075243e-05	1
16	rs72798151	29933890	0	-6.202022e-04	-7.122447e-05	1
16	rs729956	29128512	0	-3.625433e-04	-3.122195e-05	1
16	rs73524459	29266200	1	3.722844e-04	3.598086e-05	1
16	rs73526294	29652229	0	-3.956608e-04	-4.084593e-05	1
16	rs73530179	30107781	0	-5.049529e-04	-4.236181e-05	1
16	rs73532550	30190487	0	2.745753e-04	2.568222e-05	1
16	rs73532600	30398677	7	2.875868e-04	2.408270e-05	1
16	rs73535886	29027425	1	-1.300394e-04	-1.063017e-05	1
16	rs735645	29242115	0	-3.038199e-04	-2.579754e-05	1
16	rs7359380	29902414	0	-8.630620e-04	-8.445651e-05	1
16	rs7359397	28885659	0	-2.695768e-04	-2.269422e-05	1
16	rs74017608	29327055	0	-4.570763e-05	-4.729112e-06	1
16	rs74017612	29335171	0	-6.840449e-05	-7.156784e-06	1
16	rs74017619	29437092	1	1.241906e-04	1.298048e-05	1
16	rs7404778	29083429	0	4.542842e-04	4.741800e-05	1
16	rs74249933	29751163	0	2.301315e-05	2.037009e-06	1
16	rs743590	28608230	0	-3.917451e-04	-3.348635e-05	1
16	rs74400203	30036049	0	1.770974e-04	1.790105e-05	1
16	rs74451468	30146257	0	6.344701e-04	6.993291e-05	1
16	rs74657328	29224228	0	3.138523e-04	3.360437e-05	1
16	rs74767856	30095734	0	6.550496e-05	6.529595e-06	1
16	rs74893465	29749194	0	4.896261e-04	4.782046e-05	1
16	rs74899071	28562377	0	2.788608e-04	2.975543e-05	1
16	rs749253	29241309	0	-5.316054e-04	-4.616036e-05	1
16	rs74949322	28506109	0	-2.610036e-04	-2.818382e-05	1
16	rs74974765	28832565	0	-5.986945e-05	-6.117819e-06	1
16	rs7498372	29910725	0	-9.590870e-04	-9.446966e-05	1
16	rs7498555	28893571	0	-2.695768e-04	-2.269421e-05	1
16	rs7498603	28882424	0	-1.599159e-04	-1.332848e-05	1
16	rs7498665	28883241	0	-1.599159e-04	-1.332847e-05	1
16	rs7499337	28872354	0	-2.695768e-04	-2.269419e-05	1
16	rs7499878	28868464	0	3.496271e-06	2.995528e-07	1
16	rs7500073	29274563	0	-2.561016e-04	-2.162706e-05	1
16	rs7500321	28977020	0	3.054260e-04	2.650948e-05	1
16	rs75009327	28875738	0	4.896392e-04	5.320608e-05	1
16	rs75177050	29161090	0	9.313168e-05	9.626391e-06	1
16	rs75227850	28555894	0	3.442023e-04	3.651751e-05	1
16	rs75281532	29607027	0	1.781210e-04	1.880746e-05	1
16	rs753130	29319599	0	8.488978e-05	7.471546e-06	1
16	rs7542	30125840	0	7.732508e-04	6.883895e-05	1
16	rs75422760	29748442	0	4.229092e-04	4.080020e-05	1
16	rs75460591	30392011	0	-2.286660e-04	-2.436852e-05	1
16	rs75539558	28595810	0	-3.645402e-04	-3.099765e-05	1
16	rs75549506	29933739	0	-4.585853e-05	-4.658705e-06	1
16	rs75721735	30079724	0	8.594363e-05	8.660532e-06	1
16	rs75738775	28513827	0	7.697244e-05	7.893421e-06	1
16	rs75771	29241928	0	-3.038199e-04	-2.579753e-05	1
16	rs75814811	29269862	0	-2.801599e-04	-2.572446e-05	1
16	rs75832891	30171625	0	-3.866347e-05	-3.589295e-06	1
16	rs76001209	29301974	0	1.136901e-04	9.976749e-06	1
16	rs76007774	28550269	0	1.711422e-04	1.774175e-05	1
16	rs76106647	30388890	0	-1.523875e-04	-1.610773e-05	1
16	rs762633	28608341	0	-3.486703e-04	-2.966473e-05	1
16	rs762634	28603335	0	-3.988878e-04	-3.432986e-05	1
16	rs76264759	29628208	0	5.890925e-05	6.236017e-06	1
16	rs76308645	29213135	0	-4.491297e-05	-4.806298e-06	1
16	rs76369024	29301967	0	1.136901e-04	9.976748e-06	1
16	rs76436263	29264833	0	1.808872e-04	1.709144e-05	1
16	rs76445101	29751561	0	2.301315e-05	2.037001e-06	1
16	rs76507221	29199269	0	-4.491297e-05	-4.806297e-06	1
16	rs76569227	28564991	0	2.788608e-04	2.975543e-05	1
16	rs76662516	28496014	0	1.338741e-04	1.426520e-05	1
16	rs76712312	29976076	0	5.528357e-04	6.103755e-05	1
16	rs76764777	28534196	0	3.090962e-04	3.311696e-05	1
16	rs767812	29316092	0	1.095794e-04	1.066088e-05	1
16	rs76834203	30156068	1	2.233255e-04	2.194504e-05	1
16	rs76840156	29965436	0	-5.282064e-04	-5.949407e-05	1
16	rs7698	30125800	0	4.620207e-04	4.796600e-05	1
16	rs77000650	29749969	0	5.089360e-04	4.988451e-05	1
16	rs77003191	28974698	0	9.348191e-06	9.999708e-07	1
16	rs77016006	30354216	0	-1.080174e-03	-1.237222e-04	1
16	rs77017255	29296898	0	-3.240949e-04	-2.992302e-05	1
16	rs77042391	30138432	0	-1.313521e-05	-1.406612e-06	1
16	rs77070948	30019821	0	4.794247e-04	5.150700e-05	1
16	rs77422319	29039112	0	4.720084e-04	4.997220e-05	1
16	rs77462351	29264820	0	2.118940e-04	2.003291e-05	1
16	rs77465505	29084241	0	5.216316e-04	5.603023e-05	1
16	rs77535137	28565445	0	1.742752e-04	1.833824e-05	1
16	rs77595156	28488943	0	3.897368e-04	4.136615e-05	1
16	rs77663651	29750851	0	4.896261e-04	4.782046e-05	1
16	rs77679610	30462291	0	-3.579266e-04	-3.912695e-05	1
16	rs77685267	30192435	0	3.541519e-05	3.407974e-06	1
16	rs77689392	30424412	0	4.237617e-04	4.679333e-05	1
16	rs77730873	30046763	0	-4.062156e-04	-4.485021e-05	1
16	rs77794588	29133007	1	-1.585966e-04	-1.641351e-05	1
16	rs77871165	30405895	0	-2.922139e-04	-3.133638e-05	1
16	rs78008308	30014976	0	-5.282064e-04	-5.949407e-05	1
16	rs78048980	29324276	0	6.158511e-05	6.147911e-06	1
16	rs78055730	29584446	0	8.338711e-06	8.739610e-07	1
16	rs78102288	28562642	0	-2.098037e-04	-2.154126e-05	1
16	rs78114333	29260000	0	4.928710e-04	4.688688e-05	1
16	rs78210758	30063191	0	2.788329e-04	2.879674e-05	1
16	rs78225763	28519693	0	-6.866743e-05	-6.915789e-06	1
16	rs78244732	29764804	0	4.119271e-04	3.944879e-05	1
16	rs78363733	30030333	0	2.440449e-04	2.491395e-05	1
16	rs78417606	29874855	0	-2.083066e-04	-2.222199e-05	1
16	rs78520265	29750947	0	4.896261e-04	4.782045e-05	1
16	rs78564187	30131777	0	3.738221e-04	3.801954e-05	1
16	rs78613234	28839425	0	-1.599159e-04	-1.332844e-05	1
16	rs78721020	28532499	0	3.760180e-04	4.065267e-05	1
16	rs78722125	28987857	0	-7.965757e-05	-8.087347e-06	1
16	rs78807581	30014975	0	-5.282064e-04	-5.949407e-05	1
16	rs78850123	29679227	0	1.193292e-04	1.282995e-05	1
16	rs79043334	29671016	0	2.309449e-04	2.396027e-05	1
16	rs79046494	28527326	0	-9.311070e-04	-9.348888e-05	1
16	rs79077329	28499121	0	1.338741e-04	1.426520e-05	1
16	rs79186913	29113775	0	-3.587828e-06	-2.865181e-07	1
16	rs79317729	28523248	0	-6.866743e-05	-6.915791e-06	1
16	rs79323299	30137608	0	3.194719e-04	3.482846e-05	1
16	rs79437555	29353130	0	1.357499e-04	1.439938e-05	1
16	rs79512505	30194328	0	3.524179e-05	3.414494e-06	1
16	rs79619339	30058313	0	8.680677e-05	9.034394e-06	1
16	rs79623117	30190891	0	-6.334418e-04	-7.248120e-05	1
16	rs79654572	29153247	0	-1.743847e-04	-1.463531e-05	1
16	rs79658697	29008509	0	2.719011e-04	2.873599e-05	1
16	rs79722818	28559261	0	1.742752e-04	1.833824e-05	1
16	rs79758803	29753925	0	4.896261e-04	4.782045e-05	1
16	rs79780529	28587165	0	1.964481e-04	2.023699e-05	1
16	rs79850259	28552692	0	2.788608e-04	2.975543e-05	1
16	rs79867441	29950820	0	4.679060e-04	4.945059e-05	1
16	rs79912905	28568215	0	1.742752e-04	1.833824e-05	1
16	rs80000693	30362813	0	3.359623e-04	3.647020e-05	1
16	rs80179197	29060011	0	4.621564e-04	3.913369e-05	1
16	rs80225586	30406410	0	-2.324877e-05	-2.407114e-06	1
16	rs80247256	28558457	0	2.788608e-04	2.975543e-05	1
16	rs80260207	30134251	0	3.194719e-04	3.482846e-05	1
16	rs80273739	29933901	0	-2.694377e-04	-2.810884e-05	1
16	rs80282267	30059960	0	-2.471917e-04	-2.582969e-05	1
16	rs80344130	28534448	0	3.090962e-04	3.311695e-05	1
16	rs8043811	29764279	0	-7.157330e-05	-6.339248e-06	1
16	rs8043883	30044581	0	-2.435910e-04	-1.996654e-05	1
16	rs8044407	29154849	0	-1.525310e-04	-1.282984e-05	1
16	rs8045252	30422415	0	-1.790207e-04	-1.618903e-05	1
16	rs8045276	29025978	0	-2.721839e-04	-2.371600e-05	1
16	rs8045351	29737351	0	6.482877e-04	6.517242e-05	1
16	rs8045570	30422565	0	-1.630497e-04	-1.478814e-05	1
16	rs8045689	28988269	0	2.859280e-04	2.474806e-05	1
16	rs8046258	29267784	0	4.639675e-04	4.529817e-05	1
16	rs8046271	28541394	0	-1.363275e-04	-1.132116e-05	1
16	rs8046445	30386262	0	7.569104e-04	7.063637e-05	1
16	rs8046545	28915217	0	4.483380e-04	3.907611e-05	1
16	rs8046764	29260696	0	3.608241e-04	3.434951e-05	1
16	rs8047140	29922988	0	8.741285e-04	9.333010e-05	1
16	rs8047315	29216457	0	1.177150e-04	1.003191e-05	1
16	rs8047453	29257145	0	3.608241e-04	3.434951e-05	1
16	rs8047777	29151923	0	-3.710460e-04	-3.183306e-05	1
16	rs8048139	30166626	0	8.477010e-04	7.806607e-05	1
16	rs8048433	29931593	0	-1.034522e-04	-8.404344e-06	1
16	rs8048750	29266272	0	-2.549661e-04	-2.143873e-05	1
16	rs8049052	29272871	0	-3.977533e-04	-3.412696e-05	1
16	rs8049108	30376486	0	-7.697541e-04	-7.224527e-05	1
16	rs8049399	29279209	0	-2.738187e-04	-2.313894e-05	1
16	rs8049739	28632288	0	4.345481e-04	3.673290e-05	1
16	rs8049837	30089438	0	8.594363e-05	8.660531e-06	1
16	rs8050132	29265186	0	3.950929e-04	3.795888e-05	1
16	rs8050576	29919792	0	-1.083377e-03	-1.127453e-04	1
16	rs8051721	30047920	0	1.742853e-04	1.769794e-05	1
16	rs8051833	29896390	0	-9.336710e-04	-9.267631e-05	1
16	rs8052502	29929728	0	-2.636309e-04	-2.157390e-05	1
16	rs8053114	29319922	0	-1.454150e-04	-1.234865e-05	1
16	rs8053518	29692132	0	7.514699e-04	7.359765e-05	1
16	rs8054074	29016132	0	-2.021581e-04	-1.679278e-05	1
16	rs8054172	29655864	0	-4.421587e-04	-3.843708e-05	1
16	rs8054272	29692224	0	2.121310e-04	1.813908e-05	1
16	rs8054337	29279597	0	-2.738187e-04	-2.313893e-05	1
16	rs8054507	30046042	0	-2.435910e-04	-1.996651e-05	1
16	rs8054556	29958216	0	1.901167e-04	1.573561e-05	1
16	rs8055138	28891465	0	-1.599159e-04	-1.332841e-05	1
16	rs8055413	29323508	0	-5.173227e-05	-5.417585e-06	1
16	rs8055762	29323692	0	-5.173227e-05	-5.417585e-06	1
16	rs8055867	29958215	0	4.387264e-04	4.631137e-05	1
16	rs8055982	28881202	0	-1.599159e-04	-1.332840e-05	1
16	rs8056114	29266333	0	3.482595e-04	3.360243e-05	1
16	rs8056216	30009589	0	1.027461e-04	1.009862e-05	1
16	rs8056419	29318077	0	5.308061e-05	5.083043e-06	1
16	rs8056535	29960468	0	-4.122362e-05	-3.375653e-06	1
16	rs8056890	28897452	0	-3.250023e-04	-2.764003e-05	1
16	rs8057063	29012393	0	7.341857e-05	6.452532e-06	1
16	rs8057141	29279028	0	-2.189509e-05	-1.785879e-06	1
16	rs8057332	29279114	0	-2.312470e-04	-1.944242e-05	1
16	rs8057425	30182541	0	1.261983e-03	1.390434e-04	1
16	rs8057883	29279402	0	-2.738187e-04	-2.313892e-05	1
16	rs8058049	29684572	0	-1.559950e-04	-1.310757e-05	1
16	rs8058242	29018407	0	-1.800462e-04	-1.492504e-05	1
16	rs8058765	30013457	0	1.107696e-04	1.097534e-05	1
16	rs8058824	29828710	0	1.068360e-04	9.757201e-06	1
16	rs8059516	29257291	0	3.608241e-04	3.434952e-05	1
16	rs8059619	29925445	0	-2.636309e-04	-2.157386e-05	1
16	rs8060295	29266170	0	3.482595e-04	3.360243e-05	1
16	rs8060345	29023105	0	1.163990e-05	9.422389e-07	1
16	rs8060511	30101596	0	-5.058453e-04	-4.256584e-05	1
16	rs8060534	28941480	0	-5.130089e-05	-4.255667e-06	1
16	rs8060853	30403858	0	3.996069e-04	3.522327e-05	1
16	rs8061029	29272747	0	-3.977533e-04	-3.412694e-05	1
16	rs8061590	28895130	0	-2.168572e-04	-1.817860e-05	1
16	rs8061634	29833414	0	9.930286e-05	9.057818e-06	1
16	rs8061772	30119525	0	3.768905e-04	3.592467e-05	1
16	rs8061773	29746166	0	4.652959e-04	4.384731e-05	1
16	rs8061877	28856819	0	-5.117993e-05	-4.417118e-06	1
16	rs8062082	29672582	0	-4.308975e-04	-4.441677e-05	1
16	rs8062405	28837906	0	-1.699982e-04	-1.411726e-05	1
16	rs8062695	29284412	0	-2.738187e-04	-2.313891e-05	1
16	rs8062730	29279180	3	-4.110662e-05	-3.393256e-06	1
16	rs8063282	29257288	0	4.844728e-04	4.643571e-05	1
16	rs8063490	29257435	0	4.844728e-04	4.643571e-05	1
16	rs8063720	30174531	0	3.725446e-04	3.630704e-05	1
16	rs8063942	30455434	0	-2.679958e-04	-2.758195e-05	1
16	rs8335	29869748	0	1.511773e-04	1.565344e-05	1
16	rs871886	29318553	0	-4.456922e-05	-3.917125e-06	1
16	rs871887	29318619	0	7.221830e-05	6.355204e-06	1
16	rs871888	29318906	0	1.433735e-04	1.263870e-05	1
16	rs889567	29144706	0	-5.275734e-04	-4.681763e-05	1
16	rs889682	29145543	0	-5.275734e-04	-4.681762e-05	1
16	rs889684	29128811	0	-5.068387e-04	-4.476661e-05	1
16	rs889685	29128990	0	-5.068387e-04	-4.476660e-05	1
16	rs889686	29193424	0	2.074999e-04	1.763409e-05	1
16	rs889687	29193375	0	2.074999e-04	1.763409e-05	1
16	rs889688	29193338	0	2.074999e-04	1.763410e-05	1
16	rs930392	30194840	0	1.279911e-03	1.405319e-04	1
16	rs9319595	29149645	0	2.512503e-04	2.353747e-05	1
16	rs9319596	29149660	0	2.512503e-04	2.353747e-05	1
16	rs9708958	28922743	0	4.139889e-04	3.600617e-05	1
16	rs9746702	28903188	0	3.944648e-04	3.410981e-05	1
16	rs9783783	30078492	0	-5.166306e-04	-4.371671e-05	1
16	rs9888967	30407979	0	2.819545e-04	2.411551e-05	1
16	rs9921268	29280801	0	-1.294836e-04	-1.086888e-05	1
16	rs9921711	30394541	0	6.858197e-04	6.449239e-05	1
16	rs9921783	29839449	0	1.607004e-04	1.470500e-05	1
16	rs9922041	30110467	0	-4.735160e-04	-3.947355e-05	1
16	rs9922666	29698625	0	-1.387562e-04	-1.206259e-05	1
16	rs9923079	28546620	0	3.884635e-04	4.159576e-05	1
16	rs9923341	29698710	0	-5.788369e-05	-5.053705e-06	1
16	rs9923649	29832138	0	1.068360e-04	9.757212e-06	1
16	rs9924308	30154740	0	1.136428e-03	1.167433e-04	1
16	rs9924471	28591530	0	2.033531e-05	1.877326e-06	1
16	rs9924619	29016528	0	2.978550e-04	2.801206e-05	1
16	rs9924686	30003076	0	7.612210e-05	6.276432e-06	1
16	rs9925102	29983148	0	-1.830949e-04	-1.516527e-05	1
16	rs9925602	29004399	0	1.839215e-04	1.538483e-05	1
16	rs9925915	29993686	0	-1.911185e-04	-1.576863e-05	1
16	rs9926245	28555706	0	-5.112840e-07	-2.900570e-08	1
16	rs9926308	29022130	0	-1.970966e-04	-1.691637e-05	1
16	rs9928448	30072530	0	-4.554031e-04	-3.842315e-05	1
16	rs9929088	29001460	0	3.611252e-04	3.148437e-05	1
16	rs9929198	28644980	0	1.116669e-04	9.123901e-06	1
16	rs9929456	29015149	0	1.904183e-04	1.696841e-05	1
16	rs9929469	29281066	0	-1.294836e-04	-1.086887e-05	1
16	rs9929925	29763764	0	8.059671e-05	7.100546e-06	1
16	rs9931989	28906084	0	4.154803e-04	3.577947e-05	1
16	rs9932193	30068469	0	-5.326958e-04	-4.548379e-05	1
16	rs9932196	29983119	0	-1.509295e-04	-1.246257e-05	1
16	rs9932416	29682494	0	2.219721e-04	1.897289e-05	1
16	rs9932605	30092048	0	-5.531345e-04	-4.702004e-05	1
16	rs9932653	29865673	0	5.341929e-05	4.864508e-06	1
16	rs9932702	29982961	0	-1.830949e-04	-1.516523e-05	1
16	rs9933198	28888409	0	-9.501427e-05	-8.208278e-06	1
16	rs9933310	29690904	0	-3.291914e-04	-2.803669e-05	1
16	rs9933358	30182074	1	2.816451e-04	2.741191e-05	1
16	rs9933431	29280425	0	-4.128550e-04	-3.560919e-05	1
16	rs9934360	29588933	0	-1.057439e-04	-1.064097e-05	1
16	rs9934724	29303629	0	1.107158e-04	9.812362e-06	1
16	rs9935557	29283463	0	-1.294836e-04	-1.086886e-05	1
16	rs9936065	30409699	0	8.153926e-05	8.261640e-06	1
16	rs9936474	29932691	0	-2.636309e-04	-2.157377e-05	1
16	rs9936496	29758793	0	-9.745204e-05	-8.608997e-06	1
16	rs9937596	28555157	0	3.884635e-04	4.159575e-05	1
16	rs9937600	29277513	2	-1.467239e-04	-1.222347e-05	1
16	rs9937676	28969480	0	6.610561e-05	5.368517e-06	1
16	rs9938630	29837108	0	-1.421869e-05	-1.270354e-06	1
16	rs9939514	29855731	0	3.410941e-05	3.107296e-06	1
16	rs9939774	30068354	0	-4.997088e-04	-4.372756e-05	1
16	rs9940440	29684788	0	-1.395062e-04	-1.171585e-05	1
16	rs9940962	29703334	0	3.723135e-04	3.560024e-05	1
16	rs9972693	28859802	0	-1.599159e-04	-1.332835e-05	1
16	rs9972768	28861734	0	-1.599159e-04	-1.332834e-05	1
