chr	rs	ps	n_miss	b	beta	gamma
16	rs10083738	29927702	0	-6.571726e-04	-1.790638e-05	1
16	rs10204	29826538	0	2.241060e-04	6.195074e-06	1
16	rs1036696	30682376	0	-4.480416e-04	-1.310032e-05	1
16	rs10438639	31267698	0	-2.671667e-05	-7.345208e-07	1
16	rs10445105	29999488	0	3.249042e-06	9.329126e-08	1
16	rs1045968	29826365	0	-6.248724e-05	-1.726619e-06	1
16	rs1046276	30914626	0	2.038661e-04	5.531827e-06	1
16	rs1050881	29675928	0	4.371067e-04	1.263022e-05	1
16	rs1052352	31195279	0	-3.096110e-04	-8.346287e-06	1
16	rs1057451	29833488	0	-1.804008e-04	-4.980718e-06	1
16	rs1057452	29833714	0	2.097768e-04	5.877385e-06	1
16	rs1060506	31133449	0	7.234587e-04	2.001946e-05	1
16	rs1064524	30492823	0	-3.572622e-04	-1.036162e-05	1
16	rs10747210	31363253	0	2.643199e-04	7.073804e-06	1
16	rs10782001	30942625	0	3.833824e-04	1.035483e-05	1
16	rs10782002	30946506	0	2.863483e-04	7.724598e-06	1
16	rs10782004	31363417	0	1.044352e-04	2.819563e-06	1
16	rs10871449	29652488	0	-7.918308e-04	-2.203866e-05	1
16	rs10871451	29986205	0	-4.587780e-04	-1.244956e-05	1
16	rs10871453	30536918	0	-5.177518e-04	-1.419696e-05	1
16	rs10871454	31048079	0	-6.037578e-05	-1.630968e-06	1
16	rs1106398	31370452	0	-1.120465e-04	-3.035504e-06	1
16	rs11076	30995528	0	3.379301e-04	9.115636e-06	1
16	rs1108431	31054607	0	9.640602e-04	2.699576e-05	1
16	rs111230245	30478891	0	-5.998065e-04	-1.695000e-05	1
16	rs111265045	30373233	0	-2.407497e-04	-6.693637e-06	1
16	rs111400675	30829764	0	-5.433159e-05	-1.461656e-06	1
16	rs11150561	29644794	0	-3.699433e-04	-1.011546e-05	1
16	rs11150563	29662903	0	-1.686014e-03	-5.070748e-05	1
16	rs11150564	29666736	0	-1.215828e-03	-3.468912e-05	1
16	rs11150574	29934819	0	-6.571726e-04	-1.790637e-05	1
16	rs11150575	29935066	1	-7.680256e-04	-2.107048e-05	1
16	rs11150576	29965496	0	5.189917e-05	1.422596e-06	1
16	rs11150577	29986525	0	3.101414e-05	8.594437e-07	1
16	rs11150579	30000330	0	5.189917e-05	1.422603e-06	1
16	rs11150580	30014564	0	5.710067e-05	1.562093e-06	1
16	rs11150581	30030699	0	-8.310262e-05	-2.227020e-06	1
16	rs11150582	30034127	0	-4.818643e-04	-1.357999e-05	1
16	rs11150583	30034189	0	-1.053429e-05	-2.648283e-07	1
16	rs11150585	30184286	0	9.159876e-04	2.542301e-05	1
16	rs11150586	30420851	0	9.665670e-04	2.725258e-05	1
16	rs11150590	30493881	0	1.534099e-03	4.490910e-05	1
16	rs11150596	30850242	0	5.380946e-05	1.437220e-06	1
16	rs11150599	30897456	0	1.041257e-04	2.789537e-06	1
16	rs11150600	30940331	0	3.833824e-04	1.035484e-05	1
16	rs11150601	30977799	0	3.480563e-04	9.393624e-06	1
16	rs11150606	31099011	0	-1.450350e-04	-4.196384e-06	1
16	rs11150608	31301125	0	1.625854e-04	4.366189e-06	1
16	rs11150610	31334236	0	-3.465841e-05	-9.413791e-07	1
16	rs11150611	31355657	0	5.129508e-04	1.410929e-05	1
16	rs11150612	31357760	0	2.573341e-04	6.982091e-06	1
16	rs11150614	31366016	0	5.083262e-04	1.400357e-05	1
16	rs11150615	31369803	0	-2.480598e-05	-6.872851e-07	1
16	rs11150616	31370090	0	2.120074e-04	5.823185e-06	1
16	rs11150617	31372290	0	-8.973115e-05	-2.445015e-06	1
16	rs11150619	31376849	0	-3.158958e-05	-8.683590e-07	1
16	rs11150621	31406756	0	3.392821e-04	9.227237e-06	1
16	rs111555633	30475160	0	-7.091961e-04	-2.040285e-05	1
16	rs111620019	30905359	18	-2.983494e-04	-8.562321e-06	1
16	rs111639166	30636893	0	2.514543e-05	6.831873e-07	1
16	rs111688805	30448522	0	-6.853619e-04	-1.970894e-05	1
16	rs111813229	30595710	0	-2.197509e-05	-6.381876e-07	1
16	rs111935448	30919807	0	-3.473099e-04	-9.926938e-06	1
16	rs111954099	30789623	0	-3.378922e-04	-9.630439e-06	1
16	rs112131656	29764539	0	-3.287027e-04	-9.091318e-06	1
16	rs112165220	29408955	0	-4.021619e-04	-1.165175e-05	1
16	rs112190455	30971437	0	-4.108899e-04	-1.177171e-05	1
16	rs112194055	30120942	0	1.918380e-04	5.557077e-06	1
16	rs112201399	29690177	0	1.138535e-04	3.283798e-06	1
16	rs112234000	30778808	0	-3.670931e-04	-1.049988e-05	1
16	rs112265026	29809181	0	-2.018752e-04	-5.821966e-06	1
16	rs112282032	30826936	0	3.871380e-04	1.065337e-05	1
16	rs112294239	30052868	0	-1.470443e-04	-4.245798e-06	1
16	rs112400041	29669780	0	4.332064e-04	1.245377e-05	1
16	rs112414374	30353586	0	2.071340e-04	5.873407e-06	1
16	rs112421755	30551685	0	-8.318310e-05	-2.262221e-06	1
16	rs112484223	29764728	0	-7.582260e-04	-2.135636e-05	1
16	rs112533759	30003756	0	-1.427748e-04	-4.135853e-06	1
16	rs112549897	29832950	0	1.775409e-04	5.127934e-06	1
16	rs112565029	30102391	0	-4.026369e-04	-1.175473e-05	1
16	rs112652568	29412437	0	-5.494164e-04	-1.599770e-05	1
16	rs112691371	30868216	0	-3.670931e-04	-1.049988e-05	1
16	rs112750937	30622942	0	-2.696971e-04	-7.655938e-06	1
16	rs112766425	31149755	0	8.951550e-05	2.585091e-06	1
16	rs112790372	30898456	0	3.264573e-04	9.017867e-06	1
16	rs112895789	31405463	0	3.742859e-04	1.020315e-05	1
16	rs1129003	30017283	0	-1.039684e-04	-2.967615e-06	1
16	rs112906665	31040139	0	2.443414e-04	6.581333e-06	1
16	rs1129700	29918034	0	-3.714314e-04	-1.009269e-05	1
16	rs112997245	30010353	0	-2.349553e-04	-6.701838e-06	1
16	rs113024433	30636808	0	-3.112640e-05	-8.328458e-07	1
16	rs113072320	30187226	0	2.493109e-04	7.061808e-06	1
16	rs113085280	30638004	0	2.604578e-05	7.572494e-07	1
16	rs113137773	29753314	0	9.793634e-05	2.757128e-06	1
16	rs113223003	29765012	0	1.172856e-04	3.290617e-06	1
16	rs113303075	30482393	0	-3.003621e-05	-8.658110e-07	1
16	rs1133238	30455458	0	3.691721e-04	1.068157e-05	1
16	rs113376800	29736698	0	-1.577522e-04	-4.382176e-06	1
16	rs11344	29910518	0	-2.620527e-04	-7.105044e-06	1
16	rs113443718	29892184	0	-4.353820e-04	-1.198690e-05	1
16	rs113448632	30898219	0	3.264573e-04	9.017864e-06	1
16	rs113454775	30809534	0	-3.238868e-04	-9.246866e-06	1
16	rs1134700	29709777	0	-2.432164e-04	-6.811540e-06	1
16	rs113478212	29596230	0	-4.034075e-05	-1.172691e-06	1
16	rs113567606	30839445	0	4.524837e-04	1.302134e-05	1
16	rs113592099	29751483	0	-4.068167e-04	-1.129642e-05	1
16	rs113711475	30497954	0	-6.934075e-05	-1.998371e-06	1
16	rs113711981	30572096	0	6.417747e-04	1.847639e-05	1
16	rs113753753	29891206	0	9.211124e-05	2.680965e-06	1
16	rs113826909	29747901	0	-6.978416e-05	-1.934139e-06	1
16	rs113834633	29662778	0	-9.704767e-05	-2.822841e-06	1
16	rs113907898	30514041	0	-1.160405e-04	-3.355667e-06	1
16	rs1140195	31394179	0	5.471672e-04	1.495185e-05	1
16	rs1140239	30021402	0	-3.075724e-05	-8.097696e-07	1
16	rs1143678	31343005	0	-5.547131e-06	-1.560170e-07	1
16	rs1143679	31276811	0	1.179386e-04	3.335168e-06	1
16	rs1143680	31289396	0	1.729436e-04	4.858345e-06	1
16	rs1143682	31336719	0	1.403829e-04	3.796037e-06	1
16	rs1143683	31336888	0	-1.029226e-04	-2.881615e-06	1
16	rs114588746	30053597	0	-9.765722e-05	-2.801905e-06	1
16	rs115229322	30523908	1	8.744344e-04	2.501218e-05	1
16	rs11544328	30037128	0	4.494510e-05	1.227718e-06	1
16	rs11546678	29827681	0	-1.675904e-04	-4.791512e-06	1
16	rs115518563	30055603	0	1.278359e-04	3.658875e-06	1
16	rs11574550	29673970	0	2.599258e-04	7.380108e-06	1
16	rs11574551	29673995	0	2.921056e-04	8.310244e-06	1
16	rs11574630	31363788	0	8.794116e-05	2.370246e-06	1
16	rs11574631	31363977	0	9.434384e-05	2.571712e-06	1
16	rs11574632	31364053	0	7.902857e-05	2.208234e-06	1
16	rs11574635	31368816	0	3.620872e-04	1.012488e-05	1
16	rs11574636	31368835	0	1.245996e-04	3.458517e-06	1
16	rs11574637	31368874	0	7.685782e-05	2.129332e-06	1
16	rs11574639	31372081	0	5.139412e-05	1.400594e-06	1
16	rs11574640	31375234	0	3.021187e-04	8.721891e-06	1
16	rs11574646	31392047	0	-3.995693e-04	-1.113586e-05	1
16	rs11574647	31394722	0	1.164800e-03	3.304643e-05	1
16	rs11574941	30493000	0	6.130612e-04	1.750807e-05	1
16	rs11574945	30510036	0	-2.072970e-05	-5.982042e-07	1
16	rs11639622	31272663	0	-4.252229e-04	-1.241545e-05	1
16	rs11639689	31257918	0	-4.252229e-04	-1.241545e-05	1
16	rs11639790	31260557	0	-1.571530e-04	-4.583165e-06	1
16	rs11640210	30975071	0	-4.108899e-04	-1.177171e-05	1
16	rs11640534	30949515	0	4.409935e-04	1.193557e-05	1
16	rs11640767	31060647	0	9.266609e-04	2.583294e-05	1
16	rs11640950	30426001	0	-3.719157e-04	-1.033660e-05	1
16	rs11640957	31060363	0	9.266609e-04	2.583293e-05	1
16	rs11640961	30979818	0	3.868790e-04	1.051766e-05	1
16	rs11641202	31330161	0	2.639012e-06	6.058121e-08	1
16	rs11641321	30880319	0	-4.007143e-04	-1.147081e-05	1
16	rs11641624	31268985	0	4.381750e-04	1.200808e-05	1
16	rs11641922	29662638	0	-1.721555e-03	-5.199802e-05	1
16	rs11642003	31068391	0	1.000362e-03	2.796466e-05	1
16	rs11642046	29993108	0	-4.362847e-04	-1.183111e-05	1
16	rs11642120	31344681	0	3.048800e-04	8.326526e-06	1
16	rs11642192	31082025	0	2.101117e-04	5.631069e-06	1
16	rs11642399	30059593	0	-1.045287e-04	-2.789966e-06	1
16	rs11642430	30045789	0	-8.310262e-05	-2.226988e-06	1
16	rs11642466	30781942	0	-3.392712e-04	-9.693263e-06	1
16	rs11642535	31126688	0	-7.172288e-04	-2.079757e-05	1
16	rs11642603	30886221	0	-4.007143e-04	-1.147081e-05	1
16	rs11642612	30030195	0	-8.310262e-05	-2.226985e-06	1
16	rs11642632	30667964	0	-5.150488e-04	-1.507228e-05	1
16	rs11642676	30371655	0	-6.200090e-04	-1.717874e-05	1
16	rs11642733	30969061	0	-4.735342e-04	-1.360164e-05	1
16	rs11642740	30060655	0	-1.969445e-04	-5.318294e-06	1
16	rs11642862	30785824	0	-3.657142e-04	-1.043501e-05	1
16	rs11642933	29946708	0	-7.663439e-04	-2.103123e-05	1
16	rs11643582	29654705	0	-9.027330e-04	-2.528500e-05	1
16	rs11643652	30497597	0	-2.162374e-04	-5.941202e-06	1
16	rs11644433	30504046	0	-3.012176e-04	-8.286195e-06	1
16	rs11644454	30909872	0	-3.716163e-04	-1.062424e-05	1
16	rs11644459	30095236	0	1.066363e-04	2.889248e-06	1
16	rs11645175	30803299	0	-3.517087e-04	-1.005210e-05	1
16	rs11645367	30770074	0	-4.403595e-04	-1.262968e-05	1
16	rs11645526	31268239	0	-1.690502e-04	-4.588664e-06	1
16	rs11645581	30351624	0	-4.673446e-04	-1.284772e-05	1
16	rs11645653	31312855	0	3.863262e-04	1.066030e-05	1
16	rs11645814	31147262	0	-6.783557e-04	-1.886860e-05	1
16	rs11645917	31359826	0	7.575763e-04	2.074392e-05	1
16	rs11646082	30911950	0	-3.716163e-04	-1.062424e-05	1
16	rs11646118	29926471	0	-5.942181e-04	-1.723091e-05	1
16	rs11646127	29966277	0	-2.594627e-04	-6.995823e-06	1
16	rs11646130	30376959	0	-5.994041e-04	-1.658929e-05	1
16	rs11647243	30965308	0	-4.108899e-04	-1.177170e-05	1
16	rs11647246	30528132	0	-5.616198e-04	-1.632735e-05	1
16	rs11647284	31077335	0	5.370089e-04	1.463087e-05	1
16	rs11647442	31125776	0	6.218299e-04	1.699333e-05	1
16	rs11647697	30872471	0	-3.815892e-04	-1.055759e-05	1
16	rs11647753	29928115	0	-8.635279e-04	-2.390078e-05	1
16	rs11648125	30889653	0	-4.007143e-04	-1.147081e-05	1
16	rs11648675	29780731	0	1.458350e-03	4.295286e-05	1
16	rs11649149	30008644	0	-1.923855e-04	-5.156829e-06	1
16	rs11649274	30026469	0	-7.851178e-05	-2.103083e-06	1
16	rs11649499	29908433	0	1.745858e-04	4.889377e-06	1
16	rs11649612	29946670	0	-7.663439e-04	-2.103120e-05	1
16	rs11649653	30918487	0	5.260390e-04	1.440865e-05	1
16	rs116849262	30720376	0	-1.047697e-04	-3.035765e-06	1
16	rs116878064	30063549	0	8.804371e-05	2.525239e-06	1
16	rs116922328	29965785	0	1.911546e-04	5.490733e-06	1
16	rs117075401	29614830	0	1.211187e-04	3.500439e-06	1
16	rs117077416	29971913	0	-3.416756e-04	-9.920908e-06	1
16	rs117106225	30460283	0	-1.032063e-04	-2.997305e-06	1
16	rs117219760	31142767	0	6.779275e-05	1.972441e-06	1
16	rs117267704	30394926	0	7.190768e-05	2.096045e-06	1
16	rs117326446	30980128	0	-3.161769e-04	-9.000751e-06	1
16	rs117369393	30991644	0	1.233929e-04	3.596252e-06	1
16	rs117378813	30884458	0	-1.938581e-04	-5.655536e-06	1
16	rs117383236	29939177	0	3.246164e-05	9.428130e-07	1
16	rs117391625	30504932	0	-6.497956e-04	-1.891955e-05	1
16	rs117442264	31152818	0	6.670382e-05	1.942529e-06	1
16	rs117451918	31133793	0	9.693228e-05	2.820733e-06	1
16	rs117527829	30106982	0	-7.338381e-05	-2.137548e-06	1
16	rs117590634	29934113	0	-1.932358e-04	-5.595876e-06	1
16	rs117602889	31069003	0	-4.842233e-05	-1.331027e-06	1
16	rs117671724	30558484	0	-1.390184e-04	-3.946737e-06	1
16	rs117673009	29971781	0	2.231916e-04	6.491284e-06	1
16	rs117744694	31050285	0	3.925277e-04	1.144810e-05	1
16	rs117782601	29613511	0	3.013814e-04	8.651433e-06	1
16	rs117829446	30632657	0	4.879554e-05	1.375575e-06	1
16	rs117856672	30638256	0	2.569952e-04	7.509585e-06	1
16	rs117865589	30883774	0	-2.787078e-04	-8.143241e-06	1
16	rs117891062	30976129	0	-5.668729e-04	-1.664156e-05	1
16	rs117910240	30558579	0	-1.231045e-04	-3.492959e-06	1
16	rs117957142	30887482	0	2.254599e-04	6.500795e-06	1
16	rs117984039	30784011	0	-2.178880e-04	-6.276033e-06	1
16	rs118018900	31203669	0	-8.097682e-04	-2.404176e-05	1
16	rs118027139	29963812	0	5.127507e-04	1.486246e-05	1
16	rs118058081	29860299	0	1.129459e-04	3.287646e-06	1
16	rs118096366	31225777	0	-4.650403e-05	-1.355458e-06	1
16	rs118154869	30479065	0	-1.284141e-04	-3.727959e-06	1
16	rs118176746	30877351	0	-2.328787e-04	-6.641735e-06	1
16	rs11859274	31361059	0	5.530422e-04	1.499251e-05	1
16	rs11859300	31355895	0	4.397127e-05	1.229038e-06	1
16	rs11859349	31331202	0	2.898085e-04	8.190630e-06	1
16	rs11859871	29835440	0	-1.804008e-04	-4.980688e-06	1
16	rs11860650	31326706	0	2.898085e-04	8.190630e-06	1
16	rs11860782	29989739	0	7.235646e-05	2.066043e-06	1
16	rs11860935	30080780	0	-6.462028e-05	-1.856547e-06	1
16	rs11861161	31329954	0	1.733583e-04	4.807528e-06	1
16	rs11861258	31295544	0	-2.731395e-04	-7.873921e-06	1
16	rs11861842	30094180	0	-2.081412e-04	-5.974781e-06	1
16	rs11862055	29733712	0	-2.503629e-04	-6.974688e-06	1
16	rs11862597	30490854	0	-5.998065e-04	-1.694997e-05	1
16	rs11862691	30187851	0	3.618308e-04	1.024985e-05	1
16	rs11862744	31057800	0	2.305137e-04	6.207732e-06	1
16	rs11862806	30364071	0	-7.102947e-04	-1.965240e-05	1
16	rs11862859	30757274	0	2.927161e-05	7.821360e-07	1
16	rs11863083	30100789	0	2.718845e-04	7.783247e-06	1
16	rs11863129	30095492	0	-2.081412e-04	-5.974782e-06	1
16	rs11863150	30385503	0	6.068994e-04	1.667956e-05	1
16	rs11863174	30019375	0	8.259127e-05	2.234468e-06	1
16	rs11863592	31301011	0	1.341191e-05	3.640287e-07	1
16	rs11863627	31331160	3	2.710496e-04	7.385355e-06	1
16	rs11863731	29848932	0	-6.465209e-05	-1.785371e-06	1
16	rs11863734	29848946	0	-1.479268e-04	-4.078279e-06	1
16	rs11863748	29835588	0	-7.052732e-05	-1.950874e-06	1
16	rs11863903	31364909	0	7.902857e-05	2.208236e-06	1
16	rs11864054	30846134	0	-4.398350e-04	-1.200313e-05	1
16	rs11864149	29999225	0	7.235646e-05	2.066041e-06	1
16	rs11864180	29830829	0	-6.248724e-05	-1.726576e-06	1
16	rs11864503	31331137	0	2.100718e-04	5.910413e-06	1
16	rs11864541	31331323	0	1.733583e-04	4.807529e-06	1
16	rs11864632	31182455	0	2.741057e-04	7.509094e-06	1
16	rs11864642	30084276	0	-2.081412e-04	-5.974782e-06	1
16	rs11864806	31095204	0	1.580219e-04	4.228492e-06	1
16	rs11864813	31326356	0	1.677373e-04	4.712170e-06	1
16	rs11864839	31095251	0	2.346973e-04	6.290725e-06	1
16	rs11865038	31095171	0	2.101117e-04	5.631057e-06	1
16	rs11865499	31132250	0	6.784000e-04	1.870725e-05	1
16	rs11865716	30164488	0	9.179307e-04	2.540612e-05	1
16	rs11865746	31326587	0	2.898085e-04	8.190629e-06	1
16	rs11865830	31271545	0	4.873603e-04	1.339002e-05	1
16	rs11866084	30012922	0	-1.740216e-04	-4.979230e-06	1
16	rs11867026	30079450	0	-2.081412e-04	-5.974784e-06	1
16	rs11901	29984070	0	3.101414e-05	8.595360e-07	1
16	rs12102320	30178516	0	9.159876e-04	2.542291e-05	1
16	rs12102367	30866781	0	-3.611075e-04	-1.006813e-05	1
16	rs12102768	31303950	0	1.526647e-04	4.282792e-06	1
16	rs12102776	31166028	0	-1.275048e-03	-3.670551e-05	1
16	rs12102791	31303946	0	-2.352667e-04	-6.542493e-06	1
16	rs12103025	31301220	0	2.706043e-04	7.593143e-06	1
16	rs12325239	29894662	0	-4.492213e-05	-1.286491e-06	1
16	rs12325400	30023786	0	-5.325055e-05	-1.419121e-06	1
16	rs12325539	30033633	0	-9.025030e-05	-2.420388e-06	1
16	rs12373078	30187676	0	5.041542e-04	1.362347e-05	1
16	rs12373113	30187513	0	5.541568e-04	1.500292e-05	1
16	rs12444108	30027694	0	-6.638330e-04	-1.824622e-05	1
16	rs12444415	30118345	0	2.289463e-04	6.155758e-06	1
16	rs12444973	30107285	0	3.097941e-05	8.502920e-07	1
16	rs12444978	29924422	0	-6.790847e-04	-1.851679e-05	1
16	rs12445568	31004812	0	1.076154e-04	2.903430e-06	1
16	rs12445650	31044897	0	2.443414e-04	6.581297e-06	1
16	rs12445768	30089911	0	-4.094866e-05	-1.080322e-06	1
16	rs12445982	29982484	0	5.189917e-05	1.422729e-06	1
16	rs12446288	30388709	0	9.486684e-04	2.670576e-05	1
16	rs12446378	30043110	0	4.494510e-05	1.227806e-06	1
16	rs12447159	29610670	0	5.725805e-05	1.651711e-06	1
16	rs12447415	29682945	0	-9.673168e-04	-2.720816e-05	1
16	rs12447534	30804257	0	3.302711e-04	8.876042e-06	1
16	rs12447833	30390314	0	6.588823e-04	1.829114e-05	1
16	rs12447915	30089908	0	3.363952e-05	9.254808e-07	1
16	rs12447930	31023273	0	3.849161e-04	1.040761e-05	1
16	rs12448321	31048280	0	-9.459059e-05	-2.556602e-06	1
16	rs12448633	29400742	1	3.935402e-04	1.140476e-05	1
16	rs12448769	29672197	0	-1.253147e-03	-3.590524e-05	1
16	rs12448775	31384648	0	-1.043688e-05	-2.982323e-07	1
16	rs12596042	29934754	0	-6.305700e-04	-1.716541e-05	1
16	rs12596308	29691196	0	6.738380e-04	1.869833e-05	1
16	rs12596536	29402369	0	7.957156e-05	2.296716e-06	1
16	rs12596543	30029135	0	-1.074408e-05	-2.687367e-07	1
16	rs12596940	29692240	0	7.712751e-04	2.172277e-05	1
16	rs12597368	29645078	0	-3.699433e-04	-1.011549e-05	1
16	rs12597511	31145219	0	-5.876645e-05	-1.583762e-06	1
16	rs12598856	30029548	0	-8.800763e-05	-2.361961e-06	1
16	rs12599318	29692414	0	-3.677508e-04	-1.005783e-05	1
16	rs12599614	30466741	0	5.925004e-04	1.677228e-05	1
16	rs12599631	30944248	0	2.863483e-04	7.724643e-06	1
16	rs12600286	31360679	0	5.427847e-04	1.469493e-05	1
16	rs12691307	29939877	0	-1.068441e-03	-2.999478e-05	1
16	rs12716972	29936654	0	-1.103489e-03	-3.104476e-05	1
16	rs12716973	29937652	0	-7.725621e-04	-2.118024e-05	1
16	rs12716974	29944832	0	-7.663439e-04	-2.103109e-05	1
16	rs12716975	29950829	0	-6.545564e-04	-1.784885e-05	1
16	rs12716978	30981544	0	3.480563e-04	9.393667e-06	1
16	rs12716979	31011821	0	1.224893e-04	3.333278e-06	1
16	rs12716981	31118024	0	-9.271468e-04	-2.588285e-05	1
16	rs12716982	31128668	0	-8.899830e-04	-2.475299e-05	1
16	rs12851	30016977	0	1.567968e-04	4.487271e-06	1
16	rs12917712	29882490	0	-9.678541e-05	-2.622839e-06	1
16	rs12917722	30948397	0	2.636650e-04	7.137978e-06	1
16	rs12917874	31287649	0	6.390746e-04	1.819734e-05	1
16	rs12918327	30626616	0	8.348815e-05	2.288936e-06	1
16	rs12918652	29964357	0	-1.848745e-04	-4.974225e-06	1
16	rs12919022	30434509	0	1.437954e-04	4.125697e-06	1
16	rs12919612	29895303	0	-7.341942e-05	-1.968060e-06	1
16	rs12919683	29943367	0	-7.663439e-04	-2.103107e-05	1
16	rs12920185	30172025	0	3.618308e-04	1.024985e-05	1
16	rs12920597	31304382	0	3.103014e-05	8.725910e-07	1
16	rs12920760	29844279	0	-6.465209e-05	-1.785336e-06	1
16	rs12920772	31012781	0	-5.711238e-04	-1.561924e-05	1
16	rs12920857	30866026	4	-3.375548e-04	-9.043952e-06	1
16	rs12921440	30408765	0	9.589825e-04	2.687667e-05	1
16	rs12921723	30351842	1	-7.708206e-04	-2.155374e-05	1
16	rs12921753	30018720	0	-1.445991e-04	-3.898497e-06	1
16	rs12921996	30011618	0	9.356561e-05	2.547561e-06	1
16	rs12922100	30129936	0	-2.454891e-04	-7.102726e-06	1
16	rs12922984	30514470	0	1.534447e-03	4.486197e-05	1
16	rs12923297	31360944	0	5.530422e-04	1.499252e-05	1
16	rs12923534	30189297	0	3.413951e-04	9.667872e-06	1
16	rs12923573	30514296	0	1.534447e-03	4.486196e-05	1
16	rs12923886	29732022	0	3.569953e-04	1.040308e-05	1
16	rs12924622	30084052	0	1.066363e-04	2.889367e-06	1
16	rs12924903	30928970	0	3.058045e-04	8.299171e-06	1
16	rs12926100	30169472	0	3.618308e-04	1.024984e-05	1
16	rs12926237	30837596	0	1.621305e-04	4.347369e-06	1
16	rs12926295	30890538	0	8.174623e-05	2.193079e-06	1
16	rs12927033	29687168	0	1.049908e-03	2.994710e-05	1
16	rs12927190	30169393	0	8.591380e-04	2.369638e-05	1
16	rs12928081	30885159	2	-9.363591e-05	-2.548713e-06	1
16	rs12928610	30016022	0	-1.108599e-04	-2.960540e-06	1
16	rs12928725	31283996	0	1.885338e-04	5.315612e-06	1
16	rs12928754	29679989	0	-3.334103e-04	-9.089852e-06	1
16	rs12928810	31311715	0	2.706043e-04	7.593133e-06	1
16	rs12928852	30943988	0	3.384381e-04	9.135521e-06	1
16	rs12929007	30929696	0	-3.142864e-04	-8.683551e-06	1
16	rs12929065	30873881	0	-4.336790e-04	-1.202006e-05	1
16	rs12929077	31232489	0	-7.901314e-05	-2.137384e-06	1
16	rs12929333	29680389	0	6.922990e-04	1.927704e-05	1
16	rs12929826	29717884	0	2.076653e-04	5.715191e-06	1
16	rs12930239	29908777	0	7.368538e-05	2.006992e-06	1
16	rs12930545	30938811	0	3.833824e-04	1.035489e-05	1
16	rs12930657	30931968	0	3.871601e-04	1.045500e-05	1
16	rs12930787	30381303	0	-7.298611e-04	-2.033967e-05	1
16	rs12930944	30874075	0	-4.336790e-04	-1.202006e-05	1
16	rs12931046	30987144	0	2.731353e-04	7.361161e-06	1
16	rs12931096	30874201	0	-3.815892e-04	-1.055758e-05	1
16	rs12931955	30013066	0	-1.448256e-04	-3.871483e-06	1
16	rs12932023	29715852	0	5.415128e-04	1.585434e-05	1
16	rs12932310	29846133	0	-4.462135e-05	-1.230067e-06	1
16	rs12932429	31403145	0	1.816410e-05	5.279392e-07	1
16	rs12932680	29689845	0	3.020365e-04	8.630573e-06	1
16	rs12932691	29846729	0	2.801285e-04	7.856683e-06	1
16	rs12932957	29680256	0	-3.334103e-04	-9.089852e-06	1
16	rs12933498	29943459	0	-7.852899e-04	-2.158668e-05	1
16	rs12933548	29790709	0	2.951583e-04	8.414037e-06	1
16	rs12933575	30022564	0	-7.212818e-06	-1.735197e-07	1
16	rs12933766	29922011	0	-4.410624e-04	-1.200826e-05	1
16	rs12934418	31042299	0	-6.037578e-05	-1.630956e-06	1
16	rs12934900	30923602	0	2.353013e-04	6.311371e-06	1
16	rs12935156	31270172	0	4.217291e-05	1.188997e-06	1
16	rs12935192	31359330	0	7.428040e-04	2.033881e-05	1
16	rs12935265	29931028	0	-4.926505e-04	-1.447515e-05	1
16	rs12935500	30174984	0	3.618308e-04	1.024984e-05	1
16	rs12935701	30026748	0	-9.252871e-05	-2.481641e-06	1
16	rs12935834	29764461	1	1.245524e-04	3.423066e-06	1
16	rs13331733	29848417	0	-6.465209e-05	-1.785321e-06	1
16	rs13331798	29747291	0	-4.460065e-04	-1.245824e-05	1
16	rs13331817	30172627	0	8.591380e-04	2.369636e-05	1
16	rs13332078	29850705	0	-6.837039e-05	-1.889080e-06	1
16	rs13332167	30557226	0	5.609205e-04	1.571063e-05	1
16	rs13332660	29905882	0	1.745858e-04	4.889370e-06	1
16	rs13333093	30407269	0	9.589825e-04	2.687663e-05	1
16	rs13333997	31181111	0	1.613013e-04	4.411367e-06	1
16	rs13334660	30178281	0	3.618308e-04	1.024984e-05	1
16	rs13335021	29746830	0	-3.667042e-04	-1.021315e-05	1
16	rs13336235	31370765	0	2.721795e-04	7.595504e-06	1
16	rs13336347	30951566	0	3.187611e-04	8.652832e-06	1
16	rs13337900	30822409	0	-1.785375e-04	-4.797554e-06	1
16	rs13338069	31299474	0	2.747359e-04	7.760076e-06	1
16	rs13338912	29760347	0	-3.577987e-04	-9.895619e-06	1
16	rs13338928	31339903	0	-4.440375e-04	-1.240987e-05	1
16	rs13338946	30700858	0	3.140910e-05	8.503129e-07	1
16	rs13708	31000809	0	3.029369e-04	8.163671e-06	1
16	rs137959928	30434035	0	1.174294e-05	3.396825e-07	1
16	rs137993956	29913708	0	1.238095e-04	3.600083e-06	1
16	rs138211469	29735979	0	-2.913677e-04	-8.156507e-06	1
16	rs138213568	30930652	1	2.632335e-05	7.386800e-07	1
16	rs138258116	31370246	0	3.551855e-05	9.499976e-07	1
16	rs138425427	30591862	0	8.958840e-05	2.523944e-06	1
16	rs138447338	30513485	0	-1.826635e-04	-5.226052e-06	1
16	rs138599723	29732960	0	-3.157078e-04	-8.847294e-06	1
16	rs138729861	30399088	0	1.441699e-05	4.126331e-07	1
16	rs138755187	29763892	0	-1.498814e-04	-4.307191e-06	1
16	rs138825134	29613456	0	3.013814e-04	8.651435e-06	1
16	rs138850578	29736312	6	-2.524978e-04	-7.079323e-06	1
16	rs139053518	30504631	0	3.582759e-04	1.043450e-05	1
16	rs139356318	30048461	0	4.982975e-04	1.444530e-05	1
16	rs139904690	29667021	0	-2.999078e-04	-8.725828e-06	1
16	rs140615691	31291060	0	2.747359e-04	7.760076e-06	1
16	rs140646207	30469481	0	-1.032063e-04	-2.997312e-06	1
16	rs140775682	31290557	0	1.526647e-04	4.282782e-06	1
16	rs140785784	29714172	1	-2.028001e-04	-5.668356e-06	1
16	rs140820592	31021880	8	2.541693e-04	6.819220e-06	1
16	rs141305120	30120522	0	3.142258e-04	8.998123e-06	1
16	rs141391708	30979999	0	-4.108899e-04	-1.177171e-05	1
16	rs141436390	29826014	0	-1.690681e-04	-4.915252e-06	1
16	rs141659187	30729739	0	-4.090321e-04	-1.190588e-05	1
16	rs141764869	31354611	0	-4.681573e-04	-1.302172e-05	1
16	rs141926311	31053185	0	-1.194275e-04	-3.305139e-06	1
16	rs142086495	29958635	0	-3.297463e-04	-9.601930e-06	1
16	rs142098164	29922723	0	1.007189e-04	2.937267e-06	1
16	rs142125746	29606607	0	5.725805e-05	1.651704e-06	1
16	rs142166536	30930613	0	-2.071067e-05	-5.633985e-07	1
16	rs14235	31121793	0	-1.093310e-04	-2.951764e-06	1
16	rs142711568	30945223	0	2.526291e-04	7.337863e-06	1
16	rs142718941	30478759	0	3.009883e-04	8.774939e-06	1
16	rs143249661	30016820	0	1.841612e-05	5.290217e-07	1
16	rs143662876	29753188	0	-2.878077e-04	-8.295638e-06	1
16	rs143840454	29791575	0	-3.035164e-04	-8.823273e-06	1
16	rs143893157	29760427	0	8.818963e-05	2.476234e-06	1
16	rs144237376	30426319	0	-3.212940e-04	-9.312661e-06	1
16	rs144445645	30930561	0	-2.071067e-05	-5.633975e-07	1
16	rs144607906	31266579	0	-1.492626e-04	-4.348634e-06	1
16	rs144637766	29661941	0	-3.065662e-04	-8.913962e-06	1
16	rs144721815	29760405	0	-8.925840e-05	-2.588752e-06	1
16	rs144865761	30350114	0	-3.181848e-04	-9.218524e-06	1
16	rs144912130	31275393	0	-2.323315e-04	-6.556418e-06	1
16	rs145037259	29613205	0	5.002482e-04	1.458655e-05	1
16	rs145079417	31053065	1	-1.467210e-04	-4.065314e-06	1
16	rs145223727	29631927	0	-4.521030e-04	-1.317839e-05	1
16	rs145338730	29631150	0	-4.034075e-05	-1.172687e-06	1
16	rs145631601	29613904	0	3.013814e-04	8.651434e-06	1
16	rs1458201	30916129	0	2.007283e-04	5.518838e-06	1
16	rs1458202	30953202	0	3.833824e-04	1.035491e-05	1
16	rs145832035	29733357	0	-2.913677e-04	-8.156500e-06	1
16	rs145891982	31319502	0	-3.181430e-04	-9.262290e-06	1
16	rs146585275	29559005	11	-6.020466e-04	-1.759791e-05	1
16	rs146772260	29713946	0	3.384564e-04	9.898388e-06	1
16	rs146938894	31362769	0	-1.575297e-04	-4.567776e-06	1
16	rs147278356	29750550	0	4.639419e-05	1.313366e-06	1
16	rs147553474	30050605	0	-3.554677e-04	-1.029558e-05	1
16	rs147768264	29437178	1	-2.271635e-04	-6.548958e-06	1
16	rs147882703	31352806	0	-8.070410e-05	-2.244775e-06	1
16	rs147901631	30941160	0	-1.216796e-04	-3.362408e-06	1
16	rs147939153	31385384	0	3.222062e-04	9.408185e-06	1
16	rs148119987	31048858	0	-1.540530e-04	-4.268928e-06	1
16	rs148319768	29954615	0	5.681585e-05	1.644933e-06	1
16	rs148603263	30554096	0	3.618252e-04	1.056734e-05	1
16	rs148639118	30127786	0	2.991879e-04	8.741813e-06	1
16	rs148702283	30652427	1	-3.848051e-04	-1.103163e-05	1
16	rs148776955	30458271	0	1.495181e-06	3.846370e-08	1
16	rs148788997	30323168	0	-1.369596e-04	-3.873058e-06	1
16	rs149201347	29741932	1	3.592370e-04	1.018038e-05	1
16	rs149604995	31132633	0	3.925277e-04	1.144812e-05	1
16	rs149689856	30552187	0	-2.736125e-04	-7.810095e-06	1
16	rs150319029	31027969	0	-3.348716e-05	-9.168717e-07	1
16	rs150458589	30693135	0	-2.566926e-04	-7.322716e-06	1
16	rs150509203	29705064	0	1.363313e-04	3.941247e-06	1
16	rs150713896	29426017	0	-4.021619e-04	-1.165174e-05	1
16	rs150773264	30120692	0	3.559758e-04	1.019483e-05	1
16	rs150845792	29789489	0	3.933041e-04	1.151543e-05	1
16	rs151035219	30144009	0	-3.354547e-05	-9.746865e-07	1
16	rs151235673	30104843	0	2.499203e-04	7.294134e-06	1
16	rs151288592	31319756	0	-8.819543e-06	-2.474833e-07	1
16	rs1549293	31141993	0	-8.525112e-05	-2.299349e-06	1
16	rs1549299	31154146	0	-9.610601e-04	-2.672509e-05	1
16	rs1633805	29724394	0	1.684816e-04	4.650502e-06	1
16	rs1633810	29721864	0	1.448693e-04	3.981217e-06	1
16	rs170978	29743033	0	1.051863e-04	2.892225e-06	1
16	rs17640225	29713066	0	-4.494491e-05	-1.246043e-06	1
16	rs17641579	31392384	0	2.433274e-04	7.066713e-06	1
16	rs17641608	31396361	0	-8.325943e-04	-2.470312e-05	1
16	rs17708472	31105353	0	-4.842233e-05	-1.330974e-06	1
16	rs17708840	31396140	0	-4.680265e-04	-1.321144e-05	1
16	rs17708876	31398466	0	-4.059939e-04	-1.143698e-05	1
16	rs17790434	30520856	0	1.018565e-03	2.922025e-05	1
16	rs17790906	30569659	0	-2.334824e-04	-6.655130e-06	1
16	rs17835978	29432712	1	6.315218e-05	1.822445e-06	1
16	rs17839544	30491783	0	-6.613947e-04	-1.898139e-05	1
16	rs17839548	30564526	0	-2.069191e-04	-5.941627e-06	1
16	rs17839551	30363382	0	-2.023616e-04	-5.622225e-06	1
16	rs17839567	31057945	0	2.305137e-04	6.207678e-06	1
16	rs17839568	31099783	0	1.355235e-04	3.619956e-06	1
16	rs17842265	29653752	0	-3.034751e-04	-8.845196e-06	1
16	rs17842268	29684180	0	-1.169200e-03	-3.342882e-05	1
16	rs17849880	30999198	0	-3.940927e-04	-1.129796e-05	1
16	rs17850402	30566747	0	6.966057e-04	2.011931e-05	1
16	rs17855606	31142271	0	-6.378265e-04	-1.771693e-05	1
16	rs17880887	31110501	0	-4.821408e-04	-1.328644e-05	1
16	rs17881535	31108709	0	-4.842233e-05	-1.330965e-06	1
16	rs17886790	31100896	0	3.134100e-04	9.132156e-06	1
16	rs180394	29715032	0	2.738260e-04	7.602505e-06	1
16	rs180701530	29609315	0	2.187323e-04	6.270301e-06	1
16	rs1808430	31258993	0	3.745260e-04	1.019936e-05	1
16	rs181522608	30062856	0	-2.238624e-04	-6.510729e-06	1
16	rs182339188	30781511	0	2.869192e-04	8.327274e-06	1
16	rs182433739	29420750	0	-3.517148e-04	-1.020647e-05	1
16	rs182536497	31069252	0	4.115610e-04	1.203023e-05	1
16	rs183186934	29606753	0	-6.616439e-04	-1.939443e-05	1
16	rs185409	29404501	0	7.957156e-05	2.296709e-06	1
16	rs186014137	30725355	0	-1.229774e-04	-3.528315e-06	1
16	rs1870293	30970941	0	3.661081e-04	9.954628e-06	1
16	rs188304685	29939689	0	1.007189e-04	2.937267e-06	1
16	rs188708252	29881170	0	1.892976e-04	5.515127e-06	1
16	rs188899883	29624668	0	4.843343e-04	1.410733e-05	1
16	rs189757140	30180490	11	1.111112e-03	3.102671e-05	1
16	rs190159352	31195965	0	-5.056271e-04	-1.478862e-05	1
16	rs191825667	30801184	0	-3.657142e-04	-1.043502e-05	1
16	rs192537440	29619215	0	7.911039e-05	2.298138e-06	1
16	rs1978485	31131121	0	6.306416e-04	1.724560e-05	1
16	rs1978487	31129942	0	6.306416e-04	1.724560e-05	1
16	rs1985680	30123216	0	2.468064e-04	7.037965e-06	1
16	rs199859689	29626836	1	1.096845e-04	3.167399e-06	1
16	rs199900182	29416563	0	-2.258264e-04	-6.521388e-06	1
16	rs200735808	29406242	1	-3.352255e-04	-9.681263e-06	1
16	rs200830445	29402846	0	4.849585e-05	1.399062e-06	1
16	rs201231582	31352426	0	5.242873e-04	1.418082e-05	1
16	rs201555010	29562640	1	-4.550665e-04	-1.327016e-05	1
16	rs201724537	29409881	0	-4.021619e-04	-1.165174e-05	1
16	rs201917490	29430680	0	2.142648e-04	6.177287e-06	1
16	rs201918052	30772988	0	3.747870e-05	1.088815e-06	1
16	rs2020407	29623593	0	1.014037e-04	2.927700e-06	1
16	rs202166863	29440457	1	2.365638e-05	6.777085e-07	1
16	rs2032915	31117413	0	-1.821698e-04	-4.924366e-06	1
16	rs2054213	30971810	0	3.409107e-04	9.198758e-06	1
16	rs2054214	30971442	0	-2.448837e-05	-6.688352e-07	1
16	rs2083237	30175509	0	6.223415e-04	1.690698e-05	1
16	rs2125293	30863875	0	-3.149592e-04	-8.695189e-06	1
16	rs2168834	30863847	0	-3.940897e-04	-1.090658e-05	1
16	rs2199036	31006972	0	8.409463e-05	2.263631e-06	1
16	rs2230424	31367318	0	1.126903e-05	3.197559e-07	1
16	rs2230428	31371674	0	-9.370399e-05	-2.613663e-06	1
16	rs2230429	31374535	0	1.415557e-04	3.824605e-06	1
16	rs2230433	30518041	0	-5.474283e-04	-1.507403e-05	1
16	rs2230434	30518096	0	-6.472385e-04	-1.867584e-05	1
16	rs2278557	30093779	0	-1.815565e-04	-4.906237e-06	1
16	rs2288004	31054040	0	-8.036034e-04	-2.227797e-05	1
16	rs2288005	31227908	0	-2.250868e-04	-6.051132e-06	1
16	rs2289442	30739919	0	1.297183e-04	3.545169e-06	1
16	rs2303222	31085470	0	-8.136964e-04	-2.256778e-05	1
16	rs2303223	31075175	0	-1.046836e-04	-2.830048e-06	1
16	rs2303255	29706444	0	-1.414202e-05	-3.838876e-07	1
16	rs2305880	30999462	0	2.508471e-04	6.757235e-06	1
16	rs2305884	30970741	0	3.930006e-04	1.061329e-05	1
16	rs235630	29743018	0	1.051863e-04	2.892218e-06	1
16	rs235631	29743529	0	-6.063317e-05	-1.694635e-06	1
16	rs235659	29788919	0	8.176067e-04	2.237305e-05	1
16	rs235663	29748325	0	-1.315143e-04	-3.696202e-06	1
16	rs2359612	31103796	0	-1.453564e-04	-3.942674e-06	1
16	rs2359674	31083243	0	-7.234711e-05	-1.995734e-06	1
16	rs2454907	31404502	0	-2.330301e-04	-6.580745e-06	1
16	rs2454911	31406670	0	-2.330301e-04	-6.580744e-06	1
16	rs2549974	29641013	0	-2.044848e-04	-5.569056e-06	1
16	rs257867	29413322	0	2.986760e-05	8.591833e-07	1
16	rs257869	29411526	0	4.849585e-05	1.399061e-06	1
16	rs2735393	31196105	0	9.407701e-05	2.574033e-06	1
16	rs28360556	30929167	0	-4.099075e-04	-1.122731e-05	1
16	rs28360557	30983260	0	2.959664e-04	7.982810e-06	1
16	rs28372932	31339625	0	2.425597e-04	6.578962e-06	1
16	rs28385574	31158647	0	-1.904286e-04	-5.404636e-06	1
16	rs28421305	30838128	0	5.390317e-04	1.486856e-05	1
16	rs28490313	29640683	0	-3.268500e-04	-8.931015e-06	1
16	rs28517865	29914142	0	-2.625605e-04	-7.103255e-06	1
16	rs2855475	31147548	0	-1.501621e-04	-4.074315e-06	1
16	rs28599680	29860685	0	-7.172383e-05	-1.982493e-06	1
16	rs28663614	29659786	0	6.083370e-04	1.762186e-05	1
16	rs28677987	31397942	0	1.122996e-03	3.177215e-05	1
16	rs28708641	30507972	0	8.215698e-04	2.258902e-05	1
16	rs28709291	30083912	0	-2.081412e-04	-5.974806e-06	1
16	rs28725459	31132662	0	7.234587e-04	2.001936e-05	1
16	rs2878304	30878366	0	-3.187567e-04	-8.801945e-06	1
16	rs28814987	31081460	0	9.533394e-04	2.656187e-05	1
16	rs28841118	30630226	0	-7.560295e-04	-2.077904e-05	1
16	rs2884737	31105554	0	5.557555e-04	1.549109e-05	1
16	rs2884738	31126321	0	1.540230e-03	4.582451e-05	1
16	rs28853644	30801027	0	2.686051e-04	7.342735e-06	1
16	rs28877870	30168682	0	3.669923e-04	1.040087e-05	1
16	rs2887799	30163833	0	4.693762e-04	1.267537e-05	1
16	rs2919426	30660700	0	-5.159633e-04	-1.398973e-05	1
16	rs2927728	29646905	0	-6.003910e-04	-1.657174e-05	1
16	rs2929	31393308	0	-4.294482e-04	-1.187250e-05	1
16	rs3087438	30500761	0	8.854641e-04	2.446137e-05	1
16	rs3087439	30505821	0	-3.316348e-04	-9.527873e-06	1
16	rs3087443	30522152	0	1.011280e-03	2.899659e-05	1
16	rs3087796	31343653	0	1.254976e-04	3.424779e-06	1
16	rs34049928	29983015	0	1.560402e-04	4.522129e-06	1
16	rs34072967	31317977	0	3.040971e-04	8.262058e-06	1
16	rs34082782	31282970	0	7.881810e-05	2.215227e-06	1
16	rs34127220	29842891	0	-6.465209e-05	-1.785294e-06	1
16	rs34166377	30183041	0	3.618308e-04	1.024984e-05	1
16	rs34205348	29668898	0	-1.329760e-03	-3.837315e-05	1
16	rs34222852	29859627	0	1.569252e-04	4.399362e-06	1
16	rs34245571	31296118	0	-6.260957e-05	-1.816092e-06	1
16	rs34261613	30430628	0	1.388425e-04	3.987015e-06	1
16	rs34286592	29820480	0	3.171691e-04	8.911181e-06	1
16	rs34454770	31005567	0	4.328181e-04	1.182027e-05	1
16	rs34480360	30798689	0	2.338814e-04	6.420498e-06	1
16	rs34499019	30501609	0	-3.933464e-04	-1.085226e-05	1
16	rs34550882	31274875	0	-5.992862e-05	-1.686937e-06	1
16	rs34564246	30135798	0	-3.047319e-04	-8.824076e-06	1
16	rs34572943	31272353	0	2.081413e-04	5.889542e-06	1
16	rs34594027	31318314	0	3.040971e-04	8.262057e-06	1
16	rs34596480	29863620	0	-3.384547e-04	-9.896963e-06	1
16	rs34640030	30888012	0	-3.348529e-04	-9.785150e-06	1
16	rs34649473	31066538	1	-7.408835e-04	-2.041914e-05	1
16	rs34710374	29675855	0	-7.971315e-05	-2.318665e-06	1
16	rs34714403	29842547	0	-7.269217e-05	-2.009532e-06	1
16	rs34767000	31330270	0	1.733583e-04	4.807501e-06	1
16	rs34840035	30871515	0	-3.815892e-04	-1.055754e-05	1
16	rs34843513	30409241	0	-1.289674e-04	-3.742296e-06	1
16	rs34873012	30945861	0	2.863483e-04	7.724713e-06	1
16	rs34876189	30332203	0	-6.608619e-05	-1.904396e-06	1
16	rs34876239	30498824	0	8.394726e-04	2.309460e-05	1
16	rs34898535	31025641	0	-7.544843e-05	-2.039544e-06	1
16	rs34927056	31317427	0	3.040971e-04	8.262057e-06	1
16	rs35042042	29871730	0	-5.118974e-04	-1.451542e-05	1
16	rs35045843	31070781	0	-5.538141e-04	-1.594582e-05	1
16	rs35069260	30502558	0	-5.292460e-04	-1.512659e-05	1
16	rs35089016	30192359	0	5.534725e-04	1.588657e-05	1
16	rs35105141	30057148	0	-8.310262e-05	-2.226776e-06	1
16	rs35262362	30507196	0	-1.463012e-06	-4.571346e-08	1
16	rs35314490	31283164	0	3.661342e-05	1.025971e-06	1
16	rs35345720	29933603	0	8.265642e-05	2.379687e-06	1
16	rs35351013	31069854	0	-1.046836e-04	-2.830039e-06	1
16	rs35383035	31323572	0	2.747359e-04	7.760076e-06	1
16	rs35456265	31270617	0	-6.260957e-05	-1.816092e-06	1
16	rs35466388	31314599	0	3.040971e-04	8.262056e-06	1
16	rs35467921	30048553	0	-1.969445e-04	-5.318087e-06	1
16	rs35468353	31056433	0	2.305137e-04	6.207640e-06	1
16	rs35472514	31283323	0	1.613097e-05	4.522641e-07	1
16	rs35478648	30054613	0	-8.233175e-04	-2.423610e-05	1
16	rs35480350	30366039	0	-6.200090e-04	-1.717857e-05	1
16	rs35605010	30033428	0	-9.464181e-05	-2.524628e-06	1
16	rs35629860	30671532	0	-1.257806e-04	-3.473295e-06	1
16	rs35675346	30936081	0	1.119872e-04	3.056517e-06	1
16	rs35695082	30792389	0	-1.620068e-04	-4.554737e-06	1
16	rs35713203	31090407	0	5.370089e-04	1.463080e-05	1
16	rs35733741	30945887	0	2.636650e-04	7.137993e-06	1
16	rs3574	30411382	0	9.572820e-04	2.693290e-05	1
16	rs35822450	30498783	0	8.934618e-04	2.467946e-05	1
16	rs35900366	30199584	0	3.410177e-04	9.676966e-06	1
16	rs35901559	29829615	0	-6.248724e-05	-1.726497e-06	1
16	rs35961830	31032317	0	3.977830e-04	1.075646e-05	1
16	rs35968985	30516531	0	1.389870e-04	4.015260e-06	1
16	rs35969813	30714417	0	-1.048509e-04	-2.898624e-06	1
16	rs35983149	30174024	0	3.618308e-04	1.024983e-05	1
16	rs36001237	31318257	0	1.526647e-04	4.282780e-06	1
16	rs36055763	31299775	0	1.124079e-04	3.167977e-06	1
16	rs36064568	30646970	0	-1.929376e-04	-5.194414e-06	1
16	rs36069862	30186202	0	3.618308e-04	1.024983e-05	1
16	rs36100148	31345023	0	4.912499e-04	1.327674e-05	1
16	rs371085	29730246	0	2.804243e-04	7.829814e-06	1
16	rs373528142	29569181	2	1.034971e-04	2.992051e-06	1
16	rs3747481	30666367	0	1.047273e-04	2.856395e-06	1
16	rs3747486	30786927	0	-1.028605e-05	-2.911178e-07	1
16	rs3751855	31091209	0	1.580219e-04	4.228391e-06	1
16	rs3759987	29673903	0	2.599258e-04	7.380063e-06	1
16	rs3764275	29672982	0	3.441915e-04	9.791988e-06	1
16	rs3764323	31216779	0	-2.906325e-04	-7.897867e-06	1
16	rs3764326	31190538	0	3.169464e-04	9.265624e-06	1
16	rs3764327	31273129	0	-4.954663e-04	-1.365436e-05	1
16	rs3766	30368591	0	-1.734411e-04	-4.817930e-06	1
16	rs3809627	30103160	0	2.107980e-04	5.659953e-06	1
16	rs3812999	30773605	0	9.500094e-05	2.566702e-06	1
16	rs3813020	30934075	0	3.871601e-04	1.045507e-05	1
16	rs3814877	30042677	0	-2.828202e-04	-7.642657e-06	1
16	rs3814878	30041966	0	-4.948045e-05	-1.304277e-06	1
16	rs3814880	30017895	0	2.940586e-05	8.148100e-07	1
16	rs3814884	29994736	0	9.410385e-05	2.562166e-06	1
16	rs3815801	31276937	0	5.772434e-04	1.589450e-05	1
16	rs3815824	29852860	0	-4.262786e-05	-1.174029e-06	1
16	rs3862476	29687360	0	-5.064668e-04	-1.464685e-05	1
16	rs3924855	29954955	0	-7.791344e-04	-2.144438e-05	1
16	rs3925074	31347807	0	5.936549e-04	1.612980e-05	1
16	rs3925075	31347748	0	5.936549e-04	1.612979e-05	1
16	rs3935873	30018500	0	5.189917e-05	1.422892e-06	1
16	rs3976455	29861447	0	-7.172383e-05	-1.982472e-06	1
16	rs402720	29762882	0	1.945898e-04	5.344248e-06	1
16	rs4075052	31348233	0	1.254976e-04	3.424771e-06	1
16	rs4077410	29998200	0	-6.229813e-06	-1.499102e-07	1
16	rs4077810	31340909	0	7.557880e-06	1.967449e-07	1
16	rs41280854	30064471	0	5.082911e-05	1.472758e-06	1
16	rs41292378	30390677	0	-4.001899e-05	-1.163853e-06	1
16	rs41370044	31289127	0	1.729436e-04	4.858362e-06	1
16	rs41440449	31337677	0	2.425597e-04	6.578960e-06	1
16	rs41476751	31335906	0	-1.853974e-04	-5.111605e-06	1
16	rs41477949	31287427	0	3.664916e-04	9.986713e-06	1
16	rs423096	29730626	0	2.197345e-04	6.101139e-06	1
16	rs4232893	30423751	0	6.051470e-04	1.718243e-05	1
16	rs4238959	30038647	0	-6.698436e-05	-1.780645e-06	1
16	rs4238961	30380486	0	1.074715e-03	3.032485e-05	1
16	rs4243232	30514723	0	1.606339e-03	4.739097e-05	1
16	rs4247355	30392099	0	6.876278e-04	1.912718e-05	1
16	rs4264407	31371193	0	-1.830529e-04	-5.254201e-06	1
16	rs4280256	31349476	0	5.936549e-04	1.612978e-05	1
16	rs4281737	29642392	0	-3.893667e-04	-1.065248e-05	1
16	rs4283241	29988349	0	-2.597479e-04	-7.003262e-06	1
16	rs4290486	30890145	0	8.174623e-05	2.193143e-06	1
16	rs4318227	29984839	0	3.101414e-05	8.597534e-07	1
16	rs4340343	30404484	0	9.275635e-04	2.596091e-05	1
16	rs4341759	30514103	0	9.329785e-04	2.585830e-05	1
16	rs4344767	30165139	0	5.586930e-04	1.513654e-05	1
16	rs4359460	31349321	0	7.557880e-06	1.967369e-07	1
16	rs4402589	29954654	0	-9.854835e-04	-2.749120e-05	1
16	rs4404083	31136085	0	3.451981e-04	9.453910e-06	1
16	rs4407079	29931899	0	-6.571726e-04	-1.790599e-05	1
16	rs4411512	31347445	0	5.936549e-04	1.612978e-05	1
16	rs4420550	29938820	0	-1.028901e-03	-2.877944e-05	1
16	rs4424923	29939293	0	-1.103489e-03	-3.104454e-05	1
16	rs4448960	31349404	0	1.872995e-04	5.029995e-06	1
16	rs4450409	31349576	0	5.936549e-04	1.612977e-05	1
16	rs4459557	31361643	0	4.319782e-04	1.184255e-05	1
16	rs4468641	31096876	0	1.485709e-04	3.973318e-06	1
16	rs4485386	30636611	0	-3.112640e-05	-8.328743e-07	1
16	rs4493054	31361988	0	8.149907e-04	2.280901e-05	1
16	rs4496161	31223876	0	-1.706236e-04	-4.589532e-06	1
16	rs4500754	30376691	0	-2.335939e-04	-6.616666e-06	1
16	rs4502227	30980054	0	2.959664e-04	7.982831e-06	1
16	rs4506917	31347350	0	5.936549e-04	1.612977e-05	1
16	rs4522435	31361923	0	-2.577798e-04	-7.420337e-06	1
16	rs4525506	31349501	0	5.936549e-04	1.612977e-05	1
16	rs4527034	31131614	0	-2.076473e-04	-5.634033e-06	1
16	rs4527039	29946945	0	-1.097271e-03	-3.088645e-05	1
16	rs45599534	31094861	0	-4.842233e-05	-1.330932e-06	1
16	rs4561481	31259553	0	3.745260e-04	1.019934e-05	1
16	rs45619735	31143993	0	-6.485406e-04	-1.802610e-05	1
16	rs4563056	29698606	0	1.509319e-03	4.592902e-05	1
16	rs4583255	29988941	0	5.189917e-05	1.422949e-06	1
16	rs4594268	31343243	0	1.254976e-04	3.424744e-06	1
16	rs4597342	31343769	0	1.254976e-04	3.424742e-06	1
16	rs4598924	30514138	0	-1.255551e-04	-3.635943e-06	1
16	rs4608351	31348848	0	1.254976e-04	3.424741e-06	1
16	rs4609871	29932064	0	-9.880998e-04	-2.754426e-05	1
16	rs4616297	30730679	0	7.102668e-05	1.933329e-06	1
16	rs4632147	31363381	0	2.036571e-04	5.681426e-06	1
16	rs4787480	29857316	0	-7.172383e-05	-1.982449e-06	1
16	rs4787483	29885447	0	-1.744893e-05	-4.659728e-07	1
16	rs4787484	29906546	0	1.012928e-04	2.765425e-06	1
16	rs4787486	29977562	0	-1.789360e-04	-4.817915e-06	1
16	rs4787488	29995803	0	-1.639987e-04	-4.388506e-06	1
16	rs4787489	29995880	0	5.189917e-05	1.422967e-06	1
16	rs4787491	30015337	0	4.312397e-05	1.174952e-06	1
16	rs4787492	30055549	0	-6.698436e-05	-1.780585e-06	1
16	rs4787495	30165725	0	5.050356e-04	1.364764e-05	1
16	rs4787642	30359408	0	-7.987458e-04	-2.234541e-05	1
16	rs4787643	30393660	0	7.280484e-04	2.028012e-05	1
16	rs4787644	30418119	0	7.109583e-04	2.028293e-05	1
16	rs4788172	29668253	0	2.881427e-04	8.223658e-06	1
16	rs4788173	29670736	0	4.104929e-04	1.177423e-05	1
16	rs4788185	29839893	0	-6.465209e-05	-1.785247e-06	1
16	rs4788186	29841225	0	7.024920e-04	1.940116e-05	1
16	rs4788187	29845685	0	-1.479268e-04	-4.078168e-06	1
16	rs4788188	29860863	0	-1.549985e-04	-4.274592e-06	1
16	rs4788189	29921211	0	-2.881751e-04	-7.809875e-06	1
16	rs4788190	29948401	0	-7.854805e-04	-2.156888e-05	1
16	rs4788195	29960593	0	-2.137633e-04	-5.758210e-06	1
16	rs4788196	29967434	0	-2.594627e-04	-6.995491e-06	1
16	rs4788197	29970834	0	-3.425051e-05	-9.007396e-07	1
16	rs4788199	29970857	0	-2.104258e-05	-5.482588e-07	1
16	rs4788200	29971265	0	3.101414e-05	8.598460e-07	1
16	rs4788201	29972690	0	3.101414e-05	8.598493e-07	1
16	rs4788202	29978003	0	-1.789360e-04	-4.817867e-06	1
16	rs4788203	29978827	0	4.535003e-04	1.237029e-05	1
16	rs4788204	29995218	0	-5.320924e-04	-1.449348e-05	1
16	rs4788207	30010274	0	-1.223323e-04	-3.266269e-06	1
16	rs4788209	30013266	0	5.189917e-05	1.423021e-06	1
16	rs4788210	30013674	0	5.189917e-05	1.423025e-06	1
16	rs4788211	30015565	0	-2.565452e-04	-6.892311e-06	1
16	rs4788212	30034469	0	-1.053429e-05	-2.644862e-07	1
16	rs4788213	30034524	0	-1.053429e-05	-2.644832e-07	1
16	rs4788215	30047930	0	4.494510e-05	1.228055e-06	1
16	rs4788216	30048077	0	4.494510e-05	1.228058e-06	1
16	rs4788217	30051312	0	-1.529230e-05	-3.912590e-07	1
16	rs4788218	30055750	0	-1.969445e-04	-5.317929e-06	1
16	rs4788219	30063646	0	-2.072834e-04	-5.557885e-06	1
16	rs4788220	30063780	0	-2.072834e-04	-5.557882e-06	1
16	rs4788409	30393771	0	7.280484e-04	2.028010e-05	1
16	rs4788410	30396805	0	6.343747e-04	1.758863e-05	1
16	rs4788411	30396815	0	7.381796e-04	2.057788e-05	1
16	rs4788412	30405726	0	-7.697839e-05	-2.132395e-06	1
16	rs4788413	30410445	0	6.779336e-04	1.879618e-05	1
16	rs4889489	30812962	0	3.580930e-04	9.634927e-06	1
16	rs4889490	30823047	0	3.860905e-04	1.053491e-05	1
16	rs4889495	30502152	0	8.934618e-04	2.467940e-05	1
16	rs4889514	30943096	0	3.384381e-04	9.135583e-06	1
16	rs4889525	30989858	0	3.480563e-04	9.393742e-06	1
16	rs4889526	31030344	0	3.100708e-04	8.366015e-06	1
16	rs4889530	31065918	0	-8.036034e-04	-2.227798e-05	1
16	rs4889534	30865440	0	-3.815892e-04	-1.055755e-05	1
16	rs4889536	30871755	0	-4.336790e-04	-1.202003e-05	1
16	rs4889537	31203529	0	1.730782e-04	4.741863e-06	1
16	rs4889538	31206913	0	2.264482e-04	6.208383e-06	1
16	rs4889539	31221071	0	-5.099339e-04	-1.490571e-05	1
16	rs4889542	31319397	0	1.249562e-04	3.463064e-06	1
16	rs4889543	31340216	0	3.340585e-04	8.996752e-06	1
16	rs4889571	30949047	0	4.409935e-04	1.193568e-05	1
16	rs4889599	30968589	0	3.930006e-04	1.061332e-05	1
16	rs4889603	30982225	0	2.921334e-04	7.929127e-06	1
16	rs4889604	30985994	0	3.252252e-04	8.769697e-06	1
16	rs4889606	31011183	0	7.554157e-05	2.048706e-06	1
16	rs4889609	31026427	0	3.100708e-04	8.366009e-06	1
16	rs4889614	30862135	0	-4.336790e-04	-1.202002e-05	1
16	rs4889619	31128615	0	-9.620019e-04	-2.691930e-05	1
16	rs4889620	31131174	0	-1.401278e-04	-3.792141e-06	1
16	rs4889622	30870957	0	-4.336790e-04	-1.202002e-05	1
16	rs4889625	31167179	0	-1.427689e-03	-4.189681e-05	1
16	rs4889627	30875217	0	-3.094745e-05	-8.254630e-07	1
16	rs4889630	30877544	0	2.362731e-04	6.574666e-06	1
16	rs4889631	30877636	0	3.157730e-05	8.799602e-07	1
16	rs4889633	31216909	0	2.264482e-04	6.208379e-06	1
16	rs4889634	30878863	0	3.244693e-04	8.802663e-06	1
16	rs4889639	31261778	0	-2.427596e-05	-6.652905e-07	1
16	rs4889640	31264267	0	-3.642022e-05	-9.978673e-07	1
16	rs4889644	31282713	0	1.865449e-04	5.093425e-06	1
16	rs4889647	31331007	0	-1.381928e-04	-3.729237e-06	1
16	rs4889649	31362263	0	3.982710e-04	1.084547e-05	1
16	rs4889651	30895545	0	-2.004653e-04	-5.512644e-06	1
16	rs4889653	30895713	0	-2.004653e-04	-5.512642e-06	1
16	rs4889685	30929444	0	2.940180e-05	8.009733e-07	1
16	rs5013201	30404522	0	-1.152085e-04	-3.328347e-06	1
16	rs55667375	31155458	0	1.496463e-03	4.441271e-05	1
16	rs55676522	30883849	0	2.198119e-04	6.359244e-06	1
16	rs55678597	30118232	0	1.463966e-04	4.168844e-06	1
16	rs55680039	30048962	0	-1.745733e-06	-5.108041e-08	1
16	rs55719146	30901946	0	3.264573e-04	9.017808e-06	1
16	rs55731737	31017683	0	-1.099609e-04	-3.035798e-06	1
16	rs55742763	31340368	0	2.946680e-04	7.923339e-06	1
16	rs55755739	31254691	0	-3.387915e-04	-9.203175e-06	1
16	rs55762054	30015249	0	-2.992452e-04	-8.491279e-06	1
16	rs55766044	31117698	0	1.022866e-03	2.900490e-05	1
16	rs55861648	30833896	0	-1.913850e-04	-5.295467e-06	1
16	rs55903157	29994398	0	-2.871458e-04	-8.352067e-06	1
16	rs55908605	31015877	0	-1.099609e-04	-3.035795e-06	1
16	rs55912556	31355360	0	5.160055e-05	1.400909e-06	1
16	rs55919902	30473161	0	-6.558262e-04	-1.881574e-05	1
16	rs55979739	31049155	0	9.737413e-04	2.729384e-05	1
16	rs56000057	29595921	0	-3.393180e-04	-9.862484e-06	1
16	rs56083427	30881298	0	3.016866e-04	8.329948e-06	1
16	rs56106502	29617167	0	5.018903e-04	1.462364e-05	1
16	rs56142883	30875335	0	5.920453e-05	1.714579e-06	1
16	rs56143700	30360998	0	-1.969317e-04	-5.724539e-06	1
16	rs56153335	30605536	0	-4.669350e-04	-1.319588e-05	1
16	rs56183743	30007325	0	-1.740216e-04	-4.979270e-06	1
16	rs56193946	30956651	0	-2.448837e-05	-6.687824e-07	1
16	rs56284083	31052895	0	3.286956e-04	8.882612e-06	1
16	rs56311083	30557392	0	-3.809452e-04	-1.093950e-05	1
16	rs56314408	31117389	0	7.126138e-04	1.955877e-05	1
16	rs56329348	30030092	0	3.055656e-04	8.868283e-06	1
16	rs56388508	31132510	0	-6.485406e-04	-1.802608e-05	1
16	rs56391383	30538419	0	-5.337543e-04	-1.465562e-05	1
16	rs56392848	31360892	0	1.254976e-04	3.424730e-06	1
16	rs56399904	30166183	0	6.714231e-04	1.832049e-05	1
16	rs56404782	31126535	0	-6.376108e-04	-1.771103e-05	1
16	rs56656810	30788759	0	-6.304978e-05	-1.736380e-06	1
16	rs56813533	31070481	0	1.993660e-05	5.424317e-07	1
16	rs57312298	30012691	0	-2.859511e-04	-8.179657e-06	1
16	rs57348955	31185882	0	1.010983e-04	2.711921e-06	1
16	rs57434408	31066380	0	1.021202e-03	2.859541e-05	1
16	rs57442742	30506532	0	8.934618e-04	2.467940e-05	1
16	rs57576577	31036367	0	3.346563e-04	9.030686e-06	1
16	rs57615206	30014034	0	-2.859511e-04	-8.179657e-06	1
16	rs58200984	31343235	0	2.188501e-04	6.107926e-06	1
16	rs58352473	31322218	0	1.729436e-04	4.858369e-06	1
16	rs58408589	31362741	0	2.133659e-04	5.951794e-06	1
16	rs58483534	30131301	0	4.041102e-04	1.152335e-05	1
16	rs58656594	31330178	0	1.729436e-04	4.858369e-06	1
16	rs58726213	31044683	0	2.689270e-04	7.244177e-06	1
16	rs58827327	31322334	0	1.307389e-04	3.669531e-06	1
16	rs59016792	31355328	0	4.786841e-04	1.314737e-05	1
16	rs59061704	31062704	0	7.430338e-04	2.045531e-05	1
16	rs59151595	30603262	0	-4.100171e-04	-1.156217e-05	1
16	rs59381569	31400352	0	7.297713e-04	2.014825e-05	1
16	rs59419098	30010363	1	-6.595856e-05	-1.882929e-06	1
16	rs59735493	31133100	0	6.784000e-04	1.870712e-05	1
16	rs60312440	31340086	0	-2.643843e-04	-7.392029e-06	1
16	rs60660286	31275374	0	3.708352e-05	1.009946e-06	1
16	rs60683614	29999993	0	7.235646e-05	2.065998e-06	1
16	rs60978850	30010475	0	-2.158979e-04	-6.154575e-06	1
16	rs60996860	31134213	0	5.607053e-04	1.543097e-05	1
16	rs61162043	31114234	0	8.916894e-04	2.475873e-05	1
16	rs61194152	31355137	0	4.689690e-04	1.267966e-05	1
16	rs61239537	31012813	0	6.184846e-04	1.697067e-05	1
16	rs61320757	31134059	0	1.520801e-03	4.517743e-05	1
16	rs61396327	30644253	14	1.286619e-04	3.475458e-06	1
16	rs61738568	30680655	0	-1.783043e-04	-5.196770e-06	1
16	rs61744716	30569349	0	-2.042339e-04	-5.952681e-06	1
16	rs61764220	30127888	0	-2.480645e-04	-7.225174e-06	1
16	rs61978578	30408961	0	-1.253015e-04	-3.621990e-06	1
16	rs62051462	31275409	0	2.521401e-05	7.132649e-07	1
16	rs62051470	31309664	0	1.729436e-04	4.858368e-06	1
16	rs62051471	31309805	0	-2.666989e-05	-7.384133e-07	1
16	rs62051472	31312501	0	1.307389e-04	3.669530e-06	1
16	rs62051481	31323676	0	1.729436e-04	4.858367e-06	1
16	rs62051517	31346344	0	5.318626e-04	1.440423e-05	1
16	rs62051518	31353298	0	1.161036e-05	3.292108e-07	1
16	rs62051523	31356753	0	1.349257e-04	3.762755e-06	1
16	rs62051534	31393628	0	-3.158519e-04	-8.781888e-06	1
16	rs62051537	31402105	0	1.472580e-04	4.253439e-06	1
16	rs62051538	31405736	0	-1.211495e-04	-3.378031e-06	1
16	rs62054766	31248870	0	1.701695e-04	4.658284e-06	1
16	rs62054768	31254836	0	2.421265e-04	6.856365e-06	1
16	rs62054769	31255610	0	3.767303e-06	1.102985e-07	1
16	rs62054860	29720349	0	1.493923e-04	4.176433e-06	1
16	rs62054862	29723193	0	-6.388932e-05	-1.773105e-06	1
16	rs62054863	29723815	0	-2.671876e-04	-7.468048e-06	1
16	rs62054867	29726088	0	-6.388932e-05	-1.773102e-06	1
16	rs62054874	29734427	0	-3.157078e-04	-8.847236e-06	1
16	rs62054875	29735902	0	-2.913677e-04	-8.156448e-06	1
16	rs62054877	29738423	0	-2.184949e-04	-6.083075e-06	1
16	rs62054880	29740557	0	-2.913677e-04	-8.156445e-06	1
16	rs62054881	29740571	0	-8.321267e-05	-2.317740e-06	1
16	rs62054903	29750555	0	-3.029361e-05	-8.845134e-07	1
16	rs62054904	29757134	0	-3.029361e-05	-8.845134e-07	1
16	rs62055376	30164758	1	3.192193e-04	8.574609e-06	1
16	rs62055459	30398408	1	8.988269e-04	2.526531e-05	1
16	rs62055866	30969557	3	8.181238e-04	2.225835e-05	1
16	rs62056369	29823905	0	-3.029361e-05	-8.845139e-07	1
16	rs62056371	29834954	0	-7.052732e-05	-1.950722e-06	1
16	rs62056375	29857901	0	2.212918e-04	6.206596e-06	1
16	rs62057094	31128004	0	-5.352696e-04	-1.535796e-05	1
16	rs62057137	31182696	0	-6.645660e-04	-1.935738e-05	1
16	rs62057183	30744826	0	-5.711423e-04	-1.640055e-05	1
16	rs62057184	30745976	0	-6.206823e-04	-1.788968e-05	1
16	rs62057223	30801987	0	3.302711e-04	8.876190e-06	1
16	rs62057232	30820866	0	4.256482e-04	1.162078e-05	1
16	rs62057680	29986627	0	-2.196611e-05	-6.307374e-07	1
16	rs62057756	30117253	0	-9.912331e-05	-2.664949e-06	1
16	rs62059020	29669910	0	-1.399130e-03	-4.068063e-05	1
16	rs62059023	29681707	0	-9.617313e-04	-2.702631e-05	1
16	rs62059024	29681734	0	-1.047763e-03	-2.965044e-05	1
16	rs62059025	29692277	0	-1.088573e-03	-3.086364e-05	1
16	rs62060162	29710492	0	-1.798037e-04	-5.020165e-06	1
16	rs62060163	29710682	0	-1.798037e-04	-5.020164e-06	1
16	rs62060164	29711801	0	-1.596350e-04	-4.456451e-06	1
16	rs62060166	29713913	0	-2.583234e-04	-7.224583e-06	1
16	rs62060167	29715145	0	-1.559167e-04	-4.351700e-06	1
16	rs62622830	30770950	0	-1.500310e-04	-4.141648e-06	1
16	rs634395	29719579	0	-2.192462e-05	-6.223567e-07	1
16	rs634977	29733308	0	3.348668e-04	9.250744e-06	1
16	rs637460	29805803	0	-3.232136e-04	-9.350865e-06	1
16	rs645946	29734314	1	1.907601e-04	5.235615e-06	1
16	rs648559	29740645	0	1.718619e-04	4.735060e-06	1
16	rs6565169	29692692	0	-3.846399e-04	-1.054300e-05	1
16	rs6565173	29974167	0	3.101414e-05	8.599113e-07	1
16	rs6565174	30111904	0	4.714764e-04	1.348169e-05	1
16	rs6565176	30174926	0	9.801446e-04	2.733349e-05	1
16	rs6565180	30361341	0	-6.701245e-04	-1.849249e-05	1
16	rs6565182	30374381	0	-5.994041e-04	-1.658899e-05	1
16	rs6565183	30382755	0	-6.835365e-04	-1.886581e-05	1
16	rs6565191	30546488	0	-2.798968e-04	-7.597503e-06	1
16	rs6565193	30600260	0	-2.303898e-04	-6.643715e-06	1
16	rs6565195	30648547	0	-5.937220e-04	-1.615203e-05	1
16	rs6565196	30656594	0	-4.323612e-04	-1.170799e-05	1
16	rs6565197	30706477	0	-1.297591e-04	-3.509534e-06	1
16	rs6565201	30747191	0	1.521769e-04	4.124670e-06	1
16	rs6565207	30835963	0	1.403059e-04	3.760670e-06	1
16	rs6565214	31059639	0	-1.194275e-04	-3.305033e-06	1
16	rs6565217	31083324	0	2.346973e-04	6.290567e-06	1
16	rs6565225	31280661	0	1.785182e-04	4.874003e-06	1
16	rs6565227	31328991	0	1.733583e-04	4.807492e-06	1
16	rs6565228	31329280	0	1.733583e-04	4.807492e-06	1
16	rs66467443	30050494	1	-1.255391e-04	-3.362828e-06	1
16	rs66818723	29887215	0	-4.384067e-06	-1.106219e-07	1
16	rs67128646	30672097	0	-8.622293e-05	-2.384231e-06	1
16	rs67218159	30050505	0	1.783350e-05	4.983720e-07	1
16	rs67264578	30879395	0	3.016866e-04	8.329924e-06	1
16	rs67456513	30714828	0	-1.297591e-04	-3.509542e-06	1
16	rs67456613	30888295	0	3.136116e-04	8.659941e-06	1
16	rs67575585	30468890	0	-1.006633e-03	-2.906384e-05	1
16	rs67575668	29669560	0	4.332064e-04	1.245370e-05	1
16	rs67693285	30623979	0	-3.363765e-04	-9.114733e-06	1
16	rs67817011	30179098	0	5.017638e-04	1.434357e-05	1
16	rs67898294	31362711	0	1.631506e-04	4.547624e-06	1
16	rs6950	30995669	0	3.241135e-04	8.747256e-06	1
16	rs71277298	29732886	0	4.466004e-04	1.305336e-05	1
16	rs71389428	29842632	0	-6.465209e-05	-1.785205e-06	1
16	rs71389435	29907027	0	3.264250e-04	9.484288e-06	1
16	rs71389462	30326963	0	-2.050422e-04	-5.899555e-06	1
16	rs71391210	31364975	0	-1.039553e-04	-2.896356e-06	1
16	rs71391212	31365466	5	-1.261048e-04	-3.631878e-06	1
16	rs7184055	30640550	0	-5.621215e-04	-1.528662e-05	1
16	rs7184288	29935052	0	-4.933573e-04	-1.336210e-05	1
16	rs7184339	31288914	0	2.706043e-04	7.593129e-06	1
16	rs7184567	31021078	0	4.056564e-04	1.098218e-05	1
16	rs7184677	31289066	0	2.706043e-04	7.593129e-06	1
16	rs7184910	31229022	0	-9.355328e-05	-2.515871e-06	1
16	rs7185007	30927509	0	1.148619e-04	3.143610e-06	1
16	rs7185357	30443785	0	-3.893861e-04	-1.123556e-05	1
16	rs7185620	30648260	0	-1.929376e-04	-5.194428e-06	1
16	rs7186832	31230463	0	-2.254162e-04	-6.099437e-06	1
16	rs7186852	30635659	0	-8.347178e-05	-2.242533e-06	1
16	rs7187071	30644567	0	-1.929376e-04	-5.194426e-06	1
16	rs7187143	31179800	0	2.569834e-04	7.032812e-06	1
16	rs7187359	30703155	0	-1.297591e-04	-3.509542e-06	1
16	rs7187409	30497816	0	-2.294945e-04	-6.634590e-06	1
16	rs7187713	31319521	0	1.526647e-04	4.282778e-06	1
16	rs7187802	30639710	0	-4.712920e-04	-1.283333e-05	1
16	rs7187995	31112810	1	-1.987756e-04	-5.379235e-06	1
16	rs7188789	30640185	0	-2.613323e-04	-7.047864e-06	1
16	rs7189550	29911260	0	-2.126986e-04	-5.764170e-06	1
16	rs7189750	29911416	0	-2.126986e-04	-5.764168e-06	1
16	rs7189870	29735063	0	-2.913677e-04	-8.156427e-06	1
16	rs7190018	31301478	0	2.706043e-04	7.593128e-06	1
16	rs7190132	29752794	0	-4.068167e-04	-1.129632e-05	1
16	rs7190185	29962352	0	-2.790280e-04	-7.530187e-06	1
16	rs7190552	30471046	0	5.687028e-04	1.598288e-05	1
16	rs7190802	31163531	0	1.398947e-03	4.098929e-05	1
16	rs7190807	31301910	0	-1.173270e-04	-3.249036e-06	1
16	rs7190997	31368178	0	7.308956e-05	1.950953e-06	1
16	rs7191389	30636737	0	-3.112640e-05	-8.328891e-07	1
16	rs7191511	31290293	0	1.526647e-04	4.282777e-06	1
16	rs7191761	30645416	0	-1.929376e-04	-5.194422e-06	1
16	rs7191849	30023157	0	-8.918502e-05	-2.377087e-06	1
16	rs7192039	31290520	0	1.526647e-04	4.282777e-06	1
16	rs7192161	31331958	0	-1.381928e-04	-3.729246e-06	1
16	rs7192375	31338938	0	6.967418e-05	1.884724e-06	1
16	rs7192475	30828672	0	-1.477393e-05	-4.016740e-07	1
16	rs7193268	31340997	0	-2.249938e-04	-6.284056e-06	1
16	rs7193532	29962802	0	5.189917e-05	1.423096e-06	1
16	rs7193756	29749904	0	-4.068167e-04	-1.129631e-05	1
16	rs7193943	31271063	0	-4.216421e-04	-1.157103e-05	1
16	rs7195050	29711343	0	-1.279943e-04	-3.544698e-06	1
16	rs7195182	30169761	0	1.038309e-03	2.902016e-05	1
16	rs7195241	30469957	0	-9.328086e-04	-2.680451e-05	1
16	rs7195557	29683587	0	7.011517e-05	1.917897e-06	1
16	rs7195596	29749599	0	-4.068167e-04	-1.129631e-05	1
16	rs7195915	31344455	0	4.912499e-04	1.327669e-05	1
16	rs7195945	31344309	0	4.912499e-04	1.327669e-05	1
16	rs7196161	31110981	0	6.306416e-04	1.724558e-05	1
16	rs7196256	31273530	0	-4.638468e-04	-1.274659e-05	1
16	rs7196298	30528272	0	-8.741224e-04	-2.564125e-05	1
16	rs7196726	31092075	0	2.969824e-04	7.977673e-06	1
16	rs7197001	30155031	0	1.009242e-03	2.810135e-05	1
16	rs7197475	30642867	0	-1.929376e-04	-5.194420e-06	1
16	rs7197665	29585848	0	-5.773986e-04	-1.691737e-05	1
16	rs7197717	31083075	0	2.101117e-04	5.630890e-06	1
16	rs7197770	30715908	0	-1.297591e-04	-3.509545e-06	1
16	rs7198250	30746822	0	2.927161e-05	7.819798e-07	1
16	rs7198549	29657542	0	3.392469e-06	9.711610e-08	1
16	rs7198598	31319283	0	1.151203e-04	3.230442e-06	1
16	rs7199585	31395578	0	1.152891e-03	3.266124e-05	1
16	rs7199949	31096164	0	2.101117e-04	5.630885e-06	1
16	rs7200615	31337155	0	-1.029226e-04	-2.881639e-06	1
16	rs7200879	30947572	0	1.610242e-04	4.416730e-06	1
16	rs7201384	29924905	0	-1.103489e-03	-3.104434e-05	1
16	rs7201518	30082508	0	3.574506e-04	9.651900e-06	1
16	rs7201519	29859977	0	-7.172383e-05	-1.982381e-06	1
16	rs7201780	30147265	0	-1.305068e-04	-3.563976e-06	1
16	rs7202271	30022656	0	-2.158979e-04	-6.154583e-06	1
16	rs7202714	30177807	0	6.678597e-04	1.833050e-05	1
16	rs7203224	30061754	0	-2.081412e-04	-5.974828e-06	1
16	rs7203359	30400307	0	6.078461e-04	1.683082e-05	1
16	rs7203712	29716569	0	-1.702253e-05	-4.579085e-07	1
16	rs7203999	31017554	0	-3.540111e-04	-9.564572e-06	1
16	rs7204278	30730274	0	1.847223e-04	5.011270e-06	1
16	rs7204459	30984212	0	3.252252e-04	8.769778e-06	1
16	rs7204632	30644216	0	-5.943188e-04	-1.615725e-05	1
16	rs7204735	31350161	0	-8.070410e-05	-2.244790e-06	1
16	rs7204797	29968015	0	-3.425051e-05	-9.006100e-07	1
16	rs7204852	30040178	0	4.494510e-05	1.228138e-06	1
16	rs7205278	29754683	0	-4.068167e-04	-1.129630e-05	1
16	rs7205479	30644261	12	-7.051103e-06	-1.807339e-07	1
16	rs7205802	30114124	0	1.673496e-04	4.507141e-06	1
16	rs7206295	31336519	0	1.809770e-04	4.947032e-06	1
16	rs7206312	31322048	0	7.533493e-04	2.166211e-05	1
16	rs7206511	30950352	0	3.210861e-04	8.653205e-06	1
16	rs72483435	29752368	0	1.863411e-05	5.363680e-07	1
16	rs72785506	31051496	0	-4.754629e-05	-1.379403e-06	1
16	rs72785511	31059325	0	8.183226e-04	2.392381e-05	1
16	rs72785520	31070778	0	9.573671e-04	2.669816e-05	1
16	rs72785521	31078140	0	-4.842233e-05	-1.330859e-06	1
16	rs72785525	31080775	0	1.654550e-04	4.619554e-06	1
16	rs72785535	31094679	0	-4.842233e-05	-1.330857e-06	1
16	rs72785546	31119462	0	-5.167796e-04	-1.426214e-05	1
16	rs72785547	31119554	0	-5.167796e-04	-1.426214e-05	1
16	rs72785553	31138445	0	-6.485406e-04	-1.802602e-05	1
16	rs72785554	31139261	0	9.754458e-04	2.869980e-05	1
16	rs72785569	31178800	0	-3.343226e-04	-9.556867e-06	1
16	rs72785572	31187688	0	3.317169e-04	9.564201e-06	1
16	rs72791208	30035806	0	-4.352683e-04	-1.271576e-05	1
16	rs72791222	30059792	0	-3.538934e-04	-1.027529e-05	1
16	rs72791226	30091251	0	-3.692219e-04	-1.077617e-05	1
16	rs72791231	30111922	0	-3.791186e-04	-1.101631e-05	1
16	rs72791250	30349065	0	-3.181848e-04	-9.218551e-06	1
16	rs72791266	30458954	0	4.921920e-05	1.389062e-06	1
16	rs72791981	31327179	0	2.132149e-04	5.993269e-06	1
16	rs72793343	30556903	0	-3.707020e-04	-1.063072e-05	1
16	rs72793348	30573059	0	-4.023100e-04	-1.174907e-05	1
16	rs72793351	30602563	0	-4.569544e-04	-1.290397e-05	1
16	rs72793353	30623514	0	2.222466e-04	6.373439e-06	1
16	rs72793363	30671578	0	2.195283e-04	6.293755e-06	1
16	rs72793368	30685272	0	-4.090321e-04	-1.190590e-05	1
16	rs72793369	30703455	0	-4.090321e-04	-1.190590e-05	1
16	rs72793372	30718873	0	-6.755519e-05	-1.855599e-06	1
16	rs72793373	30719158	0	-2.393981e-05	-6.910946e-07	1
16	rs72793375	30737905	0	-3.309725e-05	-8.996816e-07	1
16	rs72793380	30758743	0	-1.785177e-04	-5.093018e-06	1
16	rs72793383	30785467	0	1.560021e-04	4.545836e-06	1
16	rs72798106	29658573	0	-8.103193e-04	-2.256375e-05	1
16	rs72798151	29933890	0	-6.353805e-05	-1.841685e-06	1
16	rs72799316	30827205	0	-7.085381e-05	-1.908509e-06	1
16	rs72799319	30852783	0	-1.835769e-04	-5.082853e-06	1
16	rs72799321	30874830	0	-2.652192e-04	-7.361197e-06	1
16	rs72799330	30893555	0	3.389871e-04	9.367205e-06	1
16	rs72799341	30936743	0	1.932278e-04	5.305481e-06	1
16	rs72799363	30981884	0	-2.448837e-05	-6.687157e-07	1
16	rs72799368	30988943	0	-2.448837e-05	-6.687147e-07	1
16	rs72800840	31009786	0	1.768876e-04	5.147817e-06	1
16	rs72800841	31014247	0	-2.767126e-04	-7.658421e-06	1
16	rs72800842	31015439	0	-9.084720e-05	-2.503079e-06	1
16	rs72800845	31020921	0	-3.674104e-05	-1.008135e-06	1
16	rs72800846	31020922	0	-3.674104e-05	-1.008134e-06	1
16	rs72800847	31022639	0	4.345041e-04	1.186260e-05	1
16	rs72800849	31023414	0	-1.093305e-04	-3.021452e-06	1
16	rs72800851	31023515	0	1.970704e-04	5.723215e-06	1
16	rs72800854	31036237	0	-1.093305e-04	-3.021450e-06	1
16	rs72800858	31047773	0	-1.093305e-04	-3.021449e-06	1
16	rs7294	31102321	0	9.012495e-04	2.502293e-05	1
16	rs729482	31016970	0	5.381417e-04	1.472987e-05	1
16	rs732173	31050023	0	9.549822e-04	2.670956e-05	1
16	rs73524556	30823162	0	-1.244169e-04	-3.342776e-06	1
16	rs73526294	29652229	0	6.083370e-04	1.762182e-05	1
16	rs73530179	30107781	0	-1.040790e-04	-2.766815e-06	1
16	rs73530203	31099859	0	5.370089e-04	1.463070e-05	1
16	rs73532550	30190487	0	5.496900e-04	1.553422e-05	1
16	rs73532600	30398677	7	2.833652e-04	7.643379e-06	1
16	rs7359380	29902414	0	4.248626e-05	1.167785e-06	1
16	rs74017619	29437092	1	2.365638e-05	6.776897e-07	1
16	rs741810	31193942	0	1.645693e-04	4.507466e-06	1
16	rs74249933	29751163	0	-4.068167e-04	-1.129629e-05	1
16	rs74315902	30742669	0	4.648525e-05	1.356058e-06	1
16	rs74400203	30036049	0	-1.531366e-04	-4.392248e-06	1
16	rs74451468	30146257	0	5.446160e-04	1.577500e-05	1
16	rs74483355	30836430	0	-3.517087e-04	-1.005212e-05	1
16	rs74767856	30095734	0	4.267310e-05	1.211817e-06	1
16	rs74792333	31332129	0	-1.316631e-05	-3.797270e-07	1
16	rs74893465	29749194	0	1.863411e-05	5.363809e-07	1
16	rs749670	31088625	0	-1.046836e-04	-2.830028e-06	1
16	rs749671	31088347	0	-1.718234e-04	-4.653422e-06	1
16	rs749767	31124407	0	-9.183351e-04	-2.561557e-05	1
16	rs7498372	29910725	0	3.340947e-05	9.181695e-07	1
16	rs7499077	31317505	0	3.040971e-04	8.262066e-06	1
16	rs7499192	31281751	0	1.865449e-04	5.093432e-06	1
16	rs7499339	30636777	0	-3.979901e-04	-1.075255e-05	1
16	rs7500176	31041137	0	5.712386e-04	1.564717e-05	1
16	rs7500719	30840877	0	5.515322e-04	1.523022e-05	1
16	rs7501207	31351552	0	3.325048e-04	9.030026e-06	1
16	rs750952	31093954	0	9.533394e-04	2.656171e-05	1
16	rs75231191	30788601	0	-2.813199e-04	-8.019984e-06	1
16	rs75281532	29607027	0	5.725805e-05	1.651683e-06	1
16	rs7542	30125840	0	3.215261e-04	8.582772e-06	1
16	rs75422760	29748442	0	1.035806e-04	2.916930e-06	1
16	rs75460591	30392011	0	2.799813e-05	8.134950e-07	1
16	rs75500538	30782449	0	-3.392712e-04	-9.693291e-06	1
16	rs75516730	31262804	0	-2.271954e-04	-6.524628e-06	1
16	rs75549506	29933739	0	5.353113e-04	1.555335e-05	1
16	rs75585721	31033705	0	3.925277e-04	1.144816e-05	1
16	rs75586365	30996363	0	-3.940927e-04	-1.129797e-05	1
16	rs75586809	31090269	0	6.773281e-05	1.971908e-06	1
16	rs75721735	30079724	0	-2.081412e-04	-5.974833e-06	1
16	rs75832891	30171625	0	2.778111e-05	7.607943e-07	1
16	rs76106647	30388890	0	-1.003571e-05	-2.927707e-07	1
16	rs76264759	29628208	0	-9.684652e-05	-2.816736e-06	1
16	rs76345698	30946165	0	-3.473099e-04	-9.926957e-06	1
16	rs76359228	30553899	0	1.216433e-03	3.611483e-05	1
16	rs76445101	29751561	0	-4.068167e-04	-1.129629e-05	1
16	rs76468440	31354822	0	1.349257e-04	3.762776e-06	1
16	rs76712312	29976076	0	-2.769767e-04	-7.995940e-06	1
16	rs76750340	31231066	0	2.888629e-04	8.401235e-06	1
16	rs76834203	30156068	1	4.885046e-04	1.396921e-05	1
16	rs76840156	29965436	0	1.841612e-05	5.289987e-07	1
16	rs76919728	30933851	0	4.115610e-04	1.203026e-05	1
16	rs7698	30125800	0	5.276451e-04	1.520235e-05	1
16	rs77000650	29749969	0	9.793634e-05	2.757293e-06	1
16	rs77016006	30354216	0	-3.450084e-04	-9.622635e-06	1
16	rs77042391	30138432	0	5.103772e-05	1.485076e-06	1
16	rs77070948	30019821	0	1.430483e-04	4.105346e-06	1
16	rs77088799	30933547	0	1.910012e-04	5.555316e-06	1
16	rs77189101	31405217	0	5.253614e-04	1.436155e-05	1
16	rs77218983	31001268	0	5.948896e-05	1.719103e-06	1
16	rs77250249	30841085	0	8.519391e-05	2.480102e-06	1
16	rs77355772	31038048	0	3.925277e-04	1.144816e-05	1
16	rs77363739	31406217	0	3.797455e-04	1.110572e-05	1
16	rs77503088	30814764	0	-2.178880e-04	-6.276028e-06	1
16	rs77604316	30921487	0	-3.473099e-04	-9.926956e-06	1
16	rs77663651	29750851	0	1.863411e-05	5.363883e-07	1
16	rs77679610	30462291	0	4.842547e-05	1.401273e-06	1
16	rs77685267	30192435	0	1.414522e-04	3.984689e-06	1
16	rs77689392	30424412	0	3.722966e-04	1.086942e-05	1
16	rs77730873	30046763	0	-4.030255e-05	-1.172892e-06	1
16	rs77871165	30405895	0	3.372110e-04	9.810860e-06	1
16	rs78008308	30014976	0	1.841612e-05	5.289989e-07	1
16	rs78055730	29584446	0	2.741406e-04	7.950335e-06	1
16	rs78154181	31353648	0	5.936549e-04	1.612977e-05	1
16	rs78210758	30063191	0	2.172814e-04	6.240106e-06	1
16	rs78244732	29764804	0	1.172856e-04	3.290744e-06	1
16	rs78363733	30030333	0	7.235646e-05	2.065981e-06	1
16	rs78382251	30704893	0	-3.551656e-04	-1.012590e-05	1
16	rs78417606	29874855	0	4.686801e-04	1.371668e-05	1
16	rs78520265	29750947	0	1.863411e-05	5.363905e-07	1
16	rs78564187	30131777	0	2.275639e-04	6.485835e-06	1
16	rs78641771	30916404	0	3.456867e-04	1.007214e-05	1
16	rs78748952	31307384	0	3.652686e-04	1.032634e-05	1
16	rs78807581	30014975	0	1.841612e-05	5.289990e-07	1
16	rs78850123	29679227	0	-7.971315e-05	-2.318650e-06	1
16	rs78924645	31154358	0	1.208979e-03	3.487775e-05	1
16	rs78985803	30812608	0	-1.229774e-04	-3.528253e-06	1
16	rs79030220	31099582	0	5.138094e-04	1.481983e-05	1
16	rs79043334	29671016	0	-1.058827e-04	-3.049546e-06	1
16	rs79128613	30788236	0	-1.229774e-04	-3.528252e-06	1
16	rs79298699	31402042	0	1.103296e-05	3.148870e-07	1
16	rs79323299	30137608	0	2.295078e-04	6.687203e-06	1
16	rs79388979	31270616	0	-6.260957e-05	-1.816085e-06	1
16	rs79512505	30194328	0	2.493109e-04	7.061718e-06	1
16	rs79597785	30735038	0	3.534490e-04	1.030396e-05	1
16	rs79619339	30058313	0	-3.538934e-04	-1.027529e-05	1
16	rs79623117	30190891	0	-3.879433e-04	-1.129313e-05	1
16	rs79645868	31220394	0	1.471020e-04	4.283968e-06	1
16	rs79758803	29753925	0	1.863411e-05	5.363923e-07	1
16	rs79867441	29950820	0	3.515971e-04	1.010911e-05	1
16	rs79912852	31154345	0	8.813077e-04	2.573281e-05	1
16	rs79974799	30996795	0	-3.940927e-04	-1.129797e-05	1
16	rs80000693	30362813	0	3.379013e-04	9.850755e-06	1
16	rs80157007	30598966	0	4.312739e-04	1.256983e-05	1
16	rs80225586	30406410	0	-3.181848e-04	-9.218551e-06	1
16	rs80260207	30134251	0	2.295078e-04	6.687203e-06	1
16	rs80273739	29933901	0	3.844839e-05	1.115099e-06	1
16	rs80282267	30059960	0	5.681585e-05	1.645009e-06	1
16	rs80318951	30829668	0	2.737760e-04	7.406187e-06	1
16	rs8043811	29764279	0	-3.287027e-04	-9.091200e-06	1
16	rs8043883	30044581	0	4.494510e-05	1.228148e-06	1
16	rs8044030	30927990	17	6.646425e-04	1.837762e-05	1
16	rs8044075	31263867	0	-7.862490e-05	-2.148975e-06	1
16	rs8045252	30422415	0	-3.286055e-04	-9.130982e-06	1
16	rs8045351	29737351	0	-2.306250e-04	-6.442217e-06	1
16	rs8045570	30422565	0	-1.611810e-04	-4.461263e-06	1
16	rs8046001	30833321	0	1.991123e-05	5.268572e-07	1
16	rs8046381	31379355	0	-1.894977e-04	-5.448489e-06	1
16	rs8046445	30386262	0	1.161156e-03	3.314364e-05	1
16	rs8046707	30916233	0	5.260390e-04	1.440865e-05	1
16	rs8046978	31072909	0	-4.842233e-05	-1.330815e-06	1
16	rs8047104	31079505	0	1.427229e-04	3.981850e-06	1
16	rs8047140	29922988	0	-5.720727e-04	-1.614648e-05	1
16	rs8047664	30844546	0	4.090321e-04	1.190590e-05	1
16	rs8047803	31079834	2	2.072863e-04	5.548228e-06	1
16	rs8047985	31261241	0	3.157744e-04	8.590974e-06	1
16	rs8048011	30866966	0	2.294965e-04	6.652582e-06	1
16	rs8048139	30166626	0	6.376610e-04	1.732319e-05	1
16	rs8048228	31064060	0	-4.842233e-05	-1.330811e-06	1
16	rs8048433	29931593	0	-6.923138e-04	-1.893128e-05	1
16	rs8048448	30692208	0	1.897927e-04	5.155241e-06	1
16	rs8049108	30376486	0	-7.791096e-04	-2.161099e-05	1
16	rs8049837	30089438	0	-2.081412e-04	-5.974837e-06	1
16	rs8050107	30893451	0	-2.004653e-04	-5.512560e-06	1
16	rs8050330	30824970	0	3.861013e-06	9.746970e-08	1
16	rs8050500	31404571	0	1.168952e-03	3.300987e-05	1
16	rs8050576	29919792	0	-3.714314e-04	-1.009238e-05	1
16	rs8050588	30937799	0	-3.579459e-04	-9.658143e-06	1
16	rs8051050	30687909	0	5.003704e-05	1.359147e-06	1
16	rs8051304	31260012	0	3.157744e-04	8.590973e-06	1
16	rs8051721	30047920	0	1.278359e-04	3.658811e-06	1
16	rs8051833	29896390	0	-1.721833e-04	-4.671230e-06	1
16	rs8052245	30916430	0	1.248612e-04	3.352226e-06	1
16	rs8052324	31334682	0	1.659043e-04	4.532917e-06	1
16	rs8052502	29929728	0	-6.571726e-04	-1.790572e-05	1
16	rs8053518	29692132	0	8.334033e-04	2.354443e-05	1
16	rs8054172	29655864	0	-1.018742e-03	-2.876748e-05	1
16	rs8054272	29692224	0	-4.481021e-04	-1.229541e-05	1
16	rs8054507	30046042	0	4.494510e-05	1.228168e-06	1
16	rs8054556	29958216	0	1.871654e-05	5.303528e-07	1
16	rs8055315	30688412	0	-1.124504e-04	-3.086299e-06	1
16	rs8055661	30688584	0	2.678154e-05	7.216753e-07	1
16	rs8055861	31399901	0	9.573432e-04	2.673913e-05	1
16	rs8055867	29958215	0	3.203923e-04	9.214646e-06	1
16	rs8056216	30009589	0	-2.158979e-04	-6.154594e-06	1
16	rs8056276	31323916	0	1.733583e-04	4.807490e-06	1
16	rs8056505	31214898	0	-2.703999e-04	-7.322220e-06	1
16	rs8056535	29960468	0	-2.137633e-04	-5.758026e-06	1
16	rs8056842	31047330	0	2.443414e-04	6.581061e-06	1
16	rs8056929	30570011	0	-4.940282e-04	-1.399392e-05	1
16	rs8057320	31269551	0	1.155738e-04	3.114453e-06	1
16	rs8057425	30182541	0	9.288229e-04	2.578792e-05	1
16	rs8058049	29684572	0	-1.238883e-03	-3.565471e-05	1
16	rs8058472	30918289	0	-1.198113e-04	-3.306330e-06	1
16	rs8058578	30726248	0	8.609933e-05	2.348020e-06	1
16	rs8058765	30013457	0	-2.859511e-04	-8.179681e-06	1
16	rs8058824	29828710	0	-6.248724e-05	-1.726369e-06	1
16	rs8058882	31350665	0	2.379054e-04	6.447097e-06	1
16	rs8058928	30704312	0	-1.448917e-04	-3.918580e-06	1
16	rs8058961	30809063	0	3.106255e-04	8.509538e-06	1
16	rs8059475	30868485	0	-4.336790e-04	-1.201993e-05	1
16	rs8059619	29925445	0	-6.571726e-04	-1.790570e-05	1
16	rs8060163	31297146	0	2.666905e-04	7.507420e-06	1
16	rs8060268	31345280	0	3.048800e-04	8.326458e-06	1
16	rs8060511	30101596	0	2.069773e-04	5.576224e-06	1
16	rs8060853	30403858	0	5.937816e-04	1.640339e-05	1
16	rs8060857	31002720	0	2.246111e-04	6.048865e-06	1
16	rs8061047	31068960	0	9.533394e-04	2.656169e-05	1
16	rs8061634	29833414	0	-4.026351e-06	-9.903710e-08	1
16	rs8061729	31283576	0	3.242869e-04	8.820298e-06	1
16	rs8061772	30119525	0	7.870989e-05	2.179809e-06	1
16	rs8061773	29746166	0	-3.667042e-04	-1.021301e-05	1
16	rs8062082	29672582	0	5.161799e-04	1.485808e-05	1
16	rs8062159	31350033	0	5.936549e-04	1.612976e-05	1
16	rs8062426	31263553	0	3.308471e-04	9.006299e-06	1
16	rs8062719	31002664	0	1.495222e-04	4.052433e-06	1
16	rs8063005	30617698	0	-4.769907e-04	-1.348086e-05	1
16	rs8063565	30883965	0	-1.750899e-04	-4.811644e-06	1
16	rs8063700	30909244	0	1.997528e-04	5.518161e-06	1
16	rs8063720	30174531	0	3.824367e-04	1.082047e-05	1
16	rs8063942	30455434	0	-3.893861e-04	-1.123557e-05	1
16	rs8335	29869748	0	4.041314e-04	1.172397e-05	1
16	rs881929	31079371	0	-7.046876e-05	-1.904508e-06	1
16	rs885107	30672719	0	-1.506888e-04	-4.072633e-06	1
16	rs889548	31137712	0	-1.093310e-04	-2.951718e-06	1
16	rs889549	31266951	0	4.381750e-04	1.200804e-05	1
16	rs889551	31260422	0	-7.862490e-05	-2.148988e-06	1
16	rs889555	31122571	0	1.408469e-03	4.126892e-05	1
16	rs897984	30886643	0	8.174623e-05	2.193285e-06	1
16	rs897986	30980902	0	2.959664e-04	7.982995e-06	1
16	rs930392	30194840	0	7.618570e-04	2.085166e-05	1
16	rs9319587	30833246	0	4.398350e-04	1.200313e-05	1
16	rs9319588	30930983	0	3.468422e-04	9.356903e-06	1
16	rs9673398	31347519	0	1.484563e-04	4.011334e-06	1
16	rs9673404	31347592	0	5.936549e-04	1.612976e-05	1
16	rs9673405	31347599	0	5.936549e-04	1.612976e-05	1
16	rs9673428	30548565	0	-3.193219e-04	-8.649100e-06	1
16	rs9673519	31347557	0	7.557880e-06	1.966929e-07	1
16	rs9673522	31347648	0	5.936549e-04	1.612975e-05	1
16	rs9673641	31039376	0	2.960324e-04	7.987509e-06	1
16	rs9674009	31347541	0	5.936549e-04	1.612975e-05	1
16	rs9745421	31326081	0	1.733583e-04	4.807492e-06	1
16	rs9746394	31300769	0	-9.294660e-06	-2.507238e-07	1
16	rs9783783	30078492	0	-3.371737e-04	-9.064932e-06	1
16	rs9788865	31009588	0	6.191551e-04	1.704388e-05	1
16	rs9796793	30495652	0	1.039024e-04	2.973976e-06	1
16	rs9796794	31081585	0	-1.046836e-04	-2.830027e-06	1
16	rs9796842	30876208	0	-4.465143e-04	-1.239258e-05	1
16	rs9806804	30556490	0	-8.362801e-05	-2.364753e-06	1
16	rs9888739	31313253	0	1.733583e-04	4.807493e-06	1
16	rs9888879	31310372	0	1.733583e-04	4.807493e-06	1
16	rs9888907	31349040	0	4.228197e-04	1.159018e-05	1
16	rs9888967	30407979	0	9.065287e-04	2.541382e-05	1
16	rs9921711	30394541	0	7.280484e-04	2.027994e-05	1
16	rs9921783	29839449	0	-6.465209e-05	-1.785150e-06	1
16	rs9921835	30811891	0	3.376826e-04	9.254074e-06	1
16	rs9922041	30110467	0	5.541650e-07	3.512469e-08	1
16	rs9922666	29698625	0	4.812159e-04	1.333380e-05	1
16	rs9922766	31286030	0	6.390746e-04	1.819732e-05	1
16	rs9923270	31255784	0	1.491172e-04	4.076463e-06	1
16	rs9923341	29698710	0	3.115147e-04	8.611509e-06	1
16	rs9923357	31286014	0	6.390746e-04	1.819732e-05	1
16	rs9923649	29832138	0	-6.248724e-05	-1.726359e-06	1
16	rs9923767	31305290	0	1.733583e-04	4.807491e-06	1
16	rs9924077	30606489	0	-2.790511e-04	-8.049497e-06	1
16	rs9924308	30154740	0	1.009242e-03	2.810120e-05	1
16	rs9924686	30003076	0	5.189917e-05	1.423209e-06	1
16	rs9925025	30644899	0	-3.751324e-04	-1.013850e-05	1
16	rs9925102	29983148	0	-5.063379e-04	-1.378908e-05	1
16	rs9925915	29993686	0	-4.362847e-04	-1.183053e-05	1
16	rs9925964	31129895	0	-1.093310e-04	-2.951722e-06	1
16	rs9925985	31305593	0	3.040971e-04	8.262065e-06	1
16	rs9926533	31014179	0	-6.847455e-05	-1.854166e-06	1
16	rs9927137	30634300	0	-3.699748e-04	-1.003103e-05	1
16	rs9927295	31077409	0	1.396430e-04	3.831398e-06	1
16	rs9928372	31312053	0	1.733583e-04	4.807489e-06	1
16	rs9928448	30072530	0	-8.210385e-05	-2.186679e-06	1
16	rs9928572	30743522	0	1.256978e-04	3.401616e-06	1
16	rs9928749	31306320	0	1.733583e-04	4.807489e-06	1
16	rs9929899	31062701	0	-7.746829e-04	-2.143416e-05	1
16	rs9929925	29763764	0	-2.665876e-04	-7.352933e-06	1
16	rs9930280	30503414	0	7.948092e-04	2.179432e-05	1
16	rs9930524	31312006	0	1.733583e-04	4.807490e-06	1
16	rs9930811	31400360	0	9.525670e-04	2.656328e-05	1
16	rs9931651	31397800	0	2.958396e-04	8.533847e-06	1
16	rs9932193	30068469	0	-1.360498e-04	-3.635389e-06	1
16	rs9932196	29983119	0	-5.288312e-04	-1.441238e-05	1
16	rs9932416	29682494	0	-1.609451e-04	-4.376909e-06	1
16	rs9932556	31247078	0	1.916016e-04	5.246555e-06	1
16	rs9932572	30841642	0	4.599333e-05	1.226334e-06	1
16	rs9932605	30092048	0	1.147644e-04	3.099933e-06	1
16	rs9932653	29865673	0	7.578393e-06	2.250234e-07	1
16	rs9932702	29982961	0	-5.063379e-04	-1.378906e-05	1
16	rs9933310	29690904	0	-9.032012e-04	-2.526035e-05	1
16	rs9933358	30182074	1	2.871607e-04	8.129734e-06	1
16	rs9933520	31343386	0	-5.547131e-06	-1.560456e-07	1
16	rs9933875	30815838	0	-1.104115e-04	-2.971513e-06	1
16	rs9933937	31307622	0	7.517630e-05	2.082201e-06	1
16	rs9934249	30833912	0	2.088924e-04	5.609613e-06	1
16	rs9934360	29588933	0	-3.102675e-04	-8.906699e-06	1
16	rs9934438	31104878	0	-7.046876e-05	-1.904511e-06	1
16	rs9934579	30474856	0	-8.381019e-04	-2.397471e-05	1
16	rs9934806	30593059	0	-4.100171e-04	-1.156211e-05	1
16	rs9936065	30409699	0	-2.835152e-04	-8.157786e-06	1
16	rs9936329	31140799	0	-1.093310e-04	-2.951722e-06	1
16	rs9936474	29932691	0	-6.571726e-04	-1.790564e-05	1
16	rs9936496	29758793	0	-3.577987e-04	-9.895506e-06	1
16	rs9936831	31287148	0	6.390746e-04	1.819732e-05	1
16	rs9937645	31311998	0	2.747359e-04	7.760077e-06	1
16	rs9937837	31298939	0	1.341191e-05	3.640364e-07	1
16	rs9938050	30947904	0	4.338479e-04	1.173920e-05	1
16	rs9938063	31302938	0	2.706043e-04	7.593127e-06	1
16	rs9938088	30830004	0	-2.986040e-05	-8.059244e-07	1
16	rs9938177	31278991	0	8.231989e-06	2.238117e-07	1
16	rs9938630	29837108	0	-1.574456e-04	-4.347466e-06	1
16	rs9938765	31366758	0	-3.600244e-04	-1.039320e-05	1
16	rs9939286	31162303	0	-1.141858e-03	-3.245078e-05	1
16	rs9939417	31053467	0	-6.037578e-05	-1.630921e-06	1
16	rs9939514	29855731	0	-7.172383e-05	-1.982324e-06	1
16	rs9939558	31038687	0	-9.459059e-05	-2.556564e-06	1
16	rs9939679	31288121	0	4.955199e-04	1.399527e-05	1
16	rs9939774	30068354	0	-1.815565e-04	-4.905856e-06	1
16	rs9940397	31303201	1	3.101006e-04	8.768722e-06	1
16	rs9940440	29684788	0	-1.194436e-03	-3.423783e-05	1
16	rs9940962	29703334	0	-1.048182e-04	-2.922597e-06	1
16	rs9972727	31149142	0	-3.811414e-04	-1.036121e-05	1
16	rs9989432	31225189	0	1.010899e-04	2.845248e-06	1
