chr	rs	ps	n_miss	b	beta	gamma
2	rs1011040	97212755	0	3.748952e-04	4.792103e-05	1
2	rs10168251	96348510	0	-1.182033e-03	-2.788225e-04	1
2	rs10169387	97555804	0	1.065034e-03	1.775272e-04	1
2	rs10169456	98169110	0	-3.871373e-04	-4.515805e-05	1
2	rs10169777	98168868	0	-2.377584e-04	-2.698510e-05	1
2	rs10170018	97101893	0	5.206922e-04	6.650737e-05	1
2	rs10171441	97877292	1	-3.342462e-04	-5.085783e-05	1
2	rs10171471	96847036	0	-7.559920e-04	-1.162208e-04	1
2	rs10171740	97877591	0	5.064496e-05	1.015574e-05	1
2	rs10175319	97660528	0	2.048472e-04	2.953346e-05	1
2	rs10175415	97188552	0	3.370065e-04	6.474283e-05	1
2	rs10177127	98208116	0	-4.973655e-04	-5.812110e-05	1
2	rs10177168	97280240	0	3.459426e-04	4.373953e-05	1
2	rs10177295	97761259	0	-1.447910e-04	-2.171319e-05	1
2	rs10177368	97761286	0	-1.447910e-04	-2.171319e-05	1
2	rs10178701	97644015	0	-3.233846e-04	-6.381862e-05	1
2	rs10179546	97573950	0	-1.491436e-04	-2.416380e-05	1
2	rs10179966	97845100	0	-4.235061e-05	-6.327281e-06	1
2	rs10181138	97115019	0	5.567559e-04	1.033313e-04	1
2	rs10181934	98208346	0	-4.182077e-04	-4.867614e-05	1
2	rs10182018	98208380	0	-3.871373e-04	-4.515803e-05	1
2	rs10182668	97562258	0	7.946867e-04	1.242964e-04	1
2	rs10182965	97562551	0	7.946867e-04	1.242964e-04	1
2	rs10183151	96774786	0	-1.208032e-03	-2.013176e-04	1
2	rs10183164	97257528	0	4.686052e-04	8.830441e-05	1
2	rs10183746	97877528	1	-2.202070e-04	-4.391160e-05	1
2	rs10184209	97337491	0	-4.532574e-04	-5.901461e-05	1
2	rs10185002	97249593	0	4.686052e-04	8.830441e-05	1
2	rs10186233	97877399	1	-2.824697e-04	-4.278041e-05	1
2	rs10189727	97386826	0	4.681143e-04	6.180084e-05	1
2	rs10190971	98182560	0	-3.871373e-04	-4.515802e-05	1
2	rs10191071	98186298	0	-3.871373e-04	-4.515801e-05	1
2	rs10191663	97573844	0	-9.541682e-04	-1.669744e-04	1
2	rs10191828	97126511	0	6.383839e-04	1.189291e-04	1
2	rs10192821	98188065	0	-3.871373e-04	-4.515800e-05	1
2	rs10194311	98186674	0	-3.871373e-04	-4.515800e-05	1
2	rs10194468	97340763	0	-4.189766e-04	-5.427092e-05	1
2	rs10195004	98187938	0	-3.871373e-04	-4.515799e-05	1
2	rs10195495	98182451	0	-3.871373e-04	-4.515799e-05	1
2	rs10195500	98182458	0	-3.871373e-04	-4.515798e-05	1
2	rs10196554	97346403	0	-3.970870e-05	-7.590281e-06	1
2	rs10197171	98187101	0	-3.871373e-04	-4.515797e-05	1
2	rs10199227	97237714	0	3.756086e-04	7.411703e-05	1
2	rs10199389	98195954	2	-5.061511e-04	-5.733725e-05	1
2	rs10202644	97611396	0	-4.188969e-04	-5.654666e-05	1
2	rs10203024	97119982	0	5.604241e-04	1.056151e-04	1
2	rs10203346	97517237	0	2.113704e-04	3.471628e-05	1
2	rs10203766	97230259	0	4.530963e-04	8.770635e-05	1
2	rs10206773	97890168	0	5.085418e-04	8.276550e-05	1
2	rs10207513	97134360	0	6.383839e-04	1.189291e-04	1
2	rs10208126	97786676	0	-4.876134e-04	-7.451339e-05	1
2	rs10209315	97325027	6	8.818907e-05	1.718707e-05	1
2	rs10209395	98168912	0	-2.694671e-04	-3.080363e-05	1
2	rs10209780	97140142	0	6.687793e-04	8.824690e-05	1
2	rs1030864	96822373	0	8.543190e-04	1.218149e-04	1
2	rs10427212	97338126	0	-3.527509e-04	-6.536464e-05	1
2	rs1043092	96480181	0	5.846254e-04	7.601814e-05	1
2	rs10439526	97502088	0	3.293182e-04	4.944035e-05	1
2	rs1044594	96937296	0	-7.640863e-04	-1.022953e-04	1
2	rs10445975	96890745	0	-7.399879e-04	-1.249283e-04	1
2	rs10460601	97252444	0	6.745476e-04	9.540429e-05	1
2	rs1048675	96993884	0	-6.653068e-04	-8.929519e-05	1
2	rs10496325	97683329	0	-2.599107e-04	-3.776905e-05	1
2	rs1066090	97045813	0	7.591581e-04	1.099720e-04	1
2	rs1081711	97085961	0	5.152750e-04	6.750880e-05	1
2	rs1081713	97091840	0	3.712306e-04	4.723831e-05	1
2	rs1081717	96978317	0	2.501670e-04	3.318008e-05	1
2	rs10874458	96637870	0	2.125452e-04	3.959795e-05	1
2	rs111237064	97456578	0	7.650711e-04	1.510383e-04	1
2	rs111303715	97401674	0	6.004132e-04	1.140732e-04	1
2	rs111315064	97501352	0	2.684618e-04	4.513612e-05	1
2	rs111328597	97206473	0	-2.655598e-04	-4.781222e-05	1
2	rs111368952	97464277	0	1.911998e-05	3.799634e-06	1
2	rs111397326	96374796	0	-1.688924e-04	-2.420284e-05	1
2	rs111420187	98182548	0	-3.114394e-04	-5.646055e-05	1
2	rs111495538	97503747	0	-4.398545e-06	-9.048437e-07	1
2	rs111507197	96407476	0	-1.716119e-04	-3.496083e-05	1
2	rs111532237	96974302	0	-1.172213e-04	-2.477060e-05	1
2	rs111559998	96663537	0	1.755963e-05	3.331540e-06	1
2	rs111589950	97602756	0	-3.268942e-04	-4.927900e-05	1
2	rs11164049	96345518	0	8.257748e-05	1.010523e-05	1
2	rs11164050	96352451	0	3.835492e-04	4.826382e-05	1
2	rs11164053	96556598	2	3.916588e-04	5.072852e-05	1
2	rs11164095	97155208	0	-2.276794e-04	-2.843425e-05	1
2	rs11164109	97300833	0	6.745476e-04	9.540429e-05	1
2	rs11164114	97846850	1	-2.278555e-04	-3.550983e-05	1
2	rs111692316	96890138	0	-2.883265e-04	-5.352075e-05	1
2	rs111722521	97555321	0	1.065034e-03	1.775271e-04	1
2	rs111796043	97374813	0	6.300203e-04	1.219114e-04	1
2	rs111809589	96582191	1	1.494919e-04	2.900935e-05	1
2	rs111814169	97132933	0	1.048410e-04	2.042136e-05	1
2	rs112032102	97342607	0	-3.329183e-04	-6.163915e-05	1
2	rs112036964	97311394	0	-3.264388e-04	-6.018915e-05	1
2	rs112062547	96879281	0	-1.172213e-04	-2.477060e-05	1
2	rs112072122	97034263	0	1.694279e-04	3.406908e-05	1
2	rs112080055	97670132	0	-2.024434e-04	-3.587207e-05	1
2	rs1122238	97186917	0	1.808474e-04	2.190328e-05	1
2	rs112354135	97213643	0	1.290330e-04	2.499404e-05	1
2	rs112414504	96545393	0	4.780660e-04	8.427143e-05	1
2	rs112456888	96842893	0	-2.979306e-04	-6.012842e-05	1
2	rs112566500	97024399	0	-5.008429e-05	-8.127664e-06	1
2	rs112635660	96242676	0	2.804370e-04	5.492669e-05	1
2	rs112704122	96546462	0	-1.668039e-04	-3.410018e-05	1
2	rs112729952	97555371	0	1.065034e-03	1.775271e-04	1
2	rs112762625	97447303	0	1.152502e-04	2.364531e-05	1
2	rs112826173	97489654	0	5.926128e-05	1.211916e-05	1
2	rs112847284	97104962	0	5.671023e-04	1.162815e-04	1
2	rs112904912	97646772	0	-1.955272e-04	-3.388593e-05	1
2	rs112935613	96612118	1	1.190868e-03	2.110187e-04	1
2	rs112999549	96390576	0	4.543962e-04	8.675024e-05	1
2	rs113045278	97213289	0	-1.808808e-04	-3.241291e-05	1
2	rs113060722	97619542	0	1.036766e-04	2.091843e-05	1
2	rs113083565	97418686	0	1.000095e-03	1.962790e-04	1
2	rs113107817	96972104	0	-1.169148e-04	-2.342822e-05	1
2	rs113142306	97587959	0	2.386877e-04	4.923004e-05	1
2	rs113190483	96328039	0	3.731868e-04	4.688519e-05	1
2	rs113222096	97749730	0	-1.268630e-04	-2.615825e-05	1
2	rs113304159	97333316	0	-5.682021e-04	-1.145277e-04	1
2	rs113319086	97633267	0	-1.955272e-04	-3.388593e-05	1
2	rs113369057	97665533	0	-5.185677e-04	-8.718319e-05	1
2	rs113370809	97313241	0	3.372288e-04	6.883195e-05	1
2	rs113397604	97862928	0	-3.178379e-04	-5.085771e-05	1
2	rs113451578	97289422	0	3.251593e-05	5.321535e-06	1
2	rs113485946	97866442	0	-1.577381e-04	-2.767390e-05	1
2	rs113558205	97452244	0	-1.053267e-04	-2.133862e-05	1
2	rs113646501	97330432	0	8.977697e-05	1.885526e-05	1
2	rs113717668	97150288	0	-1.237726e-04	-2.297689e-05	1
2	rs113790011	96582824	0	-4.443014e-04	-6.830807e-05	1
2	rs113804169	96877001	0	-1.172213e-04	-2.477060e-05	1
2	rs113858701	97557873	0	-1.502596e-04	-3.091714e-05	1
2	rs113863815	97657813	0	-1.955272e-04	-3.388592e-05	1
2	rs113897931	96328043	0	3.731868e-04	4.688517e-05	1
2	rs113899902	97207887	0	1.142307e-04	2.382395e-05	1
2	rs113914866	97325466	0	-5.045208e-04	-1.009367e-04	1
2	rs114089901	97528099	0	3.216834e-04	6.785477e-05	1
2	rs114113305	98189209	0	-4.240905e-04	-8.155085e-05	1
2	rs114176507	96383508	0	-5.417530e-04	-1.190079e-04	1
2	rs114192053	97871906	2	-1.386540e-04	-2.429229e-05	1
2	rs114200183	97350229	0	-5.739334e-04	-1.212636e-04	1
2	rs114226629	96914252	0	-4.879941e-05	-9.525701e-06	1
2	rs114236840	97587503	0	3.442329e-05	6.590904e-06	1
2	rs114267084	97214861	0	-6.490833e-04	-1.411025e-04	1
2	rs114329473	96401427	0	-3.990361e-04	-8.321290e-05	1
2	rs114404415	97655457	0	1.343838e-04	2.585695e-05	1
2	rs114487683	96896290	0	-1.117864e-04	-2.197064e-05	1
2	rs114564306	97584530	0	-1.502596e-04	-3.091714e-05	1
2	rs114615899	96467253	0	2.536977e-04	4.247255e-05	1
2	rs114680975	97060284	0	-2.618884e-04	-5.287834e-05	1
2	rs114686952	96437015	0	-2.322812e-04	-4.865114e-05	1
2	rs114702568	97495705	0	4.146543e-04	7.816411e-05	1
2	rs114707893	97566051	0	3.238851e-04	6.921854e-05	1
2	rs114737753	97566563	0	-2.658242e-04	-5.290012e-05	1
2	rs114738552	97374019	0	-2.657372e-04	-5.481037e-05	1
2	rs114773469	96858943	0	-3.221340e-04	-6.941225e-05	1
2	rs114810987	97547869	0	-5.297284e-05	-1.073699e-05	1
2	rs114835094	96909049	0	-1.629466e-04	-3.192645e-05	1
2	rs1148577	97736260	0	8.791384e-05	1.069501e-05	1
2	rs1148579	97735029	4	6.239158e-04	7.851492e-05	1
2	rs1148582	97731306	0	1.083542e-06	2.268875e-07	1
2	rs1148587	97716214	0	2.552726e-04	3.155440e-05	1
2	rs1148588	97716168	0	2.552726e-04	3.155440e-05	1
2	rs1148590	97714431	0	2.870427e-04	3.579726e-05	1
2	rs1148591	97714323	0	2.870427e-04	3.579726e-05	1
2	rs1148592	97714031	0	2.870427e-04	3.579726e-05	1
2	rs1148593	97711764	0	2.580535e-04	3.209435e-05	1
2	rs1148594	97710803	0	2.900910e-05	3.537756e-06	1
2	rs1148595	97710299	0	2.580535e-04	3.209435e-05	1
2	rs1148597	97708011	0	2.199651e-04	2.740339e-05	1
2	rs1148598	97707562	0	1.271296e-04	1.581171e-05	1
2	rs1148599	97705554	0	-1.223858e-04	-1.909778e-05	1
2	rs114862860	97129788	0	-2.618884e-04	-5.287834e-05	1
2	rs114891533	97346019	0	-2.664224e-04	-4.834025e-05	1
2	rs115058895	96227253	0	-8.352607e-05	-1.731444e-05	1
2	rs115086514	97808825	0	2.851460e-04	5.831036e-05	1
2	rs115231541	97655079	0	-1.864608e-04	-3.898929e-05	1
2	rs11526124	96669134	0	1.755963e-05	3.331554e-06	1
2	rs115337286	97707657	0	-2.684926e-04	-5.325623e-05	1
2	rs115348870	97285604	0	6.390922e-04	1.237304e-04	1
2	rs11539221	96874415	0	-5.284623e-04	-1.176681e-04	1
2	rs11539223	96851617	0	-2.619456e-04	-5.235285e-05	1
2	rs115399453	97139959	0	-2.592466e-04	-4.907149e-05	1
2	rs115422148	97626485	0	2.851460e-04	5.831036e-05	1
2	rs115504929	96802475	0	-2.552420e-04	-5.298372e-05	1
2	rs115507803	97752054	0	-1.577381e-04	-2.767388e-05	1
2	rs11551400	96914636	0	-8.766881e-05	-1.197701e-05	1
2	rs115549761	97100249	0	-5.131977e-04	-1.081345e-04	1
2	rs115568896	97265351	0	-3.120956e-04	-6.339295e-05	1
2	rs115570616	96979927	0	2.269898e-05	4.556281e-06	1
2	rs115573143	97192003	0	5.826159e-04	1.103864e-04	1
2	rs115576680	97328890	0	-3.120956e-04	-6.339295e-05	1
2	rs115597125	97578393	0	-4.540947e-04	-9.335376e-05	1
2	rs115601522	96821296	0	-2.221779e-04	-4.366881e-05	1
2	rs115641503	96407567	0	5.551192e-04	1.084566e-04	1
2	rs115656191	96386722	0	2.691224e-04	5.792718e-05	1
2	rs115661023	97865044	1	-3.225654e-05	-6.411569e-06	1
2	rs115695144	96425841	0	3.643755e-04	7.137204e-05	1
2	rs115700567	96240419	0	-8.352607e-05	-1.731444e-05	1
2	rs115706318	97143761	0	1.098971e-04	2.216115e-05	1
2	rs115786506	96809015	0	1.289685e-04	2.431516e-05	1
2	rs115793054	97197995	0	-3.410988e-04	-7.163284e-05	1
2	rs115838944	97258178	0	-3.431817e-04	-7.067733e-05	1
2	rs115893811	97580765	0	-4.906378e-04	-1.003892e-04	1
2	rs115940547	96207739	0	2.923526e-05	5.926739e-06	1
2	rs115967585	96837527	0	8.529998e-05	1.673834e-05	1
2	rs115972458	96945571	0	2.316635e-04	4.935602e-05	1
2	rs116013757	96474721	0	5.551192e-04	1.084566e-04	1
2	rs116069341	97711739	0	-2.684926e-04	-5.325623e-05	1
2	rs116071303	96924490	0	1.708396e-04	3.596453e-05	1
2	rs116085569	96912401	0	-2.974439e-04	-5.951031e-05	1
2	rs116097873	97167343	0	1.682223e-04	3.204398e-05	1
2	rs116098247	97288512	0	-3.410988e-04	-7.163284e-05	1
2	rs116118641	96358603	0	3.006673e-04	5.867298e-05	1
2	rs116121826	97441914	0	7.063570e-04	1.362655e-04	1
2	rs116135059	96409566	0	-2.473638e-04	-5.128653e-05	1
2	rs116166651	96915586	0	5.451659e-04	1.215339e-04	1
2	rs116168553	97063870	0	1.644914e-04	3.223376e-05	1
2	rs116171118	97695036	0	-1.287489e-04	-2.247497e-05	1
2	rs116177021	97245736	0	-5.259988e-04	-1.099920e-04	1
2	rs116221421	97367352	0	-2.694416e-04	-5.453044e-05	1
2	rs116241992	97339553	0	-3.120956e-04	-6.339295e-05	1
2	rs116276763	96344462	0	-8.352607e-05	-1.731444e-05	1
2	rs116287759	96473318	0	-5.959837e-04	-1.160467e-04	1
2	rs116333847	97205403	0	-3.410988e-04	-7.163284e-05	1
2	rs116347249	97551672	0	-4.540947e-04	-9.335375e-05	1
2	rs116376867	97549729	0	-2.649071e-04	-5.310849e-05	1
2	rs116441543	97729483	0	-2.318517e-04	-3.569987e-05	1
2	rs116472230	96248976	0	-1.788677e-04	-3.448899e-05	1
2	rs116516854	97229995	0	-5.639402e-04	-1.189185e-04	1
2	rs116581863	97154141	0	-3.960691e-04	-8.179769e-05	1
2	rs116595726	96604177	0	-3.990361e-04	-8.321289e-05	1
2	rs116633060	97236439	0	6.709266e-04	1.412127e-04	1
2	rs116656846	97455276	0	-2.657372e-04	-5.481036e-05	1
2	rs116661617	97204048	0	-1.571437e-04	-3.248367e-05	1
2	rs11674250	98167017	0	-3.238011e-04	-3.739688e-05	1
2	rs11674404	96608533	0	5.859477e-04	9.622271e-05	1
2	rs11675608	97813769	0	1.490446e-04	1.830113e-05	1
2	rs116761824	96787827	0	-1.369364e-04	-2.686578e-05	1
2	rs11676277	98163124	1	-1.791582e-04	-1.996099e-05	1
2	rs11676886	97249011	0	4.420667e-04	5.675140e-05	1
2	rs11676901	96370571	0	2.919483e-04	3.609910e-05	1
2	rs11676926	96504594	0	3.148871e-04	4.105966e-05	1
2	rs11677797	97559759	0	9.052769e-04	1.422149e-04	1
2	rs11678174	97249103	0	7.374194e-04	1.063055e-04	1
2	rs11679899	96378162	0	5.613288e-04	7.216326e-05	1
2	rs11681534	97394755	0	3.561386e-05	6.745846e-06	1
2	rs11681640	98177124	0	2.587897e-04	2.882371e-05	1
2	rs11681875	97850677	0	3.365562e-04	4.121927e-05	1
2	rs11682182	96378210	0	6.496643e-04	8.501598e-05	1
2	rs11682671	97349315	0	-1.422590e-04	-2.051948e-05	1
2	rs11682934	97237153	0	6.745476e-04	9.540431e-05	1
2	rs11682994	97425561	0	-2.199708e-04	-2.757920e-05	1
2	rs11683523	96544855	0	2.688276e-04	3.403938e-05	1
2	rs11684258	96603068	0	5.992175e-04	9.721866e-05	1
2	rs11684898	98209456	0	-3.871373e-04	-4.515799e-05	1
2	rs11685849	96243804	0	-5.740334e-04	-7.653054e-05	1
2	rs11687113	96658588	0	1.050223e-03	1.556233e-04	1
2	rs11687211	97111246	0	2.494620e-05	3.273363e-06	1
2	rs11687923	96838865	0	-3.158543e-04	-5.927625e-05	1
2	rs11688045	96243805	0	-5.740334e-04	-7.653057e-05	1
2	rs11688407	98164532	0	-6.460947e-04	-8.384932e-05	1
2	rs11688454	98164580	0	-3.880303e-04	-4.533115e-05	1
2	rs11688491	98167020	0	-3.238011e-04	-3.739687e-05	1
2	rs11688544	98167114	0	-2.947590e-05	-3.278930e-06	1
2	rs11688548	98167134	0	2.092660e-05	2.343294e-06	1
2	rs11688555	96397341	0	1.837285e-04	2.375023e-05	1
2	rs11688674	97237093	0	9.685554e-04	2.337053e-04	1
2	rs11688742	96367616	0	-4.113992e-04	-6.046626e-05	1
2	rs11688743	96328756	0	8.426594e-05	1.033025e-05	1
2	rs1168965	96787899	0	9.984870e-04	1.512477e-04	1
2	rs1168966	96798510	0	9.029757e-04	1.302912e-04	1
2	rs1168967	96826016	0	1.160086e-03	1.826920e-04	1
2	rs1168968	96825363	0	8.543190e-04	1.218144e-04	1
2	rs1168969	96822981	0	-8.360282e-04	-1.334205e-04	1
2	rs1168970	96816606	0	8.543190e-04	1.218144e-04	1
2	rs1168972	96815492	0	8.543190e-04	1.218144e-04	1
2	rs1168974	96814928	0	7.288526e-04	1.001858e-04	1
2	rs1168975	96814075	0	7.288526e-04	1.001858e-04	1
2	rs1168976	96813480	0	7.288526e-04	1.001857e-04	1
2	rs11689832	96554851	2	3.768044e-04	4.866777e-05	1
2	rs11690061	96514476	0	3.302737e-04	4.261395e-05	1
2	rs11690658	98163203	2	-3.223721e-04	-3.713436e-05	1
2	rs11691090	96514212	0	3.119621e-04	3.968898e-05	1
2	rs11691245	96615769	0	1.239076e-04	1.974037e-05	1
2	rs11691471	97827469	0	8.121427e-05	9.502441e-06	1
2	rs11691670	97238770	0	6.745476e-04	9.540440e-05	1
2	rs11691779	98166928	0	-3.238011e-04	-3.739690e-05	1
2	rs11691967	98164389	1	-3.710876e-04	-4.319339e-05	1
2	rs11692849	98175138	1	-2.616521e-04	-2.898501e-05	1
2	rs11693625	97193347	0	3.397980e-05	4.673621e-06	1
2	rs11693818	97789020	1	6.378401e-04	8.074306e-05	1
2	rs11694151	96353286	0	8.944496e-05	1.096769e-05	1
2	rs11694296	97563128	0	7.501758e-04	1.156321e-04	1
2	rs11694498	97352409	0	3.510888e-05	4.050658e-06	1
2	rs11695705	97135162	0	-8.789669e-05	-1.125018e-05	1
2	rs11885652	97540580	0	6.029673e-04	7.646188e-05	1
2	rs11885811	97601119	0	-1.852655e-04	-3.095266e-05	1
2	rs11886450	97051699	0	1.444236e-04	3.006925e-05	1
2	rs11886999	96841793	0	-5.857249e-04	-8.397913e-05	1
2	rs11888101	97568453	0	-9.040192e-04	-1.353543e-04	1
2	rs11889085	97448127	0	8.924271e-04	1.713536e-04	1
2	rs11889101	97590888	0	-2.338666e-04	-4.104479e-05	1
2	rs11890407	97621647	0	-6.811328e-05	-1.056423e-05	1
2	rs11891457	97632449	0	-3.914979e-04	-5.803138e-05	1
2	rs11891926	97339781	0	1.653141e-04	2.051969e-05	1
2	rs11894782	97870961	0	-1.738464e-04	-2.704473e-05	1
2	rs11897786	97506872	0	1.690602e-04	2.254043e-05	1
2	rs11900310	97141830	0	4.333642e-05	5.291379e-06	1
2	rs11900461	97615993	0	-5.017553e-07	-7.537013e-08	1
2	rs11900466	97585936	0	-2.108452e-04	-3.670340e-05	1
2	rs11900551	96913275	0	1.708396e-04	3.596454e-05	1
2	rs11900808	97007007	0	2.419622e-04	5.140654e-05	1
2	rs11903257	96998906	0	2.419622e-04	5.140654e-05	1
2	rs11903461	96999580	0	-6.851394e-04	-9.255164e-05	1
2	rs12052336	97106451	0	6.383839e-04	1.189291e-04	1
2	rs12105727	97797225	0	-1.447910e-04	-2.171311e-05	1
2	rs12105775	97130761	0	1.523488e-04	2.001904e-05	1
2	rs12172	97500852	0	4.418254e-04	7.922269e-05	1
2	rs12329128	97284917	0	-6.199896e-04	-8.376968e-05	1
2	rs12464148	96596710	1	1.202920e-03	1.887357e-04	1
2	rs12464868	97561440	0	1.049817e-04	1.213739e-05	1
2	rs12465634	96600265	0	1.045908e-03	1.553206e-04	1
2	rs12466906	97359442	0	-5.791488e-04	-1.240303e-04	1
2	rs12468249	98177659	0	-2.684926e-04	-5.325620e-05	1
2	rs12469420	97243305	0	6.745476e-04	9.540443e-05	1
2	rs12471390	97322958	0	6.594491e-04	9.227646e-05	1
2	rs12471472	96205455	0	5.121216e-05	6.240803e-06	1
2	rs12471925	96555522	1	2.394669e-04	3.052719e-05	1
2	rs12471991	96430547	0	5.779511e-04	7.532095e-05	1
2	rs12473378	97257546	0	-3.471861e-04	-7.361135e-05	1
2	rs12473765	96387339	0	5.691368e-04	7.482953e-05	1
2	rs12476564	97867488	0	-2.030702e-04	-4.021142e-05	1
2	rs12476591	96387311	0	3.424893e-04	6.989886e-05	1
2	rs12477206	96535332	0	3.827990e-04	4.943296e-05	1
2	rs12477963	97261593	0	2.237684e-04	2.888604e-05	1
2	rs12478605	96377078	0	6.387921e-05	7.777440e-06	1
2	rs12479095	97689382	0	-2.579286e-04	-5.171295e-05	1
2	rs1256985	97690443	0	2.580535e-04	3.209425e-05	1
2	rs1256986	97690757	0	-2.857214e-04	-4.525129e-05	1
2	rs1256987	97694551	0	2.156282e-04	2.699890e-05	1
2	rs1256991	97669386	0	-5.567001e-06	-8.087483e-07	1
2	rs1256993	97667475	0	-5.567001e-06	-8.087447e-07	1
2	rs1256995	97683439	0	-1.988865e-04	-2.920865e-05	1
2	rs1256996	97682954	0	-1.982787e-04	-4.117564e-05	1
2	rs1256997	97682163	0	1.022228e-04	1.453762e-05	1
2	rs1256998	97680507	0	1.022228e-04	1.453762e-05	1
2	rs1257000	97678319	0	1.022228e-04	1.453763e-05	1
2	rs1257001	97738962	0	2.938042e-04	4.449508e-05	1
2	rs1257004	97711378	0	2.580535e-04	3.209426e-05	1
2	rs1257005	97708740	0	2.199651e-04	2.740331e-05	1
2	rs1257006	97708611	0	3.027469e-04	3.764191e-05	1
2	rs1257008	97634672	0	-1.620062e-04	-2.371738e-05	1
2	rs1257009	97634206	0	9.438515e-05	1.345139e-05	1
2	rs1257011	97633772	0	-1.620062e-04	-2.371737e-05	1
2	rs1257012	97633013	0	-1.620062e-04	-2.371737e-05	1
2	rs1257015	97631585	0	9.438515e-05	1.345140e-05	1
2	rs1257016	97640502	0	1.245893e-04	1.739275e-05	1
2	rs1257017	97639135	0	-1.620062e-04	-2.371736e-05	1
2	rs1257018	97617227	0	-3.846236e-04	-5.163985e-05	1
2	rs1257019	97617140	0	-5.263018e-04	-7.247609e-05	1
2	rs1257023	97663840	0	-1.058847e-04	-1.544490e-05	1
2	rs1257024	97658798	0	1.763739e-04	2.473199e-05	1
2	rs1257025	97657418	0	3.145653e-05	4.626205e-06	1
2	rs1257027	97655882	0	1.461697e-04	2.091285e-05	1
2	rs1257028	97655299	0	-3.882140e-05	-5.637808e-06	1
2	rs1257029	97654678	0	1.763739e-04	2.473200e-05	1
2	rs1257052	97742711	0	-2.245782e-04	-2.748194e-05	1
2	rs1257053	97742596	1	-4.094346e-05	-5.049376e-06	1
2	rs1257054	97742529	0	-5.798965e-06	-7.209637e-07	1
2	rs1257070	97721663	0	2.202976e-04	2.522867e-05	1
2	rs1257081	97720088	7	-6.131022e-04	-1.000841e-04	1
2	rs1257088	97754504	0	8.791384e-05	1.069493e-05	1
2	rs1257093	97750561	0	-3.174915e-04	-5.006755e-05	1
2	rs1257095	97747894	0	-4.591697e-04	-7.373207e-05	1
2	rs1257097	97764450	0	3.001115e-04	3.660945e-05	1
2	rs1257099	97766551	0	3.001115e-04	3.660945e-05	1
2	rs1257101	97758953	0	3.001115e-04	3.660944e-05	1
2	rs1257102	97759198	0	-2.647682e-04	-4.129171e-05	1
2	rs1257108	97776819	0	3.001115e-04	3.660944e-05	1
2	rs1257109	97776627	0	2.762545e-04	3.365000e-05	1
2	rs1257111	97774801	0	4.228334e-04	5.157634e-05	1
2	rs1257113	97717522	1	3.661430e-04	4.407657e-05	1
2	rs1257114	97717398	0	-1.825856e-04	-2.807442e-05	1
2	rs1257116	97712540	0	2.580535e-04	3.209428e-05	1
2	rs1257119	97709260	0	2.866040e-04	3.577630e-05	1
2	rs12612700	96600712	0	2.354547e-04	3.615570e-05	1
2	rs12613055	97420876	0	-2.817158e-04	-5.137999e-05	1
2	rs12613171	97553747	0	1.065034e-03	1.775269e-04	1
2	rs12613703	96646293	0	2.125452e-04	3.959800e-05	1
2	rs12614188	97083089	0	-7.993331e-04	-1.114010e-04	1
2	rs12614696	97118957	0	6.582165e-04	1.238239e-04	1
2	rs12617019	96905568	0	-2.254685e-04	-3.352945e-05	1
2	rs12618133	96892134	0	-2.317811e-04	-3.449214e-05	1
2	rs1262300	97768178	0	3.001115e-04	3.660944e-05	1
2	rs12623771	96633504	0	1.200236e-03	1.889642e-04	1
2	rs1267178	97729845	0	-2.844994e-05	-5.987643e-06	1
2	rs1267180	97766574	0	3.001115e-04	3.660943e-05	1
2	rs1268682	97640997	0	9.438515e-05	1.345145e-05	1
2	rs1268683	97657540	0	1.461697e-04	2.091287e-05	1
2	rs1268684	97762107	0	2.714217e-04	3.298141e-05	1
2	rs1271063	97739057	0	2.473883e-04	3.014142e-05	1
2	rs12712050	98163417	1	-3.710876e-04	-4.319339e-05	1
2	rs12712055	98169901	0	-2.694671e-04	-3.080367e-05	1
2	rs12712056	98170122	0	-1.413506e-04	-1.610612e-05	1
2	rs12712057	98171807	0	-3.846389e-04	-4.441750e-05	1
2	rs12717775	96496891	0	-5.727825e-04	-7.660146e-05	1
2	rs12717776	96523006	0	1.999402e-04	2.776374e-05	1
2	rs12717777	96523009	0	1.999402e-04	2.776373e-05	1
2	rs12717778	96523047	0	3.333587e-04	4.739649e-05	1
2	rs12717779	96559064	2	-6.953171e-04	-8.869871e-05	1
2	rs12717781	97249142	0	-3.269861e-04	-4.139113e-05	1
2	rs12717782	97254116	0	-5.238655e-04	-6.883418e-05	1
2	rs12717787	97648832	0	5.003294e-05	7.051838e-06	1
2	rs12846	97477374	0	2.729819e-04	3.676044e-05	1
2	rs12988306	97664892	0	1.685886e-04	2.431937e-05	1
2	rs12990187	98172898	0	-3.252317e-04	-3.767599e-05	1
2	rs12992413	97277489	0	-3.849026e-04	-4.913716e-05	1
2	rs12993250	98175712	1	-3.901841e-06	-4.274538e-07	1
2	rs12993579	98163927	1	-3.710876e-04	-4.319335e-05	1
2	rs12994535	98208691	0	-3.871373e-04	-4.515795e-05	1
2	rs12994584	97871314	0	3.087860e-04	3.711003e-05	1
2	rs12994989	97387731	0	-2.883917e-05	-4.181943e-06	1
2	rs12996352	97849219	1	6.077858e-04	7.748829e-05	1
2	rs12998184	98169742	0	-1.543659e-04	-1.713973e-05	1
2	rs12998267	96248482	0	1.243772e-03	3.302888e-04	1
2	rs13000078	98209061	0	-3.179939e-04	-3.670001e-05	1
2	rs13001324	98164020	0	-3.871373e-04	-4.515794e-05	1
2	rs13001728	98164184	1	2.913151e-05	3.225997e-06	1
2	rs13005018	98189857	0	-4.130556e-04	-4.843907e-05	1
2	rs13005712	97860971	0	3.246135e-04	4.188869e-05	1
2	rs13006000	97228473	0	-3.912084e-04	-8.378272e-05	1
2	rs13006507	97607484	0	4.958006e-04	7.453141e-05	1
2	rs13007343	97306236	0	-4.548431e-04	-5.906459e-05	1
2	rs13009263	98172627	1	-7.333169e-04	-9.316954e-05	1
2	rs13009727	96769883	0	-1.628225e-03	-3.141208e-04	1
2	rs13011421	97823971	0	1.293175e-04	1.576001e-05	1
2	rs13014679	97333492	0	-3.701789e-04	-7.466500e-05	1
2	rs13015850	98173368	0	-3.191785e-04	-3.659535e-05	1
2	rs13016654	97624524	1	-2.967312e-04	-3.819850e-05	1
2	rs13017680	98191096	0	-3.871373e-04	-4.515792e-05	1
2	rs13017744	98164084	0	-3.871373e-04	-4.515791e-05	1
2	rs13018621	97582235	0	1.998368e-04	4.067924e-05	1
2	rs13019986	97243058	0	-3.637432e-04	-4.651379e-05	1
2	rs13021723	97624492	1	-2.967312e-04	-3.819849e-05	1
2	rs13022177	96919208	0	-1.966393e-04	-3.969699e-05	1
2	rs13024196	97859274	1	4.254595e-04	4.875392e-05	1
2	rs13025231	97680395	0	1.022228e-04	1.453774e-05	1
2	rs13025764	96584005	2	-1.445393e-04	-2.960066e-05	1
2	rs13026122	97806018	0	3.365562e-04	4.121926e-05	1
2	rs13026942	97209159	0	-2.550878e-04	-4.052809e-05	1
2	rs13027550	98188646	0	1.369329e-04	1.527923e-05	1
2	rs13028622	97872148	0	2.607560e-04	3.163045e-05	1
2	rs13029764	97328874	0	-5.065395e-04	-6.569107e-05	1
2	rs13032005	97598719	0	3.482843e-04	5.157199e-05	1
2	rs13033336	98163810	1	-3.710876e-04	-4.319329e-05	1
2	rs13034553	98174049	2	-4.102513e-04	-4.803946e-05	1
2	rs13034764	98174127	2	-4.102513e-04	-4.803945e-05	1
2	rs13035412	97787558	0	3.365562e-04	4.121927e-05	1
2	rs1317911	97488698	0	1.753141e-04	2.336351e-05	1
2	rs1318597	97463095	0	1.478373e-04	1.684724e-05	1
2	rs1320146	97507727	0	3.230644e-04	4.852722e-05	1
2	rs1320147	97600626	0	-5.875111e-04	-7.958444e-05	1
2	rs1320149	97493877	0	1.753141e-04	2.336350e-05	1
2	rs13383143	97599266	0	-9.884504e-05	-1.786549e-05	1
2	rs13383845	97557261	0	1.065034e-03	1.775268e-04	1
2	rs13384114	97299078	0	3.756086e-04	7.411698e-05	1
2	rs13386108	98170131	0	2.091616e-04	4.129730e-05	1
2	rs13389475	97331585	0	2.204505e-04	3.954956e-05	1
2	rs13390019	97797680	0	-1.626726e-04	-2.563832e-05	1
2	rs13393393	97598899	0	-3.472849e-04	-4.485483e-05	1
2	rs13393729	97306987	0	4.654199e-04	8.790574e-05	1
2	rs13393893	97870072	0	-1.893018e-04	-2.873366e-05	1
2	rs13395011	97272135	0	4.654199e-04	8.790574e-05	1
2	rs13395166	98170933	0	-3.238011e-04	-3.739678e-05	1
2	rs13397880	98177698	1	-3.562897e-04	-6.991952e-05	1
2	rs13397980	98177795	1	-3.644411e-04	-7.164109e-05	1
2	rs13398740	97226402	0	3.807067e-04	7.006617e-05	1
2	rs13400545	97871626	1	-2.233111e-04	-3.646254e-05	1
2	rs13402271	97863525	1	3.513632e-04	4.553614e-05	1
2	rs13403225	97600827	0	-5.875111e-04	-7.958442e-05	1
2	rs13404200	97675768	0	-3.611290e-04	-7.180811e-05	1
2	rs13404734	97598672	2	-6.901557e-05	-9.640748e-06	1
2	rs13405842	97258451	0	4.499111e-04	8.731065e-05	1
2	rs13407036	97578150	0	-8.385060e-04	-1.236563e-04	1
2	rs13410790	97557872	0	1.065034e-03	1.775268e-04	1
2	rs13412331	98181693	0	-2.198399e-04	-4.246809e-05	1
2	rs13417653	98192626	1	9.349656e-06	1.043027e-06	1
2	rs13419073	97507554	0	3.719591e-04	5.515272e-05	1
2	rs13419462	98195581	3	-3.933141e-04	-4.533606e-05	1
2	rs13419697	97826968	0	2.022911e-04	3.819009e-05	1
2	rs13420962	98164576	0	6.690738e-05	1.315681e-05	1
2	rs13421275	97560629	0	9.964753e-04	1.627777e-04	1
2	rs13423092	97557019	0	1.065034e-03	1.775267e-04	1
2	rs13423897	98164426	0	6.690738e-05	1.315681e-05	1
2	rs13425281	97562035	0	7.946867e-04	1.242960e-04	1
2	rs13427163	98195213	0	-3.871373e-04	-4.515785e-05	1
2	rs13427234	98192239	0	-2.198399e-04	-4.246808e-05	1
2	rs13428530	97863565	0	-1.570265e-04	-3.086126e-05	1
2	rs13430237	97558926	0	2.965094e-04	3.433055e-05	1
2	rs138056790	97345239	0	-3.431817e-04	-7.067734e-05	1
2	rs138229651	97108246	0	6.383839e-04	1.189291e-04	1
2	rs138270841	97073802	0	4.243959e-04	8.519286e-05	1
2	rs138423313	96837492	0	-1.545702e-04	-3.194080e-05	1
2	rs138491075	96373634	0	-2.971393e-04	-5.154899e-05	1
2	rs138517860	98174101	1	5.723730e-05	1.125181e-05	1
2	rs138562995	96545159	0	4.996180e-04	8.427934e-05	1
2	rs138652415	96481291	0	1.147850e-04	2.240579e-05	1
2	rs138745404	98190115	0	-3.871373e-04	-4.515784e-05	1
2	rs138803287	96580405	2	-1.521188e-04	-3.143014e-05	1
2	rs139044077	97261952	0	-2.196446e-04	-4.412768e-05	1
2	rs139290800	97051795	0	1.406639e-04	2.965220e-05	1
2	rs139356016	96841486	0	-4.229056e-04	-8.826523e-05	1
2	rs139443361	96645996	1	-4.011894e-04	-8.370673e-05	1
2	rs139741888	97743103	0	-7.903413e-05	-1.554412e-05	1
2	rs140086987	97143626	0	-4.984878e-04	-1.067896e-04	1
2	rs140332007	97410188	0	7.264563e-04	1.452520e-04	1
2	rs140338516	97456237	0	-1.640612e-04	-3.380183e-05	1
2	rs140562818	96540755	0	5.551192e-04	1.084566e-04	1
2	rs140636580	97807404	4	1.123547e-04	1.328519e-05	1
2	rs140705063	97051282	0	1.406639e-04	2.965220e-05	1
2	rs140949421	97044912	0	-4.479848e-04	-9.994928e-05	1
2	rs141158708	98190132	0	-4.226599e-04	-8.177426e-05	1
2	rs141600622	96929044	0	4.243959e-04	8.519286e-05	1
2	rs142037408	96492900	0	-2.473638e-04	-5.128648e-05	1
2	rs142071064	96580463	2	-3.914024e-04	-8.147533e-05	1
2	rs142246646	96367495	0	-3.849197e-04	-8.064020e-05	1
2	rs142350543	97517082	0	-2.657372e-04	-5.481032e-05	1
2	rs142480529	96540430	0	5.551192e-04	1.084566e-04	1
2	rs142655285	97189188	0	-8.251355e-05	-1.696561e-05	1
2	rs142797090	96538620	0	3.538099e-04	4.546734e-05	1
2	rs142912577	96667314	0	-1.360380e-04	-2.698598e-05	1
2	rs143178295	97868511	1	-3.782369e-04	-7.549340e-05	1
2	rs143274998	96259184	0	1.652317e-04	3.113501e-05	1
2	rs143287966	97659875	0	-1.864608e-04	-3.898930e-05	1
2	rs143379982	97216166	0	-5.934880e-04	-1.269033e-04	1
2	rs143460482	96328954	0	-6.147407e-04	-1.292333e-04	1
2	rs143656906	96660965	0	-2.473638e-04	-5.128648e-05	1
2	rs143747853	97860150	0	-1.042576e-04	-2.111982e-05	1
2	rs144068932	97771695	0	3.001115e-04	3.660953e-05	1
2	rs144470057	96426256	0	-2.003251e-04	-4.178077e-05	1
2	rs144752070	96890556	0	-1.982643e-04	-3.942759e-05	1
2	rs144968254	96336560	0	-2.704982e-05	-5.618821e-06	1
2	rs145056855	97778065	0	-1.577381e-04	-2.767381e-05	1
2	rs145156058	96466727	0	9.724032e-05	1.938228e-05	1
2	rs145268833	97279510	0	1.969250e-04	4.158276e-05	1
2	rs145367784	96557739	0	9.724032e-05	1.938228e-05	1
2	rs145382287	96671320	0	-2.473638e-04	-5.128648e-05	1
2	rs145485666	96938462	0	-5.325658e-04	-1.214063e-04	1
2	rs145556366	96598928	0	-4.868332e-04	-1.015207e-04	1
2	rs145574797	96256308	0	2.566609e-04	5.214807e-05	1
2	rs145815500	97136780	0	-2.027582e-04	-4.195467e-05	1
2	rs1458585	97102854	0	6.366536e-04	1.198656e-04	1
2	rs145886511	96241058	0	-6.290475e-05	-1.302833e-05	1
2	rs146063982	96666439	0	-3.127731e-04	-6.305770e-05	1
2	rs146310052	97865157	0	-1.577381e-04	-2.767381e-05	1
2	rs146363979	98216255	0	-1.538138e-04	-3.103217e-05	1
2	rs146587505	97177727	0	-3.337918e-04	-6.808202e-05	1
2	rs146663992	97095772	0	-2.018154e-04	-4.228079e-05	1
2	rs146795629	97113386	0	-2.618884e-04	-5.287825e-05	1
2	rs146800800	96979336	0	4.243959e-04	8.519285e-05	1
2	rs146806856	97290448	0	-2.594229e-04	-5.221886e-05	1
2	rs147070070	97415741	0	4.826926e-05	9.953377e-06	1
2	rs147116541	97140573	0	-4.219342e-04	-8.813984e-05	1
2	rs147408728	96689460	0	-1.322796e-04	-2.774629e-05	1
2	rs147887564	96848082	0	-1.629466e-04	-3.192639e-05	1
2	rs147890593	97757347	0	-1.577381e-04	-2.767381e-05	1
2	rs147938160	96540749	0	5.551192e-04	1.084566e-04	1
2	rs148034879	96245997	0	-2.945377e-04	-5.963323e-05	1
2	rs148235025	96398596	0	-3.483465e-04	-7.210078e-05	1
2	rs148497457	96813150	0	4.243959e-04	8.519285e-05	1
2	rs148552067	96675497	0	1.755963e-05	3.331550e-06	1
2	rs148587694	97502634	0	-1.459184e-04	-3.038453e-05	1
2	rs148849801	97836470	0	3.365562e-04	4.121929e-05	1
2	rs148904587	96839081	0	-1.324633e-04	-2.667199e-05	1
2	rs149026780	97881612	0	-9.993978e-05	-1.750976e-05	1
2	rs149129321	96966273	0	-3.814588e-04	-7.851211e-05	1
2	rs149231955	98198236	0	-2.198399e-04	-4.246808e-05	1
2	rs149547324	97680369	0	-7.255682e-05	-1.397884e-05	1
2	rs149568755	98215762	0	-4.240905e-04	-8.155074e-05	1
2	rs149619171	96502367	0	-7.267118e-05	-1.441195e-05	1
2	rs149724409	96421042	0	4.711378e-04	8.884282e-05	1
2	rs149848831	96859656	0	-4.684598e-05	-9.424038e-06	1
2	rs149907687	97221719	0	1.187146e-04	2.098002e-05	1
2	rs149987796	97667474	0	-1.538138e-04	-3.103216e-05	1
2	rs150195180	96514492	0	3.302737e-04	4.261369e-05	1
2	rs150287453	96524205	0	6.504656e-04	1.316618e-04	1
2	rs150357746	97679337	0	-1.287489e-04	-2.247489e-05	1
2	rs150363943	96674324	0	3.643755e-04	7.137204e-05	1
2	rs150471479	96815524	0	-6.384757e-05	-1.251676e-05	1
2	rs150520153	97111029	0	5.567559e-04	1.033312e-04	1
2	rs150521427	97110664	0	5.206922e-04	6.650698e-05	1
2	rs150655650	96665201	0	1.104227e-03	1.666016e-04	1
2	rs150700214	97371581	0	-7.549287e-05	-1.570301e-05	1
2	rs150729474	97065906	0	-9.629528e-05	-1.973111e-05	1
2	rs151157387	97107312	0	5.671023e-04	1.162814e-04	1
2	rs151196928	96748054	0	3.491855e-05	6.745594e-06	1
2	rs1585272	97161749	0	8.136021e-04	1.054047e-04	1
2	rs1623881	97613748	0	-1.625055e-04	-2.092013e-05	1
2	rs1624170	97676497	0	1.022228e-04	1.453780e-05	1
2	rs1624844	97613616	0	-3.846236e-04	-5.163968e-05	1
2	rs1657502	96795608	0	1.151686e-03	1.828827e-04	1
2	rs17119362	96861041	0	-2.619456e-04	-5.235281e-05	1
2	rs17119507	97219047	0	-4.483255e-04	-8.816374e-05	1
2	rs17119523	97260006	0	-5.259988e-04	-1.099919e-04	1
2	rs17119562	97381844	0	6.300203e-04	1.219115e-04	1
2	rs17119564	97384728	0	6.300203e-04	1.219115e-04	1
2	rs17119591	97435557	0	6.741111e-04	1.325030e-04	1
2	rs17119598	97486315	0	4.418254e-04	7.922268e-05	1
2	rs17119615	96817011	0	-3.618995e-04	-5.552854e-05	1
2	rs17119627	96820847	0	-6.384757e-05	-1.251676e-05	1
2	rs17119643	97553300	0	-7.100830e-04	-1.520416e-04	1
2	rs17119645	97553909	0	-4.540947e-04	-9.335368e-05	1
2	rs17119655	97577495	0	-4.284175e-04	-6.670471e-05	1
2	rs17119656	97578329	0	-6.290951e-04	-1.002063e-04	1
2	rs17119922	96380253	0	-4.828519e-04	-1.002013e-04	1
2	rs1724120	96809331	0	2.857526e-04	3.478417e-05	1
2	rs1724121	96808549	0	8.469791e-04	1.190408e-04	1
2	rs1724125	96831355	0	7.288526e-04	1.001852e-04	1
2	rs1730105	97701659	0	-2.857214e-04	-4.525109e-05	1
2	rs1730106	97674463	0	1.022228e-04	1.453780e-05	1
2	rs1730119	97638713	0	1.245893e-04	1.739291e-05	1
2	rs1730120	97638038	0	1.245893e-04	1.739292e-05	1
2	rs1730122	97630540	0	9.438515e-05	1.345159e-05	1
2	rs1730123	97629704	0	1.245893e-04	1.739292e-05	1
2	rs1730124	97629673	0	1.245893e-04	1.739293e-05	1
2	rs1730126	97622920	0	-2.699104e-04	-3.505309e-05	1
2	rs1730127	97622408	0	8.367827e-05	1.007446e-05	1
2	rs1730128	97619913	0	-2.699104e-04	-3.505308e-05	1
2	rs1730129	97619682	0	-2.699104e-04	-3.505307e-05	1
2	rs1730130	97618572	0	-2.699104e-04	-3.505306e-05	1
2	rs1730131	97617924	0	-5.263018e-04	-7.247586e-05	1
2	rs17419569	96868081	0	-2.011216e-04	-4.000912e-05	1
2	rs17420101	96959616	0	-8.720050e-04	-1.203256e-04	1
2	rs17479466	96962859	0	-9.561747e-04	-1.365868e-04	1
2	rs17633463	97016334	0	-8.734400e-04	-1.296909e-04	1
2	rs17634791	97328852	0	4.215834e-04	5.159970e-05	1
2	rs17635425	97486461	0	-2.739173e-04	-5.505911e-05	1
2	rs17685664	97315570	0	-7.244920e-05	-9.010032e-06	1
2	rs17685766	97319534	0	2.515443e-06	3.145897e-07	1
2	rs17841861	98178927	1	-5.567147e-04	-1.129567e-04	1
2	rs1796027	97618166	0	-2.699104e-04	-3.505305e-05	1
2	rs1796028	97618953	0	-2.699104e-04	-3.505305e-05	1
2	rs1796029	97629250	0	-2.032805e-05	-2.972222e-06	1
2	rs1796032	97628540	0	1.245893e-04	1.739296e-05	1
2	rs1796036	97677631	0	1.022228e-04	1.453786e-05	1
2	rs1796038	97674168	0	1.022228e-04	1.453786e-05	1
2	rs1796041	97627260	0	-1.620062e-04	-2.371713e-05	1
2	rs1796044	97623109	0	-2.699104e-04	-3.505303e-05	1
2	rs1796045	97623010	0	-2.699104e-04	-3.505302e-05	1
2	rs1796046	97621998	0	-3.846236e-04	-5.163958e-05	1
2	rs1796047	97621763	0	-2.699104e-04	-3.505301e-05	1
2	rs1796049	97645785	0	9.438515e-05	1.345166e-05	1
2	rs1796056	97669253	0	6.629642e-05	9.514733e-06	1
2	rs180689708	96251344	0	-1.788677e-04	-3.448898e-05	1
2	rs180704486	97886049	0	-3.834998e-04	-7.709676e-05	1
2	rs1808357	96421425	0	-5.147829e-05	-7.457847e-06	1
2	rs180921462	96559228	1	-3.082861e-04	-6.210291e-05	1
2	rs1813381	96422939	0	-2.895744e-04	-3.857881e-05	1
2	rs181346457	97568071	0	-4.540947e-04	-9.335365e-05	1
2	rs1814505	98206293	0	-3.096706e-04	-3.560486e-05	1
2	rs182144928	96540871	0	5.551192e-04	1.084566e-04	1
2	rs182251407	97051583	0	1.555486e-04	3.163317e-05	1
2	rs182390914	97471817	0	2.511764e-04	4.968664e-05	1
2	rs183345273	97611011	0	-2.684926e-04	-5.325627e-05	1
2	rs1834135	96244225	0	3.918072e-04	4.951068e-05	1
2	rs183529337	97024420	0	1.638161e-04	3.431448e-05	1
2	rs183743021	97283676	0	-3.112574e-05	-6.358894e-06	1
2	rs183861116	96514399	0	-7.267118e-05	-1.441195e-05	1
2	rs184022879	97602087	0	-1.208717e-04	-2.413266e-05	1
2	rs184965217	96667210	0	1.776236e-04	3.664864e-05	1
2	rs185011007	96614558	0	3.643755e-04	7.137205e-05	1
2	rs185085410	96309691	0	-7.322742e-05	-1.497528e-05	1
2	rs185435411	97109169	0	7.457637e-04	1.445084e-04	1
2	rs186057765	96469586	0	-1.322796e-04	-2.774628e-05	1
2	rs186291726	96618679	0	1.637034e-04	3.196139e-05	1
2	rs186350083	96518508	0	-5.218041e-04	-1.071455e-04	1
2	rs1866444	97172125	0	1.555206e-05	1.880756e-06	1
2	rs1866445	97203224	0	2.374243e-04	4.693068e-05	1
2	rs186780297	96650513	0	9.724032e-05	1.938226e-05	1
2	rs1868445	98206188	0	-3.096706e-04	-3.560486e-05	1
2	rs186870869	97840906	0	-2.367722e-04	-3.871530e-05	1
2	rs1870340	97116953	0	7.484957e-04	1.426812e-04	1
2	rs187088133	97568815	0	-4.540947e-04	-9.335365e-05	1
2	rs187218462	97344414	0	-2.515090e-04	-5.217886e-05	1
2	rs187719500	96923071	0	2.316635e-04	4.935601e-05	1
2	rs188288420	97127087	0	1.029819e-04	1.349229e-05	1
2	rs188895880	96872350	0	-2.619456e-04	-5.235280e-05	1
2	rs189183467	97852182	1	-3.458440e-04	-7.147266e-05	1
2	rs189877528	96546352	0	-4.827526e-04	-9.615152e-05	1
2	rs189973985	96995981	16	-2.372782e-05	-4.809125e-06	1
2	rs190044388	97571480	0	-4.390805e-04	-8.867744e-05	1
2	rs1901501	97862260	1	-3.556859e-04	-5.577671e-05	1
2	rs190242046	96559773	0	-2.473638e-04	-5.128646e-05	1
2	rs190540477	97109170	0	7.457637e-04	1.445083e-04	1
2	rs190807904	97640634	0	-1.864608e-04	-3.898930e-05	1
2	rs190938866	96498944	0	-2.322812e-04	-4.865104e-05	1
2	rs191542496	96664261	0	2.866451e-04	6.161900e-05	1
2	rs191678423	97779191	0	-1.577381e-04	-2.767376e-05	1
2	rs1917890	96672001	0	9.876912e-04	1.422871e-04	1
2	rs192379875	97455618	0	3.671071e-04	7.629224e-05	1
2	rs192435541	97072336	0	3.559726e-05	7.302372e-06	1
2	rs192641946	96996885	5	2.842224e-04	5.904824e-05	1
2	rs192942946	96561777	1	-3.291684e-06	-6.255860e-07	1
2	rs1964284	96424999	0	3.940755e-04	5.100424e-05	1
2	rs1971209	97876010	0	-2.190582e-04	-3.415974e-05	1
2	rs1972985	98168055	0	-3.238011e-04	-3.739672e-05	1
2	rs1973839	96434042	0	3.552191e-04	4.675043e-05	1
2	rs1974770	96468824	0	3.720802e-04	4.798867e-05	1
2	rs1974909	96241051	0	-1.221160e-03	-2.785033e-04	1
2	rs199588513	96439808	0	7.383687e-05	1.403076e-05	1
2	rs199675323	96606138	0	7.084249e-05	1.473672e-05	1
2	rs1997257	96429625	0	2.363528e-04	2.852383e-05	1
2	rs199858869	96720524	0	-1.576660e-04	-2.963813e-05	1
2	rs199961979	96262501	5	6.165911e-05	7.024792e-06	1
2	rs199969223	96563039	2	4.791506e-05	9.567274e-06	1
2	rs200216326	97050159	0	-6.653068e-04	-8.929468e-05	1
2	rs200418218	98165920	0	6.690738e-05	1.315681e-05	1
2	rs200518446	96563454	3	4.898923e-04	9.153177e-05	1
2	rs200535656	96605513	0	-2.187042e-04	-4.251566e-05	1
2	rs2005613	96423982	0	1.496443e-04	2.103791e-05	1
2	rs200765455	97783831	0	-1.577381e-04	-2.767375e-05	1
2	rs2008501	96233960	0	-4.515881e-04	-9.325703e-05	1
2	rs201034738	97126953	1	3.606768e-04	6.759610e-05	1
2	rs2016759	96841648	0	-5.857249e-04	-8.397899e-05	1
2	rs202014239	96573549	1	-8.336190e-05	-1.590405e-05	1
2	rs202139028	96685900	1	5.110727e-05	9.671128e-06	1
2	rs2034403	98176612	2	-4.938553e-04	-6.268969e-05	1
2	rs2059313	96207952	0	7.912275e-06	9.510182e-07	1
2	rs2060828	97782995	0	3.365562e-04	4.121929e-05	1
2	rs2083276	97103762	0	5.206922e-04	6.650690e-05	1
2	rs2085842	97052508	0	-6.474371e-04	-8.648011e-05	1
2	rs2099674	97104134	0	8.301237e-04	1.600279e-04	1
2	rs2099675	97104123	0	-2.566723e-05	-3.390993e-06	1
2	rs2113412	96235906	0	-6.886976e-04	-1.376924e-04	1
2	rs2118837	97139171	0	4.857291e-04	9.731824e-05	1
2	rs2122174	98181755	1	-6.015621e-04	-8.292594e-05	1
2	rs2139406	97366779	0	7.835477e-04	1.399856e-04	1
2	rs2140938	96751395	0	6.228794e-04	8.377028e-05	1
2	rs2161066	96477028	0	-5.663200e-05	-8.205202e-06	1
2	rs2193883	96385848	0	-6.420056e-04	-1.288870e-04	1
2	rs2229169	96780716	0	-1.247071e-03	-2.108945e-04	1
2	rs2252697	96778190	0	-1.507260e-03	-2.869541e-04	1
2	rs2257527	96430500	0	-2.979306e-04	-6.012832e-05	1
2	rs2271893	97405440	0	-4.502227e-04	-5.781356e-05	1
2	rs2276649	96971409	0	-6.364000e-04	-8.448151e-05	1
2	rs2276650	96861159	0	-2.178111e-04	-3.253003e-05	1
2	rs2276654	97492479	0	4.418254e-04	7.922273e-05	1
2	rs2278563	97212693	0	6.355604e-04	8.948776e-05	1
2	rs2278564	96688990	0	-4.014233e-04	-7.325383e-05	1
2	rs2279105	96993757	0	-6.808673e-04	-9.152019e-05	1
2	rs2280355	97366303	0	1.291870e-04	1.676554e-05	1
2	rs2280356	97366324	0	6.033168e-04	1.053340e-04	1
2	rs2292939	97365213	0	-2.141263e-04	-4.068448e-05	1
2	rs2292942	97336089	0	5.104858e-04	1.014053e-04	1
2	rs2293544	96603129	0	9.157680e-05	1.676229e-05	1
2	rs2301707	96931846	0	7.371578e-04	1.020255e-04	1
2	rs2305935	97030247	0	-4.994834e-04	-6.444465e-05	1
2	rs2312955	96777168	0	-1.081626e-03	-1.698506e-04	1
2	rs2312990	97134027	0	6.383839e-04	1.189290e-04	1
2	rs2312991	97133947	0	5.567559e-04	1.033311e-04	1
2	rs2314109	97243532	0	-3.637432e-04	-4.651366e-05	1
2	rs2314397	97336979	0	1.648228e-04	1.966924e-05	1
2	rs2314398	97413488	0	-7.563766e-04	-1.048898e-04	1
2	rs2314399	97442390	0	6.761759e-04	1.315072e-04	1
2	rs2314650	97564284	0	9.091060e-04	1.495948e-04	1
2	rs2314651	97552912	0	-8.313206e-04	-1.407114e-04	1
2	rs2314652	97552627	0	1.700906e-04	1.968104e-05	1
2	rs2314653	97552614	0	1.717007e-04	1.975885e-05	1
2	rs2315416	96558477	2	6.010514e-04	7.794448e-05	1
2	rs2315417	96500289	0	7.314771e-04	9.990594e-05	1
2	rs2315517	96363789	0	-6.653946e-04	-1.314992e-04	1
2	rs2315667	96465201	0	-2.169172e-05	-3.166668e-06	1
2	rs2315668	96429562	0	4.461140e-04	5.826701e-05	1
2	rs2315669	96429551	0	3.455733e-04	4.464379e-05	1
2	rs2320170	96239773	0	3.918072e-04	4.951042e-05	1
2	rs2438709	97199694	0	4.014176e-04	5.853103e-05	1
2	rs2438711	97214601	0	1.601718e-04	3.125999e-05	1
2	rs2438712	97219710	0	-4.150168e-04	-5.305156e-05	1
2	rs2438924	96645069	0	1.268834e-03	2.048208e-04	1
2	rs2438972	96690873	0	6.648080e-04	8.761273e-05	1
2	rs2442162	97773699	0	-2.647682e-04	-4.129151e-05	1
2	rs2443892	97802319	0	-2.647682e-04	-4.129150e-05	1
2	rs2443909	97797486	0	2.361487e-04	2.872368e-05	1
2	rs2463560	96595589	2	9.335581e-04	1.308669e-04	1
2	rs2463903	97700870	3	1.704567e-04	1.931146e-05	1
2	rs2464914	97179828	0	6.240807e-04	8.163728e-05	1
2	rs2464915	97211467	0	-1.385962e-04	-1.625298e-05	1
2	rs2544478	96433494	0	1.087582e-04	2.063548e-05	1
2	rs2576437	96800417	0	1.148638e-03	1.815566e-04	1
2	rs2579498	97231885	0	-4.747087e-04	-6.098728e-05	1
2	rs2579499	97232656	0	-4.255577e-04	-5.246371e-05	1
2	rs2579500	97201682	0	5.560968e-05	6.417433e-06	1
2	rs2579501	97199251	0	-1.025066e-04	-1.248135e-05	1
2	rs2579502	97198800	0	5.697018e-04	7.594750e-05	1
2	rs2579503	97176634	0	1.555206e-05	1.880492e-06	1
2	rs2579505	97167962	0	6.305602e-04	8.251688e-05	1
2	rs2579506	97207321	0	-1.430381e-04	-1.684206e-05	1
2	rs2579515	96686723	0	6.233157e-04	8.408248e-05	1
2	rs2579516	96684876	0	-1.609109e-04	-3.148535e-05	1
2	rs2579517	96679384	0	6.233157e-04	8.408245e-05	1
2	rs2579518	96675259	0	7.398518e-04	1.004409e-04	1
2	rs2579519	96675166	0	7.456438e-04	1.013715e-04	1
2	rs2579520	96660300	0	1.104227e-03	1.666005e-04	1
2	rs2579548	96744212	0	5.902716e-04	7.819562e-05	1
2	rs2579549	96742833	0	5.926378e-04	7.904361e-05	1
2	rs2579550	96741944	0	5.926378e-04	7.904359e-05	1
2	rs2579551	96738585	0	1.112488e-05	1.619396e-06	1
2	rs2579552	96737083	0	5.926378e-04	7.904357e-05	1
2	rs2692886	98211676	1	-2.467834e-04	-2.822906e-05	1
2	rs2692893	96756547	0	4.605328e-04	5.964529e-05	1
2	rs2692894	96784934	0	-1.183242e-03	-1.933435e-04	1
2	rs2692906	96430629	0	-6.263255e-04	-1.210773e-04	1
2	rs2692934	96737860	0	6.124704e-04	8.203649e-05	1
2	rs2692936	96745729	0	5.926378e-04	7.904348e-05	1
2	rs2692937	96751871	0	5.926378e-04	7.904345e-05	1
2	rs2692938	96753149	0	2.090623e-04	2.965562e-05	1
2	rs2692947	96674116	0	6.643474e-04	8.385851e-05	1
2	rs2692948	96673565	0	1.698861e-04	2.141014e-05	1
2	rs2692950	96673524	0	9.978014e-04	1.445044e-04	1
2	rs2692954	96683378	0	6.233157e-04	8.408210e-05	1
2	rs2707304	97687366	0	8.454462e-05	1.208087e-05	1
2	rs2708975	97184160	0	2.585071e-05	3.132283e-06	1
2	rs2708977	97230074	0	2.919638e-04	3.679326e-05	1
2	rs2708978	97202243	0	5.697018e-04	7.594740e-05	1
2	rs28404646	97882648	0	2.274522e-05	2.853777e-06	1
2	rs28415903	98206282	0	-3.096706e-04	-3.560493e-05	1
2	rs28603323	97166743	0	8.251201e-04	1.772914e-04	1
2	rs28612110	97567628	0	-1.005446e-03	-1.582137e-04	1
2	rs28687044	97558360	0	1.065034e-03	1.775266e-04	1
2	rs2872313	97012308	0	-1.126158e-04	-2.310203e-05	1
2	rs2872633	97366599	0	5.407007e-04	1.005820e-04	1
2	rs2872686	97601024	0	-5.875111e-04	-7.958418e-05	1
2	rs28795241	97122120	0	6.383839e-04	1.189290e-04	1
2	rs28833028	96665281	0	9.876912e-04	1.422859e-04	1
2	rs28839187	97886879	1	-2.683256e-04	-4.962343e-05	1
2	rs29000576	96779043	0	6.845378e-05	1.332985e-05	1
2	rs29000579	96776888	0	1.016003e-04	2.099806e-05	1
2	rs2917662	96794957	0	1.270624e-03	2.169205e-04	1
2	rs2918816	96661401	0	9.876912e-04	1.422858e-04	1
2	rs2918910	96597007	3	1.051322e-03	1.550761e-04	1
2	rs2918916	96736568	0	6.653295e-04	8.804359e-05	1
2	rs2918929	96683857	0	5.660382e-04	7.570955e-05	1
2	rs2923985	97812676	0	3.365562e-04	4.121915e-05	1
2	rs2949885	96662415	0	9.876912e-04	1.422857e-04	1
2	rs2969473	96689334	0	-1.822730e-04	-2.375987e-05	1
2	rs2969475	96685021	0	6.233157e-04	8.408187e-05	1
2	rs2969477	96677466	0	6.233157e-04	8.408184e-05	1
2	rs2969478	96675306	0	-1.609109e-04	-3.148538e-05	1
2	rs2969489	96811434	0	1.881315e-04	2.263349e-05	1
2	rs2969490	96803904	0	9.837154e-04	1.458812e-04	1
2	rs2969491	96794982	0	1.238952e-03	2.093749e-04	1
2	rs3111873	96781986	0	-9.984870e-04	-1.512450e-04	1
2	rs3171927	96952833	0	-7.511093e-04	-1.058700e-04	1
2	rs3214063	96943473	0	-8.482560e-04	-1.171184e-04	1
2	rs34010054	96334690	0	1.243772e-03	3.302893e-04	1
2	rs34029026	97250042	0	-1.267864e-04	-1.576517e-05	1
2	rs34119529	96210459	0	2.599558e-04	3.190672e-05	1
2	rs34131105	98196849	0	-3.572977e-05	-3.961498e-06	1
2	rs34152169	97826852	0	-6.032297e-04	-1.036479e-04	1
2	rs34367982	97070174	0	-5.013833e-04	-1.050033e-04	1
2	rs34434950	97642214	0	9.438515e-05	1.345161e-05	1
2	rs34448650	96214949	0	1.148131e-03	2.870987e-04	1
2	rs34639392	96508976	0	5.846254e-04	7.601603e-05	1
2	rs34811744	96367067	0	-1.934395e-04	-3.997869e-05	1
2	rs34930820	97387361	0	2.102870e-04	4.127677e-05	1
2	rs35056623	96545293	0	2.255027e-05	4.250688e-06	1
2	rs35071802	97402064	0	3.997765e-04	5.404380e-05	1
2	rs35460642	97682465	0	-2.684926e-04	-5.325619e-05	1
2	rs35479416	97795701	0	1.770818e-04	2.153341e-05	1
2	rs35608744	97668022	0	3.945078e-04	5.893641e-05	1
2	rs35684682	96425099	0	-1.862885e-05	-2.372050e-06	1
2	rs35701303	97812713	0	3.365562e-04	4.121911e-05	1
2	rs35711624	96365890	0	1.197076e-04	2.417777e-05	1
2	rs35715176	97271090	0	3.346105e-04	6.989049e-05	1
2	rs35738525	97147587	0	-9.018573e-05	-1.363733e-05	1
2	rs35836525	97601693	0	-6.924665e-06	-1.373576e-06	1
2	rs35904593	98196859	0	7.558305e-06	8.510097e-07	1
2	rs35965387	97812504	0	3.365562e-04	4.121911e-05	1
2	rs35989305	96341433	0	6.028015e-04	7.803730e-05	1
2	rs36087694	96212699	0	1.858992e-04	2.303911e-05	1
2	rs368296706	96597307	0	3.342100e-04	6.715722e-05	1
2	rs369303397	96692193	1	3.314948e-06	6.291194e-07	1
2	rs370090107	96523401	0	1.302818e-04	2.455249e-05	1
2	rs371784783	96250122	0	-3.730741e-04	-7.643728e-05	1
2	rs372472711	98191388	0	6.690738e-05	1.315680e-05	1
2	rs372625168	96525006	0	4.423781e-04	9.206682e-05	1
2	rs372754140	97840704	4	-2.019328e-04	-4.009133e-05	1
2	rs3731930	96966661	0	-8.768130e-04	-1.213386e-04	1
2	rs3731935	97020049	0	-3.154159e-04	-4.192310e-05	1
2	rs3731936	97020170	0	-3.154159e-04	-4.192309e-05	1
2	rs3731937	97166296	0	8.192874e-04	1.774098e-04	1
2	rs3731938	97166204	0	6.232386e-04	8.111582e-05	1
2	rs3731939	97164943	0	1.050963e-03	2.499544e-04	1
2	rs3731940	97377883	0	5.950800e-04	1.141421e-04	1
2	rs3731941	97476219	0	5.394932e-04	9.950770e-05	1
2	rs373518598	96624998	0	-3.029870e-04	-6.215454e-05	1
2	rs373828429	96441589	0	9.821617e-05	1.881505e-05	1
2	rs373857411	96620365	0	-3.127731e-04	-6.305766e-05	1
2	rs374348575	98059069	0	-2.654680e-04	-4.358289e-05	1
2	rs375208412	97050189	0	-2.618884e-04	-5.287814e-05	1
2	rs376153430	96717484	0	8.180966e-05	1.498210e-05	1
2	rs3813663	96365518	0	2.743517e-04	3.391782e-05	1
2	rs3821051	96912787	0	8.756496e-04	1.247963e-04	1
2	rs3842882	96422745	0	-5.147829e-05	-7.458207e-06	1
2	rs3852673	96919642	0	-3.468130e-04	-5.256570e-05	1
2	rs3855809	97751849	0	-1.745218e-04	-3.484020e-05	1
2	rs3855810	96424244	0	3.940755e-04	5.100313e-05	1
2	rs3901108	96430275	0	-3.127731e-04	-6.305765e-05	1
2	rs3903548	97591670	0	-1.743022e-04	-3.055844e-05	1
2	rs3915894	96433984	0	8.529998e-05	1.673806e-05	1
2	rs3925996	98173875	2	-3.701169e-04	-4.367907e-05	1
2	rs3926004	97870317	1	2.224436e-04	2.691191e-05	1
2	rs3926005	97870339	1	3.509684e-04	4.331448e-05	1
2	rs3927071	97735043	4	1.861911e-04	2.184078e-05	1
2	rs3929206	97816821	0	6.997734e-04	1.137539e-04	1
2	rs3931133	98176340	1	-4.078503e-04	-4.753250e-05	1
2	rs3931134	98176504	1	-3.521831e-04	-4.066109e-05	1
2	rs3968756	96430270	0	3.455733e-04	4.464295e-05	1
2	rs4062840	96430046	0	3.455733e-04	4.464294e-05	1
2	rs4062891	96343854	0	8.341955e-05	1.021591e-05	1
2	rs4062960	96472449	0	8.529998e-05	1.673806e-05	1
2	rs4062989	96481071	0	3.720802e-04	4.798755e-05	1
2	rs4063021	96501762	0	5.846254e-04	7.601590e-05	1
2	rs4063406	97782007	0	3.365562e-04	4.121909e-05	1
2	rs4063676	98193573	0	-3.514076e-04	-6.889031e-05	1
2	rs4069511	98183628	0	-2.999219e-04	-3.444949e-05	1
2	rs4069526	98184793	0	-2.259927e-04	-2.556098e-05	1
2	rs4077343	97490752	0	2.747156e-04	4.612473e-05	1
2	rs4086889	98184234	0	-4.540447e-04	-5.305957e-05	1
2	rs4092199	97860043	0	3.365562e-04	4.121910e-05	1
2	rs4096918	96417608	0	7.383687e-05	1.403075e-05	1
2	rs4101913	97825361	0	3.365562e-04	4.121910e-05	1
2	rs41286594	97465384	0	-2.657372e-04	-5.481025e-05	1
2	rs41320144	96798305	0	-6.384757e-05	-1.251671e-05	1
2	rs4144055	96647856	0	9.876912e-04	1.422853e-04	1
2	rs4146062	96561406	2	-6.270462e-06	-1.189687e-06	1
2	rs4146063	96561651	1	-3.990892e-05	-7.602121e-06	1
2	rs4243787	96388762	0	5.606191e-04	7.882820e-05	1
2	rs4260285	97570081	0	-7.474750e-04	-1.224830e-04	1
2	rs4299372	96256261	0	-6.772052e-05	-8.092331e-06	1
2	rs4328671	97884763	0	-3.177062e-04	-4.093999e-05	1
2	rs4332959	96549121	0	8.349644e-04	1.179588e-04	1
2	rs4352265	96528657	0	-2.714055e-04	-5.696068e-05	1
2	rs4366944	97628047	0	1.245893e-04	1.739291e-05	1
2	rs4371393	96903360	0	-2.254685e-04	-3.352899e-05	1
2	rs4375909	97878195	1	1.046115e-04	1.315262e-05	1
2	rs4386366	97126685	0	9.973015e-06	1.300563e-06	1
2	rs4386368	97814956	0	1.549274e-04	1.918103e-05	1
2	rs4399766	98179617	0	-3.572977e-05	-3.961508e-06	1
2	rs4426565	97051981	0	-6.987760e-05	-9.733265e-06	1
2	rs4434044	98181571	0	-3.871373e-04	-4.515796e-05	1
2	rs4435501	96981369	0	-5.955433e-05	-1.013300e-05	1
2	rs4437014	98216119	0	-3.871373e-04	-4.515795e-05	1
2	rs4473423	97515830	0	-2.448692e-04	-4.480344e-05	1
2	rs4524160	97871442	2	1.837256e-04	2.218142e-05	1
2	rs4527246	96560303	2	5.617386e-04	7.217624e-05	1
2	rs4530406	97860223	0	-5.347223e-04	-8.321367e-05	1
2	rs4535082	97861636	0	-2.647682e-04	-4.129154e-05	1
2	rs4544484	96630528	0	-3.015778e-04	-3.849829e-05	1
2	rs4577322	97862656	0	2.042451e-04	2.599704e-05	1
2	rs4586672	97628231	0	1.531397e-04	2.139372e-05	1
2	rs4592891	96878667	0	-3.116787e-04	-4.692122e-05	1
2	rs4599158	97721714	0	-3.695414e-04	-5.554349e-05	1
2	rs4605406	96583735	1	3.847524e-04	4.970653e-05	1
2	rs4611680	96632533	0	-4.591319e-05	-6.601008e-06	1
2	rs4613327	96583823	3	3.768707e-04	4.874396e-05	1
2	rs4613328	96631964	0	7.689226e-04	1.151825e-04	1
2	rs4619650	97088240	0	1.555486e-04	3.163300e-05	1
2	rs4619651	97416153	0	-7.563766e-04	-1.048902e-04	1
2	rs4645037	97887987	0	4.150282e-04	6.341261e-05	1
2	rs4826	96850885	0	-2.471616e-04	-3.675482e-05	1
2	rs4907200	97320737	0	3.459426e-04	4.374086e-05	1
2	rs4907203	97556543	0	1.065034e-03	1.775266e-04	1
2	rs4907204	97558105	0	1.065034e-03	1.775266e-04	1
2	rs4907205	97558150	0	1.065034e-03	1.775266e-04	1
2	rs4907206	97560913	0	8.762395e-04	1.372874e-04	1
2	rs4907212	96410048	0	5.944220e-04	7.738299e-05	1
2	rs4907217	96544119	0	3.775698e-04	4.869485e-05	1
2	rs4907218	96553772	1	6.195149e-04	8.067773e-05	1
2	rs4907219	96562873	1	1.580916e-04	1.970165e-05	1
2	rs4907222	96576595	2	5.320203e-04	7.032336e-05	1
2	rs4907224	96576609	2	5.320203e-04	7.032335e-05	1
2	rs4907225	96576670	2	4.306907e-04	5.583882e-05	1
2	rs4907226	96652017	0	9.876912e-04	1.422849e-04	1
2	rs4907230	96855241	0	4.773223e-04	6.190026e-05	1
2	rs4907231	96969543	0	-1.130838e-03	-1.743097e-04	1
2	rs4907232	96983112	0	-4.272939e-04	-5.742852e-05	1
2	rs4907233	97053119	0	-6.851394e-04	-9.255056e-05	1
2	rs4907234	97112939	0	-2.700405e-04	-3.324544e-05	1
2	rs4907236	97187605	0	1.808474e-04	2.190399e-05	1
2	rs4907237	97190497	0	3.057185e-04	4.029421e-05	1
2	rs4907238	97197195	0	2.242748e-04	2.866288e-05	1
2	rs4907240	97228039	0	7.002823e-04	1.004427e-04	1
2	rs4907241	97241928	0	6.745476e-04	9.540494e-05	1
2	rs4907242	97273113	0	6.745476e-04	9.540494e-05	1
2	rs4907246	97326286	0	6.327602e-04	8.847718e-05	1
2	rs4907254	97549668	0	1.125192e-03	1.611453e-04	1
2	rs4907256	97554581	0	1.065034e-03	1.775265e-04	1
2	rs4907257	97554615	0	1.065034e-03	1.775265e-04	1
2	rs4907258	97554706	0	1.065034e-03	1.775265e-04	1
2	rs4907259	97555920	0	1.065034e-03	1.775264e-04	1
2	rs4907260	97556272	0	1.065034e-03	1.775264e-04	1
2	rs4907262	97576854	0	-4.767457e-04	-8.488524e-05	1
2	rs4907272	96321830	0	3.394389e-04	4.247940e-05	1
2	rs4907273	96322801	0	3.684280e-04	4.634961e-05	1
2	rs4907274	96363682	0	8.860289e-05	1.085320e-05	1
2	rs4907275	96384577	0	5.837610e-04	1.247215e-04	1
2	rs4907276	96391109	0	6.455705e-04	8.673763e-05	1
2	rs4907278	96392196	0	4.622289e-04	5.913142e-05	1
2	rs4907279	96399968	0	3.328747e-04	4.290663e-05	1
2	rs4907280	96402126	0	3.832913e-04	4.954321e-05	1
2	rs4907282	96518022	0	6.574837e-04	8.697209e-05	1
2	rs4907288	96614212	0	4.394424e-04	6.352706e-05	1
2	rs4907291	96654605	0	1.380653e-03	2.391115e-04	1
2	rs4907292	96664144	0	-4.591319e-05	-6.601094e-06	1
2	rs4907299	96780122	0	1.297489e-03	2.262093e-04	1
2	rs4907301	96836512	0	-9.695117e-04	-1.767862e-04	1
2	rs4907302	96217197	0	2.170881e-04	2.702413e-05	1
2	rs4907303	96217234	0	2.682698e-04	3.347316e-05	1
2	rs4907304	96898296	0	-5.793549e-04	-9.153187e-05	1
2	rs4907307	96925269	0	-8.284235e-04	-1.134784e-04	1
2	rs4907308	96927965	0	-1.059558e-03	-1.599643e-04	1
2	rs4907309	96936254	0	-6.331913e-04	-8.442105e-05	1
2	rs4907310	96980113	0	-6.851394e-04	-9.255041e-05	1
2	rs4907311	97011362	0	-6.236026e-04	-8.166385e-05	1
2	rs4907312	97033940	0	-9.447346e-04	-1.405899e-04	1
2	rs4907318	97108265	0	5.206922e-04	6.650646e-05	1
2	rs4907319	97138525	0	-1.195496e-04	-1.472660e-05	1
2	rs55674661	97473929	0	2.729819e-04	3.676082e-05	1
2	rs55684901	96544464	0	-3.094939e-04	-6.567474e-05	1
2	rs55687728	97201026	0	3.346105e-04	6.989046e-05	1
2	rs55693512	97687102	0	-3.467392e-04	-5.078874e-05	1
2	rs55695015	96501763	0	-3.127731e-04	-6.305763e-05	1
2	rs55698638	97219692	0	-3.471861e-04	-7.361122e-05	1
2	rs55716397	97201265	0	3.370065e-04	6.474265e-05	1
2	rs55788356	98202408	0	1.019880e-04	2.018688e-05	1
2	rs55821308	96682985	0	-3.127731e-04	-6.305763e-05	1
2	rs55862224	96727959	0	-5.800911e-05	-1.098067e-05	1
2	rs55908923	96788107	0	-6.384757e-05	-1.251669e-05	1
2	rs55982351	97162780	0	-2.417396e-04	-4.967925e-05	1
2	rs56025514	97200810	0	-3.337918e-04	-6.808180e-05	1
2	rs56027554	97058660	0	-9.447346e-04	-1.405899e-04	1
2	rs56051127	97839613	1	3.740654e-04	4.583849e-05	1
2	rs56088823	96793024	0	-3.165630e-04	-4.808863e-05	1
2	rs56092602	97206932	0	-6.060568e-04	-7.884892e-05	1
2	rs56159881	97864288	1	2.671271e-04	3.262714e-05	1
2	rs56192525	96475760	0	-3.127731e-04	-6.305763e-05	1
2	rs56221936	97058485	0	-6.428575e-04	-8.592963e-05	1
2	rs56223017	97629848	0	-2.017784e-04	-3.922404e-05	1
2	rs56226039	98207930	0	-3.871373e-04	-4.515798e-05	1
2	rs56229635	96855331	0	-1.915493e-04	-3.750826e-05	1
2	rs56284608	97044781	0	-2.463063e-04	-4.986169e-05	1
2	rs56289221	96839457	0	-2.619456e-04	-5.235270e-05	1
2	rs56351161	97373817	0	-5.341953e-04	-6.978871e-05	1
2	rs56361249	97380229	0	-7.137303e-04	-9.662901e-05	1
2	rs56402677	97822563	0	-6.283813e-04	-8.478893e-05	1
2	rs56722094	98164535	0	-3.392508e-04	-6.270197e-05	1
2	rs56786098	97808198	0	-2.811289e-04	-4.580934e-05	1
2	rs56791141	96587496	1	5.547253e-04	7.141620e-05	1
2	rs56797569	97413555	0	7.276405e-04	1.415208e-04	1
2	rs56800261	96942273	0	-7.334867e-04	-9.790589e-05	1
2	rs56807297	97861340	0	-3.178379e-04	-5.085736e-05	1
2	rs56847058	96406893	0	3.832913e-04	4.954302e-05	1
2	rs56913233	97405896	0	6.004132e-04	1.140734e-04	1
2	rs57035274	97608124	0	-7.050287e-05	-1.072337e-05	1
2	rs57185579	96684975	0	1.755963e-05	3.331559e-06	1
2	rs57251156	96886700	0	-6.384027e-04	-9.287311e-05	1
2	rs57273135	96482601	0	5.400429e-05	1.021990e-05	1
2	rs57352915	96670607	0	1.165361e-04	2.145003e-05	1
2	rs57397886	97592123	0	-1.743022e-04	-3.055841e-05	1
2	rs57406815	97012155	0	-3.950625e-04	-4.935955e-05	1
2	rs57476471	96902320	0	-3.929056e-04	-5.988064e-05	1
2	rs57579941	96336253	0	3.731868e-04	4.688320e-05	1
2	rs57582887	97406354	0	6.004132e-04	1.140734e-04	1
2	rs57591191	98186699	0	-3.572977e-05	-3.961538e-06	1
2	rs57674617	97101316	0	7.142246e-04	1.304643e-04	1
2	rs57675226	97560137	0	-1.859460e-05	-3.021177e-06	1
2	rs57729589	97559333	0	-8.060922e-04	-1.793102e-04	1
2	rs58147284	97508082	0	3.130275e-04	4.611114e-05	1
2	rs582014	97075826	0	2.546971e-04	3.179556e-05	1
2	rs58232717	97583683	0	1.297625e-04	2.425158e-05	1
2	rs58328293	97022495	0	-7.150699e-04	-9.714833e-05	1
2	rs58353777	97121784	0	6.383839e-04	1.189289e-04	1
2	rs58361269	97403110	0	-4.502227e-04	-5.781400e-05	1
2	rs583705	97068754	0	2.546971e-04	3.179555e-05	1
2	rs58446419	97539830	0	8.367346e-04	1.159789e-04	1
2	rs58447335	97591997	0	-1.998763e-04	-3.447698e-05	1
2	rs58448550	96880147	0	4.773223e-04	6.189996e-05	1
2	rs584811	97069879	0	1.106444e-03	1.677845e-04	1
2	rs585781	97088623	0	1.596583e-04	1.976852e-05	1
2	rs58719199	96578247	3	4.537646e-04	5.911226e-05	1
2	rs58730124	96413338	0	3.832913e-04	4.954293e-05	1
2	rs58751052	96745044	0	-4.087822e-04	-8.381317e-05	1
2	rs58913898	97114731	0	6.383839e-04	1.189289e-04	1
2	rs58984980	97570759	0	-3.911596e-04	-6.149231e-05	1
2	rs59021132	97318066	0	-2.846457e-04	-5.196098e-05	1
2	rs59033856	96603518	0	2.901963e-04	5.392912e-05	1
2	rs59073958	97352693	0	5.541517e-04	9.983481e-05	1
2	rs59076415	96393944	0	3.780584e-04	4.934060e-05	1
2	rs59082429	96839049	0	-4.662842e-05	-6.857486e-06	1
2	rs59118112	97226310	0	-2.922740e-04	-5.254011e-05	1
2	rs59131346	97566768	0	-7.474750e-04	-1.224828e-04	1
2	rs59178801	97604455	0	-2.888058e-04	-4.336244e-05	1
2	rs59210467	97097291	0	4.873715e-05	6.447316e-06	1
2	rs59244622	97501632	0	2.684618e-04	4.513648e-05	1
2	rs59271006	97529360	0	7.093945e-04	9.538375e-05	1
2	rs59284047	97614559	0	-5.757069e-04	-1.096874e-04	1
2	rs59330394	98203406	0	-3.938329e-05	-4.406532e-06	1
2	rs59371153	97810798	0	-8.699270e-05	-1.302168e-05	1
2	rs59398186	97240002	0	4.686052e-04	8.830427e-05	1
2	rs59413697	97119750	0	2.494620e-05	3.271718e-06	1
2	rs59426746	97327721	0	3.772961e-04	7.474219e-05	1
2	rs59534363	96556423	1	1.563208e-04	2.904571e-05	1
2	rs596069	97076642	0	4.258553e-04	5.565923e-05	1
2	rs59648446	97351561	0	6.877704e-04	1.130268e-04	1
2	rs59660613	97576659	0	-3.661813e-04	-5.625637e-05	1
2	rs59664047	96869291	0	-3.116787e-04	-4.692098e-05	1
2	rs597420	97070353	0	2.546971e-04	3.179548e-05	1
2	rs59878168	96685307	0	1.755963e-05	3.331571e-06	1
2	rs59966106	96999086	0	-6.851394e-04	-9.255022e-05	1
2	rs59979953	97014447	0	-4.615303e-04	-5.792806e-05	1
2	rs60019075	97604895	0	-3.268942e-04	-4.927844e-05	1
2	rs60063645	97584258	0	-2.509151e-04	-4.355582e-05	1
2	rs60090597	96406266	0	9.281813e-04	1.456074e-04	1
2	rs60106968	96598679	0	-5.937126e-04	-1.004417e-04	1
2	rs60273147	96559751	0	2.901298e-04	3.675869e-05	1
2	rs60283912	97634434	0	9.438515e-05	1.345165e-05	1
2	rs60326991	97208305	0	4.630187e-04	8.712623e-05	1
2	rs60330255	97593614	0	-4.446204e-04	-8.020413e-05	1
2	rs60400346	96646580	0	-3.127731e-04	-6.305760e-05	1
2	rs60409279	96872400	0	-1.610612e-05	-2.536243e-06	1
2	rs60452119	96420050	0	6.156691e-04	8.065882e-05	1
2	rs60492555	98198416	0	-3.871373e-04	-4.515800e-05	1
2	rs60501446	97318219	0	-3.264388e-04	-6.018865e-05	1
2	rs605175	97082700	0	1.596583e-04	1.976847e-05	1
2	rs60538359	96598388	0	-5.986416e-04	-1.149773e-04	1
2	rs60608738	97608085	0	-7.050287e-05	-1.072333e-05	1
2	rs60621865	97598001	0	-3.445522e-04	-4.479161e-05	1
2	rs60700118	97098756	0	1.210702e-04	1.597403e-05	1
2	rs607302	97086823	0	7.472301e-05	9.330332e-06	1
2	rs60793520	97721706	1	-1.585834e-04	-3.098481e-05	1
2	rs60795069	97864374	0	1.405060e-04	1.688026e-05	1
2	rs609765	97094536	0	3.810061e-04	4.750455e-05	1
2	rs61008119	97132514	0	2.494620e-05	3.271653e-06	1
2	rs61009229	97635520	0	-3.233846e-04	-6.381850e-05	1
2	rs61063398	97306215	0	5.480523e-04	1.049480e-04	1
2	rs611943	97067074	0	2.731494e-04	3.389868e-05	1
2	rs612017	97094011	0	5.234250e-04	6.706348e-05	1
2	rs61218502	97864333	0	1.785944e-04	2.152137e-05	1
2	rs61382911	97561851	0	7.946867e-04	1.242957e-04	1
2	rs61409777	96581373	2	5.550941e-04	7.164723e-05	1
2	rs61624166	96793213	0	-3.165630e-04	-4.808856e-05	1
2	rs61697794	96902604	0	-5.619008e-04	-7.946384e-05	1
2	rs61735195	96798440	0	3.622144e-04	7.872480e-05	1
2	rs61742095	97366088	0	6.617904e-04	1.291269e-04	1
2	rs61750875	97359364	0	6.430534e-04	1.085637e-04	1
2	rs618454	97080093	0	3.469562e-04	4.425485e-05	1
2	rs62152765	97440420	0	9.193143e-04	1.945733e-04	1
2	rs62152766	97440567	0	6.741111e-04	1.325032e-04	1
2	rs62152767	97442818	0	6.467400e-04	1.244655e-04	1
2	rs62152768	97442906	0	8.034032e-04	1.607372e-04	1
2	rs62152770	97446243	0	8.080211e-04	1.624265e-04	1
2	rs62152771	97447121	0	6.741111e-04	1.325032e-04	1
2	rs62152772	97448055	0	8.034032e-04	1.607372e-04	1
2	rs62152773	97448073	0	8.034032e-04	1.607372e-04	1
2	rs62152774	97448377	0	8.034032e-04	1.607372e-04	1
2	rs62152775	97448474	0	8.034032e-04	1.607372e-04	1
2	rs62152777	97452100	0	8.034032e-04	1.607372e-04	1
2	rs62152780	97456022	0	6.445039e-04	1.242825e-04	1
2	rs62152781	97457014	0	2.455262e-04	4.876720e-05	1
2	rs62152783	97457389	0	8.034032e-04	1.607371e-04	1
2	rs62152784	97457849	0	8.034032e-04	1.607371e-04	1
2	rs62152785	97459403	0	8.034032e-04	1.607371e-04	1
2	rs62152786	97459530	0	8.956264e-04	1.725981e-04	1
2	rs62152787	97459642	0	6.741111e-04	1.325031e-04	1
2	rs62152788	97470223	0	4.201209e-04	7.457272e-05	1
2	rs62152790	97478579	0	4.201209e-04	7.457272e-05	1
2	rs62152793	97484948	0	4.418254e-04	7.922277e-05	1
2	rs62152794	97485110	0	3.719591e-04	5.515298e-05	1
2	rs62152795	97487699	0	3.622971e-04	4.903507e-05	1
2	rs62152834	97504863	0	3.293182e-04	4.944071e-05	1
2	rs62152860	97516818	0	4.418254e-04	7.922276e-05	1
2	rs62152861	97517129	0	-1.860934e-04	-3.778392e-05	1
2	rs62152862	97520838	0	-1.860934e-04	-3.778392e-05	1
2	rs62152863	97521439	1	4.672253e-04	8.474998e-05	1
2	rs62152864	97521454	1	3.075662e-04	5.226142e-05	1
2	rs62152866	97532849	0	3.509936e-04	6.189807e-05	1
2	rs62152867	97535303	0	6.894017e-04	9.197051e-05	1
2	rs62152868	97537070	0	4.650023e-04	6.713722e-05	1
2	rs62152871	97544016	0	2.470306e-04	4.127014e-05	1
2	rs62152872	97545306	0	-5.297284e-05	-1.073686e-05	1
2	rs62152900	97561927	0	2.273102e-05	3.684920e-06	1
2	rs62152901	97564898	0	-4.914867e-04	-7.688373e-05	1
2	rs62152902	97569119	0	3.106004e-05	5.107083e-06	1
2	rs62152903	97570377	0	-4.198494e-04	-6.626285e-05	1
2	rs62152904	97571873	0	-7.225199e-04	-1.176943e-04	1
2	rs62152905	97572222	0	-3.881775e-04	-6.078392e-05	1
2	rs62152906	97572270	0	-3.881775e-04	-6.078392e-05	1
2	rs62152907	97572772	0	-3.881775e-04	-6.078392e-05	1
2	rs62152908	97574592	0	-4.618198e-04	-7.265254e-05	1
2	rs62152910	97577082	0	-4.284175e-04	-6.670454e-05	1
2	rs62152915	97594303	0	4.404648e-04	9.512856e-05	1
2	rs62152962	96773950	0	-2.710932e-04	-5.425926e-05	1
2	rs62152966	96823524	0	-3.964607e-04	-6.113040e-05	1
2	rs62152972	96842653	0	2.597953e-04	4.160946e-05	1
2	rs62152991	97808047	1	1.379016e-04	1.746837e-05	1
2	rs62153010	96854568	0	-1.341600e-04	-1.981775e-05	1
2	rs62153011	96854578	0	-2.000878e-04	-2.990920e-05	1
2	rs62153014	96865817	0	-1.341600e-04	-1.981774e-05	1
2	rs62153018	96876455	0	-2.583925e-04	-3.847613e-05	1
2	rs62153019	96881715	0	-3.171065e-04	-6.398215e-05	1
2	rs62153020	96882128	0	-2.317811e-04	-3.449143e-05	1
2	rs62153022	96888164	0	-2.702319e-04	-4.039784e-05	1
2	rs62153026	96910053	0	-2.979306e-04	-6.012818e-05	1
2	rs62153027	96914741	0	-2.979306e-04	-6.012818e-05	1
2	rs62153029	96920993	0	-2.669153e-04	-3.993596e-05	1
2	rs62153033	96934504	0	-7.640863e-04	-1.022934e-04	1
2	rs62153034	96941467	0	-1.013303e-03	-1.490143e-04	1
2	rs62153035	96941701	0	-8.391759e-04	-1.148255e-04	1
2	rs62153036	96941820	0	-6.931547e-04	-1.158081e-04	1
2	rs62153038	96944899	0	-2.979306e-04	-6.012817e-05	1
2	rs62153039	96945712	0	-8.535872e-04	-1.182662e-04	1
2	rs62153041	96966193	0	-1.130838e-03	-1.743089e-04	1
2	rs62153678	96558346	1	4.828729e-04	6.318998e-05	1
2	rs62153679	96558400	1	6.391575e-04	8.374606e-05	1
2	rs62153692	96569017	2	4.556643e-04	5.659520e-05	1
2	rs62153698	96579526	1	-2.941865e-04	-5.754737e-05	1
2	rs62153699	96580165	2	-4.191437e-04	-6.398670e-05	1
2	rs62153881	97828786	1	4.289954e-04	6.679822e-05	1
2	rs62153898	96966456	0	-1.130838e-03	-1.743088e-04	1
2	rs62153900	96977284	0	-8.895556e-04	-1.294522e-04	1
2	rs62153901	96983959	0	-8.070224e-04	-1.139453e-04	1
2	rs62153902	96987742	0	-8.549944e-04	-1.228006e-04	1
2	rs62153905	97004840	0	-1.366364e-03	-2.515980e-04	1
2	rs62153906	97005275	0	-9.679585e-04	-1.450973e-04	1
2	rs62153915	97026576	0	-5.160142e-04	-6.709038e-05	1
2	rs62153917	97029168	0	-2.339289e-04	-3.154144e-05	1
2	rs62153922	97060366	0	-5.626804e-04	-7.830734e-05	1
2	rs62153923	97063603	0	-9.118121e-04	-1.320287e-04	1
2	rs62154337	98170267	0	2.760644e-05	3.062423e-06	1
2	rs62154612	96617277	0	-2.979306e-04	-6.012814e-05	1
2	rs62154786	97087963	0	-8.593982e-04	-1.220881e-04	1
2	rs62154787	97089912	0	-8.593982e-04	-1.220881e-04	1
2	rs62154798	97176334	0	-3.912084e-04	-8.378255e-05	1
2	rs62154845	97267644	0	6.745476e-04	9.540535e-05	1
2	rs62155096	96257031	0	-2.945377e-04	-5.963302e-05	1
2	rs62155101	96333656	0	-2.945377e-04	-5.963301e-05	1
2	rs62155480	96626734	0	9.084212e-04	1.337925e-04	1
2	rs62155508	96641039	0	9.876912e-04	1.422839e-04	1
2	rs62155510	96645493	0	1.099795e-03	1.651707e-04	1
2	rs62155511	96657575	0	6.391180e-04	8.039714e-05	1
2	rs62155542	97735790	0	2.447827e-04	2.921346e-05	1
2	rs62155664	96412996	0	-3.127731e-04	-6.305759e-05	1
2	rs62155672	96432482	0	-2.979306e-04	-6.012813e-05	1
2	rs62155675	96438442	0	3.720802e-04	4.798654e-05	1
2	rs62155743	96480252	0	6.048922e-04	1.219438e-04	1
2	rs62155750	96491456	0	-3.014594e-04	-4.022499e-05	1
2	rs62155751	96505480	0	-4.513575e-05	-5.764982e-06	1
2	rs62156206	97357108	0	7.591257e-04	1.533561e-04	1
2	rs62156207	97359236	0	7.592675e-04	1.468353e-04	1
2	rs62156208	97383686	0	6.300203e-04	1.219117e-04	1
2	rs62156209	97392423	0	6.926364e-04	1.266544e-04	1
2	rs62156210	97393736	0	6.004132e-04	1.140733e-04	1
2	rs62156211	97398757	0	6.004132e-04	1.140733e-04	1
2	rs62156212	97399096	0	6.004132e-04	1.140733e-04	1
2	rs62156213	97399100	0	6.004132e-04	1.140733e-04	1
2	rs62156215	97402210	0	2.226826e-04	4.392871e-05	1
2	rs62156216	97405127	0	6.004132e-04	1.140733e-04	1
2	rs62156219	97409086	0	6.926364e-04	1.266544e-04	1
2	rs62156220	97409138	0	6.004132e-04	1.140733e-04	1
2	rs62156221	97410850	0	6.004132e-04	1.140733e-04	1
2	rs62156222	97410988	0	6.300203e-04	1.219116e-04	1
2	rs62156223	97412167	0	8.102512e-04	1.612916e-04	1
2	rs62156225	97414118	0	7.276405e-04	1.415206e-04	1
2	rs62156226	97417108	0	7.276405e-04	1.415206e-04	1
2	rs62156227	97417942	0	7.276405e-04	1.415206e-04	1
2	rs62156228	97420335	0	6.004132e-04	1.140733e-04	1
2	rs62156229	97421271	0	8.198637e-04	1.544748e-04	1
2	rs62156230	97424915	0	8.198637e-04	1.544748e-04	1
2	rs62156231	97425603	0	7.276405e-04	1.415206e-04	1
2	rs62156232	97431161	0	6.741111e-04	1.325030e-04	1
2	rs62156233	97434061	0	8.956264e-04	1.725979e-04	1
2	rs631033	97090430	0	9.616319e-05	1.189310e-05	1
2	rs631746	97065499	0	3.567682e-04	4.584553e-05	1
2	rs637532	97078743	0	3.469562e-04	4.425487e-05	1
2	rs648225	97066882	0	1.248986e-03	2.040556e-04	1
2	rs654224	97080123	0	2.851914e-04	3.615228e-05	1
2	rs6542895	98181056	0	-2.075820e-04	-2.406786e-05	1
2	rs6542896	98181377	0	-4.096039e-04	-4.864877e-05	1
2	rs6542907	98212588	0	-5.148294e-04	-6.992322e-05	1
2	rs6542908	98212608	0	-3.871373e-04	-4.515798e-05	1
2	rs6542909	98212640	0	-3.871373e-04	-4.515797e-05	1
2	rs655101	97080340	0	2.670585e-04	3.375571e-05	1
2	rs6576964	96412077	0	-8.986149e-04	-1.213501e-04	1
2	rs6576968	96904127	0	7.436227e-05	1.175155e-05	1
2	rs6576972	97152446	0	3.242446e-04	3.955404e-05	1
2	rs6576973	97218367	0	-1.893692e-04	-3.386587e-05	1
2	rs6576974	97244385	0	4.420667e-04	5.675324e-05	1
2	rs6576975	97245037	0	-5.994658e-04	-1.216793e-04	1
2	rs6576976	97246667	0	3.702873e-04	4.698618e-05	1
2	rs6576978	97285852	0	2.741632e-04	3.436130e-05	1
2	rs6576981	97394406	0	6.926364e-04	1.266543e-04	1
2	rs6576983	97454650	0	1.478373e-04	1.684688e-05	1
2	rs6576984	97454705	0	1.478373e-04	1.684688e-05	1
2	rs6576986	97508320	0	3.230644e-04	4.852741e-05	1
2	rs6576987	97512059	0	3.293182e-04	4.944064e-05	1
2	rs6576990	97572798	0	-4.586848e-04	-6.609715e-05	1
2	rs6576992	97620946	0	-2.699104e-04	-3.505278e-05	1
2	rs6576993	97620961	0	-3.846236e-04	-5.163925e-05	1
2	rs6576994	97620975	0	-2.699104e-04	-3.505277e-05	1
2	rs6576995	97621274	0	-2.699104e-04	-3.505276e-05	1
2	rs6576996	97623312	0	-3.659265e-04	-5.386680e-05	1
2	rs6576997	97637031	1	9.383351e-05	1.337717e-05	1
2	rs6576998	97643684	0	-3.233846e-04	-6.381852e-05	1
2	rs6576999	97646445	0	1.245893e-04	1.739293e-05	1
2	rs6577003	97869539	0	-3.931205e-04	-6.203232e-05	1
2	rs6577005	97888236	0	-7.075709e-04	-1.153647e-04	1
2	rs66727130	97324991	1	7.960298e-04	1.178307e-04	1
2	rs670498	97090227	0	3.712306e-04	4.723706e-05	1
2	rs6705204	97098095	0	5.594887e-04	1.054102e-04	1
2	rs6707154	96216165	9	-7.099823e-04	-1.346183e-04	1
2	rs6707224	96499474	0	5.400429e-05	1.021990e-05	1
2	rs6707255	97612214	0	-3.010690e-04	-3.996902e-05	1
2	rs6707583	96508571	0	6.131759e-04	8.068440e-05	1
2	rs6707832	98175198	1	5.723730e-05	1.125178e-05	1
2	rs6707965	97095583	0	8.311260e-04	1.644251e-04	1
2	rs6708171	97552734	0	3.076046e-05	5.093369e-06	1
2	rs6708490	98175737	0	1.313843e-04	2.633095e-05	1
2	rs6709448	96679747	0	-1.126543e-04	-2.022761e-05	1
2	rs6711452	97139307	0	-9.218381e-05	-1.173141e-05	1
2	rs6714860	97637516	0	9.438515e-05	1.345165e-05	1
2	rs6715329	97637905	0	9.438515e-05	1.345166e-05	1
2	rs6715933	97235703	0	-5.259988e-04	-1.099916e-04	1
2	rs6716516	96216066	0	-9.278746e-05	-1.847300e-05	1
2	rs6717064	97577343	0	-7.903163e-04	-1.298779e-04	1
2	rs6717101	96505552	0	5.846254e-04	7.601472e-05	1
2	rs6718109	98175863	1	-3.568801e-04	-4.111580e-05	1
2	rs6718164	97799285	0	-1.319515e-04	-1.980096e-05	1
2	rs6718340	97206409	0	4.630187e-04	8.712612e-05	1
2	rs6718420	97572470	0	-3.881775e-04	-6.078392e-05	1
2	rs6719831	96502590	0	5.846254e-04	7.601470e-05	1
2	rs6720712	98178613	0	-1.959083e-04	-2.212906e-05	1
2	rs67216602	96465551	0	2.125452e-04	3.959792e-05	1
2	rs6721921	97566501	0	-7.474750e-04	-1.224828e-04	1
2	rs6723188	97208158	0	-5.555466e-04	-1.177231e-04	1
2	rs6724620	96679990	0	-1.081000e-04	-1.970705e-05	1
2	rs6725692	98182699	0	-2.587851e-04	-2.967309e-05	1
2	rs6725867	96874590	0	-6.384027e-04	-9.287279e-05	1
2	rs6727384	97400324	0	1.836511e-04	2.100155e-05	1
2	rs6728642	97607071	0	-7.050287e-05	-1.072335e-05	1
2	rs6730773	97441643	0	1.478373e-04	1.684688e-05	1
2	rs6731522	97647997	0	-3.944520e-04	-5.835758e-05	1
2	rs6732095	97607668	0	-2.775281e-04	-5.215531e-05	1
2	rs6732115	97335510	0	4.520511e-04	8.646131e-05	1
2	rs6732237	97577661	0	-6.262395e-04	-1.220543e-04	1
2	rs6733589	97293140	0	4.916984e-04	9.799155e-05	1
2	rs6733734	98179418	1	-3.396480e-04	-3.942017e-05	1
2	rs6734326	97569735	0	1.024603e-04	1.697416e-05	1
2	rs6734673	97577241	0	-4.284175e-04	-6.670454e-05	1
2	rs6735969	97548391	0	-3.197843e-05	-4.838463e-06	1
2	rs6736365	97617682	0	-3.535887e-04	-6.713608e-05	1
2	rs6737429	97028762	0	-6.371674e-04	-8.487735e-05	1
2	rs6740188	98216270	0	-3.490489e-04	-4.033041e-05	1
2	rs6740563	96653737	0	8.458375e-04	1.152531e-04	1
2	rs6741277	97294903	0	2.671582e-04	3.346593e-05	1
2	rs6741561	97458436	0	1.478373e-04	1.684687e-05	1
2	rs6742337	98182568	0	-3.871373e-04	-4.515795e-05	1
2	rs6742834	98167116	0	-3.514076e-04	-6.889031e-05	1
2	rs6743469	97826741	0	7.294442e-04	1.069725e-04	1
2	rs6745441	96206153	0	-7.578065e-04	-1.562091e-04	1
2	rs6745810	98183116	0	-3.871373e-04	-4.515794e-05	1
2	rs6746020	97572503	0	6.273199e-05	1.030119e-05	1
2	rs6746896	97410949	0	-4.377593e-04	-5.611166e-05	1
2	rs6747149	97246956	0	6.745476e-04	9.540537e-05	1
2	rs6749086	97656166	0	-4.323935e-04	-6.392223e-05	1
2	rs6749159	97267293	0	6.745476e-04	9.540536e-05	1
2	rs674920	97070156	0	4.258553e-04	5.565909e-05	1
2	rs6750197	98166183	0	-1.899181e-04	-2.141385e-05	1
2	rs6750205	98166215	0	-5.038364e-04	-6.200407e-05	1
2	rs6750709	97827790	0	-1.908122e-04	-3.180383e-05	1
2	rs6751132	97405866	0	6.926364e-04	1.266543e-04	1
2	rs6751815	97566948	0	-4.230347e-04	-6.692291e-05	1
2	rs6752002	96670953	0	3.926516e-04	7.608924e-05	1
2	rs675239	97076556	0	3.469562e-04	4.425477e-05	1
2	rs6753263	97098802	0	7.685192e-04	1.444354e-04	1
2	rs6753667	97160382	0	6.232386e-04	8.111546e-05	1
2	rs6753713	97220657	0	1.157693e-04	2.284075e-05	1
2	rs6753926	97298949	0	3.131326e-04	3.923621e-05	1
2	rs6753987	97521820	0	3.657053e-04	5.424353e-05	1
2	rs6754340	98167246	0	1.098883e-04	2.192646e-05	1
2	rs6755877	97068300	0	-8.638401e-04	-1.228366e-04	1
2	rs6756208	96832699	0	-5.845362e-05	-8.971629e-06	1
2	rs6756249	97826431	0	3.365562e-04	4.121903e-05	1
2	rs6756482	97458561	0	8.784216e-04	1.618780e-04	1
2	rs6756674	98166779	0	-2.026873e-04	-2.303085e-05	1
2	rs6756986	97881267	2	-4.924265e-04	-7.590863e-05	1
2	rs67570263	97383007	0	-5.932071e-04	-7.737663e-05	1
2	rs6757916	97646109	0	1.245893e-04	1.739297e-05	1
2	rs6758151	97388884	0	6.926364e-04	1.266543e-04	1
2	rs6758174	97528365	0	9.184740e-04	1.291601e-04	1
2	rs6758519	97824043	0	-1.315409e-04	-2.648608e-05	1
2	rs6759099	97267260	0	6.745476e-04	9.540535e-05	1
2	rs676007	97075052	0	1.747995e-04	2.169154e-05	1
2	rs67677651	96790560	0	-6.384757e-05	-1.251665e-05	1
2	rs67677775	96626760	0	-8.336673e-04	-1.914883e-04	1
2	rs679414	97087788	0	2.879029e-04	3.650751e-05	1
2	rs68026712	97396403	0	1.836511e-04	2.100152e-05	1
2	rs687950	97069612	0	2.546971e-04	3.179533e-05	1
2	rs7058	96917588	0	3.165895e-04	3.834019e-05	1
2	rs71427040	96251136	0	-1.934395e-04	-3.997858e-05	1
2	rs71427097	97526963	0	2.871222e-04	5.992741e-05	1
2	rs71427101	97671697	0	3.989066e-04	5.863587e-05	1
2	rs72492163	96417816	0	3.832913e-04	4.954240e-05	1
2	rs72492169	96582837	0	-9.028745e-05	-1.728891e-05	1
2	rs72492198	96627697	0	-3.127731e-04	-6.305759e-05	1
2	rs72492201	96630201	0	9.876912e-04	1.422835e-04	1
2	rs72809811	97292386	0	-1.583665e-04	-3.079188e-05	1
2	rs72809820	97360079	0	-4.635081e-04	-5.966810e-05	1
2	rs72809822	97362025	0	-2.334622e-04	-4.850957e-05	1
2	rs72809824	97381556	0	-2.235154e-04	-4.094947e-05	1
2	rs72809825	97385585	0	-1.071918e-04	-1.930693e-05	1
2	rs72809827	97390953	0	-4.502227e-04	-5.781416e-05	1
2	rs72809828	97392778	0	-5.341953e-04	-6.978887e-05	1
2	rs72809835	97418083	0	1.635941e-04	3.262267e-05	1
2	rs72809838	97428320	0	-6.614226e-04	-9.024314e-05	1
2	rs72809845	97439075	0	-1.411623e-04	-2.723838e-05	1
2	rs72809850	97449762	0	8.034032e-04	1.607369e-04	1
2	rs72811623	97496473	0	4.418254e-04	7.922268e-05	1
2	rs72811627	97517749	0	4.781157e-04	8.627313e-05	1
2	rs72811629	97519901	0	3.140292e-04	5.218564e-05	1
2	rs72811637	97540653	0	3.128820e-04	6.423925e-05	1
2	rs72811647	97564695	0	-1.502596e-04	-3.091739e-05	1
2	rs72811651	97572229	0	-3.881775e-04	-6.078393e-05	1
2	rs72811653	97573742	0	6.048990e-05	9.859193e-06	1
2	rs72811663	97585910	0	-1.930810e-04	-3.355832e-05	1
2	rs72811667	97593213	0	1.282292e-04	2.412215e-05	1
2	rs72811670	97595330	0	-3.167917e-06	-5.691471e-07	1
2	rs72811676	97599886	0	1.691131e-05	3.398248e-06	1
2	rs72811680	97601342	0	2.113801e-05	3.970327e-06	1
2	rs72813606	97634828	0	-1.268630e-04	-2.615850e-05	1
2	rs72813616	97661594	0	-2.017784e-04	-3.922397e-05	1
2	rs72815607	97857145	0	-1.042576e-04	-2.111998e-05	1
2	rs72821446	96340826	0	8.257748e-05	1.010289e-05	1
2	rs72823920	96430876	0	3.245232e-04	4.156411e-05	1
2	rs72823921	96466075	0	3.720802e-04	4.798633e-05	1
2	rs72823924	96499551	0	-3.127731e-04	-6.305758e-05	1
2	rs72823927	96502029	0	1.755963e-05	3.331569e-06	1
2	rs72823940	96560413	2	-1.277104e-04	-2.531810e-05	1
2	rs72825836	96788591	0	-6.384757e-05	-1.251663e-05	1
2	rs72825837	96788710	0	-6.384757e-05	-1.251663e-05	1
2	rs72825845	96804107	0	-6.384757e-05	-1.251663e-05	1
2	rs72825850	96825851	0	-3.408067e-04	-4.958123e-05	1
2	rs72825854	96855050	0	-2.140577e-04	-3.187392e-05	1
2	rs72825856	96856127	0	-1.805487e-04	-2.658338e-05	1
2	rs72825861	96871339	0	-2.011216e-04	-4.000893e-05	1
2	rs72825864	96888608	0	-2.702319e-04	-4.039762e-05	1
2	rs72825865	96889900	0	-2.317811e-04	-3.449121e-05	1
2	rs72825868	96897659	0	-3.950966e-04	-5.994329e-05	1
2	rs72825869	96900287	0	-2.619456e-04	-5.235263e-05	1
2	rs72825877	96920893	0	-4.167108e-04	-6.363938e-05	1
2	rs72825880	96943433	0	-9.629528e-05	-1.973107e-05	1
2	rs72825881	96966090	0	-9.629528e-05	-1.973107e-05	1
2	rs72827922	97136884	0	-1.020252e-04	-2.066631e-05	1
2	rs72827924	97149664	0	-9.272242e-05	-1.293988e-05	1
2	rs72931721	96475164	0	5.400429e-05	1.021990e-05	1
2	rs72935863	96638132	0	2.125452e-04	3.959793e-05	1
2	rs72937811	96811332	0	-6.384757e-05	-1.251663e-05	1
2	rs72939351	97155372	0	9.622671e-04	2.155473e-04	1
2	rs72939365	97182550	0	6.702959e-04	1.428332e-04	1
2	rs72939377	97196727	0	-1.683592e-04	-2.943167e-05	1
2	rs72939379	97198788	0	3.787939e-04	7.453523e-05	1
2	rs72939635	97052559	0	1.685858e-04	3.403009e-05	1
2	rs72939637	97059581	0	2.493255e-04	5.044528e-05	1
2	rs72939642	97061654	0	2.493255e-04	5.044528e-05	1
2	rs72941209	97285062	0	4.499111e-04	8.731031e-05	1
2	rs72941214	97287838	0	4.499111e-04	8.731031e-05	1
2	rs72941219	97300739	0	4.499111e-04	8.731031e-05	1
2	rs72941235	97343303	0	5.317180e-04	1.072196e-04	1
2	rs72941253	97392707	0	1.836511e-04	2.100150e-05	1
2	rs72947377	97101590	0	7.142246e-04	1.304640e-04	1
2	rs72948081	96392880	0	5.624389e-04	1.050325e-04	1
2	rs73958160	96748169	0	-1.745887e-04	-3.412451e-05	1
2	rs73958180	96844103	0	2.071176e-04	3.302935e-05	1
2	rs73959416	97604518	0	-2.888058e-04	-4.336244e-05	1
2	rs7423942	96645257	0	1.299534e-03	2.142169e-04	1
2	rs7425006	96731871	0	-3.127731e-04	-6.305758e-05	1
2	rs7425009	96731917	0	-3.127731e-04	-6.305758e-05	1
2	rs74263759	96972890	0	2.316635e-04	4.935604e-05	1
2	rs74328999	96521726	0	4.423781e-04	9.206652e-05	1
2	rs74495263	97032097	0	-3.625602e-04	-7.402108e-05	1
2	rs74583310	97066497	0	1.239585e-04	1.955696e-05	1
2	rs74700362	96756911	0	1.616013e-04	3.225057e-05	1
2	rs74731813	97004358	0	-7.468601e-05	-1.547506e-05	1
2	rs747757	97314175	0	4.499111e-04	8.731030e-05	1
2	rs74846888	96955981	0	1.708396e-04	3.596453e-05	1
2	rs74856235	97169386	0	8.570157e-04	1.909756e-04	1
2	rs74902679	96953922	0	1.708396e-04	3.596453e-05	1
2	rs749027	97203137	0	5.697018e-04	7.594695e-05	1
2	rs749457	96795944	0	1.148638e-03	1.815529e-04	1
2	rs749458	96795857	0	-7.009052e-04	-1.158939e-04	1
2	rs749459	96795714	0	1.355984e-03	2.404971e-04	1
2	rs74962009	96470747	0	5.400429e-05	1.021988e-05	1
2	rs74978286	96741757	0	1.512923e-04	2.939838e-05	1
2	rs74995253	97463070	0	-1.821236e-04	-3.611131e-05	1
2	rs75034373	97076705	0	1.406639e-04	2.965224e-05	1
2	rs75145851	96804588	0	-4.773304e-04	-7.292312e-05	1
2	rs75223936	96910411	0	1.708396e-04	3.596453e-05	1
2	rs75247620	97060364	0	1.694279e-04	3.406908e-05	1
2	rs75297860	97600078	0	-2.254459e-04	-3.950973e-05	1
2	rs75301566	96925476	0	-3.814588e-04	-7.851174e-05	1
2	rs75502931	96817987	0	-4.113702e-04	-8.604361e-05	1
2	rs7558392	96623901	0	-1.129447e-04	-2.165743e-05	1
2	rs7558406	96539795	0	1.697311e-04	2.415135e-05	1
2	rs7559215	96874307	0	-1.033886e-04	-1.672100e-05	1
2	rs7561198	96774981	0	-1.081626e-03	-1.698465e-04	1
2	rs7561235	96599983	0	-4.591319e-05	-6.601371e-06	1
2	rs7562544	97006685	0	-9.679585e-04	-1.450969e-04	1
2	rs7563714	96640703	0	-1.609109e-04	-3.148540e-05	1
2	rs7564763	97135126	0	5.567559e-04	1.033308e-04	1
2	rs7565318	96260979	1	-8.395294e-04	-1.751567e-04	1
2	rs7565503	96625553	0	1.195415e-03	1.990559e-04	1
2	rs75655358	97138197	0	2.651906e-04	5.296006e-05	1
2	rs7566050	96626030	0	1.051068e-03	1.552098e-04	1
2	rs7566917	97112323	0	6.383839e-04	1.189287e-04	1
2	rs7568206	97393108	0	6.926364e-04	1.266543e-04	1
2	rs7568366	98180620	0	-5.148294e-04	-6.992312e-05	1
2	rs7568407	97720525	0	-7.531711e-05	-1.517002e-05	1
2	rs7569432	97793615	1	1.583824e-04	1.907942e-05	1
2	rs7569434	97624097	0	-2.699104e-04	-3.505269e-05	1
2	rs7569893	97793998	0	4.993455e-04	6.217902e-05	1
2	rs7569895	97794006	0	4.993455e-04	6.217902e-05	1
2	rs7570074	96407037	0	5.944220e-04	7.738159e-05	1
2	rs75708852	98167176	0	1.019880e-04	2.018697e-05	1
2	rs7572852	97573426	0	-9.459895e-04	-1.427827e-04	1
2	rs7574488	97599618	0	-5.331771e-04	-7.134330e-05	1
2	rs75745422	96898867	0	-1.172213e-04	-2.477050e-05	1
2	rs7575254	97275760	0	6.588682e-04	9.216836e-05	1
2	rs7575318	96412297	6	1.739526e-04	3.353151e-05	1
2	rs75758249	96375841	0	2.923526e-05	5.926838e-06	1
2	rs7575911	98207509	0	-2.198399e-04	-4.246807e-05	1
2	rs75763821	97392694	0	6.004132e-04	1.140732e-04	1
2	rs7577439	98185321	0	-4.539326e-04	-5.329413e-05	1
2	rs7578377	97793324	1	1.505423e-04	1.802315e-05	1
2	rs7579553	96875297	0	-4.853197e-04	-6.740125e-05	1
2	rs7579570	98184891	0	-3.871373e-04	-4.515794e-05	1
2	rs7579709	96881596	0	-2.317811e-04	-3.449112e-05	1
2	rs7580048	97304180	0	6.745476e-04	9.540546e-05	1
2	rs7580097	97117808	0	8.301237e-04	1.600275e-04	1
2	rs7580178	96848207	0	-2.885487e-04	-4.329570e-05	1
2	rs7580182	97771972	2	-4.344110e-04	-6.714395e-05	1
2	rs7580337	97346334	0	-4.009414e-05	-5.170355e-06	1
2	rs7580504	97605597	0	2.933902e-05	4.930693e-06	1
2	rs7580942	97468276	0	4.488729e-04	7.018757e-05	1
2	rs7582249	97463529	0	1.183038e-04	1.348248e-05	1
2	rs7583191	97670090	1	-3.549414e-04	-5.185864e-05	1
2	rs7583558	96372406	0	-3.741594e-04	-6.900527e-05	1
2	rs7583589	98180253	0	-3.871373e-04	-4.515794e-05	1
2	rs7584318	97648424	0	-2.032805e-05	-2.972104e-06	1
2	rs7584335	97624304	0	-2.699104e-04	-3.505267e-05	1
2	rs7584641	97607655	0	-7.050287e-05	-1.072330e-05	1
2	rs7584930	97298290	0	2.741632e-04	3.436151e-05	1
2	rs7585011	98217573	0	-2.714293e-04	-3.143484e-05	1
2	rs7585303	97114152	0	8.301237e-04	1.600274e-04	1
2	rs7586317	97447831	0	1.478373e-04	1.684680e-05	1
2	rs7587359	98180628	0	-3.457131e-04	-4.014785e-05	1
2	rs7587384	97126727	0	-7.830070e-05	-9.459040e-06	1
2	rs7588478	96989500	0	2.540247e-04	5.143293e-05	1
2	rs7588752	97849669	0	-4.697826e-04	-7.468888e-05	1
2	rs7589232	97566148	0	-7.093866e-04	-1.148920e-04	1
2	rs7589964	98217318	0	-5.148294e-04	-6.992307e-05	1
2	rs7591754	97134859	0	6.383839e-04	1.189287e-04	1
2	rs7591775	97579270	0	-6.816796e-04	-1.076865e-04	1
2	rs7592101	97579507	0	-8.483217e-04	-1.234759e-04	1
2	rs7593493	97611040	1	-4.355920e-04	-5.944664e-05	1
2	rs7593754	97607544	0	-7.050287e-05	-1.072329e-05	1
2	rs7594727	97489870	0	1.753141e-04	2.336385e-05	1
2	rs7594898	96623968	0	-1.493894e-04	-2.882453e-05	1
2	rs75954050	96975018	0	2.269898e-05	4.555873e-06	1
2	rs75961741	97057040	0	1.442447e-04	3.028656e-05	1
2	rs7597743	97608837	0	-5.224044e-04	-7.197054e-05	1
2	rs7597765	96600052	0	1.200236e-03	1.889586e-04	1
2	rs759789	96329255	0	6.421274e-04	8.344072e-05	1
2	rs7599598	97351840	0	5.628206e-05	6.401521e-06	1
2	rs7599624	97455715	9	-2.938493e-04	-3.645766e-05	1
2	rs75996508	96963715	0	-3.956197e-05	-7.838627e-06	1
2	rs7600796	96251145	0	-5.945555e-04	-1.156636e-04	1
2	rs76009821	96934791	0	1.708396e-04	3.596452e-05	1
2	rs76027851	96939456	0	1.708396e-04	3.596452e-05	1
2	rs7603256	97567389	0	-9.040192e-04	-1.353534e-04	1
2	rs7603758	96418476	0	1.496443e-04	2.103700e-05	1
2	rs7604736	97244163	0	4.499111e-04	8.731027e-05	1
2	rs76047826	96948273	0	1.708396e-04	3.596452e-05	1
2	rs7604842	96777340	0	-1.442756e-03	-2.700895e-04	1
2	rs7605469	97328326	0	-3.264388e-04	-6.018849e-05	1
2	rs7606426	97794022	0	4.993455e-04	6.217901e-05	1
2	rs7607990	97235814	0	4.686052e-04	8.830407e-05	1
2	rs7608325	97305080	0	-5.994658e-04	-1.216792e-04	1
2	rs7608621	97483783	0	1.753141e-04	2.336387e-05	1
2	rs7608661	97459920	0	1.478373e-04	1.684679e-05	1
2	rs76099099	96758104	0	3.565431e-05	6.887476e-06	1
2	rs76109429	97574984	0	-4.540947e-04	-9.335342e-05	1
2	rs76142129	97096513	0	3.250456e-04	5.561451e-05	1
2	rs76333649	96240368	0	-6.828055e-05	-1.420507e-05	1
2	rs76413681	96772950	0	-4.139164e-04	-6.284022e-05	1
2	rs76433928	97145852	0	-4.734928e-04	-1.011000e-04	1
2	rs76653475	97324202	0	3.346105e-04	6.989029e-05	1
2	rs76653480	97375549	0	6.745312e-04	1.322241e-04	1
2	rs76769583	97090009	0	1.406639e-04	2.965224e-05	1
2	rs76926497	96957766	0	-3.814588e-04	-7.851171e-05	1
2	rs77103707	97057420	0	1.406639e-04	2.965224e-05	1
2	rs77150046	96951777	0	1.555486e-04	3.163283e-05	1
2	rs77169098	97638495	0	-3.290044e-06	-6.588241e-07	1
2	rs772154	97021664	0	1.368773e-03	2.390802e-04	1
2	rs772156	97029830	0	7.305246e-04	9.838883e-05	1
2	rs772159	97036439	0	7.305246e-04	9.838882e-05	1
2	rs772161	97043803	0	7.305246e-04	9.838881e-05	1
2	rs772167	97077871	0	3.068554e-04	3.835493e-05	1
2	rs772173	97000396	0	7.899064e-04	1.154976e-04	1
2	rs772174	96991492	0	8.628371e-04	1.291414e-04	1
2	rs772175	96944553	0	1.227306e-03	2.036068e-04	1
2	rs772177	96960471	0	-5.487050e-05	-7.277465e-06	1
2	rs772178	96963684	0	1.227306e-03	2.036067e-04	1
2	rs77415097	96741795	0	-3.221340e-04	-6.941203e-05	1
2	rs77480180	96407085	0	-2.923145e-04	-5.916038e-05	1
2	rs77527374	97182497	0	6.702959e-04	1.428332e-04	1
2	rs77576319	96991345	0	4.141188e-04	8.729285e-05	1
2	rs77639823	97309696	0	3.787939e-04	7.453517e-05	1
2	rs77642907	96689817	0	-4.200482e-05	-7.921840e-06	1
2	rs77647729	97116316	0	-6.378075e-05	-1.294582e-05	1
2	rs77765498	97113401	0	7.657865e-04	1.418271e-04	1
2	rs77923832	97569200	0	-4.540947e-04	-9.335341e-05	1
2	rs78018759	97293759	0	3.346105e-04	6.989027e-05	1
2	rs78099783	97329411	0	4.621489e-04	9.957232e-05	1
2	rs78131290	97606810	0	-2.581327e-04	-5.130750e-05	1
2	rs78152671	97218789	0	4.443688e-04	9.336839e-05	1
2	rs78211577	97023374	0	-1.202413e-04	-2.541452e-05	1
2	rs78368847	96410196	0	3.084726e-04	5.628710e-05	1
2	rs78381888	97500775	0	3.545531e-05	5.153666e-06	1
2	rs78424221	97410399	0	6.300203e-04	1.219115e-04	1
2	rs78489261	97005183	0	2.419622e-04	5.140658e-05	1
2	rs78512664	96893189	0	-2.193890e-04	-4.549247e-05	1
2	rs78519182	96944480	0	1.708396e-04	3.596453e-05	1
2	rs78752116	96738708	0	-3.221340e-04	-6.941203e-05	1
2	rs78757165	97647242	0	-2.684926e-04	-5.325606e-05	1
2	rs78775537	96915677	0	1.708396e-04	3.596453e-05	1
2	rs78783493	97668945	0	-2.954090e-04	-5.018971e-05	1
2	rs78954638	97538524	0	-8.640873e-05	-1.783154e-05	1
2	rs79050950	97059003	0	-4.113702e-04	-8.604359e-05	1
2	rs79102712	96377326	0	5.907910e-04	1.299409e-04	1
2	rs79163674	97035737	0	-1.589992e-04	-2.306704e-05	1
2	rs79216525	96730409	0	-3.127731e-04	-6.305756e-05	1
2	rs79489551	96988698	0	-9.629528e-05	-1.973105e-05	1
2	rs79546441	96218872	0	1.725773e-04	2.138278e-05	1
2	rs79556424	97629132	0	-3.341933e-04	-6.706661e-05	1
2	rs79632388	97119553	0	5.733557e-04	1.089379e-04	1
2	rs79644073	97649556	0	-3.290044e-06	-6.588162e-07	1
2	rs79724734	97559322	0	-4.540947e-04	-9.335340e-05	1
2	rs798202	97024331	0	7.888831e-05	1.418584e-05	1
2	rs79920734	97182679	0	6.702959e-04	1.428331e-04	1
2	rs80076034	96939520	0	1.708396e-04	3.596453e-05	1
2	rs80177690	96961468	0	-1.202413e-04	-2.541452e-05	1
2	rs80229301	96874626	0	-2.619456e-04	-5.235260e-05	1
2	rs80341479	97560801	0	-4.540947e-04	-9.335340e-05	1
2	rs810057	97015073	0	1.102204e-03	1.693863e-04	1
2	rs868168	97353725	0	-6.403704e-04	-8.554831e-05	1
2	rs878064	97438552	5	7.208703e-04	1.303105e-04	1
2	rs878919	97437990	0	7.196072e-05	7.963578e-06	1
2	rs888610	96421021	0	-1.696982e-04	-3.299291e-05	1
2	rs893173	96789787	0	1.119394e-03	1.740776e-04	1
2	rs9324211	97867870	0	2.064639e-04	2.612755e-05	1
2	rs945747	97116084	0	8.301237e-04	1.600274e-04	1
2	rs9631085	97886295	0	-6.953799e-04	-1.193713e-04	1
2	rs9636495	97869056	1	2.671271e-04	3.262707e-05	1
2	rs9636496	97771060	0	-4.083500e-04	-6.274903e-05	1
2	rs9653462	98207253	0	-3.871373e-04	-4.515795e-05	1
2	rs9677078	98169354	0	-3.328033e-04	-3.837259e-05	1
2	rs9677087	98169544	0	-3.238011e-04	-3.739683e-05	1
2	rs9677420	97837869	1	-1.272792e-04	-1.959099e-05	1
2	rs9677528	98169479	0	-3.238011e-04	-3.739682e-05	1
2	rs9678893	98189615	0	-3.871373e-04	-4.515793e-05	1
2	rs9679287	98169519	0	-3.871373e-04	-4.515792e-05	1
2	rs9679293	98169583	0	-3.238011e-04	-3.739681e-05	1
2	rs9679339	98189508	0	-3.572977e-05	-3.961470e-06	1
2	rs968470	97423626	0	1.836511e-04	2.100142e-05	1
2	rs9752465	97306204	0	-3.738736e-04	-6.978086e-05	1
2	rs994430	97439001	0	1.478373e-04	1.684674e-05	1
2	rs9973492	97498481	0	3.293182e-04	4.944068e-05	1
2	rs9973669	97679094	0	-4.898779e-04	-8.254716e-05	1
2	rs9973823	97681593	0	-4.749068e-04	-7.083300e-05	1
2	rs997547	96859034	0	1.094965e-04	1.729910e-05	1
2	rs997548	96858914	0	-2.317811e-04	-3.449105e-05	1
