chr	rs	ps	n_miss	b	beta	gamma
8	rs10087755	146253619	0	1.763233e-04	4.366698e-06	1
8	rs10089228	146030084	0	1.913454e-04	4.641104e-06	1
8	rs10089769	146271129	0	-1.653667e-04	-4.071278e-06	1
8	rs10091401	145162598	0	-2.833897e-04	-7.172479e-06	1
8	rs10091576	146194415	0	1.569071e-04	3.936131e-06	1
8	rs10092139	146006034	0	-2.339442e-05	-5.500685e-07	1
8	rs10093202	145592444	0	9.675587e-04	2.418484e-05	1
8	rs10093866	145513818	0	1.233323e-04	3.117523e-06	1
8	rs10094040	146187538	0	2.164813e-04	5.401696e-06	1
8	rs10094609	146246347	0	3.345613e-04	8.273162e-06	1
8	rs10095172	145031798	0	-2.225844e-04	-5.599728e-06	1
8	rs10095312	146298576	0	-3.686433e-04	-9.174482e-06	1
8	rs10096524	145629497	0	8.261709e-04	2.045820e-05	1
8	rs10097168	146194457	0	1.569071e-04	3.936129e-06	1
8	rs10098685	145030443	0	-2.251871e-04	-5.827287e-06	1
8	rs10100277	144974142	0	-3.153556e-04	-7.895213e-06	1
8	rs10100308	146213941	0	3.241677e-04	8.165104e-06	1
8	rs10100911	146214464	0	4.434513e-04	1.116721e-05	1
8	rs1010427	145660833	0	-2.143798e-05	-4.878811e-07	1
8	rs10104365	146200438	0	2.487005e-04	6.251806e-06	1
8	rs10104736	146273075	0	-1.415864e-04	-3.481842e-06	1
8	rs10104795	145187136	0	-2.728490e-04	-6.848023e-06	1
8	rs10105042	146212620	0	2.506030e-04	6.334595e-06	1
8	rs10105896	146276334	14	-9.815096e-06	-2.233734e-07	1
8	rs10106370	146298557	0	-3.686433e-04	-9.174478e-06	1
8	rs10107260	146168128	0	-1.266561e-04	-3.108542e-06	1
8	rs10107332	145111615	0	-2.787270e-04	-7.230682e-06	1
8	rs10107337	146296414	0	-5.650405e-04	-1.430995e-05	1
8	rs10107388	145004944	0	4.818804e-04	1.177893e-05	1
8	rs10107601	146114338	0	4.201821e-04	1.029774e-05	1
8	rs10108150	145687475	0	7.053637e-04	1.744551e-05	1
8	rs1010881	146265061	0	-1.409333e-05	-3.648079e-07	1
8	rs10108836	145836227	0	5.276929e-04	1.282125e-05	1
8	rs10110644	146179637	0	-4.732363e-05	-1.184837e-06	1
8	rs10110962	145780323	0	5.897374e-04	1.442189e-05	1
8	rs10110992	146179384	0	-2.271532e-04	-5.675019e-06	1
8	rs10111654	145602304	0	8.824665e-04	2.201941e-05	1
8	rs1011211	145663689	0	-9.121703e-05	-2.172017e-06	1
8	rs1011212	145663584	0	-1.044588e-04	-2.491984e-06	1
8	rs10113441	145118935	0	-2.267350e-04	-5.871341e-06	1
8	rs10113456	146272970	0	-1.415864e-04	-3.481837e-06	1
8	rs1013084	146062030	0	6.811783e-05	1.644630e-06	1
8	rs10435711	145708457	0	6.794721e-04	1.679764e-05	1
8	rs10448143	145673384	0	-1.369627e-04	-3.408762e-06	1
8	rs1045350	146199114	0	5.210699e-04	1.320950e-05	1
8	rs1046830	145689250	0	-2.572763e-04	-6.650115e-06	1
8	rs1052951	145618309	0	4.269036e-04	1.038574e-05	1
8	rs1055167	145710386	0	6.789662e-04	1.679990e-05	1
8	rs1065837	144990335	0	2.114318e-04	5.127229e-06	1
8	rs10866916	145006790	0	9.180422e-05	2.203449e-06	1
8	rs10902781	145667019	0	-1.190389e-04	-2.845147e-06	1
8	rs10902782	145720870	1	6.332685e-04	1.559907e-05	1
8	rs10902783	146166217	0	-2.216166e-04	-5.456091e-06	1
8	rs111206470	145826430	0	-8.045255e-05	-2.061982e-06	1
8	rs111228440	145265613	0	3.102089e-04	7.920562e-06	1
8	rs111261805	145837348	0	5.059538e-04	1.315361e-05	1
8	rs111265960	145791100	0	2.203608e-05	5.630560e-07	1
8	rs111270472	145800101	0	-5.242748e-05	-1.347985e-06	1
8	rs111281369	145265892	0	-2.245175e-04	-5.683597e-06	1
8	rs111328532	145136219	0	5.036123e-05	1.272540e-06	1
8	rs111338044	144967086	0	-1.003492e-04	-2.540808e-06	1
8	rs11136251	145071988	0	1.701605e-04	4.099269e-06	1
8	rs11136252	145084493	0	3.280479e-04	7.954827e-06	1
8	rs11136254	145158503	0	-2.729685e-04	-6.895867e-06	1
8	rs11136255	145159099	0	-1.809133e-04	-4.519477e-06	1
8	rs11136330	144946252	0	8.175137e-04	2.048551e-05	1
8	rs11136333	145001509	0	7.412048e-05	1.781289e-06	1
8	rs11136335	145003777	0	1.635033e-05	3.752788e-07	1
8	rs11136336	145007187	0	4.395547e-04	1.082532e-05	1
8	rs11136337	145007989	0	5.042082e-04	1.243753e-05	1
8	rs11136338	145012466	0	3.710509e-04	9.111775e-06	1
8	rs11136339	145013345	0	5.110205e-04	1.261474e-05	1
8	rs11136341	145043543	0	5.204355e-04	1.280996e-05	1
8	rs11136343	145058986	0	4.935761e-04	1.209703e-05	1
8	rs11136344	145059425	0	2.596061e-04	6.290351e-06	1
8	rs11136345	145060112	0	3.884696e-04	9.452210e-06	1
8	rs111403659	144960909	0	-7.496629e-05	-1.882505e-06	1
8	rs111470088	145962915	0	-6.031486e-04	-1.534941e-05	1
8	rs111514111	146011880	0	-2.540811e-04	-6.596301e-06	1
8	rs111540212	145812050	0	4.546216e-05	1.163424e-06	1
8	rs111602026	146035691	0	-2.648883e-04	-6.862932e-06	1
8	rs111611295	145786781	1	6.371471e-05	1.637968e-06	1
8	rs111655456	145811038	0	4.546216e-05	1.163424e-06	1
8	rs111715738	145816103	0	2.466546e-05	6.289233e-07	1
8	rs111737935	145802264	0	-5.242748e-05	-1.347987e-06	1
8	rs111772264	146183076	0	-4.732363e-05	-1.184836e-06	1
8	rs111795723	145788143	0	-1.117935e-04	-2.870704e-06	1
8	rs111807715	145813768	0	-1.244052e-04	-3.192729e-06	1
8	rs111841984	146213020	0	2.711770e-04	6.759874e-06	1
8	rs111896091	145820579	0	6.636276e-05	1.711126e-06	1
8	rs111899937	145854634	0	-2.148514e-04	-5.473195e-06	1
8	rs111928235	145791483	0	4.546216e-05	1.163423e-06	1
8	rs111966287	145804330	0	-9.472642e-06	-2.452683e-07	1
8	rs112002908	146225383	0	-5.299074e-05	-1.367086e-06	1
8	rs112053519	145684019	0	-2.572763e-04	-6.650112e-06	1
8	rs112053939	145090474	0	-5.263902e-04	-1.367768e-05	1
8	rs112085143	145180546	0	-1.303702e-04	-3.346859e-06	1
8	rs112107508	146083900	0	-2.648883e-04	-6.862932e-06	1
8	rs112111871	146186874	0	-3.873019e-05	-9.984505e-07	1
8	rs112140301	145786687	1	-8.762885e-05	-2.226781e-06	1
8	rs112165791	146257692	0	-1.705745e-04	-4.403684e-06	1
8	rs112173070	145001617	0	-1.434599e-05	-3.698059e-07	1
8	rs112194547	145234024	0	1.035408e-04	2.678651e-06	1
8	rs112223167	145783897	0	-9.612729e-05	-2.469209e-06	1
8	rs112233828	146253799	0	-1.322956e-05	-3.455953e-07	1
8	rs112249044	145183465	0	1.357877e-04	3.439910e-06	1
8	rs112320250	145803699	0	4.546216e-05	1.163423e-06	1
8	rs112331774	145800433	0	-5.242748e-05	-1.347988e-06	1
8	rs112396175	145779806	0	5.155697e-05	1.313140e-06	1
8	rs112397899	145791416	0	-5.242748e-05	-1.347988e-06	1
8	rs112417794	145827696	1	1.401022e-05	3.571928e-07	1
8	rs112420901	146242093	0	-1.234074e-04	-3.183139e-06	1
8	rs112422823	145691915	4	-6.484592e-04	-1.601071e-05	1
8	rs112438631	146072835	0	1.198687e-04	3.104521e-06	1
8	rs112461908	145980057	0	2.729614e-04	7.072540e-06	1
8	rs112463718	146184203	0	7.915252e-05	1.982208e-06	1
8	rs11248214	146123906	0	-3.536396e-04	-9.220203e-06	1
8	rs11248215	146150713	0	-3.220188e-04	-7.948050e-06	1
8	rs11248216	146155103	0	-3.644334e-04	-9.002414e-06	1
8	rs11248218	146188831	0	2.164813e-04	5.401690e-06	1
8	rs11248219	146216955	0	2.711770e-04	6.759872e-06	1
8	rs11248220	145511737	0	6.326059e-04	1.559183e-05	1
8	rs11248221	146247564	0	3.051192e-04	7.483818e-06	1
8	rs11248222	146247825	0	4.193116e-05	1.000415e-06	1
8	rs11248223	146264628	0	2.802649e-04	6.784990e-06	1
8	rs112505946	145800004	0	-5.242748e-05	-1.347989e-06	1
8	rs112570258	145837345	0	5.059538e-04	1.315362e-05	1
8	rs112575898	145787603	4	-1.938766e-04	-4.985848e-06	1
8	rs112599884	145962529	0	-2.623843e-04	-6.794974e-06	1
8	rs112615703	145931258	0	4.177865e-04	1.086993e-05	1
8	rs112626134	145179402	0	4.893344e-07	1.211032e-09	1
8	rs112641794	145041943	0	5.358790e-05	1.371155e-06	1
8	rs112671455	145800532	0	-5.242748e-05	-1.347989e-06	1
8	rs1127096	145140472	0	2.240767e-04	5.641380e-06	1
8	rs112730759	146215331	0	-5.299074e-05	-1.367088e-06	1
8	rs112738637	144967674	0	2.087973e-06	5.501366e-08	1
8	rs112768485	146096755	0	-3.347307e-04	-8.598590e-06	1
8	rs112851757	145777256	0	-1.331162e-04	-3.451212e-06	1
8	rs112859376	145805135	0	4.546216e-05	1.163421e-06	1
8	rs112881364	145125609	0	2.480090e-04	6.254866e-06	1
8	rs112899020	145182519	0	2.453846e-04	6.203042e-06	1
8	rs112915558	145969994	0	1.658219e-04	4.288162e-06	1
8	rs112979447	145014732	0	4.678938e-04	1.153006e-05	1
8	rs113047708	145241320	0	3.148312e-04	8.049617e-06	1
8	rs113097513	146098490	0	9.441496e-05	2.443336e-06	1
8	rs113143281	145183446	0	1.357877e-04	3.439906e-06	1
8	rs113217276	145957013	0	5.340333e-04	1.390071e-05	1
8	rs113284751	145928327	0	1.839829e-04	4.761812e-06	1
8	rs113332967	145183462	0	1.357877e-04	3.439906e-06	1
8	rs113345124	145793211	0	-1.021335e-04	-2.609384e-06	1
8	rs113380016	145896309	0	2.172651e-04	5.629962e-06	1
8	rs1134027	145051414	0	4.970645e-04	1.226478e-05	1
8	rs1134029	145051478	0	1.786774e-04	4.315974e-06	1
8	rs1134030	145051484	0	3.858634e-04	9.472055e-06	1
8	rs113428243	146112520	0	6.688162e-05	1.725364e-06	1
8	rs113434003	145781389	0	1.762343e-06	4.361007e-08	1
8	rs113438280	145815967	0	1.548342e-04	4.014916e-06	1
8	rs113461437	146017039	0	2.260475e-05	5.804404e-07	1
8	rs113552609	145790524	0	4.546216e-05	1.163420e-06	1
8	rs113618560	145814030	0	1.228740e-05	3.166490e-07	1
8	rs113628148	146005150	0	-2.511219e-04	-6.513744e-06	1
8	rs113638978	144979403	0	2.134532e-05	5.517316e-07	1
8	rs113642059	145271302	0	-5.155530e-04	-1.266089e-05	1
8	rs113660050	146135370	0	2.032077e-05	5.248299e-07	1
8	rs113675714	145787813	0	-5.575898e-04	-1.463226e-05	1
8	rs113724029	146269990	0	-2.017390e-04	-5.215737e-06	1
8	rs113745121	146183929	0	7.915252e-05	1.982203e-06	1
8	rs113946121	145094388	0	-3.950687e-04	-1.021070e-05	1
8	rs1140522	144998169	0	7.412048e-05	1.781255e-06	1
8	rs1143652	146017171	0	-3.365753e-04	-8.777954e-06	1
8	rs114634117	145179254	0	2.289105e-04	5.841527e-06	1
8	rs114724320	145246916	0	-1.261492e-04	-3.272520e-06	1
8	rs115084758	145244544	0	3.561778e-04	9.140170e-06	1
8	rs115186140	146223805	0	-5.299074e-05	-1.367088e-06	1
8	rs11539893	146016869	0	2.162950e-04	5.599692e-06	1
8	rs11541475	145150101	3	-2.959224e-04	-7.489802e-06	1
8	rs11541804	145154257	0	5.339563e-05	1.371225e-06	1
8	rs11541805	145154910	0	3.607308e-04	9.355445e-06	1
8	rs11542372	145677089	0	-7.151816e-04	-1.771325e-05	1
8	rs11546144	145161823	0	-2.729685e-04	-6.895851e-06	1
8	rs11546475	145138477	0	5.339563e-05	1.371226e-06	1
8	rs115476098	145759373	0	-1.957737e-04	-5.048698e-06	1
8	rs11556134	145620764	0	-3.061429e-04	-7.947149e-06	1
8	rs11557085	145752900	5	4.858026e-04	1.180301e-05	1
8	rs115632515	145840314	0	2.527238e-04	6.555554e-06	1
8	rs115695083	145257250	0	2.378128e-04	6.147618e-06	1
8	rs115871014	145142872	0	1.201360e-04	3.063349e-06	1
8	rs115949029	145182727	0	6.279617e-05	1.596434e-06	1
8	rs116095837	145776355	0	2.568950e-04	6.633921e-06	1
8	rs116207178	146024220	0	-4.153340e-04	-1.081592e-05	1
8	rs116260554	145638811	0	2.202882e-04	5.652676e-06	1
8	rs116353027	145146430	0	1.175431e-04	2.992424e-06	1
8	rs116477257	145844802	0	3.767067e-05	9.766955e-07	1
8	rs116539001	145775870	0	7.709903e-05	1.999439e-06	1
8	rs116714196	145719278	1	-2.090450e-04	-5.317366e-06	1
8	rs116801634	145225343	0	-1.486177e-04	-3.857840e-06	1
8	rs116822696	145808957	0	1.036531e-04	2.686255e-06	1
8	rs116860357	145228910	0	-1.456782e-04	-3.784054e-06	1
8	rs116860632	145886882	0	-1.801526e-04	-4.678276e-06	1
8	rs116871491	146236618	0	1.294354e-05	3.336266e-07	1
8	rs116905597	146289082	0	-1.705745e-04	-4.403686e-06	1
8	rs116912343	145167622	0	-3.932525e-04	-1.020159e-05	1
8	rs116934799	146111359	0	-4.367785e-04	-1.141991e-05	1
8	rs116953825	145733886	0	-2.670979e-04	-6.921468e-06	1
8	rs116964333	146079874	0	-4.367785e-04	-1.141991e-05	1
8	rs116974193	146127771	0	-2.793739e-04	-7.270720e-06	1
8	rs116977798	146004714	0	-3.858817e-04	-1.008100e-05	1
8	rs117001028	145767342	0	-3.083012e-04	-7.995529e-06	1
8	rs117002272	145814908	0	5.763491e-06	1.498121e-07	1
8	rs117015165	145232612	0	-1.597897e-04	-4.149516e-06	1
8	rs117016004	145636828	0	1.921391e-04	4.999488e-06	1
8	rs117017050	146184095	0	-1.285968e-04	-3.317754e-06	1
8	rs117028814	145224015	0	-1.544296e-04	-4.013233e-06	1
8	rs117042467	145872804	0	-1.801526e-04	-4.678276e-06	1
8	rs117042905	145806262	0	-1.674311e-04	-4.307223e-06	1
8	rs117043943	145831773	0	1.548342e-04	4.014916e-06	1
8	rs117060573	146088199	0	-4.367785e-04	-1.141991e-05	1
8	rs117089384	145896704	0	-1.685703e-04	-4.366705e-06	1
8	rs117113446	146241738	0	2.986263e-04	7.401185e-06	1
8	rs117115695	145937865	0	-3.408838e-04	-8.844287e-06	1
8	rs117119806	146118812	0	-4.367785e-04	-1.141991e-05	1
8	rs117123242	145284797	0	3.381036e-04	8.754146e-06	1
8	rs117131125	144942538	0	-1.192651e-04	-3.087914e-06	1
8	rs117136674	145836523	0	1.548342e-04	4.014916e-06	1
8	rs117151477	146106439	0	-7.355412e-05	-1.911425e-06	1
8	rs117152490	146022746	0	1.997455e-04	5.169722e-06	1
8	rs117169657	145508782	0	6.265736e-05	1.582103e-06	1
8	rs117173616	146175539	0	-3.738511e-04	-9.738453e-06	1
8	rs117180602	145684976	0	-4.918253e-04	-1.269862e-05	1
8	rs117189340	146015961	0	-3.543822e-04	-9.240790e-06	1
8	rs117208812	145778422	0	2.023712e-04	5.257557e-06	1
8	rs117221222	145830406	0	1.548342e-04	4.014916e-06	1
8	rs117222657	145887888	0	3.470606e-05	8.967880e-07	1
8	rs117228004	146060927	0	-4.357553e-04	-1.139311e-05	1
8	rs117238072	145813274	0	-4.398188e-04	-1.120988e-05	1
8	rs117275955	145591475	0	4.484661e-04	1.156277e-05	1
8	rs117285180	145122766	0	-9.951687e-05	-2.583719e-06	1
8	rs117328198	145633097	0	3.120243e-04	8.033369e-06	1
8	rs117338827	146190933	0	-2.833897e-05	-7.345262e-07	1
8	rs117352553	145920299	0	1.288908e-04	3.348644e-06	1
8	rs117357535	145831140	0	1.548342e-04	4.014916e-06	1
8	rs117377416	145815106	0	5.763491e-06	1.498121e-07	1
8	rs117387279	145816594	0	1.548342e-04	4.014916e-06	1
8	rs117414968	145147618	0	1.746279e-04	4.509795e-06	1
8	rs117459725	146089672	0	-4.367785e-04	-1.141991e-05	1
8	rs117460953	145826330	0	1.287650e-04	3.339290e-06	1
8	rs117470815	146025788	0	-4.409467e-04	-1.154064e-05	1
8	rs117473849	145969895	0	5.137264e-04	1.343035e-05	1
8	rs117491354	145931897	0	1.575714e-04	4.096078e-06	1
8	rs117500614	146288634	0	-2.017390e-04	-5.215737e-06	1
8	rs117503844	145836841	0	1.548342e-04	4.014916e-06	1
8	rs117515918	146096880	0	-4.269375e-04	-1.115429e-05	1
8	rs117524180	145962256	0	-2.623843e-04	-6.794973e-06	1
8	rs117531836	145815591	0	1.548342e-04	4.014916e-06	1
8	rs117535458	146122311	0	3.521946e-04	9.178727e-06	1
8	rs117538300	145824323	0	1.548342e-04	4.014916e-06	1
8	rs117561241	146088128	0	-3.536396e-04	-9.220202e-06	1
8	rs117567558	145757843	0	3.001326e-04	7.729709e-06	1
8	rs117568226	145642357	0	-6.136515e-04	-1.604546e-05	1
8	rs117586810	145682677	0	1.241401e-05	3.240118e-07	1
8	rs117597411	146028197	0	-4.409467e-04	-1.154064e-05	1
8	rs117601306	145825637	0	1.548342e-04	4.014916e-06	1
8	rs117667487	145802104	0	5.763491e-06	1.498122e-07	1
8	rs117711431	146211418	0	1.945217e-05	5.032670e-07	1
8	rs117713686	146116827	0	3.521946e-04	9.178727e-06	1
8	rs11774212	145686505	0	-7.386479e-04	-1.833480e-05	1
8	rs117747743	146199603	0	2.681402e-04	6.937167e-06	1
8	rs11775018	145790358	0	4.887394e-04	1.273595e-05	1
8	rs11775818	145056470	0	3.107686e-04	7.542219e-06	1
8	rs117760545	146238173	0	1.294354e-05	3.336265e-07	1
8	rs117769222	145841855	0	-6.021896e-05	-1.563344e-06	1
8	rs11777402	144995736	0	7.412048e-05	1.781247e-06	1
8	rs117776830	146120531	0	-4.367785e-04	-1.141991e-05	1
8	rs11777703	145703508	0	-4.371722e-04	-1.065841e-05	1
8	rs11777835	144986103	0	5.621248e-04	1.373808e-05	1
8	rs11778018	145026450	0	1.746842e-04	4.241909e-06	1
8	rs11778026	144996408	0	7.412048e-05	1.781239e-06	1
8	rs11778039	145061829	0	3.202156e-04	7.769738e-06	1
8	rs117786043	145812061	0	5.763491e-06	1.498124e-07	1
8	rs11779776	145072539	0	5.523691e-04	1.366853e-05	1
8	rs11780743	144971538	0	-5.133786e-04	-1.302810e-05	1
8	rs11780874	145149304	0	-1.844164e-04	-4.601069e-06	1
8	rs11780978	145034852	0	4.750133e-04	1.171060e-05	1
8	rs11781667	145040856	0	6.542130e-04	1.635533e-05	1
8	rs117817775	146083326	0	-4.367785e-04	-1.141991e-05	1
8	rs11781942	144940779	0	-6.311241e-05	-1.590668e-06	1
8	rs11782138	144965498	0	-2.027771e-04	-5.245045e-06	1
8	rs117823094	145829575	0	1.548342e-04	4.014917e-06	1
8	rs11782331	145008342	0	3.904984e-04	9.587990e-06	1
8	rs11782433	145008706	0	4.155658e-04	1.021635e-05	1
8	rs117828036	146093460	0	-4.367785e-04	-1.141991e-05	1
8	rs11782890	145001372	0	7.412048e-05	1.781221e-06	1
8	rs117834218	146083605	0	-4.367785e-04	-1.141991e-05	1
8	rs11783655	145037573	0	1.995583e-04	4.867905e-06	1
8	rs11783772	145008443	0	4.155658e-04	1.021634e-05	1
8	rs11783799	145008560	0	4.155658e-04	1.021634e-05	1
8	rs11784118	145684978	0	-5.334989e-04	-1.306425e-05	1
8	rs11784417	145010752	0	4.155658e-04	1.021634e-05	1
8	rs11784501	145013315	0	2.370429e-04	5.772591e-06	1
8	rs11784574	145152460	0	-2.621230e-04	-6.628392e-06	1
8	rs11784619	145013775	0	-5.029835e-04	-1.309421e-05	1
8	rs11784762	145009610	0	3.692316e-04	9.058744e-06	1
8	rs11784833	145063412	0	3.721495e-04	9.126592e-06	1
8	rs11784860	146013799	0	3.878491e-05	9.528358e-07	1
8	rs11785060	145046662	0	4.459744e-04	1.103677e-05	1
8	rs11786083	145050358	0	4.461995e-04	1.098487e-05	1
8	rs117863488	145682713	0	1.241401e-05	3.240120e-07	1
8	rs11786739	145042001	0	-4.795035e-04	-1.247818e-05	1
8	rs11786896	145018354	0	-4.980986e-04	-1.298139e-05	1
8	rs11786903	144996598	0	7.412048e-05	1.781195e-06	1
8	rs11786934	144996635	0	7.412048e-05	1.781192e-06	1
8	rs11787335	145044104	0	5.410234e-04	1.335157e-05	1
8	rs11787365	145041333	0	1.318818e-04	3.183450e-06	1
8	rs117889339	145840377	0	1.548342e-04	4.014917e-06	1
8	rs117891721	145642886	0	1.803401e-04	4.642977e-06	1
8	rs117912638	145826064	0	1.548342e-04	4.014917e-06	1
8	rs117916977	145713107	0	-3.168769e-04	-8.220394e-06	1
8	rs117919201	145647706	0	2.997110e-04	7.775671e-06	1
8	rs117920100	146186662	0	-6.978902e-05	-1.805384e-06	1
8	rs117925289	145917531	0	-3.390442e-04	-8.795687e-06	1
8	rs117927926	146256754	0	1.840780e-04	4.690295e-06	1
8	rs117934819	146116828	0	-4.367785e-04	-1.141991e-05	1
8	rs117948104	145088386	0	-2.989574e-04	-7.759710e-06	1
8	rs117948320	146070257	0	-4.347858e-04	-1.135438e-05	1
8	rs117949516	145264763	0	-6.310950e-05	-1.639407e-06	1
8	rs117961539	144989466	0	-6.594608e-05	-1.698122e-06	1
8	rs117970072	145784660	0	-1.806714e-04	-4.688837e-06	1
8	rs117970388	145694023	0	3.743421e-05	9.702970e-07	1
8	rs117983342	146211970	0	-1.545719e-04	-3.991821e-06	1
8	rs117991914	145814088	0	5.763491e-06	1.498119e-07	1
8	rs118006808	146179390	0	-4.240293e-04	-1.096589e-05	1
8	rs118012355	146099515	0	-1.244608e-04	-3.213139e-06	1
8	rs118016928	145220414	0	-4.350501e-05	-1.126530e-06	1
8	rs118045139	145799029	0	-1.369716e-04	-3.554442e-06	1
8	rs118053736	146061471	0	-4.357553e-04	-1.139311e-05	1
8	rs118073158	146085788	0	-3.569039e-04	-9.310485e-06	1
8	rs118079568	144944225	0	9.908625e-05	2.574131e-06	1
8	rs118115264	146030126	0	-3.578078e-04	-9.338244e-06	1
8	rs118159750	145836187	0	1.548342e-04	4.014917e-06	1
8	rs118162952	145818276	0	8.885170e-05	2.303987e-06	1
8	rs118176703	146239662	0	-1.545719e-04	-3.991821e-06	1
8	rs118179494	146063019	0	-4.357553e-04	-1.139311e-05	1
8	rs118186177	146105987	0	-4.367785e-04	-1.141991e-05	1
8	rs11984627	145784724	0	-1.118895e-04	-2.875571e-06	1
8	rs11984823	145808982	0	4.546216e-05	1.163419e-06	1
8	rs11985815	145128890	0	1.118470e-04	2.782978e-06	1
8	rs11986364	145796457	0	-5.242748e-05	-1.347991e-06	1
8	rs11986602	145128896	0	1.669441e-04	4.161911e-06	1
8	rs11986647	145115901	0	-6.045140e-05	-1.551267e-06	1
8	rs11986726	145958987	0	-1.792453e-04	-4.634888e-06	1
8	rs11988651	145818782	0	2.466546e-05	6.289182e-07	1
8	rs11989052	145058037	0	2.596061e-04	6.290265e-06	1
8	rs11989162	145224273	0	3.345489e-04	8.533412e-06	1
8	rs11990069	145834941	0	2.641115e-05	6.723344e-07	1
8	rs11990215	145070151	0	3.280479e-04	7.954716e-06	1
8	rs11990511	145173527	0	1.100392e-04	2.753842e-06	1
8	rs11990558	145132633	0	5.036123e-05	1.272510e-06	1
8	rs11991472	145796273	0	-5.242748e-05	-1.347993e-06	1
8	rs11991859	145839058	0	-6.905393e-05	-1.749840e-06	1
8	rs11992210	145290260	0	6.119622e-04	1.508632e-05	1
8	rs11992503	145844887	0	-1.903877e-04	-4.892842e-06	1
8	rs11992877	145601750	0	5.258742e-04	1.360179e-05	1
8	rs11993233	145002283	0	-8.129103e-05	-1.981721e-06	1
8	rs11993287	144966243	0	4.616160e-05	1.124381e-06	1
8	rs11993554	145111529	0	2.088307e-04	5.266322e-06	1
8	rs11993921	146270319	0	-2.136450e-04	-5.241781e-06	1
8	rs11993948	146270446	0	-4.370049e-04	-1.087965e-05	1
8	rs11994023	145845256	0	-1.721003e-04	-4.424280e-06	1
8	rs11994710	146270661	0	-1.841599e-04	-4.532593e-06	1
8	rs11995603	145241174	0	3.148312e-04	8.049612e-06	1
8	rs11995759	145601994	0	5.258742e-04	1.360179e-05	1
8	rs11996522	145116697	0	1.381985e-04	3.477586e-06	1
8	rs11996529	145084161	0	-2.243211e-04	-5.694139e-06	1
8	rs11997029	145806773	0	4.546216e-05	1.163416e-06	1
8	rs11997133	145783561	0	-9.612729e-05	-2.469216e-06	1
8	rs11997608	145785009	0	-9.612729e-05	-2.469216e-06	1
8	rs11997636	146154646	0	-3.477122e-04	-8.583911e-06	1
8	rs11997935	145783722	0	-9.612729e-05	-2.469216e-06	1
8	rs11998351	145255755	0	3.579027e-04	9.184857e-06	1
8	rs11998675	145514420	0	5.977304e-04	1.474473e-05	1
8	rs1209848	146110652	0	2.682917e-04	6.538289e-06	1
8	rs1209850	146105917	0	-1.934840e-04	-4.680987e-06	1
8	rs1209852	146104271	0	3.994195e-04	9.775088e-06	1
8	rs1209853	146102910	0	3.994195e-04	9.775086e-06	1
8	rs1209855	146100761	0	1.729902e-04	4.194042e-06	1
8	rs1209857	146099851	0	-2.032153e-05	-5.023608e-07	1
8	rs1209860	146096953	0	-9.577344e-05	-2.315743e-06	1
8	rs1209861	146096221	0	-9.577344e-05	-2.315744e-06	1
8	rs1209862	146095486	0	-1.934840e-04	-4.680998e-06	1
8	rs1209863	146095255	0	-9.577344e-05	-2.315747e-06	1
8	rs1209864	146092744	0	-2.288405e-04	-5.553022e-06	1
8	rs1209865	146089540	0	2.676941e-04	6.505326e-06	1
8	rs1209866	146089320	0	1.834759e-04	4.447354e-06	1
8	rs1209867	146089167	0	-1.934840e-04	-4.681005e-06	1
8	rs1209871	146083788	0	-4.379985e-05	-1.119089e-06	1
8	rs1209872	146082835	0	-1.101018e-04	-2.664526e-06	1
8	rs1209879	146076708	0	2.554989e-04	6.224009e-06	1
8	rs1209881	146075832	0	-2.585461e-04	-6.273968e-06	1
8	rs1209884	146075550	0	-4.262928e-04	-1.113243e-05	1
8	rs1209886	146075446	0	-2.453581e-04	-5.943760e-06	1
8	rs1209888	146075403	0	-1.934840e-04	-4.681012e-06	1
8	rs1209890	146075286	0	-2.693526e-04	-6.533295e-06	1
8	rs1209891	146075165	0	1.278359e-04	3.089869e-06	1
8	rs1209892	146074991	0	-1.793348e-04	-4.333556e-06	1
8	rs12114254	145268085	0	4.521506e-04	1.166001e-05	1
8	rs12114964	145801188	0	4.546216e-05	1.163413e-06	1
8	rs12156410	146217286	0	1.825345e-04	4.539798e-06	1
8	rs12334749	145033759	0	1.938109e-05	4.954630e-07	1
8	rs12540996	146263181	0	2.460054e-05	5.877455e-07	1
8	rs12541146	146257894	0	1.281308e-04	3.147966e-06	1
8	rs12541214	145261860	1	4.017411e-04	1.029999e-05	1
8	rs12541377	145014424	0	3.630549e-04	8.906554e-06	1
8	rs12541703	146264325	0	3.471516e-04	8.622958e-06	1
8	rs12542298	145279088	0	5.298688e-05	1.291375e-06	1
8	rs12542316	146264714	0	1.281308e-04	3.147962e-06	1
8	rs12542502	145657958	0	-5.484483e-04	-1.338787e-05	1
8	rs12542638	145658526	0	-4.010171e-04	-9.705929e-06	1
8	rs12542653	144944176	0	4.752525e-04	1.169000e-05	1
8	rs12542824	146258749	0	3.471516e-04	8.622955e-06	1
8	rs12542868	145259526	0	7.260774e-06	1.920713e-07	1
8	rs12542925	145892022	0	-6.235753e-05	-1.595522e-06	1
8	rs12543080	145170440	0	4.067802e-05	1.031354e-06	1
8	rs12543178	145666970	0	-3.973083e-05	-9.276781e-07	1
8	rs12543192	145257567	0	1.859832e-04	4.488803e-06	1
8	rs12543194	146266440	0	1.281308e-04	3.147958e-06	1
8	rs12543389	144945191	0	4.603666e-04	1.167612e-05	1
8	rs12543451	146258600	0	1.281308e-04	3.147957e-06	1
8	rs12543524	146160838	0	-6.499357e-04	-1.625746e-05	1
8	rs12543539	145020477	0	2.211668e-04	5.385571e-06	1
8	rs12543546	146235578	0	1.413880e-05	3.317799e-07	1
8	rs12543719	146244597	0	4.859272e-04	1.214668e-05	1
8	rs12543880	145261962	0	-7.600545e-05	-1.973454e-06	1
8	rs12543945	145258578	0	-1.355962e-04	-3.518907e-06	1
8	rs12544206	146235564	0	1.413880e-05	3.317766e-07	1
8	rs12545691	146253014	0	1.340637e-04	3.304980e-06	1
8	rs12545715	146253137	0	2.255518e-04	5.570880e-06	1
8	rs12545876	145009356	0	-1.581455e-04	-4.073303e-06	1
8	rs12546042	145567872	0	-1.543085e-04	-3.688026e-06	1
8	rs12546257	146239265	0	2.986263e-04	7.401157e-06	1
8	rs12546794	146170853	0	-1.379329e-04	-3.395254e-06	1
8	rs12547194	146249834	0	2.727190e-04	6.746817e-06	1
8	rs12547860	146250775	0	-7.357121e-05	-1.836874e-06	1
8	rs12548610	146253241	0	-7.357121e-05	-1.836876e-06	1
8	rs12548842	145602166	0	4.269036e-04	1.038573e-05	1
8	rs12549106	146257939	0	1.281308e-04	3.147940e-06	1
8	rs12549149	145158446	0	-3.578553e-04	-9.068680e-06	1
8	rs12549463	146249144	0	-2.640406e-05	-6.706915e-07	1
8	rs12549542	146249451	0	-2.640406e-05	-6.706932e-07	1
8	rs12549732	146258613	0	1.281308e-04	3.147934e-06	1
8	rs12549853	145020636	0	4.155658e-04	1.021630e-05	1
8	rs12550729	145155408	0	-2.729685e-04	-6.895821e-06	1
8	rs12676449	146196509	0	-4.629595e-06	-1.223788e-07	1
8	rs12677039	146169833	3	-1.820482e-05	-4.460857e-07	1
8	rs12678688	146203346	0	2.403506e-04	5.999619e-06	1
8	rs12681416	146250590	0	5.630807e-05	1.428732e-06	1
8	rs12681478	144941419	0	-4.982680e-04	-1.220508e-05	1
8	rs12682023	145609354	0	3.815108e-04	9.257573e-06	1
8	rs12682087	146056279	0	-2.005793e-04	-5.126413e-06	1
8	rs12682297	145712860	0	6.215947e-04	1.531255e-05	1
8	rs12682445	146282249	0	-1.118864e-04	-2.750222e-06	1
8	rs12682512	145647954	0	-2.985181e-04	-7.231015e-06	1
8	rs12719778	145879883	0	3.143010e-04	7.578111e-06	1
8	rs12719780	146270269	0	-1.640658e-04	-4.020795e-06	1
8	rs13248637	146300583	0	-3.686433e-04	-9.174426e-06	1
8	rs13248671	145279531	0	7.765437e-05	1.884136e-06	1
8	rs13248950	146164718	0	-3.688726e-04	-9.112886e-06	1
8	rs13249053	145657518	0	-3.533895e-04	-8.541013e-06	1
8	rs13249302	146244235	0	2.986263e-04	7.401140e-06	1
8	rs13249442	146027174	0	6.407482e-04	1.676128e-05	1
8	rs13250446	145164847	0	-2.833897e-04	-7.172426e-06	1
8	rs13250993	146238210	0	3.190194e-04	7.928878e-06	1
8	rs13251458	145680456	0	6.933009e-04	1.711718e-05	1
8	rs13252211	144955999	0	-5.268962e-04	-1.340034e-05	1
8	rs13252601	146077942	0	3.625046e-04	8.868966e-06	1
8	rs13252899	145574608	0	4.203657e-04	1.024456e-05	1
8	rs13253451	145654233	0	-4.430047e-04	-1.075490e-05	1
8	rs13254189	144957858	0	-4.415095e-04	-1.119772e-05	1
8	rs13254769	145567438	0	2.291003e-04	5.914171e-06	1
8	rs13254911	145728735	0	5.962408e-04	1.466376e-05	1
8	rs13254954	145153138	0	-3.466541e-04	-8.776199e-06	1
8	rs13255086	145663814	0	-1.044588e-04	-2.491939e-06	1
8	rs13255110	144945792	0	5.325928e-04	1.316059e-05	1
8	rs13255347	145149590	0	-2.396004e-04	-5.986459e-06	1
8	rs13256214	145149823	0	-3.420419e-04	-8.650787e-06	1
8	rs13257212	146236123	0	3.190194e-04	7.928878e-06	1
8	rs13257697	146233840	0	2.554198e-04	6.405841e-06	1
8	rs13257698	146244132	0	4.859272e-04	1.214665e-05	1
8	rs13258200	145631197	0	6.310642e-04	1.549868e-05	1
8	rs13258307	145907866	0	5.619002e-04	1.373374e-05	1
8	rs13258903	145656658	0	-4.937057e-04	-1.201253e-05	1
8	rs13259250	145656776	0	-3.533895e-04	-8.540988e-06	1
8	rs13260439	144946818	0	7.260621e-04	1.783366e-05	1
8	rs13263342	145161896	0	-2.833897e-04	-7.172423e-06	1
8	rs13264480	145825746	0	-1.395871e-04	-3.602267e-06	1
8	rs13265037	146296624	0	-3.944660e-04	-9.825335e-06	1
8	rs13266019	145630986	0	5.451100e-04	1.333584e-05	1
8	rs13266999	146260595	0	1.281308e-04	3.147923e-06	1
8	rs13267057	146260670	0	8.443097e-05	2.067184e-06	1
8	rs13269999	145226713	0	-3.512954e-05	-9.088146e-07	1
8	rs13270258	146134689	0	6.305317e-04	1.567796e-05	1
8	rs13270605	145658253	0	-2.352029e-04	-5.664894e-06	1
8	rs13270948	146238281	0	3.190194e-04	7.928870e-06	1
8	rs13270958	146263692	0	8.443097e-05	2.067181e-06	1
8	rs13272060	145574523	0	5.606643e-04	1.380322e-05	1
8	rs13272746	146161488	0	-3.618395e-04	-8.935886e-06	1
8	rs13273326	145656806	0	-3.533895e-04	-8.540977e-06	1
8	rs13273684	145654298	0	-5.607787e-04	-1.369314e-05	1
8	rs13273843	146296618	0	-4.390009e-04	-1.074947e-05	1
8	rs13275020	146266912	1	1.046557e-04	2.567714e-06	1
8	rs13275065	145818681	0	6.239464e-04	1.526871e-05	1
8	rs13275214	145657474	0	-3.533895e-04	-8.540967e-06	1
8	rs13275522	145643721	0	-8.229509e-04	-2.048030e-05	1
8	rs13276513	144963266	0	7.760453e-05	1.872159e-06	1
8	rs13277467	146025207	0	4.809236e-04	1.184468e-05	1
8	rs13278129	146252788	0	2.255518e-04	5.570847e-06	1
8	rs13278325	145658371	0	-2.300173e-04	-5.528487e-06	1
8	rs13279170	146255129	0	7.458989e-05	1.825984e-06	1
8	rs13279534	146260665	0	8.443097e-05	2.067174e-06	1
8	rs13438994	146219931	0	2.307611e-04	5.836191e-06	1
8	rs13439519	145012206	0	3.587632e-05	8.471120e-07	1
8	rs13439640	146178712	0	-1.069596e-05	-2.756665e-07	1
8	rs13439873	146220011	0	2.711770e-04	6.759855e-06	1
8	rs138160636	145823213	0	1.548342e-04	4.014916e-06	1
8	rs138242133	145787239	5	-1.255369e-05	-3.239222e-07	1
8	rs1383095	145615776	0	4.797904e-04	1.170729e-05	1
8	rs138328720	146118539	0	-3.536396e-04	-9.220200e-06	1
8	rs138344996	146210932	0	-7.283269e-05	-1.878648e-06	1
8	rs138543819	146242331	0	-1.541704e-05	-3.966942e-07	1
8	rs138582829	146062872	0	-9.221522e-05	-2.396093e-06	1
8	rs138746900	145121514	0	4.671464e-05	1.186510e-06	1
8	rs138776721	145016810	0	-3.951750e-05	-1.024241e-06	1
8	rs138778619	145911599	0	1.037327e-05	2.705146e-07	1
8	rs138803967	146299462	0	3.342260e-04	8.644645e-06	1
8	rs139060874	146182345	0	-3.873019e-05	-9.984577e-07	1
8	rs139184188	145843458	0	-6.021896e-05	-1.563346e-06	1
8	rs139218599	145786645	0	5.763491e-06	1.498108e-07	1
8	rs139244008	145244610	0	-1.490526e-04	-3.870343e-06	1
8	rs139302950	146038150	0	-4.409467e-04	-1.154064e-05	1
8	rs139476104	145019616	0	-2.407917e-05	-6.253574e-07	1
8	rs139535011	146078866	0	-4.014227e-04	-1.047586e-05	1
8	rs139707595	145092121	0	-2.032596e-04	-5.213723e-06	1
8	rs139785895	146239665	0	-1.234074e-04	-3.183153e-06	1
8	rs139903745	145635187	0	1.082720e-04	2.796115e-06	1
8	rs139993096	146110766	0	-4.367785e-04	-1.141991e-05	1
8	rs140116140	145790953	0	-2.062660e-04	-5.258700e-06	1
8	rs140143388	145989013	0	-3.785500e-04	-9.883129e-06	1
8	rs140274286	145814155	0	5.763491e-06	1.498108e-07	1
8	rs140300753	145001960	0	3.728664e-04	9.734258e-06	1
8	rs140480876	145821811	0	1.548342e-04	4.014916e-06	1
8	rs141047234	145814844	0	5.763491e-06	1.498108e-07	1
8	rs141056262	145542316	0	-1.674559e-04	-4.272225e-06	1
8	rs141342282	145776892	0	5.763491e-06	1.498108e-07	1
8	rs141538823	146297568	0	-2.017390e-04	-5.215748e-06	1
8	rs141701314	145022014	0	3.728664e-04	9.734258e-06	1
8	rs141717948	145010826	0	3.728664e-04	9.734258e-06	1
8	rs141767245	146184040	0	1.376673e-04	3.527824e-06	1
8	rs142152732	145689667	0	1.050916e-04	2.718678e-06	1
8	rs142350182	146184271	0	3.292127e-04	8.542217e-06	1
8	rs142457018	145921696	0	-1.593362e-04	-4.136529e-06	1
8	rs142535270	146272214	0	-3.422361e-05	-8.846152e-07	1
8	rs142614594	145630226	0	3.029895e-04	7.774645e-06	1
8	rs143139947	145749080	0	-2.030567e-05	-5.264241e-07	1
8	rs143277120	145839989	0	8.885170e-05	2.303986e-06	1
8	rs143477008	145657369	0	5.864802e-05	1.510100e-06	1
8	rs143640004	145815126	0	5.763491e-06	1.498108e-07	1
8	rs143777676	146214415	0	-5.299074e-05	-1.367102e-06	1
8	rs143843152	145176220	0	1.905319e-04	4.866298e-06	1
8	rs143903148	146184752	0	2.681402e-04	6.937157e-06	1
8	rs143966873	145280550	0	-1.514828e-04	-3.918865e-06	1
8	rs143977710	145786648	0	5.763491e-06	1.498108e-07	1
8	rs144050841	145814164	0	5.763491e-06	1.498108e-07	1
8	rs144085411	146181151	0	2.016415e-04	5.227889e-06	1
8	rs144181480	144949943	0	1.909908e-04	4.960558e-06	1
8	rs144273207	145761852	0	-8.628812e-05	-2.241309e-06	1
8	rs144339906	144968122	0	1.678940e-05	4.343924e-07	1
8	rs144378245	145945645	0	1.159837e-04	2.999336e-06	1
8	rs144643156	146101746	0	-4.192083e-04	-1.095688e-05	1
8	rs144742210	146240829	0	3.227140e-04	8.026684e-06	1
8	rs144843136	145115465	0	2.243807e-05	5.645546e-07	1
8	rs144871205	146213770	0	2.114528e-04	5.497465e-06	1
8	rs144964784	145908885	0	-2.006653e-04	-5.205461e-06	1
8	rs145244260	146140157	0	-5.932819e-04	-1.540305e-05	1
8	rs145334494	145920290	0	1.037327e-05	2.705149e-07	1
8	rs145477989	145625953	0	1.966358e-04	5.112966e-06	1
8	rs145660177	145940776	0	-2.396287e-04	-6.178962e-06	1
8	rs145792775	146182785	0	-3.873019e-05	-9.984581e-07	1
8	rs145897630	145837199	0	4.586302e-04	1.189270e-05	1
8	rs145935998	145103683	0	-4.465308e-04	-1.164095e-05	1
8	rs145951062	145507862	0	6.265736e-05	1.582098e-06	1
8	rs146126803	146023767	0	-3.578078e-04	-9.338244e-06	1
8	rs146160211	146200290	0	-4.629595e-06	-1.223792e-07	1
8	rs146503315	146110757	0	-2.804771e-04	-7.238046e-06	1
8	rs146595036	145814359	0	5.763491e-06	1.498108e-07	1
8	rs146833125	145840007	0	8.885170e-05	2.303986e-06	1
8	rs147009472	145042474	0	-2.043805e-04	-5.296433e-06	1
8	rs147019434	145088032	0	-3.205053e-04	-8.321231e-06	1
8	rs147284549	145095577	0	-9.257046e-05	-2.397875e-06	1
8	rs147297593	145244327	0	-1.490526e-04	-3.870343e-06	1
8	rs147698942	146140126	0	-7.307478e-05	-1.887391e-06	1
8	rs1480000	145702007	0	6.998227e-04	1.731187e-05	1
8	rs148271870	146082199	0	1.997455e-04	5.169722e-06	1
8	rs148588086	146097635	0	-4.367785e-04	-1.141991e-05	1
8	rs148853028	146035750	0	-4.409467e-04	-1.154064e-05	1
8	rs148925552	145814949	0	5.763491e-06	1.498110e-07	1
8	rs148980789	146242399	0	-1.329967e-04	-3.387464e-06	1
8	rs149018372	145591711	0	-2.352398e-04	-6.101541e-06	1
8	rs149242894	145719636	1	-2.113097e-04	-5.453018e-06	1
8	rs149419633	145284928	0	-6.310950e-05	-1.639410e-06	1
8	rs149755358	145977609	0	-1.553472e-04	-4.013951e-06	1
8	rs149909863	145787767	0	5.763491e-06	1.498109e-07	1
8	rs150041632	146087831	0	-4.367785e-04	-1.141991e-05	1
8	rs150260787	145141663	0	-2.150068e-04	-5.574628e-06	1
8	rs150271101	145814899	0	5.763491e-06	1.498110e-07	1
8	rs150386911	145119846	0	1.746279e-04	4.509799e-06	1
8	rs150432122	145821957	0	1.548342e-04	4.014916e-06	1
8	rs150600530	145917008	0	-2.029559e-04	-5.269044e-06	1
8	rs150705459	145091051	0	-5.114304e-04	-1.333711e-05	1
8	rs151320951	145818278	0	8.885170e-05	2.303986e-06	1
8	rs1564414	145674469	0	-4.308031e-04	-1.053497e-05	1
8	rs1618523	146066031	0	1.408661e-04	3.415631e-06	1
8	rs1619184	146060261	0	-1.032301e-04	-2.497961e-06	1
8	rs1625919	146066053	0	5.845565e-05	1.408739e-06	1
8	rs1627538	146051682	0	-1.684657e-04	-4.081649e-06	1
8	rs17062686	144992900	0	-3.712728e-04	-9.585594e-06	1
8	rs1735153	146050190	0	-1.305203e-04	-3.168862e-06	1
8	rs1735154	146051158	0	-1.507853e-04	-3.644790e-06	1
8	rs1735155	146052527	0	-2.927488e-04	-7.095260e-06	1
8	rs1735159	146056152	0	-1.032301e-04	-2.497968e-06	1
8	rs1735162	146060167	0	-1.235391e-04	-2.983427e-06	1
8	rs1735163	146060866	0	-8.592706e-05	-2.090069e-06	1
8	rs1735165	146062982	0	1.634193e-04	3.975845e-06	1
8	rs1735166	146065173	0	-1.938303e-04	-4.689521e-06	1
8	rs1735167	146065452	0	-3.676375e-04	-8.987865e-06	1
8	rs1735173	146071261	0	-1.040815e-04	-2.518589e-06	1
8	rs1735176	146074281	0	1.874294e-04	4.545153e-06	1
8	rs1735188	146045345	0	-1.527281e-04	-3.689885e-06	1
8	rs1735189	146045454	0	-2.866873e-04	-6.959295e-06	1
8	rs1735192	146045868	0	-2.919034e-04	-7.081740e-06	1
8	rs1735196	146047733	0	-1.647348e-04	-3.995262e-06	1
8	rs1735399	146073031	0	1.729902e-04	4.193992e-06	1
8	rs1735402	146072378	0	-2.868820e-04	-6.989674e-06	1
8	rs1735403	146072329	0	1.606084e-04	3.893827e-06	1
8	rs1735404	146071913	0	1.729902e-04	4.193988e-06	1
8	rs1735405	146070554	0	2.480993e-04	6.018954e-06	1
8	rs1735406	146069912	0	3.004356e-04	7.287863e-06	1
8	rs1735408	146068594	0	9.470464e-04	2.463329e-05	1
8	rs1735412	146060985	0	-1.032301e-04	-2.497992e-06	1
8	rs1735425	146053628	0	3.197216e-04	7.828511e-06	1
8	rs1735428	146052559	0	-8.823347e-05	-2.154119e-06	1
8	rs1735430	146052186	0	-1.305203e-04	-3.168893e-06	1
8	rs1735431	146052091	0	-5.464919e-05	-1.331480e-06	1
8	rs1735433	146050996	0	-1.305203e-04	-3.168895e-06	1
8	rs1735434	146049904	0	1.292048e-04	3.137365e-06	1
8	rs1735435	146049794	0	-2.294743e-04	-5.559683e-06	1
8	rs17855765	145641328	0	-5.811022e-04	-1.420731e-05	1
8	rs1810387	146064157	0	2.092648e-04	5.099367e-06	1
8	rs181073958	146300991	0	2.813306e-04	7.291867e-06	1
8	rs181288858	145908632	0	-2.651637e-04	-6.890767e-06	1
8	rs182398418	146253624	0	-1.705745e-04	-4.403699e-06	1
8	rs182469517	145693900	0	-2.386669e-04	-6.074376e-06	1
8	rs182896446	146043826	0	-4.357553e-04	-1.139311e-05	1
8	rs183206024	146031162	0	2.113566e-04	5.424907e-06	1
8	rs183637411	146142265	0	6.098604e-04	1.604708e-05	1
8	rs184465803	145963012	0	-3.998225e-04	-1.041646e-05	1
8	rs185548465	145756594	5	-1.388815e-04	-3.578351e-06	1
8	rs186043356	145812525	0	6.155503e-06	1.595643e-07	1
8	rs186323325	145954752	1	7.302299e-06	1.879978e-07	1
8	rs186891026	145688501	0	-1.784306e-04	-4.566678e-06	1
8	rs1871532	145618597	0	4.771133e-04	1.161843e-05	1
8	rs1871536	145756370	0	-9.064690e-05	-2.278548e-06	1
8	rs1871541	145681713	0	-5.997549e-04	-1.475531e-05	1
8	rs188149361	145054255	0	-2.311291e-04	-5.993034e-06	1
8	rs189572033	145238785	0	-2.228294e-04	-5.785552e-06	1
8	rs190185812	145653903	0	-1.136126e-04	-2.924533e-06	1
8	rs190805385	145814112	0	5.763491e-06	1.498111e-07	1
8	rs192479356	145092063	5	-3.739190e-04	-9.677536e-06	1
8	rs193300551	146167358	0	4.872634e-04	1.273962e-05	1
8	rs1985022	145684031	0	6.462960e-04	1.589149e-05	1
8	rs2011883	146262671	0	8.443097e-05	2.067178e-06	1
8	rs201641573	144942413	0	-6.496942e-06	-1.633448e-07	1
8	rs202062964	146037422	2	-3.071445e-04	-7.997392e-06	1
8	rs2086361	145764219	0	-4.400205e-04	-1.120749e-05	1
8	rs2101039	145730330	0	3.896917e-04	9.512923e-06	1
8	rs2229313	145665761	0	-9.145989e-04	-2.289568e-05	1
8	rs2229315	145665407	0	-7.188874e-05	-1.708278e-06	1
8	rs2242265	145667354	0	-1.190389e-04	-2.845038e-06	1
8	rs2242266	145666578	0	-1.190389e-04	-2.845034e-06	1
8	rs2242268	145664673	0	-3.300926e-04	-7.970512e-06	1
8	rs2242269	145662766	0	-3.235177e-04	-7.809767e-06	1
8	rs2242650	146066418	0	-1.419504e-04	-3.433895e-06	1
8	rs2242651	146066508	0	-1.278975e-04	-3.092215e-06	1
8	rs2258177	146048833	0	-1.324630e-04	-3.214314e-06	1
8	rs2258178	146048839	0	-1.527281e-04	-3.689919e-06	1
8	rs2272658	145651262	0	-2.338557e-04	-5.652373e-06	1
8	rs2272661	145618862	0	5.364282e-04	1.308140e-05	1
8	rs2272662	145639726	0	1.327871e-03	3.459635e-05	1
8	rs2272663	145578296	0	8.230401e-04	2.041894e-05	1
8	rs2272664	145577999	0	7.915595e-04	1.966144e-05	1
8	rs2272666	145580984	0	7.849767e-04	1.936713e-05	1
8	rs2272714	146225112	0	2.307611e-04	5.836185e-06	1
8	rs2272715	146225280	0	8.940982e-05	2.188359e-06	1
8	rs2279243	145737040	0	6.707328e-04	1.654634e-05	1
8	rs2280836	145621556	0	8.153881e-04	2.016187e-05	1
8	rs2280837	145620296	0	7.755049e-04	1.919146e-05	1
8	rs2280838	145642002	0	-3.879330e-04	-9.394899e-06	1
8	rs2280839	145641564	0	-7.913608e-04	-1.960323e-05	1
8	rs2280840	145581557	0	7.304386e-04	1.805648e-05	1
8	rs2280933	146014918	0	-1.442145e-04	-3.500201e-06	1
8	rs2291130	145653550	0	-3.452860e-04	-8.335626e-06	1
8	rs2291133	145692762	0	-1.617343e-04	-3.915182e-06	1
8	rs2291135	145625283	0	7.845678e-04	1.937312e-05	1
8	rs2293963	145624640	0	3.938386e-04	9.559572e-06	1
8	rs2294042	146228390	0	-9.057564e-05	-2.242418e-06	1
8	rs2294043	146228622	0	1.012602e-04	2.482381e-06	1
8	rs2294044	146231140	0	1.012602e-04	2.482380e-06	1
8	rs2294120	146003567	0	1.481611e-04	3.570038e-06	1
8	rs2306385	145665129	0	-1.085123e-04	-2.588418e-06	1
8	rs2306386	145742879	0	3.851199e-04	9.363074e-06	1
8	rs2466953	145976303	0	1.501407e-04	3.630619e-06	1
8	rs2466954	145950676	0	4.253022e-04	1.086446e-05	1
8	rs2467663	145955007	0	1.028693e-03	2.625340e-05	1
8	rs2467667	145974196	0	-1.501407e-04	-3.630615e-06	1
8	rs2620630	145658155	0	-2.222827e-04	-5.342802e-06	1
8	rs2620631	145658115	0	-5.331415e-04	-1.305980e-05	1
8	rs2620636	145778128	0	-4.026060e-04	-1.030222e-05	1
8	rs2620666	145703413	0	4.756964e-04	1.161010e-05	1
8	rs2721138	145750138	0	4.534115e-04	1.102235e-05	1
8	rs2721140	145661320	0	1.147145e-04	2.747359e-06	1
8	rs2721142	145752467	7	2.023773e-04	4.868648e-06	1
8	rs2721150	145724973	0	3.925533e-04	9.532295e-06	1
8	rs2721160	145778347	0	5.017171e-04	1.266828e-05	1
8	rs2721173	145744429	0	4.352721e-04	1.059126e-05	1
8	rs2721188	145665699	0	-3.879006e-04	-9.489902e-06	1
8	rs2721195	145677011	0	-6.790260e-04	-1.679309e-05	1
8	rs2721197	145727705	0	4.110156e-04	1.000660e-05	1
8	rs2722469	145955543	0	8.211213e-04	2.066405e-05	1
8	rs2722471	146087879	0	-3.777273e-04	-9.805967e-06	1
8	rs2722472	146047236	0	-4.835661e-05	-1.178288e-06	1
8	rs2722484	146069970	0	-2.196552e-04	-5.676645e-06	1
8	rs2722485	146069955	0	-2.196552e-04	-5.676645e-06	1
8	rs2722486	146069645	0	-1.115982e-04	-2.872370e-06	1
8	rs2722490	146064154	0	-2.322972e-04	-5.626405e-06	1
8	rs2722491	146063308	0	-3.081312e-04	-7.759296e-06	1
8	rs2722495	145971666	0	-1.501407e-04	-3.630597e-06	1
8	rs2722497	145981347	0	-2.846127e-04	-6.902843e-06	1
8	rs2727226	145976785	0	7.321853e-05	1.861179e-06	1
8	rs2727229	146070496	0	3.163632e-04	7.715199e-06	1
8	rs2727230	146064103	0	9.028857e-05	2.187049e-06	1
8	rs2727236	146051445	0	-1.743633e-04	-4.221970e-06	1
8	rs2727237	146051203	0	-1.305203e-04	-3.168947e-06	1
8	rs2727239	146049915	0	-2.834539e-04	-7.183216e-06	1
8	rs2727240	146049757	0	-9.191145e-05	-2.233082e-06	1
8	rs2727242	146043738	0	-1.527281e-04	-3.689961e-06	1
8	rs2727244	145961260	0	1.259450e-04	3.217149e-06	1
8	rs2727251	146101381	0	-3.777273e-04	-9.805968e-06	1
8	rs2730059	145981760	0	2.671805e-04	6.473431e-06	1
8	rs2735902	146081370	0	-3.777273e-04	-9.805968e-06	1
8	rs2735904	146116884	0	-5.275087e-05	-1.285207e-06	1
8	rs2735906	146115367	0	3.838671e-04	9.539878e-06	1
8	rs2735907	146114887	0	-3.777273e-04	-9.805968e-06	1
8	rs2736648	146061978	0	-1.115398e-04	-2.712963e-06	1
8	rs28392516	145035479	0	-4.455431e-04	-1.152709e-05	1
8	rs28406655	146191318	0	1.330377e-04	3.336391e-06	1
8	rs28409207	145035116	0	-1.682835e-04	-4.338604e-06	1
8	rs28453985	146282516	0	-1.936239e-04	-4.642686e-06	1
8	rs28455570	144993069	0	2.663135e-04	6.790796e-06	1
8	rs28546595	146191461	0	1.330377e-04	3.336391e-06	1
8	rs28561922	146114089	0	2.599144e-04	6.319205e-06	1
8	rs28577170	146207972	0	3.116588e-04	7.868387e-06	1
8	rs2857829	144998190	0	7.412048e-05	1.781176e-06	1
8	rs28580296	146194557	0	2.403506e-04	5.999598e-06	1
8	rs28624193	146042362	0	-4.374386e-04	-1.106793e-05	1
8	rs28634572	146197005	0	2.154219e-04	5.518675e-06	1
8	rs28713556	145897455	0	3.479649e-04	9.039691e-06	1
8	rs28793922	146189672	0	2.164813e-04	5.401658e-06	1
8	rs28818263	146296470	0	-3.944660e-04	-9.825343e-06	1
8	rs28848551	146190717	0	2.164813e-04	5.401657e-06	1
8	rs28852429	146213024	0	2.711770e-04	6.759837e-06	1
8	rs28853952	146190692	0	1.330377e-04	3.336387e-06	1
8	rs28862643	146192421	0	2.824637e-04	7.059785e-06	1
8	rs28872893	146190828	0	1.330377e-04	3.336386e-06	1
8	rs28877421	146189771	0	2.164813e-04	5.401654e-06	1
8	rs2928377	145649781	0	1.033812e-04	2.643875e-06	1
8	rs2953845	145972950	0	-2.749874e-04	-6.668592e-06	1
8	rs2953848	145984527	0	-1.470081e-04	-3.544400e-06	1
8	rs2953849	145984544	0	-1.365224e-04	-3.290534e-06	1
8	rs2953850	145985350	0	-1.365224e-04	-3.290532e-06	1
8	rs2953854	145990480	0	2.586463e-04	6.264684e-06	1
8	rs2953856	146000276	0	1.966833e-04	4.750636e-06	1
8	rs2953857	146000421	0	1.966833e-04	4.750633e-06	1
8	rs2953858	146001737	0	-3.198757e-04	-7.811521e-06	1
8	rs2953859	146001782	0	-1.966833e-04	-4.750629e-06	1
8	rs2953860	146002086	0	-1.231924e-04	-3.140633e-06	1
8	rs2953861	146002518	0	-3.564832e-04	-9.030380e-06	1
8	rs2953862	146026246	0	-1.917144e-04	-4.915624e-06	1
8	rs2953865	146141482	0	6.709723e-04	1.693231e-05	1
8	rs2953874	146129268	0	1.223507e-04	2.954177e-06	1
8	rs2953879	146030617	0	-8.373338e-05	-2.147240e-06	1
8	rs2953882	146036012	0	-1.289442e-04	-3.286056e-06	1
8	rs2953883	146036650	0	-1.917144e-04	-4.915624e-06	1
8	rs2953886	146014740	0	1.199670e-04	2.884954e-06	1
8	rs2953889	146069891	0	4.790356e-04	1.168031e-05	1
8	rs2953893	146008136	0	-5.763501e-05	-1.465830e-06	1
8	rs2954651	146009839	4	4.672585e-04	1.138985e-05	1
8	rs2954654	146008168	0	-2.459611e-05	-6.109344e-07	1
8	rs2954656	146012803	0	-7.648035e-05	-1.964094e-06	1
8	rs2954657	146017032	0	-1.199670e-04	-2.884946e-06	1
8	rs2954658	146017782	0	1.554439e-04	3.764656e-06	1
8	rs2954660	146023923	0	-1.473952e-04	-3.760829e-06	1
8	rs2954661	146024681	0	-7.064260e-05	-1.701141e-06	1
8	rs2954664	146026780	0	-1.289442e-04	-3.286057e-06	1
8	rs2954665	146028605	0	-1.062043e-04	-2.725998e-06	1
8	rs2954666	146030545	0	-1.062043e-04	-2.725998e-06	1
8	rs2954669	146034733	0	-1.713191e-04	-4.327449e-06	1
8	rs2954670	146035211	0	-3.498951e-04	-9.073077e-06	1
8	rs2954671	146038679	0	-3.690132e-07	-1.974054e-08	1
8	rs2954675	146070586	0	-2.817026e-04	-7.274446e-06	1
8	rs2954680	145984493	0	2.671805e-04	6.473391e-06	1
8	rs2954681	145986094	0	-2.671805e-04	-6.473389e-06	1
8	rs2954682	145989307	0	-1.930793e-04	-4.664318e-06	1
8	rs2954684	145994000	0	-1.966833e-04	-4.750604e-06	1
8	rs2955193	145986084	0	-1.689943e-04	-4.338411e-06	1
8	rs2955194	145988907	0	4.545200e-05	1.084407e-06	1
8	rs2955195	145989192	0	2.198615e-05	5.490138e-07	1
8	rs2955202	146000129	0	1.966833e-04	4.750598e-06	1
8	rs2955203	146002589	0	-2.174053e-04	-5.546067e-06	1
8	rs2955220	146031720	0	-1.062043e-04	-2.725997e-06	1
8	rs2955221	146031702	0	-1.062043e-04	-2.725997e-06	1
8	rs2955222	146029933	0	-1.062043e-04	-2.725997e-06	1
8	rs2955223	146029921	0	-1.289442e-04	-3.286061e-06	1
8	rs2955224	146029410	0	-3.176234e-04	-8.233424e-06	1
8	rs2955225	146028827	0	2.974411e-05	7.673388e-07	1
8	rs2955226	146026786	0	-1.071260e-04	-2.719265e-06	1
8	rs2955227	146025978	0	-1.062043e-04	-2.725996e-06	1
8	rs2955229	146024446	0	-2.584713e-04	-6.282058e-06	1
8	rs2955232	146013038	0	-1.199670e-04	-2.884923e-06	1
8	rs2955233	146012799	0	1.199670e-04	2.884921e-06	1
8	rs2956159	146215051	0	1.141980e-04	2.840255e-06	1
8	rs2956160	146181115	0	5.116229e-04	1.296662e-05	1
8	rs2956164	146232903	0	2.096239e-04	5.253114e-06	1
8	rs2956165	146148888	0	2.403091e-04	6.025939e-06	1
8	rs2956171	145961954	0	-3.393351e-04	-8.248756e-06	1
8	rs2956173	145926632	0	1.033113e-03	2.632415e-05	1
8	rs2956345	146214993	0	4.475538e-04	1.089462e-05	1
8	rs2956346	146217389	0	3.579374e-04	9.268929e-06	1
8	rs2958038	146136886	0	3.459643e-05	8.860505e-07	1
8	rs2958042	146215296	0	4.475538e-04	1.089462e-05	1
8	rs2958043	146219619	0	4.475538e-04	1.089462e-05	1
8	rs2958480	145983442	0	2.776662e-04	6.732871e-06	1
8	rs2958482	145984615	0	-2.671805e-04	-6.473366e-06	1
8	rs2958483	145987048	0	-2.198615e-05	-5.490281e-07	1
8	rs2958484	145987233	0	4.063521e-05	9.641681e-07	1
8	rs2958487	145988967	0	1.069639e-04	2.573649e-06	1
8	rs2958488	145989122	0	-1.930793e-04	-4.664289e-06	1
8	rs2958490	145991383	0	-6.562468e-05	-1.570008e-06	1
8	rs2958493	146000095	0	1.966833e-04	4.750573e-06	1
8	rs2958498	146010817	0	1.199670e-04	2.884901e-06	1
8	rs2958508	146041743	0	-2.888825e-04	-7.479080e-06	1
8	rs2958512	146013210	0	-1.199670e-04	-2.884899e-06	1
8	rs2958514	146018597	0	-1.946476e-04	-4.692087e-06	1
8	rs2958517	146019378	0	1.321978e-04	3.207942e-06	1
8	rs2958518	146019613	0	-1.199670e-04	-2.884893e-06	1
8	rs2958519	146019690	0	-9.242942e-06	-2.404601e-07	1
8	rs2958521	146023959	0	-4.233461e-05	-1.038257e-06	1
8	rs2958522	146024952	0	-2.581541e-04	-6.579212e-06	1
8	rs2958523	146025196	0	-3.176234e-04	-8.233422e-06	1
8	rs2958524	146025202	0	-3.176234e-04	-8.233422e-06	1
8	rs2958525	146027435	0	3.517627e-04	8.602553e-06	1
8	rs2958526	146028017	0	1.603631e-06	4.455209e-08	1
8	rs2958528	146032143	0	-3.176234e-04	-8.233421e-06	1
8	rs2975242	146192246	0	2.771240e-04	6.943287e-06	1
8	rs2975249	146184028	0	5.796534e-04	1.425699e-05	1
8	rs2975267	146152057	0	-4.166073e-04	-1.080806e-05	1
8	rs2975270	146148702	0	-1.893731e-04	-4.843800e-06	1
8	rs2975272	146148165	0	3.924059e-04	9.868441e-06	1
8	rs2975274	146138655	0	4.931463e-04	1.234682e-05	1
8	rs2975283	146194991	0	5.210699e-04	1.320949e-05	1
8	rs2975300	146141687	0	-1.506732e-04	-3.810248e-06	1
8	rs2975304	146069877	0	4.664651e-04	1.137453e-05	1
8	rs2976472	146213124	0	5.220439e-04	1.324833e-05	1
8	rs2976596	145882054	0	-2.727977e-04	-7.036360e-06	1
8	rs2976636	145989381	0	-1.930793e-04	-4.664267e-06	1
8	rs2976637	145984552	0	-1.470081e-04	-3.544310e-06	1
8	rs2976645	146025462	0	-1.299846e-04	-3.339600e-06	1
8	rs2976647	146027155	0	-2.044126e-04	-5.273179e-06	1
8	rs2976650	146028898	0	-2.453327e-05	-6.286532e-07	1
8	rs2976652	145991902	0	-1.231924e-04	-3.140648e-06	1
8	rs2976658	146014038	0	1.199670e-04	2.884880e-06	1
8	rs2976661	146032024	0	-1.062043e-04	-2.725993e-06	1
8	rs2977835	145622923	0	5.622422e-04	1.373502e-05	1
8	rs2977837	145617253	0	3.365320e-04	8.551587e-06	1
8	rs2978386	146134952	0	5.621960e-04	1.404487e-05	1
8	rs2978398	146130326	0	-3.675047e-04	-8.897421e-06	1
8	rs2978401	146189122	0	5.465236e-04	1.387548e-05	1
8	rs2978412	146208642	0	5.796534e-04	1.425699e-05	1
8	rs2978419	146229040	0	3.678061e-04	9.249907e-06	1
8	rs2978441	146222122	0	4.475538e-04	1.089462e-05	1
8	rs2978442	146220094	0	1.141980e-04	2.840247e-06	1
8	rs2978444	146211595	0	5.921623e-04	1.452893e-05	1
8	rs2978446	146199526	0	5.210699e-04	1.320948e-05	1
8	rs2978451	146152425	0	-9.207708e-06	-2.211286e-07	1
8	rs2979074	146135866	0	7.160347e-04	1.813978e-05	1
8	rs2979082	146035358	0	-1.057437e-04	-2.564313e-06	1
8	rs2979085	146030732	0	-1.062043e-04	-2.725995e-06	1
8	rs2979087	146027311	0	-1.913454e-04	-4.640874e-06	1
8	rs2979088	146014797	0	-7.648035e-05	-1.964091e-06	1
8	rs2979089	146014241	0	-1.289442e-04	-3.286072e-06	1
8	rs2979107	146208961	0	5.027525e-04	1.274383e-05	1
8	rs2979109	146203412	0	2.211689e-04	5.308024e-06	1
8	rs2979110	146198448	0	5.890097e-04	1.450415e-05	1
8	rs2979111	146198217	0	2.771240e-04	6.943274e-06	1
8	rs2979287	146206683	0	5.796534e-04	1.425697e-05	1
8	rs2979290	146200492	0	5.796534e-04	1.425697e-05	1
8	rs3109777	146031294	0	-7.262408e-05	-1.861653e-06	1
8	rs3109779	146031362	0	-1.062043e-04	-2.725996e-06	1
8	rs3135103	145006992	0	-2.074737e-04	-5.372024e-06	1
8	rs3135109	145001784	0	7.412048e-05	1.781177e-06	1
8	rs34047315	146261151	0	1.281308e-04	3.147915e-06	1
8	rs34100233	146261019	0	1.281308e-04	3.147913e-06	1
8	rs34100270	146267160	0	1.623544e-04	4.012910e-06	1
8	rs34114278	146239971	0	2.986263e-04	7.401125e-06	1
8	rs34115771	144972473	0	-2.135426e-04	-5.379766e-06	1
8	rs34190974	146261031	0	3.471516e-04	8.622911e-06	1
8	rs34245366	146288559	0	7.350232e-05	1.886303e-06	1
8	rs34247131	145613959	1	9.532647e-04	2.380647e-05	1
8	rs34293591	145738669	0	9.958646e-05	2.581561e-06	1
8	rs34299416	146213385	0	2.711770e-04	6.759826e-06	1
8	rs34383175	145584694	0	1.386674e-05	3.626776e-07	1
8	rs34402271	146256116	0	3.471516e-04	8.622909e-06	1
8	rs34404564	145518842	0	5.965479e-04	1.470799e-05	1
8	rs34437789	145741142	0	-4.224589e-04	-1.100326e-05	1
8	rs34471511	145519687	0	5.546326e-04	1.364307e-05	1
8	rs34512875	146153468	1	-3.671414e-04	-9.075895e-06	1
8	rs34577979	146169938	0	-1.379329e-04	-3.395218e-06	1
8	rs34587618	146238388	0	3.190194e-04	7.928863e-06	1
8	rs34674752	145154222	0	-5.235587e-04	-1.365189e-05	1
8	rs34753358	144946345	0	7.738162e-04	1.907710e-05	1
8	rs34803322	144996111	0	2.285988e-04	5.870298e-06	1
8	rs35096637	146256297	0	1.281308e-04	3.147903e-06	1
8	rs35100730	144949077	0	1.181121e-04	2.968025e-06	1
8	rs35134741	144993003	0	-9.901706e-05	-2.574446e-06	1
8	rs35139934	144995964	0	4.620890e-05	1.184360e-06	1
8	rs35221054	144944161	0	9.602305e-04	2.405909e-05	1
8	rs35253356	145519034	0	5.620533e-04	1.382560e-05	1
8	rs35261863	144993931	0	-4.645571e-04	-1.217754e-05	1
8	rs35298220	146008536	0	-2.221208e-04	-5.379728e-06	1
8	rs35351724	145153195	0	1.175431e-04	2.992398e-06	1
8	rs35412369	145647795	0	-4.851704e-04	-1.179842e-05	1
8	rs35440532	145736324	0	-2.680136e-04	-6.948080e-06	1
8	rs35571769	145979138	0	4.149438e-04	1.070721e-05	1
8	rs35623186	146172877	0	-4.410404e-04	-1.095604e-05	1
8	rs35635164	145957924	0	-2.707543e-04	-6.917995e-06	1
8	rs35663774	146289882	0	-3.730649e-04	-9.020531e-06	1
8	rs35723243	144995939	0	-2.104378e-04	-5.459705e-06	1
8	rs35733985	145251188	0	4.421209e-04	1.138717e-05	1
8	rs35756786	146245372	0	2.986263e-04	7.401116e-06	1
8	rs35817095	145600697	0	4.269036e-04	1.038555e-05	1
8	rs35847380	145603870	0	4.852848e-04	1.239572e-05	1
8	rs35858667	144994888	0	-1.213064e-04	-3.109415e-06	1
8	rs35867396	146246384	0	2.169816e-04	5.338376e-06	1
8	rs35883359	146067125	0	-5.085036e-04	-1.333336e-05	1
8	rs35891162	145993913	0	1.838214e-05	4.618882e-07	1
8	rs35916068	144999684	0	8.990385e-05	2.166281e-06	1
8	rs36040356	145962034	0	-2.623843e-04	-6.794985e-06	1
8	rs368376658	145828010	2	2.530825e-05	6.487359e-07	1
8	rs368846105	145827610	0	3.467499e-05	9.005655e-07	1
8	rs369372480	145827576	0	4.276134e-05	1.108997e-06	1
8	rs369391195	145783979	14	-9.023128e-05	-2.317969e-06	1
8	rs371400891	145787304	1	-1.625718e-05	-4.218423e-07	1
8	rs371476829	145828188	1	1.239061e-04	3.213429e-06	1
8	rs3735785	146171437	0	-1.266103e-04	-3.113697e-06	1
8	rs3735787	146157339	0	-2.869848e-04	-7.080809e-06	1
8	rs3735789	146156247	0	4.671939e-05	1.137838e-06	1
8	rs3735840	145653006	0	-5.386321e-04	-1.313559e-05	1
8	rs3757966	145744618	0	5.748055e-04	1.408833e-05	1
8	rs3757970	145546036	0	-3.897929e-04	-9.549238e-06	1
8	rs3757971	145545949	0	-3.599580e-04	-8.813649e-06	1
8	rs3757972	145545920	0	-3.657016e-04	-8.968072e-06	1
8	rs3757973	145545749	0	-4.136236e-04	-1.015773e-05	1
8	rs3757974	145545546	0	-5.547196e-04	-1.368678e-05	1
8	rs377716735	146300855	1	4.021544e-04	1.040190e-05	1
8	rs3808374	146018780	0	1.286701e-04	3.123368e-06	1
8	rs3816732	145724275	0	6.152364e-04	1.511864e-05	1
8	rs3817681	145582839	0	7.876359e-04	1.954683e-05	1
8	rs3824109	146171748	0	-2.831248e-04	-6.960515e-06	1
8	rs3824110	146171285	0	-4.932876e-05	-1.210814e-06	1
8	rs3853557	146073373	0	1.729902e-04	4.193842e-06	1
8	rs3855830	146193791	0	1.780275e-04	4.436713e-06	1
8	rs3862193	145654794	0	-3.533895e-04	-8.540791e-06	1
8	rs3866994	146080023	0	1.715918e-04	4.159340e-06	1
8	rs3866995	146082167	0	1.834759e-04	4.447159e-06	1
8	rs3866997	146202386	0	2.403506e-04	5.999579e-06	1
8	rs3866998	146202422	0	2.403506e-04	5.999578e-06	1
8	rs3879821	146149387	0	-7.757078e-04	-1.952618e-05	1
8	rs3879822	146149476	0	-1.951590e-04	-4.804189e-06	1
8	rs3879823	146149777	0	4.768818e-05	1.220459e-06	1
8	rs3882690	146043462	0	5.673502e-05	1.365700e-06	1
8	rs3890400	145544720	0	-4.136236e-04	-1.015772e-05	1
8	rs3891053	146147526	0	-4.235514e-04	-1.049689e-05	1
8	rs3896374	146152184	0	-7.366577e-04	-1.850358e-05	1
8	rs3899731	146189257	0	2.164813e-04	5.401638e-06	1
8	rs3902703	146188652	0	2.164813e-04	5.401638e-06	1
8	rs3902704	146188333	0	7.915252e-05	1.982174e-06	1
8	rs3935209	145113241	0	1.093378e-04	2.727017e-06	1
8	rs3936211	145061624	0	2.582175e-04	6.252959e-06	1
8	rs4073081	145013893	0	3.624819e-04	8.885624e-06	1
8	rs4073082	145013949	0	3.906378e-04	9.586653e-06	1
8	rs4073455	144978607	0	1.696052e-04	4.072098e-06	1
8	rs4082352	145655622	0	-3.533895e-04	-8.540787e-06	1
8	rs4082353	145655572	0	-1.978534e-04	-4.768927e-06	1
8	rs41286689	145834127	0	1.548342e-04	4.014913e-06	1
8	rs4244610	145737514	0	5.230344e-04	1.280388e-05	1
8	rs4244611	145739924	0	5.748055e-04	1.408832e-05	1
8	rs4246834	145516593	0	6.982301e-04	1.732785e-05	1
8	rs4251689	145741130	0	6.414869e-04	1.579225e-05	1
8	rs4251691	145737816	0	6.809951e-04	1.682398e-05	1
8	rs4255175	146252248	0	-7.357121e-05	-1.836910e-06	1
8	rs4256628	145531837	0	-1.030115e-04	-2.602910e-06	1
8	rs4265220	145508000	0	7.432949e-04	1.852871e-05	1
8	rs4281150	146259641	0	3.471516e-04	8.622908e-06	1
8	rs4302882	146221893	0	2.711770e-04	6.759819e-06	1
8	rs4313195	145586285	0	8.278955e-04	2.049901e-05	1
8	rs4317614	145623963	0	4.383292e-04	1.066708e-05	1
8	rs4322043	146235459	0	1.413880e-05	3.317299e-07	1
8	rs4344117	145977731	0	3.303168e-04	8.033482e-06	1
8	rs4380978	145599466	0	9.669925e-04	2.432456e-05	1
8	rs4388489	146244860	0	1.617973e-04	4.074363e-06	1
8	rs4389983	146252068	0	5.630807e-05	1.428709e-06	1
8	rs4391476	146180233	0	-5.333570e-04	-1.397963e-05	1
8	rs4407919	145599396	0	2.085583e-04	5.357626e-06	1
8	rs4410945	146248694	0	2.813306e-04	7.291868e-06	1
8	rs4416862	146186180	0	2.164813e-04	5.401636e-06	1
8	rs4419848	146240714	0	2.986263e-04	7.401116e-06	1
8	rs4489360	146220446	0	2.711770e-04	6.759816e-06	1
8	rs4557742	145508113	0	7.811990e-04	1.944381e-05	1
8	rs45622546	145733811	0	-1.301952e-04	-3.350203e-06	1
8	rs4565497	146209644	0	3.315008e-04	8.365946e-06	1
8	rs4574885	146206884	0	-3.241478e-04	-8.214799e-06	1
8	rs4588895	146216196	0	2.711770e-04	6.759815e-06	1
8	rs4610795	145881333	0	-7.132338e-05	-1.691660e-06	1
8	rs4628292	146251362	0	5.630807e-05	1.428707e-06	1
8	rs4637890	146012260	0	1.442145e-04	3.500366e-06	1
8	rs4925809	145686313	0	8.446166e-04	2.104880e-05	1
8	rs4925810	145705213	0	7.410755e-04	1.903187e-05	1
8	rs4925811	145802447	0	5.013003e-04	1.218365e-05	1
8	rs4925812	145808035	0	4.590890e-04	1.112266e-05	1
8	rs4925813	145856021	0	-4.248670e-04	-1.035251e-05	1
8	rs4925822	145666664	0	-1.043995e-04	-2.557903e-06	1
8	rs4925825	145702772	0	4.200777e-04	1.021354e-05	1
8	rs4925826	145706276	0	7.598746e-04	1.896500e-05	1
8	rs4925833	145778918	0	-7.111803e-05	-1.838805e-06	1
8	rs4925848	146145702	0	-2.589051e-04	-6.442687e-06	1
8	rs4977164	145144912	0	2.764716e-04	6.980302e-06	1
8	rs4977165	145139727	0	2.146297e-04	5.407714e-06	1
8	rs4977166	145055034	0	2.851244e-04	7.334360e-06	1
8	rs4977169	144957437	0	3.632048e-04	9.175817e-06	1
8	rs4977181	144985778	0	2.276466e-04	5.850614e-06	1
8	rs4977182	144985696	0	2.276466e-04	5.850613e-06	1
8	rs4977183	144985200	0	5.239459e-04	1.279005e-05	1
8	rs4977186	144957016	0	2.788219e-04	7.016365e-06	1
8	rs4977187	144956938	0	3.632048e-04	9.175816e-06	1
8	rs4977188	144956464	0	8.906283e-04	2.346246e-05	1
8	rs4977189	144956400	0	-1.189424e-04	-2.865989e-06	1
8	rs4977192	144940117	0	4.456782e-04	1.083286e-05	1
8	rs4977194	145167922	0	-2.251564e-04	-5.678494e-06	1
8	rs4977195	145163647	0	-2.833897e-04	-7.172404e-06	1
8	rs4977196	145163414	0	-3.440647e-04	-8.729159e-06	1
8	rs4977199	145508691	0	7.374992e-04	1.829345e-05	1
8	rs4977202	145513697	0	5.533495e-04	1.361130e-05	1
8	rs4977203	145513753	0	5.977304e-04	1.474466e-05	1
8	rs4977204	145517883	0	5.546326e-04	1.364303e-05	1
8	rs4977213	145507304	0	7.432949e-04	1.852869e-05	1
8	rs4977214	145507509	0	7.563064e-04	1.883463e-05	1
8	rs4977218	145511201	0	8.558813e-04	2.149930e-05	1
8	rs4977219	145516698	0	5.546326e-04	1.364302e-05	1
8	rs4992316	145639521	0	2.661429e-04	6.853531e-06	1
8	rs5029824	146044055	0	1.042903e-04	2.521914e-06	1
8	rs55645001	145240926	0	-4.842214e-04	-1.244793e-05	1
8	rs55646585	144999621	0	-3.684630e-05	-9.219840e-07	1
8	rs55750616	145141143	0	2.977624e-04	7.511615e-06	1
8	rs55754956	145023739	0	7.724250e-05	1.861873e-06	1
8	rs55771710	145502926	0	6.912267e-04	1.712568e-05	1
8	rs55776530	145733234	0	1.647164e-04	4.033937e-06	1
8	rs55786556	145027210	0	2.412089e-04	5.881385e-06	1
8	rs55788604	145167855	0	8.042977e-05	2.060602e-06	1
8	rs55812715	145001311	0	7.412048e-05	1.781146e-06	1
8	rs55831924	145031968	0	4.733807e-04	1.175921e-05	1
8	rs55836769	146162444	0	-9.207708e-06	-2.211070e-07	1
8	rs55836855	144999417	1	1.215423e-04	2.937916e-06	1
8	rs55853893	145069806	0	5.523691e-04	1.366847e-05	1
8	rs55895668	145001031	0	-5.426454e-05	-1.330578e-06	1
8	rs55907012	145542375	0	-1.947478e-04	-5.050547e-06	1
8	rs55916375	145112983	0	1.722532e-05	4.307723e-07	1
8	rs55951122	145826373	0	1.576049e-05	4.035352e-07	1
8	rs55955028	145706027	0	-3.159265e-04	-8.011213e-06	1
8	rs55962377	145541766	0	-1.036491e-04	-2.647826e-06	1
8	rs55984967	145001300	0	7.412048e-05	1.781134e-06	1
8	rs55997252	145145312	0	1.414616e-04	3.520763e-06	1
8	rs56034811	145010514	0	2.958378e-04	7.163724e-06	1
8	rs56088414	145862734	0	-1.017855e-04	-2.605658e-06	1
8	rs56089308	145260527	0	-5.671194e-04	-1.394455e-05	1
8	rs56117011	144999642	0	8.990385e-05	2.166236e-06	1
8	rs56118826	144944638	0	3.287947e-04	8.283980e-06	1
8	rs56127523	145069678	0	2.651626e-04	6.445251e-06	1
8	rs56138570	145142206	0	2.240767e-04	5.641313e-06	1
8	rs56143823	145611467	0	-4.001775e-04	-1.037267e-05	1
8	rs56180335	145542021	0	-3.514915e-05	-9.049857e-07	1
8	rs56207135	145070567	0	5.523691e-04	1.366845e-05	1
8	rs56219673	145173957	0	2.020929e-04	5.154035e-06	1
8	rs56227941	145964320	0	3.741966e-04	9.661616e-06	1
8	rs56233017	144981488	0	-5.590185e-04	-1.461524e-05	1
8	rs56251414	145587409	0	8.835702e-04	2.207313e-05	1
8	rs56261297	145066853	0	3.996685e-04	9.731907e-06	1
8	rs56334578	145020025	0	4.155658e-04	1.021624e-05	1
8	rs56384511	145718435	1	-3.812476e-04	-9.689452e-06	1
8	rs56401829	145000898	0	7.412048e-05	1.781116e-06	1
8	rs56410669	145173876	0	1.660720e-04	4.246991e-06	1
8	rs56845077	146043855	0	5.673502e-05	1.365677e-06	1
8	rs56899077	145996452	0	1.730710e-05	4.474166e-07	1
8	rs57045990	145076574	0	3.280479e-04	7.954651e-06	1
8	rs57327350	145125263	0	1.388271e-04	3.466708e-06	1
8	rs57369062	145802126	0	-5.242748e-05	-1.348022e-06	1
8	rs57722535	145995499	0	1.730710e-05	4.474165e-07	1
8	rs57857229	145830123	0	2.594321e-05	6.662122e-07	1
8	rs57957974	145076529	0	5.523691e-04	1.366844e-05	1
8	rs58179773	146163207	0	-3.129708e-04	-7.718705e-06	1
8	rs58298013	146009362	0	-4.200936e-04	-1.085152e-05	1
8	rs58342691	145276045	0	-6.934683e-04	-1.718986e-05	1
8	rs58404036	145069534	0	5.523691e-04	1.366844e-05	1
8	rs58577123	146207007	0	3.116588e-04	7.868369e-06	1
8	rs58579887	145028587	0	8.589627e-05	2.054831e-06	1
8	rs58626562	145502303	0	5.092792e-04	1.248859e-05	1
8	rs58813541	145171489	0	1.470043e-04	3.739553e-06	1
8	rs58903703	145803550	0	-9.472642e-06	-2.453030e-07	1
8	rs59075803	145995663	0	1.838214e-05	4.619224e-07	1
8	rs59095288	145119168	0	2.713993e-04	6.862764e-06	1
8	rs59163703	146010166	0	2.489112e-04	6.061672e-06	1
8	rs59265584	144950715	0	-1.916832e-04	-4.832299e-06	1
8	rs59406889	145803072	0	1.225422e-04	3.129799e-06	1
8	rs59464125	145857786	0	-6.494473e-05	-1.541040e-06	1
8	rs59678881	146161658	0	-2.804433e-04	-6.923474e-06	1
8	rs59710341	145503871	0	7.182280e-04	1.782534e-05	1
8	rs59806653	145805046	0	-9.472642e-06	-2.453038e-07	1
8	rs59934271	145785546	0	-9.612729e-05	-2.469245e-06	1
8	rs59976468	145170353	0	9.437273e-05	2.392699e-06	1
8	rs60010073	146012908	0	2.181819e-05	5.643055e-07	1
8	rs60044922	145071511	0	-3.139172e-04	-8.114100e-06	1
8	rs60050811	145086876	0	-2.243211e-04	-5.694164e-06	1
8	rs60361701	146206910	0	2.834484e-04	7.085867e-06	1
8	rs60394484	145124613	0	-5.235587e-04	-1.365191e-05	1
8	rs60563540	146164069	0	-2.883033e-04	-7.100593e-06	1
8	rs60965353	145176617	0	9.804773e-05	2.487205e-06	1
8	rs61156785	145082187	0	2.177673e-04	5.332538e-06	1
8	rs61545625	145073663	0	5.523691e-04	1.366843e-05	1
8	rs61673172	146043722	0	8.483047e-05	2.051853e-06	1
8	rs61732533	145108151	0	-5.532454e-04	-1.445242e-05	1
8	rs61732715	145948440	0	4.177865e-04	1.086992e-05	1
8	rs61734975	145830988	0	1.548342e-04	4.014912e-06	1
8	rs61746974	145580535	0	3.237500e-04	8.322608e-06	1
8	rs62522526	144952253	0	6.289663e-04	1.642383e-05	1
8	rs62522527	144952259	0	6.289663e-04	1.642383e-05	1
8	rs62522555	145002431	0	7.412048e-05	1.781100e-06	1
8	rs62522556	145005450	2	3.368803e-04	8.621576e-06	1
8	rs62523994	145026582	0	-8.021595e-05	-1.983186e-06	1
8	rs62529933	145883810	0	-2.006653e-04	-5.205470e-06	1
8	rs62530105	146280765	0	4.985608e-04	1.302914e-05	1
8	rs62530107	146294106	0	-1.739705e-04	-4.261129e-06	1
8	rs62530285	145054271	0	2.137753e-04	5.166872e-06	1
8	rs62530291	145056253	0	3.056057e-04	7.442332e-06	1
8	rs62530297	145075417	0	5.523691e-04	1.366842e-05	1
8	rs62530298	145075631	0	3.280479e-04	7.954620e-06	1
8	rs62530347	145239618	0	-3.520659e-04	-8.962768e-06	1
8	rs62530349	145240816	1	-5.279362e-04	-1.360075e-05	1
8	rs62530370	145545662	0	3.138040e-05	7.913212e-07	1
8	rs62530406	145610890	0	9.095193e-04	2.273378e-05	1
8	rs62530423	145674333	0	-4.918253e-04	-1.269864e-05	1
8	rs62531477	145990411	0	1.730710e-05	4.474164e-07	1
8	rs62531499	146013764	0	-5.227400e-05	-1.301435e-06	1
8	rs62531500	146018242	0	4.815933e-04	1.258935e-05	1
8	rs62531501	146019703	0	2.181819e-05	5.643055e-07	1
8	rs62531502	146022955	0	2.181819e-05	5.643055e-07	1
8	rs62531503	146024912	0	-6.132079e-05	-1.592967e-06	1
8	rs62531505	146032222	0	4.687914e-04	1.223331e-05	1
8	rs62531506	146032842	0	-5.227400e-05	-1.301434e-06	1
8	rs62531544	146135144	0	7.750305e-06	1.989522e-07	1
8	rs62531545	146136011	0	1.393390e-04	3.607198e-06	1
8	rs62531546	146139223	0	3.415966e-04	8.855896e-06	1
8	rs62531547	146140494	0	1.569875e-04	4.079761e-06	1
8	rs6420181	145081248	0	2.517161e-04	6.087816e-06	1
8	rs6420182	145216008	0	-2.963863e-04	-7.457981e-06	1
8	rs6558292	145114643	0	9.560800e-05	2.430274e-06	1
8	rs6558293	145118501	0	1.145505e-04	2.856930e-06	1
8	rs6558294	145118519	0	2.243807e-05	5.645348e-07	1
8	rs6558295	145139522	0	2.358964e-04	5.948457e-06	1
8	rs6558296	145143802	0	2.868929e-04	7.256755e-06	1
8	rs6558297	145143934	0	2.656261e-04	6.712948e-06	1
8	rs6558298	145156013	0	-3.263446e-04	-8.273418e-06	1
8	rs6558300	145168086	0	-5.941552e-05	-1.474096e-06	1
8	rs6558302	145175173	0	8.470749e-05	2.111582e-06	1
8	rs6558318	145245631	0	-3.468132e-04	-8.837443e-06	1
8	rs6558326	145279902	0	-5.847354e-04	-1.439800e-05	1
8	rs6558327	145280456	0	-4.625661e-04	-1.184105e-05	1
8	rs6558399	144942903	0	4.271387e-04	1.054528e-05	1
8	rs6558407	144995494	0	7.412048e-05	1.781086e-06	1
8	rs6599528	145603114	0	9.480761e-04	2.367594e-05	1
8	rs6599530	145677418	0	-7.151816e-04	-1.771294e-05	1
8	rs6599536	145933686	0	-9.530124e-04	-2.411528e-05	1
8	rs6599540	146007336	0	4.207690e-05	1.036117e-06	1
8	rs6599543	146142982	0	1.991829e-04	4.977573e-06	1
8	rs6599547	146178403	0	-5.960278e-05	-1.484949e-06	1
8	rs6599548	146218441	0	2.711770e-04	6.759811e-06	1
8	rs6599549	146218509	0	2.711770e-04	6.759810e-06	1
8	rs6599555	146269245	0	-1.281308e-04	-3.147898e-06	1
8	rs6599556	146269404	0	-8.443097e-05	-2.067159e-06	1
8	rs6599557	146276844	0	-4.124460e-04	-1.026893e-05	1
8	rs6599560	146285083	0	-6.087249e-04	-1.510195e-05	1
8	rs6599561	146287581	0	-3.860143e-04	-9.589865e-06	1
8	rs6599562	146287791	0	-3.198273e-04	-7.931510e-06	1
8	rs6599563	146288797	0	-4.847416e-04	-1.210708e-05	1
8	rs6599564	146290665	0	-3.190463e-04	-7.912608e-06	1
8	rs6599565	146291636	0	-1.556147e-04	-3.826426e-06	1
8	rs6599566	146293414	0	-4.045605e-04	-1.007946e-05	1
8	rs6599567	146294929	0	-3.627461e-04	-9.011186e-06	1
8	rs6599569	146295193	0	-1.704692e-04	-4.156890e-06	1
8	rs6599571	145550338	2	1.105867e-05	2.778577e-07	1
8	rs66506549	145267725	0	-5.513588e-04	-1.357561e-05	1
8	rs66716313	145995765	0	1.075040e-06	4.420736e-08	1
8	rs66797489	145635313	0	-1.305808e-04	-3.141047e-06	1
8	rs6685	145162372	0	1.201360e-04	3.063300e-06	1
8	rs67392224	145707044	0	-5.455723e-04	-1.339237e-05	1
8	rs67446140	145501921	0	5.520333e-04	1.354664e-05	1
8	rs67461514	146163935	0	-2.216166e-04	-5.456080e-06	1
8	rs67557810	145750550	0	-4.093479e-04	-1.044995e-05	1
8	rs67607986	145715450	0	-3.159265e-04	-8.011207e-06	1
8	rs67876041	145502004	0	3.881364e-04	9.439652e-06	1
8	rs67974605	145501949	0	4.152409e-04	1.011239e-05	1
8	rs6981035	145235278	0	3.148312e-04	8.049575e-06	1
8	rs6981529	145040567	0	3.996204e-04	9.810196e-06	1
8	rs6981609	146222424	0	2.711770e-04	6.759805e-06	1
8	rs6981680	146151479	0	-6.878598e-04	-1.721153e-05	1
8	rs6982281	146282880	0	-1.317454e-04	-3.241353e-06	1
8	rs6983607	146300622	0	-3.686433e-04	-9.174390e-06	1
8	rs6983908	145009593	0	2.958378e-04	7.163658e-06	1
8	rs6984764	145149860	0	-2.963399e-04	-7.489989e-06	1
8	rs6984820	144993324	0	7.564674e-05	1.819447e-06	1
8	rs6985003	145075703	0	5.523691e-04	1.366840e-05	1
8	rs6985347	146290448	0	3.033393e-04	7.735253e-06	1
8	rs6985603	145086428	0	3.280479e-04	7.954592e-06	1
8	rs6985623	145171859	0	7.099489e-05	1.798927e-06	1
8	rs6988119	145547716	0	1.094312e-04	2.763692e-06	1
8	rs6988451	145247168	0	-1.262035e-03	-3.297968e-05	1
8	rs6988767	145010305	0	8.099233e-05	1.945850e-06	1
8	rs6989119	145007947	0	4.732301e-04	1.164744e-05	1
8	rs6989368	145813457	0	5.204380e-04	1.271133e-05	1
8	rs6989371	145518415	0	5.546326e-04	1.364299e-05	1
8	rs6989543	145247204	0	1.856732e-04	4.767186e-06	1
8	rs6989611	146178851	0	-5.650181e-05	-1.408311e-06	1
8	rs6990354	145282578	0	1.465650e-04	3.543511e-06	1
8	rs6991364	145050345	0	1.803635e-04	4.358987e-06	1
8	rs6991681	146292734	0	-1.152224e-04	-2.806828e-06	1
8	rs6992333	144993377	0	-2.003597e-04	-4.848306e-06	1
8	rs6993022	145040108	0	4.742797e-04	1.170141e-05	1
8	rs6993407	146009176	0	-5.636406e-05	-1.346519e-06	1
8	rs6993649	145635534	0	1.566514e-04	3.821258e-06	1
8	rs6993939	146204980	0	1.283548e-04	3.197517e-06	1
8	rs6993953	145000321	0	7.412048e-05	1.781058e-06	1
8	rs6996077	145774287	0	4.297189e-07	9.043674e-09	1
8	rs6997734	145799409	0	-5.242748e-05	-1.348034e-06	1
8	rs7000180	145068062	0	5.576950e-04	1.379545e-05	1
8	rs7000385	146178749	0	-1.938305e-04	-4.848777e-06	1
8	rs7001174	145079301	0	3.280479e-04	7.954571e-06	1
8	rs7002002	144997927	0	7.412048e-05	1.781051e-06	1
8	rs7002152	145000056	0	7.412048e-05	1.781048e-06	1
8	rs7002475	146276473	0	-1.415864e-04	-3.481728e-06	1
8	rs7003580	145007534	0	2.538197e-04	6.137010e-06	1
8	rs7003836	145710048	0	-3.693999e-04	-8.990640e-06	1
8	rs7003860	145114924	0	1.348444e-04	3.393940e-06	1
8	rs7004029	145946037	0	7.310588e-04	1.815623e-05	1
8	rs7004186	145135727	0	1.412083e-04	3.554028e-06	1
8	rs7004276	145550680	0	5.435226e-05	1.371646e-06	1
8	rs7004501	146004111	0	1.838214e-05	4.619392e-07	1
8	rs7004804	145075813	0	3.280479e-04	7.954560e-06	1
8	rs7004867	145114844	0	-8.423167e-05	-2.159094e-06	1
8	rs7005245	146179536	0	-1.846524e-04	-4.633349e-06	1
8	rs7006228	146204951	0	1.236337e-04	3.068053e-06	1
8	rs7006570	146019224	0	1.772621e-04	4.296863e-06	1
8	rs7006770	145000602	0	7.412048e-05	1.781041e-06	1
8	rs7008265	146288066	0	-1.317454e-04	-3.241345e-06	1
8	rs7008775	144950720	0	9.747254e-05	2.432926e-06	1
8	rs7009067	145799450	0	-5.242748e-05	-1.348036e-06	1
8	rs7010330	145036615	0	1.954017e-04	4.753485e-06	1
8	rs7010466	146276851	0	-2.977224e-04	-7.345060e-06	1
8	rs7010536	145611530	0	8.918424e-04	2.218481e-05	1
8	rs7011747	146146326	0	-3.848687e-04	-9.533383e-06	1
8	rs7012972	145854816	0	-2.148514e-04	-5.473212e-06	1
8	rs7013127	145557497	0	1.152143e-03	3.112382e-05	1
8	rs7013296	145854991	0	-1.706297e-04	-4.366462e-06	1
8	rs7013919	145855370	0	-1.706297e-04	-4.366462e-06	1
8	rs7013938	145050336	0	2.579407e-04	6.253097e-06	1
8	rs7014426	145709990	0	-7.368910e-04	-1.830111e-05	1
8	rs7014684	145587615	0	8.372974e-04	2.084966e-05	1
8	rs7014728	146281806	0	-1.317454e-04	-3.241342e-06	1
8	rs7014773	145972670	0	3.303168e-04	8.033465e-06	1
8	rs7015048	144984283	0	5.079686e-04	1.243611e-05	1
8	rs7015203	145976021	0	2.735890e-04	6.632553e-06	1
8	rs7015246	145227304	0	2.592274e-04	6.655076e-06	1
8	rs7015323	145255867	0	-4.327563e-04	-1.106684e-05	1
8	rs7015441	145227428	0	3.668263e-04	9.425572e-06	1
8	rs7015683	145611719	0	9.480761e-04	2.367592e-05	1
8	rs7015812	145079534	0	3.280479e-04	7.954546e-06	1
8	rs7015892	146058727	3	1.466595e-04	3.559831e-06	1
8	rs7016335	145574775	0	6.542376e-04	1.621350e-05	1
8	rs7016416	144997656	0	7.412048e-05	1.781032e-06	1
8	rs7016430	145990548	0	4.265871e-05	1.050850e-06	1
8	rs7016860	145000221	0	7.412048e-05	1.781029e-06	1
8	rs7017042	146078813	0	-5.277887e-04	-1.370432e-05	1
8	rs7017102	145118648	0	9.300266e-05	2.314338e-06	1
8	rs7017644	145000740	0	7.412048e-05	1.781026e-06	1
8	rs7017789	145000809	0	7.412048e-05	1.781023e-06	1
8	rs7018433	145240157	0	-4.226744e-04	-1.081054e-05	1
8	rs71520569	145586820	0	1.386674e-05	3.626908e-07	1
8	rs71520596	145997876	0	-2.465642e-04	-6.390207e-06	1
8	rs71520598	146061225	0	-2.239097e-04	-5.759802e-06	1
8	rs71520599	146065031	0	-1.930600e-04	-5.001964e-06	1
8	rs71522403	146136415	0	-1.995755e-04	-5.057759e-06	1
8	rs71522404	146142633	0	8.450729e-05	2.158048e-06	1
8	rs71522406	146172751	2	-1.139541e-04	-2.801776e-06	1
8	rs71522415	146259920	0	3.471516e-04	8.622876e-06	1
8	rs71522416	146267525	0	2.134555e-05	5.079672e-07	1
8	rs72499143	146202846	0	-4.629595e-06	-1.224033e-07	1
8	rs72693377	144966481	0	-3.224896e-04	-8.368492e-06	1
8	rs72693382	144973617	0	-2.842124e-04	-7.164827e-06	1
8	rs72693398	145002536	1	1.383360e-04	3.350524e-06	1
8	rs72695404	145032631	0	-4.600637e-04	-1.195903e-05	1
8	rs72695409	145039400	0	2.498287e-04	6.106281e-06	1
8	rs72695429	145121656	0	-1.544462e-04	-3.989299e-06	1
8	rs72695434	145163621	0	2.684024e-04	6.944477e-06	1
8	rs72695446	145221082	0	2.872888e-04	7.428788e-06	1
8	rs72695449	145226777	0	7.912211e-06	2.038274e-07	1
8	rs72695465	145258842	0	-5.163476e-05	-1.339438e-06	1
8	rs72695481	145276643	0	-5.163476e-05	-1.339438e-06	1
8	rs72695492	145507243	0	-9.798857e-05	-2.519534e-06	1
8	rs72695500	145584439	0	2.282807e-04	5.929267e-06	1
8	rs72697630	145678363	0	-2.722471e-04	-6.938272e-06	1
8	rs72697662	145822632	0	-5.638147e-04	-1.441570e-05	1
8	rs72697663	145823432	0	-3.758472e-05	-9.664437e-07	1
8	rs72697665	145835280	0	-9.404394e-05	-2.410266e-06	1
8	rs72697668	145848861	0	-8.439050e-05	-2.168429e-06	1
8	rs72697673	145881196	0	4.585300e-04	1.125087e-05	1
8	rs72697677	145906970	0	1.440484e-04	3.738718e-06	1
8	rs72697681	145931702	0	-1.011251e-04	-2.589412e-06	1
8	rs72697688	145970655	0	-1.452747e-04	-3.722128e-06	1
8	rs72697696	145981450	0	-3.761927e-04	-9.795848e-06	1
8	rs72699306	146003327	0	1.045553e-04	2.688387e-06	1
8	rs72699315	146080120	0	-3.389860e-04	-8.671112e-06	1
8	rs72699321	146135554	0	-6.385016e-04	-1.660743e-05	1
8	rs72699337	146161620	0	-8.096720e-04	-2.127366e-05	1
8	rs72699339	146194914	0	-6.861704e-04	-1.787648e-05	1
8	rs73366521	145228390	0	3.362168e-04	8.617126e-06	1
8	rs73366541	145238696	0	3.454406e-04	8.854015e-06	1
8	rs73374024	145510538	0	-1.504608e-04	-3.759567e-06	1
8	rs73374055	145609072	0	4.463013e-04	1.138994e-05	1
8	rs73379115	145087493	0	-2.243211e-04	-5.694192e-06	1
8	rs73379119	145090600	0	-5.263902e-04	-1.367770e-05	1
8	rs73379171	145122124	0	-2.306015e-05	-5.971963e-07	1
8	rs73379179	145128458	0	2.883153e-04	7.278707e-06	1
8	rs73379180	145130813	0	5.036123e-05	1.272446e-06	1
8	rs73381267	146186668	0	2.164813e-04	5.401617e-06	1
8	rs73381294	146195161	0	-1.486081e-05	-3.832973e-07	1
8	rs73381299	146204204	0	2.064259e-04	5.153499e-06	1
8	rs73381329	145172807	0	4.915251e-06	1.117120e-07	1
8	rs73381332	145173194	0	4.893344e-07	1.103722e-09	1
8	rs73381345	145178033	0	9.804773e-05	2.487172e-06	1
8	rs73381347	145179162	0	4.893344e-07	1.102499e-09	1
8	rs73381354	145181006	4	2.070982e-05	5.215884e-07	1
8	rs73381355	145181017	2	2.242883e-05	5.656207e-07	1
8	rs73381360	145183257	0	2.198941e-04	5.587025e-06	1
8	rs73383005	146205474	0	2.761850e-04	6.902645e-06	1
8	rs73383007	146206156	0	2.586681e-04	6.460546e-06	1
8	rs73383032	146215819	0	2.711770e-04	6.759794e-06	1
8	rs73383036	146215933	0	2.711770e-04	6.759793e-06	1
8	rs7341562	145654230	0	-4.231628e-04	-1.026847e-05	1
8	rs7357417	145035342	0	2.829874e-04	6.899904e-06	1
8	rs73715518	144952041	0	-3.995269e-04	-1.015691e-05	1
8	rs73716321	146233400	0	7.528645e-05	1.917528e-06	1
8	rs7386314	146273427	0	-1.415864e-04	-3.481714e-06	1
8	rs7387320	145252864	1	-3.378888e-04	-8.595147e-06	1
8	rs7387563	145589498	0	8.131459e-04	2.021519e-05	1
8	rs7387910	145716846	0	7.305376e-04	1.813379e-05	1
8	rs7388055	146295666	0	-3.944660e-04	-9.825292e-06	1
8	rs7388065	146295830	0	-4.120458e-04	-1.006788e-05	1
8	rs7388218	146269397	0	-8.443097e-05	-2.067117e-06	1
8	rs7388267	146272426	0	-1.415864e-04	-3.481708e-06	1
8	rs741969	145668042	0	-3.292972e-04	-7.965185e-06	1
8	rs74345248	145268009	0	-6.310950e-05	-1.639417e-06	1
8	rs74366612	146298840	0	-2.861427e-04	-7.099410e-06	1
8	rs74368091	146284229	0	-2.017390e-04	-5.215759e-06	1
8	rs74501046	146282221	0	-2.017390e-04	-5.215759e-06	1
8	rs74535141	145180251	0	5.845559e-05	1.478930e-06	1
8	rs74593295	145058352	0	-2.339700e-04	-6.065268e-06	1
8	rs7459603	145070403	0	2.665610e-04	6.480438e-06	1
8	rs7459900	145235880	0	-1.456782e-04	-3.784066e-06	1
8	rs7460425	145594354	0	8.651833e-04	2.148607e-05	1
8	rs7460637	145259263	0	-4.625661e-04	-1.184103e-05	1
8	rs7461665	145218266	0	-2.963863e-04	-7.457938e-06	1
8	rs7461819	145276565	0	-4.625661e-04	-1.184102e-05	1
8	rs7462044	146268421	0	-1.281308e-04	-3.147847e-06	1
8	rs7462197	145021428	0	3.484314e-04	8.530468e-06	1
8	rs74622951	146234230	0	3.292127e-04	8.542212e-06	1
8	rs7462303	146275966	0	-3.791578e-04	-9.416868e-06	1
8	rs7462703	145152452	0	-2.833897e-04	-7.172342e-06	1
8	rs7463242	145259037	0	7.260774e-06	1.922364e-07	1
8	rs7463897	145020857	0	4.155658e-04	1.021612e-05	1
8	rs7464860	145274245	0	5.298688e-05	1.291540e-06	1
8	rs7465260	145124793	0	3.110801e-04	7.856167e-06	1
8	rs7465632	146285198	0	-3.944660e-04	-9.825280e-06	1
8	rs74675210	146288992	0	-1.705745e-04	-4.403716e-06	1
8	rs74735293	145864220	0	-1.801526e-04	-4.678281e-06	1
8	rs74772299	144997783	0	2.681163e-04	6.920379e-06	1
8	rs74795902	145093064	0	5.763608e-05	1.452943e-06	1
8	rs74815103	146044655	0	-1.559948e-04	-4.026356e-06	1
8	rs748193	145682115	0	7.023251e-04	1.733550e-05	1
8	rs748195	145682514	0	7.023251e-04	1.733549e-05	1
8	rs74864689	146070773	0	-3.774783e-04	-9.827112e-06	1
8	rs74958403	145856744	0	-1.706297e-04	-4.366462e-06	1
8	rs750472	145701453	0	-4.952504e-04	-1.211767e-05	1
8	rs75138349	145064967	0	-2.989574e-04	-7.759726e-06	1
8	rs75209995	146235556	0	-1.611218e-04	-4.150977e-06	1
8	rs75215366	146292681	0	2.459788e-04	6.265216e-06	1
8	rs75217122	145069561	0	1.913485e-04	4.893547e-06	1
8	rs75361772	145159304	0	1.201360e-04	3.063279e-06	1
8	rs75364074	146262001	0	-1.705745e-04	-4.403716e-06	1
8	rs75412476	146091735	0	-1.836730e-04	-4.753158e-06	1
8	rs75586449	144998514	0	2.681163e-04	6.920378e-06	1
8	rs75602144	145884985	0	-1.801526e-04	-4.678280e-06	1
8	rs75674422	145596535	2	1.229040e-03	3.159815e-05	1
8	rs75855435	144960487	0	-3.042661e-04	-7.716015e-06	1
8	rs75879763	146232475	0	-1.545719e-04	-3.991842e-06	1
8	rs75927119	146260273	0	3.471516e-04	8.622858e-06	1
8	rs75940910	146264119	0	2.376652e-04	6.157761e-06	1
8	rs76153953	145041152	0	-1.112491e-04	-2.881259e-06	1
8	rs76181897	145067848	0	-2.937945e-04	-7.592361e-06	1
8	rs76234559	145132389	0	1.201360e-04	3.063278e-06	1
8	rs76250188	145906953	0	-2.006653e-04	-5.205468e-06	1
8	rs76258117	146075246	0	-4.090079e-04	-1.064943e-05	1
8	rs76497352	144989293	0	-1.818342e-04	-4.622745e-06	1
8	rs76729283	144954386	0	-2.701500e-04	-6.834419e-06	1
8	rs76803427	146230124	0	-5.299074e-05	-1.367118e-06	1
8	rs76806097	145057852	0	-2.339700e-04	-6.065269e-06	1
8	rs76892209	146279735	0	-9.382881e-05	-2.422833e-06	1
8	rs76931236	146208541	0	-5.299074e-05	-1.367118e-06	1
8	rs77005838	146279021	0	-2.017390e-04	-5.215760e-06	1
8	rs77075889	146286890	0	-3.422361e-05	-8.846197e-07	1
8	rs77294245	146224874	0	-5.299074e-05	-1.367118e-06	1
8	rs77301171	146227597	0	1.945217e-05	5.032740e-07	1
8	rs77308683	146228779	0	4.688637e-05	1.181990e-06	1
8	rs77445084	145042336	0	-1.062315e-04	-2.749026e-06	1
8	rs77455695	145835688	0	-1.442803e-04	-3.721911e-06	1
8	rs77736804	145180341	0	1.987388e-04	5.069937e-06	1
8	rs77912488	145118924	0	-2.150068e-04	-5.574609e-06	1
8	rs7812366	146136991	0	2.529925e-04	6.562034e-06	1
8	rs7812603	146039038	0	2.456228e-04	5.968532e-06	1
8	rs7814279	145530644	0	3.901744e-04	9.515700e-06	1
8	rs7814545	145610618	0	9.180044e-04	2.286680e-05	1
8	rs7814644	146297924	0	-3.185375e-04	-7.870533e-06	1
8	rs7814913	145176423	0	4.893344e-07	1.090667e-09	1
8	rs7815568	146177719	0	-9.749715e-05	-2.439246e-06	1
8	rs7816361	145504690	0	7.705560e-04	1.920110e-05	1
8	rs7817276	146200945	0	2.006069e-04	5.038104e-06	1
8	rs7817670	146226133	0	8.940982e-05	2.188286e-06	1
8	rs7817915	146273722	0	-1.415864e-04	-3.481696e-06	1
8	rs7818047	145509617	0	7.374992e-04	1.829338e-05	1
8	rs7818466	146164399	0	-2.216166e-04	-5.456095e-06	1
8	rs7819099	144992862	0	-8.448675e-05	-2.066332e-06	1
8	rs7820104	146148768	0	-1.085513e-04	-2.708018e-06	1
8	rs78202287	144960303	0	-3.432093e-04	-8.955495e-06	1
8	rs7820380	146023839	0	3.166539e-04	7.733128e-06	1
8	rs78204222	146297017	0	9.303625e-05	2.355152e-06	1
8	rs7820500	145144281	0	1.414616e-04	3.520692e-06	1
8	rs7820960	146294963	0	-1.081460e-04	-2.628866e-06	1
8	rs7821112	145147169	0	-2.868929e-04	-7.256706e-06	1
8	rs7821552	146298011	0	-3.686433e-04	-9.174358e-06	1
8	rs7821668	146298055	0	-3.686433e-04	-9.174356e-06	1
8	rs7821781	145179003	0	9.804773e-05	2.487161e-06	1
8	rs7822097	146158754	0	4.207157e-04	1.083674e-05	1
8	rs7822232	145145687	0	2.764716e-04	6.980225e-06	1
8	rs7822726	146274708	0	-1.415864e-04	-3.481689e-06	1
8	rs7823319	145117901	0	-4.733672e-05	-1.216014e-06	1
8	rs7824142	146174584	0	-3.974271e-04	-1.029255e-05	1
8	rs7824213	146192754	0	2.164813e-04	5.401602e-06	1
8	rs78242803	146080324	0	-4.367785e-04	-1.141991e-05	1
8	rs7824777	146215375	0	3.440267e-04	8.644811e-06	1
8	rs7825459	146297712	0	-6.109493e-04	-1.549466e-05	1
8	rs7826878	145180067	0	-2.864801e-06	-8.238953e-08	1
8	rs7827865	145567056	0	7.942435e-04	2.078832e-05	1
8	rs7828303	145509128	0	7.432949e-04	1.852864e-05	1
8	rs78285683	146218279	0	-5.299074e-05	-1.367121e-06	1
8	rs7829343	145074681	0	3.280479e-04	7.954502e-06	1
8	rs7829844	145171677	0	-7.090596e-05	-1.763025e-06	1
8	rs7829963	146011343	0	-3.878491e-05	-9.531421e-07	1
8	rs7830598	145180327	0	-2.864801e-06	-8.239246e-08	1
8	rs7830832	145661675	0	1.781907e-04	4.285544e-06	1
8	rs7831354	146299377	0	1.711006e-04	4.352716e-06	1
8	rs7832026	146229532	0	3.797179e-04	9.593607e-06	1
8	rs78324912	146226476	0	-3.955645e-05	-1.028280e-06	1
8	rs7832643	145022657	0	2.218669e-04	5.357695e-06	1
8	rs7832646	145074452	0	2.422287e-04	5.851844e-06	1
8	rs7833325	146010776	0	2.489112e-04	6.061657e-06	1
8	rs7833780	146011111	0	2.489112e-04	6.061655e-06	1
8	rs7833924	144996029	0	-8.129103e-05	-1.981981e-06	1
8	rs7835097	146269470	0	-8.443097e-05	-2.067092e-06	1
8	rs7836836	145168824	0	-2.251564e-04	-5.678415e-06	1
8	rs7836908	146264084	0	8.443097e-05	2.067090e-06	1
8	rs7837362	144958547	0	-3.887129e-04	-9.847196e-06	1
8	rs7837375	145178875	0	9.804773e-05	2.487154e-06	1
8	rs7837966	145260067	0	4.413212e-04	1.134609e-05	1
8	rs7838324	146001565	0	1.966833e-04	4.750512e-06	1
8	rs7838766	145586771	0	7.782446e-04	1.930184e-05	1
8	rs7838846	145982179	0	-2.057451e-04	-4.982736e-06	1
8	rs7839286	146295931	0	6.653757e-05	1.681419e-06	1
8	rs7839569	146063854	0	-3.868365e-04	-1.000188e-05	1
8	rs7839934	144941181	0	-1.046795e-06	-3.501041e-08	1
8	rs7840395	144984956	0	5.239459e-04	1.278986e-05	1
8	rs7840439	145654101	0	-5.025520e-04	-1.221170e-05	1
8	rs7840534	146236052	0	1.413880e-05	3.316591e-07	1
8	rs7841208	145259839	0	4.719307e-04	1.216709e-05	1
8	rs7841281	146294934	0	-3.627461e-04	-9.011139e-06	1
8	rs7842602	145651888	0	-4.673506e-04	-1.136727e-05	1
8	rs7842771	145234508	0	-3.501877e-04	-8.927008e-06	1
8	rs7842964	146164290	0	-3.129708e-04	-7.718745e-06	1
8	rs7843242	145645112	0	-2.511729e-04	-6.071261e-06	1
8	rs7843675	145617910	0	2.836551e-04	7.202453e-06	1
8	rs7843810	146249819	0	-5.123077e-05	-1.321789e-06	1
8	rs7843998	145664949	0	-1.044588e-04	-2.491646e-06	1
8	rs7844757	145175013	0	9.804773e-05	2.487153e-06	1
8	rs7845570	146300229	0	-3.358101e-04	-8.430052e-06	1
8	rs7846401	145176953	0	4.893344e-07	1.074241e-09	1
8	rs78487127	146284562	0	-1.705745e-04	-4.403720e-06	1
8	rs78555046	146260340	0	8.443097e-05	2.067085e-06	1
8	rs78624391	144967665	0	2.029071e-04	5.182357e-06	1
8	rs78630003	146080968	0	-3.882790e-04	-1.014072e-05	1
8	rs78731895	145035210	0	9.394476e-05	2.434793e-06	1
8	rs78795499	145053629	0	-2.339700e-04	-6.065271e-06	1
8	rs78809934	146155006	0	-1.504663e-05	-3.893951e-07	1
8	rs78824627	146241278	0	2.986263e-04	7.401039e-06	1
8	rs79007298	146062391	0	6.884222e-06	1.780420e-07	1
8	rs79131109	145783159	0	-9.612729e-05	-2.469273e-06	1
8	rs79136639	145855585	0	-1.706297e-04	-4.366467e-06	1
8	rs79139889	144966492	0	2.570415e-04	6.646402e-06	1
8	rs79191084	146235083	0	-4.225355e-04	-1.088381e-05	1
8	rs79395867	146256686	0	1.840780e-04	4.690268e-06	1
8	rs79400836	146216045	0	-5.299074e-05	-1.367123e-06	1
8	rs79459096	146241992	0	2.986263e-04	7.401038e-06	1
8	rs79565517	144972807	0	-4.552071e-04	-1.188028e-05	1
8	rs79577692	146124293	0	-2.648883e-04	-6.862934e-06	1
8	rs79615697	146225656	0	8.944398e-07	2.068734e-08	1
8	rs79635839	144977150	0	-1.028768e-04	-2.613643e-06	1
8	rs79637896	146296836	0	1.651045e-04	4.188251e-06	1
8	rs79645709	145790844	0	-4.780731e-04	-1.216388e-05	1
8	rs79720277	146176644	0	-1.541472e-04	-3.932274e-06	1
8	rs79747795	146080433	0	-7.016411e-04	-1.847555e-05	1
8	rs79806955	145179139	0	1.405211e-04	3.573387e-06	1
8	rs79832570	145097720	0	2.951588e-05	7.619748e-07	1
8	rs79860671	144941198	0	9.908625e-05	2.574129e-06	1
8	rs79908634	146278971	0	-1.705745e-04	-4.403721e-06	1
8	rs79965562	146090881	0	-4.367785e-04	-1.141991e-05	1
8	rs79978241	146219593	0	1.611980e-04	4.166400e-06	1
8	rs80005821	146227364	0	-1.545719e-04	-3.991846e-06	1
8	rs80141574	145855506	0	-2.173953e-04	-5.613002e-06	1
8	rs80233585	145688534	0	-4.195991e-04	-1.021041e-05	1
8	rs80304851	145058539	0	-2.185774e-04	-5.632406e-06	1
8	rs880701	145577824	0	6.608390e-04	1.624900e-05	1
8	rs880702	145577829	0	6.608390e-04	1.624899e-05	1
8	rs9004	146068322	0	3.768620e-04	9.230841e-06	1
8	rs9071	145750506	0	4.097117e-04	9.944314e-06	1
8	rs909245	146072760	0	1.090956e-04	2.638694e-06	1
8	rs909246	146073448	0	1.729902e-04	4.193767e-06	1
8	rs9100	145067467	0	3.567137e-04	8.665525e-06	1
8	rs9314420	144986108	0	2.498796e-04	6.019160e-06	1
8	rs9644667	146039178	0	-3.690132e-07	-1.988887e-08	1
8	rs9644668	146239140	0	5.006253e-05	1.269048e-06	1
8	rs9644669	146239745	0	4.615129e-04	1.127548e-05	1
8	rs9650466	145276232	0	4.596804e-05	1.122633e-06	1
8	rs9650467	145276592	0	5.298688e-05	1.291573e-06	1
8	rs9650609	145568267	0	2.337701e-04	6.006803e-06	1
8	rs9650612	146296404	0	3.764390e-04	9.801556e-06	1
8	rs9692932	146216936	0	1.763768e-04	4.386367e-06	1
8	rs9720889	145286483	0	6.091312e-04	1.501633e-05	1
8	rs9801844	146026949	0	-1.329976e-04	-3.390145e-06	1
8	rs997258	145903077	0	-3.143010e-04	-7.577854e-06	1
8	rs9987114	146005322	0	2.769567e-04	6.765261e-06	1
8	rs9987144	145503260	0	-3.888979e-04	-1.011087e-05	1
