chr	rs	ps	n_miss	b	beta	gamma
17	rs1006149	3945278	0	-1.489748e-04	-9.424698e-06	1
17	rs1006954	3947533	0	4.172261e-04	2.794788e-05	1
17	rs1023919	4484444	0	-1.713284e-03	-1.229405e-04	1
17	rs1038116	4476166	0	3.586679e-04	2.341175e-05	1
17	rs1038118	4475584	0	-5.046835e-04	-3.179697e-05	1
17	rs1038120	4475481	3	-6.330625e-04	-4.029381e-05	1
17	rs1038121	4475244	0	-4.173457e-04	-2.633923e-05	1
17	rs1038122	4474912	0	-4.498076e-04	-2.845073e-05	1
17	rs1043587	4067552	0	-3.807368e-04	-2.786212e-05	1
17	rs1043592	4067315	0	-6.194930e-04	-4.355409e-05	1
17	rs10438721	4363062	0	5.716262e-04	3.898302e-05	1
17	rs1045738	4172943	0	2.605259e-04	1.568781e-05	1
17	rs1045845	4441885	0	5.478599e-04	3.360461e-05	1
17	rs1049523	4060482	0	-7.762692e-04	-4.869001e-05	1
17	rs10521127	3978268	0	2.714309e-04	1.753801e-05	1
17	rs10521129	4008820	0	6.547831e-04	4.399607e-05	1
17	rs10521130	4110024	0	-5.263400e-04	-3.139905e-05	1
17	rs1052617	3909404	0	5.876025e-04	3.521928e-05	1
17	rs1076039	4525771	0	8.227534e-04	5.762379e-05	1
17	rs10775383	4075158	0	-4.890082e-04	-2.903548e-05	1
17	rs10852863	4453815	0	-8.467360e-04	-5.785737e-05	1
17	rs10852864	4479052	0	-4.536575e-04	-3.020218e-05	1
17	rs1105936	3910613	0	-8.825713e-05	-5.453482e-06	1
17	rs11078481	4027036	0	-6.417136e-04	-4.196157e-05	1
17	rs11078482	4028700	0	-6.417136e-04	-4.196156e-05	1
17	rs11078483	4049484	0	-1.735169e-04	-1.055572e-05	1
17	rs11078484	4055828	0	1.606793e-04	1.076609e-05	1
17	rs11078485	4141536	0	-3.529310e-04	-2.101520e-05	1
17	rs11078490	4154426	0	8.871815e-05	5.228226e-06	1
17	rs11078491	4156190	0	3.623646e-04	2.511614e-05	1
17	rs11078493	4182724	0	-1.266259e-04	-7.497751e-06	1
17	rs11078499	4273231	0	-9.828010e-04	-6.441452e-05	1
17	rs11078500	4275246	0	-1.036530e-03	-6.852427e-05	1
17	rs11078505	4315504	0	-1.107635e-04	-6.596506e-06	1
17	rs11078508	4334113	0	8.458031e-04	5.461922e-05	1
17	rs11078512	4398442	0	-3.547724e-04	-2.302485e-05	1
17	rs11078518	4479159	0	-1.507344e-03	-1.033184e-04	1
17	rs11078520	4485073	0	-2.252136e-03	-1.900714e-04	1
17	rs11078521	4493503	0	-2.127796e-03	-1.818739e-04	1
17	rs11078525	4533377	0	-5.249993e-04	-3.443662e-05	1
17	rs111227323	4021915	0	-4.510570e-04	-3.107745e-05	1
17	rs111473646	4296640	0	4.958746e-05	3.480250e-06	1
17	rs111597737	4433823	0	1.719588e-04	1.214083e-05	1
17	rs111645294	4300871	0	6.215821e-04	4.421037e-05	1
17	rs111668639	4551003	0	2.335326e-04	1.690573e-05	1
17	rs111734769	4476635	0	4.566115e-04	3.355213e-05	1
17	rs111812018	4311151	0	-2.416338e-04	-1.741249e-05	1
17	rs111838059	4021775	0	-4.510570e-04	-3.107744e-05	1
17	rs111903374	4300013	0	2.278174e-05	1.592124e-06	1
17	rs111932923	4031702	0	2.561419e-04	1.685883e-05	1
17	rs111970705	4559240	0	2.129205e-04	1.540356e-05	1
17	rs112035964	4384513	0	-2.005801e-04	-1.448595e-05	1
17	rs112042428	4148156	0	1.846790e-05	1.332464e-06	1
17	rs112117734	4031737	2	2.793298e-04	1.847693e-05	1
17	rs112169510	4076997	0	-2.462687e-05	-1.794469e-06	1
17	rs112273575	4063535	0	1.946241e-05	1.271509e-06	1
17	rs112325941	4310222	0	-9.050401e-04	-5.641203e-05	1
17	rs112404978	4097333	0	-6.243347e-06	-4.530461e-07	1
17	rs112542351	4114542	0	-1.061368e-04	-7.695975e-06	1
17	rs112550681	4381077	0	-2.759936e-04	-1.997241e-05	1
17	rs112593168	4328747	0	2.206688e-04	1.502264e-05	1
17	rs112663348	4062570	0	2.459562e-04	1.626157e-05	1
17	rs112693225	4324564	0	1.896580e-04	1.299803e-05	1
17	rs112702345	4311214	1	-2.355727e-04	-1.706014e-05	1
17	rs112766826	4030423	0	-5.162649e-04	-3.573751e-05	1
17	rs112799678	4324569	0	2.721895e-04	1.875172e-05	1
17	rs113053412	4502875	0	-1.791792e-04	-1.309645e-05	1
17	rs113165274	4312475	0	-2.430018e-04	-1.760388e-05	1
17	rs113369742	4023347	0	5.180844e-05	3.717813e-06	1
17	rs113547729	4024824	0	1.771049e-04	1.264071e-05	1
17	rs113565276	4328200	0	-2.969625e-04	-1.957154e-05	1
17	rs113615473	4381008	0	-3.976771e-04	-2.906296e-05	1
17	rs113672542	4031504	0	-3.241128e-04	-2.209975e-05	1
17	rs113705749	4009653	0	-5.176258e-05	-3.694899e-06	1
17	rs113709670	3888546	0	1.491005e-04	1.076167e-05	1
17	rs113757819	4423564	0	8.034333e-04	5.921019e-05	1
17	rs113872668	4372126	2	4.472726e-05	3.174922e-06	1
17	rs113872868	4125005	0	5.023822e-05	3.625734e-06	1
17	rs113943737	4470016	0	1.466486e-04	9.737641e-06	1
17	rs113955832	4555051	0	2.335326e-04	1.690573e-05	1
17	rs113979411	4298658	0	7.121816e-05	5.009581e-06	1
17	rs114022201	4345073	0	-5.805995e-04	-4.004543e-05	1
17	rs114238398	4071727	0	-7.071731e-04	-5.018110e-05	1
17	rs114267571	4347650	0	-6.903114e-04	-4.815188e-05	1
17	rs114488390	4345188	0	-5.805995e-04	-4.004543e-05	1
17	rs114582898	4046268	0	-1.042452e-03	-7.777802e-05	1
17	rs115347706	4324744	0	1.896580e-04	1.299803e-05	1
17	rs115570937	4550153	0	2.829713e-05	2.042210e-06	1
17	rs11568061	4546445	0	-5.571606e-04	-3.618918e-05	1
17	rs11568070	4545238	0	-6.078301e-06	-4.412741e-07	1
17	rs11568131	4534608	0	8.214176e-04	5.737532e-05	1
17	rs11568145	4540268	0	4.496087e-04	3.277750e-05	1
17	rs115923090	3906503	0	-4.741425e-04	-3.300205e-05	1
17	rs116058147	4325285	0	1.798243e-04	1.229863e-05	1
17	rs116168544	3875957	0	-4.786212e-04	-3.350032e-05	1
17	rs11649789	4415826	0	-2.447749e-04	-1.480843e-05	1
17	rs11649854	4158788	0	3.365485e-04	2.018969e-05	1
17	rs11649893	4449710	0	-9.413835e-04	-6.485380e-05	1
17	rs11649972	4063196	0	-6.895595e-04	-4.581412e-05	1
17	rs11650023	4012850	0	-5.616078e-04	-3.333262e-05	1
17	rs11650544	4398544	0	-2.288479e-04	-1.469918e-05	1
17	rs11650720	4127360	0	-5.427969e-04	-3.248222e-05	1
17	rs11650792	4136273	0	-3.529310e-04	-2.101516e-05	1
17	rs11651767	4073398	0	-1.326875e-03	-9.049161e-05	1
17	rs11652060	4010412	0	-5.616078e-04	-3.333258e-05	1
17	rs11652102	4426379	0	5.280865e-04	3.580372e-05	1
17	rs11652131	4328959	0	7.168998e-05	4.247513e-06	1
17	rs11652554	4338964	0	4.228096e-04	2.605529e-05	1
17	rs11652572	4052449	0	-2.129683e-04	-1.532810e-05	1
17	rs11652848	4421557	0	-6.331250e-06	-3.903554e-07	1
17	rs11652928	4150841	0	-3.541474e-04	-2.107134e-05	1
17	rs11653163	4025501	0	-5.249153e-04	-3.110505e-05	1
17	rs11653420	4370833	0	1.137049e-04	7.291111e-06	1
17	rs11654273	4179756	0	2.128262e-05	1.270454e-06	1
17	rs11654457	4488884	0	2.856607e-04	1.909381e-05	1
17	rs11654460	4488916	0	2.606520e-04	1.751445e-05	1
17	rs11654774	4252684	0	-2.529843e-04	-1.826169e-05	1
17	rs11655203	4559393	0	-4.868252e-04	-2.954313e-05	1
17	rs11655342	4356375	0	7.291914e-04	4.529038e-05	1
17	rs11656357	4532198	0	-7.384400e-05	-5.230846e-06	1
17	rs11656547	4417258	0	6.320075e-04	3.919089e-05	1
17	rs11656664	4202177	0	-1.421395e-04	-8.431724e-06	1
17	rs11656703	4329052	0	7.168998e-05	4.247515e-06	1
17	rs11656838	4417251	0	6.799600e-04	4.303305e-05	1
17	rs116568477	4549474	0	2.335326e-04	1.690573e-05	1
17	rs11657001	4028148	0	-6.417136e-04	-4.196146e-05	1
17	rs11657054	4463023	0	-8.806018e-04	-5.654935e-05	1
17	rs11657464	4400333	0	-8.234269e-04	-5.154526e-05	1
17	rs11657568	4335621	0	7.014391e-04	4.478976e-05	1
17	rs11657711	4463962	0	-1.073077e-03	-8.346646e-05	1
17	rs11657779	4335389	0	8.257791e-04	5.330715e-05	1
17	rs11657818	4335480	0	4.807703e-04	3.130695e-05	1
17	rs11657923	4418339	0	-5.327235e-05	-3.207357e-06	1
17	rs11658341	4037173	0	-5.567813e-04	-3.313164e-05	1
17	rs11658367	4138553	0	-3.541474e-04	-2.107130e-05	1
17	rs11658571	4552669	2	-7.286135e-05	-5.269624e-06	1
17	rs11658574	4309543	0	-1.571569e-03	-1.089854e-04	1
17	rs116848424	4320515	0	-6.349257e-05	-4.613587e-06	1
17	rs116924511	4285389	0	1.704399e-05	1.237163e-06	1
17	rs117002379	4309214	0	1.938767e-04	1.406927e-05	1
17	rs117012093	3964669	0	2.062376e-04	1.492969e-05	1
17	rs117056846	4419742	0	4.496667e-04	3.299819e-05	1
17	rs117069347	4416869	0	-3.687270e-04	-2.631533e-05	1
17	rs117070722	4375096	0	4.478351e-04	3.188546e-05	1
17	rs117071988	4502386	0	-3.520274e-04	-2.536781e-05	1
17	rs117086361	4325280	0	1.888870e-04	1.293345e-05	1
17	rs117128211	4458515	0	-2.189689e-04	-1.592484e-05	1
17	rs117177350	4355336	0	-3.421446e-04	-2.394896e-05	1
17	rs117269830	4289767	0	1.423625e-04	1.030227e-05	1
17	rs117317198	4523900	0	-3.446235e-04	-2.525982e-05	1
17	rs117435079	4343676	0	-4.872670e-04	-3.418502e-05	1
17	rs117442243	4421937	0	7.212568e-04	5.317581e-05	1
17	rs117449763	4011587	0	-4.767817e-05	-3.457527e-06	1
17	rs117465610	4355362	0	-3.421446e-04	-2.394896e-05	1
17	rs117501868	4069900	0	4.601192e-04	3.306176e-05	1
17	rs117516148	4078547	0	-6.041878e-04	-4.256108e-05	1
17	rs117535725	4342392	0	-1.371173e-04	-9.426666e-06	1
17	rs117538197	4507431	0	-1.030063e-04	-7.171885e-06	1
17	rs117634650	4216715	0	1.738177e-04	1.237313e-05	1
17	rs117693734	3903503	0	-4.744550e-04	-3.305360e-05	1
17	rs117695160	4217345	0	1.128054e-04	8.220355e-06	1
17	rs117737945	4356713	0	-3.421446e-04	-2.394896e-05	1
17	rs117738178	4020432	0	-6.393666e-05	-4.660876e-06	1
17	rs117750063	3964462	0	5.648539e-04	4.151255e-05	1
17	rs117770728	4332978	0	-1.697351e-04	-1.204539e-05	1
17	rs117810464	3954731	0	-6.329905e-04	-4.506829e-05	1
17	rs117847045	4325296	0	1.888870e-04	1.293345e-05	1
17	rs117892910	4459400	0	-1.878134e-04	-1.373339e-05	1
17	rs117931419	4312892	0	6.732974e-05	4.808012e-06	1
17	rs117974600	4347022	0	-4.503125e-05	-3.232729e-06	1
17	rs117989264	4101373	0	-1.982918e-04	-1.440966e-05	1
17	rs117992185	3888227	0	-5.229589e-04	-3.717880e-05	1
17	rs118017571	3921118	0	5.187348e-04	3.719858e-05	1
17	rs118022678	4246296	0	9.232478e-06	6.709612e-07	1
17	rs118050176	4309234	0	9.714167e-06	7.106112e-07	1
17	rs118055580	4343451	0	-1.370095e-04	-9.385785e-06	1
17	rs118102462	4379585	0	-2.257150e-04	-1.623786e-05	1
17	rs118107953	4425216	0	7.079255e-04	5.216277e-05	1
17	rs118109300	4419689	0	9.000776e-04	6.809907e-05	1
17	rs118135015	4038175	0	-7.710095e-04	-5.870027e-05	1
17	rs118154138	3918942	0	1.277385e-04	9.095847e-06	1
17	rs118180354	4305660	0	2.732295e-04	1.955748e-05	1
17	rs11867484	3905251	0	-1.699493e-04	-1.054203e-05	1
17	rs11868068	4185327	0	5.932259e-05	3.583001e-06	1
17	rs11868330	3922422	0	2.981747e-04	1.983663e-05	1
17	rs11868498	4213245	0	-2.207492e-04	-1.354630e-05	1
17	rs11868923	4032748	0	2.561419e-04	1.685877e-05	1
17	rs11870158	4233359	0	-2.015543e-04	-1.236308e-05	1
17	rs11870809	4128478	0	-3.540375e-04	-2.124992e-05	1
17	rs11870828	3872976	0	-1.750874e-04	-1.113294e-05	1
17	rs11871473	3871323	0	-2.015942e-04	-1.198953e-05	1
17	rs11871538	3946835	0	4.172261e-04	2.794779e-05	1
17	rs12103497	4415942	0	3.647726e-04	2.560167e-05	1
17	rs12103697	4498611	0	1.577884e-03	1.188620e-04	1
17	rs12103847	4405619	0	4.434076e-04	2.918671e-05	1
17	rs12150043	4532876	0	5.729974e-04	3.932806e-05	1
17	rs12150670	4494834	0	2.083755e-04	1.375596e-05	1
17	rs12449512	4324361	0	1.037390e-03	6.742776e-05	1
17	rs12449695	4495740	0	-2.028354e-03	-1.690794e-04	1
17	rs12450394	4216874	0	2.070740e-04	1.503374e-05	1
17	rs12450845	3972784	0	6.741857e-05	4.410087e-06	1
17	rs12450955	4077980	0	-4.180060e-04	-2.659591e-05	1
17	rs12451492	4105059	0	3.631539e-04	2.615685e-05	1
17	rs12452393	3985427	0	3.019088e-04	1.965698e-05	1
17	rs12452569	4023667	0	4.379804e-05	2.845001e-06	1
17	rs12453376	4032785	0	2.073145e-04	1.358652e-05	1
17	rs12453576	3881293	0	2.168403e-04	1.433653e-05	1
17	rs12453798	4017079	0	2.073145e-04	1.358652e-05	1
17	rs12453940	4235975	0	-1.176552e-04	-7.124808e-06	1
17	rs12600470	4191323	0	-2.538868e-04	-1.510259e-05	1
17	rs12600527	4214543	0	-2.990785e-04	-1.787948e-05	1
17	rs12600640	4398389	0	-5.836853e-04	-3.845436e-05	1
17	rs12600975	4177336	0	-1.103773e-04	-6.556006e-06	1
17	rs12601473	4326040	0	2.520558e-04	1.728707e-05	1
17	rs12601564	4470589	0	2.379400e-04	1.584725e-05	1
17	rs12601629	4150480	0	1.600475e-04	9.538233e-06	1
17	rs12601630	4335080	0	-3.822376e-05	-2.625587e-06	1
17	rs12601771	4108822	0	-4.027114e-04	-2.370233e-05	1
17	rs12601877	4388610	0	-2.455729e-04	-1.689584e-05	1
17	rs12601931	3986097	0	3.479053e-05	2.271225e-06	1
17	rs12601956	4312066	0	-4.918229e-04	-3.359061e-05	1
17	rs12601993	4151421	0	-4.482636e-04	-2.716617e-05	1
17	rs12602232	4394552	0	-3.656010e-04	-2.564693e-05	1
17	rs12602456	4273483	0	-2.524950e-04	-1.612000e-05	1
17	rs12602653	4336811	0	-3.822376e-05	-2.625586e-06	1
17	rs12602726	4499762	0	-6.382314e-04	-4.506493e-05	1
17	rs12602873	4333976	0	-3.822376e-05	-2.625586e-06	1
17	rs12602879	4133394	0	-6.546165e-04	-3.958227e-05	1
17	rs12603300	4508141	0	-5.527749e-04	-3.781186e-05	1
17	rs12603448	3949934	0	-2.183134e-04	-1.427376e-05	1
17	rs12603519	4458790	0	-2.665166e-04	-1.838607e-05	1
17	rs12603692	4213217	0	-1.421395e-04	-8.431668e-06	1
17	rs12603798	4501553	0	-6.591941e-04	-4.661410e-05	1
17	rs12709336	4145818	0	1.600475e-04	9.538220e-06	1
17	rs12709337	4203284	0	-3.993853e-04	-2.475056e-05	1
17	rs12935850	4056003	0	-7.983467e-04	-5.023043e-05	1
17	rs12936047	3870672	0	9.971438e-05	6.460647e-06	1
17	rs12936490	4129614	0	1.347891e-04	7.989259e-06	1
17	rs12937318	4212594	0	1.738930e-04	1.250158e-05	1
17	rs12937366	4301026	0	5.777801e-04	3.740631e-05	1
17	rs12937759	4245305	0	-2.128262e-05	-1.270527e-06	1
17	rs12938597	3961200	0	-3.817486e-05	-2.504540e-06	1
17	rs12938796	4044343	0	-5.176836e-05	-3.431527e-06	1
17	rs12939239	4498641	0	-3.838103e-04	-2.566191e-05	1
17	rs12939302	4131801	0	-4.606378e-04	-2.757298e-05	1
17	rs12939483	3903734	0	3.750601e-04	2.662902e-05	1
17	rs12939728	4035841	0	7.005475e-05	4.132266e-06	1
17	rs12939802	3933904	0	-2.183134e-04	-1.427377e-05	1
17	rs12940450	4063734	0	-1.564060e-04	-1.031041e-05	1
17	rs12940657	4492914	0	-3.105501e-04	-2.050287e-05	1
17	rs12940782	3992712	0	2.073145e-04	1.358649e-05	1
17	rs12941363	4065623	0	-8.983100e-05	-5.943256e-06	1
17	rs12941687	4298387	0	4.638832e-04	3.021705e-05	1
17	rs12941694	4560033	0	-7.664521e-04	-4.768282e-05	1
17	rs12942345	3951712	0	3.555353e-04	2.514251e-05	1
17	rs12942513	4016721	0	-2.932584e-05	-1.960231e-06	1
17	rs12942675	3952474	0	2.696737e-04	1.747963e-05	1
17	rs12942967	3921834	0	-1.173351e-04	-7.703809e-06	1
17	rs12943517	4083923	0	1.880159e-04	1.160011e-05	1
17	rs12944289	4254687	0	2.573534e-04	1.858452e-05	1
17	rs12944366	4298248	0	7.771552e-04	4.999584e-05	1
17	rs12944876	4145774	0	1.612640e-04	9.606092e-06	1
17	rs12945048	4159244	0	3.686217e-04	2.325012e-05	1
17	rs12945381	4064164	0	-8.727541e-04	-5.879184e-05	1
17	rs12945402	4214268	0	-2.207492e-04	-1.354636e-05	1
17	rs12945537	3895701	0	-1.744063e-04	-1.149402e-05	1
17	rs12945710	4316617	0	-6.136686e-05	-4.046161e-06	1
17	rs12945901	4300998	0	5.777801e-04	3.740628e-05	1
17	rs12946187	4301082	0	5.777801e-04	3.740628e-05	1
17	rs12947172	4035834	4	-6.694892e-04	-4.306282e-05	1
17	rs12947597	3999199	0	1.908494e-04	1.259857e-05	1
17	rs12948116	4117988	0	-2.740570e-04	-1.851638e-05	1
17	rs12948298	4092968	7	2.090921e-04	1.523609e-05	1
17	rs12948775	4094658	0	-4.689196e-04	-3.272557e-05	1
17	rs12950048	4215748	0	-2.404261e-04	-1.479219e-05	1
17	rs12950310	4001980	0	2.073145e-04	1.358647e-05	1
17	rs12950597	4329138	0	7.168998e-05	4.247536e-06	1
17	rs12950730	3994225	0	-2.932584e-05	-1.960241e-06	1
17	rs12951359	3921731	0	-1.173351e-04	-7.703816e-06	1
17	rs12951812	4362164	0	1.974882e-05	1.272811e-06	1
17	rs12952341	4385503	0	4.388830e-04	2.682474e-05	1
17	rs13341034	3926828	0	1.095252e-04	7.274056e-06	1
17	rs13341876	3950979	0	2.888538e-04	1.923561e-05	1
17	rs1351231	4433600	0	5.977870e-04	3.877995e-05	1
17	rs1377807	4045440	0	5.148204e-04	3.222248e-05	1
17	rs137947024	3943227	0	-2.747941e-04	-2.016842e-05	1
17	rs137993560	4372634	0	-2.509562e-04	-1.756959e-05	1
17	rs138187943	4040896	0	4.703632e-04	3.358575e-05	1
17	rs138317007	4522898	0	8.260541e-04	5.795476e-05	1
17	rs139138840	4346428	0	-5.805995e-04	-4.004543e-05	1
17	rs139309121	4325179	0	1.888870e-04	1.293345e-05	1
17	rs139772280	4026282	2	2.208548e-04	1.455000e-05	1
17	rs139950483	4249759	1	-1.044729e-03	-7.820240e-05	1
17	rs140394255	4327983	0	2.206688e-04	1.502262e-05	1
17	rs140668956	4056318	0	-5.974155e-04	-4.182905e-05	1
17	rs140697574	4327899	0	2.206688e-04	1.502262e-05	1
17	rs140745447	4000428	0	-6.432091e-04	-4.517682e-05	1
17	rs141174280	4203791	0	-6.232334e-05	-4.404943e-06	1
17	rs141182408	3875001	0	-6.384719e-04	-4.589025e-05	1
17	rs141604101	3893682	0	5.754935e-04	4.154223e-05	1
17	rs141662791	3869489	0	-1.432984e-04	-9.622791e-06	1
17	rs141674900	3896132	0	-8.472040e-05	-5.946676e-06	1
17	rs141879116	4055069	0	-3.869219e-04	-2.660437e-05	1
17	rs142244708	4346515	0	-5.805995e-04	-4.004543e-05	1
17	rs142355740	4374907	0	5.272181e-04	3.761189e-05	1
17	rs142409219	4444591	0	6.491271e-04	4.763041e-05	1
17	rs142930007	3918888	0	2.787190e-05	1.765390e-06	1
17	rs143216135	4272282	0	-7.863966e-04	-5.658832e-05	1
17	rs143308033	4444597	0	6.491271e-04	4.763041e-05	1
17	rs143466085	3942636	0	-5.662009e-04	-4.029802e-05	1
17	rs143666030	4345688	0	-5.805995e-04	-4.004543e-05	1
17	rs1437808	4175846	0	2.258174e-04	1.360634e-05	1
17	rs144162180	4564219	0	2.458317e-04	1.751310e-05	1
17	rs144660786	3869563	0	9.971438e-05	6.460656e-06	1
17	rs144714755	4326661	0	-2.736497e-04	-1.879410e-05	1
17	rs144792379	4327303	0	5.405874e-05	3.684852e-06	1
17	rs144892035	4425426	0	5.744971e-04	4.159716e-05	1
17	rs145046537	4337950	0	2.385792e-04	1.546078e-05	1
17	rs145245010	4004004	0	-7.080293e-04	-5.015438e-05	1
17	rs145394571	4550672	0	-6.346557e-04	-4.155132e-05	1
17	rs145594351	4563608	0	-3.573095e-04	-2.286870e-05	1
17	rs145641538	4338634	0	-2.868470e-04	-1.992721e-05	1
17	rs146117260	4049703	0	-6.194930e-04	-4.355404e-05	1
17	rs146456390	4031987	0	2.561419e-04	1.685872e-05	1
17	rs146466629	4093671	0	-1.558016e-04	-1.096088e-05	1
17	rs146782494	4420681	0	7.079255e-04	5.216277e-05	1
17	rs146946310	4050886	0	-6.041878e-04	-4.256103e-05	1
17	rs147280028	4327808	0	2.533883e-04	1.726004e-05	1
17	rs147646464	4402190	17	1.065112e-03	7.740896e-05	1
17	rs147962622	4425430	0	5.744971e-04	4.159716e-05	1
17	rs148362611	3939886	0	2.646938e-04	1.905184e-05	1
17	rs148547193	4425433	0	7.079255e-04	5.216277e-05	1
17	rs148922258	4371217	0	-2.509562e-04	-1.756960e-05	1
17	rs149206763	4522241	0	8.260541e-04	5.795477e-05	1
17	rs149391790	4327218	0	5.405874e-05	3.684848e-06	1
17	rs149445029	4372885	0	-2.509562e-04	-1.756960e-05	1
17	rs149449768	4324665	0	1.896580e-04	1.299802e-05	1
17	rs149490652	4138057	0	1.846790e-05	1.332445e-06	1
17	rs149761001	4347170	0	-6.903114e-04	-4.815189e-05	1
17	rs150105582	4345787	0	-5.805995e-04	-4.004544e-05	1
17	rs151273548	3898800	0	-6.359950e-04	-4.569619e-05	1
17	rs16942507	3876082	0	5.193692e-05	3.368626e-06	1
17	rs16942516	3879253	0	6.686751e-05	4.357116e-06	1
17	rs16942519	3879901	0	-9.119968e-05	-6.074837e-06	1
17	rs16942523	3880228	0	-3.678465e-05	-2.394108e-06	1
17	rs16942572	4351998	0	2.642672e-04	1.749910e-05	1
17	rs16953649	3928080	0	5.835550e-04	4.206691e-05	1
17	rs16953678	3961617	0	2.834418e-04	1.867980e-05	1
17	rs16953763	4071245	0	4.817802e-04	3.471990e-05	1
17	rs16953766	4072707	0	-2.462687e-05	-1.794481e-06	1
17	rs16953837	4153580	0	5.666096e-04	4.115872e-05	1
17	rs16953866	4182859	0	4.142835e-05	2.494268e-06	1
17	rs16953890	4207824	0	-5.611589e-04	-3.519617e-05	1
17	rs16953929	4347470	0	-6.903114e-04	-4.815190e-05	1
17	rs17175885	3916729	0	-6.200567e-04	-4.420907e-05	1
17	rs17175962	3936043	0	4.874627e-05	3.079635e-06	1
17	rs17175983	3938972	0	-1.115500e-04	-8.059713e-06	1
17	rs17176065	3961854	0	-1.134455e-04	-8.165289e-06	1
17	rs17176079	3973694	0	-6.329905e-04	-4.506825e-05	1
17	rs17176181	4007650	0	-4.510570e-04	-3.107738e-05	1
17	rs17176322	4056376	0	-5.486228e-04	-3.276000e-05	1
17	rs17176350	4061278	0	-6.194930e-04	-4.355402e-05	1
17	rs17223566	4327506	0	2.533883e-04	1.726003e-05	1
17	rs17710668	3880546	0	2.558991e-04	1.675030e-05	1
17	rs17763551	3882309	0	-5.249634e-05	-3.471683e-06	1
17	rs17763879	4007691	0	-4.510570e-04	-3.107737e-05	1
17	rs17764053	4083220	0	-6.194930e-04	-4.355401e-05	1
17	rs17764245	4213583	0	7.358143e-05	5.359233e-06	1
17	rs17764251	4214005	0	-5.570480e-04	-3.328914e-05	1
17	rs17764723	4531882	0	8.214176e-04	5.737534e-05	1
17	rs17823987	4564690	0	-2.152057e-04	-1.410856e-05	1
17	rs180904821	4254124	0	2.413180e-04	1.739297e-05	1
17	rs1821860	4134119	0	2.420560e-05	1.434149e-06	1
17	rs186103539	4337940	0	2.385792e-04	1.546079e-05	1
17	rs1866175	4205335	0	1.740322e-04	1.054995e-05	1
17	rs1866176	4205445	0	-1.421395e-04	-8.431608e-06	1
17	rs1871348	4458302	0	-1.307301e-03	-9.343937e-05	1
17	rs1878331	3914729	0	3.045057e-04	2.012683e-05	1
17	rs1878332	3904446	0	5.876025e-04	3.521899e-05	1
17	rs1904304	4538557	0	-4.817955e-04	-3.454483e-05	1
17	rs190834298	4337941	0	2.385792e-04	1.546079e-05	1
17	rs1966700	4086166	0	-4.180060e-04	-2.659589e-05	1
17	rs1979208	4002728	0	-5.133413e-04	-3.319091e-05	1
17	rs1982177	4119994	0	-5.427969e-04	-3.248199e-05	1
17	rs1992158	4057101	0	-6.646376e-04	-4.405170e-05	1
17	rs2005251	4161649	0	-8.620963e-05	-5.108593e-06	1
17	rs2006757	4187324	0	-2.015543e-04	-1.236316e-05	1
17	rs2006762	4187399	0	3.878666e-05	2.337450e-06	1
17	rs2016670	4475846	0	-9.832375e-04	-6.579069e-05	1
17	rs2016753	4475570	0	-4.442338e-04	-2.792524e-05	1
17	rs2020118	4088291	0	-4.313985e-04	-2.784124e-05	1
17	rs2033742	4084033	1	-1.229830e-03	-8.093509e-05	1
17	rs2053254	4140669	0	-3.344631e-04	-1.990718e-05	1
17	rs2053255	4221236	0	-2.015543e-04	-1.236317e-05	1
17	rs2053256	4108648	0	-5.815096e-04	-3.501004e-05	1
17	rs2054037	4014368	0	-6.166548e-04	-4.326231e-05	1
17	rs2054038	4014391	0	1.760360e-04	1.044305e-05	1
17	rs2054040	4048206	0	-1.735169e-04	-1.055555e-05	1
17	rs2054467	4561074	0	-6.997457e-04	-4.329287e-05	1
17	rs2100437	4041044	0	-4.984747e-04	-3.281628e-05	1
17	rs2100987	4494073	0	-2.254793e-03	-2.027931e-04	1
17	rs2123842	4017434	0	3.741962e-04	2.489731e-05	1
17	rs2123844	4015214	10	7.283456e-05	4.975226e-06	1
17	rs2123845	3965808	0	-5.681703e-04	-4.013759e-05	1
17	rs2127225	4495210	0	2.073364e-03	1.746548e-04	1
17	rs2168018	3934238	0	6.322097e-04	3.799243e-05	1
17	rs2176324	3943543	0	1.688122e-04	1.041806e-05	1
17	rs2247194	3921307	0	6.218929e-04	3.736948e-05	1
17	rs2254021	3935310	0	5.313829e-04	3.152603e-05	1
17	rs2255888	4545581	0	-1.311265e-04	-7.907355e-06	1
17	rs2264857	3933025	0	6.322097e-04	3.799240e-05	1
17	rs2271717	3959731	0	-2.144950e-05	-1.525265e-06	1
17	rs2278524	4081975	0	7.100211e-05	4.371258e-06	1
17	rs2290437	3923115	0	3.876910e-04	2.520068e-05	1
17	rs2290438	3923129	0	-4.365168e-04	-2.812184e-05	1
17	rs2290439	3924306	0	3.979894e-04	2.569433e-05	1
17	rs2290440	3935875	0	4.874627e-05	3.079593e-06	1
17	rs2304585	4200262	0	-8.834058e-04	-6.417573e-05	1
17	rs2304586	4098998	0	2.614595e-04	1.614198e-05	1
17	rs2306270	4457580	0	5.124433e-04	3.511348e-05	1
17	rs2325879	4041725	0	-7.968055e-04	-5.322641e-05	1
17	rs2325880	4132016	0	-5.337479e-04	-3.210428e-05	1
17	rs2325881	4166804	0	4.010404e-04	2.424199e-05	1
17	rs2325901	4117072	0	-5.997265e-04	-4.143984e-05	1
17	rs2325978	4154730	0	1.786748e-04	1.061103e-05	1
17	rs2325988	4199284	0	7.326830e-05	4.401284e-06	1
17	rs2325995	4406456	0	8.661481e-04	5.795469e-05	1
17	rs2326064	4400846	0	-1.781509e-04	-1.032496e-05	1
17	rs2326086	4473666	0	5.933154e-04	4.388937e-05	1
17	rs2448251	4537221	0	-8.165568e-04	-5.710201e-05	1
17	rs2466942	3979403	0	-9.394168e-05	-6.213417e-06	1
17	rs2466944	3922203	0	7.223592e-04	4.383081e-05	1
17	rs2515889	4537212	0	-8.165568e-04	-5.710201e-05	1
17	rs2603025	3996964	0	-5.249153e-04	-3.110473e-05	1
17	rs2603027	3944768	0	4.542638e-04	2.697350e-05	1
17	rs2603029	3941396	0	4.502551e-04	2.672803e-05	1
17	rs2603034	3981837	0	-6.596001e-04	-3.948601e-05	1
17	rs2603037	3986314	0	-6.596001e-04	-3.948600e-05	1
17	rs2619117	4539955	0	-7.961998e-04	-4.867433e-05	1
17	rs2664592	4545163	0	-5.235394e-04	-3.377089e-05	1
17	rs2676266	3972900	0	6.922281e-04	4.154376e-05	1
17	rs2676267	3972896	0	6.209877e-04	3.703287e-05	1
17	rs2676275	3868171	0	2.899293e-04	1.996417e-05	1
17	rs2676276	3919981	0	6.218929e-04	3.736933e-05	1
17	rs2727060	3989968	0	-5.062269e-04	-2.990754e-05	1
17	rs2727061	3985832	0	-6.596001e-04	-3.948594e-05	1
17	rs2727062	3982348	0	2.448468e-04	1.623455e-05	1
17	rs2727064	3934101	0	6.322097e-04	3.799224e-05	1
17	rs2727065	3941244	0	4.015088e-04	2.502726e-05	1
17	rs2727067	3997843	0	-5.249153e-04	-3.110461e-05	1
17	rs2727072	3918585	0	6.600629e-04	4.275011e-05	1
17	rs2727074	3994670	0	-5.249153e-04	-3.110459e-05	1
17	rs2727075	3994170	0	-5.249153e-04	-3.110458e-05	1
17	rs28370529	4419021	0	9.647565e-04	7.369890e-05	1
17	rs28376285	4066947	0	2.209205e-04	1.444208e-05	1
17	rs28384085	3935878	0	4.874627e-05	3.079515e-06	1
17	rs28407844	4018739	0	3.091906e-04	2.053323e-05	1
17	rs28429252	4331755	0	9.502541e-04	6.236252e-05	1
17	rs28433411	4419600	2	9.167269e-04	7.003623e-05	1
17	rs28447233	4043868	0	3.464136e-04	2.293677e-05	1
17	rs28454154	4031577	0	2.731948e-04	1.793982e-05	1
17	rs28473709	4357940	0	-1.764220e-04	-1.221081e-05	1
17	rs28481302	4011527	0	-2.932584e-05	-1.960340e-06	1
17	rs28516899	3944604	0	4.924752e-04	3.320332e-05	1
17	rs28522557	4302207	0	4.091888e-04	2.867727e-05	1
17	rs28558625	4357824	0	-2.529409e-04	-1.741720e-05	1
17	rs28580153	4187011	0	1.002350e-04	6.022705e-06	1
17	rs28588075	4039187	0	2.180413e-04	1.437030e-05	1
17	rs28595873	4017153	0	1.644620e-04	1.077013e-05	1
17	rs28642705	3919948	0	2.664044e-04	1.770614e-05	1
17	rs28651755	4031518	0	2.561419e-04	1.685856e-05	1
17	rs28671390	4276124	0	-3.085581e-04	-1.867422e-05	1
17	rs28672765	3967169	0	6.337567e-04	4.126301e-05	1
17	rs28684925	4039315	1	-2.702673e-05	-1.779699e-06	1
17	rs28713601	3869350	1	-3.442263e-04	-2.152905e-05	1
17	rs28756069	4177201	0	-1.613344e-04	-9.581112e-06	1
17	rs2875768	4012780	0	-3.596825e-04	-2.464102e-05	1
17	rs28864167	4114196	0	4.091647e-04	2.919056e-05	1
17	rs3087605	4060579	0	2.705831e-04	1.801727e-05	1
17	rs333116	4396110	0	-1.876626e-03	-1.435727e-04	1
17	rs333126	4385616	0	5.576255e-04	3.380164e-05	1
17	rs333131	4382864	0	8.003142e-04	5.319870e-05	1
17	rs333132	4381748	0	-1.029039e-03	-7.173969e-05	1
17	rs333133	4379847	0	-6.178309e-04	-3.974278e-05	1
17	rs333134	4379578	0	5.658502e-04	3.724566e-05	1
17	rs34014959	4051592	0	-2.451645e-04	-1.534888e-05	1
17	rs34146634	4028939	0	-6.417136e-04	-4.196110e-05	1
17	rs34150407	4423219	0	3.540325e-04	2.219501e-05	1
17	rs34188453	4090196	0	-5.378257e-04	-3.274008e-05	1
17	rs34210653	4535314	0	-1.080263e-05	-7.787391e-07	1
17	rs34213341	4005144	0	1.908494e-04	1.259843e-05	1
17	rs34336747	4335645	0	8.183380e-04	5.276597e-05	1
17	rs34344004	4267225	3	2.707310e-04	1.635855e-05	1
17	rs34348519	4094140	0	2.100486e-04	1.293891e-05	1
17	rs34356467	3978531	0	3.019088e-04	1.965677e-05	1
17	rs34357603	4008760	0	2.073145e-04	1.358632e-05	1
17	rs34377654	3990201	0	3.342586e-04	2.196336e-05	1
17	rs34453556	3940179	0	3.311008e-04	2.427975e-05	1
17	rs34464833	4251344	0	1.511573e-04	1.055613e-05	1
17	rs34499321	4226057	0	-1.784106e-04	-1.093888e-05	1
17	rs34507364	4309446	0	-8.700167e-05	-5.857553e-06	1
17	rs34540447	3994413	0	2.073145e-04	1.358631e-05	1
17	rs34615715	4278871	0	-7.488269e-04	-4.710709e-05	1
17	rs34756703	4229201	0	-6.292915e-05	-3.789414e-06	1
17	rs34767676	4048572	0	1.928257e-04	1.349657e-05	1
17	rs34859684	3982628	0	3.973272e-04	2.615982e-05	1
17	rs34955193	4178080	0	-1.266259e-04	-7.497283e-06	1
17	rs35010221	4168656	0	-3.805613e-04	-2.631445e-05	1
17	rs35043376	4444164	0	-7.014651e-04	-4.656543e-05	1
17	rs35048765	4215509	0	-2.053421e-05	-1.204512e-06	1
17	rs35050090	4048218	0	-1.157285e-04	-7.627409e-06	1
17	rs35074337	4309077	0	-1.095697e-03	-6.929716e-05	1
17	rs35102200	4320624	0	-1.569680e-04	-1.067890e-05	1
17	rs35102999	3892700	0	-1.744063e-04	-1.149414e-05	1
17	rs35103069	4108063	0	-2.993390e-04	-1.749888e-05	1
17	rs35139288	4025014	0	-2.437425e-04	-1.515472e-05	1
17	rs35175562	3983927	0	-6.596001e-04	-3.948580e-05	1
17	rs35239906	4025837	0	1.908494e-04	1.259840e-05	1
17	rs35284780	3947588	0	-4.405378e-04	-3.146158e-05	1
17	rs35321558	3892909	0	-1.744063e-04	-1.149415e-05	1
17	rs35338217	4063602	2	-7.253391e-04	-4.830466e-05	1
17	rs35384808	4335636	0	7.626308e-04	4.904128e-05	1
17	rs35451246	4194646	6	-6.081860e-04	-3.824554e-05	1
17	rs35466443	4219014	0	1.776333e-05	1.086803e-06	1
17	rs35513053	4226346	0	-1.893593e-04	-1.149586e-05	1
17	rs35514092	4183041	2	-3.538895e-04	-2.294575e-05	1
17	rs35542848	4028546	0	2.063084e-04	1.451948e-05	1
17	rs35571432	4028942	0	-1.240847e-04	-8.563767e-06	1
17	rs35578550	3996470	0	-2.932584e-05	-1.960370e-06	1
17	rs35586982	4001993	0	2.073145e-04	1.358629e-05	1
17	rs35618711	4229258	0	-1.760855e-05	-1.129102e-06	1
17	rs35632375	4104439	0	-3.854242e-04	-2.320825e-05	1
17	rs35751906	4337283	0	4.807703e-04	3.130695e-05	1
17	rs35852805	3892563	0	-1.744063e-04	-1.149415e-05	1
17	rs35948050	3970219	0	-5.681703e-04	-4.013761e-05	1
17	rs35977026	4036528	0	-2.932584e-05	-1.960376e-06	1
17	rs36019144	3987499	0	9.703881e-05	6.390254e-06	1
17	rs36054194	3900280	0	-2.674836e-05	-1.752363e-06	1
17	rs373403358	4345618	0	-6.229468e-04	-4.318697e-05	1
17	rs3744671	4109722	0	4.923944e-04	3.571477e-05	1
17	rs3760193	4460445	0	5.395366e-04	3.522876e-05	1
17	rs3760194	4459209	0	3.800545e-04	2.452368e-05	1
17	rs3760471	4069735	0	2.418771e-05	1.589153e-06	1
17	rs377266567	4267686	1	-8.291778e-04	-5.980993e-05	1
17	rs3809849	4458598	0	3.110450e-04	1.957182e-05	1
17	rs3809850	4343197	0	-7.219164e-05	-4.943441e-06	1
17	rs3809851	4343187	0	-7.219164e-05	-4.943441e-06	1
17	rs3809852	4343150	0	-7.219164e-05	-4.943441e-06	1
17	rs3816480	4076615	0	-4.981504e-04	-3.470191e-05	1
17	rs3816689	4383790	0	-1.154908e-03	-8.226439e-05	1
17	rs3826518	4343265	0	-7.219164e-05	-4.943441e-06	1
17	rs3890146	4161737	0	-4.880296e-05	-2.865450e-06	1
17	rs3894202	3922623	0	2.037021e-04	1.285324e-05	1
17	rs3931097	4083769	0	-4.890082e-04	-2.903483e-05	1
17	rs3931098	4095696	3	-4.238548e-04	-2.553745e-05	1
17	rs3931099	4095741	3	-5.316098e-04	-3.227244e-05	1
17	rs3931201	4499451	5	1.403642e-03	1.081560e-04	1
17	rs3943293	4483853	0	6.226157e-04	4.142037e-05	1
17	rs3966810	4249467	0	1.312555e-04	7.952708e-06	1
17	rs4080245	4376663	0	1.385033e-03	9.325104e-05	1
17	rs4239044	4329809	0	5.231970e-04	3.151880e-05	1
17	rs4239045	4329942	0	7.168998e-05	4.247596e-06	1
17	rs4239046	4330947	0	2.890748e-04	1.720021e-05	1
17	rs4239047	4422090	0	1.120977e-03	7.474918e-05	1
17	rs4284685	4117199	0	-1.403052e-04	-8.355820e-06	1
17	rs4322703	4187940	0	-3.933862e-04	-2.441923e-05	1
17	rs4328477	4011602	0	-4.787470e-04	-3.020787e-05	1
17	rs4354990	4326494	0	1.143927e-03	7.786737e-05	1
17	rs4357975	4191788	0	-1.140859e-04	-6.936951e-06	1
17	rs4456561	4224840	0	-7.709127e-05	-4.635307e-06	1
17	rs4464134	4240175	0	1.268099e-04	7.508836e-06	1
17	rs4467121	4031256	0	2.561419e-04	1.685854e-05	1
17	rs4467138	4224736	0	-1.784106e-04	-1.093890e-05	1
17	rs4496220	4385099	0	4.064227e-04	2.379402e-05	1
17	rs4500776	4107098	0	-6.567187e-04	-3.973066e-05	1
17	rs4508454	4198650	0	-9.577267e-05	-6.116089e-06	1
17	rs4523991	4326508	0	4.891529e-04	2.922642e-05	1
17	rs4567758	4050001	0	-6.973159e-04	-4.216766e-05	1
17	rs4573968	4147047	0	9.544600e-05	5.664132e-06	1
17	rs4790167	4001389	0	-4.739582e-04	-2.801539e-05	1
17	rs4790168	4022457	0	-4.471201e-04	-2.629957e-05	1
17	rs4790169	4022665	0	-4.471201e-04	-2.629956e-05	1
17	rs4790171	4022899	0	-5.183605e-04	-3.062814e-05	1
17	rs4790175	4058337	0	-1.203879e-04	-7.313813e-06	1
17	rs4790176	4059334	0	-6.646376e-04	-4.405146e-05	1
17	rs4790185	4115617	0	-4.410630e-04	-2.636380e-05	1
17	rs4790188	4156276	0	1.740210e-04	1.038017e-05	1
17	rs4790194	4354492	0	1.324641e-03	8.902147e-05	1
17	rs4790196	4377593	0	1.281387e-03	8.486136e-05	1
17	rs4790197	4377947	0	7.285493e-04	4.404835e-05	1
17	rs4790198	4377979	0	1.278405e-03	8.407378e-05	1
17	rs4790201	4430209	0	-8.273315e-04	-5.889852e-05	1
17	rs4790203	4463341	0	-6.440542e-04	-4.716101e-05	1
17	rs4790204	4476892	0	-4.446550e-04	-2.844034e-05	1
17	rs4790210	4528838	0	-4.670913e-04	-3.037817e-05	1
17	rs4790212	4554767	0	-3.097257e-04	-1.863269e-05	1
17	rs4790551	3886083	0	-7.982216e-05	-5.748458e-06	1
17	rs4790552	3923366	0	3.876910e-04	2.520053e-05	1
17	rs4790553	3939189	0	8.929072e-05	5.656984e-06	1
17	rs4790554	3944254	0	-4.769102e-04	-2.994154e-05	1
17	rs4790557	4000419	0	-5.249153e-04	-3.110441e-05	1
17	rs4790559	4010478	0	-5.616078e-04	-3.333190e-05	1
17	rs4790562	4021692	0	-5.183605e-04	-3.062809e-05	1
17	rs4790564	4030757	0	-6.417136e-04	-4.196101e-05	1
17	rs4790566	4032762	0	-6.417136e-04	-4.196100e-05	1
17	rs4790568	4033568	0	-6.417136e-04	-4.196099e-05	1
17	rs4790573	4052969	0	4.828485e-06	2.981185e-07	1
17	rs4790576	4055041	0	-6.198632e-04	-3.722130e-05	1
17	rs4790579	4066404	0	-7.962095e-04	-4.913501e-05	1
17	rs4790581	4066657	0	-5.760343e-04	-3.514740e-05	1
17	rs4790587	4090060	0	-1.232460e-04	-7.239639e-06	1
17	rs4790590	4096882	0	-2.730323e-04	-1.590614e-05	1
17	rs4790592	4099519	0	-2.802701e-04	-1.956868e-05	1
17	rs4790594	4137919	0	-2.730168e-04	-1.616533e-05	1
17	rs4790598	4156620	0	1.660766e-04	9.971028e-06	1
17	rs4790599	4164632	0	5.049484e-06	3.144709e-07	1
17	rs4790600	4166022	0	-4.036898e-05	-2.369037e-06	1
17	rs4790601	4166382	0	3.869953e-04	2.354297e-05	1
17	rs4790602	4172117	0	-1.613344e-04	-9.580917e-06	1
17	rs4790603	4179295	0	6.596117e-04	4.497565e-05	1
17	rs4790609	4211603	0	-1.642903e-04	-9.743574e-06	1
17	rs4790611	4225303	0	-3.760180e-04	-2.599254e-05	1
17	rs4790613	4232084	0	2.325748e-04	1.384008e-05	1
17	rs4790614	4232206	0	1.613344e-04	9.580905e-06	1
17	rs4790618	4325475	0	1.143927e-03	7.786736e-05	1
17	rs4790619	4325518	0	2.015678e-04	1.218796e-05	1
17	rs4790620	4327958	0	3.697488e-04	2.188604e-05	1
17	rs4790621	4327990	0	-5.905449e-05	-3.505228e-06	1
17	rs4790622	4327993	0	3.697488e-04	2.188603e-05	1
17	rs4790624	4328415	0	3.697488e-04	2.188603e-05	1
17	rs4790631	4366900	0	1.974882e-05	1.272876e-06	1
17	rs4790632	4367793	0	1.293585e-04	8.301487e-06	1
17	rs4790633	4371630	0	-2.824649e-05	-1.818639e-06	1
17	rs4790634	4375507	0	-1.271889e-05	-8.144364e-07	1
17	rs4790639	4422129	0	8.729226e-04	5.687219e-05	1
17	rs4790644	4472541	0	-5.601135e-04	-3.555765e-05	1
17	rs4790646	4472868	0	-5.925754e-04	-3.772962e-05	1
17	rs4790647	4473334	0	-4.797259e-04	-3.023829e-05	1
17	rs4790648	4483186	0	-2.180326e-03	-1.794338e-04	1
17	rs4790649	4487461	0	-1.340560e-03	-9.134730e-05	1
17	rs4790657	4508276	0	-3.171268e-04	-2.046044e-05	1
17	rs4790670	4559833	0	-1.247758e-04	-7.503356e-06	1
17	rs4790671	4563444	0	-6.988510e-05	-4.264924e-06	1
17	rs4989108	4336839	0	7.571463e-04	4.845373e-05	1
17	rs55637058	4181636	0	-5.828993e-04	-3.489716e-05	1
17	rs55650132	4358500	0	-3.421446e-04	-2.394897e-05	1
17	rs55752933	4165348	0	3.467404e-05	2.061507e-06	1
17	rs55780247	4561499	0	-3.573095e-04	-2.286862e-05	1
17	rs55782417	4562845	0	-4.147995e-04	-2.663724e-05	1
17	rs55869432	4562901	0	-2.068196e-04	-1.296613e-05	1
17	rs55871131	4406205	0	-3.199971e-05	-2.073277e-06	1
17	rs55936016	4215901	0	-2.527348e-04	-1.504488e-05	1
17	rs55959226	4374738	0	6.358770e-04	4.459988e-05	1
17	rs55959711	4562581	0	-3.573095e-04	-2.286862e-05	1
17	rs55981776	4561401	0	-2.068196e-04	-1.296612e-05	1
17	rs55986729	4560499	0	-2.068196e-04	-1.296612e-05	1
17	rs56005249	4349508	0	9.862418e-04	6.933384e-05	1
17	rs56020376	4560909	0	-3.573095e-04	-2.286861e-05	1
17	rs56050239	4096362	0	-1.232460e-04	-7.239577e-06	1
17	rs56063404	4357484	0	-4.186634e-04	-2.928987e-05	1
17	rs56124631	4561378	0	-2.068196e-04	-1.296612e-05	1
17	rs56158347	4357496	0	-3.421446e-04	-2.394897e-05	1
17	rs56170457	4560141	0	-2.068196e-04	-1.296612e-05	1
17	rs56172839	4129908	0	-6.553022e-04	-4.828325e-05	1
17	rs56181316	4429042	0	-1.759635e-05	-1.151641e-06	1
17	rs56184690	4563660	0	-3.573095e-04	-2.286861e-05	1
17	rs56214424	4362284	0	6.365662e-04	4.039591e-05	1
17	rs56282261	4359083	0	3.024372e-04	1.884971e-05	1
17	rs56313341	4493399	0	-5.032356e-04	-3.289206e-05	1
17	rs56357040	4561566	0	-2.068196e-04	-1.296612e-05	1
17	rs56364707	4562579	0	-2.068196e-04	-1.296612e-05	1
17	rs56788731	4437791	0	7.727329e-04	5.666933e-05	1
17	rs56832408	4376151	0	-3.449538e-04	-2.473604e-05	1
17	rs56894251	4485069	0	2.068665e-04	1.377166e-05	1
17	rs56943576	4481896	0	1.658668e-04	1.148652e-05	1
17	rs57328648	4382896	0	-3.245838e-04	-2.327442e-05	1
17	rs57370701	4302790	0	1.413876e-04	9.759616e-06	1
17	rs57441567	4383364	0	-2.029003e-04	-1.443119e-05	1
17	rs57491051	4352341	0	6.805613e-04	4.955742e-05	1
17	rs57558290	4478505	0	1.734514e-04	1.203571e-05	1
17	rs57625058	3914513	0	-9.166644e-05	-6.032417e-06	1
17	rs57839296	4344945	0	-5.805995e-04	-4.004544e-05	1
17	rs57865115	3881240	0	1.853617e-04	1.229568e-05	1
17	rs58063639	3914997	0	-1.352271e-04	-9.141083e-06	1
17	rs58150038	4434471	0	4.686422e-04	3.284887e-05	1
17	rs58219313	4309914	0	-9.254100e-04	-5.789500e-05	1
17	rs58258896	4415972	0	1.455507e-03	1.004206e-04	1
17	rs58357241	3996641	0	-2.932584e-05	-1.960433e-06	1
17	rs58472777	4437477	0	5.650707e-04	4.080690e-05	1
17	rs58484379	4309901	0	-9.254100e-04	-5.789499e-05	1
17	rs58569101	3873357	0	-1.750874e-04	-1.113323e-05	1
17	rs58625333	4015997	0	-1.167983e-04	-7.215100e-06	1
17	rs58695167	4127581	0	-4.697494e-04	-2.784275e-05	1
17	rs58883087	4486373	0	1.818578e-04	1.217368e-05	1
17	rs58971952	4347300	0	-6.903114e-04	-4.815191e-05	1
17	rs59045332	4478538	0	1.734514e-04	1.203570e-05	1
17	rs59129438	4478173	9	2.899682e-04	1.925058e-05	1
17	rs59565187	4377767	0	5.403125e-04	3.861529e-05	1
17	rs59832416	4508919	0	1.804595e-04	1.045421e-05	1
17	rs59893548	4383234	0	-3.245838e-04	-2.327442e-05	1
17	rs59939764	4325418	0	1.888870e-04	1.293344e-05	1
17	rs59967373	4333499	0	7.906285e-04	5.067887e-05	1
17	rs59993131	4476686	0	1.399206e-03	9.949421e-05	1
17	rs60158517	4422543	0	8.397930e-04	6.221794e-05	1
17	rs60623681	4481928	0	1.246780e-04	8.406935e-06	1
17	rs61246117	4477999	0	1.734514e-04	1.203569e-05	1
17	rs61287301	4333579	0	8.458031e-04	5.461912e-05	1
17	rs61313914	3873367	0	-1.750874e-04	-1.113324e-05	1
17	rs61442612	3961019	0	-3.817486e-05	-2.504770e-06	1
17	rs61450748	4347378	0	-6.903114e-04	-4.815191e-05	1
17	rs62064368	4103051	0	4.853560e-05	3.407744e-06	1
17	rs62064370	4105865	0	-4.952205e-04	-3.003410e-05	1
17	rs62064396	4161870	0	-2.313835e-04	-1.403001e-05	1
17	rs62064453	4228947	0	2.823124e-04	2.028736e-05	1
17	rs62064454	4233907	0	3.370911e-04	2.426974e-05	1
17	rs62064861	4361443	0	2.745159e-04	1.780201e-05	1
17	rs62064882	4368843	0	4.390001e-05	2.827710e-06	1
17	rs62064884	4371647	0	4.480133e-04	2.935983e-05	1
17	rs62064885	4371879	0	4.427644e-04	2.901846e-05	1
17	rs62064889	4380320	0	2.532012e-04	1.604573e-05	1
17	rs62064892	4387335	0	-1.734643e-04	-1.202479e-05	1
17	rs62064958	4442088	0	6.491271e-04	4.763042e-05	1
17	rs62064959	4444402	0	8.116124e-04	6.047939e-05	1
17	rs62066097	4311089	0	-7.636196e-04	-4.644949e-05	1
17	rs62066105	4325573	0	7.007530e-04	4.701732e-05	1
17	rs62066107	4326664	0	2.772699e-04	1.625468e-05	1
17	rs62066136	4331497	0	1.047371e-03	6.696996e-05	1
17	rs62066137	4331520	0	8.458031e-04	5.461911e-05	1
17	rs62066138	4331541	0	8.458031e-04	5.461910e-05	1
17	rs62066144	4333277	0	3.266736e-04	2.124048e-05	1
17	rs62066148	4338514	0	-3.240774e-04	-2.257981e-05	1
17	rs62066149	4338633	0	-2.868470e-04	-1.992719e-05	1
17	rs62066150	4338832	0	3.419810e-04	2.226514e-05	1
17	rs62066154	4339956	0	-1.546911e-04	-1.062098e-05	1
17	rs62066155	4341976	0	-1.546911e-04	-1.062098e-05	1
17	rs62066360	4445085	0	6.491271e-04	4.763041e-05	1
17	rs62066367	4468643	0	6.329048e-05	4.592516e-06	1
17	rs62066412	4478367	0	1.734514e-04	1.203569e-05	1
17	rs62066420	4483267	0	7.618169e-04	5.085256e-05	1
17	rs62066427	4493513	0	2.083755e-04	1.375603e-05	1
17	rs62066428	4494508	0	4.543857e-04	3.026125e-05	1
17	rs62066457	4529322	0	5.821717e-04	4.033369e-05	1
17	rs62066476	4061936	0	2.459562e-04	1.626126e-05	1
17	rs62066479	4062879	0	2.459562e-04	1.626126e-05	1
17	rs62066481	4063799	0	2.459562e-04	1.626125e-05	1
17	rs62066533	4065611	0	4.223024e-04	2.791203e-05	1
17	rs62066534	4066885	0	5.985872e-04	4.016835e-05	1
17	rs62066535	4066905	0	4.015245e-04	2.644686e-05	1
17	rs62067385	4342047	0	-1.371173e-04	-9.426642e-06	1
17	rs62067386	4342092	0	-1.371173e-04	-9.426641e-06	1
17	rs62067387	4342095	0	-1.371173e-04	-9.426641e-06	1
17	rs62067388	4342621	0	-1.371173e-04	-9.426641e-06	1
17	rs62067389	4342712	0	-1.371173e-04	-9.426641e-06	1
17	rs62067396	4349200	0	-1.695423e-04	-1.111569e-05	1
17	rs62067397	4358862	0	1.943161e-04	1.293263e-05	1
17	rs62071002	3998120	0	1.277696e-04	8.382405e-06	1
17	rs62071004	4005576	0	1.644620e-04	1.077001e-05	1
17	rs62071005	4007761	0	1.644620e-04	1.077001e-05	1
17	rs62071006	4019911	0	3.091906e-04	2.053311e-05	1
17	rs62071007	4020029	0	2.907536e-04	1.886202e-05	1
17	rs62071043	4028708	0	2.561419e-04	1.685843e-05	1
17	rs62071046	4033265	0	2.561419e-04	1.685842e-05	1
17	rs62071047	4035809	2	2.717500e-04	1.799012e-05	1
17	rs62071048	4035916	12	-1.098043e-03	-7.341023e-05	1
17	rs62071740	3890447	0	2.657306e-04	1.919633e-05	1
17	rs62072175	4039431	0	3.464136e-04	2.293659e-05	1
17	rs62072176	4042138	0	2.180413e-04	1.437014e-05	1
17	rs62072178	4044499	0	3.464136e-04	2.293659e-05	1
17	rs62072179	4048312	0	-2.451645e-04	-1.534903e-05	1
17	rs62072180	4049595	0	-2.451645e-04	-1.534903e-05	1
17	rs62072181	4049809	0	-2.451645e-04	-1.534902e-05	1
17	rs62072182	4050848	0	-2.451645e-04	-1.534902e-05	1
17	rs62072183	4051180	0	-2.155399e-04	-1.344393e-05	1
17	rs62072386	3896168	0	-2.674836e-05	-1.752424e-06	1
17	rs62072388	3899567	0	-1.744063e-04	-1.149420e-05	1
17	rs62072392	3910125	0	-1.747188e-04	-1.151986e-05	1
17	rs62072397	3940464	0	2.626524e-04	1.744435e-05	1
17	rs62072400	3942678	0	2.814519e-04	1.869871e-05	1
17	rs62072401	3943503	0	2.570835e-04	1.710489e-05	1
17	rs62072434	3949459	0	3.323326e-04	2.221281e-05	1
17	rs62072435	3962848	0	4.755939e-04	3.172244e-05	1
17	rs62072436	3964118	0	3.784199e-05	2.647078e-06	1
17	rs6416879	4371070	0	-1.595355e-05	-1.030835e-06	1
17	rs6502762	3872264	0	-1.657829e-04	-9.868097e-06	1
17	rs6502763	3875816	0	1.827488e-04	1.117852e-05	1
17	rs6502764	3901502	0	5.163621e-04	3.078374e-05	1
17	rs6502765	3901814	0	5.876025e-04	3.521831e-05	1
17	rs6502766	3902163	0	3.466606e-04	2.244700e-05	1
17	rs6502768	3991184	0	1.232991e-04	8.092398e-06	1
17	rs6502769	4006795	0	-4.510570e-04	-3.107739e-05	1
17	rs6502770	4007314	0	1.760360e-04	1.044255e-05	1
17	rs6502771	4022299	0	2.495871e-04	1.638041e-05	1
17	rs6502773	4100591	0	-6.610717e-04	-4.697630e-05	1
17	rs6502777	4162694	0	-8.513321e-04	-5.437873e-05	1
17	rs6502778	4230667	0	-3.405760e-04	-2.095474e-05	1
17	rs6502779	4238324	0	1.613344e-04	9.580808e-06	1
17	rs6502780	4244514	0	1.613344e-04	9.580804e-06	1
17	rs6502782	4272893	0	-1.574011e-05	-9.441219e-07	1
17	rs6502784	4328402	0	-2.897348e-05	-1.985389e-06	1
17	rs6502785	4351345	0	6.346968e-04	4.367117e-05	1
17	rs6502786	4351396	0	6.346968e-04	4.367117e-05	1
17	rs6502787	4354257	0	1.173000e-03	7.644946e-05	1
17	rs6502788	4354348	0	1.419815e-03	9.752784e-05	1
17	rs66488531	4279489	0	-8.041521e-04	-5.089345e-05	1
17	rs66493857	4178196	0	-1.266259e-04	-7.496990e-06	1
17	rs67005107	3991943	0	5.278389e-04	3.514458e-05	1
17	rs67533014	3993910	0	2.073145e-04	1.358617e-05	1
17	rs67572826	4031457	0	-2.932584e-05	-1.960449e-06	1
17	rs67639913	4246638	0	1.312555e-04	7.952503e-06	1
17	rs67799070	4305758	0	1.164995e-04	7.753908e-06	1
17	rs67815988	3998312	0	2.073145e-04	1.358617e-05	1
17	rs67831913	4184856	0	1.453309e-04	9.238506e-06	1
17	rs67859719	3948091	0	-2.016149e-05	-1.240858e-06	1
17	rs68060817	3995188	0	-2.932584e-05	-1.960453e-06	1
17	rs68061490	4324035	0	-3.682565e-04	-2.385926e-05	1
17	rs711177	3926110	0	-4.298469e-04	-2.935903e-05	1
17	rs711178	3922918	0	6.604881e-04	3.991375e-05	1
17	rs71366585	3905548	0	3.580470e-04	2.613164e-05	1
17	rs71366590	4006685	0	1.870623e-04	1.224948e-05	1
17	rs71366593	4094695	1	5.316074e-04	3.904949e-05	1
17	rs71368505	4465753	0	-3.821606e-04	-2.743577e-05	1
17	rs719387	3978031	0	8.293953e-04	5.533949e-05	1
17	rs719388	3977889	0	3.330333e-04	2.218831e-05	1
17	rs7207198	3875272	0	1.308119e-04	8.659310e-06	1
17	rs7207359	4310639	0	-7.636196e-04	-4.644942e-05	1
17	rs7207552	3896807	0	-2.823029e-04	-1.939884e-05	1
17	rs7207619	3988199	0	1.232991e-04	8.092376e-06	1
17	rs7207689	4416294	0	1.202318e-03	7.818775e-05	1
17	rs7207986	3979949	0	3.357599e-04	2.198035e-05	1
17	rs7208181	3930770	0	2.503712e-04	1.593768e-05	1
17	rs7208304	4118649	0	-4.606378e-04	-2.757221e-05	1
17	rs7208454	3875629	0	1.827488e-04	1.117850e-05	1
17	rs7208699	4486757	0	-2.112935e-03	-1.714589e-04	1
17	rs7208820	4049093	0	-2.451645e-04	-1.534906e-05	1
17	rs7209045	3971095	0	-5.681703e-04	-4.013760e-05	1
17	rs7209439	4076406	0	-2.462687e-05	-1.794511e-06	1
17	rs7209818	4316478	0	-6.852731e-05	-4.509185e-06	1
17	rs7209832	3930696	0	2.242864e-04	1.422209e-05	1
17	rs7210336	3870786	0	-2.340510e-05	-1.474980e-06	1
17	rs7210596	4064529	0	-8.727541e-04	-5.879129e-05	1
17	rs7210829	4372579	0	4.943565e-06	3.142329e-07	1
17	rs7210965	4346533	0	-5.805995e-04	-4.004544e-05	1
17	rs7211078	4450823	0	-2.643101e-04	-1.610874e-05	1
17	rs7211542	4374569	0	-1.692560e-04	-1.081504e-05	1
17	rs7211833	4265235	0	2.190774e-04	1.327840e-05	1
17	rs7211888	3919106	0	9.269209e-05	5.873181e-06	1
17	rs7211955	4280433	0	-1.124046e-03	-7.479367e-05	1
17	rs7212079	4064776	0	4.223024e-04	2.791195e-05	1
17	rs7212158	3915151	0	5.435281e-04	3.239774e-05	1
17	rs7212159	3905470	0	3.983258e-04	2.586744e-05	1
17	rs7212168	4024640	0	1.908494e-04	1.259826e-05	1
17	rs7212203	4346955	0	-5.342912e-04	-3.674544e-05	1
17	rs7212563	4378331	0	2.171883e-05	1.382792e-06	1
17	rs7212774	4033479	0	1.277696e-04	8.382313e-06	1
17	rs7213058	3922255	0	-1.729589e-05	-1.095328e-06	1
17	rs7213481	4547906	0	-5.571606e-04	-3.618903e-05	1
17	rs7213487	3936529	0	8.929072e-05	5.656867e-06	1
17	rs7213504	3936554	0	8.929072e-05	5.656863e-06	1
17	rs7213688	3871591	0	-2.573698e-04	-1.635570e-05	1
17	rs7213885	4018489	0	1.591111e-04	1.046498e-05	1
17	rs7213896	4562082	0	-2.068196e-04	-1.296612e-05	1
17	rs7214170	4378082	0	1.344343e-03	8.923113e-05	1
17	rs7214224	4320544	0	9.177531e-04	5.916420e-05	1
17	rs7214270	4416674	0	1.366551e-03	9.199915e-05	1
17	rs7214284	4027152	0	1.125461e-04	7.357104e-06	1
17	rs7214381	4482272	0	-4.858774e-04	-3.178785e-05	1
17	rs7214460	3880491	0	1.853617e-04	1.229557e-05	1
17	rs7214567	4483105	0	6.226157e-04	4.142031e-05	1
17	rs7214726	4250912	0	3.869051e-04	2.508624e-05	1
17	rs7214779	4027411	0	2.561419e-04	1.685834e-05	1
17	rs7214979	3873526	0	1.241851e-04	8.050211e-06	1
17	rs7215068	3880818	0	1.853617e-04	1.229557e-05	1
17	rs7215084	3880148	0	-2.010782e-04	-1.184065e-05	1
17	rs7215121	4461748	0	8.070504e-05	4.728363e-06	1
17	rs7215140	3924313	0	1.387657e-05	8.751379e-07	1
17	rs7215249	4372716	0	-5.385126e-05	-3.474252e-06	1
17	rs7215274	4561834	0	-2.068196e-04	-1.296612e-05	1
17	rs7215309	4278263	0	-3.092583e-04	-1.874416e-05	1
17	rs7215742	4347121	0	-6.903114e-04	-4.815193e-05	1
17	rs7215798	4007666	0	2.073145e-04	1.358613e-05	1
17	rs7215854	4346659	0	-5.805995e-04	-4.004544e-05	1
17	rs7215974	4278664	0	-3.092583e-04	-1.874416e-05	1
17	rs7216025	4346807	0	-5.805995e-04	-4.004544e-05	1
17	rs7216130	4207243	0	-5.264504e-04	-3.299370e-05	1
17	rs7216134	4170005	0	-1.613344e-04	-9.580726e-06	1
17	rs7216284	4463699	0	1.646084e-04	1.013816e-05	1
17	rs7216298	4038093	0	3.464136e-04	2.293652e-05	1
17	rs7216304	4038105	0	3.464136e-04	2.293652e-05	1
17	rs7216330	4102387	0	-2.591258e-04	-1.529618e-05	1
17	rs7216360	3919479	0	2.787190e-05	1.765044e-06	1
17	rs7216444	3985116	6	2.543599e-04	1.675845e-05	1
17	rs7216474	4463796	0	-3.162591e-04	-1.996301e-05	1
17	rs7216966	4177649	0	-6.841886e-04	-4.355006e-05	1
17	rs7217186	4539392	0	-4.006160e-04	-2.384529e-05	1
17	rs7217281	4375360	0	-1.271889e-05	-8.144658e-07	1
17	rs7217463	4480042	0	-1.590804e-03	-1.114223e-04	1
17	rs7217556	4478836	0	1.222833e-04	7.912841e-06	1
17	rs7217789	3971514	0	-5.681703e-04	-4.013759e-05	1
17	rs7217849	4562165	0	-2.068196e-04	-1.296612e-05	1
17	rs7217919	4034292	0	2.677727e-04	1.746692e-05	1
17	rs7218401	4040529	0	-1.549318e-04	-1.046610e-05	1
17	rs7218574	4034680	0	2.561419e-04	1.685832e-05	1
17	rs7218702	3974514	0	-6.304185e-04	-4.449175e-05	1
17	rs7218837	4033565	0	2.561419e-04	1.685831e-05	1
17	rs7218900	4054051	0	2.459562e-04	1.626113e-05	1
17	rs7219103	4083599	0	-5.056861e-04	-3.240122e-05	1
17	rs7219132	3877483	0	1.304550e-04	7.917835e-06	1
17	rs7219165	4033741	0	2.561419e-04	1.685831e-05	1
17	rs7219372	3877971	0	-4.545810e-05	-3.039001e-06	1
17	rs7219437	4050138	0	-6.897096e-04	-4.413289e-05	1
17	rs7219606	4561928	0	-2.068196e-04	-1.296612e-05	1
17	rs7219694	3934278	0	7.189003e-05	4.539669e-06	1
17	rs7219787	4562257	0	-2.068196e-04	-1.296612e-05	1
17	rs7219904	4084029	0	1.470186e-04	8.993136e-06	1
17	rs7219998	4034456	0	2.561419e-04	1.685830e-05	1
17	rs7220006	4034471	0	2.561419e-04	1.685830e-05	1
17	rs7220105	3878021	0	-8.256026e-05	-5.466881e-06	1
17	rs7220306	4038120	0	2.180413e-04	1.437003e-05	1
17	rs7220337	3974430	0	3.561904e-05	2.322236e-06	1
17	rs7220497	4034713	0	2.561419e-04	1.685828e-05	1
17	rs7220870	4545218	0	-4.328041e-04	-2.770811e-05	1
17	rs7221387	4029647	0	1.277696e-04	8.382250e-06	1
17	rs7221452	4375342	0	-1.271889e-05	-8.144712e-07	1
17	rs7221546	3911450	0	6.443611e-04	3.879945e-05	1
17	rs7221574	4007543	0	2.073145e-04	1.358612e-05	1
17	rs7221595	4007594	0	2.073145e-04	1.358611e-05	1
17	rs7221723	4347887	0	-7.429998e-04	-5.284835e-05	1
17	rs7221959	4112549	0	1.846790e-05	1.332381e-06	1
17	rs7221995	4008352	0	1.644620e-04	1.076985e-05	1
17	rs7222167	3874854	0	1.308119e-04	8.659229e-06	1
17	rs7222362	4218344	0	-2.207492e-04	-1.354683e-05	1
17	rs7222392	4008021	0	1.644620e-04	1.076985e-05	1
17	rs7222515	4029991	0	2.561419e-04	1.685827e-05	1
17	rs7222603	4112922	0	-1.061368e-04	-7.696045e-06	1
17	rs7222860	4066223	0	4.223024e-04	2.791188e-05	1
17	rs7223218	3877392	0	2.578230e-05	1.698673e-06	1
17	rs7223569	3987293	0	1.232991e-04	8.092282e-06	1
17	rs7223599	4123170	0	-2.452255e-04	-1.467188e-05	1
17	rs7223840	4562150	0	-2.068196e-04	-1.296612e-05	1
17	rs7223923	3987849	0	2.516715e-04	1.656983e-05	1
17	rs7224388	4226795	0	4.195575e-04	2.545139e-05	1
17	rs7224662	4034731	0	2.561419e-04	1.685825e-05	1
17	rs7224685	4014384	0	5.001489e-04	3.112134e-05	1
17	rs7224706	4123899	0	-4.594214e-04	-2.751991e-05	1
17	rs7225422	3875210	0	-3.019029e-04	-2.049783e-05	1
17	rs7225453	3960620	0	-1.637639e-04	-1.073238e-05	1
17	rs7226139	4310280	0	-7.921255e-04	-4.839485e-05	1
17	rs7226289	4310386	0	-6.802300e-04	-4.092688e-05	1
17	rs72821813	4384824	0	-2.859922e-04	-2.065345e-05	1
17	rs72827365	3995572	0	-1.076547e-05	-7.751720e-07	1
17	rs72829375	4191295	0	3.723440e-04	2.699913e-05	1
17	rs72829383	4214895	0	-8.834058e-04	-6.417573e-05	1
17	rs72829384	4216210	0	-1.810816e-04	-1.306345e-05	1
17	rs72829385	4217151	0	-5.861063e-04	-4.401995e-05	1
17	rs72829386	4217482	0	-7.588011e-04	-5.410315e-05	1
17	rs72829388	4223213	0	-7.851943e-04	-5.638846e-05	1
17	rs72829392	4232007	0	-8.834058e-04	-6.417571e-05	1
17	rs72829396	4245738	0	-1.810816e-04	-1.306345e-05	1
17	rs72829401	4266738	0	-9.916892e-04	-6.584408e-05	1
17	rs72829402	4268341	0	-7.913215e-04	-5.692782e-05	1
17	rs72830093	4434345	0	-4.854903e-05	-3.507532e-06	1
17	rs72831330	4339554	0	6.164113e-04	4.015128e-05	1
17	rs72832024	4502837	0	9.716551e-04	6.793651e-05	1
17	rs72832028	4502961	0	9.716551e-04	6.793651e-05	1
17	rs72833799	4503033	0	9.716551e-04	6.793651e-05	1
17	rs72835603	4506873	0	8.437144e-04	5.788652e-05	1
17	rs72835605	4507507	0	5.933957e-04	3.959415e-05	1
17	rs72835619	4557285	0	-4.053547e-04	-2.601355e-05	1
17	rs72835620	4558128	1	-3.232192e-04	-2.071545e-05	1
17	rs72835625	4560274	0	-3.573095e-04	-2.286855e-05	1
17	rs72835626	4560326	0	-2.068196e-04	-1.296611e-05	1
17	rs72835630	4562449	0	-2.068196e-04	-1.296611e-05	1
17	rs72835633	4562643	3	-3.445057e-04	-2.204347e-05	1
17	rs72835635	4563127	0	-2.068196e-04	-1.296611e-05	1
17	rs729534	4380198	0	-2.139885e-04	-1.527787e-05	1
17	rs729535	4380308	0	1.723238e-04	1.027070e-05	1
17	rs730661	3869210	2	-2.400153e-04	-1.496133e-05	1
17	rs730662	3869263	0	6.889098e-06	4.266903e-07	1
17	rs73316808	4307539	0	1.681933e-04	1.163218e-05	1
17	rs73316816	4308873	0	1.256831e-05	8.905166e-07	1
17	rs73316820	4309282	0	-1.222033e-04	-8.753164e-06	1
17	rs73322630	4310695	0	-2.385314e-04	-1.725514e-05	1
17	rs73323811	4365191	0	7.038522e-04	4.889922e-05	1
17	rs73323818	4368142	0	5.092351e-04	3.465552e-05	1
17	rs73330982	3882932	0	1.853617e-04	1.229548e-05	1
17	rs73330983	3882944	0	1.853617e-04	1.229548e-05	1
17	rs73335842	4435235	0	2.015059e-04	1.406317e-05	1
17	rs73335846	4438287	0	4.434654e-04	3.171133e-05	1
17	rs73337582	4479944	0	1.392011e-04	1.012057e-05	1
17	rs733622	4181122	0	-9.255734e-05	-5.470217e-06	1
17	rs73972071	4063431	1	-4.227961e-04	-2.665042e-05	1
17	rs73973196	4493756	0	1.355912e-03	1.015670e-04	1
17	rs74251388	4479488	0	9.176052e-05	6.082366e-06	1
17	rs743646	4536241	0	3.584957e-04	2.409234e-05	1
17	rs74453759	4041356	0	-8.414208e-04	-6.090746e-05	1
17	rs74458278	4210164	0	4.733615e-04	3.335323e-05	1
17	rs74463681	4036814	0	-5.162649e-04	-3.573741e-05	1
17	rs74476047	4110085	0	1.846790e-05	1.332375e-06	1
17	rs74476560	4075231	0	-6.918679e-04	-4.917976e-05	1
17	rs74498987	4151603	0	-7.560084e-04	-5.393047e-05	1
17	rs74514747	4344762	0	-5.805995e-04	-4.004545e-05	1
17	rs74531603	4329773	0	-1.583398e-04	-1.093487e-05	1
17	rs74592437	4439356	0	7.233342e-04	5.387932e-05	1
17	rs746226	4480221	0	-1.590804e-03	-1.114222e-04	1
17	rs74622661	4183049	2	1.666330e-04	1.159487e-05	1
17	rs746227	4480248	0	-1.185522e-03	-7.635886e-05	1
17	rs74629342	4355650	0	-3.421446e-04	-2.394900e-05	1
17	rs74666636	4382185	0	-3.976771e-04	-2.906297e-05	1
17	rs74687364	4366338	0	-3.421446e-04	-2.394900e-05	1
17	rs74693175	4496810	0	1.836719e-04	1.340918e-05	1
17	rs74693699	4188866	0	1.586230e-04	1.099510e-05	1
17	rs74695038	3878564	0	-2.519951e-04	-1.715275e-05	1
17	rs74728796	4024018	0	-6.432091e-04	-4.517671e-05	1
17	rs747360	4005521	0	1.296357e-04	9.166317e-06	1
17	rs74737121	4034308	0	-6.393666e-05	-4.660880e-06	1
17	rs747678	4404141	0	1.721571e-04	1.177056e-05	1
17	rs74789530	4056046	0	-4.690432e-04	-3.236772e-05	1
17	rs74811538	4344048	0	-6.227246e-04	-4.342079e-05	1
17	rs748694	4550189	0	-7.191848e-04	-4.355164e-05	1
17	rs74877944	3930521	0	-5.662009e-04	-4.029794e-05	1
17	rs74887186	4016096	0	5.180844e-05	3.717762e-06	1
17	rs74899799	3922437	0	-6.359950e-04	-4.569611e-05	1
17	rs74900424	4113760	0	1.244819e-04	8.549127e-06	1
17	rs74938208	4559033	0	-1.695600e-04	-1.201508e-05	1
17	rs74948765	4324292	0	-1.404238e-04	-9.658628e-06	1
17	rs74965902	4061635	0	-6.194930e-04	-4.355398e-05	1
17	rs74970819	4081423	0	-7.071731e-04	-5.018101e-05	1
17	rs749736	4406470	0	8.661481e-04	5.795456e-05	1
17	rs749739	4406973	0	1.860554e-04	1.227679e-05	1
17	rs74974530	4010419	0	-4.510570e-04	-3.107730e-05	1
17	rs75000081	4341773	0	-1.546911e-04	-1.062097e-05	1
17	rs7503427	3881649	0	1.853617e-04	1.229547e-05	1
17	rs7504064	4154376	0	2.103601e-04	1.252107e-05	1
17	rs75054741	4349568	0	-3.547779e-04	-2.591762e-05	1
17	rs75075518	4439366	0	6.373255e-04	4.675545e-05	1
17	rs75116690	3962399	0	-5.681703e-04	-4.013753e-05	1
17	rs751670	4446457	0	-8.658613e-04	-5.917796e-05	1
17	rs75195523	4258331	0	1.897411e-04	1.378471e-05	1
17	rs75203661	4359712	0	2.139815e-04	1.389046e-05	1
17	rs75205432	3897914	0	-6.359950e-04	-4.569610e-05	1
17	rs75208195	4404575	0	-1.887294e-04	-1.379891e-05	1
17	rs75237019	4356132	0	-3.421446e-04	-2.394900e-05	1
17	rs75249501	3952845	0	1.041395e-04	7.408026e-06	1
17	rs75256091	3878245	0	-4.191067e-04	-2.935422e-05	1
17	rs75285223	3948495	0	8.443647e-05	6.070101e-06	1
17	rs75320759	3901650	0	-6.359950e-04	-4.569609e-05	1
17	rs75416268	4558850	0	-3.375331e-04	-2.444820e-05	1
17	rs75444313	4330160	0	-3.822376e-05	-2.625569e-06	1
17	rs75446125	3972093	0	-5.681703e-04	-4.013752e-05	1
17	rs75603355	4328127	0	1.990079e-04	1.352608e-05	1
17	rs75606534	4345893	0	-5.805995e-04	-4.004545e-05	1
17	rs75669552	3968734	0	-5.681703e-04	-4.013751e-05	1
17	rs75700852	4343555	0	-4.169179e-04	-2.897826e-05	1
17	rs75761890	3874473	0	-4.554775e-04	-3.179076e-05	1
17	rs75784051	4369319	0	-2.509562e-04	-1.756964e-05	1
17	rs75785618	3892491	0	-2.823029e-04	-1.939878e-05	1
17	rs75800572	4416037	0	1.203055e-03	9.007487e-05	1
17	rs75825153	4327717	0	2.533883e-04	1.725995e-05	1
17	rs75830769	4033301	0	-3.241128e-04	-2.209961e-05	1
17	rs75848161	4072279	0	-6.194930e-04	-4.355394e-05	1
17	rs75900067	4390143	0	1.354821e-04	9.789999e-06	1
17	rs75902298	4553297	0	2.829713e-05	2.042193e-06	1
17	rs75932023	4200647	0	-4.131554e-04	-2.993099e-05	1
17	rs75981786	3921602	0	-6.359950e-04	-4.569607e-05	1
17	rs75997571	4457617	0	3.408138e-04	2.396391e-05	1
17	rs75999942	4473251	0	9.588930e-05	6.190663e-06	1
17	rs76061991	4041463	0	-7.832305e-04	-5.644037e-05	1
17	rs76124470	4363115	0	-3.421446e-04	-2.394901e-05	1
17	rs76124986	4169286	0	2.070740e-04	1.503371e-05	1
17	rs76255472	3910809	0	-3.211301e-05	-2.294957e-06	1
17	rs76290623	4356079	0	-3.421446e-04	-2.394901e-05	1
17	rs76296375	4107710	0	-1.061368e-04	-7.696055e-06	1
17	rs76341560	4165566	0	4.097498e-04	2.968554e-05	1
17	rs76341803	4325150	0	7.007530e-04	4.701732e-05	1
17	rs76345349	4225075	0	-6.910249e-04	-5.165162e-05	1
17	rs76379310	4346227	0	-5.805995e-04	-4.004545e-05	1
17	rs76401897	3885894	0	9.924737e-05	6.938927e-06	1
17	rs76481447	4060383	0	1.113093e-05	7.957871e-07	1
17	rs76518065	3897583	0	-6.028274e-04	-4.262452e-05	1
17	rs76553126	4080698	0	-8.608168e-06	-6.242688e-07	1
17	rs76563627	3994002	0	-6.457810e-04	-4.574485e-05	1
17	rs76603137	4110156	0	1.846790e-05	1.332370e-06	1
17	rs76628486	4005342	0	-6.393666e-05	-4.660880e-06	1
17	rs76655185	4269345	0	6.009114e-05	3.588987e-06	1
17	rs76675480	4473174	0	9.588930e-05	6.190659e-06	1
17	rs76714610	4217707	0	1.416120e-04	1.007922e-05	1
17	rs76741565	4344539	0	-5.805995e-04	-4.004545e-05	1
17	rs76819625	4355741	0	-3.421446e-04	-2.394901e-05	1
17	rs76877587	4366342	0	-3.421446e-04	-2.394901e-05	1
17	rs76886609	4062261	0	-5.310778e-04	-3.717386e-05	1
17	rs76897384	4371665	0	2.009128e-04	1.427378e-05	1
17	rs76915951	4378105	0	-3.737149e-04	-2.726384e-05	1
17	rs76919645	4479762	0	6.745485e-04	4.484888e-05	1
17	rs76953250	4455162	0	2.616775e-04	1.909111e-05	1
17	rs77015906	4346212	0	-5.805995e-04	-4.004545e-05	1
17	rs77066561	4093430	0	-1.982918e-04	-1.440962e-05	1
17	rs77106352	4343385	0	-1.370095e-04	-9.385754e-06	1
17	rs77109391	4369224	0	-2.509562e-04	-1.756964e-05	1
17	rs77154567	4493626	0	1.103683e-03	7.924132e-05	1
17	rs77157666	4556282	0	4.959784e-04	3.361857e-05	1
17	rs77164297	4024121	0	-3.241128e-04	-2.209958e-05	1
17	rs77200406	4210162	0	4.733615e-04	3.335322e-05	1
17	rs77233461	4487306	0	4.006095e-04	2.608663e-05	1
17	rs77246175	4072761	0	-5.251995e-04	-3.705600e-05	1
17	rs77299470	4330462	0	-3.822376e-05	-2.625574e-06	1
17	rs77301121	4324362	0	3.439013e-05	2.345971e-06	1
17	rs77302896	4343946	0	-5.771903e-04	-4.008862e-05	1
17	rs77305494	4370323	0	-2.509562e-04	-1.756964e-05	1
17	rs77328111	3898908	0	-6.359950e-04	-4.569605e-05	1
17	rs77367817	4021069	0	-6.432091e-04	-4.517663e-05	1
17	rs77483673	4416635	0	-3.687270e-04	-2.631528e-05	1
17	rs77586265	3899595	0	-8.472040e-05	-5.946881e-06	1
17	rs77627231	4551122	0	2.688764e-04	1.759708e-05	1
17	rs77649793	3922129	0	-6.359950e-04	-4.569605e-05	1
17	rs77672908	4324884	0	1.896580e-04	1.299798e-05	1
17	rs77715061	4039800	0	-1.039376e-04	-6.895740e-06	1
17	rs77781604	3982937	0	-3.307534e-04	-2.271635e-05	1
17	rs77781816	3956320	0	-2.806476e-04	-2.036213e-05	1
17	rs77820912	4043252	0	-7.832305e-04	-5.644034e-05	1
17	rs77838037	4149377	0	-7.560084e-04	-5.393037e-05	1
17	rs77872063	4328762	0	2.206688e-04	1.502253e-05	1
17	rs77876138	4412720	0	2.910076e-04	2.056593e-05	1
17	rs77982280	4493423	0	1.189722e-03	8.610479e-05	1
17	rs77988554	4084817	0	-6.194930e-04	-4.355390e-05	1
17	rs78025872	4355581	0	-3.421446e-04	-2.394901e-05	1
17	rs78057571	4324134	0	-1.633381e-04	-1.137681e-05	1
17	rs78058218	4368451	0	-3.093619e-04	-2.169957e-05	1
17	rs78103463	4062774	0	-6.194930e-04	-4.355389e-05	1
17	rs78108103	4373922	0	-3.715922e-04	-2.714111e-05	1
17	rs78116121	4360016	0	3.805884e-04	2.473926e-05	1
17	rs78119913	4079001	0	-7.071731e-04	-5.018092e-05	1
17	rs78150716	4056826	0	-5.821103e-04	-4.083641e-05	1
17	rs781820	3976075	0	6.596001e-04	3.948527e-05	1
17	rs781823	3966280	0	6.922281e-04	4.154303e-05	1
17	rs781824	3966243	0	-5.440667e-04	-3.751580e-05	1
17	rs781825	3966064	0	6.922281e-04	4.154302e-05	1
17	rs781826	3963832	0	6.922281e-04	4.154300e-05	1
17	rs781827	3962965	0	6.922281e-04	4.154299e-05	1
17	rs781831	3947644	0	3.790147e-04	2.241369e-05	1
17	rs781832	3946227	0	4.470406e-04	2.649663e-05	1
17	rs781838	3970176	0	-5.440667e-04	-3.751581e-05	1
17	rs781839	3961489	0	5.652840e-04	3.353184e-05	1
17	rs78183947	4344025	0	-6.836807e-04	-4.799893e-05	1
17	rs781840	3960552	0	7.359060e-04	4.487045e-05	1
17	rs781842	3958955	0	5.909659e-04	3.522545e-05	1
17	rs781845	3958341	0	6.271283e-04	3.744406e-05	1
17	rs781846	3958200	0	-4.384732e-04	-3.009050e-05	1
17	rs781847	3958194	0	6.922281e-04	4.154292e-05	1
17	rs781848	3958105	0	6.922281e-04	4.154291e-05	1
17	rs781850	3957124	0	5.652840e-04	3.353177e-05	1
17	rs781852	3953102	0	6.960886e-04	4.192014e-05	1
17	rs781853	3953083	0	6.186145e-04	3.695695e-05	1
17	rs781854	3951557	0	-3.933751e-05	-2.371804e-06	1
17	rs781858	3922748	0	-1.098348e-05	-6.702778e-07	1
17	rs781859	3923331	0	7.137857e-04	4.334238e-05	1
17	rs781863	3927162	0	3.460413e-05	2.146778e-06	1
17	rs78269879	4092386	0	1.846790e-05	1.332362e-06	1
17	rs78297137	4085322	0	-6.194930e-04	-4.355392e-05	1
17	rs78304436	4135656	0	1.846790e-05	1.332362e-06	1
17	rs78307177	4063036	0	-6.194930e-04	-4.355391e-05	1
17	rs78313623	4340677	0	-1.546911e-04	-1.062096e-05	1
17	rs78407350	4484943	0	4.044025e-04	2.670784e-05	1
17	rs78413523	4360424	0	3.735627e-04	2.436803e-05	1
17	rs78436925	4489295	0	9.577950e-04	6.868246e-05	1
17	rs78539221	4370553	0	-2.509562e-04	-1.756964e-05	1
17	rs78566339	3899077	0	-6.359950e-04	-4.569605e-05	1
17	rs78587276	4167867	0	-5.591619e-05	-4.053918e-06	1
17	rs78591827	4379953	0	-5.103521e-04	-3.632855e-05	1
17	rs78613183	4046929	1	-8.996137e-04	-6.522384e-05	1
17	rs78619322	4559187	0	2.986956e-04	2.171900e-05	1
17	rs78788452	4334321	0	1.856688e-04	1.288941e-05	1
17	rs78795688	4374079	0	1.963549e-04	1.377445e-05	1
17	rs78800959	4055757	0	-6.194930e-04	-4.355390e-05	1
17	rs78806449	3981290	0	-6.304185e-04	-4.449162e-05	1
17	rs78871641	4090202	0	1.846790e-05	1.332361e-06	1
17	rs78897022	4149395	0	-7.560084e-04	-5.393036e-05	1
17	rs78994804	4330974	0	-3.822376e-05	-2.625572e-06	1
17	rs79003551	4010718	0	-4.510570e-04	-3.107722e-05	1
17	rs79020684	4345985	0	-5.805995e-04	-4.004546e-05	1
17	rs79046388	4474525	0	9.588930e-05	6.190645e-06	1
17	rs79058840	3977427	0	-6.329905e-04	-4.506809e-05	1
17	rs79074537	4510526	0	-1.563469e-04	-1.090099e-05	1
17	rs79104573	4041685	0	7.982216e-05	5.748488e-06	1
17	rs79140852	4021191	0	-5.162649e-04	-3.573729e-05	1
17	rs79161808	4553110	0	2.335326e-04	1.690570e-05	1
17	rs79191686	4065304	0	-1.941401e-05	-1.378037e-06	1
17	rs79222290	4062897	0	-6.194930e-04	-4.355388e-05	1
17	rs79241891	4123410	0	1.846790e-05	1.332360e-06	1
17	rs79314782	3972176	0	-5.681703e-04	-4.013744e-05	1
17	rs79348521	3905056	0	-6.359950e-04	-4.569602e-05	1
17	rs79366918	3976901	0	-6.304185e-04	-4.449159e-05	1
17	rs79448132	4134598	0	1.846790e-05	1.332360e-06	1
17	rs79455226	3901887	0	-2.823029e-04	-1.939873e-05	1
17	rs79511276	4480098	0	6.782700e-04	4.530567e-05	1
17	rs79555385	4059489	0	-5.974155e-04	-4.182885e-05	1
17	rs79633250	4137363	0	1.846790e-05	1.332359e-06	1
17	rs79700582	4063014	0	2.459562e-04	1.626099e-05	1
17	rs79707026	4559908	0	4.963019e-04	3.570970e-05	1
17	rs79710268	3871100	0	4.289312e-04	2.907987e-05	1
17	rs79734736	4138867	0	1.846790e-05	1.332359e-06	1
17	rs79794925	4008657	0	-5.949932e-04	-4.164636e-05	1
17	rs79924248	3882646	0	-2.317653e-04	-1.571672e-05	1
17	rs79941024	3899600	0	-6.359950e-04	-4.569600e-05	1
17	rs79962533	4557860	0	6.290082e-04	4.304179e-05	1
17	rs79969075	4092369	0	1.846790e-05	1.332359e-06	1
17	rs79974364	4326213	0	1.888870e-04	1.293340e-05	1
17	rs80008187	4077540	0	1.999084e-04	1.428146e-05	1
17	rs80048946	4021150	0	-6.432091e-04	-4.517657e-05	1
17	rs80050569	4425665	0	5.734662e-04	4.161036e-05	1
17	rs80063675	4104813	0	1.846790e-05	1.332358e-06	1
17	rs80097237	4136283	0	1.846790e-05	1.332358e-06	1
17	rs80261572	4056605	0	-6.005179e-04	-4.202288e-05	1
17	rs80264209	4484902	0	4.044025e-04	2.670784e-05	1
17	rs80286251	4089605	0	5.023822e-05	3.625619e-06	1
17	rs80297600	4326156	0	-1.853731e-04	-1.210385e-05	1
17	rs80340766	4479650	0	2.852826e-04	1.907862e-05	1
17	rs8064596	4271792	0	-1.574011e-05	-9.443102e-07	1
17	rs8064599	4331971	0	8.458031e-04	5.461906e-05	1
17	rs8064712	4039857	0	3.464136e-04	2.293632e-05	1
17	rs8064762	4340886	0	5.154015e-04	3.325543e-05	1
17	rs8064913	4328424	0	2.206688e-04	1.502252e-05	1
17	rs8065054	3979907	0	1.232991e-04	8.092158e-06	1
17	rs8065185	3979982	0	1.232991e-04	8.092155e-06	1
17	rs8065280	4231352	0	-2.015543e-04	-1.236363e-05	1
17	rs8065494	4039616	0	3.615389e-04	2.388514e-05	1
17	rs8065643	4145160	0	-4.613363e-05	-3.316557e-06	1
17	rs8065660	4000858	0	2.073145e-04	1.358600e-05	1
17	rs8065673	3979576	0	7.600020e-05	4.997425e-06	1
17	rs8065781	3900911	0	-6.359950e-04	-4.569599e-05	1
17	rs8066238	3876037	0	8.643716e-05	5.236319e-06	1
17	rs8066272	3900528	0	5.876025e-04	3.521798e-05	1
17	rs8066298	3997516	0	2.073145e-04	1.358600e-05	1
17	rs8066337	4048081	0	-2.498929e-05	-1.531639e-06	1
17	rs8066352	3979616	0	2.516715e-04	1.656969e-05	1
17	rs8066378	3996334	0	2.073145e-04	1.358599e-05	1
17	rs8066416	4328322	0	2.206688e-04	1.502252e-05	1
17	rs8066429	4277672	0	-3.092583e-04	-1.874425e-05	1
17	rs8066446	4101198	0	4.046349e-04	2.530047e-05	1
17	rs8066580	3996494	0	2.073145e-04	1.358599e-05	1
17	rs8066707	3996550	0	5.264107e-04	3.506266e-05	1
17	rs8066746	4151820	0	-1.276504e-04	-9.122282e-06	1
17	rs8066776	4328581	0	2.206688e-04	1.502252e-05	1
17	rs8066855	4256278	0	1.613344e-04	9.580582e-06	1
17	rs8067213	4474751	0	-9.896919e-04	-6.372960e-05	1
17	rs8067333	3997504	0	1.157399e-05	7.162744e-07	1
17	rs8067594	4052566	0	-6.194930e-04	-4.355384e-05	1
17	rs8067721	4332698	4	9.771399e-04	6.416997e-05	1
17	rs8067816	4256877	0	1.367332e-04	8.282253e-06	1
17	rs8067977	4256243	0	1.613344e-04	9.580579e-06	1
17	rs8068010	4332120	0	8.458031e-04	5.461904e-05	1
17	rs8068319	4331793	0	8.458031e-04	5.461903e-05	1
17	rs8068429	4156160	0	-2.655580e-04	-1.609401e-05	1
17	rs8068460	4404574	0	4.314242e-04	2.825298e-05	1
17	rs8068536	4332476	0	-3.822376e-05	-2.625588e-06	1
17	rs8068543	4027972	0	4.482940e-04	2.983749e-05	1
17	rs8068577	4325923	0	1.163605e-04	6.878793e-06	1
17	rs8068630	4331975	0	8.458031e-04	5.461902e-05	1
17	rs8068681	4487302	0	8.570920e-04	5.845219e-05	1
17	rs8068804	3985864	0	9.044468e-04	5.859250e-05	1
17	rs8068887	4332691	2	1.456005e-03	1.044618e-04	1
17	rs8068947	3976439	0	2.516715e-04	1.656968e-05	1
17	rs8069078	4000468	0	2.073145e-04	1.358597e-05	1
17	rs8069102	4390529	0	-1.460767e-03	-1.140823e-04	1
17	rs8069466	3906875	0	3.755870e-04	2.491673e-05	1
17	rs8069469	3976784	0	1.232991e-04	8.092124e-06	1
17	rs8069643	3971237	0	6.337567e-04	4.126255e-05	1
17	rs8069766	4325937	0	2.015678e-04	1.218810e-05	1
17	rs8069769	4162965	0	-3.137162e-04	-1.885458e-05	1
17	rs8070006	4329281	0	3.497706e-04	2.159725e-05	1
17	rs8070037	4039569	0	3.950056e-04	2.625008e-05	1
17	rs8070100	3901265	0	3.755870e-04	2.491672e-05	1
17	rs8070159	4073447	0	3.655859e-04	2.257832e-05	1
17	rs8070160	4478659	0	1.222833e-04	7.912848e-06	1
17	rs8070203	3876148	0	-1.116426e-04	-6.717440e-06	1
17	rs8070464	4512492	0	-1.110472e-04	-6.640364e-06	1
17	rs8070577	3988150	0	2.580092e-04	1.676915e-05	1
17	rs8070665	4039955	0	3.317389e-04	2.197293e-05	1
17	rs8070737	3981066	0	9.703881e-05	6.390032e-06	1
17	rs8070786	4379067	0	-9.372184e-04	-6.438872e-05	1
17	rs8071406	3894871	0	-2.823029e-04	-1.939871e-05	1
17	rs8071596	4157057	0	-2.940382e-04	-1.768641e-05	1
17	rs8071738	4165956	0	3.167005e-04	2.116340e-05	1
17	rs8071809	3939632	0	8.929072e-05	5.656705e-06	1
17	rs8072247	3903120	0	-1.944557e-04	-1.337154e-05	1
17	rs8072251	4212108	0	-1.421395e-04	-8.430793e-06	1
17	rs8072296	4261050	0	1.613344e-04	9.580540e-06	1
17	rs8072738	4132166	0	-1.061368e-04	-7.696069e-06	1
17	rs8072805	3932016	0	-3.170752e-05	-1.998387e-06	1
17	rs8072924	4326360	0	1.153177e-03	7.885954e-05	1
17	rs8073322	4354293	0	1.991284e-04	1.312018e-05	1
17	rs8073532	4391714	0	-5.366921e-04	-3.867603e-05	1
17	rs8073862	4217500	0	-2.207492e-04	-1.354690e-05	1
17	rs8073872	4332965	0	8.458031e-04	5.461900e-05	1
17	rs8074058	4156129	0	1.740210e-04	1.038071e-05	1
17	rs8074189	4334409	0	8.458031e-04	5.461899e-05	1
17	rs8074454	3981148	0	7.775027e-04	4.961465e-05	1
17	rs8074770	4242178	0	-5.264504e-04	-3.299378e-05	1
17	rs8074860	3986657	0	2.714309e-04	1.753738e-05	1
17	rs8075039	4330161	0	2.015678e-04	1.218811e-05	1
17	rs8075310	4254487	2	-4.603956e-04	-2.874745e-05	1
17	rs8075429	3907308	0	4.596406e-04	2.730480e-05	1
17	rs8075562	3916823	0	1.266011e-05	7.977740e-07	1
17	rs8075601	3872399	0	-1.954573e-04	-1.243382e-05	1
17	rs8075754	3916278	0	1.266011e-05	7.977735e-07	1
17	rs8076142	4512515	0	6.502854e-04	4.381001e-05	1
17	rs8076592	4053943	0	-1.735169e-04	-1.055500e-05	1
17	rs8076743	3916537	0	-5.345615e-05	-3.518548e-06	1
17	rs8076857	3894796	0	-2.823029e-04	-1.939871e-05	1
17	rs8077174	4043545	0	3.464136e-04	2.293626e-05	1
17	rs8077342	3920432	0	2.787190e-05	1.764966e-06	1
17	rs8077986	3902951	0	-1.744063e-04	-1.149436e-05	1
17	rs8078058	4331078	0	3.699330e-04	2.424433e-05	1
17	rs8078081	4327367	0	6.547741e-04	4.368786e-05	1
17	rs8078211	4135273	0	1.846790e-05	1.332351e-06	1
17	rs8078296	4057527	0	-5.974155e-04	-4.182882e-05	1
17	rs8078345	4251876	1	1.574395e-04	9.352653e-06	1
17	rs8078354	4376832	0	1.339249e-03	8.917099e-05	1
17	rs8078425	3904415	0	-9.886807e-05	-6.126672e-06	1
17	rs8078629	3983964	0	2.714309e-04	1.753737e-05	1
17	rs8078744	4377095	0	1.292253e-03	8.551891e-05	1
17	rs8079258	3996380	0	1.277696e-04	8.382050e-06	1
17	rs8079595	4151867	0	1.846790e-05	1.332351e-06	1
17	rs8079619	4047637	0	-2.684713e-04	-1.655802e-05	1
17	rs8079766	3938215	0	-3.515218e-04	-2.133593e-05	1
17	rs8079786	4380224	0	5.206211e-04	3.708010e-05	1
17	rs8079863	4371121	0	2.311560e-04	1.502320e-05	1
17	rs8080042	4468244	0	2.972013e-05	1.969923e-06	1
17	rs8080327	4047741	0	-1.881160e-04	-1.172367e-05	1
17	rs8080452	4157997	0	-8.316541e-04	-5.309222e-05	1
17	rs8081260	3981937	0	2.714309e-04	1.753737e-05	1
17	rs8081282	3981981	0	1.232991e-04	8.092100e-06	1
17	rs8081417	3902650	0	7.222475e-04	4.543442e-05	1
17	rs8081713	4271994	0	-2.997875e-05	-1.806256e-06	1
17	rs8081739	4043636	0	3.473217e-04	2.308389e-05	1
17	rs8081968	3984117	0	8.421986e-04	5.395387e-05	1
17	rs8082036	3882613	0	-3.879232e-05	-2.290333e-06	1
17	rs8082227	3991563	0	-2.932584e-05	-1.960635e-06	1
17	rs8082381	4389267	0	-2.257449e-04	-1.577052e-05	1
17	rs8082425	3991706	0	2.073145e-04	1.358592e-05	1
17	rs8082483	4000849	0	1.186577e-04	7.754746e-06	1
17	rs812996	3965674	0	6.922281e-04	4.154271e-05	1
17	rs8261	4067415	0	-3.976186e-04	-2.782033e-05	1
17	rs86946	4382260	0	-1.029039e-03	-7.173975e-05	1
17	rs872302	3913500	12	-2.812158e-04	-1.915962e-05	1
17	rs872980	4488414	0	-2.037451e-03	-1.582750e-04	1
17	rs882847	4382729	0	2.107939e-05	1.255674e-06	1
17	rs882890	4360895	0	7.447842e-04	4.643105e-05	1
17	rs884250	4351640	0	6.346968e-04	4.367115e-05	1
17	rs884251	4351787	0	6.346968e-04	4.367114e-05	1
17	rs893380	4198034	0	7.682655e-06	4.691905e-07	1
17	rs897023	4005172	0	-5.616078e-04	-3.333116e-05	1
17	rs897026	3980318	0	6.596001e-04	3.948492e-05	1
17	rs897027	4052290	0	-2.451645e-04	-1.534913e-05	1
17	rs899454	4406149	0	-1.808154e-05	-1.180183e-06	1
17	rs903579	4360532	0	4.465396e-04	2.618931e-05	1
17	rs9303185	4212894	0	9.820150e-05	5.938066e-06	1
17	rs938624	3914484	0	3.281373e-05	2.009036e-06	1
17	rs938626	3904542	0	2.220279e-05	1.362883e-06	1
17	rs952079	4319606	0	-7.690447e-04	-4.754043e-05	1
17	rs954524	4355173	0	1.198112e-03	7.842945e-05	1
17	rs965515	4038149	0	1.489088e-04	9.731869e-06	1
17	rs965516	4038014	0	-7.319854e-04	-4.851281e-05	1
17	rs968114	3935370	0	1.112297e-05	7.039699e-07	1
17	rs968115	3935223	0	2.626524e-04	1.744402e-05	1
17	rs9889598	4336687	0	7.267464e-04	4.653284e-05	1
17	rs9889686	4300160	0	5.364065e-04	3.513933e-05	1
17	rs9889739	4242389	0	1.826492e-04	1.190498e-05	1
17	rs9889800	4035820	3	3.413999e-04	2.270155e-05	1
17	rs9889867	4363939	0	5.716262e-04	3.898259e-05	1
17	rs9890170	4114292	0	-6.475071e-04	-4.501164e-05	1
17	rs9890230	3908905	0	3.755870e-04	2.491664e-05	1
17	rs9890303	4035336	0	1.114582e-04	7.297169e-06	1
17	rs9890383	3878567	0	4.204445e-05	2.745244e-06	1
17	rs9890496	4323336	0	-1.854301e-04	-1.146595e-05	1
17	rs9890881	4012739	0	1.644620e-04	1.076961e-05	1
17	rs9890941	4410693	0	7.079255e-04	5.216273e-05	1
17	rs9891059	4300706	0	5.777801e-04	3.740565e-05	1
17	rs9891113	3881130	0	-8.006525e-05	-4.715032e-06	1
17	rs9891850	3970523	0	2.075471e-04	1.508319e-05	1
17	rs9891940	3913998	3	3.105243e-06	1.840783e-07	1
17	rs9892252	3942367	0	2.626524e-04	1.744400e-05	1
17	rs9892386	4030955	0	2.561419e-04	1.685801e-05	1
17	rs9892466	3969527	0	1.109351e-03	7.290612e-05	1
17	rs9892743	4419876	0	8.020588e-04	5.920082e-05	1
17	rs9892804	3970218	0	2.834418e-04	1.867907e-05	1
17	rs9893302	3970408	0	1.232991e-04	8.092026e-06	1
17	rs9893691	4185624	0	-3.424160e-04	-2.055528e-05	1
17	rs9893803	4472793	0	-5.925754e-04	-3.772936e-05	1
17	rs9894225	4546559	0	2.750576e-04	1.693133e-05	1
17	rs9894282	3958282	0	6.382820e-05	4.164258e-06	1
17	rs9894290	4298553	0	4.684172e-04	3.054562e-05	1
17	rs9894540	3909081	0	3.755870e-04	2.491660e-05	1
17	rs9894697	4416638	0	9.737093e-04	6.226052e-05	1
17	rs9894769	4298707	8	-3.890274e-04	-2.596161e-05	1
17	rs9895176	4416157	0	7.079255e-04	5.216272e-05	1
17	rs9895232	4519139	0	-2.301186e-04	-1.366274e-05	1
17	rs9895252	3909383	0	3.755870e-04	2.491660e-05	1
17	rs9895575	3909564	0	1.340693e-06	6.987935e-08	1
17	rs9895903	3870462	0	9.089108e-05	6.582503e-06	1
17	rs9896111	4407712	0	4.427172e-04	2.889034e-05	1
17	rs9896359	4472798	0	-5.925754e-04	-3.772936e-05	1
17	rs9896963	3966591	0	6.337567e-04	4.126244e-05	1
17	rs9897057	4219252	0	3.405760e-04	2.095505e-05	1
17	rs9897059	4374275	0	-3.480689e-04	-2.239702e-05	1
17	rs9897516	3923718	0	2.664044e-04	1.770559e-05	1
17	rs9897747	4298926	0	9.411632e-04	6.176734e-05	1
17	rs9897753	4036862	0	2.561419e-04	1.685797e-05	1
17	rs9898010	4404070	0	6.443425e-04	4.515492e-05	1
17	rs9898062	4374062	0	-9.706768e-05	-6.220130e-06	1
17	rs9898457	4429147	0	5.760650e-04	3.672451e-05	1
17	rs9898936	4131754	0	1.356055e-04	8.064110e-06	1
17	rs9898961	4420182	0	7.079255e-04	5.216272e-05	1
17	rs9899108	4036725	0	3.504290e-04	2.315459e-05	1
17	rs9899237	4277927	0	-2.738615e-04	-1.656491e-05	1
17	rs9899313	4036805	0	2.561419e-04	1.685796e-05	1
17	rs9899558	4429590	0	4.533626e-04	2.867385e-05	1
17	rs9899585	4419941	0	9.134089e-04	6.917837e-05	1
17	rs9899913	4332454	0	8.458031e-04	5.461898e-05	1
17	rs9899942	4349132	0	-3.594946e-04	-2.153463e-05	1
17	rs9899999	4325239	0	5.149449e-04	3.090713e-05	1
17	rs9900067	4429853	0	4.533626e-04	2.867385e-05	1
17	rs9900322	4429265	0	6.054043e-04	3.848617e-05	1
17	rs9900421	3973021	0	4.438236e-04	2.954623e-05	1
17	rs9900435	4031305	0	2.561419e-04	1.685796e-05	1
17	rs9900637	3951975	0	-2.041681e-05	-1.206836e-06	1
17	rs9900661	3962450	0	5.434685e-04	3.536403e-05	1
17	rs9900999	4416980	0	1.202318e-03	7.818753e-05	1
17	rs9901620	4165741	0	2.382182e-05	1.478178e-06	1
17	rs9901660	3955602	0	4.663719e-04	3.091868e-05	1
17	rs9901991	4447559	0	5.145508e-04	3.740447e-05	1
17	rs9902801	3885504	0	6.734520e-05	4.838356e-06	1
17	rs9903584	4298940	0	6.056194e-04	3.994895e-05	1
17	rs9904017	3879493	0	-4.412335e-04	-3.099969e-05	1
17	rs9904222	4056542	0	2.705831e-04	1.801680e-05	1
17	rs9904360	4337802	0	8.603115e-04	5.599501e-05	1
17	rs9904583	4417481	0	9.000776e-04	6.809900e-05	1
17	rs9905309	4036550	0	2.561419e-04	1.685795e-05	1
17	rs9905631	4056399	0	2.132367e-04	1.408733e-05	1
17	rs9905742	4443075	0	6.491271e-04	4.763041e-05	1
17	rs9905748	3968639	0	6.490619e-04	4.281574e-05	1
17	rs9905803	4036752	0	2.561419e-04	1.685794e-05	1
17	rs9905832	3968296	0	3.112750e-04	2.074018e-05	1
17	rs9906064	4308647	0	2.918483e-04	1.895212e-05	1
17	rs9906080	4032167	0	2.561419e-04	1.685793e-05	1
17	rs9906111	4335043	0	9.081107e-04	5.919279e-05	1
17	rs9906524	4111727	0	-3.610973e-04	-2.175601e-05	1
17	rs9906642	4546989	0	-3.230919e-04	-1.940052e-05	1
17	rs9906760	4278835	0	-3.092583e-04	-1.874443e-05	1
17	rs9907224	4451545	0	5.279241e-04	3.851661e-05	1
17	rs9907342	4031386	0	2.561419e-04	1.685793e-05	1
17	rs9907369	4120494	0	-7.071958e-05	-4.208569e-06	1
17	rs9907835	4011194	0	2.497343e-04	1.642007e-05	1
17	rs9908148	4041469	0	2.180413e-04	1.436968e-05	1
17	rs9908232	4032356	0	2.561419e-04	1.685792e-05	1
17	rs9908377	4120933	0	-2.636934e-04	-1.579296e-05	1
17	rs9908412	4016711	0	3.524379e-04	2.344719e-05	1
17	rs9908546	4025884	0	1.277696e-04	8.381903e-06	1
17	rs9908855	4300074	0	6.010854e-04	3.960302e-05	1
17	rs9908863	4300082	0	6.010854e-04	3.960302e-05	1
17	rs9908942	3868919	0	-1.007172e-04	-6.275947e-06	1
17	rs9909196	4143438	0	-1.689579e-04	-1.006876e-05	1
17	rs9909229	3907211	0	3.755870e-04	2.491653e-05	1
17	rs9909518	3924050	0	2.664044e-04	1.770553e-05	1
17	rs9909751	4299256	0	9.718767e-04	6.407535e-05	1
17	rs9909779	3868905	0	-1.007172e-04	-6.275956e-06	1
17	rs9909816	4300497	0	4.827494e-04	3.149277e-05	1
17	rs9910462	3972725	0	4.438236e-04	2.954617e-05	1
17	rs9910749	4448236	0	7.712593e-04	5.631015e-05	1
17	rs9911475	4146311	0	-4.198555e-04	-2.535760e-05	1
17	rs9911552	4563489	0	-2.237509e-04	-1.414280e-05	1
17	rs9911792	3968331	0	1.232991e-04	8.091936e-06	1
17	rs9912246	4388334	0	-2.609740e-04	-1.809823e-05	1
17	rs9912501	3881345	0	-3.508597e-06	-2.227535e-07	1
17	rs9912524	4184219	0	-1.266259e-04	-7.496535e-06	1
17	rs9912870	3969351	0	4.755939e-04	3.172191e-05	1
17	rs9913077	4153807	0	9.666247e-05	5.732893e-06	1
17	rs9913489	4184641	0	-1.266259e-04	-7.496528e-06	1
17	rs9914106	4066833	0	1.173868e-03	7.954765e-05	1
17	rs9914203	3899643	0	1.413125e-04	1.001486e-05	1
17	rs9914759	4032245	0	1.277696e-04	8.381870e-06	1
17	rs9915261	3868738	0	-1.523824e-04	-9.502758e-06	1
17	rs9915287	3868768	0	-1.007172e-04	-6.275977e-06	1
17	rs9915670	4143290	0	-1.679465e-04	-1.001349e-05	1
17	rs9915840	4100157	0	-6.610717e-04	-4.697605e-05	1
17	rs9915922	4083242	0	-1.667798e-05	-1.044266e-06	1
17	rs9916429	4424196	0	7.212568e-04	5.317575e-05	1
17	rs9916457	3929659	0	2.827557e-04	1.800301e-05	1
17	rs9916478	4424965	0	5.062410e-04	3.541272e-05	1
17	rs9916799	4323989	0	1.346216e-04	7.776257e-06	1
17	rs9989438	4271309	0	-1.642755e-04	-9.986152e-06	1
17	rs9989459	4271238	0	-2.997875e-05	-1.806427e-06	1
