chr	rs	ps	n_miss	b	beta	gamma
10	rs1003025	98089216	0	1.216295e-04	3.518390e-06	1
10	rs10047379	98809619	0	5.987810e-04	1.750397e-05	1
10	rs1010719	98257739	0	-4.072750e-04	-1.145395e-05	1
10	rs10128106	98319236	0	-4.901454e-04	-1.354363e-05	1
10	rs1018604	98341583	0	-2.919117e-04	-8.011769e-06	1
10	rs1018605	98341555	0	-4.156852e-04	-1.146024e-05	1
10	rs10218881	98103533	0	-7.487315e-05	-2.155853e-06	1
10	rs10218891	98396889	0	4.531057e-04	1.274879e-05	1
10	rs10219031	98709652	0	-3.505856e-05	-1.039333e-06	1
10	rs1023741	98422896	0	6.160318e-04	1.800179e-05	1
10	rs1036432	98395287	0	1.639989e-04	4.557148e-06	1
10	rs10430660	98674939	0	-1.606439e-04	-4.746061e-06	1
10	rs10437452	98732508	0	4.779084e-04	1.392652e-05	1
10	rs1044029	98278823	0	-1.343842e-04	-3.942421e-06	1
10	rs10509707	98049204	0	1.801625e-04	5.267830e-06	1
10	rs10509708	98069164	0	-1.295679e-04	-3.754209e-06	1
10	rs10509709	98164357	0	-5.367117e-04	-1.591818e-05	1
10	rs10509710	98181737	0	1.732112e-04	4.789669e-06	1
10	rs10509711	98284894	1	-3.056464e-05	-8.194746e-07	1
10	rs10509712	98433420	0	6.163533e-04	1.793283e-05	1
10	rs1051450	98353804	0	4.236162e-04	1.194803e-05	1
10	rs1062176	98346649	10	4.332568e-04	1.239887e-05	1
10	rs1063605	98354373	0	3.381854e-04	9.573130e-06	1
10	rs10736101	98081257	0	-5.689125e-05	-1.622841e-06	1
10	rs10736104	98122334	0	-4.266304e-04	-1.241402e-05	1
10	rs10736106	98123188	0	-1.124568e-04	-3.178763e-06	1
10	rs10736109	98227947	0	5.675011e-04	1.588753e-05	1
10	rs10736110	98238284	0	1.350251e-03	4.046860e-05	1
10	rs10736111	98238298	0	1.091803e-03	3.212994e-05	1
10	rs10736112	98248604	0	1.294916e-03	3.813054e-05	1
10	rs10736113	98312891	0	6.433967e-05	1.841389e-06	1
10	rs10736114	98375000	0	-4.209797e-04	-1.169095e-05	1
10	rs10748671	98114174	0	-4.912542e-04	-1.391555e-05	1
10	rs10748673	98122352	0	-1.124568e-04	-3.178764e-06	1
10	rs10748679	98220462	0	-1.922172e-04	-5.337349e-06	1
10	rs10748680	98243821	0	5.694340e-04	1.658753e-05	1
10	rs10748681	98271878	0	4.368690e-04	1.212815e-05	1
10	rs10748682	98292501	0	1.360823e-05	3.789329e-07	1
10	rs10748683	98351182	0	7.554895e-05	2.165163e-06	1
10	rs10748684	98360301	0	2.111879e-04	6.033457e-06	1
10	rs10786276	98077526	0	-3.825960e-04	-1.101635e-05	1
10	rs10786277	98088945	0	-2.241575e-05	-6.237112e-07	1
10	rs10786278	98093950	0	1.304569e-04	3.691925e-06	1
10	rs10786279	98093960	0	-2.241575e-05	-6.237093e-07	1
10	rs10786282	98122808	0	-1.124568e-04	-3.178763e-06	1
10	rs10786284	98135505	0	9.828947e-04	2.798964e-05	1
10	rs10786290	98218201	0	-3.807109e-04	-1.061201e-05	1
10	rs10786291	98223002	0	1.956738e-04	5.417061e-06	1
10	rs10786292	98223756	0	1.383153e-04	3.824676e-06	1
10	rs10786293	98228885	0	6.716132e-04	1.939028e-05	1
10	rs10786294	98229236	0	8.092617e-05	2.224055e-06	1
10	rs10786295	98245827	0	4.855338e-04	1.409215e-05	1
10	rs10786302	98351540	0	7.554895e-05	2.165158e-06	1
10	rs10786303	98360752	0	2.078207e-04	5.936105e-06	1
10	rs10786304	98366585	0	-4.599849e-05	-1.323597e-06	1
10	rs10786316	98684650	0	-3.505856e-05	-1.039333e-06	1
10	rs10882767	98036343	0	2.994557e-04	8.728948e-06	1
10	rs10882768	98053312	0	1.801625e-04	5.267826e-06	1
10	rs10882771	98075494	2	-1.017323e-04	-2.848029e-06	1
10	rs10882772	98076034	0	-3.108046e-04	-9.048867e-06	1
10	rs10882773	98088387	0	2.042453e-04	5.765722e-06	1
10	rs10882774	98091100	0	2.042453e-04	5.765723e-06	1
10	rs10882775	98101357	0	-7.487315e-05	-2.155856e-06	1
10	rs10882777	98119560	0	-5.329255e-04	-1.505375e-05	1
10	rs10882778	98120366	0	-2.472400e-04	-6.956681e-06	1
10	rs10882779	98120690	0	-6.467553e-04	-1.831603e-05	1
10	rs10882781	98122596	0	-7.042356e-04	-1.977879e-05	1
10	rs10882783	98132878	0	-6.896243e-04	-2.021747e-05	1
10	rs10882786	98160493	0	1.352160e-03	3.960206e-05	1
10	rs10882793	98217526	0	1.600832e-04	4.536581e-06	1
10	rs10882794	98220613	0	3.320621e-04	9.474664e-06	1
10	rs10882795	98228431	0	3.479539e-04	9.931419e-06	1
10	rs10882796	98232659	0	3.844391e-04	1.098416e-05	1
10	rs10882797	98236531	0	-8.944630e-04	-2.665853e-05	1
10	rs10882799	98247618	0	6.321499e-04	1.813287e-05	1
10	rs10882800	98248111	0	-8.956048e-04	-2.666965e-05	1
10	rs10882801	98249002	0	1.371565e-03	4.064820e-05	1
10	rs10882802	98251214	0	6.221048e-04	1.814453e-05	1
10	rs10882803	98251379	0	1.028411e-03	2.963967e-05	1
10	rs10882807	98268119	0	-1.300233e-03	-3.795545e-05	1
10	rs10882808	98277692	0	-7.472274e-04	-2.126240e-05	1
10	rs10882809	98279122	1	4.945287e-04	1.414274e-05	1
10	rs10882811	98289250	0	-3.701729e-04	-1.019196e-05	1
10	rs10882812	98292461	0	-7.650511e-04	-2.180441e-05	1
10	rs10882813	98293392	0	-3.519314e-04	-9.676304e-06	1
10	rs10882815	98301502	0	4.962544e-04	1.419199e-05	1
10	rs10882817	98313063	0	-4.559330e-04	-1.258006e-05	1
10	rs10882819	98317161	0	1.806530e-04	4.990630e-06	1
10	rs10882821	98323095	0	4.560067e-04	1.301946e-05	1
10	rs10882822	98323591	0	-1.824783e-04	-5.000802e-06	1
10	rs10882825	98362852	0	1.559762e-04	4.460385e-06	1
10	rs10882826	98371084	0	-3.440588e-04	-9.544053e-06	1
10	rs10882827	98371790	0	2.943690e-04	8.344802e-06	1
10	rs10882828	98374601	0	3.443056e-04	9.610140e-06	1
10	rs10882831	98389401	0	-5.426763e-04	-1.604874e-05	1
10	rs10882842	98557448	0	7.199517e-04	2.019842e-05	1
10	rs10882847	98597027	0	-3.029735e-04	-8.983613e-06	1
10	rs10882852	98628232	0	-3.505856e-05	-1.039334e-06	1
10	rs10882855	98659820	0	7.543256e-05	2.232253e-06	1
10	rs10882856	98682747	0	7.543256e-05	2.232253e-06	1
10	rs10882858	98700280	6	-1.105903e-04	-3.272112e-06	1
10	rs10882861	98751443	0	5.110066e-04	1.517434e-05	1
10	rs10882863	98812636	0	8.663803e-05	2.393232e-06	1
10	rs10882864	98815011	0	-5.420857e-04	-1.518886e-05	1
10	rs111453139	98812106	0	5.613802e-04	1.640031e-05	1
10	rs111682442	98583442	0	5.069864e-04	1.477808e-05	1
10	rs111857496	98431120	0	3.493297e-07	6.829683e-09	1
10	rs111863727	98602521	0	4.332916e-04	1.298740e-05	1
10	rs11188697	98050113	0	1.790074e-04	5.137909e-06	1
10	rs11188699	98053562	0	1.801625e-04	5.267820e-06	1
10	rs11188702	98070593	0	7.936575e-05	2.310155e-06	1
10	rs11188704	98072849	0	-1.161489e-04	-3.363860e-06	1
10	rs11188705	98074140	0	-4.446178e-05	-1.282652e-06	1
10	rs11188709	98076210	0	-1.832985e-04	-5.328135e-06	1
10	rs11188710	98078001	0	-4.156055e-04	-1.191218e-05	1
10	rs11188715	98084449	0	-3.253826e-04	-9.561869e-06	1
10	rs11188722	98099578	0	4.135890e-05	1.196354e-06	1
10	rs11188724	98104703	0	2.244808e-05	6.520261e-07	1
10	rs11188725	98104901	0	2.244808e-05	6.520265e-07	1
10	rs11188731	98113563	0	2.241290e-04	6.612474e-06	1
10	rs11188733	98115056	0	-2.466893e-05	-7.359748e-07	1
10	rs11188734	98117931	4	-1.082578e-04	-3.014477e-06	1
10	rs11188735	98118248	0	-5.625375e-04	-1.589088e-05	1
10	rs11188736	98118257	0	-3.199472e-04	-8.994321e-06	1
10	rs11188738	98135448	0	8.236655e-04	2.323263e-05	1
10	rs11188739	98135631	0	1.117691e-03	3.215321e-05	1
10	rs11188740	98137255	0	-3.165619e-04	-9.196875e-06	1
10	rs11188741	98148857	0	-1.083703e-04	-3.094562e-06	1
10	rs11188743	98151594	0	-6.738415e-04	-1.893250e-05	1
10	rs11188744	98154285	0	1.214995e-03	3.518592e-05	1
10	rs11188748	98166356	0	-2.843668e-04	-7.825503e-06	1
10	rs11188758	98206115	0	-1.655604e-04	-4.788414e-06	1
10	rs11188759	98206471	0	4.147517e-04	1.200214e-05	1
10	rs11188763	98214994	1	-3.746522e-04	-1.091834e-05	1
10	rs11188764	98215376	0	4.713195e-04	1.363875e-05	1
10	rs11188765	98217662	0	-4.513395e-04	-1.260814e-05	1
10	rs11188766	98218340	8	5.799531e-04	1.627989e-05	1
10	rs11188771	98220205	0	2.395218e-04	6.816628e-06	1
10	rs11188773	98223221	0	3.320621e-04	9.474648e-06	1
10	rs11188774	98226933	0	2.554136e-04	7.271241e-06	1
10	rs11188775	98226956	0	5.574770e-04	1.615372e-05	1
10	rs11188777	98229577	0	6.954268e-04	2.008787e-05	1
10	rs11188778	98230259	0	2.554136e-04	7.271238e-06	1
10	rs11188780	98232382	0	-7.778662e-05	-2.165675e-06	1
10	rs11188781	98236428	0	1.164087e-03	3.376475e-05	1
10	rs11188782	98236565	0	1.023053e-03	2.985212e-05	1
10	rs11188783	98238595	0	-1.364155e-04	-3.786603e-06	1
10	rs11188784	98242457	0	-5.009476e-06	-1.383685e-07	1
10	rs11188785	98243127	0	5.694340e-04	1.658752e-05	1
10	rs11188786	98243844	0	-8.275963e-04	-2.453612e-05	1
10	rs11188789	98249591	0	2.153623e-04	6.018427e-06	1
10	rs11188790	98249713	0	-8.507904e-05	-2.355240e-06	1
10	rs11188791	98250855	0	-8.430078e-04	-2.502384e-05	1
10	rs11188793	98251104	0	-7.676443e-04	-2.268823e-05	1
10	rs11188798	98255293	0	-2.627719e-04	-7.684257e-06	1
10	rs11188804	98264415	0	-5.222648e-04	-1.526781e-05	1
10	rs11188809	98275970	0	4.962544e-04	1.419197e-05	1
10	rs11188810	98275988	0	4.962544e-04	1.419196e-05	1
10	rs11188811	98275999	0	5.176932e-05	1.452914e-06	1
10	rs11188812	98276343	0	1.235025e-03	3.761161e-05	1
10	rs11188813	98279190	1	5.384312e-04	1.542717e-05	1
10	rs11188814	98285539	1	5.701544e-04	1.635472e-05	1
10	rs11188817	98292601	0	4.962544e-04	1.419195e-05	1
10	rs11188821	98301384	0	5.176932e-05	1.452902e-06	1
10	rs11188822	98302362	0	5.827068e-04	1.663084e-05	1
10	rs11188825	98311920	0	4.962544e-04	1.419194e-05	1
10	rs11188826	98317777	0	-2.822166e-05	-8.380413e-07	1
10	rs11188827	98319016	0	-2.919117e-04	-8.011687e-06	1
10	rs11188831	98328512	0	3.820341e-04	1.091292e-05	1
10	rs11188832	98329958	0	3.417864e-04	9.748967e-06	1
10	rs11188833	98330260	0	3.417864e-04	9.748964e-06	1
10	rs11188835	98334340	0	6.433967e-05	1.841374e-06	1
10	rs11188840	98350215	0	-8.356595e-05	-2.407074e-06	1
10	rs11188841	98350393	0	3.951144e-04	1.123676e-05	1
10	rs11188844	98351763	0	3.951144e-04	1.123676e-05	1
10	rs11188847	98360072	0	3.097646e-04	8.779360e-06	1
10	rs11188848	98360575	0	2.528355e-04	7.133356e-06	1
10	rs11188849	98362921	0	1.559762e-04	4.460373e-06	1
10	rs11188850	98363073	0	1.559762e-04	4.460372e-06	1
10	rs11188853	98369256	0	6.020678e-04	1.670948e-05	1
10	rs11188854	98371061	0	-2.735668e-04	-7.529793e-06	1
10	rs11188856	98377940	0	2.712442e-04	7.546194e-06	1
10	rs11188858	98378186	0	-3.443936e-05	-1.000777e-06	1
10	rs11188863	98397689	0	2.932308e-04	8.225805e-06	1
10	rs11188870	98403546	0	-9.943276e-04	-2.814597e-05	1
10	rs11188871	98403893	0	-1.583061e-03	-4.749346e-05	1
10	rs11188872	98404054	0	-1.553573e-03	-4.645160e-05	1
10	rs11188886	98446876	0	-4.018950e-04	-1.204235e-05	1
10	rs11188893	98492431	0	-3.736517e-04	-1.079104e-05	1
10	rs11188902	98505437	0	4.342696e-04	1.243474e-05	1
10	rs11188904	98508282	0	-1.357069e-03	-4.014953e-05	1
10	rs11188914	98538609	0	2.680915e-04	7.828263e-06	1
10	rs11188927	98561293	0	-1.075696e-04	-3.200729e-06	1
10	rs11188929	98573366	0	2.739103e-04	7.932756e-06	1
10	rs11188930	98574299	0	3.841779e-04	1.126366e-05	1
10	rs11188935	98586737	0	1.494498e-05	4.371063e-07	1
10	rs11188937	98594223	0	3.329481e-04	9.650578e-06	1
10	rs11188939	98598059	0	4.979076e-04	1.449685e-05	1
10	rs11188940	98598274	0	5.226455e-04	1.521442e-05	1
10	rs11188947	98612838	0	4.294877e-04	1.248511e-05	1
10	rs11188950	98619863	0	7.543256e-05	2.232252e-06	1
10	rs11188952	98625174	0	-6.748608e-05	-1.989798e-06	1
10	rs11188954	98628892	0	9.382812e-04	2.762681e-05	1
10	rs11188955	98629089	0	4.294877e-04	1.248510e-05	1
10	rs11188956	98630588	0	4.979076e-04	1.449683e-05	1
10	rs11188959	98632067	0	4.979076e-04	1.449683e-05	1
10	rs11188962	98644029	0	-3.505856e-05	-1.039335e-06	1
10	rs11188964	98651201	2	-3.051784e-04	-9.040594e-06	1
10	rs11188967	98666577	0	4.294877e-04	1.248510e-05	1
10	rs11188971	98692756	0	4.779084e-04	1.392649e-05	1
10	rs11188978	98727645	0	4.294877e-04	1.248509e-05	1
10	rs11188983	98762853	0	-3.561189e-06	-1.096403e-07	1
10	rs11188987	98768648	1	9.254456e-04	2.738797e-05	1
10	rs11188992	98786304	0	1.042328e-04	3.062674e-06	1
10	rs11188997	98810371	0	1.065700e-04	3.074944e-06	1
10	rs11188998	98811714	0	1.065700e-04	3.074944e-06	1
10	rs11189001	98840789	0	-4.010368e-04	-1.108870e-05	1
10	rs11189002	98840850	0	-4.086995e-04	-1.129989e-05	1
10	rs11189003	98841205	0	-1.447057e-04	-4.005416e-06	1
10	rs11189004	98841222	0	-4.519278e-04	-1.251073e-05	1
10	rs111930003	98541421	0	-8.287973e-05	-2.409519e-06	1
10	rs112004040	98087849	0	-2.800914e-04	-8.194661e-06	1
10	rs112147269	98149999	0	-1.874054e-04	-5.589763e-06	1
10	rs112153157	98139299	0	-4.994705e-04	-1.462431e-05	1
10	rs112476011	98558276	0	8.018017e-05	2.292225e-06	1
10	rs112594620	98742043	0	4.299312e-04	1.290168e-05	1
10	rs112601848	98490492	0	-9.583762e-05	-2.846408e-06	1
10	rs112916398	98480423	0	-3.975953e-04	-1.173846e-05	1
10	rs112977265	98638698	0	4.294877e-04	1.248509e-05	1
10	rs112992153	98107292	0	-2.990022e-04	-8.753964e-06	1
10	rs113056506	98440270	0	-1.384121e-04	-4.112407e-06	1
10	rs113096896	98174478	0	1.070425e-04	3.190365e-06	1
10	rs113169359	98133188	0	-6.034001e-04	-1.763354e-05	1
10	rs113170191	98502916	0	-2.426530e-04	-7.166921e-06	1
10	rs113187568	98431994	0	-9.305385e-05	-2.760171e-06	1
10	rs113270181	98768731	0	4.317303e-04	1.252177e-05	1
10	rs113285846	98400696	0	4.666143e-05	1.380311e-06	1
10	rs1132913	98280620	1	6.306146e-04	1.804234e-05	1
10	rs1132914	98280601	1	1.019494e-04	2.886105e-06	1
10	rs113513524	98139477	0	-4.647925e-04	-1.341160e-05	1
10	rs113567276	98674577	0	9.359265e-04	2.759920e-05	1
10	rs113724987	98150441	0	-1.359642e-04	-4.050853e-06	1
10	rs113744992	98615341	0	4.979076e-04	1.449681e-05	1
10	rs113773152	98605772	0	4.954144e-04	1.484707e-05	1
10	rs113960553	98434863	0	-9.305385e-05	-2.760171e-06	1
10	rs113992486	98158918	0	-4.304355e-04	-1.250716e-05	1
10	rs114089822	98412037	0	-3.469225e-04	-1.039554e-05	1
10	rs114393414	98131431	0	-6.896243e-04	-2.021747e-05	1
10	rs114696821	98411629	0	-3.471358e-04	-1.041105e-05	1
10	rs1156035	98285321	0	5.701288e-04	1.635470e-05	1
10	rs1156036	98285219	1	5.419479e-04	1.552930e-05	1
10	rs115776306	98504637	0	-2.190660e-04	-6.471546e-06	1
10	rs115823419	98145286	0	-1.874054e-04	-5.589764e-06	1
10	rs11591467	98075755	0	-1.832985e-04	-5.328136e-06	1
10	rs11591543	98760547	0	-7.587900e-05	-2.188652e-06	1
10	rs11591933	98313044	0	-4.056324e-05	-1.156037e-06	1
10	rs11592104	98365753	0	-1.685966e-04	-4.950935e-06	1
10	rs11592108	98291627	0	-8.510738e-05	-2.440837e-06	1
10	rs11592156	98365835	0	-5.719247e-05	-1.638220e-06	1
10	rs11592969	98354812	0	-7.154351e-05	-2.049166e-06	1
10	rs11593073	98091045	0	-2.800914e-04	-8.194657e-06	1
10	rs11593074	98113774	0	-2.990022e-04	-8.753960e-06	1
10	rs11593503	98097148	0	-2.800914e-04	-8.194655e-06	1
10	rs11594029	98245628	0	-3.154751e-04	-9.157162e-06	1
10	rs11594403	98365912	0	9.109879e-06	2.768474e-07	1
10	rs11594430	98140967	0	-3.288283e-04	-9.529850e-06	1
10	rs11595198	98812700	0	-5.836785e-05	-1.732042e-06	1
10	rs11595411	98798759	0	2.067817e-04	6.104594e-06	1
10	rs11595506	98352281	0	-3.238672e-04	-9.612668e-06	1
10	rs11595566	98436824	0	-9.801364e-04	-2.949028e-05	1
10	rs11595674	98223721	0	3.320621e-04	9.474636e-06	1
10	rs11596148	98377488	0	-1.419655e-04	-4.088606e-06	1
10	rs11596923	98409390	0	-1.545728e-04	-4.593514e-06	1
10	rs11597348	98113803	0	-2.990022e-04	-8.753959e-06	1
10	rs11597420	98151328	0	-9.531399e-04	-2.823967e-05	1
10	rs11597763	98244903	0	5.114396e-04	1.462200e-05	1
10	rs11598142	98315923	0	-4.056324e-05	-1.156029e-06	1
10	rs11598258	98072495	0	2.958622e-05	8.677536e-07	1
10	rs11598263	98814148	0	2.980855e-04	8.637833e-06	1
10	rs11598691	98233964	0	3.685473e-04	1.052634e-05	1
10	rs11599054	98362795	0	-1.321997e-04	-3.778544e-06	1
10	rs11599534	98162546	0	-4.304355e-04	-1.250717e-05	1
10	rs11599620	98230349	0	-1.393017e-04	-4.011985e-06	1
10	rs116095161	98695088	0	1.953672e-04	5.705528e-06	1
10	rs116255654	98162667	0	-3.436555e-05	-1.010911e-06	1
10	rs116855560	98688732	0	2.089618e-04	6.177428e-06	1
10	rs116929480	98398037	0	1.992097e-04	5.953229e-06	1
10	rs116935178	98565769	0	2.802879e-04	8.351466e-06	1
10	rs117022019	98269431	0	-2.506445e-04	-7.221578e-06	1
10	rs117035572	98389625	0	1.257455e-04	3.744624e-06	1
10	rs117053707	98413964	0	-1.603651e-04	-4.755279e-06	1
10	rs117061708	98772439	0	-1.500106e-04	-4.469583e-06	1
10	rs117156556	98525432	0	2.093016e-04	6.239991e-06	1
10	rs117189895	98075489	0	7.550414e-05	2.249563e-06	1
10	rs117219667	98047959	0	2.617563e-04	7.773083e-06	1
10	rs1172458	98436412	1	2.568493e-04	7.601314e-06	1
10	rs1172462	98459438	0	2.183745e-04	5.945129e-06	1
10	rs1172463	98504385	0	-5.142860e-04	-1.422881e-05	1
10	rs1172464	98504184	0	-5.142860e-04	-1.422881e-05	1
10	rs1172472	98452353	0	-8.234926e-05	-2.267684e-06	1
10	rs1172473	98452162	0	-4.857784e-05	-1.345467e-06	1
10	rs1172474	98452130	0	-1.306203e-04	-3.590407e-06	1
10	rs1172478	98481635	0	-1.874964e-05	-5.380631e-07	1
10	rs1172479	98481307	0	-1.874964e-05	-5.380667e-07	1
10	rs117328099	98089319	0	-1.449929e-04	-4.291995e-06	1
10	rs117347753	98190017	0	2.731235e-05	8.161875e-07	1
10	rs117468209	98393448	0	-2.432980e-04	-7.245154e-06	1
10	rs117492472	98348614	0	-3.108738e-04	-9.295529e-06	1
10	rs117499562	98255479	0	-1.546155e-04	-4.608773e-06	1
10	rs117651811	98110481	0	1.199781e-04	3.573052e-06	1
10	rs117669297	98383012	0	2.448229e-04	7.311444e-06	1
10	rs117699776	98048265	0	2.617563e-04	7.773084e-06	1
10	rs117725695	98352201	0	1.690997e-04	5.054127e-06	1
10	rs117771321	98826720	0	8.507384e-05	2.538404e-06	1
10	rs117774156	98051565	0	2.617563e-04	7.773084e-06	1
10	rs117944670	98645695	0	5.674831e-04	1.685958e-05	1
10	rs117980619	98036348	0	-2.257032e-04	-6.748330e-06	1
10	rs118126254	98425524	0	2.586086e-04	7.736605e-06	1
10	rs11813699	98810892	0	-5.370998e-04	-1.583063e-05	1
10	rs11813871	98828716	0	-8.610714e-04	-2.590517e-05	1
10	rs11814010	98302499	0	5.827068e-04	1.663077e-05	1
10	rs11814029	98668617	0	1.953672e-04	5.705526e-06	1
10	rs118148005	98712008	0	6.549730e-04	1.972665e-05	1
10	rs11815437	98667529	0	1.953672e-04	5.705526e-06	1
10	rs11818883	98134156	0	-7.967996e-04	-2.349502e-05	1
10	rs11818896	98134189	0	-7.906158e-04	-2.328398e-05	1
10	rs11818942	98134345	0	-6.788594e-04	-1.997732e-05	1
10	rs11819015	98758953	0	1.000049e-04	2.918567e-06	1
10	rs12098589	98148873	0	3.001946e-05	8.888586e-07	1
10	rs12098593	98809229	0	5.613802e-04	1.640029e-05	1
10	rs12217499	98550811	0	-7.334754e-04	-2.178819e-05	1
10	rs12217556	98261991	0	-5.774369e-04	-1.619409e-05	1
10	rs12218847	98295969	0	4.962544e-04	1.419188e-05	1
10	rs12219275	98331129	0	-1.026987e-04	-2.951636e-06	1
10	rs12220047	98326780	0	5.185606e-04	1.481449e-05	1
10	rs12221143	98284065	2	5.401527e-04	1.547783e-05	1
10	rs12221262	98309277	0	4.962544e-04	1.419186e-05	1
10	rs12240946	98756813	0	4.676514e-04	1.355449e-05	1
10	rs12241405	98725813	0	4.779084e-04	1.392647e-05	1
10	rs12241564	98725915	0	3.324399e-04	9.680538e-06	1
10	rs12242330	98596053	0	4.222708e-04	1.226083e-05	1
10	rs12242936	98103376	0	2.241290e-04	6.612473e-06	1
10	rs12243551	98631831	0	4.779084e-04	1.392647e-05	1
10	rs12243605	98396227	0	3.499414e-04	9.827641e-06	1
10	rs12244078	98802495	0	4.143782e-04	1.189727e-05	1
10	rs12244490	98588223	0	5.517235e-04	1.606741e-05	1
10	rs12244790	98260726	0	-4.059680e-04	-1.181911e-05	1
10	rs12245169	98128750	0	-6.329480e-06	-1.851072e-07	1
10	rs12245611	98129378	0	-1.041373e-04	-3.094385e-06	1
10	rs12246067	98603196	0	4.779084e-04	1.392646e-05	1
10	rs12246075	98633331	3	-4.895828e-05	-1.455761e-06	1
10	rs12247344	98616382	0	4.979076e-04	1.449679e-05	1
10	rs12248019	98244664	0	1.229852e-03	3.594909e-05	1
10	rs12248349	98568742	0	2.739103e-04	7.932702e-06	1
10	rs12249381	98674971	0	4.779084e-04	1.392645e-05	1
10	rs12249427	98675006	0	4.779084e-04	1.392645e-05	1
10	rs12249891	98604917	0	4.294877e-04	1.248505e-05	1
10	rs12250473	98027527	0	5.966770e-04	1.732541e-05	1
10	rs12250548	98569734	0	1.219557e-06	1.651110e-08	1
10	rs12251272	98793763	0	1.040251e-03	3.059411e-05	1
10	rs12251867	98399731	0	5.597811e-04	1.579876e-05	1
10	rs12252424	98636375	0	4.294877e-04	1.248505e-05	1
10	rs12252435	98606346	0	4.857534e-04	1.414010e-05	1
10	rs12252784	98146654	0	-5.427881e-04	-1.570762e-05	1
10	rs12253289	98777404	0	-1.109357e-04	-3.264520e-06	1
10	rs12254160	98842825	0	2.543292e-04	7.240789e-06	1
10	rs12254238	98099765	0	9.691037e-05	2.796795e-06	1
10	rs12254525	98774102	0	5.551774e-04	1.616700e-05	1
10	rs12256225	98598876	0	5.910655e-04	1.723982e-05	1
10	rs12256276	98813713	0	-8.835188e-05	-2.605016e-06	1
10	rs12256424	98608181	0	4.294877e-04	1.248504e-05	1
10	rs12256783	98507771	0	-8.236017e-04	-2.351582e-05	1
10	rs12257413	98651046	0	4.779084e-04	1.392644e-05	1
10	rs12257639	98048614	0	1.801625e-04	5.267815e-06	1
10	rs12257954	98584210	0	1.494498e-05	4.371027e-07	1
10	rs12257958	98245907	0	-8.956048e-04	-2.666961e-05	1
10	rs12258328	98784597	0	5.285806e-04	1.571778e-05	1
10	rs12258355	98639265	0	9.359265e-04	2.759914e-05	1
10	rs12258469	98639434	0	4.099757e-04	1.190831e-05	1
10	rs12258610	98094820	0	-8.015381e-05	-2.350064e-06	1
10	rs12258710	98454411	0	-7.541828e-05	-2.072939e-06	1
10	rs12258764	98064808	0	3.980505e-04	1.129728e-05	1
10	rs12258909	98095297	0	1.695676e-05	4.749346e-07	1
10	rs12259265	98597420	0	4.294877e-04	1.248503e-05	1
10	rs12260223	98226277	0	5.574770e-04	1.615372e-05	1
10	rs12261278	98611980	0	4.294877e-04	1.248503e-05	1
10	rs12261881	98615989	0	4.779084e-04	1.392642e-05	1
10	rs12261890	98226497	0	5.712420e-04	1.661434e-05	1
10	rs12262784	98604466	0	2.910159e-04	8.423256e-06	1
10	rs12263331	98622171	0	4.779084e-04	1.392642e-05	1
10	rs12264014	98587136	0	5.069864e-04	1.477798e-05	1
10	rs12264950	98569570	0	2.739103e-04	7.932664e-06	1
10	rs12265203	98657516	0	-3.505856e-05	-1.039336e-06	1
10	rs12265242	98657741	0	4.294877e-04	1.248502e-05	1
10	rs12265606	98563189	0	1.410461e-04	4.058765e-06	1
10	rs12266068	98609059	0	4.294877e-04	1.248501e-05	1
10	rs12266185	98609186	0	4.979076e-04	1.449674e-05	1
10	rs12266511	98454472	0	-3.419430e-04	-1.024401e-05	1
10	rs12266884	98128809	0	-1.041373e-04	-3.094388e-06	1
10	rs12266911	98458051	0	-3.419430e-04	-1.024401e-05	1
10	rs12267575	98448365	0	-3.419430e-04	-1.024401e-05	1
10	rs12267734	98435661	0	-3.419430e-04	-1.024401e-05	1
10	rs12267926	98609602	0	4.779084e-04	1.392641e-05	1
10	rs12268216	98649296	0	4.294877e-04	1.248501e-05	1
10	rs12268272	98642248	0	4.089567e-04	1.187399e-05	1
10	rs12268514	98134903	0	-1.124800e-03	-3.219614e-05	1
10	rs12268526	98134958	0	-1.061498e-03	-3.020855e-05	1
10	rs12269131	98813371	0	-4.871632e-04	-1.361964e-05	1
10	rs12269557	98063405	0	3.520562e-04	1.020103e-05	1
10	rs12355449	98083464	0	1.532382e-04	4.422414e-06	1
10	rs12411583	98181633	0	4.929045e-05	1.416195e-06	1
10	rs12411642	98101460	0	4.507901e-04	1.339599e-05	1
10	rs12412600	98099589	0	4.507901e-04	1.339599e-05	1
10	rs12412768	98214940	0	8.789592e-05	2.487301e-06	1
10	rs12413053	98324489	0	-1.812595e-04	-5.205420e-06	1
10	rs12413089	98110393	0	4.507901e-04	1.339599e-05	1
10	rs12413182	98206884	0	-2.391076e-04	-6.917071e-06	1
10	rs12413520	98502188	0	3.209868e-04	9.118014e-06	1
10	rs12413925	98208861	0	-1.465672e-04	-4.237921e-06	1
10	rs12414434	98779290	0	6.667095e-04	1.999040e-05	1
10	rs12414612	98298904	0	4.962544e-04	1.419186e-05	1
10	rs12415048	98300266	0	4.962544e-04	1.419185e-05	1
10	rs12415101	98183893	0	2.508003e-04	6.946770e-06	1
10	rs12415474	98215047	0	1.563519e-04	4.430818e-06	1
10	rs12416646	98284805	0	4.962544e-04	1.419185e-05	1
10	rs12569424	98258871	0	2.143339e-04	6.179734e-06	1
10	rs12569438	98258803	0	2.699251e-04	7.779020e-06	1
10	rs12569756	98081531	0	3.174109e-04	9.400782e-06	1
10	rs12570008	98119681	0	3.607285e-04	1.070627e-05	1
10	rs12570043	98052555	0	5.478399e-04	1.629368e-05	1
10	rs12570426	98519259	0	-4.185058e-04	-1.221354e-05	1
10	rs12571241	98113333	0	-7.487315e-05	-2.155842e-06	1
10	rs12571254	98776678	0	-1.243547e-04	-3.660502e-06	1
10	rs12571784	98224060	0	-6.325246e-04	-1.778346e-05	1
10	rs12571884	98382554	0	2.075114e-04	5.792114e-06	1
10	rs12571935	98508321	0	-1.519726e-04	-4.452560e-06	1
10	rs12572297	98470371	0	-3.460807e-04	-9.987124e-06	1
10	rs12572329	98113272	0	2.244808e-05	6.520410e-07	1
10	rs12572544	98509591	0	-3.543982e-05	-1.040805e-06	1
10	rs12572597	98841137	0	-2.651586e-04	-7.633971e-06	1
10	rs12572610	98060675	0	3.266700e-04	9.684050e-06	1
10	rs12572723	98782813	1	-1.405508e-04	-4.141733e-06	1
10	rs12573330	98470341	0	-3.460807e-04	-9.987124e-06	1
10	rs12573362	98081108	0	1.820989e-04	5.349276e-06	1
10	rs12761473	98057969	0	-1.927665e-04	-5.599502e-06	1
10	rs12761715	98063256	0	-1.927665e-04	-5.599502e-06	1
10	rs12761786	98633887	0	-4.680583e-04	-1.398162e-05	1
10	rs12761817	98288768	0	1.364057e-04	3.858628e-06	1
10	rs12761929	98333169	0	-3.932448e-04	-1.170615e-05	1
10	rs12762576	98176319	0	4.478288e-04	1.325245e-05	1
10	rs12763059	98057910	0	-1.927665e-04	-5.599501e-06	1
10	rs12765987	98188719	0	1.121834e-05	3.249892e-07	1
10	rs12766248	98315487	0	1.152157e-05	3.061885e-07	1
10	rs12766367	98063689	0	-2.984537e-04	-8.702520e-06	1
10	rs12771295	98535269	0	2.904820e-04	8.488391e-06	1
10	rs12772674	98064501	0	-2.984537e-04	-8.702519e-06	1
10	rs12773084	98404931	0	1.051106e-04	3.079922e-06	1
10	rs12773465	98794059	0	-1.056525e-04	-3.089166e-06	1
10	rs12773769	98832697	0	-1.906749e-04	-5.486000e-06	1
10	rs12774154	98065193	0	-1.927665e-04	-5.599499e-06	1
10	rs12775533	98320693	0	3.417864e-04	9.748887e-06	1
10	rs12776810	98344282	0	3.417864e-04	9.748884e-06	1
10	rs12779164	98065522	0	-1.927665e-04	-5.599498e-06	1
10	rs12779203	98057002	0	-2.984537e-04	-8.702517e-06	1
10	rs12779564	98065630	0	-1.927665e-04	-5.599497e-06	1
10	rs12779720	98287792	0	5.827068e-04	1.663072e-05	1
10	rs12780850	98222551	0	2.301223e-04	6.872649e-06	1
10	rs12784975	98380137	0	8.359814e-05	2.365899e-06	1
10	rs1324254	98265433	0	-4.661595e-05	-1.371987e-06	1
10	rs1324255	98314625	0	4.962544e-04	1.419183e-05	1
10	rs1324256	98325612	0	3.820341e-04	1.091282e-05	1
10	rs1324258	98347504	0	-4.537261e-04	-1.257140e-05	1
10	rs1324259	98347993	0	-3.274063e-04	-8.991917e-06	1
10	rs1324261	98359623	0	-2.604954e-04	-7.145582e-06	1
10	rs13376965	98659920	0	4.294877e-04	1.248500e-05	1
10	rs13377060	98811354	0	4.926694e-05	1.442428e-06	1
10	rs138370283	98511225	0	2.323191e-04	6.859981e-06	1
10	rs138514971	98163893	0	1.522055e-04	4.527717e-06	1
10	rs138752118	98124808	0	-2.034564e-04	-6.049913e-06	1
10	rs139454475	98392595	0	1.663745e-04	4.966762e-06	1
10	rs140668164	98384808	0	1.173255e-04	3.503082e-06	1
10	rs140692591	98273648	0	5.504969e-04	1.651297e-05	1
10	rs1408367	98331793	0	1.152157e-05	3.061642e-07	1
10	rs141018090	98169221	0	-1.167589e-04	-3.484523e-06	1
10	rs141225626	98110075	0	1.122698e-04	3.330775e-06	1
10	rs142056693	98141169	0	-1.336790e-04	-3.990247e-06	1
10	rs142324103	98550571	0	4.017716e-05	1.187114e-06	1
10	rs142655363	98596896	0	-1.616951e-04	-4.816056e-06	1
10	rs143254744	98506922	0	-2.650434e-04	-7.828324e-06	1
10	rs143370018	98050017	0	2.617563e-04	7.773089e-06	1
10	rs143483323	98113408	0	-2.257032e-04	-6.748334e-06	1
10	rs1436184	98461383	0	-4.308890e-04	-1.187637e-05	1
10	rs1436186	98461338	0	-3.867555e-04	-1.067515e-05	1
10	rs1436187	98454760	0	-1.353185e-04	-3.723889e-06	1
10	rs143656274	98343701	0	-8.270781e-05	-2.371296e-06	1
10	rs143892424	98214969	0	2.979135e-05	8.868885e-07	1
10	rs144000785	98342759	0	-9.131974e-05	-2.720424e-06	1
10	rs144646268	98062753	0	2.617563e-04	7.773089e-06	1
10	rs144690803	98792749	0	7.624727e-05	2.249063e-06	1
10	rs145007687	98127156	0	-2.257032e-04	-6.748334e-06	1
10	rs145052893	98504182	0	1.779115e-05	5.349710e-07	1
10	rs146481749	98429729	0	-1.809804e-04	-5.370535e-06	1
10	rs146805228	98486659	0	-4.181735e-05	-1.243393e-06	1
10	rs1469847	98386433	0	-6.087456e-04	-1.805446e-05	1
10	rs147169570	98405862	0	1.838047e-04	5.483364e-06	1
10	rs147359961	98774494	0	-4.000682e-04	-1.176503e-05	1
10	rs147414773	98503816	0	1.779115e-05	5.349710e-07	1
10	rs1475258	98253316	0	3.988654e-04	1.147492e-05	1
10	rs1475549	98542959	0	1.247937e-04	3.679637e-06	1
10	rs147600347	98140980	0	-1.336790e-04	-3.990247e-06	1
10	rs147770341	98768413	0	-2.551554e-04	-7.541423e-06	1
10	rs1546047	98808621	0	1.084529e-04	3.131785e-06	1
10	rs1565491	98846438	0	9.927603e-05	2.727944e-06	1
10	rs1565492	98846555	0	1.603685e-04	4.393794e-06	1
10	rs1565493	98846714	0	4.930855e-05	1.359606e-06	1
10	rs1565494	98846928	0	3.923990e-04	1.077969e-05	1
10	rs17111594	98056598	0	2.178880e-04	6.280262e-06	1
10	rs17111598	98058834	0	-2.984537e-04	-8.702515e-06	1
10	rs17111599	98058920	0	-2.984537e-04	-8.702514e-06	1
10	rs17111603	98059032	0	-2.984537e-04	-8.702513e-06	1
10	rs17111609	98059160	0	-8.952006e-05	-2.595543e-06	1
10	rs17111612	98059422	0	-1.623495e-04	-4.714795e-06	1
10	rs17111614	98059454	0	2.178880e-04	6.280266e-06	1
10	rs17111622	98060744	0	-1.927665e-04	-5.599493e-06	1
10	rs17111628	98061785	0	-1.927665e-04	-5.599493e-06	1
10	rs17111733	98110527	0	-2.990022e-04	-8.753940e-06	1
10	rs17111736	98111569	0	4.507901e-04	1.339599e-05	1
10	rs17111753	98130773	0	3.617700e-04	1.073834e-05	1
10	rs17111762	98141748	0	-4.994705e-04	-1.462430e-05	1
10	rs17111841	98179762	0	4.126407e-04	1.143767e-05	1
10	rs17111842	98179912	0	3.563342e-04	9.880748e-06	1
10	rs17111856	98186601	0	1.585224e-04	4.350544e-06	1
10	rs17111879	98210930	0	2.105600e-04	6.080410e-06	1
10	rs17111881	98214711	0	-1.692086e-04	-4.895957e-06	1
10	rs17111953	98304377	0	-6.024716e-04	-1.747556e-05	1
10	rs17112028	98430561	0	6.803302e-04	2.016158e-05	1
10	rs17112030	98430592	0	6.803302e-04	2.016158e-05	1
10	rs17112032	98430704	0	5.783513e-04	1.685146e-05	1
10	rs17112076	98469693	0	-2.767219e-04	-7.975574e-06	1
10	rs17112128	98532965	0	-9.101012e-05	-2.621305e-06	1
10	rs17112131	98534319	0	-1.471159e-04	-4.267461e-06	1
10	rs17112175	98616993	0	4.779084e-04	1.392639e-05	1
10	rs17112190	98639846	0	4.979076e-04	1.449672e-05	1
10	rs17112206	98661751	0	1.953672e-04	5.705533e-06	1
10	rs17112208	98665466	0	6.924792e-05	2.018614e-06	1
10	rs17112234	98710889	0	1.953672e-04	5.705532e-06	1
10	rs17112245	98728921	0	-7.378793e-04	-2.205298e-05	1
10	rs17112250	98732640	0	6.381065e-04	1.905339e-05	1
10	rs17112311	98786658	0	-1.099826e-04	-3.239657e-06	1
10	rs17112342	98806512	0	2.280926e-05	6.694861e-07	1
10	rs17112373	98813252	0	-5.665880e-04	-1.671410e-05	1
10	rs17297837	98027246	0	-9.267796e-06	-2.766105e-07	1
10	rs17386635	98063808	0	2.496922e-04	7.406265e-06	1
10	rs17387939	98111897	0	3.277291e-04	9.531283e-06	1
10	rs17388474	98129058	0	1.594225e-04	4.567845e-06	1
10	rs17389665	98208881	0	1.606908e-04	4.643921e-06	1
10	rs17391197	98282160	1	-1.942601e-04	-5.585481e-06	1
10	rs17391547	98288269	0	1.459883e-04	4.143376e-06	1
10	rs17392013	98319815	0	-8.510738e-05	-2.440807e-06	1
10	rs17392966	98406194	0	6.138190e-04	1.768495e-05	1
10	rs17479230	98116030	0	2.727655e-04	7.917683e-06	1
10	rs17479671	98132016	0	-1.714368e-04	-4.716400e-06	1
10	rs17482382	98283080	0	6.505827e-04	1.873699e-05	1
10	rs17482894	98305143	0	1.207780e-03	3.667753e-05	1
10	rs17484143	98408066	0	5.736584e-04	1.654554e-05	1
10	rs17485313	98534182	0	-1.471159e-04	-4.267463e-06	1
10	rs17485349	98534216	0	-1.471159e-04	-4.267463e-06	1
10	rs1812318	98252295	0	1.210167e-03	3.522919e-05	1
10	rs1812319	98252273	0	1.118472e-03	3.242236e-05	1
10	rs1812320	98252138	0	1.134364e-03	3.293081e-05	1
10	rs1815258	98071462	0	-1.295679e-04	-3.754208e-06	1
10	rs182602553	98163588	0	-3.969832e-04	-1.188903e-05	1
10	rs183755529	98372965	0	-3.668223e-05	-1.089093e-06	1
10	rs184422490	98083334	0	2.698275e-04	8.010457e-06	1
10	rs187198028	98096650	0	2.246211e-04	6.724263e-06	1
10	rs1885682	98151182	0	-4.436318e-04	-1.227100e-05	1
10	rs1886279	98252857	0	3.173429e-04	8.898097e-06	1
10	rs1890680	98460669	0	-6.389424e-05	-1.758523e-06	1
10	rs1902704	98026732	0	-5.028054e-04	-1.438538e-05	1
10	rs190525521	98583555	0	-4.411017e-04	-1.309060e-05	1
10	rs1923692	98173715	0	5.345419e-05	1.586430e-06	1
10	rs1923696	98154270	0	-6.219193e-04	-1.751939e-05	1
10	rs1923699	98149451	0	-2.142174e-05	-6.408886e-07	1
10	rs1923700	98149425	0	-2.142174e-05	-6.408887e-07	1
10	rs1923701	98123615	0	-4.266304e-04	-1.241403e-05	1
10	rs1923702	98115684	0	-7.519970e-04	-2.191941e-05	1
10	rs1923703	98102436	0	-2.016810e-04	-5.888742e-06	1
10	rs1923706	98100480	0	-6.527451e-05	-1.877958e-06	1
10	rs1923707	98094483	0	2.042453e-04	5.765787e-06	1
10	rs1923708	98090043	0	2.042453e-04	5.765788e-06	1
10	rs1937090	98224776	0	-3.606020e-05	-1.002214e-06	1
10	rs1937092	98192290	0	-8.058551e-05	-2.194544e-06	1
10	rs1962436	98764256	0	5.677045e-04	1.656480e-05	1
10	rs1962437	98764243	0	5.677045e-04	1.656480e-05	1
10	rs1964409	98395449	0	2.005505e-04	5.570426e-06	1
10	rs1977294	98264134	0	-7.647939e-04	-2.163685e-05	1
10	rs1983831	98371748	0	-1.340907e-04	-3.660910e-06	1
10	rs1992055	98427443	0	5.521020e-04	1.523547e-05	1
10	rs1992056	98427551	8	8.493627e-04	2.397069e-05	1
10	rs1992057	98427670	0	1.011054e-03	2.871690e-05	1
10	rs1998409	98058355	0	-7.386411e-04	-2.102328e-05	1
10	rs2011190	98308278	0	4.962544e-04	1.419180e-05	1
10	rs201178633	98811870	0	7.515395e-05	2.208258e-06	1
10	rs2025451	98340847	0	-4.156852e-04	-1.146005e-05	1
10	rs2025452	98395083	0	2.005505e-04	5.570428e-06	1
10	rs2025453	98231449	0	5.061481e-04	1.438249e-05	1
10	rs2031326	98330940	0	4.560067e-04	1.301928e-05	1
10	rs2031329	98303396	0	-4.901454e-04	-1.354342e-05	1
10	rs2060559	98370712	0	2.565927e-04	7.612652e-06	1
10	rs2069238	98055090	0	4.875706e-04	1.411495e-05	1
10	rs2078298	98188015	0	-7.685084e-04	-2.152165e-05	1
10	rs2093557	98140110	0	-4.994705e-04	-1.462430e-05	1
10	rs2104785	98610594	0	4.294877e-04	1.248499e-05	1
10	rs2146385	98070849	0	3.381103e-04	1.000696e-05	1
10	rs2146387	98057054	0	5.006612e-04	1.419607e-05	1
10	rs2146388	98184972	1	7.738054e-04	2.182134e-05	1
10	rs2146390	98050516	0	8.782089e-05	2.511855e-06	1
10	rs2146391	98047990	0	7.249852e-04	2.141213e-05	1
10	rs2146393	98108358	0	7.799955e-05	2.252827e-06	1
10	rs2146394	98093757	0	1.304569e-04	3.692005e-06	1
10	rs2147281	98295577	0	8.346854e-04	2.499365e-05	1
10	rs2154183	98093828	0	2.042453e-04	5.765803e-06	1
10	rs2154202	98212308	0	-1.904531e-04	-5.264653e-06	1
10	rs2154203	98212575	0	1.254136e-04	3.488139e-06	1
10	rs2181322	98070773	0	1.616717e-05	4.782598e-07	1
10	rs2181323	98184735	2	5.487347e-04	1.533363e-05	1
10	rs2181324	98145284	0	-4.994705e-04	-1.462430e-05	1
10	rs2183447	98698438	0	1.953672e-04	5.705530e-06	1
10	rs2183448	98549366	0	-1.931677e-04	-5.619345e-06	1
10	rs2183449	98688453	0	4.779084e-04	1.392639e-05	1
10	rs2255174	98816373	0	-5.483753e-04	-1.497768e-05	1
10	rs2273891	98097998	0	-2.800914e-04	-8.194640e-06	1
10	rs2273892	98080232	0	3.174109e-04	9.400779e-06	1
10	rs2279507	98807635	0	7.925097e-05	2.336636e-06	1
10	rs2281800	98240045	0	-3.088899e-05	-8.544428e-07	1
10	rs2281801	98240035	0	5.535422e-04	1.611013e-05	1
10	rs2281802	98239913	0	5.694340e-04	1.658750e-05	1
10	rs2282341	98443405	0	-6.446399e-05	-1.774020e-06	1
10	rs2282342	98443392	0	6.150282e-04	1.840547e-05	1
10	rs2306951	98816299	0	-5.726700e-04	-1.690293e-05	1
10	rs2306952	98816406	0	-2.618988e-04	-7.295566e-06	1
10	rs2306953	98820314	0	-3.692402e-04	-1.085860e-05	1
10	rs243	98240382	0	4.259479e-04	1.187960e-05	1
10	rs2506123	98521968	0	3.499121e-05	1.021009e-06	1
10	rs2636770	98805612	0	-6.588159e-05	-1.905496e-06	1
10	rs2636790	98815857	0	2.117492e-04	5.842587e-06	1
10	rs2636807	98814739	0	-3.613355e-04	-9.811996e-06	1
10	rs2774157	98551213	0	-6.117703e-04	-1.815953e-05	1
10	rs2790463	98453249	0	-1.981337e-04	-5.437024e-06	1
10	rs2790470	98543727	0	-3.498753e-04	-1.021587e-05	1
10	rs2790471	98538553	0	-2.374236e-04	-6.899132e-06	1
10	rs2805590	98812166	0	-5.121430e-04	-1.397265e-05	1
10	rs2805591	98812283	0	-3.155694e-05	-9.003842e-07	1
10	rs2805598	98832383	0	6.210028e-04	1.770531e-05	1
10	rs2805599	98844030	0	1.487463e-04	4.074549e-06	1
10	rs2805601	98847244	0	-1.340449e-04	-3.649492e-06	1
10	rs2805603	98849858	0	-3.845272e-04	-1.059763e-05	1
10	rs2817675	98816786	0	3.167236e-04	8.800786e-06	1
10	rs2817676	98819317	0	7.486797e-05	2.073874e-06	1
10	rs2817680	98800369	0	-3.783771e-04	-1.102574e-05	1
10	rs2817683	98838694	0	-8.994524e-04	-2.508107e-05	1
10	rs2817685	98845536	0	1.919746e-04	5.257369e-06	1
10	rs2817686	98847667	0	8.895949e-05	2.524845e-06	1
10	rs2817687	98849341	0	-3.334885e-04	-9.141144e-06	1
10	rs28384391	98119277	0	3.607285e-04	1.070626e-05	1
10	rs28438557	98138978	0	-4.647925e-04	-1.341162e-05	1
10	rs28439735	98635156	0	4.294877e-04	1.248498e-05	1
10	rs28505353	98581070	0	5.069864e-04	1.477794e-05	1
10	rs28523867	98724771	0	5.702454e-04	1.634900e-05	1
10	rs2861555	98334182	0	-8.254824e-04	-2.321062e-05	1
10	rs2861572	98085856	0	2.910721e-04	8.439349e-06	1
10	rs2861574	98102782	0	-7.487315e-05	-2.155835e-06	1
10	rs2861575	98116076	0	-7.700589e-04	-2.239276e-05	1
10	rs2861576	98120183	0	-5.286172e-04	-1.491431e-05	1
10	rs2861577	98161655	0	1.360338e-03	3.979686e-05	1
10	rs2861626	98361017	0	2.078207e-04	5.936091e-06	1
10	rs2861627	98533482	0	-6.768360e-05	-1.975411e-06	1
10	rs2861673	98448239	0	2.190295e-05	5.959816e-07	1
10	rs28758432	98671102	0	4.294877e-04	1.248498e-05	1
10	rs2901989	98113030	0	-7.487315e-05	-2.155834e-06	1
10	rs2901990	98120109	0	-2.472400e-04	-6.956667e-06	1
10	rs2901991	98120179	0	-4.195720e-04	-1.220309e-05	1
10	rs2901993	98140210	0	-4.808617e-04	-1.387751e-05	1
10	rs2917457	98519696	0	3.332789e-04	9.848786e-06	1
10	rs33964467	98320932	0	5.424590e-04	1.545375e-05	1
10	rs33970910	98820528	0	-1.904535e-05	-5.531277e-07	1
10	rs34125453	98048797	0	-8.952006e-05	-2.595540e-06	1
10	rs34128907	98068852	0	-8.952006e-05	-2.595539e-06	1
10	rs34220987	98066740	0	-1.927665e-04	-5.599495e-06	1
10	rs34250811	98181337	0	4.015831e-04	1.117464e-05	1
10	rs34256921	98808065	0	8.840162e-05	2.557651e-06	1
10	rs34511307	98806677	0	1.282003e-04	3.785556e-06	1
10	rs34521234	98061525	0	-1.927665e-04	-5.599495e-06	1
10	rs34625348	98187334	0	3.904003e-04	1.154107e-05	1
10	rs34670109	98185991	0	1.029541e-06	7.846143e-09	1
10	rs34707456	98797647	0	9.264994e-05	2.704284e-06	1
10	rs34765631	98237208	0	-6.564195e-05	-1.825163e-06	1
10	rs34811446	98252479	0	1.931244e-04	5.401047e-06	1
10	rs34812648	98191682	0	1.167449e-04	3.443171e-06	1
10	rs34858789	98181346	1	4.795493e-04	1.337525e-05	1
10	rs34937235	98135616	0	7.652685e-04	2.150878e-05	1
10	rs34943354	98057731	0	-2.984537e-04	-8.702507e-06	1
10	rs35055142	98058798	0	2.178880e-04	6.280252e-06	1
10	rs35074999	98247121	0	5.703109e-04	1.655536e-05	1
10	rs35120318	98181360	0	4.270425e-04	1.189907e-05	1
10	rs35158237	98384918	0	-1.118180e-04	-3.241986e-06	1
10	rs35181240	98836777	0	2.327208e-04	6.902775e-06	1
10	rs35195695	98584998	0	-2.178033e-04	-6.432900e-06	1
10	rs35217901	98320441	0	4.560067e-04	1.301926e-05	1
10	rs35259489	98061352	0	-2.984537e-04	-8.702507e-06	1
10	rs35388328	98067175	5	-1.180184e-04	-3.423904e-06	1
10	rs35435313	98463076	0	-3.073988e-04	-9.159914e-06	1
10	rs35487555	98063400	0	-2.984537e-04	-8.702505e-06	1
10	rs35529233	98238472	0	-3.326207e-04	-9.954585e-06	1
10	rs35531390	98065976	0	-8.952006e-05	-2.595534e-06	1
10	rs35668691	98411293	0	-4.242243e-04	-1.270500e-05	1
10	rs35736823	98783724	0	-1.099826e-04	-3.239661e-06	1
10	rs35779764	98319855	0	5.827068e-04	1.663065e-05	1
10	rs35886666	98793557	0	-3.633865e-04	-1.065307e-05	1
10	rs35925896	98066165	0	-1.927665e-04	-5.599491e-06	1
10	rs35933547	98057787	0	-2.984537e-04	-8.702503e-06	1
10	rs35997117	98205427	0	3.385654e-04	1.001540e-05	1
10	rs36003947	98061272	0	-1.927665e-04	-5.599489e-06	1
10	rs36077881	98185534	2	6.151130e-04	1.722355e-05	1
10	rs36098523	98368281	0	3.088347e-04	8.764244e-06	1
10	rs36098862	98547315	0	-8.036006e-05	-2.357320e-06	1
10	rs36099025	98655435	0	-4.680583e-04	-1.398162e-05	1
10	rs368280688	98494817	0	-2.100509e-05	-6.258606e-07	1
10	rs3689	98278115	0	4.962544e-04	1.419177e-05	1
10	rs371423548	98700358	2	2.251458e-04	6.519012e-06	1
10	rs371746396	98701910	2	1.540749e-04	4.500213e-06	1
10	rs371766220	98511431	0	1.017862e-04	3.022233e-06	1
10	rs373984224	98511433	0	1.017862e-04	3.022233e-06	1
10	rs3740527	98778477	0	2.144031e-04	6.293141e-06	1
10	rs3740528	98762051	0	-1.140523e-04	-3.349934e-06	1
10	rs3748229	98469507	0	1.333184e-04	3.686084e-06	1
10	rs3748231	98416533	0	3.169322e-04	8.894283e-06	1
10	rs3748234	98380277	0	-2.546382e-04	-6.994487e-06	1
10	rs3748235	98379928	0	-3.214916e-04	-8.854113e-06	1
10	rs3748236	98369536	0	3.354735e-04	9.436128e-06	1
10	rs3748237	98345880	0	5.176932e-05	1.452754e-06	1
10	rs3748238	98345692	0	5.698457e-04	1.621422e-05	1
10	rs3762096	98136250	0	1.066960e-03	3.057234e-05	1
10	rs3789937	98066783	0	3.693332e-04	1.071642e-05	1
10	rs3789938	98072541	0	2.077047e-04	5.929896e-06	1
10	rs3789939	98079380	0	1.191706e-04	3.486387e-06	1
10	rs3789940	98085338	0	-2.877326e-04	-8.168007e-06	1
10	rs3789942	98131446	0	-6.896243e-04	-2.021746e-05	1
10	rs3789945	98152036	0	3.400361e-04	9.448329e-06	1
10	rs3789946	98152116	0	2.962356e-04	8.217213e-06	1
10	rs3789947	98152195	1	3.670831e-04	1.019942e-05	1
10	rs3789951	98180613	0	2.525788e-04	6.972279e-06	1
10	rs3789952	98180644	0	4.929045e-05	1.416181e-06	1
10	rs3789954	98180958	0	2.657515e-04	7.363515e-06	1
10	rs3789955	98205419	0	9.125924e-05	2.643550e-06	1
10	rs3789958	98287150	0	5.827068e-04	1.663063e-05	1
10	rs3814163	98742605	0	6.113596e-04	1.817360e-05	1
10	rs3814222	98127504	0	2.635599e-04	7.630380e-06	1
10	rs3814223	98118446	0	-2.860268e-04	-8.035576e-06	1
10	rs3814224	98105622	0	-7.487315e-05	-2.155831e-06	1
10	rs3818313	98091934	0	-2.800914e-04	-8.194631e-06	1
10	rs3818389	98319367	0	-4.901454e-04	-1.354337e-05	1
10	rs3818390	98319503	0	-5.336554e-04	-1.479914e-05	1
10	rs3824789	98800099	0	-6.970632e-05	-1.937710e-06	1
10	rs3827862	98134403	0	-9.706922e-04	-2.745469e-05	1
10	rs3827866	98167424	0	-2.706801e-04	-7.580265e-06	1
10	rs3827867	98416324	0	3.169322e-04	8.894283e-06	1
10	rs3829856	98742750	0	1.729768e-04	5.047810e-06	1
10	rs3979611	98510346	0	2.323191e-04	6.859976e-06	1
10	rs41284244	98743237	0	1.448208e-04	4.304947e-06	1
10	rs41284256	98818074	0	3.538345e-04	1.032833e-05	1
10	rs41284258	98825285	0	-1.896079e-04	-5.662492e-06	1
10	rs41291614	98060122	0	2.827732e-04	8.258469e-06	1
10	rs41291618	98087140	0	-2.034564e-04	-6.049914e-06	1
10	rs41291624	98127809	0	2.635599e-04	7.630382e-06	1
10	rs41291628	98155678	0	9.607152e-05	2.850193e-06	1
10	rs41291638	98337288	0	6.800702e-05	2.025295e-06	1
10	rs41291640	98383430	0	1.622972e-04	4.833661e-06	1
10	rs41291642	98392816	0	-7.802837e-05	-2.317399e-06	1
10	rs41317268	98469114	0	-2.762310e-04	-7.910112e-06	1
10	rs41317270	98369755	0	-2.126717e-04	-6.090494e-06	1
10	rs4132965	98703808	0	-3.505856e-05	-1.039338e-06	1
10	rs4146592	98721602	0	7.543256e-05	2.232250e-06	1
10	rs4309091	98473672	0	1.089915e-04	2.974526e-06	1
10	rs4320890	98384807	0	-6.087456e-04	-1.805444e-05	1
10	rs4344416	98386558	0	-5.932986e-04	-1.761163e-05	1
10	rs4347313	98219681	0	-5.261506e-04	-1.468232e-05	1
10	rs4394767	98686178	0	4.294877e-04	1.248497e-05	1
10	rs4424609	98112906	0	-7.487315e-05	-2.155830e-06	1
10	rs4447105	98241810	0	1.518919e-04	4.222034e-06	1
10	rs4485036	98286342	0	4.962544e-04	1.419174e-05	1
10	rs4489672	98391416	0	-5.823733e-04	-1.722678e-05	1
10	rs4534508	98282986	0	6.140191e-04	1.764983e-05	1
10	rs4550161	98052723	0	-8.952006e-05	-2.595530e-06	1
10	rs45587331	98460581	0	-1.766778e-04	-5.080991e-06	1
10	rs4595479	98219603	0	-4.474891e-04	-1.242993e-05	1
10	rs4597007	98347257	0	-6.024716e-04	-1.747553e-05	1
10	rs4600137	98775820	0	-1.243547e-04	-3.660507e-06	1
10	rs4606419	98747114	0	1.111258e-03	3.245795e-05	1
10	rs4623825	98213620	0	-1.171576e-05	-3.186345e-07	1
10	rs482482	98514548	0	2.323191e-04	6.859975e-06	1
10	rs487302	98436878	0	-2.342710e-05	-6.944742e-07	1
10	rs491156	98495721	0	-5.584767e-04	-1.549160e-05	1
10	rs4917730	98034720	0	-7.113300e-04	-2.048160e-05	1
10	rs4917732	98087577	0	1.163660e-04	3.373515e-06	1
10	rs4917739	98246261	0	4.997366e-04	1.398072e-05	1
10	rs4917742	98374426	0	-2.537141e-04	-6.983672e-06	1
10	rs4917745	98383329	0	-5.932986e-04	-1.761163e-05	1
10	rs4917748	98461573	0	-4.525435e-05	-1.246178e-06	1
10	rs4917751	98531210	0	2.423849e-04	7.052972e-06	1
10	rs4917753	98766590	0	5.788618e-04	1.690326e-05	1
10	rs4917754	98803997	0	5.228778e-04	1.522978e-05	1
10	rs4917755	98811296	0	5.613802e-04	1.640024e-05	1
10	rs4919003	98110250	0	-4.132547e-04	-1.201684e-05	1
10	rs4919005	98121925	0	-4.266304e-04	-1.241402e-05	1
10	rs4919008	98148557	0	-2.571560e-04	-7.627522e-06	1
10	rs4919009	98148598	0	-2.571560e-04	-7.627522e-06	1
10	rs4919010	98166168	0	9.529944e-04	2.701335e-05	1
10	rs4919015	98182711	0	-5.339563e-04	-1.479262e-05	1
10	rs4919022	98216451	0	8.108935e-05	2.353394e-06	1
10	rs4919024	98238720	0	1.280015e-03	3.762969e-05	1
10	rs4919025	98238843	0	1.374027e-03	4.122959e-05	1
10	rs4919028	98266974	0	1.772891e-04	5.117763e-06	1
10	rs4919029	98274045	0	-2.977609e-04	-8.167147e-06	1
10	rs4919030	98283258	1	-1.497477e-04	-4.327348e-06	1
10	rs4919032	98332823	0	-4.559330e-04	-1.257982e-05	1
10	rs4919033	98340152	0	-3.631917e-04	-1.017691e-05	1
10	rs4919036	98344851	0	4.957355e-04	1.377047e-05	1
10	rs4919037	98344876	0	-3.939108e-04	-1.084874e-05	1
10	rs4919039	98363244	0	1.405292e-04	4.015744e-06	1
10	rs4919040	98371147	0	-3.062090e-04	-8.483467e-06	1
10	rs4919041	98385346	0	-1.413384e-03	-4.127883e-05	1
10	rs4919042	98385545	0	-5.932986e-04	-1.761162e-05	1
10	rs4919043	98386012	0	-4.959774e-04	-1.467228e-05	1
10	rs4919045	98393057	0	2.526588e-04	7.022742e-06	1
10	rs4919051	98422375	0	5.341762e-04	1.584051e-05	1
10	rs4919052	98442390	0	-1.617852e-04	-4.446709e-06	1
10	rs4919053	98473255	2	2.401052e-04	6.660301e-06	1
10	rs4919054	98506832	0	-1.376219e-03	-4.052530e-05	1
10	rs4919062	98786856	0	7.033215e-04	2.113520e-05	1
10	rs504413	98433561	0	-8.775335e-05	-2.591176e-06	1
10	rs506069	98521660	0	3.499121e-05	1.021003e-06	1
10	rs508271	98431175	0	9.265158e-05	2.769738e-06	1
10	rs517490	98435912	0	8.104701e-04	2.381195e-05	1
10	rs519467	98435648	0	-2.342710e-05	-6.944760e-07	1
10	rs526219	98451106	0	-8.234926e-05	-2.267792e-06	1
10	rs530885	98515305	0	2.323191e-04	6.859974e-06	1
10	rs535198	98440907	0	4.336589e-04	1.281022e-05	1
10	rs538609	98541770	0	-3.585812e-04	-1.048526e-05	1
10	rs551641	98495061	0	-4.779168e-04	-1.323333e-05	1
10	rs55676033	98166115	0	-3.610433e-04	-1.065716e-05	1
10	rs55686044	98533198	0	-1.791418e-04	-5.099545e-06	1
10	rs55762031	98218189	0	2.394248e-04	6.728412e-06	1
10	rs55803163	98544941	0	-8.287973e-05	-2.409547e-06	1
10	rs55822182	98315446	0	-7.477572e-05	-2.142841e-06	1
10	rs55824480	98160423	0	-4.304355e-04	-1.250716e-05	1
10	rs55845678	98069254	0	-9.637094e-05	-2.836071e-06	1
10	rs55904429	98245626	0	-5.009476e-06	-1.383967e-07	1
10	rs55904470	98245589	0	1.005171e-04	2.791329e-06	1
10	rs56052045	98536552	0	-2.507275e-04	-7.257242e-06	1
10	rs56061266	98533247	0	-2.163530e-04	-6.229884e-06	1
10	rs56087801	98313794	0	-5.470250e-04	-1.580410e-05	1
10	rs56094817	98142008	0	-4.994705e-04	-1.462430e-05	1
10	rs56097492	98182762	0	4.003810e-04	1.112939e-05	1
10	rs56101127	98229250	0	3.479539e-04	9.931370e-06	1
10	rs56148171	98105618	0	3.277291e-04	9.531288e-06	1
10	rs56219083	98218580	0	-6.054049e-04	-1.781911e-05	1
10	rs56236090	98166278	0	-1.094930e-04	-3.224604e-06	1
10	rs56331924	98450871	0	-4.815224e-05	-1.331297e-06	1
10	rs56355912	98372057	0	-9.883473e-05	-2.936115e-06	1
10	rs56376795	98545246	0	-4.522230e-05	-1.313666e-06	1
10	rs566484	98455987	0	-1.376305e-05	-3.959591e-07	1
10	rs56822292	98236314	0	1.198890e-03	3.488742e-05	1
10	rs56867696	98646717	0	4.979076e-04	1.449669e-05	1
10	rs569344	98437665	0	7.982522e-04	2.344246e-05	1
10	rs573323	98496428	0	-4.311592e-04	-1.192826e-05	1
10	rs57391478	98578149	0	3.281497e-04	9.509901e-06	1
10	rs57408003	98635142	0	1.208910e-03	3.644046e-05	1
10	rs57437078	98746169	0	5.674831e-04	1.685958e-05	1
10	rs57501540	98726378	0	4.779084e-04	1.392636e-05	1
10	rs57573427	98795467	0	9.432325e-04	2.751552e-05	1
10	rs57625543	98728849	0	6.381065e-04	1.905339e-05	1
10	rs57652138	98371524	0	-1.611689e-04	-4.780636e-06	1
10	rs57693102	98242922	0	1.005171e-04	2.791331e-06	1
10	rs57710486	98470865	0	-1.537310e-04	-4.421551e-06	1
10	rs57716318	98610069	0	4.294877e-04	1.248495e-05	1
10	rs57812299	98778941	0	5.901314e-04	1.745787e-05	1
10	rs57868471	98665863	0	1.953672e-04	5.705524e-06	1
10	rs58227937	98767863	0	5.788618e-04	1.690325e-05	1
10	rs58270704	98583483	0	5.069864e-04	1.477791e-05	1
10	rs58305369	98366471	0	3.559696e-04	1.011453e-05	1
10	rs58376960	98617371	0	4.779084e-04	1.392635e-05	1
10	rs58409956	98560970	4	4.725021e-05	1.324924e-06	1
10	rs58481000	98215651	0	4.687791e-04	1.354063e-05	1
10	rs58550844	98619715	0	6.133504e-04	1.796723e-05	1
10	rs58611684	98840076	0	1.550853e-04	4.420017e-06	1
10	rs58698852	98135733	0	-6.648961e-04	-1.878505e-05	1
10	rs58878748	98482000	0	-2.849932e-04	-8.375435e-06	1
10	rs58934362	98781380	0	6.012578e-04	1.806674e-05	1
10	rs59014059	98478547	0	2.702093e-04	7.813846e-06	1
10	rs59343228	98470886	0	-1.537310e-04	-4.421551e-06	1
10	rs59362622	98371319	0	-1.611689e-04	-4.780636e-06	1
10	rs59428103	98817662	0	5.746533e-04	1.680536e-05	1
10	rs59539366	98250306	0	4.227447e-04	1.219157e-05	1
10	rs596341	98508349	0	7.014482e-04	1.994150e-05	1
10	rs59751908	98609993	0	4.294877e-04	1.248494e-05	1
10	rs59794161	98092034	0	-1.409091e-05	-4.205096e-07	1
10	rs59838893	98801814	0	2.769344e-04	8.070754e-06	1
10	rs59909027	98222725	0	3.320621e-04	9.474609e-06	1
10	rs59938221	98617641	0	4.294877e-04	1.248494e-05	1
10	rs59999388	98664301	0	4.779084e-04	1.392634e-05	1
10	rs60138313	98383147	0	4.766005e-04	1.418452e-05	1
10	rs60471672	98283111	0	6.291058e-05	1.827011e-06	1
10	rs60576681	98662300	0	4.294877e-04	1.248494e-05	1
10	rs60587855	98435484	0	6.890361e-04	2.043452e-05	1
10	rs60670419	98809681	0	1.082478e-04	3.174896e-06	1
10	rs60743622	98500656	0	-2.573625e-04	-7.521175e-06	1
10	rs60771315	98792582	0	3.351229e-04	9.923666e-06	1
10	rs610933	98435940	0	6.656090e-04	1.941343e-05	1
10	rs611378	98436045	0	8.846191e-04	2.607932e-05	1
10	rs61288415	98470969	0	-5.140277e-05	-1.477212e-06	1
10	rs61492214	98669157	0	9.359265e-04	2.759900e-05	1
10	rs61623661	98149703	0	-2.142174e-05	-6.409041e-07	1
10	rs61644651	98774290	0	-1.679225e-04	-4.939960e-06	1
10	rs61707312	98781808	0	-1.099826e-04	-3.239662e-06	1
10	rs61741039	98133483	0	-6.643558e-04	-1.945818e-05	1
10	rs61856773	98437988	0	-7.560096e-04	-2.249510e-05	1
10	rs61856806	98466282	0	-6.306097e-05	-1.813868e-06	1
10	rs61856807	98469064	0	-2.762310e-04	-7.910115e-06	1
10	rs61856809	98469854	0	-2.437524e-04	-7.014779e-06	1
10	rs61856814	98471805	0	-1.537310e-04	-4.421550e-06	1
10	rs61856815	98472819	0	-3.586969e-05	-9.938271e-07	1
10	rs61856816	98477342	0	-1.909740e-04	-5.487109e-06	1
10	rs61856817	98477421	0	-2.474921e-04	-7.120090e-06	1
10	rs61856848	98528249	0	6.113656e-04	1.842681e-05	1
10	rs61856852	98542538	0	2.680915e-04	7.828290e-06	1
10	rs61857568	98187785	0	6.840697e-04	1.923613e-05	1
10	rs61857570	98202753	0	5.238309e-04	1.551552e-05	1
10	rs61857573	98213731	0	4.549279e-05	1.324820e-06	1
10	rs61857628	98227677	0	-1.393017e-04	-4.011964e-06	1
10	rs61857634	98247558	0	2.781791e-04	7.769589e-06	1
10	rs61857635	98247868	0	3.837056e-04	1.074654e-05	1
10	rs61858194	98357561	0	3.227384e-04	9.144542e-06	1
10	rs61858218	98370187	0	2.304554e-06	7.724460e-08	1
10	rs61858493	98271658	0	-2.308085e-04	-6.644118e-06	1
10	rs61858494	98280196	2	5.365518e-04	1.529087e-05	1
10	rs61858496	98292159	0	-1.591247e-05	-4.469968e-07	1
10	rs61858553	98328858	0	8.207478e-06	2.396766e-07	1
10	rs61858555	98336341	0	-7.477572e-05	-2.142828e-06	1
10	rs61858556	98340476	0	-8.554294e-05	-2.454581e-06	1
10	rs61858924	98168379	0	-3.000706e-04	-8.771008e-06	1
10	rs61859300	98347281	0	3.951144e-04	1.123654e-05	1
10	rs61864170	98803581	0	1.414137e-04	4.175469e-06	1
10	rs61864171	98804046	0	7.356761e-06	2.141446e-07	1
10	rs61864173	98809626	0	-5.836785e-05	-1.732044e-06	1
10	rs61864175	98811740	0	5.730302e-05	1.684200e-06	1
10	rs61864218	98812354	0	-4.440513e-04	-1.287158e-05	1
10	rs61864222	98846214	0	-6.335461e-05	-1.803685e-06	1
10	rs624029	98436548	0	8.071773e-04	2.381012e-05	1
10	rs624462	98436626	0	6.533910e-04	1.905077e-05	1
10	rs625085	98488458	0	-4.801684e-04	-1.384779e-05	1
10	rs625859	98436974	0	-1.450200e-05	-4.302215e-07	1
10	rs648405	98448564	0	3.376393e-04	9.309968e-06	1
10	rs6584064	98046232	0	7.078972e-04	2.040618e-05	1
10	rs6584070	98156038	0	-1.095446e-03	-3.140763e-05	1
10	rs6584075	98219140	0	6.167854e-05	1.720418e-06	1
10	rs6584076	98235773	0	4.191430e-04	1.161933e-05	1
10	rs6584077	98235778	0	8.464290e-04	2.439309e-05	1
10	rs6584078	98235948	1	9.855645e-04	2.835257e-05	1
10	rs6584084	98324964	0	-1.522554e-04	-4.515157e-06	1
10	rs6584088	98372600	0	7.109160e-05	2.057039e-06	1
10	rs6584091	98390239	0	-4.973746e-04	-1.469155e-05	1
10	rs6584098	98429148	0	6.475059e-04	1.814551e-05	1
10	rs6584101	98584546	0	8.235778e-04	2.431354e-05	1
10	rs661998	98510812	0	2.323191e-04	6.859968e-06	1
10	rs67255161	98441318	0	-5.127742e-04	-1.418521e-05	1
10	rs67353574	98508724	0	-1.868583e-04	-5.491094e-06	1
10	rs67425977	98068381	0	1.089988e-04	3.186980e-06	1
10	rs675827	98510035	0	2.878254e-04	8.526404e-06	1
10	rs67660021	98520966	0	-4.795636e-04	-1.402980e-05	1
10	rs67882722	98134650	0	-2.432392e-04	-7.148843e-06	1
10	rs682304	98478317	0	4.149035e-04	1.231762e-05	1
10	rs684692	98495840	0	-6.471748e-04	-1.801451e-05	1
10	rs687562	98485105	0	-2.818563e-04	-8.089416e-06	1
10	rs687934	98433661	0	-8.775335e-05	-2.591187e-06	1
10	rs688972	98484769	0	-1.941828e-04	-5.564991e-06	1
10	rs7068828	98153340	0	1.148907e-03	3.306756e-05	1
10	rs7069190	98052510	0	7.243494e-04	2.122397e-05	1
10	rs7069429	98270696	0	2.388999e-04	6.722847e-06	1
10	rs7069485	98394374	0	5.150920e-04	1.439127e-05	1
10	rs7070359	98442076	0	-6.474197e-04	-1.798629e-05	1
10	rs7070439	98230489	0	1.128153e-03	3.314318e-05	1
10	rs7070686	98348572	0	4.815667e-04	1.366156e-05	1
10	rs7070979	98170594	0	-7.170625e-04	-2.131215e-05	1
10	rs7071006	98382165	0	9.560896e-05	2.692098e-06	1
10	rs7071044	98348595	0	3.951144e-04	1.123653e-05	1
10	rs7071211	98738428	0	4.294877e-04	1.248493e-05	1
10	rs7071224	98318820	0	5.424590e-04	1.545364e-05	1
10	rs7071881	98342214	0	4.560067e-04	1.301916e-05	1
10	rs7072251	98032402	0	-2.962823e-04	-8.651922e-06	1
10	rs7072273	98638214	0	4.979076e-04	1.449665e-05	1
10	rs7072595	98248935	0	-1.090121e-04	-3.022115e-06	1
10	rs7072865	98364544	0	3.102264e-04	8.879135e-06	1
10	rs7073017	98364597	0	5.159417e-04	1.473953e-05	1
10	rs7073125	98364509	0	1.562855e-04	4.467474e-06	1
10	rs7073150	98750650	0	3.883210e-04	1.130750e-05	1
10	rs7073682	98364910	0	5.380018e-04	1.533291e-05	1
10	rs7073735	98365155	0	3.102264e-04	8.879132e-06	1
10	rs7073871	98060917	0	2.178880e-04	6.280234e-06	1
10	rs7074516	98354924	0	3.227384e-04	9.144501e-06	1
10	rs7074775	98079959	0	1.191706e-04	3.486372e-06	1
10	rs7077344	98124715	0	-3.000165e-04	-8.735483e-06	1
10	rs7078184	98250191	0	6.370569e-04	1.831770e-05	1
10	rs7078304	98183070	0	4.003810e-04	1.112939e-05	1
10	rs7078316	98058369	0	1.801625e-04	5.267780e-06	1
10	rs7078433	98183083	0	4.779702e-04	1.331616e-05	1
10	rs7081197	98757563	0	3.808600e-04	1.100083e-05	1
10	rs7081742	98256303	0	-5.777905e-04	-1.666019e-05	1
10	rs7082316	98640430	0	4.779084e-04	1.392632e-05	1
10	rs7082838	98712188	0	4.779084e-04	1.392632e-05	1
10	rs7082873	98322695	0	4.560067e-04	1.301915e-05	1
10	rs7083102	98183803	0	3.709335e-05	1.098823e-06	1
10	rs7083245	98221417	0	3.012004e-04	8.359562e-06	1
10	rs7083457	98780626	0	4.171115e-04	1.227497e-05	1
10	rs7083595	98055699	0	4.875706e-04	1.411489e-05	1
10	rs7084659	98540016	0	-8.287973e-05	-2.409556e-06	1
10	rs7084796	98231966	0	-1.021208e-04	-2.845324e-06	1
10	rs7085389	98344607	0	4.560067e-04	1.301914e-05	1
10	rs7085822	98640641	0	4.294877e-04	1.248491e-05	1
10	rs7085851	98674025	0	9.359265e-04	2.759897e-05	1
10	rs7086213	98345056	0	3.820341e-04	1.091267e-05	1
10	rs7086240	98315021	0	4.560067e-04	1.301914e-05	1
10	rs7086875	98699000	0	4.779084e-04	1.392631e-05	1
10	rs7087478	98309878	0	4.962544e-04	1.419165e-05	1
10	rs7088648	98591721	0	1.719721e-04	5.093791e-06	1
10	rs7089451	98057438	0	5.006612e-04	1.419601e-05	1
10	rs7090441	98735177	0	4.779084e-04	1.392631e-05	1
10	rs7090690	98735240	0	9.359265e-04	2.759897e-05	1
10	rs7090880	98559018	0	1.410461e-04	4.058668e-06	1
10	rs7091125	98124038	0	-4.266304e-04	-1.241402e-05	1
10	rs7091606	98364983	0	5.380018e-04	1.533288e-05	1
10	rs7091809	98039844	0	4.203478e-04	1.205402e-05	1
10	rs7091904	98522209	0	2.323191e-04	6.859966e-06	1
10	rs7091937	98788006	0	6.809311e-04	2.043139e-05	1
10	rs7093792	98775927	0	7.016173e-04	2.091530e-05	1
10	rs7093849	98298575	0	1.360823e-05	3.788368e-07	1
10	rs7094202	98800502	0	-2.203091e-04	-6.429748e-06	1
10	rs7094801	98505241	0	-9.264681e-04	-2.616425e-05	1
10	rs7095902	98222009	0	3.012004e-04	8.359555e-06	1
10	rs7096410	98183120	0	4.003810e-04	1.112939e-05	1
10	rs7096879	98091639	0	-2.241575e-05	-6.235543e-07	1
10	rs7097077	98246777	0	7.087984e-04	2.040873e-05	1
10	rs7097291	98355870	0	-2.312235e-04	-6.335186e-06	1
10	rs7098255	98742021	0	7.543256e-05	2.232248e-06	1
10	rs7099756	98252519	0	-8.956048e-04	-2.666954e-05	1
10	rs7100639	98348238	0	7.554895e-05	2.165064e-06	1
10	rs7101320	98367218	0	-3.302905e-04	-9.075465e-06	1
10	rs713251	98288066	0	5.693133e-04	1.622168e-05	1
10	rs71482401	98052109	0	-8.952006e-05	-2.595525e-06	1
10	rs71482402	98059336	0	-8.952006e-05	-2.595524e-06	1
10	rs71484204	98069555	0	1.616717e-05	4.782633e-07	1
10	rs71484205	98069689	0	1.616717e-05	4.782638e-07	1
10	rs71486104	98844341	0	-1.325279e-04	-3.912263e-06	1
10	rs71486105	98844346	0	-2.094082e-04	-6.209438e-06	1
10	rs72640001	98033839	0	3.336184e-04	9.869028e-06	1
10	rs72640002	98160099	0	1.208177e-03	3.611167e-05	1
10	rs727329	98375785	0	-7.740943e-06	-1.942037e-07	1
10	rs72811050	98036958	0	-9.637094e-05	-2.836066e-06	1
10	rs72811051	98057456	0	-5.492705e-04	-1.646285e-05	1
10	rs72811052	98059377	0	-1.919676e-04	-5.728061e-06	1
10	rs72811055	98070455	0	3.348109e-04	9.895381e-06	1
10	rs72811058	98080852	0	-4.017371e-04	-1.170366e-05	1
10	rs72811105	98188904	0	-1.947168e-04	-5.747451e-06	1
10	rs72811113	98205506	0	-1.621650e-04	-4.821314e-06	1
10	rs72811122	98216092	0	4.713195e-04	1.363880e-05	1
10	rs72811142	98233641	0	3.685473e-04	1.052630e-05	1
10	rs72811153	98241646	0	5.675848e-04	1.646824e-05	1
10	rs72811159	98246695	0	5.703109e-04	1.655539e-05	1
10	rs72812932	98251520	0	4.251933e-04	1.226679e-05	1
10	rs72812953	98261624	0	1.833986e-04	5.288586e-06	1
10	rs72812956	98265708	0	2.143339e-04	6.179765e-06	1
10	rs72812962	98268068	0	2.577652e-05	7.366695e-07	1
10	rs72814968	98305269	0	-6.574687e-06	-1.969611e-07	1
10	rs72816995	98366797	0	1.678456e-04	5.009657e-06	1
10	rs72817002	98372340	0	-1.340035e-04	-3.971487e-06	1
10	rs72818903	98373300	0	-3.668223e-05	-1.089108e-06	1
10	rs72818904	98374454	0	1.814524e-04	5.413889e-06	1
10	rs72818908	98375808	0	1.814524e-04	5.413889e-06	1
10	rs72818980	98389516	0	3.022451e-04	9.014958e-06	1
10	rs72818982	98389624	0	3.172400e-04	9.478812e-06	1
10	rs72818983	98390046	0	4.795372e-04	1.428553e-05	1
10	rs72818985	98390306	0	3.172400e-04	9.478811e-06	1
10	rs72818986	98390721	0	3.172400e-04	9.478811e-06	1
10	rs72818991	98394310	0	3.172400e-04	9.478811e-06	1
10	rs72818995	98396750	0	2.290510e-04	6.825140e-06	1
10	rs72818996	98399261	0	1.658669e-04	4.935806e-06	1
10	rs72818997	98399971	0	3.561048e-04	1.063993e-05	1
10	rs72818998	98400356	0	1.782978e-05	5.307206e-07	1
10	rs72819000	98404928	0	5.142355e-04	1.477406e-05	1
10	rs72819837	98652023	0	-8.117143e-05	-2.420452e-06	1
10	rs72819843	98667124	0	1.953672e-04	5.705527e-06	1
10	rs72819851	98676237	0	1.953672e-04	5.705526e-06	1
10	rs72819853	98676244	0	3.080159e-04	9.044267e-06	1
10	rs72819856	98683218	0	7.742925e-05	2.299600e-06	1
10	rs72819858	98691336	0	5.674831e-04	1.685959e-05	1
10	rs72819878	98773159	0	1.574372e-04	4.594290e-06	1
10	rs72819880	98780933	0	-2.622866e-04	-7.734184e-06	1
10	rs72819886	98791125	0	-8.152420e-06	-2.431699e-07	1
10	rs72819888	98791265	0	-1.674987e-04	-4.934557e-06	1
10	rs72821003	98407796	0	1.838047e-04	5.483366e-06	1
10	rs72821011	98416116	0	-3.953813e-04	-1.184694e-05	1
10	rs72821014	98418599	0	-4.629512e-04	-1.389828e-05	1
10	rs72821016	98418971	0	-4.421389e-04	-1.325938e-05	1
10	rs72821713	98840529	0	6.269517e-05	1.868349e-06	1
10	rs72824454	98451085	0	2.055262e-04	6.091558e-06	1
10	rs72824468	98472052	0	2.055262e-04	6.091558e-06	1
10	rs72824486	98517301	0	-5.265297e-04	-1.553642e-05	1
10	rs72826107	98577794	0	3.193581e-04	9.379456e-06	1
10	rs72829508	98109442	0	-2.034564e-04	-6.049912e-06	1
10	rs72829509	98112162	0	3.277291e-04	9.531292e-06	1
10	rs72829510	98112330	0	2.998166e-04	8.851036e-06	1
10	rs72829512	98114251	0	3.277291e-04	9.531292e-06	1
10	rs72829522	98146121	0	2.755285e-04	8.147268e-06	1
10	rs72829528	98160263	0	-9.850458e-04	-2.923260e-05	1
10	rs72829536	98167265	0	-1.656424e-04	-4.798059e-06	1
10	rs72829539	98169814	0	-1.656424e-04	-4.798059e-06	1
10	rs730596	98172014	0	-7.161114e-04	-2.127614e-05	1
10	rs73316736	98505114	0	4.342696e-04	1.243469e-05	1
10	rs73318637	98568445	0	2.739103e-04	7.932559e-06	1
10	rs73318641	98571255	0	2.739103e-04	7.932557e-06	1
10	rs73320607	98771450	0	4.317303e-04	1.252162e-05	1
10	rs734225	98077114	0	-4.204871e-04	-1.210608e-05	1
10	rs734226	98077162	0	-5.307879e-04	-1.535007e-05	1
10	rs734566	98255314	0	6.566588e-04	1.915317e-05	1
10	rs74151303	98173999	0	-7.495202e-04	-2.230556e-05	1
10	rs74151396	98389833	0	1.254688e-04	3.727979e-06	1
10	rs74151402	98430627	0	7.151450e-04	2.117366e-05	1
10	rs74153642	98103625	0	2.139895e-04	6.355849e-06	1
10	rs74153644	98117709	0	2.800524e-04	8.296311e-06	1
10	rs74153645	98121876	0	3.773736e-04	1.119148e-05	1
10	rs74153659	98171455	0	-7.868657e-04	-2.337198e-05	1
10	rs74153705	98431319	0	6.803302e-04	2.016151e-05	1
10	rs74153720	98534324	0	-1.504831e-04	-4.366410e-06	1
10	rs74153721	98534569	0	-1.471159e-04	-4.267497e-06	1
10	rs74153722	98542341	0	-8.287973e-05	-2.409560e-06	1
10	rs74153724	98545695	0	-8.287973e-05	-2.409560e-06	1
10	rs74153725	98547181	0	-2.039276e-04	-5.937168e-06	1
10	rs74153734	98587656	0	5.517235e-04	1.606723e-05	1
10	rs74153750	98791027	0	-8.152420e-06	-2.431709e-07	1
10	rs74232122	98107749	0	4.507901e-04	1.339598e-05	1
10	rs74327492	98133704	0	-7.616771e-04	-2.242195e-05	1
10	rs744363	98367384	0	8.538994e-05	2.444474e-06	1
10	rs7448	98353213	0	-2.167830e-04	-5.938636e-06	1
10	rs74529649	98751438	0	3.457560e-04	1.021641e-05	1
10	rs74542871	98803678	0	5.378953e-04	1.570937e-05	1
10	rs74550871	98540653	0	-8.287973e-05	-2.409560e-06	1
10	rs74609728	98482217	0	-3.601989e-04	-1.064248e-05	1
10	rs74624969	98118230	0	5.295323e-04	1.584126e-05	1
10	rs74663779	98382492	0	1.128258e-04	3.344106e-06	1
10	rs74689375	98716810	0	3.564264e-04	1.066268e-05	1
10	rs74704462	98803690	0	8.654678e-05	2.552001e-06	1
10	rs7477274	98549577	0	-1.931677e-04	-5.619366e-06	1
10	rs7478356	98371512	0	-3.062090e-04	-8.483410e-06	1
10	rs748004	98158431	0	-9.157672e-04	-2.614339e-05	1
10	rs748109	98241473	0	2.683046e-04	7.464970e-06	1
10	rs74934679	98056709	0	-1.927665e-04	-5.599492e-06	1
10	rs74975342	98502231	0	-2.426530e-04	-7.166944e-06	1
10	rs75001997	98147794	0	-1.874054e-04	-5.589784e-06	1
10	rs75066754	98797360	0	-2.082522e-04	-6.120521e-06	1
10	rs75088355	98504233	0	-2.087397e-04	-6.163745e-06	1
10	rs75111067	98555220	0	-3.285587e-05	-9.739371e-07	1
10	rs75130091	98793292	0	7.178857e-05	2.130586e-06	1
10	rs75146134	98106704	0	-2.990022e-04	-8.753919e-06	1
10	rs75335438	98205527	0	1.608470e-04	4.734383e-06	1
10	rs75351899	98449438	0	6.150282e-04	1.840546e-05	1
10	rs75361675	98131836	0	-5.684668e-04	-1.670521e-05	1
10	rs75368049	98145565	0	1.955817e-05	5.821588e-07	1
10	rs75569835	98255294	0	-4.187671e-05	-1.239131e-06	1
10	rs756030	98451692	0	-1.660612e-04	-4.556335e-06	1
10	rs75698679	98698077	0	1.793248e-04	5.303438e-06	1
10	rs75756477	98393339	0	-7.802837e-05	-2.317406e-06	1
10	rs75799982	98485812	0	-3.845014e-05	-1.142943e-06	1
10	rs75802981	98542843	0	-8.624694e-05	-2.508215e-06	1
10	rs75909351	98543198	0	-8.287973e-05	-2.409561e-06	1
10	rs76032903	98118170	0	-2.434507e-04	-7.111287e-06	1
10	rs76181008	98431173	0	-9.305385e-05	-2.760179e-06	1
10	rs76227733	98556649	0	3.654159e-04	1.080498e-05	1
10	rs76255174	98535861	0	-1.471159e-04	-4.267499e-06	1
10	rs76583806	98156475	0	-3.676568e-05	-1.096454e-06	1
10	rs76608037	98587496	0	3.884343e-04	1.138117e-05	1
10	rs76715209	98051408	0	2.617563e-04	7.773104e-06	1
10	rs76964838	98310443	0	5.504969e-04	1.651297e-05	1
10	rs76983589	98413822	0	-1.285987e-04	-3.779898e-06	1
10	rs77028492	98824776	0	-4.373551e-04	-1.295468e-05	1
10	rs77037839	98487912	0	-3.845014e-05	-1.142943e-06	1
10	rs77075845	98099893	0	-3.529208e-04	-1.033190e-05	1
10	rs77119759	98794671	0	-1.831584e-04	-5.412945e-06	1
10	rs77125544	98061083	0	2.617563e-04	7.773104e-06	1
10	rs77152780	98344526	0	-5.470250e-04	-1.580408e-05	1
10	rs77173980	98133282	0	-6.896243e-04	-2.021747e-05	1
10	rs77182070	98256919	0	2.699251e-04	7.779056e-06	1
10	rs77193503	98115685	0	3.315636e-04	9.829575e-06	1
10	rs77261185	98367926	0	1.678456e-04	5.009657e-06	1
10	rs77276735	98548935	0	-1.592518e-04	-4.632512e-06	1
10	rs77379630	98560999	0	-7.450892e-05	-2.213577e-06	1
10	rs77423072	98085116	0	2.246211e-04	6.724271e-06	1
10	rs77508435	98438115	0	9.191441e-04	2.765385e-05	1
10	rs77517784	98646964	0	7.543256e-05	2.232247e-06	1
10	rs77586421	98488598	0	-1.839747e-05	-5.477140e-07	1
10	rs77592688	98539243	0	-1.471159e-04	-4.267499e-06	1
10	rs77703193	98149991	0	-1.874054e-04	-5.589784e-06	1
10	rs77941681	98808210	0	-2.028934e-04	-6.003124e-06	1
10	rs78039628	98076438	0	-3.381671e-04	-9.898799e-06	1
10	rs78042176	98529542	0	-6.164780e-05	-1.775217e-06	1
10	rs78069798	98076296	0	-1.832985e-04	-5.328128e-06	1
10	rs78097027	98047575	0	3.909803e-04	1.171225e-05	1
10	rs78165814	98359937	0	9.109879e-06	2.769164e-07	1
10	rs78302821	98596356	0	-6.343428e-04	-1.898900e-05	1
10	rs78335010	98791762	0	-2.564464e-04	-7.525216e-06	1
10	rs78336158	98659760	1	6.842646e-05	2.011907e-06	1
10	rs78340939	98431395	0	3.493297e-07	6.793842e-09	1
10	rs78409276	98458065	0	7.696772e-04	2.284928e-05	1
10	rs78482592	98204672	0	1.413681e-04	4.177215e-06	1
10	rs78573405	98406362	0	4.198564e-04	1.254991e-05	1
10	rs78610910	98281896	0	-1.372728e-04	-4.090963e-06	1
10	rs78636533	98068735	0	4.456413e-04	1.325040e-05	1
10	rs78640851	98139700	0	1.167865e-04	3.483743e-06	1
10	rs78860361	98107935	0	2.733263e-04	8.076443e-06	1
10	rs78898370	98106932	0	4.507901e-04	1.339598e-05	1
10	rs78923574	98109025	0	-1.398519e-04	-4.151236e-06	1
10	rs7893144	98607167	0	4.427096e-04	1.296089e-05	1
10	rs7893325	98755080	0	3.431207e-04	9.948610e-06	1
10	rs7893530	98370520	0	-5.462450e-05	-1.551634e-06	1
10	rs7893551	98090752	0	-2.241575e-05	-6.235506e-07	1
10	rs7893564	98607355	0	4.779084e-04	1.392629e-05	1
10	rs7893657	98384456	0	-6.087456e-04	-1.805441e-05	1
10	rs7893716	98811378	0	2.227393e-04	6.266660e-06	1
10	rs7893983	98160253	0	1.352160e-03	3.960206e-05	1
10	rs7894138	98689778	0	9.359265e-04	2.759894e-05	1
10	rs7894214	98393929	0	2.526588e-04	7.022750e-06	1
10	rs7894418	98594701	0	3.329481e-04	9.650348e-06	1
10	rs7895196	98448847	0	-8.119323e-05	-2.236319e-06	1
10	rs7895214	98595326	0	1.004356e-03	2.910974e-05	1
10	rs7895244	98432703	0	6.803302e-04	2.016150e-05	1
10	rs7895655	98389269	0	-4.871477e-04	-1.437884e-05	1
10	rs7895914	98582808	0	5.069864e-04	1.477784e-05	1
10	rs7896097	98389358	0	-4.871477e-04	-1.437884e-05	1
10	rs7896766	98048322	0	6.604451e-04	1.919663e-05	1
10	rs7896778	98135975	0	1.021181e-03	2.918943e-05	1
10	rs7897721	98276507	0	5.726280e-05	1.631966e-06	1
10	rs78977336	98043011	0	-2.824740e-04	-8.407229e-06	1
10	rs7899594	98596282	0	1.850050e-04	5.400313e-06	1
10	rs7899808	98508037	0	-5.075048e-04	-1.480160e-05	1
10	rs7900011	98167968	0	4.088086e-04	1.130490e-05	1
10	rs79000493	98330486	0	-5.646963e-04	-1.630690e-05	1
10	rs7900070	98390145	0	-5.128216e-04	-1.513352e-05	1
10	rs7900916	98137026	0	-4.917629e-04	-1.463419e-05	1
10	rs79027568	98087615	0	-2.257032e-04	-6.748344e-06	1
10	rs7902871	98809703	0	1.734723e-04	4.937690e-06	1
10	rs7905024	98384147	0	-6.087456e-04	-1.805440e-05	1
10	rs79053782	98549906	0	-1.931677e-04	-5.619372e-06	1
10	rs7905402	98050019	0	1.801625e-04	5.267767e-06	1
10	rs7905873	98165998	0	-4.722264e-04	-1.310721e-05	1
10	rs7906294	98697842	0	9.382812e-04	2.762650e-05	1
10	rs7908548	98239079	0	1.130201e-03	3.279638e-05	1
10	rs7909422	98768693	0	6.886180e-04	2.020893e-05	1
10	rs7910144	98432671	0	6.803302e-04	2.016150e-05	1
10	rs7910221	98610703	0	4.979076e-04	1.449659e-05	1
10	rs7910750	98380379	0	-5.994307e-05	-1.784707e-06	1
10	rs7910816	98244498	0	4.855338e-04	1.409211e-05	1
10	rs7911604	98157285	0	-8.945670e-04	-2.553648e-05	1
10	rs7911787	98619568	0	1.753315e-04	5.111259e-06	1
10	rs7914154	98380544	0	-4.967804e-04	-1.392880e-05	1
10	rs79143226	98060669	0	-1.512887e-04	-4.394238e-06	1
10	rs7914872	98817687	0	2.046061e-04	5.784294e-06	1
10	rs7915046	98285951	0	2.251591e-05	6.403113e-07	1
10	rs7915341	98157460	0	-8.945670e-04	-2.553648e-05	1
10	rs7917592	98058126	0	2.178880e-04	6.280227e-06	1
10	rs7918085	98601460	0	4.294877e-04	1.248487e-05	1
10	rs7918541	98168559	0	2.245442e-04	6.696233e-06	1
10	rs7919352	98513814	0	-5.420667e-04	-1.588614e-05	1
10	rs7919588	98040651	0	7.078972e-04	2.040614e-05	1
10	rs7919721	98158494	0	1.352160e-03	3.960204e-05	1
10	rs7919739	98317304	0	-5.693170e-04	-1.577875e-05	1
10	rs7919799	98040746	0	6.604451e-04	1.919662e-05	1
10	rs7919971	98246658	0	-1.420285e-05	-3.948668e-07	1
10	rs7920238	98748452	0	4.779084e-04	1.392627e-05	1
10	rs7921193	98601157	0	4.294877e-04	1.248486e-05	1
10	rs7921216	98601204	0	4.979076e-04	1.449658e-05	1
10	rs7922565	98619035	0	8.088689e-05	2.353581e-06	1
10	rs7922788	98046586	0	1.805836e-04	5.198627e-06	1
10	rs7922811	98229686	0	7.402621e-04	2.121215e-05	1
10	rs7922821	98270396	0	-5.025145e-04	-1.451269e-05	1
10	rs7922903	98764694	0	6.345723e-04	1.842147e-05	1
10	rs7923251	98222575	0	-5.242793e-04	-1.465294e-05	1
10	rs79233416	98169074	0	1.732500e-04	5.130416e-06	1
10	rs7923910	98348430	0	-5.177252e-05	-1.479418e-06	1
10	rs7924085	98627846	0	1.464799e-04	4.335563e-06	1
10	rs7924206	98820109	0	-6.903213e-04	-1.992027e-05	1
10	rs7924220	98820136	0	-6.127322e-04	-1.764045e-05	1
10	rs79260689	98117039	0	-2.434507e-04	-7.111279e-06	1
10	rs79265866	98125754	0	-9.256928e-05	-2.757126e-06	1
10	rs79330566	98763347	0	1.374814e-04	4.060545e-06	1
10	rs79348787	98322911	0	-5.470250e-04	-1.580408e-05	1
10	rs79353623	98289951	0	-2.404428e-05	-6.795090e-07	1
10	rs79384158	98071250	0	-1.927665e-04	-5.599485e-06	1
10	rs79396915	98534367	0	-1.485766e-04	-4.443583e-06	1
10	rs79486559	98535463	0	-1.471159e-04	-4.267512e-06	1
10	rs79505129	98130678	0	-4.806907e-04	-1.397803e-05	1
10	rs79621687	98106609	0	4.507901e-04	1.339598e-05	1
10	rs79641674	98541354	0	-6.146263e-05	-1.787377e-06	1
10	rs79707647	98536364	0	-1.471159e-04	-4.267512e-06	1
10	rs79730774	98761834	0	-1.809127e-04	-5.404127e-06	1
10	rs79739680	98544423	0	-8.287973e-05	-2.409571e-06	1
10	rs79759866	98542011	0	8.781625e-04	2.626404e-05	1
10	rs79788733	98386765	0	3.172400e-04	9.478812e-06	1
10	rs79977181	98131821	0	-6.643558e-04	-1.945817e-05	1
10	rs79999593	98759060	0	3.495988e-04	1.038867e-05	1
10	rs80018342	98244928	0	4.689996e-05	1.377371e-06	1
10	rs80059566	98175771	0	4.929045e-05	1.416178e-06	1
10	rs80065902	98059409	0	2.617563e-04	7.773105e-06	1
10	rs80098852	98144037	0	2.313140e-04	6.842620e-06	1
10	rs80106405	98029191	0	1.480038e-04	4.393603e-06	1
10	rs80138644	98269379	0	6.067952e-05	1.801378e-06	1
10	rs80254417	98037332	0	-5.743129e-04	-1.723072e-05	1
10	rs80336756	98780667	0	-2.860363e-04	-8.385680e-06	1
10	rs80347374	98820067	0	1.314159e-04	3.821019e-06	1
10	rs80350559	98230490	0	-5.373964e-04	-1.576755e-05	1
10	rs8578	98353421	0	3.237448e-04	9.159380e-06	1
10	rs871992	98805028	0	4.454890e-04	1.305615e-05	1
10	rs874370	98246740	0	-1.420285e-05	-3.948722e-07	1
10	rs874371	98247022	0	-1.012593e-04	-2.808503e-06	1
10	rs874372	98247143	0	5.535422e-04	1.611011e-05	1
10	rs879266	98263545	0	-4.775604e-04	-1.345573e-05	1
10	rs883187	98810327	0	5.987810e-04	1.750385e-05	1
10	rs902470	98810881	0	-4.504617e-04	-1.265170e-05	1
10	rs9093	98279053	1	3.056202e-04	8.442913e-06	1
10	rs912479	98241375	0	5.014256e-04	1.456541e-05	1
10	rs912480	98378250	0	1.884312e-04	5.235044e-06	1
10	rs912485	98367833	0	-9.261331e-05	-2.656195e-06	1
10	rs912486	98367268	0	3.556644e-05	1.004374e-06	1
10	rs927639	98359014	0	-2.604954e-04	-7.145390e-06	1
10	rs9325483	98244494	0	-8.956048e-04	-2.666953e-05	1
10	rs941996	98077230	0	-4.825093e-04	-1.392491e-05	1
10	rs941997	98046836	0	6.183771e-04	1.748553e-05	1
10	rs941998	98045832	0	4.486899e-04	1.288541e-05	1
10	rs941999	98041610	0	2.451236e-04	7.163339e-06	1
10	rs942006	98179977	0	-6.125271e-04	-1.697842e-05	1
10	rs942007	98180061	0	-4.778975e-04	-1.317244e-05	1
10	rs942008	98157412	0	3.608934e-04	1.072714e-05	1
10	rs9420695	98523061	0	2.323191e-04	6.859961e-06	1
10	rs952872	98843473	0	-9.896231e-05	-2.909140e-06	1
10	rs9633703	98327266	0	-4.559330e-04	-1.257971e-05	1
10	rs9633706	98382303	0	-1.079861e-04	-3.006923e-06	1
10	rs9663948	98238236	0	1.427571e-03	4.310417e-05	1
10	rs9663989	98235117	0	7.317654e-04	2.056274e-05	1
10	rs9664749	98309053	0	4.962544e-04	1.419160e-05	1
10	rs9664955	98305551	0	4.962544e-04	1.419160e-05	1
10	rs9733829	98540048	0	-8.287973e-05	-2.409571e-06	1
10	rs9971113	98473787	0	-8.335813e-05	-2.294351e-06	1
10	rs9988781	98196029	0	-7.937768e-04	-2.227425e-05	1
