chr	rs	ps	n_miss	b	beta	gamma
19	rs1004526	58588849	0	-5.388899e-04	-5.032000e-05	1
19	rs1005050	58949579	0	5.250791e-04	5.004405e-05	1
19	rs101447	58720717	0	-7.705241e-04	-7.326966e-05	1
19	rs1014767	58528303	0	1.273922e-03	1.299388e-04	1
19	rs1015224	58724380	0	-2.113752e-04	-2.365536e-05	1
19	rs1019490	58610559	0	-9.409378e-04	-8.913483e-05	1
19	rs1020054	58987301	0	-6.781553e-05	-7.407357e-06	1
19	rs10401711	58624499	0	-4.944898e-04	-4.930976e-05	1
19	rs10402098	58624615	0	-4.944898e-04	-4.930975e-05	1
19	rs10402211	58652341	0	-5.534068e-04	-5.231859e-05	1
19	rs10402307	58624732	0	-8.022360e-04	-8.036189e-05	1
19	rs10402325	58913507	0	-2.583188e-04	-2.513402e-05	1
19	rs10403117	58744033	0	1.222457e-03	1.494027e-04	1
19	rs10404798	58628509	0	-3.916972e-04	-3.871165e-05	1
19	rs10405350	58628515	0	-1.632451e-04	-1.572714e-05	1
19	rs10405769	58917418	0	4.797610e-04	4.296027e-05	1
19	rs10406593	58917575	0	3.978893e-04	3.713925e-05	1
19	rs10407096	58887170	0	-9.590273e-04	-9.166877e-05	1
19	rs10407616	58896384	0	5.229152e-04	5.592599e-05	1
19	rs10407894	58625081	0	-4.944898e-04	-4.930973e-05	1
19	rs10409388	58604114	0	4.156824e-04	3.833049e-05	1
19	rs10411535	58708526	0	-1.039670e-03	-9.901489e-05	1
19	rs10411892	58923725	0	5.972494e-04	5.671838e-05	1
19	rs10412181	58814507	0	-2.561289e-04	-2.380984e-05	1
19	rs10412209	58629463	0	-2.620388e-04	-2.569714e-05	1
19	rs10412612	58632446	0	-4.278042e-04	-4.225638e-05	1
19	rs10415286	58720992	0	-8.342877e-04	-7.713845e-05	1
19	rs10415313	58675417	0	9.203589e-05	8.512398e-06	1
19	rs10416149	58964306	0	-3.600819e-04	-3.220029e-05	1
19	rs10417092	58915193	0	2.818596e-04	2.610937e-05	1
19	rs10417104	58923866	0	1.726123e-04	1.531141e-05	1
19	rs10419091	58723359	0	-3.804996e-04	-3.725898e-05	1
19	rs10419259	58630192	0	-1.011339e-03	-1.044236e-04	1
19	rs10420221	58794026	0	1.187743e-03	1.228001e-04	1
19	rs10420540	58521290	0	4.832816e-04	5.009130e-05	1
19	rs10420801	58609457	0	8.181015e-04	8.358006e-05	1
19	rs10421140	58609376	0	4.689835e-04	4.720019e-05	1
19	rs10421350	58609443	0	8.011351e-04	8.167160e-05	1
19	rs10422127	58609220	0	-1.241452e-04	-1.229058e-05	1
19	rs10422438	58523444	0	-1.167352e-04	-1.121975e-05	1
19	rs10422730	58618747	0	-1.725560e-04	-1.663947e-05	1
19	rs10423138	58928302	0	3.713672e-04	3.309952e-05	1
19	rs10423778	58627574	0	-3.568055e-04	-3.414377e-05	1
19	rs10424179	58627725	0	-4.662713e-04	-4.511126e-05	1
19	rs10425266	58694416	0	-5.170432e-04	-5.070364e-05	1
19	rs10425685	58703085	0	-5.014809e-04	-4.911997e-05	1
19	rs10469313	58892510	0	-1.116824e-03	-1.105613e-04	1
19	rs1051500	58944402	0	3.024299e-04	2.688065e-05	1
19	rs1057402	58580277	0	-8.106871e-04	-7.776188e-05	1
19	rs1064267	58597405	0	-6.594603e-04	-6.742679e-05	1
19	rs1077420	58968875	0	-1.209869e-04	-1.063796e-05	1
19	rs10775573	58614974	0	-9.409378e-04	-8.913464e-05	1
19	rs10775574	58615053	0	-9.409378e-04	-8.913461e-05	1
19	rs1080416	58559785	0	-5.031386e-04	-5.012170e-05	1
19	rs10853902	58614749	0	-9.409378e-04	-8.913458e-05	1
19	rs10853903	58714926	0	-7.880608e-04	-7.956151e-05	1
19	rs10853904	58885260	0	3.070887e-04	3.323803e-05	1
19	rs10878	58595676	0	-3.020276e-04	-2.971960e-05	1
19	rs1107399	58955556	0	5.928776e-04	5.643762e-05	1
19	rs11084528	58527472	0	1.186007e-03	1.184658e-04	1
19	rs11084531	58582586	0	3.324507e-04	2.988877e-05	1
19	rs11084532	58583939	0	4.376571e-04	3.965274e-05	1
19	rs11084534	58613950	0	-9.409378e-04	-8.913454e-05	1
19	rs11084535	58614035	0	-9.409378e-04	-8.913451e-05	1
19	rs11084537	58629227	0	5.641562e-06	5.687428e-07	1
19	rs11084538	58629238	0	-3.144302e-04	-3.048325e-05	1
19	rs11084542	58932099	0	-4.056684e-04	-3.959438e-05	1
19	rs11084543	58932701	0	-3.170104e-04	-3.075411e-05	1
19	rs11084544	58940127	0	-3.664208e-04	-3.575933e-05	1
19	rs11084545	58951693	0	5.325191e-04	4.813854e-05	1
19	rs111426967	58526736	0	-3.184326e-04	-3.352011e-05	1
19	rs111476488	58632584	0	4.053605e-04	4.035077e-05	1
19	rs111497992	58952247	0	-5.087283e-05	-5.660405e-06	1
19	rs111938040	58682195	0	-2.435503e-04	-2.714572e-05	1
19	rs111961880	58521852	0	6.922911e-04	7.871332e-05	1
19	rs112072625	58851928	0	-3.382101e-05	-3.687134e-06	1
19	rs112121304	58747493	0	1.077671e-03	1.289867e-04	1
19	rs1122955	58946203	0	-5.560785e-04	-5.514392e-05	1
19	rs112380274	58538047	0	-2.287597e-04	-2.556737e-05	1
19	rs112630877	58713159	0	6.297784e-04	7.174048e-05	1
19	rs112710702	58907700	0	-2.200696e-04	-2.465791e-05	1
19	rs112807223	58957572	0	6.507348e-05	7.319845e-06	1
19	rs112809147	58521822	0	-6.179253e-04	-6.754693e-05	1
19	rs112884174	58795474	0	1.472495e-03	1.612229e-04	1
19	rs112905868	58696543	0	-4.368782e-04	-4.269412e-05	1
19	rs112923015	58843344	0	-4.649932e-04	-5.111097e-05	1
19	rs113038922	58848825	2	-1.238523e-04	-1.350848e-05	1
19	rs113129007	58572389	0	-3.583307e-04	-4.105393e-05	1
19	rs113702420	58728671	0	-1.862875e-04	-2.085678e-05	1
19	rs113744797	58793000	0	-3.465969e-04	-3.997407e-05	1
19	rs113747485	58702661	0	5.745773e-04	6.432728e-05	1
19	rs113782954	58521588	0	-1.752888e-04	-1.702713e-05	1
19	rs113896797	58522122	0	-1.346437e-04	-1.298297e-05	1
19	rs113897676	58526091	2	-5.657650e-04	-6.040310e-05	1
19	rs113909979	58843146	0	-4.649932e-04	-5.111097e-05	1
19	rs113992190	58531244	0	-6.179253e-04	-6.754693e-05	1
19	rs114393548	58963349	0	4.619495e-04	4.357194e-05	1
19	rs115134660	58671275	0	6.335098e-04	7.238664e-05	1
19	rs11665688	58953762	0	-5.994326e-04	-6.015560e-05	1
19	rs11666156	58790359	0	-1.323302e-03	-1.361245e-04	1
19	rs11666227	58573559	0	-3.048487e-05	-2.719832e-06	1
19	rs11666303	58922502	0	-3.170104e-04	-3.075407e-05	1
19	rs11666477	58777937	0	-1.379874e-04	-1.224974e-05	1
19	rs11666502	58953826	0	-6.658870e-04	-6.731118e-05	1
19	rs11666610	58527828	0	8.885479e-04	8.472071e-05	1
19	rs11666716	58920952	0	-3.170104e-04	-3.075405e-05	1
19	rs11666928	58914231	0	-4.092540e-04	-4.023571e-05	1
19	rs11667482	58568958	0	1.576469e-03	1.729521e-04	1
19	rs11667581	58622193	0	-1.038398e-03	-9.982397e-05	1
19	rs11667723	58927489	0	-3.170104e-04	-3.075404e-05	1
19	rs11668071	58973141	0	2.205189e-04	2.517626e-05	1
19	rs11668350	58775813	0	-6.416795e-04	-5.954851e-05	1
19	rs11668420	58937836	0	-3.859477e-04	-3.772545e-05	1
19	rs11668757	58928299	0	-4.528016e-04	-4.455178e-05	1
19	rs11668785	58780089	0	-1.022797e-03	-9.921345e-05	1
19	rs11668789	58928309	0	-3.170104e-04	-3.075401e-05	1
19	rs11668814	58946833	0	-5.560785e-04	-5.514382e-05	1
19	rs11668821	58955813	0	-6.658870e-04	-6.731111e-05	1
19	rs11669093	58912795	0	3.538145e-04	3.790425e-05	1
19	rs11669305	58886431	0	1.201464e-04	1.186648e-05	1
19	rs11669347	58951632	0	6.736956e-04	6.504338e-05	1
19	rs11669373	58798685	0	-1.151802e-03	-1.140508e-04	1
19	rs11669378	58951686	0	6.769693e-04	6.537156e-05	1
19	rs11669665	58931885	8	-2.585018e-04	-2.505495e-05	1
19	rs11669741	58960481	0	3.371809e-04	3.004399e-05	1
19	rs11669829	58624120	0	-4.944898e-04	-4.930957e-05	1
19	rs11669919	58580394	0	2.756578e-04	2.468863e-05	1
19	rs11670035	58573649	0	-1.651166e-04	-1.472869e-05	1
19	rs11670075	58751393	0	-3.338548e-04	-3.007329e-05	1
19	rs11670322	58917125	0	5.133423e-04	4.873946e-05	1
19	rs11670347	58917040	0	4.019815e-04	3.835896e-05	1
19	rs11670848	58580962	0	3.808642e-04	3.434271e-05	1
19	rs11670871	58940514	0	-4.550789e-04	-4.471621e-05	1
19	rs11671033	58963669	0	-1.138749e-03	-1.250964e-04	1
19	rs11671113	58958087	0	3.371809e-04	3.004398e-05	1
19	rs11671199	58722673	0	-8.632209e-04	-8.885597e-05	1
19	rs11671477	58800346	0	-1.151802e-03	-1.140507e-04	1
19	rs11671486	58793064	0	-1.234337e-03	-1.244810e-04	1
19	rs11671591	58918337	0	-4.056684e-04	-3.959421e-05	1
19	rs11671725	58587046	0	3.808642e-04	3.434270e-05	1
19	rs11672258	58934685	0	-3.170104e-04	-3.075394e-05	1
19	rs11672379	58575800	0	-1.086345e-03	-1.110716e-04	1
19	rs11672645	58718698	0	-2.909541e-04	-2.750845e-05	1
19	rs11672765	58801758	0	-9.544901e-04	-9.029774e-05	1
19	rs11672773	58801784	0	-1.052199e-03	-1.016782e-04	1
19	rs11673069	58934918	0	-4.332748e-04	-4.255043e-05	1
19	rs11673436	58576358	0	2.756578e-04	2.468859e-05	1
19	rs11673550	58777337	0	-2.230570e-04	-1.974293e-05	1
19	rs11673557	58777390	0	-1.409274e-04	-1.245417e-05	1
19	rs11673703	58983549	0	7.038340e-04	7.853390e-05	1
19	rs116922203	58537659	0	5.769835e-04	6.718404e-05	1
19	rs116938565	58752980	0	-2.017637e-04	-2.206690e-05	1
19	rs117121674	58619217	0	2.056996e-04	2.353590e-05	1
19	rs117207849	58645844	0	-3.379480e-04	-3.895571e-05	1
19	rs117233340	58531540	0	9.594827e-04	1.189289e-04	1
19	rs117415600	58985438	0	9.715312e-05	1.104848e-05	1
19	rs117450623	58789961	0	-3.831590e-04	-4.404236e-05	1
19	rs117465682	58954770	0	9.715312e-05	1.104848e-05	1
19	rs117482759	58808414	0	2.728250e-04	3.137019e-05	1
19	rs117509647	58580355	0	1.116725e-05	1.252870e-06	1
19	rs117591817	58875573	0	2.417204e-04	2.761447e-05	1
19	rs117667229	58690935	0	4.546139e-04	5.171784e-05	1
19	rs117761389	58665641	0	4.589849e-04	5.276750e-05	1
19	rs117800501	58649809	0	-3.375774e-06	-3.760549e-07	1
19	rs117831716	58571600	0	2.472266e-04	2.839049e-05	1
19	rs117962485	58794158	0	1.429073e-04	1.641770e-05	1
19	rs118058287	58726678	0	6.548538e-04	7.687535e-05	1
19	rs118122480	58697975	0	5.304902e-05	5.987960e-06	1
19	rs118165397	58873238	0	4.928957e-04	5.498185e-05	1
19	rs11878198	58920302	0	-3.170104e-04	-3.075391e-05	1
19	rs11878203	58920050	0	-4.056684e-04	-3.959417e-05	1
19	rs11879192	58613591	0	-9.409378e-04	-8.913431e-05	1
19	rs11879575	58660968	0	5.211256e-04	5.243561e-05	1
19	rs11879748	58613819	0	-9.409378e-04	-8.913428e-05	1
19	rs11879808	58876517	0	3.054136e-04	3.260556e-05	1
19	rs11881000	58932788	0	-4.056684e-04	-3.959416e-05	1
19	rs11881126	58523990	0	8.873623e-04	8.466311e-05	1
19	rs11882439	58730564	0	-8.311777e-04	-8.517455e-05	1
19	rs11883119	58750511	0	-2.017637e-04	-2.206690e-05	1
19	rs11883136	58750671	0	-2.017637e-04	-2.206690e-05	1
19	rs12151036	58714235	0	-5.194238e-04	-5.094838e-05	1
19	rs12459294	58878494	0	2.454806e-04	2.639822e-05	1
19	rs12459340	58878484	0	-7.645647e-04	-7.065151e-05	1
19	rs12459664	58883817	0	4.097875e-04	4.462439e-05	1
19	rs12459668	58883897	0	-3.812661e-04	-4.203452e-05	1
19	rs12459942	58678797	0	3.180828e-04	3.611354e-05	1
19	rs12460016	58784640	0	1.347994e-03	1.507758e-04	1
19	rs12460050	58666109	0	-1.221038e-05	-1.188623e-06	1
19	rs12460553	58903304	0	-4.131241e-04	-3.761810e-05	1
19	rs12460623	58903574	0	-3.170162e-04	-2.863157e-05	1
19	rs12460974	58537461	0	-1.973240e-03	-2.415112e-04	1
19	rs12461217	58579927	0	-1.046070e-03	-1.064611e-04	1
19	rs12461356	58668553	0	1.002236e-04	9.118203e-06	1
19	rs12461832	58611210	0	-9.409378e-04	-8.913423e-05	1
19	rs12462307	58784732	0	-9.552908e-05	-8.910922e-06	1
19	rs12462497	58964424	0	1.423355e-04	1.514957e-05	1
19	rs12462787	58801360	0	1.390597e-03	1.585545e-04	1
19	rs12608795	58896477	0	-1.751753e-04	-1.578469e-05	1
19	rs12609270	58888787	0	-8.163876e-04	-7.617394e-05	1
19	rs12611047	58889108	0	-1.164802e-03	-1.160532e-04	1
19	rs1265953	58854566	0	1.663092e-04	1.801028e-05	1
19	rs1265954	58854600	0	2.229456e-04	2.432665e-05	1
19	rs1265955	58856812	0	3.126164e-04	3.435157e-05	1
19	rs1265956	58857131	0	6.163889e-05	6.517609e-06	1
19	rs1265957	58858676	0	3.400857e-04	3.815178e-05	1
19	rs1265961	58860387	2	2.042664e-04	2.049559e-05	1
19	rs1268538	58853363	0	-2.229456e-04	-2.432665e-05	1
19	rs12971534	58541508	0	-7.687262e-04	-7.982925e-05	1
19	rs12971923	58634625	0	-2.539128e-06	-2.328055e-07	1
19	rs12971940	58541514	0	-9.030038e-04	-9.626968e-05	1
19	rs12972034	58690818	0	-3.670812e-04	-3.498368e-05	1
19	rs12972054	58735053	0	4.591875e-05	4.443375e-06	1
19	rs12972438	58728126	0	3.698657e-05	3.499954e-06	1
19	rs12972443	58757870	0	-5.620910e-04	-5.157871e-05	1
19	rs12972884	58749797	0	-3.262617e-04	-2.944320e-05	1
19	rs12972898	58956888	0	-3.894652e-04	-3.852273e-05	1
19	rs12973189	58618974	0	-3.389587e-04	-3.081845e-05	1
19	rs12973218	58729931	0	-8.311777e-04	-8.517448e-05	1
19	rs12973231	58729904	0	-8.311777e-04	-8.517446e-05	1
19	rs12973458	58729973	0	-8.311777e-04	-8.517445e-05	1
19	rs12973718	58580615	0	-3.875521e-04	-3.884324e-05	1
19	rs12974045	58612080	10	-1.229351e-03	-1.209566e-04	1
19	rs12974312	58612154	0	-9.409378e-04	-8.913412e-05	1
19	rs12975369	58693418	0	-3.670812e-04	-3.498359e-05	1
19	rs12975659	58612122	0	-1.091514e-04	-1.066612e-05	1
19	rs12975995	58553864	0	-1.075772e-03	-1.167932e-04	1
19	rs12976331	58751639	0	-8.101176e-05	-7.313259e-06	1
19	rs12976771	58614336	0	-9.409378e-04	-8.913408e-05	1
19	rs12976842	58614404	0	-9.409378e-04	-8.913405e-05	1
19	rs12976966	58647516	0	-6.713495e-04	-7.078639e-05	1
19	rs12977251	58605521	0	-3.787941e-04	-3.466617e-05	1
19	rs12977390	58614604	0	-9.409378e-04	-8.913402e-05	1
19	rs12977592	58961056	0	-2.191440e-04	-1.995070e-05	1
19	rs12977863	58702050	0	-3.670812e-04	-3.498355e-05	1
19	rs12977929	58688430	0	-3.670812e-04	-3.498354e-05	1
19	rs12978129	58725724	0	-4.371763e-04	-4.171614e-05	1
19	rs12978139	58732605	0	-7.219389e-04	-7.288277e-05	1
19	rs12978152	58732656	0	-6.323299e-04	-5.995324e-05	1
19	rs12978231	58614357	0	-9.409378e-04	-8.913397e-05	1
19	rs12979108	58732779	0	-7.987690e-04	-8.146666e-05	1
19	rs12979415	58952608	0	-5.581044e-04	-6.419246e-05	1
19	rs12979906	58732532	0	-2.800229e-04	-2.535075e-05	1
19	rs12980120	58618223	0	-3.188555e-04	-3.160332e-05	1
19	rs12980208	58860812	0	4.059579e-04	4.465443e-05	1
19	rs12980211	58611169	0	-9.409378e-04	-8.913394e-05	1
19	rs12980299	58787473	0	-1.234337e-03	-1.244806e-04	1
19	rs12980623	58624996	0	-6.872010e-04	-7.166000e-05	1
19	rs12980697	58963488	0	-6.582193e-04	-6.602181e-05	1
19	rs12980907	58956326	0	-6.658870e-04	-6.731093e-05	1
19	rs12981083	58963468	0	-5.080585e-04	-5.032237e-05	1
19	rs12981092	58963475	0	-6.752016e-04	-6.766333e-05	1
19	rs12981338	58618736	0	-2.279466e-04	-2.065363e-05	1
19	rs12981417	58596956	0	-7.104889e-04	-7.348368e-05	1
19	rs12981649	58930043	0	-3.170104e-04	-3.075382e-05	1
19	rs12981684	58632144	0	-2.539128e-06	-2.326611e-07	1
19	rs12981875	58935130	0	-2.974835e-04	-2.882017e-05	1
19	rs12982505	58613285	0	-7.224558e-04	-6.691826e-05	1
19	rs12982863	58715418	0	-3.954034e-04	-3.763484e-05	1
19	rs12983138	58655373	0	-4.936221e-04	-4.393259e-05	1
19	rs12983165	58958435	0	-6.658870e-04	-6.731089e-05	1
19	rs12983169	58768177	0	-6.211106e-04	-5.808485e-05	1
19	rs12983679	58923736	0	-4.056684e-04	-3.959405e-05	1
19	rs12983701	58613499	0	-1.141195e-03	-1.114698e-04	1
19	rs12983728	58671267	0	-6.457202e-04	-6.787069e-05	1
19	rs12983843	58923618	1	-4.683497e-04	-4.597455e-05	1
19	rs12984015	58613031	0	-9.409378e-04	-8.913380e-05	1
19	rs12984254	58613113	0	-9.409378e-04	-8.913377e-05	1
19	rs12984878	58562150	0	-5.826005e-04	-5.846923e-05	1
19	rs12985394	58958585	0	-6.658870e-04	-6.731086e-05	1
19	rs12985543	58689072	0	-3.670812e-04	-3.498340e-05	1
19	rs12986027	58793596	0	-1.234337e-03	-1.244805e-04	1
19	rs12986378	58727821	0	3.698657e-05	3.500219e-06	1
19	rs12986387	58927215	0	-3.170104e-04	-3.075376e-05	1
19	rs13343526	58908150	0	5.392062e-04	5.753420e-05	1
19	rs13344679	58693697	0	-5.014809e-04	-4.911974e-05	1
19	rs13345808	58674696	0	5.290641e-05	4.866661e-06	1
19	rs13346342	58522715	0	3.804952e-04	3.935814e-05	1
19	rs13382065	58903698	0	-1.790558e-04	-1.611881e-05	1
19	rs139211863	58843003	0	-4.649932e-04	-5.111108e-05	1
19	rs140171882	58659248	0	5.004990e-04	5.036458e-05	1
19	rs140214515	58654197	0	-3.142514e-04	-3.599517e-05	1
19	rs140638120	58754319	0	-6.839120e-04	-8.198391e-05	1
19	rs140755790	58680275	0	7.928228e-04	9.204966e-05	1
19	rs141669549	58690674	0	-9.256221e-04	-9.728970e-05	1
19	rs141815249	58690989	0	4.546139e-04	5.171783e-05	1
19	rs142677013	58655817	0	1.188446e-04	1.353880e-05	1
19	rs143096975	58622408	0	-1.930206e-04	-2.168961e-05	1
19	rs143314212	58810770	0	-1.580779e-04	-1.781068e-05	1
19	rs143712775	58643218	0	7.115685e-04	8.204837e-05	1
19	rs144310654	58669338	0	-3.937066e-04	-4.549241e-05	1
19	rs144479077	58634823	0	3.299194e-04	3.760924e-05	1
19	rs144760313	58894031	0	-8.684560e-04	-1.032517e-04	1
19	rs1465789	58946056	0	3.024299e-04	2.688056e-05	1
19	rs1469087	58572979	0	-5.496823e-04	-5.838011e-05	1
19	rs147878006	58887658	0	-2.539260e-05	-2.752853e-06	1
19	rs148493024	58655648	0	1.021803e-05	1.146977e-06	1
19	rs148953731	58662865	0	-4.399603e-04	-4.940937e-05	1
19	rs149513825	58925379	0	9.715312e-05	1.104849e-05	1
19	rs149594935	58681857	0	1.655054e-04	1.811792e-05	1
19	rs149863732	58917068	0	6.385560e-04	6.209394e-05	1
19	rs150191918	58691030	0	6.267916e-06	7.030942e-07	1
19	rs150752046	58888366	0	6.491353e-04	7.359994e-05	1
19	rs150892142	58743405	0	1.227609e-04	1.356969e-05	1
19	rs1529329	58600048	0	5.644003e-05	5.474203e-06	1
19	rs1529958	58899466	0	-4.595284e-04	-4.104569e-05	1
19	rs1529959	58899342	0	-5.054195e-04	-4.549196e-05	1
19	rs1544796	58542425	0	2.989417e-04	3.165432e-05	1
19	rs1544888	58570912	0	-1.053655e-03	-1.057368e-04	1
19	rs1549279	58528621	0	1.210910e-03	1.227221e-04	1
19	rs1549491	58588434	0	-1.079999e-04	-9.999843e-06	1
19	rs1549492	58585248	0	-4.498310e-04	-4.195655e-05	1
19	rs1549493	58585367	0	-5.786128e-04	-5.432014e-05	1
19	rs1549495	58529518	0	8.865147e-04	8.443236e-05	1
19	rs157355	58692686	0	-4.058162e-04	-3.624657e-05	1
19	rs157357	58693870	0	1.545842e-04	1.574155e-05	1
19	rs157358	58643751	0	-9.950074e-05	-9.822084e-06	1
19	rs157360	58650058	0	-1.579767e-04	-1.488748e-05	1
19	rs157361	58676017	0	2.994864e-04	3.014618e-05	1
19	rs157362	58675894	0	4.540750e-04	4.616171e-05	1
19	rs157363	58675603	0	2.994864e-04	3.014619e-05	1
19	rs157364	58675220	0	2.414643e-04	2.166560e-05	1
19	rs157365	58674756	0	1.501031e-04	1.344514e-05	1
19	rs157366	58674526	0	-6.995125e-04	-6.625445e-05	1
19	rs157367	58674310	0	3.935167e-04	3.945593e-05	1
19	rs157369	58672078	0	-2.709576e-04	-2.497428e-05	1
19	rs157370	58671178	0	-3.449313e-04	-3.190952e-05	1
19	rs157371	58669973	0	-6.099299e-04	-5.758485e-05	1
19	rs157372	58668597	0	-3.449313e-04	-3.190951e-05	1
19	rs157373	58666990	0	3.007889e-04	2.991475e-05	1
19	rs157374	58666086	0	3.714087e-05	3.678740e-06	1
19	rs157375	58665001	0	3.007889e-04	2.991475e-05	1
19	rs157376	58663457	0	6.715418e-04	6.881941e-05	1
19	rs157378	58696697	0	4.662769e-04	4.233343e-05	1
19	rs157379	58696598	0	5.327243e-04	4.856419e-05	1
19	rs1592993	58555971	0	-1.947088e-04	-2.055371e-05	1
19	rs1592994	58555932	0	-7.754158e-05	-8.175138e-06	1
19	rs1592995	58555850	0	-1.947383e-04	-2.055702e-05	1
19	rs159667	58648359	0	-2.175507e-04	-1.970248e-05	1
19	rs159668	58643841	0	-9.950074e-05	-9.822054e-06	1
19	rs159670	58641777	0	-4.247335e-04	-4.166028e-05	1
19	rs159671	58641701	0	-4.247335e-04	-4.166028e-05	1
19	rs159672	58641686	0	-4.271726e-04	-4.270019e-05	1
19	rs159673	58641457	0	-4.247335e-04	-4.166027e-05	1
19	rs159674	58670181	0	7.147064e-04	7.364141e-05	1
19	rs159675	58668765	0	1.043531e-03	1.008754e-04	1
19	rs159676	58666427	0	1.043531e-03	1.008754e-04	1
19	rs159677	58665490	0	1.020559e-03	9.809522e-05	1
19	rs159678	58679085	0	1.711948e-04	1.704111e-05	1
19	rs159679	58661732	0	1.022148e-03	9.772465e-05	1
19	rs159680	58661581	0	3.007889e-04	2.991475e-05	1
19	rs159870	58549366	0	9.829644e-04	9.836164e-05	1
19	rs159871	58550281	0	6.544589e-04	6.239914e-05	1
19	rs159872	58547449	0	8.210408e-04	7.997641e-05	1
19	rs159873	58547516	0	8.210408e-04	7.997641e-05	1
19	rs159874	58548431	0	1.564903e-04	1.658447e-05	1
19	rs166343	58775182	0	-2.230570e-04	-1.974263e-05	1
19	rs166830	58658950	3	1.461755e-04	1.451530e-05	1
19	rs166831	58676446	0	2.994864e-04	3.014621e-05	1
19	rs169776	58550436	0	1.564903e-04	1.658447e-05	1
19	rs16988654	58837269	0	-4.351516e-04	-4.704571e-05	1
19	rs16988659	58840850	0	-4.012109e-04	-4.386414e-05	1
19	rs16988665	58840905	0	-3.565865e-04	-3.920396e-05	1
19	rs16988667	58842180	0	-4.020987e-04	-4.349731e-05	1
19	rs16988668	58850756	0	-3.067380e-04	-3.289624e-05	1
19	rs171851	58758900	0	8.789298e-04	9.400767e-05	1
19	rs171852	58754386	0	6.699086e-04	6.049367e-05	1
19	rs171853	58685051	0	4.315323e-05	3.892834e-06	1
19	rs171854	58666802	0	5.999194e-04	6.135728e-05	1
19	rs174280	58711922	0	-3.262041e-04	-2.915452e-05	1
19	rs174281	58735457	0	3.165038e-04	3.329850e-05	1
19	rs176981	58655580	0	4.400241e-04	4.272708e-05	1
19	rs17853924	58806686	0	-4.677552e-04	-5.259730e-05	1
19	rs1808397	58572356	0	-7.287934e-04	-7.010504e-05	1
19	rs1812874	58632506	0	-4.278042e-04	-4.225587e-05	1
19	rs181320759	58658446	0	3.715148e-04	3.698225e-05	1
19	rs181994	58746054	0	2.196643e-04	2.201071e-05	1
19	rs182055294	58526154	4	-6.667609e-04	-7.162224e-05	1
19	rs183304547	58609059	0	2.056996e-04	2.353590e-05	1
19	rs184128	58548760	0	9.957630e-04	9.975709e-05	1
19	rs185161330	58916579	3	-2.362400e-04	-2.300866e-05	1
19	rs185464	58776863	0	-4.248207e-04	-3.810344e-05	1
19	rs185791	58644371	0	-9.758076e-04	-1.000884e-04	1
19	rs1865960	58894235	0	2.667162e-04	2.877122e-05	1
19	rs187760	58775192	0	-2.684034e-04	-2.382019e-05	1
19	rs188370	58529192	0	1.440106e-03	1.594842e-04	1
19	rs188415	58616313	0	8.483308e-04	8.793702e-05	1
19	rs188486366	58526153	4	-4.286599e-04	-4.508704e-05	1
19	rs189981267	58970374	0	1.609478e-04	1.822289e-05	1
19	rs190729	58658029	0	3.479197e-04	3.167169e-05	1
19	rs190882	58529365	0	1.387261e-03	1.517357e-04	1
19	rs190975	58631968	0	4.019329e-05	4.496021e-06	1
19	rs193390	58548658	0	-2.934635e-05	-3.015400e-06	1
19	rs1968868	58678383	0	2.657086e-05	2.538842e-06	1
19	rs1974819	58656963	0	4.929904e-04	5.006127e-05	1
19	rs1974826	58590145	0	-4.762778e-04	-4.435699e-05	1
19	rs1985434	58764185	0	-3.316972e-05	-2.858270e-06	1
19	rs1987625	58632634	0	1.281358e-04	1.270582e-05	1
19	rs1987626	58632649	0	-4.278042e-04	-4.225585e-05	1
19	rs1993463	58786898	0	1.422840e-04	1.564732e-05	1
19	rs1993464	58786953	0	8.819286e-04	8.707992e-05	1
19	rs2013635	58646792	0	4.192623e-04	4.190156e-05	1
19	rs204216	58660769	0	3.007889e-04	2.991477e-05	1
19	rs2046357	58673534	0	7.928228e-04	9.204965e-05	1
19	rs2052733	58625864	0	-3.916972e-04	-3.871110e-05	1
19	rs2052734	58626005	0	-4.384639e-04	-4.315481e-05	1
19	rs2052735	58626112	0	-1.632451e-04	-1.572657e-05	1
19	rs2062251	58715682	0	-2.877785e-04	-2.729763e-05	1
19	rs2081578	58669335	0	6.084221e-04	6.921528e-05	1
19	rs2098685	58630409	0	4.836220e-04	4.874908e-05	1
19	rs2098686	58630043	0	-4.792300e-04	-4.721484e-05	1
19	rs2098687	58630023	0	-3.886265e-04	-3.813966e-05	1
19	rs2098717	58524390	0	-1.978054e-04	-2.149389e-05	1
19	rs2100610	58802349	0	-1.963998e-04	-2.191251e-05	1
19	rs2112825	58614156	0	3.166611e-04	3.175474e-05	1
19	rs211579	58615270	0	2.109473e-04	2.075859e-05	1
19	rs2124911	58696798	0	-3.670812e-04	-3.498327e-05	1
19	rs2168644	58788393	0	-1.234337e-03	-1.244803e-04	1
19	rs2229375	58578578	0	2.756578e-04	2.468836e-05	1
19	rs2229379	58579923	0	3.808642e-04	3.434244e-05	1
19	rs2241406	58549593	0	-8.196742e-05	-8.633598e-06	1
19	rs2241787	58906163	0	-1.266730e-04	-1.124163e-05	1
19	rs2258557	58596449	0	8.146593e-04	8.598600e-05	1
19	rs2260914	58598784	0	7.153884e-04	7.240126e-05	1
19	rs2287837	58598670	0	5.644003e-05	5.474226e-06	1
19	rs2288274	58572959	0	-6.226097e-04	-5.931390e-05	1
19	rs2289143	58904715	0	1.858158e-04	1.831949e-05	1
19	rs2304521	58988179	0	1.030005e-04	1.045703e-05	1
19	rs2375233	58617203	0	-8.600257e-04	-8.628583e-05	1
19	rs2375234	58633323	0	-4.278042e-04	-4.225580e-05	1
19	rs2375235	58634745	0	-4.247335e-04	-4.166019e-05	1
19	rs2375470	58864867	0	1.536597e-04	1.662069e-05	1
19	rs2431835	58647214	0	4.905098e-05	4.352334e-06	1
19	rs2445854	58777608	2	6.388106e-04	5.843861e-05	1
19	rs2445855	58785181	0	1.465904e-03	1.612205e-04	1
19	rs2445856	58701358	0	4.874696e-04	4.404990e-05	1
19	rs2445857	58708507	0	7.035477e-04	7.456667e-05	1
19	rs2445858	58708730	0	4.695268e-04	4.233619e-05	1
19	rs2445859	58734330	0	1.394862e-04	1.472100e-05	1
19	rs2449628	58781945	0	6.252676e-05	5.469734e-06	1
19	rs2449629	58781917	0	1.876915e-04	1.643990e-05	1
19	rs2449631	58781652	0	-5.141221e-05	-4.449784e-06	1
19	rs2449632	58781379	0	6.252676e-05	5.469755e-06	1
19	rs2449634	58795207	0	1.383293e-03	1.658866e-04	1
19	rs2449635	58785227	0	2.704076e-04	2.437040e-05	1
19	rs2449636	58785202	0	1.052000e-03	1.074682e-04	1
19	rs2449638	58735033	0	1.664391e-04	1.754807e-05	1
19	rs2449639	58777772	0	-8.149105e-05	-7.194553e-06	1
19	rs2547257	58610107	0	4.418908e-04	4.394021e-05	1
19	rs2547258	58638685	0	-9.788783e-04	-1.011280e-04	1
19	rs2547259	58637237	0	-4.017614e-04	-3.935143e-05	1
19	rs2547260	58635294	0	5.267228e-04	4.743184e-05	1
19	rs2547295	58617479	0	-5.374037e-04	-5.378488e-05	1
19	rs2547296	58622896	1	-2.107978e-04	-2.036557e-05	1
19	rs2547297	58623249	0	-4.944898e-04	-4.930908e-05	1
19	rs2547298	58626436	0	-2.420863e-04	-2.381115e-05	1
19	rs2547347	58627459	0	-3.916972e-04	-3.871099e-05	1
19	rs2547348	58626879	0	-3.916972e-04	-3.871099e-05	1
19	rs2547349	58626742	0	-3.916972e-04	-3.871098e-05	1
19	rs2547350	58622950	0	-4.944898e-04	-4.930905e-05	1
19	rs2547351	58620965	0	-5.374037e-04	-5.378484e-05	1
19	rs2547352	58610720	0	5.974972e-04	6.026658e-05	1
19	rs2547355	58635125	0	-4.247335e-04	-4.166011e-05	1
19	rs2547356	58635146	0	-4.247335e-04	-4.166010e-05	1
19	rs2547357	58636155	0	-4.247335e-04	-4.166010e-05	1
19	rs2547358	58636656	0	-4.278042e-04	-4.225570e-05	1
19	rs2547359	58637389	0	-4.017614e-04	-3.935135e-05	1
19	rs2547360	58638399	0	-9.758076e-04	-1.000882e-04	1
19	rs2554963	58625364	0	2.552626e-04	2.543711e-05	1
19	rs2554964	58625504	0	-4.147976e-06	-3.997977e-07	1
19	rs2554965	58625638	0	-2.372189e-04	-2.291303e-05	1
19	rs2554966	58627271	0	-3.916972e-04	-3.871092e-05	1
19	rs2554967	58627382	0	1.642428e-04	1.635439e-05	1
19	rs2554968	58627406	0	-1.731490e-04	-1.703898e-05	1
19	rs2554970	58636732	0	4.053605e-04	4.035034e-05	1
19	rs2554972	58636174	0	-4.278042e-04	-4.225566e-05	1
19	rs2554973	58631032	0	-4.247335e-04	-4.166005e-05	1
19	rs2554978	58609677	0	-9.745278e-05	-9.635670e-06	1
19	rs2554981	58620273	0	2.212865e-04	2.200468e-05	1
19	rs2554982	58620524	0	-3.089516e-04	-2.996643e-05	1
19	rs2554983	58620872	0	-5.374037e-04	-5.378475e-05	1
19	rs2554984	58621104	0	-3.089516e-04	-2.996641e-05	1
19	rs2554985	58621438	0	-7.425081e-05	-7.361911e-06	1
19	rs2554986	58621492	0	-2.217984e-04	-2.186748e-05	1
19	rs2554987	58622985	0	-4.944898e-04	-4.930895e-05	1
19	rs260413	58710468	0	7.711412e-04	8.281114e-05	1
19	rs260415	58715944	0	9.695464e-04	9.536959e-05	1
19	rs260416	58717025	0	4.408933e-04	4.402982e-05	1
19	rs260418	58720918	0	-2.557816e-04	-2.380476e-05	1
19	rs260419	58721952	0	7.600425e-04	8.161237e-05	1
19	rs260420	58731704	0	1.664391e-04	1.754806e-05	1
19	rs260421	58731390	0	-6.323299e-04	-5.995295e-05	1
19	rs260422	58729833	0	8.242505e-05	7.394224e-06	1
19	rs260424	58726569	0	-1.705116e-04	-1.823778e-05	1
19	rs260425	58735740	0	2.396737e-04	2.508900e-05	1
19	rs260426	58736177	0	5.386699e-04	5.756018e-05	1
19	rs260427	58736226	0	6.664784e-04	6.865521e-05	1
19	rs260428	58736625	0	4.618399e-04	4.894923e-05	1
19	rs260430	58737161	0	4.618399e-04	4.894923e-05	1
19	rs260432	58738273	0	4.618399e-04	4.894922e-05	1
19	rs260433	58738897	0	7.292548e-04	6.918977e-05	1
19	rs260434	58739039	1	5.212003e-04	5.560011e-05	1
19	rs260435	58739704	0	4.618399e-04	4.894921e-05	1
19	rs260436	58739710	0	5.386699e-04	5.756016e-05	1
19	rs260437	58739744	0	4.781432e-04	5.070860e-05	1
19	rs260438	58740339	0	5.601651e-04	5.983980e-05	1
19	rs260444	58745470	0	2.001652e-03	2.562131e-04	1
19	rs260446	58746861	0	3.307160e-04	3.351843e-05	1
19	rs260448	58764375	0	3.749297e-05	3.257272e-06	1
19	rs260449	58765459	0	2.667730e-04	2.336173e-05	1
19	rs260450	58766410	0	3.747145e-04	3.313179e-05	1
19	rs260451	58766550	0	2.667730e-04	2.336175e-05	1
19	rs260452	58766874	0	2.743661e-04	2.406669e-05	1
19	rs260453	58767151	0	2.966132e-04	2.604950e-05	1
19	rs260454	58767168	0	6.890516e-05	5.979752e-06	1
19	rs260455	58767492	0	8.789298e-04	9.400765e-05	1
19	rs260456	58767565	0	7.260237e-05	6.301890e-06	1
19	rs260457	58767697	0	2.511641e-04	2.198286e-05	1
19	rs260459	58768500	0	2.743661e-04	2.406672e-05	1
19	rs260460	58769790	6	-9.269405e-05	-1.050695e-05	1
19	rs260461	58770883	0	8.789298e-04	9.400765e-05	1
19	rs260462	58774071	0	-3.184316e-04	-2.835243e-05	1
19	rs260464	58774762	0	-2.230570e-04	-1.974242e-05	1
19	rs260465	58775486	0	-2.230570e-04	-1.974242e-05	1
19	rs260466	58775737	0	-4.634946e-04	-4.176603e-05	1
19	rs260467	58776215	0	-2.230570e-04	-1.974241e-05	1
19	rs260468	58776630	0	-3.184316e-04	-2.835240e-05	1
19	rs260469	58776765	0	-2.230570e-04	-1.974240e-05	1
19	rs260472	58807757	0	1.736777e-04	1.952297e-05	1
19	rs260473	58798137	0	-1.068533e-04	-9.495892e-06	1
19	rs260474	58798300	0	-1.429603e-04	-1.272778e-05	1
19	rs260475	58798490	0	1.370358e-03	1.553433e-04	1
19	rs260476	58798598	0	-1.068533e-04	-9.495890e-06	1
19	rs260477	58798628	0	-1.068533e-04	-9.495885e-06	1
19	rs260478	58751030	0	4.753529e-04	4.215314e-05	1
19	rs260482	58748274	0	1.469242e-04	1.492439e-05	1
19	rs260483	58748180	0	2.556727e-04	2.637131e-05	1
19	rs260484	58758451	0	4.175470e-04	3.670901e-05	1
19	rs260486	58753937	0	5.134913e-04	4.537362e-05	1
19	rs260487	58685347	0	-1.533464e-04	-1.403514e-05	1
19	rs260488	58686991	0	6.195236e-04	6.547818e-05	1
19	rs260491	58664447	0	4.391083e-04	4.395403e-05	1
19	rs260492	58668565	0	6.809049e-04	6.972107e-05	1
19	rs260493	58671334	0	3.474580e-04	3.465098e-05	1
19	rs260495	58794240	0	1.405456e-03	1.602022e-04	1
19	rs260496	58794033	0	1.683146e-03	2.056371e-04	1
19	rs260497	58792213	0	4.297497e-06	3.939024e-07	1
19	rs260498	58792190	0	-3.555003e-04	-3.211599e-05	1
19	rs260499	58791716	0	1.405456e-03	1.602022e-04	1
19	rs260500	58791213	0	4.297497e-06	3.939035e-07	1
19	rs260501	58790807	0	-1.095301e-04	-9.801921e-06	1
19	rs260502	58790784	0	1.412722e-03	1.613866e-04	1
19	rs260503	58790095	0	4.297497e-06	3.939042e-07	1
19	rs281061	58643376	0	-8.460585e-04	-8.445914e-05	1
19	rs281063	58651941	0	1.031585e-03	9.923096e-05	1
19	rs281064	58649998	0	-8.027081e-05	-7.523424e-06	1
19	rs281065	58645577	0	-4.297117e-04	-3.893160e-05	1
19	rs281066	58644840	0	-9.950074e-05	-9.821794e-06	1
19	rs281069	58659039	3	1.377211e-03	1.394449e-04	1
19	rs281070	58658691	0	7.209275e-04	6.561147e-05	1
19	rs281072	58657714	0	1.031585e-03	9.923093e-05	1
19	rs281073	58656418	0	1.080565e-03	1.046634e-04	1
19	rs281074	58656176	0	3.007889e-04	2.991479e-05	1
19	rs281075	58655106	0	2.001814e-04	1.963720e-05	1
19	rs281076	58654307	0	2.641822e-04	2.382899e-05	1
19	rs281077	58653376	0	1.826955e-04	1.651943e-05	1
19	rs281078	58653320	0	4.781778e-04	4.778172e-05	1
19	rs281079	58678388	0	3.374237e-04	3.391923e-05	1
19	rs281080	58700131	5	2.896048e-04	2.526926e-05	1
19	rs281081	58698915	0	-9.989479e-05	-8.799181e-06	1
19	rs28444973	58982044	0	-1.397709e-04	-1.502758e-05	1
19	rs28521102	58597905	0	-2.364851e-05	-2.663731e-06	1
19	rs28725494	58633618	0	-9.514563e-04	-9.722499e-05	1
19	rs28757810	58813720	0	-2.041638e-04	-1.902135e-05	1
19	rs28840697	58825728	0	5.801432e-04	6.277707e-05	1
19	rs2889031	58659115	2	1.230464e-03	1.203260e-04	1
19	rs2889128	58973929	0	-1.785431e-04	-1.583839e-05	1
19	rs292821	58531419	0	2.663237e-04	2.684769e-05	1
19	rs292826	58540860	0	7.639460e-04	7.380032e-05	1
19	rs292827	58544472	0	7.648141e-04	7.294383e-05	1
19	rs292828	58545133	0	1.564903e-04	1.658451e-05	1
19	rs292831	58529741	0	2.663237e-04	2.684769e-05	1
19	rs2930099	58779403	0	5.145103e-04	5.132188e-05	1
19	rs2930100	58747687	0	7.106984e-04	7.539022e-05	1
19	rs295345	58654195	0	8.254113e-04	8.590247e-05	1
19	rs295346	58616280	0	2.212865e-04	2.200458e-05	1
19	rs295347	58616256	0	7.644734e-04	7.746203e-05	1
19	rs299847	58680688	0	3.891009e-04	4.002480e-05	1
19	rs3087604	58813750	0	-1.287355e-04	-1.193808e-05	1
19	rs3088284	58929427	0	-3.170104e-04	-3.075366e-05	1
19	rs34003091	58662254	0	-6.380293e-04	-6.718665e-05	1
19	rs34006653	58731821	2	-8.481170e-04	-8.719854e-05	1
19	rs34023391	58913368	0	-4.546476e-04	-4.488559e-05	1
19	rs34114202	58599443	0	-2.496779e-04	-2.448266e-05	1
19	rs34152946	58923263	0	-3.170104e-04	-3.075364e-05	1
19	rs34188294	58919557	0	-5.914449e-04	-5.895684e-05	1
19	rs34230465	58943576	0	-4.746057e-04	-4.672417e-05	1
19	rs34370122	58546475	0	-8.274152e-04	-8.592458e-05	1
19	rs34380569	58648528	0	3.940783e-05	3.851619e-06	1
19	rs34421357	58835863	0	-3.336503e-04	-3.580308e-05	1
19	rs34469398	58677396	0	-9.782611e-05	-1.115405e-05	1
19	rs34503352	58651296	0	-6.686922e-04	-7.053052e-05	1
19	rs34511020	58921296	0	-3.170104e-04	-3.075362e-05	1
19	rs34526068	58658066	0	7.209275e-04	6.561142e-05	1
19	rs34541537	58912737	0	-4.815406e-04	-4.852268e-05	1
19	rs34602933	58886495	0	-1.196503e-03	-1.175378e-04	1
19	rs34648696	58554613	0	-1.014793e-03	-1.089984e-04	1
19	rs34702066	58582806	0	-1.084888e-03	-1.108839e-04	1
19	rs34873624	58943402	0	-3.859477e-04	-3.772502e-05	1
19	rs34914886	58774094	0	-1.993797e-05	-2.268972e-06	1
19	rs34947459	58655880	0	5.211256e-04	5.243513e-05	1
19	rs34990434	58550992	0	-9.663063e-04	-1.027590e-04	1
19	rs35081008	58662235	0	-6.380293e-04	-6.718662e-05	1
19	rs35117909	58912906	0	-4.016275e-04	-3.959017e-05	1
19	rs35138622	58912788	0	-2.697747e-04	-2.643303e-05	1
19	rs35220005	58550233	0	-9.193249e-04	-9.686657e-05	1
19	rs35269060	58933392	0	-4.995891e-05	-4.768235e-06	1
19	rs35358425	58599760	0	-9.407167e-05	-9.168557e-06	1
19	rs35394955	58954859	0	-5.894954e-04	-5.475612e-05	1
19	rs35466206	58943252	0	-4.746057e-04	-4.672413e-05	1
19	rs35511051	58665817	0	-3.518240e-05	-3.438590e-06	1
19	rs35652377	58929200	0	-3.170104e-04	-3.075359e-05	1
19	rs35711932	58658152	0	1.159291e-03	1.139537e-04	1
19	rs35713506	58954919	0	-5.894954e-04	-5.475611e-05	1
19	rs35740250	58694015	0	-3.669807e-04	-4.213033e-05	1
19	rs35747322	58544096	0	-1.013108e-03	-1.103527e-04	1
19	rs35782676	58926345	0	-2.136260e-04	-2.046153e-05	1
19	rs36057771	58836133	0	-2.930758e-04	-3.130945e-05	1
19	rs36090113	58912384	0	-4.964321e-04	-4.929815e-05	1
19	rs36098050	58652725	0	-6.686922e-04	-7.053050e-05	1
19	rs36100363	58710837	0	-3.670812e-04	-3.498301e-05	1
19	rs36111946	58836128	0	-2.821805e-04	-3.028123e-05	1
19	rs365040	58799529	0	1.227956e-03	1.347031e-04	1
19	rs365699	58799652	0	-1.008201e-04	-8.876720e-06	1
19	rs370335292	58658750	0	4.862390e-05	4.747271e-06	1
19	rs371120005	58658933	2	5.827900e-04	5.917337e-05	1
19	rs371149	58779654	0	-3.032261e-04	-2.689888e-05	1
19	rs373337854	58658806	1	9.834572e-04	1.163337e-04	1
19	rs374431	58790713	0	-1.191738e-04	-1.064616e-05	1
19	rs3745129	58637498	0	-4.297117e-04	-3.893157e-05	1
19	rs3745142	58836745	0	-2.821805e-04	-3.028123e-05	1
19	rs3764528	58977554	0	-1.859645e-04	-1.645585e-05	1
19	rs3764529	58945089	0	-4.674205e-04	-4.596285e-05	1
19	rs3764531	58929305	0	-4.213970e-04	-3.761633e-05	1
19	rs3764532	58929222	0	-4.056684e-04	-3.959381e-05	1
19	rs3764533	58929194	0	1.726123e-04	1.531135e-05	1
19	rs3764534	58929136	0	3.713672e-04	3.309933e-05	1
19	rs3764535	58929052	0	7.723769e-05	6.823938e-06	1
19	rs3764536	58896712	0	-1.580678e-04	-1.419622e-05	1
19	rs376460183	58658873	1	-5.917807e-06	-5.738164e-07	1
19	rs376570508	58658612	0	2.722901e-04	2.669311e-05	1
19	rs378452	58786520	0	-8.470600e-04	-7.948461e-05	1
19	rs379075	58785739	0	-1.062965e-03	-1.033854e-04	1
19	rs3794968	58986799	0	-2.730931e-04	-2.401268e-05	1
19	rs3794969	58986561	0	-6.781553e-05	-7.407290e-06	1
19	rs3794970	58986260	0	-8.944687e-04	-9.517513e-05	1
19	rs3794971	58985866	0	-1.058256e-03	-1.156793e-04	1
19	rs3794974	58897652	0	-2.764997e-04	-2.532406e-05	1
19	rs3794975	58895950	0	3.675222e-04	3.964206e-05	1
19	rs3810126	58610254	0	-9.409378e-04	-8.913301e-05	1
19	rs3826677	58919002	0	4.436064e-04	4.198910e-05	1
19	rs3826678	58918917	0	4.436064e-04	4.198909e-05	1
19	rs3826679	58918817	0	4.436064e-04	4.198908e-05	1
19	rs3826680	58918800	0	4.436064e-04	4.198907e-05	1
19	rs3826681	58918764	0	-3.170104e-04	-3.075353e-05	1
19	rs3826682	58918748	0	-4.056684e-04	-3.959377e-05	1
19	rs3826683	58918733	0	-3.170104e-04	-3.075352e-05	1
19	rs3826684	58918705	0	-3.170104e-04	-3.075351e-05	1
19	rs384702	58552801	0	2.084733e-04	2.222568e-05	1
19	rs3848524	58816529	0	2.486106e-04	2.615335e-05	1
19	rs3892385	58602870	0	6.568627e-05	7.260312e-06	1
19	rs390667	58733011	0	8.960904e-05	9.415405e-06	1
19	rs392644	58780503	0	6.252676e-05	5.470062e-06	1
19	rs392687	58779566	0	-2.972406e-04	-2.634525e-05	1
19	rs3953740	58659362	0	-5.262580e-04	-4.949059e-05	1
19	rs400733	58797344	0	-1.819528e-05	-1.607165e-06	1
19	rs401706	58733555	0	1.664391e-04	1.754795e-05	1
19	rs403408	58684407	0	-8.071127e-04	-7.575397e-05	1
19	rs4084852	58835255	0	-2.930758e-04	-3.130946e-05	1
19	rs414948	58738375	0	4.618399e-04	4.894912e-05	1
19	rs424114	58733641	0	8.960904e-05	9.415396e-06	1
19	rs425516	58781229	0	1.579014e-04	1.379954e-05	1
19	rs425605	58786623	0	3.284221e-04	2.909140e-05	1
19	rs427988	58779785	0	6.252676e-05	5.470090e-06	1
19	rs429770	58787836	0	1.445261e-03	1.681988e-04	1
19	rs431093	58786084	0	-1.153206e-03	-1.139622e-04	1
19	rs432181	58799781	0	-1.008201e-04	-8.876613e-06	1
19	rs432426	58780131	0	-8.994842e-05	-7.809499e-06	1
19	rs435442	58807827	0	9.048435e-05	1.019148e-05	1
19	rs437183	58799635	0	-1.008201e-04	-8.876603e-06	1
19	rs437229	58790675	0	6.251330e-04	5.850626e-05	1
19	rs4372790	58953693	0	6.498462e-04	5.915997e-05	1
19	rs439333	58783027	0	1.579014e-04	1.379960e-05	1
19	rs4444432	58715538	0	-2.817618e-04	-2.671501e-05	1
19	rs446075	58766735	0	2.743661e-04	2.406700e-05	1
19	rs448147	58778070	0	-2.078515e-04	-1.833141e-05	1
19	rs448403	58786146	0	-8.888680e-04	-8.409622e-05	1
19	rs4496257	58669456	0	-5.332862e-04	-5.019539e-05	1
19	rs449697	58787977	0	1.405456e-03	1.602020e-04	1
19	rs4524039	58625270	0	-6.021165e-04	-6.088786e-05	1
19	rs453737	58800252	0	-2.492555e-04	-2.217457e-05	1
19	rs45475596	58881109	0	3.047998e-04	3.281121e-05	1
19	rs45535435	58846866	0	-2.601867e-04	-2.818998e-05	1
19	rs45571742	58552111	0	-1.075772e-03	-1.167929e-04	1
19	rs45589034	58640964	0	4.053605e-04	4.035012e-05	1
19	rs45598236	58521433	0	-6.179253e-04	-6.754682e-05	1
19	rs45601339	58718247	0	-6.953568e-04	-8.047751e-05	1
19	rs45617039	58951096	0	-4.746057e-04	-4.672402e-05	1
19	rs4584938	58899303	0	-1.016185e-03	-9.980210e-05	1
19	rs4599020	58691998	0	-3.670812e-04	-3.498287e-05	1
19	rs4603677	58950721	0	5.250791e-04	5.004349e-05	1
19	rs4608428	58618579	0	-5.374037e-04	-5.378464e-05	1
19	rs4801246	58522534	0	1.407015e-03	1.547267e-04	1
19	rs4801247	58522561	0	1.209067e-03	1.261368e-04	1
19	rs4801250	58616674	0	7.723606e-04	8.026879e-05	1
19	rs4801251	58617042	0	2.212865e-04	2.200445e-05	1
19	rs4801252	58631676	0	3.534868e-05	3.504031e-06	1
19	rs4801262	58848116	0	-5.704365e-05	-6.257096e-06	1
19	rs4801267	58882384	0	-2.858915e-04	-3.128530e-05	1
19	rs4801269	58927916	0	4.436064e-04	4.198902e-05	1
19	rs4801270	58932762	0	3.713672e-04	3.309926e-05	1
19	rs4801271	58953449	0	5.928776e-04	5.643708e-05	1
19	rs4801272	58977463	0	-1.425960e-04	-1.256737e-05	1
19	rs4801541	58521224	0	7.984790e-04	7.528933e-05	1
19	rs4801542	58522974	0	-2.235744e-04	-2.162674e-05	1
19	rs4801543	58523804	0	-9.354653e-05	-9.012583e-06	1
19	rs4801544	58526202	0	5.335318e-04	5.573258e-05	1
19	rs4801546	58526387	0	-9.467951e-05	-9.069705e-06	1
19	rs4801547	58526742	0	4.619914e-04	4.782285e-05	1
19	rs4801548	58528978	0	4.641460e-04	4.785467e-05	1
19	rs4801555	58600977	0	4.349723e-04	4.283731e-05	1
19	rs4801559	58627808	0	-1.632451e-04	-1.572627e-05	1
19	rs4801562	58634756	0	1.367022e-04	1.333296e-05	1
19	rs4801564	58644826	0	-5.460959e-04	-5.028935e-05	1
19	rs4801565	58674249	0	3.408223e-04	3.366077e-05	1
19	rs4801566	58674788	0	6.378323e-06	5.930673e-07	1
19	rs4801567	58675005	0	2.657086e-05	2.538477e-06	1
19	rs4801572	58752932	0	-2.017637e-04	-2.206703e-05	1
19	rs4801573	58754058	0	-2.017637e-04	-2.206703e-05	1
19	rs4801574	58754102	0	-2.017637e-04	-2.206703e-05	1
19	rs4801576	58779342	0	-5.257900e-04	-6.004178e-05	1
19	rs4801577	58799044	0	-1.082635e-04	-1.203119e-05	1
19	rs4801578	58801599	0	-1.495939e-04	-1.661877e-05	1
19	rs4801579	58863449	0	-1.040084e-04	-1.078229e-05	1
19	rs4801581	58913312	0	1.158146e-05	1.019109e-06	1
19	rs4801583	58918405	0	3.713672e-04	3.309924e-05	1
19	rs4801584	58920702	0	2.288442e-04	2.144667e-05	1
19	rs4801585	58934305	0	1.877797e-04	1.668793e-05	1
19	rs4801586	58934528	0	3.713672e-04	3.309922e-05	1
19	rs4801587	58936679	0	3.713672e-04	3.309921e-05	1
19	rs4801588	58949046	0	5.250791e-04	5.004342e-05	1
19	rs4801589	58953398	0	5.350122e-04	4.839006e-05	1
19	rs4801590	58961813	0	1.933414e-04	1.708685e-05	1
19	rs4801591	58970099	0	1.743140e-04	1.616738e-05	1
19	rs4801593	58972252	0	5.837074e-04	5.535108e-05	1
19	rs4801595	58978517	0	-1.951627e-04	-1.720428e-05	1
19	rs495839	58545500	4	3.901904e-04	4.152178e-05	1
19	rs500286	58785900	0	-9.051713e-04	-8.601206e-05	1
19	rs523073	58647358	0	-2.175507e-04	-1.970222e-05	1
19	rs547045	58788236	0	1.053301e-03	1.062096e-04	1
19	rs548671	58801518	1	1.348247e-04	1.220046e-05	1
19	rs550471	58801687	0	1.341792e-03	1.470852e-04	1
19	rs551116	58684611	0	-8.071127e-04	-7.575392e-05	1
19	rs55633425	58948018	0	-5.560785e-04	-5.514322e-05	1
19	rs55633565	58530628	0	4.608953e-04	4.776240e-05	1
19	rs55697390	58674301	0	8.351727e-04	9.725436e-05	1
19	rs55734122	58733610	0	-7.870119e-04	-8.154385e-05	1
19	rs55827758	58842450	0	-3.601585e-04	-3.965340e-05	1
19	rs55833862	58637690	0	-4.271726e-04	-4.270015e-05	1
19	rs55857578	58914925	0	-3.129695e-04	-3.066335e-05	1
19	rs55875034	58983558	0	-1.030290e-03	-1.123933e-04	1
19	rs55945602	58632305	0	5.007351e-04	5.041416e-05	1
19	rs55959018	58935768	0	5.322644e-04	5.062214e-05	1
19	rs56065611	58520480	0	7.984790e-04	7.528932e-05	1
19	rs56066701	58841066	0	-3.938276e-04	-4.303226e-05	1
19	rs56121586	58585744	0	3.808642e-04	3.434230e-05	1
19	rs56161266	58816642	0	2.594045e-04	2.966956e-05	1
19	rs56236214	58817958	0	-1.240556e-04	-1.408787e-05	1
19	rs56273550	58611001	0	4.185570e-04	4.789584e-05	1
19	rs56290606	58919320	0	-3.914734e-04	-3.815930e-05	1
19	rs56292587	58919066	0	-3.170104e-04	-3.075344e-05	1
19	rs56332086	58917700	0	-3.305097e-04	-3.209737e-05	1
19	rs56394914	58882740	0	-8.226762e-04	-7.724890e-05	1
19	rs56395112	58577672	0	2.330529e-04	2.092849e-05	1
19	rs56654816	58845187	0	-3.973996e-04	-4.348359e-05	1
19	rs56688575	58851238	0	-2.229456e-04	-2.432679e-05	1
19	rs56725489	58830709	0	4.767160e-05	5.043721e-06	1
19	rs57140425	58709015	0	5.745773e-04	6.432727e-05	1
19	rs57201473	58851686	0	-2.229456e-04	-2.432679e-05	1
19	rs57656768	58648536	0	8.985332e-05	1.003171e-05	1
19	rs57760408	58821683	0	-1.373984e-04	-1.465954e-05	1
19	rs57785785	58815158	0	2.146105e-04	2.368042e-05	1
19	rs57797045	58534654	0	7.260235e-04	7.851887e-05	1
19	rs58071659	58784272	0	4.986781e-04	5.680982e-05	1
19	rs58231369	58754967	0	-2.017637e-04	-2.206703e-05	1
19	rs58371330	58823196	0	-1.373984e-04	-1.465954e-05	1
19	rs58412590	58887647	0	2.667162e-04	2.877116e-05	1
19	rs58509147	58840490	0	-9.735342e-05	-1.042378e-05	1
19	rs58576937	58577443	0	-1.039961e-03	-1.312344e-04	1
19	rs58617733	58842534	0	-3.973996e-04	-4.348360e-05	1
19	rs58899074	58611996	0	-9.582223e-04	-9.082725e-05	1
19	rs59054150	58850341	0	-2.229456e-04	-2.432679e-05	1
19	rs59114323	58649994	0	-8.238379e-05	-8.036034e-06	1
19	rs59238777	58625136	0	6.600897e-04	7.428448e-05	1
19	rs59401383	58882767	0	3.047998e-04	3.281121e-05	1
19	rs59678004	58813932	0	-1.774714e-04	-1.656416e-05	1
19	rs59874238	58841861	0	-3.601585e-04	-3.965341e-05	1
19	rs59894429	58577444	0	2.330529e-04	2.092848e-05	1
19	rs59908383	58828737	0	-1.733814e-04	-1.840657e-05	1
19	rs59925483	58672788	0	-2.450968e-04	-2.767670e-05	1
19	rs59967605	58835563	0	-2.930758e-04	-3.130949e-05	1
19	rs60075099	58831141	0	-2.048653e-04	-2.192817e-05	1
19	rs60245393	58842745	0	-2.331788e-04	-2.528833e-05	1
19	rs60296671	58843881	0	-4.649932e-04	-5.111122e-05	1
19	rs60329830	58755072	0	-2.017637e-04	-2.206703e-05	1
19	rs60348321	58841939	0	-3.973996e-04	-4.348360e-05	1
19	rs60404734	58812785	0	3.035093e-05	3.402935e-06	1
19	rs60818748	58842735	1	-4.122822e-04	-4.521739e-05	1
19	rs60973470	58779425	0	5.015327e-04	5.731221e-05	1
19	rs61096651	58845296	0	-3.601585e-04	-3.965341e-05	1
19	rs61301121	58745159	0	-2.512522e-04	-2.717489e-05	1
19	rs61460516	58851462	0	-2.229456e-04	-2.432680e-05	1
19	rs61468392	58823221	0	-1.373984e-04	-1.465955e-05	1
19	rs61514202	58844606	0	-3.601585e-04	-3.965341e-05	1
19	rs61521274	58830879	0	-2.157606e-04	-2.298665e-05	1
19	rs61566502	58581038	0	-1.086345e-03	-1.110713e-04	1
19	rs61635555	58834694	0	-2.821805e-04	-3.028127e-05	1
19	rs61745224	58723706	0	-2.153515e-04	-2.457924e-05	1
19	rs61746129	58879701	1	4.065803e-04	4.407849e-05	1
19	rs61746138	58879660	0	3.122160e-04	3.366102e-05	1
19	rs620297	58545433	1	7.637199e-04	7.253837e-05	1
19	rs62114175	58776480	0	-4.078207e-04	-3.655145e-05	1
19	rs62114176	58776483	0	-2.303165e-04	-2.043739e-05	1
19	rs62114178	58778451	0	-9.354488e-05	-8.319400e-06	1
19	rs62114179	58778512	0	-3.032261e-04	-2.689864e-05	1
19	rs62114183	58786176	0	1.234084e-03	1.357633e-04	1
19	rs62114208	58787115	0	1.234084e-03	1.357633e-04	1
19	rs62114212	58831966	0	-1.259750e-03	-1.422158e-04	1
19	rs62116004	58720201	0	-4.441195e-04	-4.240316e-05	1
19	rs62116017	58738767	0	-1.762474e-04	-1.708714e-05	1
19	rs62116373	58850206	0	-4.953550e-04	-5.768809e-05	1
19	rs62116378	58875268	0	2.213023e-04	2.385059e-05	1
19	rs62116379	58875335	0	2.691104e-04	2.903799e-05	1
19	rs62116380	58876618	0	2.454806e-04	2.639811e-05	1
19	rs62116381	58877385	0	2.454806e-04	2.639811e-05	1
19	rs62116383	58880761	0	3.122160e-04	3.366101e-05	1
19	rs62116384	58880884	0	3.122160e-04	3.366101e-05	1
19	rs62116388	58884162	0	3.070887e-04	3.323790e-05	1
19	rs62116389	58885267	0	6.491353e-04	7.359981e-05	1
19	rs62116432	58901227	0	-4.363442e-04	-3.979364e-05	1
19	rs62116437	58922551	0	4.436064e-04	4.198888e-05	1
19	rs62117593	58941915	0	5.922228e-04	5.667018e-05	1
19	rs62117594	58942709	0	5.922228e-04	5.667017e-05	1
19	rs62117596	58953099	0	5.928776e-04	5.643692e-05	1
19	rs62125248	58568181	0	1.087101e-03	1.069249e-04	1
19	rs62125894	58679627	0	3.505591e-04	3.507206e-05	1
19	rs62125914	58706186	0	-3.670812e-04	-3.498277e-05	1
19	rs62125917	58711509	0	-3.670812e-04	-3.498276e-05	1
19	rs62126787	58586371	0	3.950522e-04	3.584489e-05	1
19	rs62126791	58587777	0	2.941953e-04	2.637307e-05	1
19	rs62126796	58612051	5	6.042183e-04	6.083905e-05	1
19	rs63283	58740490	0	7.333435e-04	7.982194e-05	1
19	rs6510116	58604319	0	1.385904e-03	1.587952e-04	1
19	rs6510125	58637152	0	-8.838628e-04	-8.933402e-05	1
19	rs6510126	58675916	0	2.657086e-05	2.538390e-06	1
19	rs6510128	58761107	0	-7.638547e-04	-7.051188e-05	1
19	rs6510129	58761533	0	-7.638547e-04	-7.051186e-05	1
19	rs6510131	58776347	0	-4.402072e-04	-4.951528e-05	1
19	rs6510133	58801186	0	-3.285427e-04	-2.928910e-05	1
19	rs6510136	58824721	0	3.586611e-05	3.808321e-06	1
19	rs6510137	58864150	0	-1.318888e-04	-1.403325e-05	1
19	rs6510139	58885702	0	-1.007391e-03	-9.698072e-05	1
19	rs6510140	58885773	0	-9.946391e-04	-9.547228e-05	1
19	rs6510141	58885786	0	-7.003025e-04	-6.438457e-05	1
19	rs6510142	58885842	0	3.070887e-04	3.323790e-05	1
19	rs6510143	58885874	0	-3.711245e-04	-4.075570e-05	1
19	rs6510148	58924210	0	4.896227e-04	4.604125e-05	1
19	rs6510152	58953319	0	7.701036e-04	7.138707e-05	1
19	rs6510153	58975609	0	-5.679008e-05	-6.209176e-06	1
19	rs66616365	58667964	0	-5.332862e-04	-5.019527e-05	1
19	rs67047437	58676662	0	1.230903e-04	1.146596e-05	1
19	rs67781917	58524126	0	-9.354653e-05	-9.012553e-06	1
19	rs67825948	58525067	0	-3.317849e-04	-3.216716e-05	1
19	rs67978350	58894455	0	6.018856e-05	5.810169e-06	1
19	rs71333247	58559583	0	-5.656039e-04	-5.689648e-05	1
19	rs71333251	58738839	0	-3.684100e-04	-3.632245e-05	1
19	rs71333260	58922220	0	-3.788905e-04	-3.692053e-05	1
19	rs71354068	58531715	0	-6.527358e-04	-7.397565e-05	1
19	rs71355829	58551080	0	-9.663063e-04	-1.027589e-04	1
19	rs71355833	58657180	0	-2.415695e-05	-2.350854e-06	1
19	rs719009	58584722	0	4.528335e-04	4.115221e-05	1
19	rs719010	58584765	0	4.376571e-04	3.965216e-05	1
19	rs719011	58584841	0	4.376571e-04	3.965215e-05	1
19	rs723669	58563100	0	-6.305867e-04	-6.409652e-05	1
19	rs7245923	58874709	0	2.213023e-04	2.385058e-05	1
19	rs7246174	58765348	0	-1.063891e-04	-1.165417e-05	1
19	rs7246751	58804121	0	-3.217281e-04	-3.577112e-05	1
19	rs7248057	58774513	0	-2.208469e-04	-2.438992e-05	1
19	rs7248493	58711108	0	-5.194238e-04	-5.094787e-05	1
19	rs7248512	58716363	0	-3.246980e-04	-2.868962e-05	1
19	rs7249664	58586610	1	-7.554438e-04	-7.163011e-05	1
19	rs7250280	58713774	0	-5.202466e-04	-5.016249e-05	1
19	rs7250394	58930177	0	6.382392e-04	6.065487e-05	1
19	rs7250524	58611423	0	-9.409378e-04	-8.913265e-05	1
19	rs7250610	58611723	0	-9.963436e-05	-9.876432e-06	1
19	rs7250711	58611592	0	-9.409378e-04	-8.913262e-05	1
19	rs7250715	58611606	0	-8.487296e-04	-8.613522e-05	1
19	rs7250752	58893108	0	3.764958e-04	4.080676e-05	1
19	rs7250816	58581572	0	-3.021624e-04	-2.798511e-05	1
19	rs7250889	58900337	0	-4.001352e-04	-3.560775e-05	1
19	rs7251261	58629081	13	-1.353499e-04	-1.292658e-05	1
19	rs7251536	58620679	0	-2.511619e-04	-2.375546e-05	1
19	rs7251813	58893700	0	1.465612e-04	1.300857e-05	1
19	rs7252129	58657428	0	-5.262580e-04	-4.949035e-05	1
19	rs7252304	58629122	3	-5.024407e-04	-4.971470e-05	1
19	rs7252333	58900747	0	-4.001352e-04	-3.560774e-05	1
19	rs7253055	58793554	0	1.523821e-03	1.690710e-04	1
19	rs7253344	58779340	0	-2.394417e-04	-2.107601e-05	1
19	rs7253357	58779369	0	-3.032261e-04	-2.689852e-05	1
19	rs7254178	58979958	0	-6.781553e-05	-7.407270e-06	1
19	rs7254299	58884965	0	-8.543942e-04	-8.024915e-05	1
19	rs7254639	58876797	0	2.454806e-04	2.639811e-05	1
19	rs7255290	58583832	0	-1.086345e-03	-1.110712e-04	1
19	rs7255489	58879965	0	-2.623113e-04	-2.870186e-05	1
19	rs7255491	58901394	0	-4.001352e-04	-3.560772e-05	1
19	rs7255596	58879976	0	-2.623113e-04	-2.870186e-05	1
19	rs7255605	58584251	0	-1.086345e-03	-1.110712e-04	1
19	rs7255916	58880016	0	2.239621e-05	2.426114e-06	1
19	rs7256349	58718269	0	-2.909541e-04	-2.750737e-05	1
19	rs7256664	58600587	1	4.626532e-04	4.557551e-05	1
19	rs7256809	58880184	0	3.122160e-04	3.366100e-05	1
19	rs7256940	58880242	0	3.122160e-04	3.366100e-05	1
19	rs7256964	58882186	0	-1.185708e-03	-1.183872e-04	1
19	rs7257788	58788901	0	-2.716398e-04	-3.017064e-05	1
19	rs7257872	58928786	0	4.896227e-04	4.604117e-05	1
19	rs7257999	58964860	0	-2.502959e-04	-2.225518e-05	1
19	rs7258103	58627235	0	-3.387953e-04	-3.247269e-05	1
19	rs7258239	58734410	2	8.957034e-05	9.412943e-06	1
19	rs7259841	58951123	0	4.510464e-04	4.056425e-05	1
19	rs7260445	58571049	0	-3.284123e-04	-3.716954e-05	1
19	rs7260571	58925286	0	3.713672e-04	3.309906e-05	1
19	rs72629170	58876368	0	3.054136e-04	3.260539e-05	1
19	rs72629171	58880848	0	3.122160e-04	3.366100e-05	1
19	rs73056266	58702854	0	4.063788e-04	4.715867e-05	1
19	rs73056270	58709763	0	4.063788e-04	4.715867e-05	1
19	rs73056279	58726998	0	-6.143553e-04	-7.113611e-05	1
19	rs73056286	58750550	0	1.262318e-04	1.389387e-05	1
19	rs73056388	58584525	0	-1.086345e-03	-1.110712e-04	1
19	rs73058504	58589515	0	3.509881e-04	3.158940e-05	1
19	rs73060214	58846001	0	-2.510430e-04	-2.853116e-05	1
19	rs73060254	58899245	0	1.743718e-05	1.977013e-06	1
19	rs73060258	58902954	0	-1.550951e-04	-1.500222e-05	1
19	rs73060293	58923050	0	-3.170104e-04	-3.075338e-05	1
19	rs73062110	58936642	0	-4.528016e-04	-4.455107e-05	1
19	rs73064225	58974378	0	7.323239e-04	7.046831e-05	1
19	rs73071847	58548748	0	-1.075772e-03	-1.167928e-04	1
19	rs731835	58898436	0	-8.312472e-04	-7.901084e-05	1
19	rs734379	58899182	0	-4.304271e-04	-3.855023e-05	1
19	rs734380	58898963	0	9.136746e-04	8.498927e-05	1
19	rs735507	58720360	0	-7.516726e-04	-7.543941e-05	1
19	rs73566790	58743866	0	-3.757020e-04	-4.059045e-05	1
19	rs73570604	58810827	0	1.531912e-04	1.585351e-05	1
19	rs73570633	58828121	0	-2.048653e-04	-2.192820e-05	1
19	rs73570653	58832874	0	-1.995422e-04	-2.126661e-05	1
19	rs73570658	58834522	0	-2.821805e-04	-3.028130e-05	1
19	rs73570691	58841364	0	-3.973996e-04	-4.348363e-05	1
19	rs73570694	58841515	0	-3.601585e-04	-3.965344e-05	1
19	rs73572621	58845441	0	-3.973996e-04	-4.348363e-05	1
19	rs73572630	58847132	0	-2.601867e-04	-2.819003e-05	1
19	rs73572641	58852541	0	-2.229456e-04	-2.432682e-05	1
19	rs7359845	58831819	0	-2.157606e-04	-2.298669e-05	1
19	rs7359922	58830261	0	-1.733814e-04	-1.840660e-05	1
19	rs73939627	58848734	0	-1.525601e-04	-1.647733e-05	1
19	rs7408188	58939389	0	3.219567e-04	2.868913e-05	1
19	rs7409473	58939165	0	3.219567e-04	2.868912e-05	1
19	rs74357328	58550617	0	2.247097e-04	2.558021e-05	1
19	rs74414988	58524349	0	-6.179253e-04	-6.754677e-05	1
19	rs74496797	58749776	0	-2.017637e-04	-2.206704e-05	1
19	rs74625788	58757001	0	-2.017637e-04	-2.206704e-05	1
19	rs74815034	58658965	1	-1.700460e-04	-1.668851e-05	1
19	rs74831398	58919814	0	-6.085938e-05	-6.925331e-06	1
19	rs75072205	58755366	0	-2.017637e-04	-2.206704e-05	1
19	rs7507609	58611111	0	-2.924650e-04	-2.652509e-05	1
19	rs7508106	58876115	0	-3.976269e-04	-4.394563e-05	1
19	rs751745	58722129	0	-1.086764e-04	-1.210746e-05	1
19	rs75196460	58952297	0	-1.447917e-04	-1.650699e-05	1
19	rs753530	58632768	0	-4.247335e-04	-4.165976e-05	1
19	rs75597	58720236	0	1.421389e-04	1.493760e-05	1
19	rs75904835	58810044	0	-1.736777e-04	-1.952295e-05	1
19	rs75999937	58924419	0	1.662840e-04	1.903014e-05	1
19	rs76652149	58524660	0	-6.179253e-04	-6.754677e-05	1
19	rs76795181	58684319	0	-1.578470e-04	-1.805832e-05	1
19	rs76798942	58653114	0	-1.964368e-04	-1.943787e-05	1
19	rs76938992	58877357	0	-1.247997e-04	-1.421886e-05	1
19	rs76958646	58562357	0	-1.287355e-03	-1.694328e-04	1
19	rs76963345	58743142	0	1.227609e-04	1.356959e-05	1
19	rs77140992	58521189	0	-6.179253e-04	-6.754677e-05	1
19	rs77193614	58820450	0	8.698371e-04	9.727723e-05	1
19	rs77222313	58533610	0	-5.386381e-04	-5.830472e-05	1
19	rs77235242	58929230	0	6.980032e-05	7.993328e-06	1
19	rs77262558	58684431	0	2.781575e-04	3.165700e-05	1
19	rs77377117	58742665	0	-2.972635e-05	-3.326499e-06	1
19	rs77755501	58915005	0	-5.477123e-04	-6.283464e-05	1
19	rs78202231	58668413	0	1.188446e-04	1.353880e-05	1
19	rs78282479	58682941	0	7.854065e-04	9.066711e-05	1
19	rs78293168	58755872	0	-2.017637e-04	-2.206705e-05	1
19	rs78560062	58662212	0	5.344830e-04	5.414538e-05	1
19	rs78604285	58712758	0	3.884936e-04	4.420152e-05	1
19	rs78664025	58695007	0	6.267916e-06	7.031089e-07	1
19	rs78968038	58658294	0	-5.262580e-04	-4.949030e-05	1
19	rs79132177	58701780	0	5.745773e-04	6.432726e-05	1
19	rs79135878	58642383	0	1.850666e-04	2.109490e-05	1
19	rs79192210	58561312	0	6.624350e-04	7.807820e-05	1
19	rs79208032	58556652	0	-8.253494e-04	-8.656965e-05	1
19	rs79222418	58664418	0	-6.686922e-04	-7.053028e-05	1
19	rs79259289	58752257	0	8.996072e-04	9.659977e-05	1
19	rs79282983	58898840	0	5.772673e-04	6.300879e-05	1
19	rs79287592	58789765	0	-1.495939e-04	-1.661879e-05	1
19	rs79428816	58834505	0	-3.839675e-04	-4.461850e-05	1
19	rs79463936	58755254	0	-2.017637e-04	-2.206705e-05	1
19	rs79481083	58820403	0	8.070903e-04	9.008840e-05	1
19	rs79562691	58745897	0	1.759645e-04	2.020682e-05	1
19	rs79894507	58699453	0	3.884936e-04	4.420152e-05	1
19	rs79955355	58665816	0	4.589849e-04	5.276745e-05	1
19	rs80090318	58702017	0	5.745773e-04	6.432726e-05	1
19	rs80153933	58526696	0	-3.184326e-04	-3.352002e-05	1
19	rs80298408	58807275	0	-7.690117e-05	-8.675807e-06	1
19	rs80320621	58816329	0	2.254219e-04	2.366735e-05	1
19	rs8099852	58895221	0	8.143959e-05	7.194417e-06	1
19	rs8100259	58932360	0	4.436064e-04	4.198871e-05	1
19	rs8100276	58534236	0	7.619021e-04	8.268419e-05	1
19	rs8100534	58534484	0	7.260235e-04	7.851888e-05	1
19	rs8100738	58581904	0	4.376571e-04	3.965208e-05	1
19	rs8100801	58892060	0	3.764958e-04	4.080676e-05	1
19	rs8101391	58892524	0	-3.964426e-04	-4.381082e-05	1
19	rs8102157	58589599	0	-4.522210e-04	-4.201931e-05	1
19	rs8102402	58892672	0	-3.711245e-04	-4.075568e-05	1
19	rs8102457	58926008	0	3.536458e-04	3.290121e-05	1
19	rs8103853	58577762	0	-5.550373e-04	-5.225982e-05	1
19	rs8104061	58795986	0	5.472491e-04	5.197719e-05	1
19	rs8104221	58905109	0	-7.901947e-04	-7.650372e-05	1
19	rs8104276	58603983	0	1.257521e-03	1.393428e-04	1
19	rs8105044	58796805	0	-1.208595e-03	-1.209562e-04	1
19	rs8105799	58761585	0	-7.638547e-04	-7.051168e-05	1
19	rs8105906	58791636	0	-2.716398e-04	-3.017065e-05	1
19	rs8105935	58821088	0	8.859558e-04	9.934738e-05	1
19	rs8106345	58888317	0	-7.883058e-04	-7.327211e-05	1
19	rs8106477	58888441	0	-1.055022e-03	-1.025950e-04	1
19	rs8107581	58809154	0	2.976685e-04	2.657906e-05	1
19	rs8107931	58636461	0	-4.278042e-04	-4.225535e-05	1
19	rs8108238	58757968	0	-2.017637e-04	-2.206705e-05	1
19	rs8108371	58730394	0	1.080108e-04	1.175875e-05	1
19	rs8108493	58730489	0	2.754770e-04	3.045930e-05	1
19	rs8109093	58833871	0	-2.157606e-04	-2.298670e-05	1
19	rs8109275	58629878	0	-3.886265e-04	-3.813918e-05	1
19	rs8109359	58629914	0	-3.886265e-04	-3.813918e-05	1
19	rs8109471	58621794	0	-4.944898e-04	-4.930867e-05	1
19	rs8109694	58621307	0	-9.963436e-05	-9.876352e-06	1
19	rs8109925	58623323	0	-4.944898e-04	-4.930866e-05	1
19	rs8109932	58903466	0	-2.808072e-04	-2.477613e-05	1
19	rs8109937	58584643	0	4.376571e-04	3.965205e-05	1
19	rs8110117	58600626	0	-3.984476e-05	-3.879547e-06	1
19	rs8110249	58824237	0	-7.348802e-05	-7.784689e-06	1
19	rs8110941	58824163	0	-3.534477e-04	-3.790000e-05	1
19	rs8111222	58750413	0	-7.495450e-04	-6.930759e-05	1
19	rs8111238	58667076	0	-4.637587e-04	-4.339437e-05	1
19	rs8111301	58750326	0	-2.017637e-04	-2.206705e-05	1
19	rs8111498	58749994	0	-2.054609e-04	-2.233497e-05	1
19	rs8112286	58752391	0	-3.127758e-04	-3.424718e-05	1
19	rs8112340	58759679	0	-2.169402e-04	-2.371180e-05	1
19	rs8112556	58886459	0	-5.869335e-04	-6.548679e-05	1
19	rs8113810	58932106	0	3.713672e-04	3.309898e-05	1
19	rs877796	58753615	0	-2.217017e-04	-2.391176e-05	1
19	rs877797	58753649	0	-2.017637e-04	-2.206705e-05	1
19	rs889158	58601981	0	8.940594e-04	8.689520e-05	1
19	rs889159	58584522	0	4.376571e-04	3.965204e-05	1
19	rs889160	58584434	0	-5.052944e-04	-4.706203e-05	1
19	rs889161	58584324	0	3.865230e-04	3.492315e-05	1
19	rs893179	58899056	0	-3.829531e-04	-3.395677e-05	1
19	rs893180	58865091	0	-8.397777e-05	-8.991151e-06	1
19	rs893181	58865082	0	-8.397777e-05	-8.991150e-06	1
19	rs893182	58865068	0	-8.397777e-05	-8.991149e-06	1
19	rs893183	58865054	0	-8.397777e-05	-8.991148e-06	1
19	rs893184	58864479	0	-4.458811e-05	-4.785621e-06	1
19	rs893186	58969179	0	-7.668336e-05	-6.751707e-06	1
19	rs893187	58963018	0	4.077084e-04	3.828050e-05	1
19	rs893188	58962958	0	5.563249e-04	5.276480e-05	1
19	rs918544	58620103	0	-5.374037e-04	-5.378443e-05	1
19	rs918545	58620068	0	-5.374037e-04	-5.378442e-05	1
19	rs922929	58734596	0	1.664391e-04	1.754786e-05	1
19	rs922931	58734749	0	8.960904e-05	9.415306e-06	1
19	rs9304813	58931557	0	1.591130e-04	1.408824e-05	1
19	rs9304814	58951811	0	4.112932e-04	3.701298e-05	1
19	rs933670	58619847	0	-2.467924e-05	-2.535905e-06	1
19	rs9676281	58756728	0	-1.063891e-04	-1.165419e-05	1
19	rs9676287	58756655	0	-2.017637e-04	-2.206705e-05	1
19	rs9676487	58756869	0	-1.063891e-04	-1.165419e-05	1
19	rs971711	58632872	0	3.534868e-05	3.504218e-06	1
19	rs9749456	58882192	0	-7.070648e-04	-6.518326e-05	1
19	rs975947	58898193	0	8.104021e-04	7.440790e-05	1
19	rs9941466	58945962	0	4.381935e-05	4.837651e-06	1
