chr	rs	ps	n_miss	b	beta	gamma
10	rs1003025	98089216	0	5.049479e-04	1.790494e-05	1
10	rs1010719	98257739	0	-8.256450e-04	-2.833133e-05	1
10	rs10128106	98319236	0	-6.030617e-04	-2.005444e-05	1
10	rs1018604	98341583	0	-4.729183e-04	-1.565242e-05	1
10	rs1018605	98341555	0	-5.321493e-04	-1.765940e-05	1
10	rs10218881	98103533	0	-2.135464e-04	-7.479131e-06	1
10	rs10218891	98396889	0	7.924717e-04	2.714053e-05	1
10	rs1023741	98422896	0	4.873489e-04	1.715785e-05	1
10	rs1036432	98395287	0	6.708824e-04	2.268308e-05	1
10	rs1044029	98278823	0	-1.750455e-04	-6.250457e-06	1
10	rs10509707	98049204	0	-3.146568e-04	-1.122788e-05	1
10	rs10509708	98069164	0	1.119325e-04	3.932205e-06	1
10	rs10509709	98164357	0	-5.543877e-04	-1.998375e-05	1
10	rs10509710	98181737	0	3.403658e-04	1.134484e-05	1
10	rs10509711	98284894	1	-4.605192e-04	-1.525727e-05	1
10	rs10509712	98433420	0	6.207360e-04	2.184515e-05	1
10	rs1051450	98353804	0	5.568107e-04	1.900610e-05	1
10	rs1062176	98346649	10	4.451658e-04	1.539398e-05	1
10	rs1063605	98354373	0	4.761827e-04	1.633252e-05	1
10	rs10736101	98081257	0	-2.623097e-05	-8.978635e-07	1
10	rs10736104	98122334	0	-2.969973e-04	-1.043965e-05	1
10	rs10736106	98123188	0	-2.656505e-04	-9.054767e-06	1
10	rs10736109	98227947	0	3.656370e-04	1.223043e-05	1
10	rs10736110	98238284	0	1.491972e-03	5.405728e-05	1
10	rs10736111	98238298	0	1.282106e-03	4.586492e-05	1
10	rs10736112	98248604	0	1.886040e-03	6.982721e-05	1
10	rs10736113	98312891	0	-5.813449e-05	-2.042499e-06	1
10	rs10736114	98375000	0	-3.903330e-04	-1.300234e-05	1
10	rs10748671	98114174	0	-2.594842e-04	-8.800889e-06	1
10	rs10748673	98122352	0	-2.656505e-04	-9.054764e-06	1
10	rs10748679	98220462	0	-4.449045e-04	-1.487736e-05	1
10	rs10748680	98243821	0	8.680846e-04	3.097736e-05	1
10	rs10748681	98271878	0	7.189522e-05	2.413239e-06	1
10	rs10748682	98292501	0	-8.897154e-05	-3.118946e-06	1
10	rs10748683	98351182	0	-1.145740e-04	-4.017673e-06	1
10	rs10748684	98360301	0	4.907362e-04	1.705541e-05	1
10	rs10786276	98077526	0	1.912450e-04	6.664478e-06	1
10	rs10786277	98088945	0	-3.765472e-04	-1.283232e-05	1
10	rs10786278	98093950	0	-1.898833e-04	-6.451665e-06	1
10	rs10786279	98093960	0	-3.765472e-04	-1.283232e-05	1
10	rs10786282	98122808	0	-2.656505e-04	-9.054758e-06	1
10	rs10786284	98135505	0	4.420515e-04	1.472728e-05	1
10	rs10786290	98218201	0	-4.894356e-04	-1.641386e-05	1
10	rs10786291	98223002	0	-5.248516e-07	-2.359426e-08	1
10	rs10786292	98223756	0	-2.520770e-05	-8.464630e-07	1
10	rs10786293	98228885	0	9.951333e-04	3.516951e-05	1
10	rs10786294	98229236	0	-1.034844e-04	-3.443042e-06	1
10	rs10786295	98245827	0	8.202694e-04	2.918506e-05	1
10	rs10786302	98351540	0	-1.145740e-04	-4.017680e-06	1
10	rs10786303	98360752	0	4.640404e-04	1.611270e-05	1
10	rs10786304	98366585	0	-3.589343e-06	-1.350654e-07	1
10	rs10882767	98036343	0	-1.129008e-04	-3.994400e-06	1
10	rs10882768	98053312	0	-3.146568e-04	-1.122788e-05	1
10	rs10882771	98075494	2	4.071710e-04	1.388962e-05	1
10	rs10882772	98076034	0	-4.100766e-05	-1.453505e-06	1
10	rs10882773	98088387	0	-1.798491e-04	-6.087866e-06	1
10	rs10882774	98091100	0	-1.798491e-04	-6.087861e-06	1
10	rs10882775	98101357	0	-2.135464e-04	-7.479146e-06	1
10	rs10882777	98119560	0	-1.044226e-03	-3.628746e-05	1
10	rs10882778	98120366	0	-6.147598e-04	-2.101438e-05	1
10	rs10882779	98120690	0	-7.136965e-04	-2.434321e-05	1
10	rs10882781	98122596	0	-7.631216e-04	-2.575347e-05	1
10	rs10882783	98132878	0	-1.024663e-04	-3.597451e-06	1
10	rs10882786	98160493	0	1.480878e-03	5.213274e-05	1
10	rs10882793	98217526	0	6.020076e-04	2.084792e-05	1
10	rs10882794	98220613	0	8.020921e-04	2.808084e-05	1
10	rs10882795	98228431	0	7.425461e-04	2.592057e-05	1
10	rs10882796	98232659	0	6.235405e-04	2.165920e-05	1
10	rs10882797	98236531	0	-8.420814e-04	-3.025410e-05	1
10	rs10882799	98247618	0	1.047429e-03	3.693235e-05	1
10	rs10882800	98248111	0	-8.805860e-04	-3.166351e-05	1
10	rs10882801	98249002	0	2.131258e-03	8.108804e-05	1
10	rs10882802	98251214	0	9.669187e-04	3.464093e-05	1
10	rs10882803	98251379	0	1.718964e-03	6.252507e-05	1
10	rs10882807	98268119	0	-1.636960e-03	-5.848720e-05	1
10	rs10882808	98277692	0	-1.206785e-03	-4.231936e-05	1
10	rs10882809	98279122	1	4.565801e-04	1.574091e-05	1
10	rs10882811	98289250	0	-5.050302e-04	-1.674828e-05	1
10	rs10882812	98292461	0	-1.217710e-03	-4.276892e-05	1
10	rs10882813	98293392	0	-5.526236e-04	-1.833668e-05	1
10	rs10882815	98301502	0	4.987515e-04	1.721656e-05	1
10	rs10882817	98313063	0	-5.505148e-04	-1.826821e-05	1
10	rs10882819	98317161	0	-2.016266e-04	-6.623127e-06	1
10	rs10882821	98323095	0	4.803860e-04	1.656962e-05	1
10	rs10882822	98323591	0	-1.653168e-04	-5.433828e-06	1
10	rs10882825	98362852	0	2.849381e-04	9.889434e-06	1
10	rs10882826	98371084	0	-6.253391e-04	-2.101948e-05	1
10	rs10882827	98371790	0	6.038196e-04	2.086605e-05	1
10	rs10882828	98374601	0	4.094032e-04	1.375925e-05	1
10	rs10882831	98389401	0	-5.542454e-04	-1.991020e-05	1
10	rs10882842	98557448	0	8.459033e-04	2.863935e-05	1
10	rs10882847	98597027	0	-1.166684e-04	-4.198876e-06	1
10	rs10882852	98628232	0	3.911087e-05	1.411020e-06	1
10	rs111682442	98583442	0	6.659504e-04	2.366267e-05	1
10	rs111857496	98431120	0	1.110675e-04	3.984065e-06	1
10	rs111863727	98602521	0	4.010508e-04	1.463921e-05	1
10	rs11188697	98050113	0	3.790289e-04	1.319736e-05	1
10	rs11188699	98053562	0	-3.146568e-04	-1.122789e-05	1
10	rs11188702	98070593	0	2.837625e-04	1.000816e-05	1
10	rs11188704	98072849	0	1.119386e-04	3.931170e-06	1
10	rs11188705	98074140	0	2.259009e-04	7.939061e-06	1
10	rs11188709	98076210	0	2.345496e-05	8.191850e-07	1
10	rs11188710	98078001	0	9.337741e-05	3.239631e-06	1
10	rs11188715	98084449	0	-9.608002e-05	-3.428202e-06	1
10	rs11188722	98099578	0	-9.778338e-05	-3.420863e-06	1
10	rs11188724	98104703	0	-9.864961e-05	-3.451237e-06	1
10	rs11188725	98104901	0	-9.864961e-05	-3.451237e-06	1
10	rs11188731	98113563	0	-8.398837e-05	-3.014642e-06	1
10	rs11188733	98115056	0	8.802905e-06	3.197229e-07	1
10	rs11188734	98117931	4	-2.034300e-04	-6.804632e-06	1
10	rs11188735	98118248	0	-1.012147e-03	-3.506400e-05	1
10	rs11188736	98118257	0	-6.851695e-04	-2.342447e-05	1
10	rs11188738	98135448	0	2.238821e-04	7.421258e-06	1
10	rs11188739	98135631	0	6.956403e-04	2.339031e-05	1
10	rs11188740	98137255	0	-3.016554e-04	-1.064583e-05	1
10	rs11188741	98148857	0	5.847937e-04	2.033457e-05	1
10	rs11188743	98151594	0	-9.162228e-04	-3.122535e-05	1
10	rs11188744	98154285	0	1.494716e-03	5.271535e-05	1
10	rs11188748	98166356	0	-2.732052e-04	-9.020585e-06	1
10	rs11188758	98206115	0	1.001991e-04	3.481617e-06	1
10	rs11188759	98206471	0	6.864166e-04	2.424414e-05	1
10	rs11188763	98214994	1	-3.201673e-04	-1.130786e-05	1
10	rs11188764	98215376	0	7.282587e-04	2.571528e-05	1
10	rs11188765	98217662	0	-1.039138e-03	-3.571136e-05	1
10	rs11188766	98218340	8	2.007229e-04	6.746446e-06	1
10	rs11188771	98220205	0	6.164197e-04	2.140567e-05	1
10	rs11188773	98223221	0	8.020921e-04	2.808076e-05	1
10	rs11188774	98226933	0	5.568736e-04	1.929239e-05	1
10	rs11188775	98226956	0	7.564384e-04	2.669115e-05	1
10	rs11188777	98229577	0	1.121598e-03	3.991851e-05	1
10	rs11188778	98230259	0	5.568736e-04	1.929238e-05	1
10	rs11188780	98232382	0	-6.326272e-04	-2.144396e-05	1
10	rs11188781	98236428	0	1.663904e-03	5.993750e-05	1
10	rs11188782	98236565	0	9.288073e-04	3.235356e-05	1
10	rs11188783	98238595	0	-5.536255e-04	-1.861294e-05	1
10	rs11188784	98242457	0	-4.930862e-04	-1.650738e-05	1
10	rs11188785	98243127	0	8.680846e-04	3.097734e-05	1
10	rs11188786	98243844	0	-7.732247e-04	-2.764811e-05	1
10	rs11188789	98249591	0	-2.803489e-04	-9.388095e-06	1
10	rs11188790	98249713	0	-3.929193e-04	-1.317230e-05	1
10	rs11188791	98250855	0	-7.521878e-04	-2.688043e-05	1
10	rs11188793	98251104	0	-7.151091e-04	-2.551280e-05	1
10	rs11188798	98255293	0	1.865396e-04	6.652634e-06	1
10	rs11188804	98264415	0	-1.112976e-04	-3.901852e-06	1
10	rs11188809	98275970	0	4.987515e-04	1.721652e-05	1
10	rs11188810	98275988	0	4.987515e-04	1.721652e-05	1
10	rs11188811	98275999	0	2.783567e-04	9.583913e-06	1
10	rs11188812	98276343	0	1.319710e-03	4.864572e-05	1
10	rs11188813	98279190	1	5.767164e-04	1.996609e-05	1
10	rs11188814	98285539	1	5.893318e-04	2.040928e-05	1
10	rs11188817	98292601	0	4.987515e-04	1.721649e-05	1
10	rs11188821	98301384	0	2.783567e-04	9.583891e-06	1
10	rs11188822	98302362	0	5.705806e-04	1.961787e-05	1
10	rs11188825	98311920	0	4.987515e-04	1.721647e-05	1
10	rs11188826	98317777	0	-2.565332e-05	-9.273106e-07	1
10	rs11188827	98319016	0	-4.729183e-04	-1.565226e-05	1
10	rs11188831	98328512	0	2.872462e-04	9.886587e-06	1
10	rs11188832	98329958	0	2.688807e-04	9.248001e-06	1
10	rs11188833	98330260	0	2.688807e-04	9.247996e-06	1
10	rs11188835	98334340	0	-5.813449e-05	-2.042519e-06	1
10	rs11188840	98350215	0	1.632445e-05	5.361190e-07	1
10	rs11188841	98350393	0	4.324112e-04	1.485928e-05	1
10	rs11188844	98351763	0	4.324112e-04	1.485928e-05	1
10	rs11188847	98360072	0	5.522976e-04	1.903561e-05	1
10	rs11188848	98360575	0	5.960691e-04	2.051360e-05	1
10	rs11188849	98362921	0	2.849381e-04	9.889415e-06	1
10	rs11188850	98363073	0	2.849381e-04	9.889414e-06	1
10	rs11188853	98369256	0	9.342145e-04	3.151926e-05	1
10	rs11188854	98371061	0	-4.956003e-04	-1.647904e-05	1
10	rs11188856	98377940	0	3.492987e-04	1.170366e-05	1
10	rs11188858	98378186	0	3.266526e-04	1.121703e-05	1
10	rs11188863	98397689	0	5.984448e-04	2.036139e-05	1
10	rs11188870	98403546	0	-7.782394e-04	-2.602024e-05	1
10	rs11188871	98403893	0	-2.011403e-03	-7.469620e-05	1
10	rs11188872	98404054	0	-1.946187e-03	-7.172972e-05	1
10	rs11188886	98446876	0	-5.295349e-04	-1.941242e-05	1
10	rs11188893	98492431	0	-5.409771e-04	-1.899156e-05	1
10	rs11188902	98505437	0	-9.462947e-05	-3.257426e-06	1
10	rs11188904	98508282	0	-1.326806e-03	-4.667486e-05	1
10	rs11188914	98538609	0	6.254134e-05	2.216663e-06	1
10	rs11188927	98561293	0	-7.388596e-05	-2.678336e-06	1
10	rs11188929	98573366	0	3.994768e-04	1.408884e-05	1
10	rs11188930	98574299	0	3.722493e-04	1.325442e-05	1
10	rs11188935	98586737	0	-5.565074e-05	-2.004451e-06	1
10	rs11188937	98594223	0	4.477659e-04	1.580022e-05	1
10	rs11188939	98598059	0	5.538892e-04	1.958395e-05	1
10	rs11188940	98598274	0	5.254646e-04	1.853478e-05	1
10	rs11188947	98612838	0	5.788818e-04	2.050682e-05	1
10	rs11188950	98619863	0	1.911581e-04	6.907471e-06	1
10	rs11188952	98625174	0	-1.592059e-04	-5.704639e-06	1
10	rs11188954	98628892	0	1.085396e-03	3.884640e-05	1
10	rs11188955	98629089	0	5.788818e-04	2.050681e-05	1
10	rs11188956	98630588	0	5.538892e-04	1.958394e-05	1
10	rs11188959	98632067	0	5.538892e-04	1.958394e-05	1
10	rs111930003	98541421	0	2.538378e-04	8.969673e-06	1
10	rs112004040	98087849	0	-1.286918e-04	-4.575765e-06	1
10	rs112147269	98149999	0	4.893428e-05	1.773863e-06	1
10	rs112153157	98139299	0	-2.910308e-04	-1.029550e-05	1
10	rs112476011	98558276	0	2.658709e-04	9.311800e-06	1
10	rs112601848	98490492	0	-3.011161e-04	-1.092165e-05	1
10	rs112916398	98480423	0	-2.484635e-04	-8.890064e-06	1
10	rs112992153	98107292	0	-1.295581e-04	-4.607458e-06	1
10	rs113056506	98440270	0	-7.412447e-05	-2.687086e-06	1
10	rs113096896	98174478	0	7.811284e-05	2.839861e-06	1
10	rs113169359	98133188	0	-3.631827e-05	-1.283401e-06	1
10	rs113170191	98502916	0	-3.135919e-04	-1.128221e-05	1
10	rs113187568	98431994	0	-1.002209e-04	-3.626321e-06	1
10	rs113285846	98400696	0	1.104579e-04	3.983875e-06	1
10	rs1132913	98280620	1	6.778517e-04	2.341121e-05	1
10	rs1132914	98280601	1	3.918320e-04	1.353973e-05	1
10	rs113513524	98139477	0	1.672482e-04	5.789828e-06	1
10	rs113724987	98150441	0	9.275887e-05	3.365968e-06	1
10	rs113744992	98615341	0	5.538892e-04	1.958393e-05	1
10	rs113773152	98605772	0	4.383304e-04	1.597185e-05	1
10	rs113960553	98434863	0	-1.002209e-04	-3.626322e-06	1
10	rs113992486	98158918	0	-1.131019e-04	-3.981508e-06	1
10	rs114089822	98412037	0	-3.098839e-04	-1.131878e-05	1
10	rs114393414	98131431	0	-1.024663e-04	-3.597518e-06	1
10	rs114696821	98411629	0	-2.662663e-04	-9.729003e-06	1
10	rs1156035	98285321	0	5.380293e-04	1.859957e-05	1
10	rs1156036	98285219	1	5.230459e-04	1.807373e-05	1
10	rs115776306	98504637	0	-3.270295e-04	-1.177525e-05	1
10	rs115823419	98145286	0	4.893428e-05	1.773860e-06	1
10	rs11591467	98075755	0	2.345496e-05	8.191536e-07	1
10	rs11591933	98313044	0	9.848563e-05	3.453711e-06	1
10	rs11592104	98365753	0	-2.275924e-04	-8.137369e-06	1
10	rs11592108	98291627	0	9.059183e-05	3.180268e-06	1
10	rs11592156	98365835	0	-1.843852e-04	-6.456592e-06	1
10	rs11592969	98354812	0	7.859807e-05	2.759567e-06	1
10	rs11593073	98091045	0	-1.286918e-04	-4.575770e-06	1
10	rs11593074	98113774	0	-1.295581e-04	-4.607463e-06	1
10	rs11593503	98097148	0	-1.286918e-04	-4.575771e-06	1
10	rs11594029	98245628	0	-4.617734e-04	-1.630851e-05	1
10	rs11594403	98365912	0	-1.771262e-04	-6.188667e-06	1
10	rs11594430	98140967	0	7.448931e-05	2.596995e-06	1
10	rs11595506	98352281	0	-3.281008e-04	-1.186063e-05	1
10	rs11595566	98436824	0	-1.155038e-03	-4.244668e-05	1
10	rs11595674	98223721	0	8.020921e-04	2.808069e-05	1
10	rs11596148	98377488	0	-2.160235e-04	-7.562355e-06	1
10	rs11596923	98409390	0	-2.717469e-05	-9.882304e-07	1
10	rs11597348	98113803	0	-1.295581e-04	-4.607466e-06	1
10	rs11597420	98151328	0	-6.934458e-04	-2.447721e-05	1
10	rs11597763	98244903	0	9.500487e-04	3.337213e-05	1
10	rs11598142	98315923	0	9.848563e-05	3.453724e-06	1
10	rs11598258	98072495	0	2.159789e-04	7.622451e-06	1
10	rs11598691	98233964	0	6.830866e-04	2.378800e-05	1
10	rs11599054	98362795	0	-2.445870e-04	-8.483914e-06	1
10	rs11599534	98162546	0	-1.131019e-04	-3.981530e-06	1
10	rs11599620	98230349	0	-1.085796e-04	-3.785083e-06	1
10	rs116255654	98162667	0	1.210326e-04	4.365881e-06	1
10	rs116929480	98398037	0	2.646324e-04	9.656118e-06	1
10	rs116935178	98565769	0	2.771316e-04	1.006507e-05	1
10	rs117022019	98269431	0	-8.082281e-05	-2.808525e-06	1
10	rs117035572	98389625	0	2.349573e-04	8.551125e-06	1
10	rs117053707	98413964	0	-1.301478e-04	-4.699763e-06	1
10	rs117156556	98525432	0	1.618001e-04	5.879278e-06	1
10	rs117189895	98075489	0	8.530661e-05	3.098872e-06	1
10	rs117219667	98047959	0	5.065749e-04	1.842067e-05	1
10	rs1172458	98436412	1	2.436231e-04	8.773374e-06	1
10	rs1172462	98459438	0	4.023731e-04	1.318915e-05	1
10	rs1172463	98504385	0	-1.277337e-03	-4.394592e-05	1
10	rs1172464	98504184	0	-1.277337e-03	-4.394591e-05	1
10	rs1172472	98452353	0	1.292965e-04	4.210298e-06	1
10	rs1172473	98452162	0	1.425874e-04	4.642045e-06	1
10	rs1172474	98452130	0	1.159143e-04	3.776666e-06	1
10	rs1172478	98481635	0	-2.271100e-04	-7.551646e-06	1
10	rs1172479	98481307	0	-2.271100e-04	-7.551650e-06	1
10	rs117328099	98089319	0	-8.503241e-04	-3.134427e-05	1
10	rs117347753	98190017	0	1.147237e-04	4.158001e-06	1
10	rs117468209	98393448	0	-1.317134e-04	-4.776747e-06	1
10	rs117492472	98348614	0	-2.735328e-04	-9.967015e-06	1
10	rs117499562	98255479	0	-1.315528e-04	-4.780552e-06	1
10	rs117651811	98110481	0	1.571100e-04	5.706624e-06	1
10	rs117669297	98383012	0	2.856049e-04	1.041008e-05	1
10	rs117699776	98048265	0	5.065749e-04	1.842067e-05	1
10	rs117725695	98352201	0	1.023081e-04	3.731261e-06	1
10	rs117774156	98051565	0	5.065749e-04	1.842067e-05	1
10	rs117980619	98036348	0	-4.225009e-05	-1.544213e-06	1
10	rs118126254	98425524	0	1.152455e-04	4.198675e-06	1
10	rs11814010	98302499	0	5.705806e-04	1.961774e-05	1
10	rs11818883	98134156	0	-1.022307e-04	-3.589657e-06	1
10	rs11818896	98134189	0	-1.074980e-04	-3.771680e-06	1
10	rs11818942	98134345	0	-2.302628e-04	-8.116545e-06	1
10	rs12098589	98148873	0	1.292823e-04	4.680605e-06	1
10	rs12217499	98550811	0	-1.202078e-03	-4.438633e-05	1
10	rs12217556	98261991	0	-9.464436e-04	-3.233934e-05	1
10	rs12218847	98295969	0	4.987515e-04	1.721635e-05	1
10	rs12219275	98331129	0	4.848591e-05	1.647693e-06	1
10	rs12220047	98326780	0	4.145193e-04	1.423968e-05	1
10	rs12221143	98284065	2	4.810182e-04	1.659982e-05	1
10	rs12221262	98309277	0	4.987515e-04	1.721633e-05	1
10	rs12242330	98596053	0	4.761479e-04	1.679334e-05	1
10	rs12242936	98103376	0	-8.398837e-05	-3.014644e-06	1
10	rs12243551	98631831	0	6.024513e-04	2.137612e-05	1
10	rs12243605	98396227	0	7.304356e-04	2.497503e-05	1
10	rs12244490	98588223	0	5.889637e-04	2.080005e-05	1
10	rs12244790	98260726	0	2.100911e-05	7.563116e-07	1
10	rs12245169	98128750	0	2.102968e-04	7.354977e-06	1
10	rs12245611	98129378	0	-2.688195e-05	-9.809630e-07	1
10	rs12246067	98603196	0	6.024513e-04	2.137612e-05	1
10	rs12246075	98633331	3	-1.118378e-04	-4.049301e-06	1
10	rs12247344	98616382	0	5.538892e-04	1.958392e-05	1
10	rs12248019	98244664	0	1.995934e-03	7.462195e-05	1
10	rs12248349	98568742	0	3.994768e-04	1.408880e-05	1
10	rs12249891	98604917	0	5.788818e-04	2.050678e-05	1
10	rs12250473	98027527	0	5.387166e-06	1.765973e-07	1
10	rs12250548	98569734	0	2.380177e-05	8.263867e-07	1
10	rs12251867	98399731	0	1.003621e-03	3.472056e-05	1
10	rs12252424	98636375	0	5.788818e-04	2.050678e-05	1
10	rs12252435	98606346	0	5.101833e-04	1.801821e-05	1
10	rs12252784	98146654	0	1.384403e-04	4.791489e-06	1
10	rs12254238	98099765	0	-2.601631e-05	-9.112964e-07	1
10	rs12256225	98598876	0	5.004719e-04	1.762118e-05	1
10	rs12256424	98608181	0	5.788818e-04	2.050677e-05	1
10	rs12256783	98507771	0	-9.571861e-04	-3.302715e-05	1
10	rs12257639	98048614	0	-3.146568e-04	-1.122789e-05	1
10	rs12257954	98584210	0	-5.565074e-05	-2.004450e-06	1
10	rs12257958	98245907	0	-8.805860e-04	-3.166345e-05	1
10	rs12258610	98094820	0	1.903727e-04	6.754275e-06	1
10	rs12258710	98454411	0	1.459852e-04	4.791913e-06	1
10	rs12258764	98064808	0	1.271178e-04	4.326070e-06	1
10	rs12258909	98095297	0	2.771965e-04	9.725027e-06	1
10	rs12259265	98597420	0	5.788818e-04	2.050677e-05	1
10	rs12260223	98226277	0	7.564384e-04	2.669115e-05	1
10	rs12261278	98611980	0	5.788818e-04	2.050676e-05	1
10	rs12261881	98615989	0	6.024513e-04	2.137609e-05	1
10	rs12261890	98226497	0	7.048882e-04	2.490890e-05	1
10	rs12262784	98604466	0	4.505643e-04	1.589953e-05	1
10	rs12263331	98622171	0	6.024513e-04	2.137609e-05	1
10	rs12264014	98587136	0	6.659504e-04	2.366261e-05	1
10	rs12264950	98569570	0	3.994768e-04	1.408877e-05	1
10	rs12265606	98563189	0	2.883116e-04	1.011958e-05	1
10	rs12266068	98609059	0	5.788818e-04	2.050675e-05	1
10	rs12266185	98609186	0	5.538892e-04	1.958387e-05	1
10	rs12266511	98454472	0	-4.714193e-04	-1.728160e-05	1
10	rs12266884	98128809	0	-2.688195e-05	-9.809667e-07	1
10	rs12266911	98458051	0	-4.714193e-04	-1.728160e-05	1
10	rs12267575	98448365	0	-4.714193e-04	-1.728160e-05	1
10	rs12267734	98435661	0	-4.714193e-04	-1.728160e-05	1
10	rs12267926	98609602	0	6.024513e-04	2.137607e-05	1
10	rs12268514	98134903	0	-6.981130e-04	-2.332761e-05	1
10	rs12268526	98134958	0	-6.770998e-04	-2.257535e-05	1
10	rs12269557	98063405	0	6.618704e-04	2.342261e-05	1
10	rs12355449	98083464	0	1.049841e-04	3.670880e-06	1
10	rs12411583	98181633	0	4.510442e-04	1.582658e-05	1
10	rs12411642	98101460	0	1.127097e-04	4.055451e-06	1
10	rs12412600	98099589	0	1.127097e-04	4.055451e-06	1
10	rs12412768	98214940	0	3.654520e-04	1.258244e-05	1
10	rs12413053	98324489	0	-9.280599e-06	-3.463507e-07	1
10	rs12413089	98110393	0	1.127097e-04	4.055451e-06	1
10	rs12413182	98206884	0	3.277543e-05	1.120551e-06	1
10	rs12413520	98502188	0	-1.019160e-04	-3.487525e-06	1
10	rs12413925	98208861	0	2.184479e-04	7.626414e-06	1
10	rs12414612	98298904	0	4.987515e-04	1.721632e-05	1
10	rs12415048	98300266	0	4.987515e-04	1.721631e-05	1
10	rs12415101	98183893	0	4.686311e-04	1.567151e-05	1
10	rs12415474	98215047	0	3.741866e-04	1.285743e-05	1
10	rs12416646	98284805	0	4.987515e-04	1.721630e-05	1
10	rs12569424	98258871	0	4.288875e-04	1.504264e-05	1
10	rs12569438	98258803	0	4.175408e-04	1.460993e-05	1
10	rs12569756	98081531	0	-4.682660e-05	-1.681635e-06	1
10	rs12570008	98119681	0	2.131052e-05	7.691800e-07	1
10	rs12570043	98052555	0	4.836716e-04	1.744521e-05	1
10	rs12570426	98519259	0	-6.907685e-04	-2.465833e-05	1
10	rs12571241	98113333	0	-2.135464e-04	-7.479203e-06	1
10	rs12571784	98224060	0	-3.134382e-04	-1.049244e-05	1
10	rs12571884	98382554	0	8.882347e-05	2.967924e-06	1
10	rs12571935	98508321	0	-5.319307e-04	-1.906513e-05	1
10	rs12572297	98470371	0	-9.645891e-05	-3.366951e-06	1
10	rs12572329	98113272	0	-9.864961e-05	-3.451274e-06	1
10	rs12572544	98509591	0	-3.739185e-04	-1.337476e-05	1
10	rs12572610	98060675	0	-1.128762e-04	-4.060521e-06	1
10	rs12573330	98470341	0	-9.645891e-05	-3.366952e-06	1
10	rs12573362	98081108	0	-1.058835e-04	-3.792650e-06	1
10	rs12761473	98057969	0	4.414293e-05	1.549867e-06	1
10	rs12761715	98063256	0	4.414293e-05	1.549866e-06	1
10	rs12761786	98633887	0	-5.429909e-04	-1.979442e-05	1
10	rs12761817	98288768	0	1.899140e-04	6.507490e-06	1
10	rs12761929	98333169	0	-7.868104e-04	-2.890958e-05	1
10	rs12762576	98176319	0	4.138746e-04	1.487477e-05	1
10	rs12763059	98057910	0	4.414293e-05	1.549865e-06	1
10	rs12765987	98188719	0	1.290319e-04	4.625828e-06	1
10	rs12766248	98315487	0	2.599912e-04	8.944943e-06	1
10	rs12766367	98063689	0	-7.296289e-05	-2.583476e-06	1
10	rs12771295	98535269	0	1.150819e-04	4.077128e-06	1
10	rs12772674	98064501	0	-7.296289e-05	-2.583476e-06	1
10	rs12773084	98404931	0	2.181351e-04	7.789707e-06	1
10	rs12774154	98065193	0	4.414293e-05	1.549864e-06	1
10	rs12775533	98320693	0	2.688807e-04	9.247846e-06	1
10	rs12776810	98344282	0	2.688807e-04	9.247841e-06	1
10	rs12779164	98065522	0	4.414293e-05	1.549863e-06	1
10	rs12779203	98057002	0	-7.296289e-05	-2.583478e-06	1
10	rs12779564	98065630	0	4.414293e-05	1.549862e-06	1
10	rs12779720	98287792	0	5.705806e-04	1.961766e-05	1
10	rs12780850	98222551	0	2.961686e-04	1.080179e-05	1
10	rs12784975	98380137	0	1.970460e-04	6.763805e-06	1
10	rs1324254	98265433	0	3.540206e-04	1.281874e-05	1
10	rs1324255	98314625	0	4.987515e-04	1.721627e-05	1
10	rs1324256	98325612	0	2.872462e-04	9.886398e-06	1
10	rs1324258	98347504	0	-7.189174e-04	-2.411993e-05	1
10	rs1324259	98347993	0	-5.191203e-04	-1.719508e-05	1
10	rs1324261	98359623	0	-3.581313e-04	-1.181619e-05	1
10	rs138370283	98511225	0	-1.038951e-04	-3.734904e-06	1
10	rs138514971	98163893	0	1.976936e-04	7.172498e-06	1
10	rs138752118	98124808	0	-2.952872e-04	-1.071674e-05	1
10	rs139454475	98392595	0	1.473795e-04	5.367318e-06	1
10	rs140668164	98384808	0	1.706280e-04	6.222416e-06	1
10	rs140692591	98273648	0	6.452841e-04	2.363549e-05	1
10	rs1408367	98331793	0	2.599912e-04	8.944897e-06	1
10	rs141018090	98169221	0	1.402742e-04	5.098362e-06	1
10	rs141225626	98110075	0	2.610184e-04	9.444424e-06	1
10	rs142056693	98141169	0	9.500640e-05	3.454184e-06	1
10	rs142324103	98550571	0	5.958283e-04	2.157750e-05	1
10	rs142655363	98596896	0	2.436122e-04	8.842185e-06	1
10	rs143254744	98506922	0	-3.661324e-04	-1.318016e-05	1
10	rs143370018	98050017	0	5.065749e-04	1.842068e-05	1
10	rs143483323	98113408	0	-4.225009e-05	-1.544224e-06	1
10	rs1436184	98461383	0	-2.247826e-04	-7.411967e-06	1
10	rs1436186	98461338	0	-9.341137e-05	-3.098493e-06	1
10	rs1436187	98454760	0	1.750931e-04	5.754096e-06	1
10	rs143656274	98343701	0	9.407299e-05	3.305114e-06	1
10	rs143892424	98214969	0	7.210032e-05	2.621730e-06	1
10	rs144000785	98342759	0	-1.156658e-04	-4.208642e-06	1
10	rs144646268	98062753	0	5.065749e-04	1.842068e-05	1
10	rs145007687	98127156	0	-4.225009e-05	-1.544223e-06	1
10	rs145052893	98504182	0	-5.936804e-05	-2.156432e-06	1
10	rs146481749	98429729	0	-3.393347e-04	-1.229618e-05	1
10	rs146805228	98486659	0	-2.341221e-04	-8.491074e-06	1
10	rs1469847	98386433	0	-6.228001e-04	-2.243156e-05	1
10	rs147169570	98405862	0	1.919281e-04	6.986506e-06	1
10	rs147414773	98503816	0	-5.936804e-05	-2.156432e-06	1
10	rs1475258	98253316	0	6.037053e-04	2.112108e-05	1
10	rs1475549	98542959	0	1.084352e-04	3.890154e-06	1
10	rs147600347	98140980	0	9.500640e-05	3.454184e-06	1
10	rs17111594	98056598	0	4.417746e-04	1.547182e-05	1
10	rs17111598	98058834	0	-7.296289e-05	-2.583479e-06	1
10	rs17111599	98058920	0	-7.296289e-05	-2.583479e-06	1
10	rs17111603	98059032	0	-7.296289e-05	-2.583479e-06	1
10	rs17111609	98059160	0	9.886705e-05	3.494676e-06	1
10	rs17111612	98059422	0	-3.670627e-05	-1.301330e-06	1
10	rs17111614	98059454	0	4.417746e-04	1.547182e-05	1
10	rs17111622	98060744	0	4.414293e-05	1.549857e-06	1
10	rs17111628	98061785	0	4.414293e-05	1.549856e-06	1
10	rs17111733	98110527	0	-1.295581e-04	-4.607485e-06	1
10	rs17111736	98111569	0	1.127097e-04	4.055451e-06	1
10	rs17111753	98130773	0	5.360147e-06	1.961755e-07	1
10	rs17111762	98141748	0	-2.910308e-04	-1.029556e-05	1
10	rs17111841	98179762	0	5.208338e-04	1.736842e-05	1
10	rs17111842	98179912	0	4.949063e-04	1.652445e-05	1
10	rs17111856	98186601	0	2.122864e-04	7.001163e-06	1
10	rs17111879	98210930	0	3.747815e-04	1.313763e-05	1
10	rs17111881	98214711	0	-5.349354e-05	-1.865299e-06	1
10	rs17111953	98304377	0	-4.647602e-04	-1.622757e-05	1
10	rs17112028	98430561	0	5.930129e-04	2.123855e-05	1
10	rs17112030	98430592	0	5.930129e-04	2.123855e-05	1
10	rs17112032	98430704	0	5.566007e-04	1.961519e-05	1
10	rs17112076	98469693	0	-1.526039e-04	-5.324553e-06	1
10	rs17112128	98532965	0	-4.069210e-05	-1.422970e-06	1
10	rs17112131	98534319	0	1.188449e-04	4.170978e-06	1
10	rs17112175	98616993	0	6.024513e-04	2.137607e-05	1
10	rs17297837	98027246	0	-1.113889e-04	-4.063166e-06	1
10	rs17386635	98063808	0	4.458302e-04	1.616690e-05	1
10	rs17387939	98111897	0	3.426585e-04	1.208551e-05	1
10	rs17388474	98129058	0	3.956907e-04	1.378447e-05	1
10	rs17389665	98208881	0	1.135873e-04	3.981218e-06	1
10	rs17391197	98282160	1	-9.484123e-05	-3.297094e-06	1
10	rs17391547	98288269	0	4.625944e-04	1.601628e-05	1
10	rs17392013	98319815	0	9.059183e-05	3.180312e-06	1
10	rs17392966	98406194	0	1.087044e-03	3.866215e-05	1
10	rs17479230	98116030	0	3.042469e-04	1.071366e-05	1
10	rs17479671	98132016	0	-4.709397e-04	-1.572858e-05	1
10	rs17482382	98283080	0	7.735515e-04	2.700736e-05	1
10	rs17482894	98305143	0	1.284459e-03	4.718993e-05	1
10	rs17484143	98408066	0	9.948265e-04	3.530754e-05	1
10	rs17485313	98534182	0	1.188449e-04	4.170976e-06	1
10	rs17485349	98534216	0	1.188449e-04	4.170976e-06	1
10	rs1812318	98252295	0	1.878701e-03	6.913927e-05	1
10	rs1812319	98252273	0	1.810364e-03	6.639143e-05	1
10	rs1812320	98252138	0	1.750818e-03	6.384284e-05	1
10	rs1815258	98071462	0	1.119325e-04	3.932084e-06	1
10	rs182602553	98163588	0	-4.326461e-04	-1.580863e-05	1
10	rs183755529	98372965	0	-2.439519e-05	-8.794632e-07	1
10	rs184422490	98083334	0	4.592382e-04	1.666818e-05	1
10	rs187198028	98096650	0	2.348753e-04	8.581612e-06	1
10	rs1885682	98151182	0	-7.452541e-04	-2.500876e-05	1
10	rs1886279	98252857	0	4.918388e-05	1.693746e-06	1
10	rs1890680	98460669	0	2.465926e-04	8.085198e-06	1
10	rs1902704	98026732	0	-2.009574e-04	-6.899959e-06	1
10	rs190525521	98583555	0	-8.401599e-04	-3.080172e-05	1
10	rs1923692	98173715	0	-4.303319e-04	-1.554506e-05	1
10	rs1923696	98154270	0	-1.175905e-03	-4.094410e-05	1
10	rs1923699	98149451	0	8.545768e-05	3.091636e-06	1
10	rs1923700	98149425	0	8.545768e-05	3.091636e-06	1
10	rs1923701	98123615	0	-2.969973e-04	-1.043969e-05	1
10	rs1923702	98115684	0	-1.781649e-04	-6.168406e-06	1
10	rs1923703	98102436	0	-1.466123e-05	-5.233739e-07	1
10	rs1923706	98100480	0	-2.289554e-04	-8.018027e-06	1
10	rs1923707	98094483	0	-1.798491e-04	-6.087654e-06	1
10	rs1923708	98090043	0	-1.798491e-04	-6.087649e-06	1
10	rs1937090	98224776	0	-4.532821e-04	-1.526895e-05	1
10	rs1937092	98192290	0	-3.248179e-04	-1.073038e-05	1
10	rs1964409	98395449	0	6.914471e-04	2.337274e-05	1
10	rs1977294	98264134	0	-1.293040e-03	-4.518860e-05	1
10	rs1983831	98371748	0	-4.442089e-04	-1.469691e-05	1
10	rs1992055	98427443	0	3.395480e-04	1.115380e-05	1
10	rs1992056	98427551	8	4.658104e-04	1.550765e-05	1
10	rs1992057	98427670	0	5.393580e-04	1.791893e-05	1
10	rs1998409	98058355	0	-6.727043e-04	-2.293524e-05	1
10	rs2011190	98308278	0	4.987515e-04	1.721622e-05	1
10	rs2025451	98340847	0	-5.321493e-04	-1.765903e-05	1
10	rs2025452	98395083	0	6.914471e-04	2.337274e-05	1
10	rs2025453	98231449	0	5.242527e-04	1.797130e-05	1
10	rs2031326	98330940	0	4.803860e-04	1.656928e-05	1
10	rs2031329	98303396	0	-6.030617e-04	-2.005404e-05	1
10	rs2060559	98370712	0	3.017830e-04	1.090817e-05	1
10	rs2069238	98055090	0	2.825075e-05	9.760936e-07	1
10	rs2078298	98188015	0	-9.591818e-04	-3.244449e-05	1
10	rs2093557	98140110	0	-2.910308e-04	-1.029559e-05	1
10	rs2104785	98610594	0	5.788818e-04	2.050674e-05	1
10	rs2146385	98070849	0	1.833306e-05	6.630006e-07	1
10	rs2146387	98057054	0	2.064805e-04	7.002874e-06	1
10	rs2146388	98184972	1	8.680387e-04	2.944778e-05	1
10	rs2146390	98050516	0	-3.329835e-04	-1.155987e-05	1
10	rs2146391	98047990	0	3.030707e-04	1.070195e-05	1
10	rs2146393	98108358	0	-2.688253e-05	-9.409499e-07	1
10	rs2146394	98093757	0	-1.898833e-04	-6.451410e-06	1
10	rs2147281	98295577	0	8.975842e-04	3.265184e-05	1
10	rs2154183	98093828	0	-1.798491e-04	-6.087617e-06	1
10	rs2154202	98212308	0	1.125011e-04	3.761431e-06	1
10	rs2154203	98212575	0	4.256905e-04	1.426110e-05	1
10	rs2181322	98070773	0	2.159729e-04	7.624743e-06	1
10	rs2181323	98184735	2	5.864677e-04	1.968273e-05	1
10	rs2181324	98145284	0	-2.910308e-04	-1.029559e-05	1
10	rs2183448	98549366	0	1.661764e-04	5.859895e-06	1
10	rs2273891	98097998	0	-1.286918e-04	-4.575821e-06	1
10	rs2273892	98080232	0	-4.682660e-05	-1.681636e-06	1
10	rs2281800	98240045	0	-4.153681e-04	-1.392467e-05	1
10	rs2281801	98240035	0	9.276306e-04	3.319531e-05	1
10	rs2281802	98239913	0	8.680846e-04	3.097730e-05	1
10	rs2282341	98443405	0	2.232505e-04	7.350027e-06	1
10	rs2282342	98443392	0	6.658901e-04	2.427536e-05	1
10	rs243	98240382	0	1.152800e-03	3.986714e-05	1
10	rs2506123	98521968	0	-1.816506e-04	-6.505787e-06	1
10	rs2774157	98551213	0	-5.153975e-04	-1.851273e-05	1
10	rs2790463	98453249	0	-3.031128e-05	-1.019820e-06	1
10	rs2790470	98543727	0	-1.371636e-04	-4.847252e-06	1
10	rs2790471	98538553	0	8.810186e-06	3.058747e-07	1
10	rs28384391	98119277	0	2.131052e-05	7.691781e-07	1
10	rs28438557	98138978	0	1.672482e-04	5.789693e-06	1
10	rs28439735	98635156	0	5.788818e-04	2.050674e-05	1
10	rs28505353	98581070	0	6.659504e-04	2.366259e-05	1
10	rs2861555	98334182	0	-9.376961e-04	-3.172783e-05	1
10	rs2861572	98085856	0	3.065591e-04	1.079211e-05	1
10	rs2861574	98102782	0	-2.135464e-04	-7.479241e-06	1
10	rs2861575	98116076	0	-1.105193e-03	-3.945546e-05	1
10	rs2861576	98120183	0	-1.019364e-03	-3.532921e-05	1
10	rs2861577	98161655	0	1.688959e-03	6.042229e-05	1
10	rs2861626	98361017	0	4.640404e-04	1.611265e-05	1
10	rs2861627	98533482	0	-3.089784e-04	-1.099184e-05	1
10	rs2861673	98448239	0	2.608820e-04	8.590114e-06	1
10	rs2901989	98113030	0	-2.135464e-04	-7.479241e-06	1
10	rs2901990	98120109	0	-6.147598e-04	-2.101423e-05	1
10	rs2901991	98120179	0	-2.831905e-04	-9.948620e-06	1
10	rs2901993	98140210	0	1.020377e-04	3.522105e-06	1
10	rs2917457	98519696	0	-2.355276e-04	-8.460236e-06	1
10	rs33964467	98320932	0	5.522151e-04	1.897062e-05	1
10	rs34125453	98048797	0	9.886705e-05	3.494638e-06	1
10	rs34128907	98068852	0	9.886705e-05	3.494638e-06	1
10	rs34220987	98066740	0	4.414293e-05	1.549816e-06	1
10	rs34250811	98181337	0	6.704947e-04	2.259726e-05	1
10	rs34521234	98061525	0	4.414293e-05	1.549815e-06	1
10	rs34625348	98187334	0	5.210602e-04	1.880178e-05	1
10	rs34670109	98185991	0	3.492444e-05	1.121788e-06	1
10	rs34765631	98237208	0	-6.691406e-04	-2.265724e-05	1
10	rs34811446	98252479	0	-9.354552e-05	-3.104059e-06	1
10	rs34812648	98191682	0	2.672893e-04	9.624065e-06	1
10	rs34858789	98181346	1	8.078719e-04	2.738274e-05	1
10	rs34937235	98135616	0	1.029022e-04	3.394552e-06	1
10	rs34943354	98057731	0	-7.296289e-05	-2.583521e-06	1
10	rs35055142	98058798	0	4.417746e-04	1.547175e-05	1
10	rs35074999	98247121	0	7.631987e-04	2.697398e-05	1
10	rs35120318	98181360	0	7.006467e-04	2.365907e-05	1
10	rs35158237	98384918	0	-2.711864e-04	-9.576796e-06	1
10	rs35195695	98584998	0	-4.971616e-04	-1.798976e-05	1
10	rs35217901	98320441	0	4.803860e-04	1.656926e-05	1
10	rs35259489	98061352	0	-7.296289e-05	-2.583523e-06	1
10	rs35388328	98067175	5	1.445823e-06	4.660383e-08	1
10	rs35435313	98463076	0	-2.305101e-04	-8.364523e-06	1
10	rs35487555	98063400	0	-7.296289e-05	-2.583524e-06	1
10	rs35529233	98238472	0	-2.025020e-04	-7.376235e-06	1
10	rs35531390	98065976	0	9.886705e-05	3.494631e-06	1
10	rs35668691	98411293	0	-3.656557e-04	-1.332713e-05	1
10	rs35779764	98319855	0	5.705806e-04	1.961755e-05	1
10	rs35925896	98066165	0	4.414293e-05	1.549808e-06	1
10	rs35933547	98057787	0	-7.296289e-05	-2.583525e-06	1
10	rs35997117	98205427	0	2.992073e-04	1.076375e-05	1
10	rs36003947	98061272	0	4.414293e-05	1.549807e-06	1
10	rs36077881	98185534	2	6.006944e-04	2.015679e-05	1
10	rs36098523	98368281	0	6.551085e-04	2.269959e-05	1
10	rs36098862	98547315	0	-2.642405e-04	-9.455983e-06	1
10	rs368280688	98494817	0	-2.299220e-04	-8.334471e-06	1
10	rs3689	98278115	0	4.987515e-04	1.721616e-05	1
10	rs371766220	98511431	0	-3.080014e-04	-1.117989e-05	1
10	rs373984224	98511433	0	-3.080014e-04	-1.117989e-05	1
10	rs3748229	98469507	0	1.937102e-05	6.308800e-07	1
10	rs3748231	98416533	0	3.495324e-04	1.181358e-05	1
10	rs3748234	98380277	0	-1.334328e-04	-4.381524e-06	1
10	rs3748235	98379928	0	-4.044180e-04	-1.339606e-05	1
10	rs3748236	98369536	0	6.201658e-04	2.122247e-05	1
10	rs3748237	98345880	0	2.783567e-04	9.583590e-06	1
10	rs3748238	98345692	0	5.172693e-04	1.769972e-05	1
10	rs3762096	98136250	0	6.648033e-04	2.232062e-05	1
10	rs3789937	98066783	0	7.383947e-04	2.624371e-05	1
10	rs3789938	98072541	0	8.733379e-05	3.008358e-06	1
10	rs3789939	98079380	0	-3.608203e-04	-1.292049e-05	1
10	rs3789940	98085338	0	-2.731763e-05	-9.187718e-07	1
10	rs3789942	98131446	0	-1.024663e-04	-3.597636e-06	1
10	rs3789945	98152036	0	3.289784e-04	1.097268e-05	1
10	rs3789946	98152116	0	3.276115e-04	1.092289e-05	1
10	rs3789947	98152195	1	3.658845e-04	1.220454e-05	1
10	rs3789951	98180613	0	4.353066e-04	1.448326e-05	1
10	rs3789952	98180644	0	4.510442e-04	1.582645e-05	1
10	rs3789954	98180958	0	5.260383e-04	1.762246e-05	1
10	rs3789955	98205419	0	-6.769803e-05	-2.356770e-06	1
10	rs3789958	98287150	0	5.705806e-04	1.961750e-05	1
10	rs3814222	98127504	0	4.225726e-04	1.487583e-05	1
10	rs3814223	98118446	0	-6.923859e-04	-2.367892e-05	1
10	rs3814224	98105622	0	-2.135464e-04	-7.479268e-06	1
10	rs3818313	98091934	0	-1.286918e-04	-4.575847e-06	1
10	rs3818389	98319367	0	-6.030617e-04	-2.005394e-05	1
10	rs3818390	98319503	0	-5.592842e-04	-1.861286e-05	1
10	rs3827862	98134403	0	-8.744539e-04	-2.941087e-05	1
10	rs3827866	98167424	0	-8.106283e-04	-2.783545e-05	1
10	rs3827867	98416324	0	3.495324e-04	1.181358e-05	1
10	rs3979611	98510346	0	-1.038951e-04	-3.734905e-06	1
10	rs41291614	98060122	0	-2.352941e-04	-8.354930e-06	1
10	rs41291618	98087140	0	-2.952872e-04	-1.071675e-05	1
10	rs41291624	98127809	0	4.225726e-04	1.487583e-05	1
10	rs41291628	98155678	0	3.886801e-04	1.412899e-05	1
10	rs41291638	98337288	0	8.272954e-05	3.006355e-06	1
10	rs41291640	98383430	0	2.555220e-04	9.297158e-06	1
10	rs41291642	98392816	0	-1.545665e-05	-5.665945e-07	1
10	rs41317268	98469114	0	3.596486e-05	1.237854e-06	1
10	rs41317270	98369755	0	1.295026e-04	4.439058e-06	1
10	rs4309091	98473672	0	3.360924e-04	1.105825e-05	1
10	rs4320890	98384807	0	-6.228001e-04	-2.243154e-05	1
10	rs4344416	98386558	0	-5.039846e-04	-1.811212e-05	1
10	rs4347313	98219681	0	-1.272415e-03	-4.420368e-05	1
10	rs4424609	98112906	0	-2.135464e-04	-7.479269e-06	1
10	rs4447105	98241810	0	-2.217486e-04	-7.380949e-06	1
10	rs4485036	98286342	0	4.987515e-04	1.721611e-05	1
10	rs4489672	98391416	0	-6.562381e-04	-2.362410e-05	1
10	rs4534508	98282986	0	6.578665e-04	2.284706e-05	1
10	rs4550161	98052723	0	9.886705e-05	3.494618e-06	1
10	rs45587331	98460581	0	-6.838984e-05	-2.386895e-06	1
10	rs4595479	98219603	0	-6.689299e-04	-2.242873e-05	1
10	rs4597007	98347257	0	-4.647602e-04	-1.622754e-05	1
10	rs4623825	98213620	0	1.238684e-04	4.385155e-06	1
10	rs482482	98514548	0	-1.038951e-04	-3.734905e-06	1
10	rs487302	98436878	0	7.071632e-05	2.532232e-06	1
10	rs491156	98495721	0	-8.019343e-04	-2.690672e-05	1
10	rs4917730	98034720	0	-3.360787e-04	-1.153058e-05	1
10	rs4917732	98087577	0	9.902594e-05	3.496649e-06	1
10	rs4917739	98246261	0	1.291024e-03	4.511404e-05	1
10	rs4917742	98374426	0	-3.457028e-04	-1.144988e-05	1
10	rs4917745	98383329	0	-5.039846e-04	-1.811212e-05	1
10	rs4917748	98461573	0	2.638437e-04	8.667089e-06	1
10	rs4917751	98531210	0	4.554180e-05	1.609388e-06	1
10	rs4919003	98110250	0	-2.863668e-04	-1.006063e-05	1
10	rs4919005	98121925	0	-2.969973e-04	-1.043969e-05	1
10	rs4919008	98148557	0	-4.308087e-04	-1.562454e-05	1
10	rs4919009	98148598	0	-4.308087e-04	-1.562454e-05	1
10	rs4919010	98166168	0	1.121310e-03	3.835889e-05	1
10	rs4919015	98182711	0	-7.542575e-04	-2.525281e-05	1
10	rs4919022	98216451	0	-5.526265e-05	-1.923674e-06	1
10	rs4919024	98238720	0	1.741824e-03	6.351560e-05	1
10	rs4919025	98238843	0	1.532323e-03	5.564407e-05	1
10	rs4919028	98266974	0	3.541227e-04	1.242628e-05	1
10	rs4919029	98274045	0	-4.774167e-04	-1.578848e-05	1
10	rs4919030	98283258	1	-2.833692e-04	-9.918478e-06	1
10	rs4919032	98332823	0	-5.505148e-04	-1.826776e-05	1
10	rs4919033	98340152	0	-7.943670e-04	-2.721801e-05	1
10	rs4919036	98344851	0	1.747476e-04	5.813971e-06	1
10	rs4919037	98344876	0	-4.794860e-04	-1.587884e-05	1
10	rs4919039	98363244	0	1.661226e-04	5.749550e-06	1
10	rs4919040	98371147	0	-6.131844e-04	-2.059609e-05	1
10	rs4919041	98385346	0	-1.272072e-03	-4.363659e-05	1
10	rs4919042	98385545	0	-5.039846e-04	-1.811211e-05	1
10	rs4919043	98386012	0	-3.890878e-04	-1.394503e-05	1
10	rs4919045	98393057	0	7.561481e-04	2.562275e-05	1
10	rs4919051	98422375	0	4.864555e-04	1.749860e-05	1
10	rs4919052	98442390	0	1.083537e-04	3.554221e-06	1
10	rs4919053	98473255	2	6.267881e-05	2.076769e-06	1
10	rs4919054	98506832	0	-1.552389e-03	-5.519067e-05	1
10	rs504413	98433561	0	-1.262810e-05	-4.600725e-07	1
10	rs506069	98521660	0	-1.816506e-04	-6.505787e-06	1
10	rs508271	98431175	0	1.322497e-04	4.826317e-06	1
10	rs517490	98435912	0	8.132130e-04	2.885246e-05	1
10	rs519467	98435648	0	7.071632e-05	2.532228e-06	1
10	rs526219	98451106	0	1.292965e-04	4.210105e-06	1
10	rs530885	98515305	0	-1.038951e-04	-3.734906e-06	1
10	rs535198	98440907	0	4.848052e-04	1.744039e-05	1
10	rs538609	98541770	0	-1.302882e-04	-4.610820e-06	1
10	rs551641	98495061	0	-7.239148e-04	-2.423889e-05	1
10	rs55676033	98166115	0	-4.840898e-04	-1.742985e-05	1
10	rs55686044	98533198	0	-1.379352e-04	-4.743514e-06	1
10	rs55762031	98218189	0	4.007186e-04	1.360193e-05	1
10	rs55803163	98544941	0	2.538378e-04	8.969671e-06	1
10	rs55822182	98315446	0	4.593873e-05	1.617604e-06	1
10	rs55824480	98160423	0	-1.131019e-04	-3.981674e-06	1
10	rs55845678	98069254	0	-3.807415e-04	-1.369285e-05	1
10	rs55904429	98245626	0	-4.930862e-04	-1.650720e-05	1
10	rs55904470	98245589	0	-3.548288e-04	-1.184722e-05	1
10	rs56052045	98536552	0	-1.511555e-04	-5.299359e-06	1
10	rs56061266	98533247	0	-8.597887e-05	-2.998004e-06	1
10	rs56087801	98313794	0	-3.422041e-04	-1.189011e-05	1
10	rs56094817	98142008	0	-2.910308e-04	-1.029565e-05	1
10	rs56097492	98182762	0	5.788986e-04	1.941872e-05	1
10	rs56101127	98229250	0	7.425461e-04	2.592021e-05	1
10	rs56148171	98105618	0	3.426585e-04	1.208554e-05	1
10	rs56219083	98218580	0	-6.090931e-04	-2.173784e-05	1
10	rs56236090	98166278	0	-6.586770e-05	-2.360722e-06	1
10	rs56331924	98450871	0	1.684472e-04	5.533420e-06	1
10	rs56355912	98372057	0	1.065456e-04	3.849593e-06	1
10	rs56376795	98545246	0	2.748934e-04	9.701406e-06	1
10	rs566484	98455987	0	1.438414e-04	4.677739e-06	1
10	rs56822292	98236314	0	1.605224e-03	5.754588e-05	1
10	rs569344	98437665	0	7.945696e-04	2.817415e-05	1
10	rs573323	98496428	0	-6.449037e-04	-2.154170e-05	1
10	rs57391478	98578149	0	5.491004e-04	1.943369e-05	1
10	rs57408003	98635142	0	1.430020e-03	5.268738e-05	1
10	rs57652138	98371524	0	-1.489786e-04	-5.380377e-06	1
10	rs57693102	98242922	0	-3.548288e-04	-1.184720e-05	1
10	rs57710486	98470865	0	1.393068e-04	4.842062e-06	1
10	rs57716318	98610069	0	5.788818e-04	2.050673e-05	1
10	rs58270704	98583483	0	6.659504e-04	2.366259e-05	1
10	rs58305369	98366471	0	6.720804e-04	2.329718e-05	1
10	rs58376960	98617371	0	6.024513e-04	2.137607e-05	1
10	rs58409956	98560970	4	4.194491e-04	1.459181e-05	1
10	rs58481000	98215651	0	8.521277e-04	3.019951e-05	1
10	rs58550844	98619715	0	6.295233e-04	2.234633e-05	1
10	rs58698852	98135733	0	-1.119657e-03	-3.889815e-05	1
10	rs58878748	98482000	0	-8.788436e-05	-3.136379e-06	1
10	rs59014059	98478547	0	1.871491e-04	6.553492e-06	1
10	rs59343228	98470886	0	1.393068e-04	4.842061e-06	1
10	rs59362622	98371319	0	-1.489786e-04	-5.380376e-06	1
10	rs59539366	98250306	0	5.805613e-04	2.033508e-05	1
10	rs596341	98508349	0	-1.571383e-05	-5.343894e-07	1
10	rs59751908	98609993	0	5.788818e-04	2.050672e-05	1
10	rs59794161	98092034	0	2.889093e-04	1.021352e-05	1
10	rs59909027	98222725	0	8.020921e-04	2.808044e-05	1
10	rs59938221	98617641	0	5.788818e-04	2.050672e-05	1
10	rs60138313	98383147	0	4.756697e-04	1.722180e-05	1
10	rs60471672	98283111	0	2.110213e-04	7.391690e-06	1
10	rs60587855	98435484	0	5.861376e-04	2.099478e-05	1
10	rs60743622	98500656	0	-7.281393e-05	-2.574882e-06	1
10	rs610933	98435940	0	6.568539e-04	2.315323e-05	1
10	rs611378	98436045	0	8.322010e-04	2.951909e-05	1
10	rs61288415	98470969	0	2.867865e-04	9.985595e-06	1
10	rs61623661	98149703	0	8.545768e-05	3.091605e-06	1
10	rs61741039	98133483	0	-7.676417e-05	-2.698672e-06	1
10	rs61856773	98437988	0	-9.787537e-04	-3.567517e-05	1
10	rs61856806	98466282	0	5.038615e-05	1.747948e-06	1
10	rs61856807	98469064	0	3.596486e-05	1.237834e-06	1
10	rs61856809	98469854	0	5.102076e-05	1.765436e-06	1
10	rs61856814	98471805	0	1.393068e-04	4.842057e-06	1
10	rs61856815	98472819	0	1.797333e-04	5.887161e-06	1
10	rs61856816	98477342	0	2.735730e-04	9.513127e-06	1
10	rs61856817	98477421	0	1.822636e-04	6.328820e-06	1
10	rs61856848	98528249	0	3.220379e-04	1.172039e-05	1
10	rs61856852	98542538	0	6.254134e-05	2.216702e-06	1
10	rs61857568	98187785	0	7.389442e-04	2.496605e-05	1
10	rs61857570	98202753	0	5.091789e-04	1.831196e-05	1
10	rs61857573	98213731	0	-1.047299e-04	-3.660822e-06	1
10	rs61857628	98227677	0	-1.085796e-04	-3.785066e-06	1
10	rs61857634	98247558	0	-1.050500e-04	-3.487097e-06	1
10	rs61857635	98247868	0	3.320740e-05	1.150478e-06	1
10	rs61858194	98357561	0	3.573672e-04	1.223341e-05	1
10	rs61858218	98370187	0	2.948318e-05	1.034927e-06	1
10	rs61858493	98271658	0	-9.125775e-05	-3.173004e-06	1
10	rs61858494	98280196	2	5.532052e-04	1.901787e-05	1
10	rs61858496	98292159	0	2.289777e-06	8.994758e-08	1
10	rs61858553	98328858	0	1.149050e-04	4.146426e-06	1
10	rs61858555	98336341	0	4.593873e-05	1.617618e-06	1
10	rs61858556	98340476	0	7.531459e-05	2.644420e-06	1
10	rs61858924	98168379	0	-4.493545e-04	-1.600906e-05	1
10	rs61859300	98347281	0	4.324112e-04	1.485888e-05	1
10	rs624029	98436548	0	7.307608e-04	2.595857e-05	1
10	rs624462	98436626	0	6.382105e-04	2.248630e-05	1
10	rs625085	98488458	0	-5.500339e-04	-1.920524e-05	1
10	rs625859	98436974	0	6.907583e-06	2.444509e-07	1
10	rs648405	98448564	0	3.994298e-04	1.323424e-05	1
10	rs6584064	98046232	0	3.513904e-04	1.207861e-05	1
10	rs6584070	98156038	0	-1.428281e-03	-5.005307e-05	1
10	rs6584075	98219140	0	-4.786871e-04	-1.611625e-05	1
10	rs6584076	98235773	0	-1.584974e-05	-5.320587e-07	1
10	rs6584077	98235778	0	7.897846e-04	2.728621e-05	1
10	rs6584078	98235948	1	7.087120e-04	2.409574e-05	1
10	rs6584084	98324964	0	-1.526406e-04	-5.514342e-06	1
10	rs6584088	98372600	0	-3.054843e-06	-9.602586e-08	1
10	rs6584091	98390239	0	-3.899613e-04	-1.395073e-05	1
10	rs6584098	98429148	0	6.651074e-04	2.237768e-05	1
10	rs6584101	98584546	0	9.965847e-04	3.588682e-05	1
10	rs661998	98510812	0	-1.038951e-04	-3.734911e-06	1
10	rs67255161	98441318	0	-2.766602e-04	-9.140543e-06	1
10	rs67353574	98508724	0	-5.571402e-04	-2.006304e-05	1
10	rs67425977	98068381	0	-3.082751e-04	-1.102046e-05	1
10	rs675827	98510035	0	1.109887e-04	3.995257e-06	1
10	rs67660021	98520966	0	-7.134013e-04	-2.550595e-05	1
10	rs67882722	98134650	0	-8.522746e-04	-3.099856e-05	1
10	rs682304	98478317	0	5.943730e-04	2.158205e-05	1
10	rs684692	98495840	0	-8.869995e-04	-2.987621e-05	1
10	rs687562	98485105	0	-3.826956e-04	-1.330565e-05	1
10	rs687934	98433661	0	-1.262810e-05	-4.600877e-07	1
10	rs688972	98484769	0	-3.162027e-04	-1.097651e-05	1
10	rs7068828	98153340	0	1.129440e-03	3.873519e-05	1
10	rs7069190	98052510	0	3.277093e-04	1.146819e-05	1
10	rs7069429	98270696	0	1.377173e-04	4.655994e-06	1
10	rs7069485	98394374	0	9.594701e-04	3.279148e-05	1
10	rs7070359	98442076	0	-3.560132e-04	-1.176190e-05	1
10	rs7070439	98230489	0	1.167568e-03	4.120909e-05	1
10	rs7070686	98348572	0	5.042403e-04	1.725556e-05	1
10	rs7070979	98170594	0	-7.740809e-04	-2.795436e-05	1
10	rs7071006	98382165	0	3.234548e-04	1.097529e-05	1
10	rs7071044	98348595	0	4.324112e-04	1.485886e-05	1
10	rs7071224	98318820	0	5.522151e-04	1.897044e-05	1
10	rs7071881	98342214	0	4.803860e-04	1.656909e-05	1
10	rs7072251	98032402	0	-9.596745e-05	-3.400603e-06	1
10	rs7072595	98248935	0	-6.714047e-04	-2.265210e-05	1
10	rs7072865	98364544	0	3.560635e-04	1.233631e-05	1
10	rs7073017	98364597	0	8.790149e-04	3.075633e-05	1
10	rs7073125	98364509	0	1.913150e-04	6.621853e-06	1
10	rs7073682	98364910	0	8.040250e-04	2.791958e-05	1
10	rs7073735	98365155	0	3.560635e-04	1.233631e-05	1
10	rs7073871	98060917	0	4.417746e-04	1.547169e-05	1
10	rs7074516	98354924	0	3.573672e-04	1.223334e-05	1
10	rs7074775	98079959	0	-3.608203e-04	-1.292051e-05	1
10	rs7077344	98124715	0	3.508978e-05	1.229979e-06	1
10	rs7078184	98250191	0	1.094346e-03	3.879643e-05	1
10	rs7078304	98183070	0	5.788986e-04	1.941870e-05	1
10	rs7078316	98058369	0	-3.146568e-04	-1.122791e-05	1
10	rs7078433	98183083	0	7.071639e-04	2.383124e-05	1
10	rs7081742	98256303	0	-5.704137e-04	-1.984672e-05	1
10	rs7082873	98322695	0	4.803860e-04	1.656906e-05	1
10	rs7083102	98183803	0	1.519213e-04	5.393545e-06	1
10	rs7083245	98221417	0	1.377326e-04	4.587596e-06	1
10	rs7083595	98055699	0	2.825075e-05	9.760307e-07	1
10	rs7084659	98540016	0	2.538378e-04	8.969671e-06	1
10	rs7084796	98231966	0	-6.435569e-04	-2.182894e-05	1
10	rs7085389	98344607	0	4.803860e-04	1.656905e-05	1
10	rs7086213	98345056	0	2.872462e-04	9.886130e-06	1
10	rs7086240	98315021	0	4.803860e-04	1.656904e-05	1
10	rs7087478	98309878	0	4.987515e-04	1.721595e-05	1
10	rs7088648	98591721	0	3.222740e-04	1.166181e-05	1
10	rs7089451	98057438	0	2.064805e-04	7.002755e-06	1
10	rs7090880	98559018	0	2.883116e-04	1.011955e-05	1
10	rs7091125	98124038	0	-2.969973e-04	-1.043970e-05	1
10	rs7091606	98364983	0	8.040250e-04	2.791954e-05	1
10	rs7091809	98039844	0	-8.122261e-05	-2.817594e-06	1
10	rs7091904	98522209	0	-1.038951e-04	-3.734909e-06	1
10	rs7093849	98298575	0	-8.897154e-05	-3.119066e-06	1
10	rs7094801	98505241	0	-1.635909e-03	-5.804517e-05	1
10	rs7095902	98222009	0	1.377326e-04	4.587592e-06	1
10	rs7096410	98183120	0	5.788986e-04	1.941868e-05	1
10	rs7096879	98091639	0	-3.765472e-04	-1.283189e-05	1
10	rs7097077	98246777	0	1.292648e-03	4.635132e-05	1
10	rs7097291	98355870	0	-3.027707e-04	-9.971370e-06	1
10	rs7099756	98252519	0	-8.805860e-04	-3.166336e-05	1
10	rs7100639	98348238	0	-1.145740e-04	-4.017798e-06	1
10	rs7101320	98367218	0	-6.192751e-04	-2.058815e-05	1
10	rs713251	98288066	0	5.125832e-04	1.756542e-05	1
10	rs71482401	98052109	0	9.886705e-05	3.494599e-06	1
10	rs71482402	98059336	0	9.886705e-05	3.494599e-06	1
10	rs71484204	98069555	0	2.159729e-04	7.624678e-06	1
10	rs71484205	98069689	0	2.159729e-04	7.624677e-06	1
10	rs72640001	98033839	0	-9.143237e-05	-3.279038e-06	1
10	rs72640002	98160099	0	1.432667e-03	5.224484e-05	1
10	rs727329	98375785	0	1.579452e-05	5.497675e-07	1
10	rs72811050	98036958	0	-3.807415e-04	-1.369285e-05	1
10	rs72811051	98057456	0	-4.964579e-04	-1.807667e-05	1
10	rs72811052	98059377	0	-1.484823e-04	-5.401876e-06	1
10	rs72811055	98070455	0	2.965921e-04	1.065494e-05	1
10	rs72811058	98080852	0	-3.771149e-04	-1.333142e-05	1
10	rs72811105	98188904	0	-1.159282e-04	-4.171425e-06	1
10	rs72811113	98205506	0	-1.280879e-04	-4.643084e-06	1
10	rs72811122	98216092	0	7.282587e-04	2.571530e-05	1
10	rs72811142	98233641	0	6.830866e-04	2.378771e-05	1
10	rs72811153	98241646	0	6.907509e-04	2.432788e-05	1
10	rs72811159	98246695	0	7.631987e-04	2.697399e-05	1
10	rs72812932	98251520	0	4.727681e-04	1.650755e-05	1
10	rs72812953	98261624	0	3.680354e-04	1.289610e-05	1
10	rs72812956	98265708	0	4.288875e-04	1.504265e-05	1
10	rs72812962	98268068	0	1.790977e-04	6.253363e-06	1
10	rs72814968	98305269	0	5.344610e-05	1.934703e-06	1
10	rs72816995	98366797	0	1.486712e-04	5.412598e-06	1
10	rs72817002	98372340	0	-1.392920e-04	-5.024772e-06	1
10	rs72818903	98373300	0	-2.439519e-05	-8.794647e-07	1
10	rs72818904	98374454	0	1.630509e-04	5.933759e-06	1
10	rs72818908	98375808	0	1.630509e-04	5.933759e-06	1
10	rs72818980	98389516	0	2.754504e-04	1.001015e-05	1
10	rs72818982	98389624	0	3.450634e-04	1.257776e-05	1
10	rs72818983	98390046	0	6.005854e-04	2.185313e-05	1
10	rs72818985	98390306	0	3.450634e-04	1.257776e-05	1
10	rs72818986	98390721	0	3.450634e-04	1.257776e-05	1
10	rs72818991	98394310	0	3.450634e-04	1.257776e-05	1
10	rs72818995	98396750	0	2.599358e-04	9.449566e-06	1
10	rs72818996	98399261	0	1.887008e-04	6.849854e-06	1
10	rs72818997	98399971	0	4.223987e-04	1.540700e-05	1
10	rs72818998	98400356	0	3.661806e-05	1.330403e-06	1
10	rs72819000	98404928	0	1.008014e-03	3.573044e-05	1
10	rs72821003	98407796	0	1.919281e-04	6.986514e-06	1
10	rs72821011	98416116	0	-3.103901e-04	-1.131833e-05	1
10	rs72821014	98418599	0	-3.936015e-04	-1.437658e-05	1
10	rs72821016	98418971	0	-3.894013e-04	-1.421450e-05	1
10	rs72824454	98451085	0	4.706063e-04	1.707367e-05	1
10	rs72824468	98472052	0	4.706063e-04	1.707367e-05	1
10	rs72824486	98517301	0	-6.766858e-04	-2.436395e-05	1
10	rs72826107	98577794	0	2.462742e-04	8.785047e-06	1
10	rs72829508	98109442	0	-2.952872e-04	-1.071676e-05	1
10	rs72829509	98112162	0	3.426585e-04	1.208555e-05	1
10	rs72829510	98112330	0	2.295863e-04	8.234915e-06	1
10	rs72829512	98114251	0	3.426585e-04	1.208555e-05	1
10	rs72829522	98146121	0	3.094907e-04	1.114545e-05	1
10	rs72829528	98160263	0	-7.162059e-04	-2.529431e-05	1
10	rs72829536	98167265	0	7.935488e-05	2.761503e-06	1
10	rs72829539	98169814	0	7.935488e-05	2.761500e-06	1
10	rs730596	98172014	0	-7.486838e-04	-2.699624e-05	1
10	rs73316736	98505114	0	-9.462947e-05	-3.257413e-06	1
10	rs73318637	98568445	0	3.994768e-04	1.408874e-05	1
10	rs73318641	98571255	0	3.994768e-04	1.408874e-05	1
10	rs734225	98077114	0	1.573998e-04	5.475277e-06	1
10	rs734226	98077162	0	4.464943e-05	1.559254e-06	1
10	rs734566	98255314	0	9.120550e-04	3.252211e-05	1
10	rs74151303	98173999	0	-9.615350e-04	-3.504201e-05	1
10	rs74151396	98389833	0	1.896380e-04	6.879944e-06	1
10	rs74151402	98430627	0	5.942670e-04	2.121780e-05	1
10	rs74153642	98103625	0	4.626536e-04	1.683741e-05	1
10	rs74153644	98117709	0	5.611902e-04	2.039310e-05	1
10	rs74153645	98121876	0	6.760871e-04	2.463278e-05	1
10	rs74153659	98171455	0	-7.708090e-04	-2.768612e-05	1
10	rs74153705	98431319	0	5.930129e-04	2.123848e-05	1
10	rs74153720	98534324	0	9.214907e-05	3.233174e-06	1
10	rs74153721	98534569	0	1.188449e-04	4.170963e-06	1
10	rs74153722	98542341	0	2.538378e-04	8.969671e-06	1
10	rs74153724	98545695	0	2.538378e-04	8.969671e-06	1
10	rs74153725	98547181	0	8.007249e-05	2.820888e-06	1
10	rs74153734	98587656	0	5.889637e-04	2.079996e-05	1
10	rs74232122	98107749	0	1.127097e-04	4.055437e-06	1
10	rs74327492	98133704	0	-1.916610e-04	-6.727739e-06	1
10	rs744363	98367384	0	1.784921e-04	6.212753e-06	1
10	rs7448	98353213	0	-3.115636e-04	-1.026701e-05	1
10	rs74550871	98540653	0	2.538378e-04	8.969669e-06	1
10	rs74609728	98482217	0	-2.333341e-04	-8.364564e-06	1
10	rs74624969	98118230	0	5.351276e-04	1.948425e-05	1
10	rs74663779	98382492	0	5.145111e-06	1.847909e-07	1
10	rs7477274	98549577	0	1.661764e-04	5.859895e-06	1
10	rs7478356	98371512	0	-6.131844e-04	-2.059597e-05	1
10	rs748004	98158431	0	-1.575014e-03	-5.640472e-05	1
10	rs748109	98241473	0	8.476348e-04	2.886646e-05	1
10	rs74934679	98056709	0	4.414293e-05	1.549757e-06	1
10	rs74975342	98502231	0	-3.135919e-04	-1.128223e-05	1
10	rs75001997	98147794	0	4.893428e-05	1.773810e-06	1
10	rs75088355	98504233	0	-3.352338e-04	-1.206715e-05	1
10	rs75111067	98555220	0	5.275991e-05	1.843165e-06	1
10	rs75146134	98106704	0	-1.295581e-04	-4.607561e-06	1
10	rs75335438	98205527	0	4.521893e-04	1.629053e-05	1
10	rs75351899	98449438	0	6.658901e-04	2.427535e-05	1
10	rs75361675	98131836	0	-2.356765e-04	-8.341186e-06	1
10	rs75368049	98145565	0	2.420095e-04	8.714714e-06	1
10	rs75569835	98255294	0	1.462246e-04	5.248289e-06	1
10	rs756030	98451692	0	5.631511e-05	1.817109e-06	1
10	rs75756477	98393339	0	-1.545665e-05	-5.666126e-07	1
10	rs75799982	98485812	0	-2.074263e-04	-7.516433e-06	1
10	rs75802981	98542843	0	2.271421e-04	8.025857e-06	1
10	rs75909351	98543198	0	2.538378e-04	8.969667e-06	1
10	rs76032903	98118170	0	-5.779099e-05	-2.054086e-06	1
10	rs76181008	98431173	0	-1.002209e-04	-3.626351e-06	1
10	rs76227733	98556649	0	4.224532e-04	1.521721e-05	1
10	rs76255174	98535861	0	1.188449e-04	4.170958e-06	1
10	rs76583806	98156475	0	-8.217538e-05	-2.991722e-06	1
10	rs76608037	98587496	0	6.223035e-04	2.231117e-05	1
10	rs76715209	98051408	0	5.065749e-04	1.842070e-05	1
10	rs76964838	98310443	0	6.452841e-04	2.363547e-05	1
10	rs76983589	98413822	0	-1.403617e-05	-5.132088e-07	1
10	rs77037839	98487912	0	-2.074263e-04	-7.516433e-06	1
10	rs77075845	98099893	0	-2.642652e-04	-9.393453e-06	1
10	rs77125544	98061083	0	5.065749e-04	1.842070e-05	1
10	rs77152780	98344526	0	-3.422041e-04	-1.189009e-05	1
10	rs77173980	98133282	0	-1.024663e-04	-3.597717e-06	1
10	rs77182070	98256919	0	4.175408e-04	1.460994e-05	1
10	rs77193503	98115685	0	-5.213864e-05	-1.874772e-06	1
10	rs77261185	98367926	0	1.486712e-04	5.412599e-06	1
10	rs77276735	98548935	0	1.608650e-04	5.673429e-06	1
10	rs77379630	98560999	0	-1.841782e-04	-6.664011e-06	1
10	rs77423072	98085116	0	2.348753e-04	8.581629e-06	1
10	rs77508435	98438115	0	9.469847e-04	3.453597e-05	1
10	rs77586421	98488598	0	-2.000602e-04	-7.245634e-06	1
10	rs77592688	98539243	0	1.188449e-04	4.170957e-06	1
10	rs77703193	98149991	0	4.893428e-05	1.773810e-06	1
10	rs78039628	98076438	0	-1.787044e-04	-6.348728e-06	1
10	rs78042176	98529542	0	2.829524e-04	9.889088e-06	1
10	rs78069798	98076296	0	2.345496e-05	8.190046e-07	1
10	rs78097027	98047575	0	3.887104e-04	1.419205e-05	1
10	rs78165814	98359937	0	-1.771262e-04	-6.188579e-06	1
10	rs78302821	98596356	0	-9.803738e-04	-3.626807e-05	1
10	rs78340939	98431395	0	1.110675e-04	3.983989e-06	1
10	rs78409276	98458065	0	8.196925e-04	2.952672e-05	1
10	rs78482592	98204672	0	1.732943e-04	6.242088e-06	1
10	rs78573405	98406362	0	4.141947e-04	1.507790e-05	1
10	rs78610910	98281896	0	-1.305536e-04	-4.749139e-06	1
10	rs78636533	98068735	0	1.370112e-04	4.937566e-06	1
10	rs78640851	98139700	0	1.966144e-04	7.163115e-06	1
10	rs78860361	98107935	0	-8.721581e-06	-3.115601e-07	1
10	rs78898370	98106932	0	1.127097e-04	4.055437e-06	1
10	rs78923574	98109025	0	-3.958786e-04	-1.437924e-05	1
10	rs7893144	98607167	0	6.178724e-04	2.208420e-05	1
10	rs7893530	98370520	0	7.325465e-05	2.541386e-06	1
10	rs7893551	98090752	0	-3.765472e-04	-1.283186e-05	1
10	rs7893564	98607355	0	6.024513e-04	2.137604e-05	1
10	rs7893657	98384456	0	-6.228001e-04	-2.243151e-05	1
10	rs7893983	98160253	0	1.480878e-03	5.213279e-05	1
10	rs7894214	98393929	0	7.561481e-04	2.562274e-05	1
10	rs7894418	98594701	0	4.477659e-04	1.580010e-05	1
10	rs7895196	98448847	0	1.584758e-04	5.203134e-06	1
10	rs7895214	98595326	0	1.071492e-03	3.741120e-05	1
10	rs7895244	98432703	0	5.930129e-04	2.123848e-05	1
10	rs7895655	98389269	0	-5.063332e-04	-1.816427e-05	1
10	rs7895914	98582808	0	6.659504e-04	2.366255e-05	1
10	rs7896097	98389358	0	-5.063332e-04	-1.816427e-05	1
10	rs7896766	98048322	0	2.545287e-04	8.842456e-06	1
10	rs7896778	98135975	0	6.228562e-04	2.089899e-05	1
10	rs7897721	98276507	0	-3.432929e-05	-1.206679e-06	1
10	rs78977336	98043011	0	-4.261779e-04	-1.550200e-05	1
10	rs7899594	98596282	0	1.697527e-04	6.026345e-06	1
10	rs7899808	98508037	0	-1.033771e-03	-3.734943e-05	1
10	rs7900011	98167968	0	5.153603e-04	1.715451e-05	1
10	rs79000493	98330486	0	-3.804609e-04	-1.321186e-05	1
10	rs7900070	98390145	0	-5.087768e-04	-1.822894e-05	1
10	rs7900916	98137026	0	-2.219615e-04	-7.990303e-06	1
10	rs79027568	98087615	0	-4.225009e-05	-1.544261e-06	1
10	rs7905024	98384147	0	-6.228001e-04	-2.243150e-05	1
10	rs79053782	98549906	0	1.661764e-04	5.859888e-06	1
10	rs7905402	98050019	0	-3.146568e-04	-1.122792e-05	1
10	rs7905873	98165998	0	-7.502592e-04	-2.524662e-05	1
10	rs7908548	98239079	0	1.641729e-03	5.923355e-05	1
10	rs7910144	98432671	0	5.930129e-04	2.123847e-05	1
10	rs7910221	98610703	0	5.538892e-04	1.958381e-05	1
10	rs7910750	98380379	0	-1.091427e-04	-3.966386e-06	1
10	rs7910816	98244498	0	8.202694e-04	2.918499e-05	1
10	rs7911604	98157285	0	-1.662004e-03	-6.008969e-05	1
10	rs7911787	98619568	0	1.446253e-04	5.126917e-06	1
10	rs7914154	98380544	0	-2.703525e-04	-9.055905e-06	1
10	rs79143226	98060669	0	2.717377e-05	9.562334e-07	1
10	rs7915046	98285951	0	-3.848454e-04	-1.272681e-05	1
10	rs7915341	98157460	0	-1.662004e-03	-6.008966e-05	1
10	rs7917592	98058126	0	4.417746e-04	1.547165e-05	1
10	rs7918085	98601460	0	5.788818e-04	2.050669e-05	1
10	rs7918541	98168559	0	-1.223659e-05	-4.377577e-07	1
10	rs7919352	98513814	0	-8.571789e-04	-3.083122e-05	1
10	rs7919588	98040651	0	3.513904e-04	1.207858e-05	1
10	rs7919721	98158494	0	1.480878e-03	5.213274e-05	1
10	rs7919739	98317304	0	-7.639620e-04	-2.556893e-05	1
10	rs7919799	98040746	0	2.545287e-04	8.842444e-06	1
10	rs7919971	98246658	0	-4.707542e-04	-1.574933e-05	1
10	rs7921193	98601157	0	5.788818e-04	2.050668e-05	1
10	rs7921216	98601204	0	5.538892e-04	1.958380e-05	1
10	rs7922565	98619035	0	1.776392e-04	6.294561e-06	1
10	rs7922788	98046586	0	-1.990840e-04	-6.979821e-06	1
10	rs7922811	98229686	0	7.231887e-04	2.491538e-05	1
10	rs7922821	98270396	0	-2.033194e-04	-7.059225e-06	1
10	rs7923251	98222575	0	-1.246997e-03	-4.332601e-05	1
10	rs79233416	98169074	0	3.251105e-04	1.176047e-05	1
10	rs7923910	98348430	0	1.549251e-04	5.431733e-06	1
10	rs7924085	98627846	0	1.932045e-04	6.974790e-06	1
10	rs79260689	98117039	0	-5.779099e-05	-2.054091e-06	1
10	rs79265866	98125754	0	-2.886063e-04	-1.051394e-05	1
10	rs79348787	98322911	0	-3.422041e-04	-1.189010e-05	1
10	rs79353623	98289951	0	7.677578e-05	2.694595e-06	1
10	rs79384158	98071250	0	4.414293e-05	1.549747e-06	1
10	rs79396915	98534367	0	-1.939260e-04	-7.079539e-06	1
10	rs79486559	98535463	0	1.188449e-04	4.170947e-06	1
10	rs79505129	98130678	0	6.936367e-05	2.415772e-06	1
10	rs79621687	98106609	0	1.127097e-04	4.055435e-06	1
10	rs79641674	98541354	0	2.639944e-04	9.333403e-06	1
10	rs79707647	98536364	0	1.188449e-04	4.170946e-06	1
10	rs79739680	98544423	0	2.538378e-04	8.969657e-06	1
10	rs79759866	98542011	0	9.807804e-04	3.568067e-05	1
10	rs79788733	98386765	0	3.450634e-04	1.257776e-05	1
10	rs79977181	98131821	0	-7.676417e-05	-2.698724e-06	1
10	rs80018342	98244928	0	1.028378e-04	3.694468e-06	1
10	rs80059566	98175771	0	4.510442e-04	1.582634e-05	1
10	rs80065902	98059409	0	5.065749e-04	1.842070e-05	1
10	rs80098852	98144037	0	5.039337e-04	1.827582e-05	1
10	rs80106405	98029191	0	3.984920e-04	1.446497e-05	1
10	rs80138644	98269379	0	1.934126e-04	7.010909e-06	1
10	rs80254417	98037332	0	-6.941660e-04	-2.546007e-05	1
10	rs80350559	98230490	0	-5.017318e-04	-1.783438e-05	1
10	rs8578	98353421	0	4.849756e-04	1.663717e-05	1
10	rs874370	98246740	0	-4.707542e-04	-1.574931e-05	1
10	rs874371	98247022	0	-6.093211e-04	-2.049461e-05	1
10	rs874372	98247143	0	9.276306e-04	3.319529e-05	1
10	rs879266	98263545	0	-9.196538e-04	-3.169984e-05	1
10	rs9093	98279053	1	1.065438e-04	3.553336e-06	1
10	rs912479	98241375	0	7.607233e-04	2.700018e-05	1
10	rs912480	98378250	0	3.273375e-04	1.096995e-05	1
10	rs912485	98367833	0	-1.265603e-04	-4.384399e-06	1
10	rs912486	98367268	0	8.611516e-05	2.965518e-06	1
10	rs927639	98359014	0	-3.581313e-04	-1.181582e-05	1
10	rs9325483	98244494	0	-8.805860e-04	-3.166336e-05	1
10	rs941996	98077230	0	8.637095e-05	3.007773e-06	1
10	rs941997	98046836	0	4.502574e-04	1.522234e-05	1
10	rs941998	98045832	0	-3.449495e-05	-1.203463e-06	1
10	rs941999	98041610	0	-1.505420e-04	-5.346989e-06	1
10	rs942006	98179977	0	-6.233277e-04	-2.069382e-05	1
10	rs942007	98180061	0	-5.704674e-04	-1.889484e-05	1
10	rs942008	98157412	0	4.571124e-04	1.658168e-05	1
10	rs9420695	98523061	0	-1.038951e-04	-3.734909e-06	1
10	rs9633703	98327266	0	-5.505148e-04	-1.826755e-05	1
10	rs9633706	98382303	0	-2.464462e-04	-8.288816e-06	1
10	rs9663948	98238236	0	1.512106e-03	5.488816e-05	1
10	rs9663989	98235117	0	5.659111e-04	1.895138e-05	1
10	rs9664749	98309053	0	4.987515e-04	1.721588e-05	1
10	rs9664955	98305551	0	4.987515e-04	1.721587e-05	1
10	rs9733829	98540048	0	2.538378e-04	8.969658e-06	1
10	rs9971113	98473787	0	1.003267e-04	3.274129e-06	1
10	rs9988781	98196029	0	-9.848840e-04	-3.338806e-05	1
