chr	rs	ps	n_miss	b	beta	gamma
6	rs1008883	1426748	0	-1.197276e-03	-4.918455e-05	1
6	rs10214673	1377218	0	-1.398522e-03	-5.902870e-05	1
6	rs1022555	1377398	0	1.841032e-03	7.974559e-05	1
6	rs1022556	1378043	0	9.919571e-04	4.394645e-05	1
6	rs1025672	1308143	0	-5.480581e-04	-2.329939e-05	1
6	rs1028380	1443138	0	3.388769e-04	1.350007e-05	1
6	rs10458048	1329290	0	-1.019296e-04	-4.489207e-06	1
6	rs10458116	1294104	0	-5.789336e-04	-2.547940e-05	1
6	rs10458123	1443008	0	-9.416446e-04	-3.913160e-05	1
6	rs10458124	1443099	0	-1.122609e-03	-4.575456e-05	1
6	rs10458125	1462294	0	4.274508e-04	1.914240e-05	1
6	rs10498653	1334409	0	2.259209e-04	9.678751e-06	1
6	rs10793833	1290388	0	-3.103601e-04	-1.280113e-05	1
6	rs10900907	1448387	0	2.727892e-04	1.088180e-05	1
6	rs111431092	1244092	1	-3.164328e-04	-1.414558e-05	1
6	rs111517786	1406659	0	2.138979e-04	9.537984e-06	1
6	rs111660409	1369881	0	-5.211099e-04	-2.357967e-05	1
6	rs112045163	1221275	0	3.056963e-04	1.339851e-05	1
6	rs112202910	1388229	0	-3.677341e-04	-1.538471e-05	1
6	rs11242674	1307846	0	2.166576e-03	9.821416e-05	1
6	rs11242675	1318878	0	5.341220e-04	2.149523e-05	1
6	rs11242676	1319005	0	4.909117e-04	1.971645e-05	1
6	rs11242678	1337180	0	-1.445589e-03	-6.210782e-05	1
6	rs11242679	1337311	0	-1.546037e-03	-6.970856e-05	1
6	rs11242682	1439392	0	-4.652893e-04	-1.866439e-05	1
6	rs11242683	1439435	0	-5.417058e-04	-2.177473e-05	1
6	rs11242684	1439526	0	-5.417058e-04	-2.177472e-05	1
6	rs11242685	1439632	0	-5.417058e-04	-2.177471e-05	1
6	rs11242687	1439976	0	-5.880436e-04	-2.367267e-05	1
6	rs11242688	1440050	0	-5.880436e-04	-2.367266e-05	1
6	rs11242689	1440975	0	-1.118952e-03	-4.689321e-05	1
6	rs11242690	1441000	0	-1.118952e-03	-4.689319e-05	1
6	rs11242691	1441034	0	-1.118952e-03	-4.689318e-05	1
6	rs11242692	1443413	0	-5.506450e-04	-2.207933e-05	1
6	rs11242698	1519078	0	7.529301e-04	3.141744e-05	1
6	rs11242699	1519309	0	7.529301e-04	3.141744e-05	1
6	rs11242700	1522210	0	2.542694e-05	1.112056e-06	1
6	rs112934874	1521494	0	6.668453e-04	2.770697e-05	1
6	rs113225765	1400243	0	-3.395693e-04	-1.529188e-05	1
6	rs113251444	1428153	0	-3.403790e-04	-1.505182e-05	1
6	rs113560900	1483720	15	-7.851450e-05	-3.448622e-06	1
6	rs113713427	1226304	0	-1.654758e-05	-7.360280e-07	1
6	rs113756951	1355400	0	-7.638731e-05	-3.344673e-06	1
6	rs113866212	1427769	0	2.867757e-04	1.279231e-05	1
6	rs114056857	1355963	0	1.719161e-04	7.344793e-06	1
6	rs114183232	1401166	0	2.032692e-04	9.088893e-06	1
6	rs114414037	1360139	0	3.318825e-05	1.413675e-06	1
6	rs114419655	1366902	0	5.830583e-04	2.536141e-05	1
6	rs114455863	1401644	0	5.464255e-04	2.450074e-05	1
6	rs114528107	1462955	0	1.507195e-04	6.609545e-06	1
6	rs114866415	1442528	0	-2.339601e-04	-1.051809e-05	1
6	rs114957082	1338570	0	6.366710e-05	2.719403e-06	1
6	rs115031805	1306343	0	-4.537714e-06	-1.845342e-07	1
6	rs115047313	1524209	0	-3.736301e-04	-1.651502e-05	1
6	rs115061178	1401908	0	-8.414617e-05	-3.772846e-06	1
6	rs115308096	1391939	0	1.598786e-05	7.205137e-07	1
6	rs115370942	1330230	0	2.259209e-04	9.678764e-06	1
6	rs115409097	1398193	0	-6.502613e-04	-2.958336e-05	1
6	rs115480909	1353880	0	3.318825e-05	1.413671e-06	1
6	rs115553926	1478918	3	6.920815e-05	3.078064e-06	1
6	rs115827149	1492699	0	-1.677288e-04	-7.512167e-06	1
6	rs115908851	1224354	0	-1.772453e-04	-7.987896e-06	1
6	rs116114684	1278914	0	-6.572938e-04	-2.964036e-05	1
6	rs116178792	1438540	0	2.095219e-04	9.387985e-06	1
6	rs116223790	1338018	0	-1.726400e-04	-7.578709e-06	1
6	rs116352020	1400368	0	-3.670600e-05	-1.647162e-06	1
6	rs116365617	1279032	0	4.895383e-04	2.193515e-05	1
6	rs116659977	1412266	0	-2.813622e-04	-1.248230e-05	1
6	rs116758783	1514487	0	1.751570e-04	7.898876e-06	1
6	rs11752381	1381901	0	2.312978e-04	1.016649e-05	1
6	rs11752453	1494957	0	4.338507e-04	1.843021e-05	1
6	rs11752927	1403737	0	-5.336775e-04	-2.225943e-05	1
6	rs11752979	1495303	0	2.502500e-04	1.059696e-05	1
6	rs11753295	1513227	0	1.066662e-03	4.510262e-05	1
6	rs11753374	1513698	0	1.066662e-03	4.510261e-05	1
6	rs11753773	1408677	0	1.657065e-04	6.675678e-06	1
6	rs11753792	1438818	0	-5.700562e-04	-2.294243e-05	1
6	rs11753821	1438967	0	-5.590257e-04	-2.248601e-05	1
6	rs11753974	1296166	0	-2.173464e-04	-9.358314e-06	1
6	rs11754940	1336150	0	-8.585856e-04	-3.867023e-05	1
6	rs11755109	1285521	0	3.512907e-04	1.578076e-05	1
6	rs11755251	1311007	0	-4.770697e-04	-2.023897e-05	1
6	rs11755376	1311644	0	-4.001304e-04	-1.693882e-05	1
6	rs11756214	1408767	0	3.430139e-04	1.383403e-05	1
6	rs11758259	1438646	0	1.459613e-04	5.968860e-06	1
6	rs11966550	1337981	0	-2.066923e-03	-9.335431e-05	1
6	rs11970205	1245296	0	1.160123e-03	5.270049e-05	1
6	rs12110825	1341158	0	1.853699e-03	8.114295e-05	1
6	rs12174130	1337201	0	-1.366785e-03	-6.235956e-05	1
6	rs12191487	1330574	0	-1.019296e-04	-4.489184e-06	1
6	rs12191992	1217204	0	4.509040e-05	2.007495e-06	1
6	rs12192125	1435742	0	-1.248672e-04	-5.133991e-06	1
6	rs12193767	1502001	0	4.204859e-04	1.783153e-05	1
6	rs12195015	1319041	0	-4.928753e-04	-2.199554e-05	1
6	rs12195122	1289172	0	-4.353993e-04	-1.910744e-05	1
6	rs12197478	1328356	0	-1.019296e-04	-4.489181e-06	1
6	rs12197982	1338196	0	-1.971278e-04	-8.239359e-06	1
6	rs12198147	1514196	0	1.066662e-03	4.510260e-05	1
6	rs12198803	1340473	0	-7.880479e-05	-3.287083e-06	1
6	rs12198806	1435532	0	2.118712e-04	8.630840e-06	1
6	rs12198994	1435850	0	1.555557e-04	6.330195e-06	1
6	rs12199456	1439455	0	1.459613e-04	5.968860e-06	1
6	rs12199947	1440938	0	-5.930405e-06	-2.345982e-07	1
6	rs12200309	1340548	0	-7.880479e-05	-3.287079e-06	1
6	rs12200444	1435896	0	2.118712e-04	8.630843e-06	1
6	rs12200532	1327775	0	-1.019296e-04	-4.489177e-06	1
6	rs12201633	1333394	0	8.048187e-04	3.238587e-05	1
6	rs12202938	1336826	0	-1.792528e-04	-7.883114e-06	1
6	rs12203678	1522666	0	6.668453e-04	2.770694e-05	1
6	rs12203948	1237696	0	4.277863e-06	1.925350e-07	1
6	rs12204403	1440563	0	9.962359e-05	4.075371e-06	1
6	rs12204462	1337153	0	-1.792528e-04	-7.883112e-06	1
6	rs12204590	1337393	0	-1.635707e-04	-6.846876e-06	1
6	rs12205193	1435969	0	-1.227236e-05	-4.910202e-07	1
6	rs12206533	1344500	0	-1.792528e-04	-7.883109e-06	1
6	rs12206649	1293365	0	-5.817477e-04	-2.553041e-05	1
6	rs12207513	1336656	0	-1.792528e-04	-7.883108e-06	1
6	rs12207702	1439264	0	-5.590257e-04	-2.248599e-05	1
6	rs12209110	1289462	0	-3.835097e-04	-1.682249e-05	1
6	rs12210129	1443656	0	-2.632973e-04	-1.081783e-05	1
6	rs12210417	1361061	0	-1.613485e-04	-7.081719e-06	1
6	rs12211247	1514247	0	1.066662e-03	4.510259e-05	1
6	rs12211303	1338655	0	-1.971278e-04	-8.239344e-06	1
6	rs12212519	1463535	0	1.397550e-04	6.060360e-06	1
6	rs12212982	1339188	0	-1.971278e-04	-8.239341e-06	1
6	rs12214302	1318720	0	-9.779437e-05	-4.303636e-06	1
6	rs12214475	1521117	0	6.668453e-04	2.770692e-05	1
6	rs12214607	1521356	0	6.668453e-04	2.770692e-05	1
6	rs12215052	1516108	0	7.529301e-04	3.141737e-05	1
6	rs12215612	1333470	0	-1.019296e-04	-4.489167e-06	1
6	rs12524120	1365650	0	5.702008e-04	2.465438e-05	1
6	rs12524544	1366220	0	4.096259e-04	1.756798e-05	1
6	rs12525017	1397329	0	7.505716e-05	3.380276e-06	1
6	rs12525352	1365883	0	4.658937e-04	2.008407e-05	1
6	rs12525740	1366052	0	5.702008e-04	2.465437e-05	1
6	rs12526948	1407290	0	-3.788955e-05	-1.696491e-06	1
6	rs12526976	1228065	0	1.322828e-03	5.997635e-05	1
6	rs12528101	1288388	0	-3.274142e-04	-1.435764e-05	1
6	rs12528128	1339937	0	-2.051398e-03	-9.721292e-05	1
6	rs12529489	1520395	0	1.251083e-04	5.424245e-06	1
6	rs12660207	1500565	0	-3.153658e-04	-1.304280e-05	1
6	rs12660327	1262038	0	1.440423e-05	6.343367e-07	1
6	rs12660794	1256797	0	6.332367e-04	2.805524e-05	1
6	rs12662142	1256944	0	6.332367e-04	2.805524e-05	1
6	rs12662223	1210711	0	-1.619477e-03	-6.893089e-05	1
6	rs12663495	1493695	0	3.996481e-04	1.639626e-05	1
6	rs12665337	1415811	0	-7.971634e-05	-3.443301e-06	1
6	rs127091	1216526	0	9.335414e-04	3.784043e-05	1
6	rs13192006	1274294	0	3.732696e-04	1.667590e-05	1
6	rs13192008	1480008	0	9.328712e-04	4.138742e-05	1
6	rs13193384	1443972	0	-2.789350e-04	-1.198237e-05	1
6	rs13193560	1438157	0	-5.590257e-04	-2.248599e-05	1
6	rs13193901	1475580	0	-4.284093e-04	-1.887700e-05	1
6	rs13196779	1408147	0	1.249915e-03	5.501809e-05	1
6	rs13196960	1438393	0	-5.590257e-04	-2.248598e-05	1
6	rs13197054	1438434	0	-5.590257e-04	-2.248598e-05	1
6	rs13197762	1263390	0	1.895869e-04	8.445873e-06	1
6	rs13198369	1381035	0	-3.818010e-04	-1.680913e-05	1
6	rs13198576	1263299	0	1.895869e-04	8.445872e-06	1
6	rs13199230	1263789	0	1.895869e-04	8.445872e-06	1
6	rs13201529	1402263	0	1.871283e-03	8.376071e-05	1
6	rs13202752	1324337	0	1.461014e-03	6.494758e-05	1
6	rs13205851	1270211	0	3.531379e-04	1.574176e-05	1
6	rs13208466	1438379	0	-6.607266e-04	-2.686032e-05	1
6	rs13209333	1456605	0	4.039150e-05	1.615793e-06	1
6	rs13209551	1331608	0	1.067349e-03	4.629938e-05	1
6	rs13211676	1266415	0	1.129815e-04	5.040175e-06	1
6	rs13211750	1502398	0	-1.682853e-03	-7.259012e-05	1
6	rs13214449	1457558	1	2.622254e-04	1.054206e-05	1
6	rs13215419	1267646	0	3.531379e-04	1.574176e-05	1
6	rs13216369	1260408	0	2.788837e-04	1.246328e-05	1
6	rs13217218	1257578	0	6.332367e-04	2.805523e-05	1
6	rs13218164	1263764	0	1.895869e-04	8.445868e-06	1
6	rs13218895	1328209	0	1.067349e-03	4.629937e-05	1
6	rs13219495	1321446	0	1.165700e-03	4.947714e-05	1
6	rs13362718	1305372	0	-6.250331e-04	-2.659664e-05	1
6	rs1347656	1298174	0	-7.088597e-04	-2.850100e-05	1
6	rs138091784	1245295	0	-4.028915e-06	-1.860815e-07	1
6	rs138225367	1269908	0	3.950838e-04	1.781411e-05	1
6	rs138380756	1461243	0	1.507195e-04	6.609546e-06	1
6	rs138436944	1346650	0	-1.792528e-04	-7.883095e-06	1
6	rs139074559	1431159	0	2.938362e-04	1.314775e-05	1
6	rs139100779	1393342	0	-2.257730e-04	-1.007177e-05	1
6	rs139839880	1514934	0	2.769453e-05	1.237789e-06	1
6	rs140475423	1457349	0	-1.188142e-04	-5.203894e-06	1
6	rs140620087	1240536	0	6.711388e-04	3.050421e-05	1
6	rs141282846	1463135	0	-2.096935e-04	-9.211054e-06	1
6	rs141364538	1508270	0	4.072551e-05	1.825635e-06	1
6	rs141520470	1434158	0	2.241435e-04	1.001106e-05	1
6	rs142549411	1433412	0	2.938362e-04	1.314774e-05	1
6	rs142554	1231569	0	3.825463e-04	1.559703e-05	1
6	rs142637665	1360180	0	-7.111885e-05	-3.042694e-06	1
6	rs142929222	1243379	0	-1.227287e-04	-5.541627e-06	1
6	rs143396955	1448935	0	8.933511e-06	4.003872e-07	1
6	rs1437282	1282564	0	1.320639e-03	5.756829e-05	1
6	rs1437283	1312756	0	8.162205e-04	3.672963e-05	1
6	rs1437285	1310817	0	2.252799e-03	1.027998e-04	1
6	rs1437286	1310739	0	2.252799e-03	1.027998e-04	1
6	rs1437287	1310627	0	2.252799e-03	1.027998e-04	1
6	rs1437288	1289926	0	-4.693652e-05	-1.928333e-06	1
6	rs144636206	1316981	0	-1.140496e-04	-5.015221e-06	1
6	rs144800962	1330891	0	2.259209e-04	9.678796e-06	1
6	rs144814910	1312253	0	-1.294002e-04	-5.693531e-06	1
6	rs145762440	1448328	0	3.431678e-04	1.541157e-05	1
6	rs146412847	1357269	0	-4.561070e-06	-1.993481e-07	1
6	rs148415100	1512836	0	2.236919e-04	9.960604e-06	1
6	rs148420696	1462002	0	-2.096935e-04	-9.211052e-06	1
6	rs148594819	1409752	0	-5.346678e-05	-2.402078e-06	1
6	rs148598230	1312998	0	-1.879330e-04	-8.289390e-06	1
6	rs149068635	1355595	0	-1.416934e-04	-6.219922e-06	1
6	rs149252765	1461250	0	-2.096935e-04	-9.211051e-06	1
6	rs149733755	1355160	0	3.318825e-05	1.413694e-06	1
6	rs149766397	1333266	0	2.259209e-04	9.678793e-06	1
6	rs149911412	1431212	0	2.938362e-04	1.314774e-05	1
6	rs1535012	1373825	0	1.081247e-03	4.759085e-05	1
6	rs1550199	1308575	0	1.596910e-03	6.890183e-05	1
6	rs1550201	1329509	0	9.872694e-04	4.033709e-05	1
6	rs1555109	1375100	0	1.112276e-03	4.884335e-05	1
6	rs1555110	1426790	0	-3.263831e-04	-1.465905e-05	1
6	rs1612787	1385038	0	-1.469545e-03	-6.850926e-05	1
6	rs1624965	1405479	0	-3.834911e-04	-1.594976e-05	1
6	rs171126	1221215	0	-1.993915e-03	-8.563654e-05	1
6	rs171127	1221254	0	-1.099124e-03	-4.681898e-05	1
6	rs1711947	1361187	0	1.365405e-04	5.638524e-06	1
6	rs1711948	1360937	0	1.365405e-04	5.638532e-06	1
6	rs1711949	1405483	0	1.463343e-03	6.373703e-05	1
6	rs1711950	1406397	0	1.491804e-03	6.486872e-05	1
6	rs1711952	1406835	0	1.463343e-03	6.373701e-05	1
6	rs1711956	1414493	0	1.077241e-04	4.819191e-06	1
6	rs1711957	1414584	0	1.092400e-03	4.713035e-05	1
6	rs1711959	1416849	0	-3.009552e-04	-1.289808e-05	1
6	rs1711961	1417720	0	8.312729e-04	3.378873e-05	1
6	rs1711966	1426252	0	2.867757e-04	1.279231e-05	1
6	rs1711967	1427189	0	-3.263831e-04	-1.465905e-05	1
6	rs1711969	1380746	0	2.156708e-03	9.659132e-05	1
6	rs1711970	1386737	0	-1.416734e-03	-5.906484e-05	1
6	rs1711971	1388422	0	4.620886e-04	2.094600e-05	1
6	rs1711973	1402537	0	1.489241e-03	6.474558e-05	1
6	rs17133898	1408465	0	-5.630143e-04	-2.381286e-05	1
6	rs17133981	1464671	0	-1.479711e-04	-6.478054e-06	1
6	rs17134043	1515725	1	2.288411e-05	1.006115e-06	1
6	rs17199678	1256048	0	6.332367e-04	2.805523e-05	1
6	rs17199692	1256161	0	6.332367e-04	2.805523e-05	1
6	rs17201698	1346561	0	6.366710e-05	2.719436e-06	1
6	rs17202895	1443801	0	-3.536226e-04	-1.447739e-05	1
6	rs17203091	1471170	0	-2.555833e-05	-1.099798e-06	1
6	rs17203421	1480251	0	-1.931690e-04	-8.383327e-06	1
6	rs17203588	1498640	0	4.509986e-04	1.920030e-05	1
6	rs17259747	1282532	0	-7.317770e-04	-3.313205e-05	1
6	rs17259991	1287657	0	-8.788985e-05	-3.925918e-06	1
6	rs17260640	1334861	0	2.259209e-04	9.678801e-06	1
6	rs17260920	1338973	0	3.763867e-04	1.703512e-05	1
6	rs17260983	1341652	0	6.366710e-05	2.719435e-06	1
6	rs17261011	1341730	0	6.366710e-05	2.719435e-06	1
6	rs17261060	1346515	0	6.366710e-05	2.719434e-06	1
6	rs17261109	1346541	0	6.366710e-05	2.719434e-06	1
6	rs17262839	1480071	0	-1.931690e-04	-8.383327e-06	1
6	rs17262881	1480280	0	-1.931690e-04	-8.383327e-06	1
6	rs17262909	1492814	0	-2.447854e-04	-1.065078e-05	1
6	rs17263384	1513073	0	-6.427572e-05	-2.767141e-06	1
6	rs1737757	1381921	0	-1.428938e-03	-5.966317e-05	1
6	rs1737763	1396568	0	-3.457381e-05	-1.512416e-06	1
6	rs1737770	1408932	0	8.602485e-04	3.573366e-05	1
6	rs1737782	1426285	0	2.867757e-04	1.279231e-05	1
6	rs1737784	1426491	0	2.867757e-04	1.279231e-05	1
6	rs1737786	1427053	0	2.867757e-04	1.279231e-05	1
6	rs1738076	1219171	0	-5.371243e-04	-2.206433e-05	1
6	rs17675014	1218482	0	9.621879e-05	4.074775e-06	1
6	rs1807924	1298842	0	2.578538e-04	1.155020e-05	1
6	rs182166674	1448241	0	-1.698069e-04	-7.561396e-06	1
6	rs182883347	1433353	0	2.359395e-04	1.057390e-05	1
6	rs184702	1220714	0	-2.349751e-03	-1.042494e-04	1
6	rs186901714	1366889	0	5.830583e-04	2.536142e-05	1
6	rs1878473	1291739	0	2.578538e-04	1.155020e-05	1
6	rs1878475	1386697	0	-2.340368e-04	-1.021495e-05	1
6	rs1883812	1219603	0	-5.334731e-04	-2.129733e-05	1
6	rs188833389	1393319	0	-1.822843e-04	-8.201014e-06	1
6	rs1922927	1369246	0	5.621960e-04	2.441783e-05	1
6	rs1922929	1364471	0	5.752992e-04	2.481892e-05	1
6	rs1922930	1364691	0	4.018817e-04	1.724712e-05	1
6	rs1922933	1442354	0	-1.118952e-03	-4.689314e-05	1
6	rs1922934	1442491	0	-1.106347e-03	-4.994058e-05	1
6	rs1922935	1442510	0	-1.118952e-03	-4.689313e-05	1
6	rs1922936	1445812	0	3.651064e-04	1.494612e-05	1
6	rs1922937	1445993	0	3.720693e-04	1.487601e-05	1
6	rs1922938	1446047	0	9.761450e-05	4.005944e-06	1
6	rs2006798	1316451	0	1.530417e-03	6.680951e-05	1
6	rs2008503	1256449	0	8.650698e-04	3.731317e-05	1
6	rs2013723	1308822	0	2.053508e-04	8.438041e-06	1
6	rs2015134	1326894	0	2.259209e-04	9.678798e-06	1
6	rs202134191	1509624	0	-1.140997e-04	-4.905092e-06	1
6	rs2068835	1449377	0	-3.609638e-04	-1.444911e-05	1
6	rs2068836	1449399	0	1.477732e-04	6.066903e-06	1
6	rs2143431	1470009	0	1.161327e-04	4.664138e-06	1
6	rs2179565	1461530	0	-2.233471e-03	-1.031061e-04	1
6	rs2217958	1309580	0	3.587183e-05	1.533606e-06	1
6	rs2317616	1291902	0	1.101485e-04	4.925787e-06	1
6	rs2317620	1299862	0	-1.219816e-04	-4.997657e-06	1
6	rs2317897	1329748	0	2.259209e-04	9.678797e-06	1
6	rs2317898	1338902	0	2.071556e-03	9.212892e-05	1
6	rs2317900	1344265	0	1.911420e-03	8.380866e-05	1
6	rs2317905	1352641	0	8.938722e-05	3.646633e-06	1
6	rs238030	1221022	0	-2.349751e-03	-1.042493e-04	1
6	rs238031	1221088	0	-1.206607e-03	-5.153028e-05	1
6	rs238032	1222066	0	-2.270425e-03	-9.995839e-05	1
6	rs238033	1222073	0	-1.063797e-03	-4.516657e-05	1
6	rs238034	1222322	0	-9.488599e-04	-4.012944e-05	1
6	rs238035	1222588	0	-2.147679e-03	-9.357716e-05	1
6	rs238036	1222733	0	-8.443689e-04	-3.611059e-05	1
6	rs238040	1223547	0	-7.648322e-04	-3.233839e-05	1
6	rs238041	1223567	0	-2.205921e-03	-9.646840e-05	1
6	rs238042	1223632	0	-2.275341e-03	-9.995910e-05	1
6	rs238045	1226861	0	-4.502339e-04	-2.033694e-05	1
6	rs238049	1229712	0	-7.166084e-04	-3.085034e-05	1
6	rs238050	1231807	0	-6.934943e-04	-2.943510e-05	1
6	rs238051	1232766	0	-6.934943e-04	-2.943510e-05	1
6	rs238053	1233229	0	4.393227e-04	1.793589e-05	1
6	rs238062	1235829	0	-4.906987e-04	-2.210860e-05	1
6	rs2438067	1260704	0	-1.352425e-03	-5.554781e-05	1
6	rs2438073	1255987	0	-1.739585e-03	-7.454505e-05	1
6	rs2438074	1269690	0	2.827752e-05	1.141569e-06	1
6	rs2459590	1356807	0	1.911893e-04	7.849532e-06	1
6	rs2459594	1284076	0	5.579651e-04	2.271126e-05	1
6	rs2459597	1256952	0	-1.739585e-03	-7.454503e-05	1
6	rs2459598	1260504	0	-1.977671e-03	-8.553531e-05	1
6	rs2493158	1441494	0	1.598060e-04	6.684627e-06	1
6	rs2496280	1269622	0	3.579633e-04	1.480979e-05	1
6	rs2496290	1274435	0	-5.413168e-04	-2.278236e-05	1
6	rs2496296	1275620	0	-1.061013e-03	-4.546801e-05	1
6	rs2496300	1276224	0	-8.727229e-04	-3.668761e-05	1
6	rs2496301	1277197	0	-6.908764e-04	-2.917756e-05	1
6	rs2569870	1524018	0	3.738145e-04	1.595081e-05	1
6	rs2745619	1458887	0	-5.244914e-05	-2.293111e-06	1
6	rs2745620	1458897	0	-4.128622e-04	-1.817420e-05	1
6	rs2745621	1459143	0	-5.244914e-05	-2.293111e-06	1
6	rs2745622	1459608	0	-1.252992e-05	-5.436886e-07	1
6	rs2745635	1442713	0	-1.106347e-03	-4.994059e-05	1
6	rs2745636	1449121	0	-4.487452e-04	-1.797852e-05	1
6	rs2745637	1453260	0	1.790801e-04	7.726313e-06	1
6	rs2816237	1442353	0	1.260523e-05	5.099220e-07	1
6	rs2816238	1442622	0	1.260523e-05	5.099174e-07	1
6	rs2816242	1450211	0	-3.327176e-04	-1.331546e-05	1
6	rs2816243	1450397	0	-1.090453e-04	-4.341048e-06	1
6	rs2816244	1450409	0	-1.042704e-04	-4.147137e-06	1
6	rs2816246	1450506	0	-2.067597e-04	-8.250850e-06	1
6	rs2816249	1453473	0	-7.519220e-05	-3.252556e-06	1
6	rs2816250	1454068	0	7.912749e-05	3.445320e-06	1
6	rs2816251	1454334	0	-1.170862e-06	-5.080578e-08	1
6	rs2816253	1456969	0	4.866827e-04	2.073583e-05	1
6	rs2816254	1457311	0	3.237789e-04	1.375049e-05	1
6	rs2816262	1459029	0	-5.244914e-05	-2.293111e-06	1
6	rs2816263	1459035	0	-3.523761e-04	-1.548547e-05	1
6	rs2816265	1459256	0	-4.128622e-04	-1.817420e-05	1
6	rs2816266	1459341	0	-5.244914e-05	-2.293110e-06	1
6	rs2816267	1459475	0	-5.244914e-05	-2.293110e-06	1
6	rs2816268	1460001	0	-2.621426e-04	-1.120099e-05	1
6	rs2816274	1468985	0	9.013731e-05	3.618545e-06	1
6	rs2816277	1522201	0	-6.345350e-05	-2.723025e-06	1
6	rs2816278	1524065	0	6.188363e-04	2.680138e-05	1
6	rs28407314	1222277	0	-1.128014e-03	-4.693117e-05	1
6	rs28579907	1436469	0	-1.227236e-05	-4.909527e-07	1
6	rs28674713	1329067	0	-1.019296e-04	-4.489108e-06	1
6	rs34038132	1415416	0	1.077537e-03	4.701099e-05	1
6	rs34049645	1484841	0	-6.088636e-04	-2.616436e-05	1
6	rs34188862	1269554	0	3.531379e-04	1.574177e-05	1
6	rs34192620	1483353	0	2.735327e-05	1.235791e-06	1
6	rs34220957	1272779	0	3.531379e-04	1.574177e-05	1
6	rs34231794	1471102	0	-7.008801e-05	-3.066024e-06	1
6	rs34330727	1517293	0	7.529301e-04	3.141737e-05	1
6	rs34428978	1252806	0	3.405994e-04	1.509982e-05	1
6	rs34527581	1292274	0	-5.069026e-04	-2.220067e-05	1
6	rs34592791	1252729	0	3.405994e-04	1.509982e-05	1
6	rs34721010	1461218	0	-4.002916e-04	-1.761804e-05	1
6	rs34769997	1250808	13	1.229606e-04	5.469636e-06	1
6	rs34836067	1462876	0	-4.402108e-04	-1.942188e-05	1
6	rs34841814	1523337	0	6.694262e-04	2.781498e-05	1
6	rs34846823	1341424	0	-3.877299e-04	-1.638963e-05	1
6	rs34877761	1521402	0	7.555881e-04	3.153120e-05	1
6	rs34913420	1316112	0	1.264432e-03	5.594839e-05	1
6	rs35057880	1275332	0	3.531379e-04	1.574177e-05	1
6	rs35103112	1349984	0	-1.767124e-04	-7.433072e-06	1
6	rs35220716	1268784	0	3.531379e-04	1.574177e-05	1
6	rs35288658	1263682	0	1.895869e-04	8.445876e-06	1
6	rs35312325	1523411	0	2.772841e-04	1.201149e-05	1
6	rs35331286	1266149	0	1.511961e-04	6.732559e-06	1
6	rs35405776	1247432	0	3.097282e-04	1.382138e-05	1
6	rs35434757	1336973	0	-7.193850e-04	-3.031716e-05	1
6	rs35601699	1269739	0	3.531379e-04	1.574176e-05	1
6	rs35640445	1266010	0	2.747048e-04	1.224517e-05	1
6	rs35853688	1264356	0	2.424652e-04	1.071818e-05	1
6	rs35891907	1286825	0	-8.233676e-05	-3.309752e-06	1
6	rs36048248	1248979	0	1.129738e-04	5.020996e-06	1
6	rs36118928	1330054	0	1.067349e-03	4.629933e-05	1
6	rs368836730	1431471	0	2.938362e-04	1.314773e-05	1
6	rs369638905	1430560	0	4.316327e-04	1.757544e-05	1
6	rs369656	1214888	0	-4.000855e-04	-1.606945e-05	1
6	rs370983	1214558	0	8.232973e-04	3.323616e-05	1
6	rs371873388	1339752	2	-1.382592e-04	-5.891758e-06	1
6	rs372104425	1244356	0	-2.909683e-04	-1.317615e-05	1
6	rs373728192	1433199	0	2.938362e-04	1.314773e-05	1
6	rs380641	1234808	0	-5.924060e-04	-2.527744e-05	1
6	rs386918	1214527	0	8.232973e-04	3.323615e-05	1
6	rs387274	1214642	0	-5.252937e-04	-2.119271e-05	1
6	rs3902814	1514652	0	1.066662e-03	4.510255e-05	1
6	rs3925366	1307798	0	-4.352469e-04	-1.786258e-05	1
6	rs41300827	1395714	0	2.304899e-04	1.028197e-05	1
6	rs4131572	1490941	0	7.811884e-04	3.412296e-05	1
6	rs418796	1218099	0	-3.890978e-04	-1.567219e-05	1
6	rs423358	1251437	0	-2.330043e-03	-1.049954e-04	1
6	rs4273731	1486871	0	8.130627e-04	3.410721e-05	1
6	rs4313035	1484883	0	1.607467e-03	7.205929e-05	1
6	rs4317453	1424362	0	-9.867742e-04	-4.073378e-05	1
6	rs4357176	1310577	0	1.926461e-03	8.503754e-05	1
6	rs4367415	1507626	0	2.385866e-04	1.012368e-05	1
6	rs4371879	1495959	0	4.509986e-04	1.920029e-05	1
6	rs437953	1214325	0	-9.899260e-04	-4.077651e-05	1
6	rs4382338	1392794	0	-3.490410e-04	-1.560305e-05	1
6	rs440263	1217120	0	-2.587315e-05	-1.044161e-06	1
6	rs4434508	1486425	0	5.831600e-04	2.501073e-05	1
6	rs4435985	1313470	1	1.322327e-03	5.760275e-05	1
6	rs4435987	1477709	0	3.821993e-03	2.108600e-04	1
6	rs443971	1218325	0	-1.714809e-03	-7.289667e-05	1
6	rs444018	1217500	0	-4.000855e-04	-1.606936e-05	1
6	rs4451181	1362793	0	3.318825e-05	1.413705e-06	1
6	rs4475360	1355638	0	1.816485e-04	7.711585e-06	1
6	rs448915	1217308	0	9.335414e-04	3.784049e-05	1
6	rs4490709	1505455	0	9.005397e-05	3.867288e-06	1
6	rs4499967	1487071	0	6.266509e-04	2.724244e-05	1
6	rs4510720	1354343	0	8.452863e-05	3.452698e-06	1
6	rs4512272	1512498	0	-1.093431e-03	-4.577260e-05	1
6	rs453379	1210571	0	-1.164464e-03	-4.850734e-05	1
6	rs455196	1212237	0	-9.623014e-04	-3.945220e-05	1
6	rs456849	1216236	0	-6.135493e-04	-2.479814e-05	1
6	rs457515	1215857	0	-4.000855e-04	-1.606930e-05	1
6	rs4576295	1486229	0	5.831600e-04	2.501073e-05	1
6	rs459156	1216336	0	-4.000855e-04	-1.606928e-05	1
6	rs459162	1216376	0	9.335414e-04	3.784052e-05	1
6	rs4618572	1492662	0	3.979832e-04	1.711509e-05	1
6	rs463264	1216740	0	9.335414e-04	3.784051e-05	1
6	rs465582	1214290	0	-7.281379e-04	-2.968563e-05	1
6	rs4959130	1356916	0	3.318825e-05	1.413700e-06	1
6	rs4959131	1409959	0	1.253321e-03	5.517096e-05	1
6	rs4959525	1214575	0	-1.291387e-03	-5.359153e-05	1
6	rs4959526	1216299	0	-1.376837e-03	-5.751521e-05	1
6	rs4959527	1216310	0	-1.376837e-03	-5.751517e-05	1
6	rs4959528	1216398	0	-1.333627e-03	-5.549567e-05	1
6	rs4959529	1216558	0	-1.333627e-03	-5.549564e-05	1
6	rs4959530	1216636	0	-1.333627e-03	-5.549560e-05	1
6	rs4959531	1216794	0	-1.333627e-03	-5.549556e-05	1
6	rs4959537	1289036	0	-1.233742e-03	-5.249719e-05	1
6	rs4959540	1307692	0	-4.352469e-04	-1.786258e-05	1
6	rs4959545	1327402	0	2.259209e-04	9.678792e-06	1
6	rs4959546	1343031	0	6.366710e-05	2.719440e-06	1
6	rs4959553	1357826	0	3.318825e-05	1.413701e-06	1
6	rs4959560	1416655	0	8.370275e-04	3.608703e-05	1
6	rs4959562	1428849	0	7.666183e-05	3.132309e-06	1
6	rs4959564	1493230	0	1.722586e-04	7.369301e-06	1
6	rs4959567	1516819	0	7.085102e-04	2.932669e-05	1
6	rs5006495	1247343	0	1.210176e-04	4.778736e-06	1
6	rs55705143	1419111	0	-3.421456e-04	-1.479603e-05	1
6	rs55744736	1418541	0	1.025213e-03	4.461219e-05	1
6	rs55766947	1379474	0	-7.630158e-05	-3.332921e-06	1
6	rs55806036	1315450	0	1.264432e-03	5.594838e-05	1
6	rs55832922	1438555	0	-5.892769e-04	-2.366564e-05	1
6	rs55919213	1410267	0	1.012223e-03	4.393217e-05	1
6	rs56140813	1379443	0	-7.630158e-05	-3.332922e-06	1
6	rs56161627	1479086	0	2.829498e-04	1.138880e-05	1
6	rs56256574	1487902	0	-2.447854e-04	-1.065081e-05	1
6	rs56275397	1379603	0	-7.502639e-05	-3.283877e-06	1
6	rs56332407	1379353	0	-7.502639e-05	-3.283877e-06	1
6	rs56754053	1436784	0	2.658374e-04	1.187340e-05	1
6	rs56920984	1514136	0	4.072551e-05	1.825639e-06	1
6	rs57756311	1519740	0	3.119121e-04	1.343207e-05	1
6	rs57770600	1519746	0	3.119121e-04	1.343207e-05	1
6	rs58391084	1218948	0	-1.395676e-04	-5.949569e-06	1
6	rs58618071	1274817	0	2.279606e-04	1.018256e-05	1
6	rs58856488	1416651	0	2.529335e-04	1.091247e-05	1
6	rs59266982	1457559	1	-8.121988e-05	-3.528535e-06	1
6	rs59963956	1517960	0	5.407871e-04	2.381099e-05	1
6	rs60142682	1510594	0	4.072551e-05	1.825639e-06	1
6	rs60265474	1281235	0	3.422361e-04	1.520071e-05	1
6	rs60358415	1219672	0	3.449420e-04	1.507811e-05	1
6	rs60766512	1428709	0	1.106383e-04	4.962916e-06	1
6	rs60901688	1436385	0	2.241435e-04	1.001104e-05	1
6	rs61096518	1513777	0	-1.313613e-04	-5.703405e-06	1
6	rs61184337	1519703	0	3.119121e-04	1.343207e-05	1
6	rs62387196	1240218	0	1.655650e-03	7.662977e-05	1
6	rs62387197	1240667	0	1.642372e-04	7.343199e-06	1
6	rs62388390	1305687	0	-7.499804e-05	-3.367773e-06	1
6	rs62388408	1323671	0	9.698874e-04	3.948921e-05	1
6	rs62388442	1342525	0	-3.877299e-04	-1.638959e-05	1
6	rs62388561	1477154	0	-6.927776e-04	-2.930322e-05	1
6	rs62388590	1506757	0	3.954331e-04	1.754590e-05	1
6	rs62388594	1513597	0	4.785796e-05	2.105296e-06	1
6	rs62388595	1518973	0	4.709895e-04	2.035004e-05	1
6	rs62388596	1520250	0	2.091021e-04	8.997156e-06	1
6	rs62388597	1520408	0	3.119121e-04	1.343207e-05	1
6	rs62389769	1410585	0	3.603635e-04	1.581047e-05	1
6	rs62389770	1428207	0	7.666183e-05	3.132315e-06	1
6	rs62389773	1437086	0	-5.867203e-05	-2.379214e-06	1
6	rs62389789	1437343	0	1.320159e-04	5.391409e-06	1
6	rs62389792	1444467	0	2.326709e-04	9.532753e-06	1
6	rs6596799	1248536	0	1.210176e-04	4.778752e-06	1
6	rs6596800	1248729	0	1.210176e-04	4.778764e-06	1
6	rs6596803	1294589	0	-1.542726e-03	-6.650724e-05	1
6	rs6596804	1294617	0	-9.609787e-04	-3.905748e-05	1
6	rs6596805	1295151	0	-6.746381e-04	-2.709661e-05	1
6	rs6596809	1329993	0	7.680378e-04	3.089404e-05	1
6	rs6596811	1346989	0	6.366710e-05	2.719432e-06	1
6	rs6596812	1347118	0	6.366710e-05	2.719431e-06	1
6	rs6596813	1353954	0	2.779128e-04	1.202930e-05	1
6	rs6596821	1440125	0	-5.247569e-04	-2.107796e-05	1
6	rs6596822	1440219	0	-2.347833e-05	-9.315427e-07	1
6	rs6596823	1440303	0	-5.880436e-04	-2.367254e-05	1
6	rs6596824	1440474	0	-5.880436e-04	-2.367253e-05	1
6	rs6596825	1440631	0	-9.094300e-04	-3.809904e-05	1
6	rs6596828	1489335	0	6.761648e-04	2.937040e-05	1
6	rs67290812	1456017	0	2.261089e-04	9.050174e-06	1
6	rs6905379	1479499	0	-8.320966e-04	-3.584362e-05	1
6	rs6905560	1362285	0	3.318825e-05	1.413691e-06	1
6	rs6906804	1490582	0	8.405561e-04	3.545816e-05	1
6	rs6907078	1440135	0	-5.880436e-04	-2.367252e-05	1
6	rs6907266	1440257	0	-5.543867e-04	-2.315071e-05	1
6	rs6907529	1490250	0	1.063262e-03	4.566740e-05	1
6	rs6907725	1490353	0	1.063262e-03	4.566739e-05	1
6	rs6909223	1427486	0	1.094683e-04	4.878552e-06	1
6	rs6909263	1327127	0	8.671841e-04	3.517810e-05	1
6	rs6909506	1427614	0	3.211321e-04	1.441795e-05	1
6	rs6909507	1427618	0	2.867757e-04	1.279234e-05	1
6	rs6912034	1350834	0	1.019102e-04	4.347172e-06	1
6	rs6912482	1250735	0	6.327922e-04	2.509047e-05	1
6	rs6912555	1491458	0	7.811884e-04	3.412295e-05	1
6	rs6913580	1516130	0	1.629460e-04	7.315772e-06	1
6	rs6914568	1354381	0	3.318825e-05	1.413692e-06	1
6	rs6917479	1254860	0	4.449344e-04	1.885303e-05	1
6	rs6918307	1434566	0	-1.473272e-05	-5.923470e-07	1
6	rs6918593	1492427	1	6.293944e-04	2.598017e-05	1
6	rs6918607	1354066	0	1.187113e-04	5.070269e-06	1
6	rs6919818	1434679	0	1.017009e-04	4.556289e-06	1
6	rs6920346	1392346	0	5.565892e-04	2.335863e-05	1
6	rs6920347	1434964	0	7.964366e-05	3.252838e-06	1
6	rs6922197	1254984	0	6.192426e-04	2.638172e-05	1
6	rs6922339	1255212	0	6.877071e-04	2.933460e-05	1
6	rs6924825	1317899	0	5.108772e-04	2.056825e-05	1
6	rs6926308	1463554	0	-1.125298e-03	-4.610915e-05	1
6	rs6927876	1444871	0	3.290374e-04	1.346432e-05	1
6	rs6929710	1318147	0	7.187147e-04	2.903218e-05	1
6	rs6931411	1281713	0	2.375437e-04	1.050991e-05	1
6	rs6932418	1444755	0	-1.009800e-04	-4.016523e-06	1
6	rs6932566	1444820	0	-2.845108e-05	-1.163694e-06	1
6	rs6934726	1345162	0	6.366710e-05	2.719432e-06	1
6	rs6934822	1489920	0	4.796909e-04	1.985768e-05	1
6	rs6935810	1339584	0	2.019592e-03	8.869081e-05	1
6	rs6936481	1427713	0	2.867757e-04	1.279234e-05	1
6	rs6936630	1332705	0	8.235819e-05	3.535559e-06	1
6	rs6937290	1289815	0	-1.272884e-03	-5.420883e-05	1
6	rs6937443	1445115	0	9.636647e-05	3.834645e-06	1
6	rs6937515	1451372	0	3.783596e-04	1.531275e-05	1
6	rs6937692	1451455	0	-1.809119e-04	-7.291797e-06	1
6	rs6939790	1345303	0	6.366710e-05	2.719440e-06	1
6	rs6942139	1434691	0	5.070342e-04	2.069875e-05	1
6	rs71547221	1291847	2	3.322185e-04	1.281221e-05	1
6	rs71550043	1252350	0	3.204208e-04	1.422567e-05	1
6	rs71550044	1261111	0	3.770847e-04	1.682965e-05	1
6	rs71550045	1266981	0	5.769783e-04	2.584029e-05	1
6	rs71550046	1268596	3	3.354076e-04	1.494689e-05	1
6	rs71550047	1268644	0	3.531379e-04	1.574176e-05	1
6	rs71550054	1470216	0	-7.008801e-05	-3.066025e-06	1
6	rs71550055	1477140	0	-4.284093e-04	-1.887699e-05	1
6	rs71550059	1513878	10	3.436002e-04	1.533061e-05	1
6	rs71550060	1524827	0	9.621780e-04	4.121814e-05	1
6	rs72494593	1515714	1	-3.173600e-04	-1.379871e-05	1
6	rs72650636	1408705	0	-1.304480e-04	-5.762585e-06	1
6	rs72650637	1410215	0	-3.939821e-05	-1.700376e-06	1
6	rs72827424	1229230	0	1.273708e-03	5.738733e-05	1
6	rs72827425	1229607	0	1.273708e-03	5.738733e-05	1
6	rs72827426	1234953	0	1.276788e-03	5.738410e-05	1
6	rs72827428	1245797	0	-1.494219e-04	-6.705389e-06	1
6	rs72827429	1254913	0	1.532331e-04	6.876277e-06	1
6	rs72827430	1255878	0	3.367311e-04	1.507261e-05	1
6	rs72827434	1259765	0	3.861088e-04	1.728626e-05	1
6	rs72827442	1284681	0	3.512907e-04	1.578073e-05	1
6	rs72831930	1305001	0	4.566754e-04	1.946649e-05	1
6	rs72836714	1482206	0	6.009507e-04	2.686364e-05	1
6	rs72836715	1483276	0	6.494513e-04	2.905730e-05	1
6	rs72836722	1490571	0	5.445005e-04	2.433242e-05	1
6	rs72836738	1520208	0	4.644105e-04	2.022017e-05	1
6	rs72840538	1356420	0	1.504117e-04	6.166516e-06	1
6	rs72840539	1357813	0	-6.126221e-04	-2.746563e-05	1
6	rs72840544	1364815	0	4.256488e-04	1.853022e-05	1
6	rs72840554	1385565	0	-5.294693e-04	-2.304360e-05	1
6	rs72840590	1438123	0	1.568553e-04	6.404923e-06	1
6	rs731394	1405284	0	-5.336775e-04	-2.225955e-05	1
6	rs732835	1393000	0	1.131636e-04	4.699336e-06	1
6	rs73397788	1383263	0	-9.461180e-04	-4.218581e-05	1
6	rs73714383	1318098	0	1.013225e-03	4.450357e-05	1
6	rs73714618	1437937	0	6.270768e-04	2.803077e-05	1
6	rs73714619	1438219	0	5.564240e-04	2.480750e-05	1
6	rs73714620	1439245	0	5.645653e-04	2.516101e-05	1
6	rs73714650	1515043	0	4.072551e-05	1.825633e-06	1
6	rs74316714	1375489	0	5.029143e-04	2.184860e-05	1
6	rs74323954	1372161	0	5.029143e-04	2.184860e-05	1
6	rs74354085	1357464	0	-8.438004e-05	-3.606183e-06	1
6	rs74355279	1455710	0	2.377189e-05	1.041665e-06	1
6	rs74447631	1345510	0	6.366710e-05	2.719436e-06	1
6	rs74453645	1332702	0	-3.993115e-04	-1.768432e-05	1
6	rs74484590	1341423	0	6.366710e-05	2.719435e-06	1
6	rs74506465	1456604	0	-1.700143e-04	-7.457443e-06	1
6	rs74511840	1489681	0	-2.447854e-04	-1.065080e-05	1
6	rs7451833	1377601	0	3.949346e-04	1.717853e-05	1
6	rs74536576	1316016	0	1.266932e-04	5.415689e-06	1
6	rs74564934	1335849	0	7.029716e-04	3.031690e-05	1
6	rs74597754	1366855	0	5.781176e-04	2.519665e-05	1
6	rs746095	1404628	0	2.022919e-03	8.948791e-05	1
6	rs746096	1404821	0	-3.418496e-04	-1.462418e-05	1
6	rs74622239	1342082	0	6.366710e-05	2.719431e-06	1
6	rs74635175	1482450	0	-2.447854e-04	-1.065080e-05	1
6	rs74635825	1308312	0	-4.537714e-06	-1.844044e-07	1
6	rs74664597	1348987	0	-1.613485e-04	-7.081610e-06	1
6	rs74695629	1359869	0	3.318825e-05	1.413692e-06	1
6	rs74816969	1393238	0	-4.627392e-04	-2.071955e-05	1
6	rs74854084	1248527	0	5.316331e-04	2.374112e-05	1
6	rs74888482	1278665	0	5.868785e-04	2.642584e-05	1
6	rs74906248	1430319	0	-1.267305e-03	-5.209385e-05	1
6	rs74940956	1309483	0	3.340204e-04	1.484032e-05	1
6	rs74948507	1460439	0	-2.096935e-04	-9.211037e-06	1
6	rs74974878	1436442	0	7.126278e-05	3.201894e-06	1
6	rs75143273	1359169	0	-6.476175e-05	-2.774077e-06	1
6	rs75217853	1377048	0	6.027173e-04	2.627640e-05	1
6	rs752412	1215945	0	-1.333627e-03	-5.549550e-05	1
6	rs75289435	1341463	0	6.366710e-05	2.719428e-06	1
6	rs75294181	1367583	0	5.107015e-04	2.228240e-05	1
6	rs75310305	1509746	0	1.152272e-06	5.396411e-08	1
6	rs75312916	1294095	0	-8.788985e-05	-3.925938e-06	1
6	rs75361766	1435346	0	1.017009e-04	4.556290e-06	1
6	rs75410682	1350121	0	1.019102e-04	4.347166e-06	1
6	rs75471634	1435399	0	1.017009e-04	4.556290e-06	1
6	rs75472582	1342620	0	6.366710e-05	2.719426e-06	1
6	rs75508437	1454397	0	8.425798e-05	3.685100e-06	1
6	rs75586483	1343622	0	6.366710e-05	2.719426e-06	1
6	rs75590005	1240488	0	1.856552e-03	8.730170e-05	1
6	rs75643321	1335479	0	-4.043046e-05	-1.821901e-06	1
6	rs75721633	1461535	0	1.507195e-04	6.609572e-06	1
6	rs75724359	1264194	0	4.740166e-04	2.144144e-05	1
6	rs75787249	1220301	0	3.558359e-04	1.554878e-05	1
6	rs75802256	1342508	0	6.366710e-05	2.719425e-06	1
6	rs75805880	1356394	0	3.318825e-05	1.413685e-06	1
6	rs75806966	1374383	0	5.029143e-04	2.184858e-05	1
6	rs75838822	1220243	0	3.558359e-04	1.554878e-05	1
6	rs75921067	1299461	0	1.958087e-03	8.905304e-05	1
6	rs75964227	1345750	0	9.468058e-05	4.044459e-06	1
6	rs76000318	1460390	0	1.507195e-04	6.609572e-06	1
6	rs76019977	1424655	0	-2.584478e-05	-1.143794e-06	1
6	rs76020229	1348793	0	-1.088400e-04	-4.654623e-06	1
6	rs76078234	1370689	0	5.521127e-04	2.404596e-05	1
6	rs76104440	1473687	0	-6.404362e-04	-2.831685e-05	1
6	rs76110445	1364866	0	5.258801e-04	2.269451e-05	1
6	rs761338	1227568	0	-1.003623e-03	-4.143537e-05	1
6	rs761339	1227633	0	-1.362401e-03	-5.639016e-05	1
6	rs761340	1227784	0	-1.253420e-03	-5.241394e-05	1
6	rs76173176	1450055	0	2.212286e-04	9.881921e-06	1
6	rs763862	1298951	0	2.578538e-04	1.155022e-05	1
6	rs76459144	1238459	0	-1.256681e-04	-5.582544e-06	1
6	rs76553388	1273961	0	1.006569e-04	4.422818e-06	1
6	rs76601962	1286966	0	4.574980e-04	2.068314e-05	1
6	rs76738365	1307131	0	-4.537714e-06	-1.843943e-07	1
6	rs76845519	1361673	0	3.318825e-05	1.413678e-06	1
6	rs76973777	1211190	0	9.506001e-04	4.247910e-05	1
6	rs76993343	1454271	0	8.425798e-05	3.685101e-06	1
6	rs77014272	1359937	0	3.318825e-05	1.413678e-06	1
6	rs77051035	1307525	0	-4.537714e-06	-1.843926e-07	1
6	rs77160910	1370848	0	5.521127e-04	2.404595e-05	1
6	rs77182950	1220349	0	2.612471e-04	1.143592e-05	1
6	rs77190919	1363227	0	3.318825e-05	1.413675e-06	1
6	rs77236667	1242793	0	1.175523e-04	5.231608e-06	1
6	rs77272731	1456259	0	-1.700143e-04	-7.457442e-06	1
6	rs77285919	1374457	0	3.011235e-04	1.298864e-05	1
6	rs77311437	1222929	0	2.844530e-04	1.245080e-05	1
6	rs77319639	1367049	0	4.190401e-04	1.818397e-05	1
6	rs77385812	1460862	0	1.507195e-04	6.609574e-06	1
6	rs7738771	1438037	0	1.568553e-04	6.404927e-06	1
6	rs7739076	1334355	0	7.860747e-04	3.182296e-05	1
6	rs7739254	1334448	0	8.190991e-04	3.304313e-05	1
6	rs7741690	1440689	0	-1.118952e-03	-4.689309e-05	1
6	rs7742720	1414685	0	1.077537e-03	4.701093e-05	1
6	rs7743992	1402243	0	-1.557437e-04	-6.477200e-06	1
6	rs77440450	1471389	0	-4.342393e-04	-1.903059e-05	1
6	rs7745345	1402307	0	-2.667791e-04	-1.140469e-05	1
6	rs7746366	1323214	0	-8.192707e-04	-3.512194e-05	1
6	rs7746700	1323447	0	-6.588138e-04	-2.713124e-05	1
6	rs77473035	1220671	0	-6.061089e-05	-2.729516e-06	1
6	rs7750506	1428013	0	-1.438928e-03	-5.987753e-05	1
6	rs7750580	1211523	0	-1.912085e-03	-8.313163e-05	1
6	rs7750826	1336867	0	-1.482370e-03	-6.393252e-05	1
6	rs77510766	1345681	0	6.366710e-05	2.719422e-06	1
6	rs7751687	1428037	0	-1.138996e-03	-4.657605e-05	1
6	rs7755512	1221018	0	-1.128014e-03	-4.693065e-05	1
6	rs7755969	1513383	0	1.960233e-04	8.018708e-06	1
6	rs7757477	1216937	0	-1.333627e-03	-5.549535e-05	1
6	rs7758424	1387238	0	-3.713215e-04	-1.622612e-05	1
6	rs7759626	1359690	0	9.512265e-05	3.833398e-06	1
6	rs7759823	1513263	0	1.960233e-04	8.018707e-06	1
6	rs7759865	1330395	0	1.991800e-03	9.123439e-05	1
6	rs7760464	1513622	0	2.238919e-04	9.161286e-06	1
6	rs77606213	1339580	0	1.004480e-04	4.289079e-06	1
6	rs7761242	1514367	0	3.512697e-04	1.442708e-05	1
6	rs7761433	1484384	0	4.344676e-04	1.853370e-05	1
6	rs7762016	1435791	0	-4.096455e-05	-1.670058e-06	1
6	rs7762812	1488725	0	8.279454e-04	3.480520e-05	1
6	rs77635991	1467965	0	-2.555833e-05	-1.099767e-06	1
6	rs7764820	1448465	0	3.431678e-04	1.541153e-05	1
6	rs77658244	1288398	0	9.259445e-04	4.162970e-05	1
6	rs7766042	1366718	0	2.596565e-04	1.113123e-05	1
6	rs7767997	1336760	0	-1.546037e-03	-6.970824e-05	1
6	rs7768432	1489153	0	7.763291e-04	3.252263e-05	1
6	rs7771370	1437550	0	-7.139862e-04	-2.878067e-05	1
6	rs7771383	1427883	0	-1.471086e-03	-6.136726e-05	1
6	rs7771395	1428099	0	-1.419119e-03	-5.900901e-05	1
6	rs7772017	1312744	0	8.162205e-04	3.672957e-05	1
6	rs7772349	1290093	0	6.110254e-04	2.462716e-05	1
6	rs7773435	1337034	0	-1.427714e-03	-6.372247e-05	1
6	rs7774941	1443391	0	-6.203447e-04	-2.480059e-05	1
6	rs77796590	1342334	0	6.366710e-05	2.719413e-06	1
6	rs77816195	1460180	0	1.507195e-04	6.609573e-06	1
6	rs77847852	1263262	0	4.417257e-04	1.992219e-05	1
6	rs77894750	1294105	0	6.400723e-04	2.849830e-05	1
6	rs77926136	1344017	0	6.366710e-05	2.719412e-06	1
6	rs78120638	1326826	0	1.168414e-04	5.001413e-06	1
6	rs78122560	1460769	0	1.507195e-04	6.609574e-06	1
6	rs78251074	1342647	0	-1.792528e-04	-7.882961e-06	1
6	rs78252540	1342663	0	6.366710e-05	2.719411e-06	1
6	rs78276562	1220139	0	3.558359e-04	1.554876e-05	1
6	rs78451852	1338265	0	6.366710e-05	2.719410e-06	1
6	rs78460052	1345762	0	6.366710e-05	2.719410e-06	1
6	rs78460560	1313078	0	1.617663e-03	7.190693e-05	1
6	rs78486651	1379994	0	-7.502639e-05	-3.283898e-06	1
6	rs78576260	1451192	0	5.280073e-05	2.355103e-06	1
6	rs78581380	1365073	0	5.702008e-04	2.465436e-05	1
6	rs78631766	1405167	0	5.397320e-04	2.424832e-05	1
6	rs78637750	1410528	0	-1.975748e-04	-8.803434e-06	1
6	rs78681726	1370775	0	5.557097e-04	2.407383e-05	1
6	rs78693276	1353844	0	2.352143e-04	1.031944e-05	1
6	rs78694194	1345835	0	6.366710e-05	2.719407e-06	1
6	rs78751714	1462902	0	-2.096935e-04	-9.211034e-06	1
6	rs78792795	1496546	0	3.431934e-04	1.455635e-05	1
6	rs78816356	1373614	0	5.621960e-04	2.441778e-05	1
6	rs78915578	1367061	0	4.190401e-04	1.818396e-05	1
6	rs78933037	1424645	0	-2.431886e-05	-1.079104e-06	1
6	rs78949023	1442842	0	2.095219e-04	9.387933e-06	1
6	rs78991670	1220161	0	3.558359e-04	1.554876e-05	1
6	rs79048748	1220356	0	3.558359e-04	1.554876e-05	1
6	rs79064332	1381066	0	-2.262505e-04	-9.858824e-06	1
6	rs79262951	1372681	0	5.029143e-04	2.184856e-05	1
6	rs79318212	1365244	0	5.324515e-04	2.299009e-05	1
6	rs79319452	1520241	0	-2.086189e-04	-8.990203e-06	1
6	rs79324598	1421656	0	5.907956e-04	2.650849e-05	1
6	rs79328715	1307573	0	-6.249865e-04	-2.823893e-05	1
6	rs79368490	1342314	0	6.366710e-05	2.719401e-06	1
6	rs79419042	1246807	0	4.983157e-04	2.222012e-05	1
6	rs79443028	1460451	0	1.507195e-04	6.609574e-06	1
6	rs79447906	1350471	0	3.318825e-05	1.413659e-06	1
6	rs79451408	1460759	0	1.507195e-04	6.609574e-06	1
6	rs79473890	1454737	0	1.274683e-04	5.571671e-06	1
6	rs79565252	1341581	0	6.366710e-05	2.719400e-06	1
6	rs79616889	1341065	0	6.366710e-05	2.719399e-06	1
6	rs79618067	1344549	0	6.366710e-05	2.719399e-06	1
6	rs79716022	1263284	0	3.393694e-04	1.518079e-05	1
6	rs79760600	1306380	0	3.340204e-04	1.484031e-05	1
6	rs79783857	1344000	0	6.366710e-05	2.719398e-06	1
6	rs79830254	1462065	0	1.507195e-04	6.609575e-06	1
6	rs79831381	1482461	0	-1.931690e-04	-8.383352e-06	1
6	rs79833122	1379925	0	-7.502639e-05	-3.283908e-06	1
6	rs79842006	1342025	0	6.366710e-05	2.719397e-06	1
6	rs79938083	1367405	0	5.152424e-04	2.245249e-05	1
6	rs79952975	1228313	0	-6.874844e-05	-3.026028e-06	1
6	rs80069967	1277381	0	2.094209e-04	9.357230e-06	1
6	rs80181719	1341094	0	6.366710e-05	2.719396e-06	1
6	rs80197184	1224169	0	3.305515e-04	1.483914e-05	1
6	rs80229529	1454487	0	-1.700143e-04	-7.457440e-06	1
6	rs80243102	1359449	0	-2.347946e-04	-1.031492e-05	1
6	rs80301923	1427155	0	2.359395e-04	1.057392e-05	1
6	rs882003	1309171	0	4.748532e-05	2.042391e-06	1
6	rs893235	1309918	0	-5.480581e-04	-2.329918e-05	1
6	rs893237	1309375	0	8.335715e-05	3.443665e-06	1
6	rs910022	1393890	0	-9.678824e-04	-4.149987e-05	1
6	rs910023	1394185	0	-1.072143e-03	-4.371437e-05	1
6	rs910124	1216029	0	-1.333627e-03	-5.549531e-05	1
6	rs920209	1316548	0	1.115740e-03	4.904401e-05	1
6	rs9285960	1513400	0	1.863865e-04	7.898858e-06	1
6	rs930354	1256092	0	8.650698e-04	3.731311e-05	1
6	rs932409	1451522	0	-1.656172e-03	-7.027400e-05	1
6	rs9328050	1408214	0	-6.895677e-04	-2.823732e-05	1
6	rs9328051	1408267	0	8.718342e-04	3.552162e-05	1
6	rs9328052	1443760	0	-5.180292e-05	-2.206075e-06	1
6	rs9328053	1444295	0	-1.009800e-04	-4.016483e-06	1
6	rs9328054	1444333	0	-1.009800e-04	-4.016479e-06	1
6	rs9328055	1445980	0	9.712221e-05	4.094699e-06	1
6	rs9328058	1514799	0	-8.815495e-04	-3.597508e-05	1
6	rs9328059	1523076	0	4.771073e-04	2.115657e-05	1
6	rs9378283	1221578	0	-1.198819e-03	-4.995513e-05	1
6	rs9378284	1222443	0	-1.198819e-03	-4.995510e-05	1
6	rs9378286	1255437	0	8.650698e-04	3.731311e-05	1
6	rs9378287	1273690	0	1.006569e-04	4.422809e-06	1
6	rs9378288	1310603	0	-8.944059e-04	-4.040604e-05	1
6	rs9378290	1338170	0	-1.229180e-03	-5.615039e-05	1
6	rs9378291	1409626	0	1.267491e-03	5.576975e-05	1
6	rs9378292	1413734	0	1.077537e-03	4.701092e-05	1
6	rs9378293	1441349	0	-1.118952e-03	-4.689304e-05	1
6	rs9378297	1514114	0	2.227916e-04	9.450849e-06	1
6	rs9378599	1217430	0	-1.333627e-03	-5.549521e-05	1
6	rs9378606	1272786	0	1.006569e-04	4.422809e-06	1
6	rs9378608	1309113	0	-9.936301e-04	-4.496630e-05	1
6	rs9378609	1309605	0	-6.789359e-04	-3.046328e-05	1
6	rs9378611	1340202	0	-1.950950e-03	-8.731132e-05	1
6	rs9378613	1344476	0	-2.051398e-03	-9.721269e-05	1
6	rs9378620	1405632	0	1.604131e-04	6.973630e-06	1
6	rs9378623	1412674	0	1.126175e-03	4.888434e-05	1
6	rs9378628	1439918	0	-5.561056e-04	-2.332405e-05	1
6	rs9378629	1440457	0	3.365692e-05	1.336507e-06	1
6	rs9378633	1506287	0	1.127550e-04	4.973406e-06	1
6	rs9378634	1511046	0	2.227916e-04	9.450854e-06	1
6	rs9378635	1515616	5	1.236462e-03	5.288257e-05	1
6	rs9391913	1218604	0	-1.101197e-03	-4.525268e-05	1
6	rs9391914	1229236	0	-1.159634e-03	-4.818982e-05	1
6	rs9391916	1257586	0	7.670803e-04	3.276424e-05	1
6	rs9391920	1295625	0	-1.166811e-03	-4.912709e-05	1
6	rs9391921	1344828	0	-1.227905e-03	-5.618979e-05	1
6	rs9391922	1487969	0	5.831600e-04	2.501069e-05	1
6	rs9392263	1222573	0	-1.128014e-03	-4.693042e-05	1
6	rs9392265	1255541	0	8.650698e-04	3.731310e-05	1
6	rs9392266	1257089	0	8.650698e-04	3.731310e-05	1
6	rs9392267	1259547	0	1.182517e-03	5.185626e-05	1
6	rs9392268	1275006	0	2.542740e-04	1.120422e-05	1
6	rs9392271	1294818	0	-2.010355e-04	-7.987998e-06	1
6	rs9392273	1315309	0	1.574495e-03	7.350270e-05	1
6	rs9392280	1351335	0	-1.169420e-03	-5.351122e-05	1
6	rs9392281	1352342	0	-1.169420e-03	-5.351122e-05	1
6	rs9392284	1361996	0	4.525694e-04	1.915952e-05	1
6	rs9392287	1412066	0	8.079621e-04	3.473053e-05	1
6	rs9392288	1418160	0	1.649651e-03	6.956927e-05	1
6	rs9392291	1441181	0	-1.118952e-03	-4.689302e-05	1
6	rs9392292	1444633	0	-1.009800e-04	-4.016472e-06	1
6	rs9392295	1473100	0	2.167540e-04	9.788565e-06	1
6	rs9392296	1487833	0	8.851202e-04	3.916112e-05	1
6	rs9392297	1495398	0	-5.638340e-04	-2.503756e-05	1
6	rs9392300	1501933	0	-1.670307e-03	-7.192463e-05	1
6	rs9392301	1509347	0	2.118811e-04	9.291853e-06	1
6	rs9405130	1219042	0	-6.426461e-04	-2.592517e-05	1
6	rs9405137	1385259	0	-7.333929e-04	-3.042990e-05	1
6	rs9405139	1492458	0	9.740930e-04	4.159565e-05	1
6	rs9405455	1257407	0	3.739594e-04	1.633339e-05	1
6	rs9405456	1276875	0	3.286175e-04	1.430311e-05	1
6	rs9405458	1298308	0	-7.367801e-04	-3.319269e-05	1
6	rs9405460	1337581	0	-1.330004e-03	-6.034919e-05	1
6	rs9405461	1337597	0	-1.248462e-03	-5.642362e-05	1
6	rs9405469	1362235	0	2.100422e-04	8.904295e-06	1
6	rs9405471	1385286	0	-1.003621e-03	-4.203637e-05	1
6	rs9405474	1441126	0	-1.118952e-03	-4.689300e-05	1
6	rs9405475	1441282	0	-1.118952e-03	-4.689299e-05	1
6	rs9405479	1444693	0	3.800629e-05	1.544893e-06	1
6	rs9405483	1496384	0	2.791086e-04	1.128577e-05	1
6	rs9405488	1506156	0	-4.454606e-05	-1.954689e-06	1
6	rs9405489	1508686	0	2.227916e-04	9.450861e-06	1
6	rs9405490	1510658	0	2.227916e-04	9.450862e-06	1
6	rs9501707	1296351	0	2.578538e-04	1.155023e-05	1
6	rs9501708	1296688	0	-7.088597e-04	-2.850095e-05	1
6	rs9501712	1315060	0	-3.868483e-04	-1.636653e-05	1
6	rs9501722	1443898	0	-1.467563e-04	-5.826941e-06	1
6	rs9501730	1488337	0	6.266509e-04	2.724242e-05	1
6	rs9502870	1242557	0	-5.867467e-04	-2.562279e-05	1
6	rs9502878	1292134	0	-7.294288e-04	-2.936226e-05	1
6	rs9502879	1294446	0	4.052983e-04	1.809484e-05	1
6	rs9502884	1305883	0	-7.575950e-04	-3.241867e-05	1
6	rs9502885	1305966	0	-6.703022e-04	-2.854913e-05	1
6	rs9502886	1307015	0	-5.480581e-04	-2.329915e-05	1
6	rs9502888	1310839	0	-5.480581e-04	-2.329915e-05	1
6	rs9502889	1313117	2	8.985912e-04	4.055230e-05	1
6	rs9502890	1313121	2	8.171168e-04	3.677155e-05	1
6	rs9502893	1340189	0	2.009661e-03	8.901587e-05	1
6	rs9502894	1340218	0	2.009661e-03	8.901583e-05	1
6	rs9502919	1430492	0	4.262799e-04	1.914933e-05	1
6	rs9502921	1434925	0	2.350375e-04	1.049160e-05	1
6	rs9502922	1434948	0	2.241435e-04	1.001100e-05	1
6	rs9502923	1435128	0	3.749564e-04	1.675902e-05	1
6	rs9502924	1435220	0	2.118712e-04	8.630929e-06	1
6	rs9502925	1436941	0	6.270768e-04	2.803073e-05	1
6	rs9502926	1437234	0	6.270768e-04	2.803073e-05	1
6	rs9502930	1443307	0	-7.769241e-05	-3.061924e-06	1
6	rs9502931	1444786	0	-2.922686e-04	-1.253785e-05	1
6	rs9502953	1508672	0	1.091059e-05	4.850771e-07	1
6	rs951318	1318711	0	4.816774e-05	2.055928e-06	1
6	rs9632523	1213957	0	-8.569931e-04	-3.871798e-05	1
6	rs975966	1448681	0	5.585449e-04	2.238242e-05	1
6	rs98786	1215993	0	9.795169e-04	3.977016e-05	1
