chr	rs	ps	n_miss	b	beta	gamma
12	rs1005394	1441137	0	3.398938e-04	3.228204e-05	1
12	rs10082785	1236729	0	5.406330e-04	5.859100e-05	1
12	rs1012719	1440156	0	2.686316e-04	2.462707e-05	1
12	rs10128898	1494432	0	-9.889899e-04	-1.206991e-04	1
12	rs1017019	1351215	0	8.592266e-05	7.882253e-06	1
12	rs10400515	1177928	0	-5.148454e-04	-5.610653e-05	1
12	rs10491954	1354345	0	3.421521e-04	3.428085e-05	1
12	rs10491955	1382293	0	2.931545e-04	2.948916e-05	1
12	rs10491956	1399443	0	-2.125272e-04	-2.978008e-05	1
12	rs10505719	1185444	0	-5.148454e-04	-5.610653e-05	1
12	rs10505720	1185966	0	-5.148454e-04	-5.610652e-05	1
12	rs10505722	1232371	0	2.348712e-05	3.312921e-06	1
12	rs1051669	1022452	0	1.378186e-03	1.908626e-04	1
12	rs1051672	1021557	0	1.335593e-03	1.751499e-04	1
12	rs10734998	1408503	0	1.087965e-04	1.515885e-05	1
12	rs10735067	1072390	0	1.227832e-03	1.605213e-04	1
12	rs1073938	1286268	0	2.800481e-04	2.887650e-05	1
12	rs1073939	1286177	0	4.023429e-04	4.066395e-05	1
12	rs10744530	1186111	0	4.000767e-04	3.713941e-05	1
12	rs10744533	1236286	0	-1.771423e-04	-1.681081e-05	1
12	rs10744536	1239094	0	2.649349e-04	3.300173e-05	1
12	rs10744727	995606	0	3.764522e-04	3.692431e-05	1
12	rs10744729	1024594	0	-5.660498e-04	-5.672951e-05	1
12	rs10744733	1089106	0	7.015306e-04	8.200952e-05	1
12	rs10773924	1207223	0	2.741605e-04	2.580439e-05	1
12	rs10773925	1210779	0	6.526292e-04	6.615741e-05	1
12	rs10773927	1234995	0	-3.389445e-04	-3.205374e-05	1
12	rs10773928	1235737	0	-1.771423e-04	-1.681081e-05	1
12	rs10773929	1236086	0	-3.419610e-04	-3.252424e-05	1
12	rs10773930	1236139	6	-4.573794e-04	-4.360591e-05	1
12	rs10773931	1236411	0	-1.771423e-04	-1.681081e-05	1
12	rs10773934	1393049	0	3.494717e-05	3.245436e-06	1
12	rs10773938	1487398	0	4.749754e-05	4.545480e-06	1
12	rs10773939	1487419	0	4.749754e-05	4.545480e-06	1
12	rs10773941	1487459	0	4.749754e-05	4.545479e-06	1
12	rs10773942	1487554	0	4.749754e-05	4.545478e-06	1
12	rs10774468	995677	0	1.248849e-03	1.608476e-04	1
12	rs10774473	1058053	0	7.959257e-04	8.758706e-05	1
12	rs10774479	1085978	0	6.008109e-04	6.823142e-05	1
12	rs10774481	1100637	1	1.210397e-03	1.297290e-04	1
12	rs10774482	1101264	0	2.672512e-04	2.545288e-05	1
12	rs10848431	1172689	0	1.976886e-04	1.823579e-05	1
12	rs10848433	1184460	0	1.987775e-04	1.837006e-05	1
12	rs10848437	1208723	0	5.483609e-04	5.813874e-05	1
12	rs10848439	1221118	0	-8.481511e-05	-8.873244e-06	1
12	rs10848440	1232141	0	-5.819251e-05	-5.508613e-06	1
12	rs10848441	1233636	0	-3.038990e-04	-2.873380e-05	1
12	rs10848442	1237661	0	7.991446e-04	7.572502e-05	1
12	rs10848443	1237776	0	-1.265915e-04	-1.201195e-05	1
12	rs10848444	1238051	0	-1.771423e-04	-1.681084e-05	1
12	rs10848449	1270968	0	3.094667e-04	3.196703e-05	1
12	rs10848452	1380882	0	1.137027e-04	1.050093e-05	1
12	rs10848456	1410997	0	-1.920972e-04	-1.705706e-05	1
12	rs10848458	1421739	0	5.936131e-04	5.779856e-05	1
12	rs10848460	1482455	0	2.215558e-06	2.091066e-07	1
12	rs10848461	1484541	0	4.749754e-05	4.545503e-06	1
12	rs10848462	1485602	0	4.749754e-05	4.545502e-06	1
12	rs10848464	1486158	0	4.749754e-05	4.545502e-06	1
12	rs10848465	1486243	0	4.749754e-05	4.545501e-06	1
12	rs10848466	1487011	0	-5.633098e-05	-5.195486e-06	1
12	rs10848468	1487614	0	4.749754e-05	4.545502e-06	1
12	rs10848469	1489648	0	-1.062317e-04	-1.017938e-05	1
12	rs10848470	1497695	0	5.547074e-04	5.673554e-05	1
12	rs10849576	993652	0	2.490951e-04	2.438160e-05	1
12	rs10849577	994014	0	3.203197e-04	3.834896e-05	1
12	rs10849578	997833	0	1.018040e-03	1.103501e-04	1
12	rs10849579	1002786	0	-5.386603e-04	-5.352809e-05	1
12	rs10849582	1013176	0	4.437812e-04	4.399694e-05	1
12	rs10849583	1014417	0	1.401894e-03	1.970205e-04	1
12	rs10849584	1021159	0	-2.811296e-04	-2.699096e-05	1
12	rs10849585	1024866	0	2.179434e-04	2.566118e-05	1
12	rs10849592	1035735	0	1.283418e-04	1.508408e-05	1
12	rs10849593	1039535	0	1.283418e-04	1.508408e-05	1
12	rs10849594	1043834	0	-3.071536e-04	-3.570687e-05	1
12	rs10849596	1053480	0	-3.273056e-04	-4.126802e-05	1
12	rs10849598	1055173	0	-3.273056e-04	-4.126802e-05	1
12	rs10849599	1055197	0	-3.273056e-04	-4.126802e-05	1
12	rs10849601	1062430	0	2.026594e-03	2.959801e-04	1
12	rs10849602	1062479	0	2.026594e-03	2.959798e-04	1
12	rs10849603	1063419	0	1.194116e-03	1.543612e-04	1
12	rs10849604	1063525	0	1.193728e-03	1.542355e-04	1
12	rs10849605	1064438	0	2.020730e-03	2.934265e-04	1
12	rs10849607	1070308	0	1.340745e-03	1.594019e-04	1
12	rs10849609	1089360	0	7.015306e-04	8.200939e-05	1
12	rs10849612	1105098	0	1.359546e-03	1.529103e-04	1
12	rs10849613	1105105	0	-2.316055e-04	-2.484342e-05	1
12	rs10849620	1140679	0	1.026444e-03	1.057519e-04	1
12	rs11061617	1148390	0	1.177978e-03	1.786881e-04	1
12	rs11061620	1163115	0	3.989878e-04	3.696566e-05	1
12	rs11061621	1177182	0	4.100943e-04	4.864401e-05	1
12	rs11061631	1207532	0	3.824882e-04	3.640004e-05	1
12	rs11061637	1220835	0	-3.686350e-04	-5.370678e-05	1
12	rs11061638	1222462	0	-8.481511e-05	-8.873226e-06	1
12	rs11061640	1222827	0	-1.904238e-05	-1.994214e-06	1
12	rs11061642	1234224	0	-2.272943e-04	-2.153018e-05	1
12	rs11061651	1248842	0	-5.204036e-04	-6.868482e-05	1
12	rs11061677	1381260	0	-9.163672e-05	-8.567944e-06	1
12	rs11061679	1384066	0	-7.480351e-05	-6.985708e-06	1
12	rs11061680	1384838	0	-4.340706e-04	-5.779441e-05	1
12	rs11061682	1386406	0	9.215442e-06	8.510547e-07	1
12	rs11061686	1395130	0	-3.566829e-05	-4.974139e-06	1
12	rs11061691	1406215	0	6.381672e-04	6.220305e-05	1
12	rs11061698	1431891	0	5.936131e-04	5.779855e-05	1
12	rs11061699	1432501	0	8.411302e-04	8.790442e-05	1
12	rs11061702	1436854	0	-8.901888e-04	-9.639232e-05	1
12	rs11061703	1436978	0	-7.537452e-04	-7.947538e-05	1
12	rs11061704	1444778	0	4.493667e-04	4.579009e-05	1
12	rs11061705	1446417	0	2.082906e-04	1.980532e-05	1
12	rs11061707	1450483	0	5.394786e-04	5.183929e-05	1
12	rs11061710	1468300	0	-1.166358e-03	-1.592263e-04	1
12	rs11061711	1470177	0	5.642321e-04	5.798678e-05	1
12	rs11061712	1476907	1	-5.296556e-04	-4.939338e-05	1
12	rs11061713	1477612	0	-5.167345e-04	-6.657279e-05	1
12	rs11061714	1478570	0	-2.923256e-04	-2.723923e-05	1
12	rs11061716	1478732	0	-5.167345e-04	-6.657278e-05	1
12	rs11061717	1480086	0	-5.167345e-04	-6.657278e-05	1
12	rs11061718	1480507	0	6.709889e-05	6.365678e-06	1
12	rs11061719	1482196	0	6.709889e-05	6.365677e-06	1
12	rs11061720	1482358	0	6.709889e-05	6.365677e-06	1
12	rs11061721	1483296	0	6.709889e-05	6.365676e-06	1
12	rs11061722	1484209	0	4.749754e-05	4.545525e-06	1
12	rs11061723	1484792	0	4.749754e-05	4.545524e-06	1
12	rs11061724	1486104	0	4.749754e-05	4.545524e-06	1
12	rs11061725	1486149	0	-5.167345e-04	-6.657277e-05	1
12	rs11061726	1486240	0	-5.167345e-04	-6.657276e-05	1
12	rs11061727	1486249	0	4.749754e-05	4.545529e-06	1
12	rs11061728	1487721	0	4.749754e-05	4.545529e-06	1
12	rs11061729	1488956	0	-1.062317e-04	-1.017935e-05	1
12	rs11061730	1489077	0	-1.062317e-04	-1.017935e-05	1
12	rs11061731	1489083	0	-1.062317e-04	-1.017935e-05	1
12	rs11061732	1489373	0	-1.062317e-04	-1.017935e-05	1
12	rs11061733	1489392	0	-1.062317e-04	-1.017935e-05	1
12	rs11061734	1489762	0	-1.157564e-04	-1.107400e-05	1
12	rs11061735	1489783	0	-6.007998e-05	-5.669334e-06	1
12	rs11061736	1491734	0	5.642321e-04	5.798675e-05	1
12	rs11061737	1492354	0	-4.342825e-04	-3.992960e-05	1
12	rs11061738	1497479	0	-6.121566e-04	-7.804131e-05	1
12	rs11064582	991553	0	1.274473e-03	1.745903e-04	1
12	rs11064584	996671	0	1.394595e-03	1.968234e-04	1
12	rs11064585	1002947	0	-7.482252e-04	-7.633221e-05	1
12	rs11064588	1025172	0	7.320337e-05	8.642434e-06	1
12	rs11064593	1031600	0	5.746037e-04	5.884303e-05	1
12	rs11064598	1047466	0	1.410289e-03	1.662832e-04	1
12	rs11064600	1048022	0	-6.410659e-04	-6.947652e-05	1
12	rs11064604	1054355	0	-3.273056e-04	-4.126794e-05	1
12	rs11064607	1055452	0	1.317866e-03	1.512333e-04	1
12	rs11064609	1056687	0	-3.273056e-04	-4.126793e-05	1
12	rs11064610	1056851	0	-3.273056e-04	-4.126792e-05	1
12	rs11064613	1063158	0	-1.579965e-04	-2.063214e-05	1
12	rs11064614	1064881	0	1.476874e-03	1.766244e-04	1
12	rs11064615	1065075	0	-2.276954e-04	-2.881194e-05	1
12	rs11064617	1069638	0	-2.276954e-04	-2.881194e-05	1
12	rs11064626	1083385	0	2.793214e-04	2.925657e-05	1
12	rs11064631	1104827	0	9.355278e-04	1.326023e-04	1
12	rs11064633	1107830	0	-2.316055e-04	-2.484334e-05	1
12	rs11064634	1108304	0	2.295074e-03	4.086773e-04	1
12	rs11064639	1118531	0	8.811592e-04	1.209306e-04	1
12	rs11064640	1123085	0	-6.970915e-04	-7.014842e-05	1
12	rs111253829	1426222	0	9.806168e-05	1.379197e-05	1
12	rs111359153	1028796	0	-9.329810e-04	-1.372868e-04	1
12	rs111361765	1463425	0	-2.630664e-04	-3.752644e-05	1
12	rs111428366	1064889	0	-9.572070e-04	-1.432623e-04	1
12	rs111476291	1259696	0	-2.327164e-04	-3.320440e-05	1
12	rs111499035	1495642	1	-9.102651e-04	-1.101411e-04	1
12	rs111522166	1405846	0	9.740024e-05	1.366404e-05	1
12	rs111547792	1424401	0	9.806168e-05	1.379198e-05	1
12	rs111555038	1423038	0	9.806168e-05	1.379198e-05	1
12	rs111663148	1425772	0	9.806168e-05	1.379198e-05	1
12	rs111671329	1110123	0	-3.612201e-06	-4.856675e-07	1
12	rs111821242	1419175	0	-1.484340e-04	-2.068649e-05	1
12	rs111850351	1000565	0	-9.568195e-04	-1.428841e-04	1
12	rs111959223	1434745	0	9.806168e-05	1.379198e-05	1
12	rs111973110	1424279	0	-6.102587e-04	-8.702140e-05	1
12	rs112034923	1405672	0	2.567491e-04	3.576412e-05	1
12	rs112118326	1159009	0	-4.833813e-04	-6.078667e-05	1
12	rs112143663	1434196	0	9.806168e-05	1.379198e-05	1
12	rs112153755	1147167	0	-3.805320e-04	-4.845372e-05	1
12	rs112231317	1429923	0	9.806168e-05	1.379198e-05	1
12	rs112237809	1130749	0	-4.833813e-04	-6.078666e-05	1
12	rs112241716	1179512	0	3.741836e-04	5.561243e-05	1
12	rs11226	1021813	0	-3.529610e-04	-3.438940e-05	1
12	rs112291940	1448812	0	2.201005e-04	3.082960e-05	1
12	rs112398477	1141382	0	-3.612201e-06	-4.856616e-07	1
12	rs112421546	1494488	0	-7.311406e-04	-9.256616e-05	1
12	rs112496728	1148536	0	3.741836e-04	5.561243e-05	1
12	rs112553558	1425782	0	1.820806e-04	2.557367e-05	1
12	rs112719979	1402437	0	1.388832e-05	1.920190e-06	1
12	rs112797387	1419592	0	9.806168e-05	1.379198e-05	1
12	rs112837574	1306255	0	-7.927240e-04	-1.230667e-04	1
12	rs112855516	1434576	0	9.806168e-05	1.379198e-05	1
12	rs112916222	1436972	0	9.806168e-05	1.379198e-05	1
12	rs112974261	1118582	0	-4.936754e-04	-6.302247e-05	1
12	rs112978360	1089363	0	1.420770e-04	1.932187e-05	1
12	rs113008793	1412812	0	9.740024e-05	1.366404e-05	1
12	rs113022568	1450405	0	-6.760772e-04	-9.844822e-05	1
12	rs113121357	1305045	0	5.239745e-04	5.509317e-05	1
12	rs113145902	1306382	0	-8.875073e-04	-1.301755e-04	1
12	rs113230037	991512	0	-9.568195e-04	-1.428841e-04	1
12	rs113259326	1157118	0	-3.612201e-06	-4.856566e-07	1
12	rs113284161	1405711	0	1.349861e-04	1.826207e-05	1
12	rs113367185	1434993	1	1.040306e-04	1.463423e-05	1
12	rs113378090	1438320	7	3.492178e-04	4.120891e-05	1
12	rs113441152	1264606	0	-2.327164e-04	-3.320440e-05	1
12	rs113455084	1119722	0	-3.805320e-04	-4.845371e-05	1
12	rs113621411	1407626	0	9.740024e-05	1.366405e-05	1
12	rs113647352	1425628	0	9.806168e-05	1.379198e-05	1
12	rs113654178	1044888	0	4.320517e-04	5.129122e-05	1
12	rs113783647	1373857	0	-8.760197e-05	-1.237554e-05	1
12	rs113815860	1248902	0	6.721350e-06	9.784071e-07	1
12	rs113919755	1421546	0	-3.632935e-04	-5.080308e-05	1
12	rs114184388	1134935	0	-5.733691e-04	-8.285203e-05	1
12	rs114221453	1344261	0	8.878233e-05	1.201162e-05	1
12	rs114243133	1484084	0	-2.197076e-05	-3.093717e-06	1
12	rs114379875	1114420	0	-4.115602e-04	-5.684825e-05	1
12	rs114580518	1480422	0	-4.129814e-04	-5.604792e-05	1
12	rs114670862	1123758	0	-6.952811e-04	-1.039321e-04	1
12	rs114764239	1093123	0	-3.212960e-04	-4.516530e-05	1
12	rs114943259	1324532	0	-4.987728e-04	-6.971917e-05	1
12	rs114974284	1110689	0	-6.149933e-04	-9.066889e-05	1
12	rs115101825	1134474	0	-6.952811e-04	-1.039321e-04	1
12	rs11513723	1030727	0	1.413561e-03	2.007654e-04	1
12	rs115286347	1086713	0	-6.064826e-04	-8.882132e-05	1
12	rs115431757	1097749	0	-3.212960e-04	-4.516530e-05	1
12	rs11571370	1060077	0	-6.797118e-04	-9.726771e-05	1
12	rs11571373	1059731	10	1.043205e-03	1.270962e-04	1
12	rs11571376	1059556	0	-9.268122e-04	-1.052180e-04	1
12	rs11571378	1059281	0	1.504220e-03	1.781755e-04	1
12	rs11571379	1059143	0	2.049953e-03	3.050994e-04	1
12	rs11571404	1041450	0	-2.926069e-07	-4.305204e-08	1
12	rs11571409	1040219	0	-2.650133e-04	-2.591101e-05	1
12	rs11571424	1038854	0	-6.190592e-04	-8.065232e-05	1
12	rs11571425	1038766	0	-8.308890e-04	-1.115109e-04	1
12	rs11571429	1038506	0	-5.402784e-04	-8.108439e-05	1
12	rs11571430	1038324	0	1.256148e-03	1.613605e-04	1
12	rs11571435	1037288	0	-9.568195e-04	-1.428840e-04	1
12	rs11571439	1036754	0	-6.520873e-04	-9.090756e-05	1
12	rs11571446	1035817	0	-9.568195e-04	-1.428840e-04	1
12	rs11571448	1035708	0	4.820415e-04	4.858427e-05	1
12	rs11571453	1034278	0	-9.568195e-04	-1.428840e-04	1
12	rs11571456	1027449	0	-6.567886e-04	-8.475389e-05	1
12	rs11571461	1026319	0	-5.645410e-04	-7.762381e-05	1
12	rs11571468	1024688	0	-9.069092e-04	-1.341350e-04	1
12	rs11571475	1022352	0	-6.567886e-04	-8.475389e-05	1
12	rs11608884	1396480	0	2.237991e-04	2.240938e-05	1
12	rs116091734	1093092	0	-3.212960e-04	-4.516529e-05	1
12	rs11609271	1497464	0	6.526046e-04	6.765669e-05	1
12	rs11609292	1497606	0	6.421179e-04	6.646254e-05	1
12	rs11609300	1183636	0	-1.586953e-04	-2.105519e-05	1
12	rs11609402	1414054	0	-3.589617e-04	-3.430381e-05	1
12	rs11609643	1122531	0	1.027857e-05	1.445619e-06	1
12	rs11611051	1009372	0	-2.773424e-04	-2.687531e-05	1
12	rs11611107	1376494	0	3.048266e-04	3.074658e-05	1
12	rs11611819	1350862	0	-2.984367e-04	-4.090320e-05	1
12	rs11611930	1429318	0	7.828078e-04	8.612383e-05	1
12	rs11612561	1186872	0	-3.738263e-04	-5.198135e-05	1
12	rs11612622	1172230	0	-3.462357e-04	-4.767387e-05	1
12	rs11613496	1414108	0	9.305677e-04	9.635092e-05	1
12	rs11613922	1485129	0	-1.880145e-04	-2.703225e-05	1
12	rs11614113	1408729	0	7.040610e-04	7.396619e-05	1
12	rs11615715	1381173	0	1.163204e-04	1.158400e-05	1
12	rs11615950	1383768	0	2.301012e-04	2.295257e-05	1
12	rs116612728	1154617	0	-6.952811e-04	-1.039321e-04	1
12	rs116870445	1120813	0	1.118174e-04	1.495209e-05	1
12	rs116881989	1170093	0	4.419423e-04	6.176698e-05	1
12	rs116963985	1110825	0	3.862709e-04	5.429165e-05	1
12	rs116971021	1458642	0	-1.172133e-04	-1.657748e-05	1
12	rs117034146	1360385	0	-1.136241e-04	-1.618222e-05	1
12	rs117062762	1083788	0	3.852537e-04	5.358391e-05	1
12	rs117079751	1253080	0	1.687399e-04	2.436139e-05	1
12	rs117081604	1418623	0	1.181570e-04	1.720958e-05	1
12	rs117085609	1331984	0	2.468446e-04	3.582261e-05	1
12	rs117086722	1256950	0	1.578350e-04	2.228318e-05	1
12	rs117089864	1301749	0	2.711667e-05	3.898546e-06	1
12	rs117135134	1444662	0	-3.267738e-04	-4.626151e-05	1
12	rs117157643	1365771	2	4.494804e-04	6.671756e-05	1
12	rs117272271	1431650	0	-2.448043e-04	-3.259628e-05	1
12	rs117301074	1377966	0	6.907926e-04	1.030712e-04	1
12	rs117311096	1446887	0	-3.292857e-04	-4.628354e-05	1
12	rs117315428	1490506	0	-9.752439e-04	-1.598650e-04	1
12	rs117370464	1328977	0	-3.095149e-04	-4.431284e-05	1
12	rs117409678	1130107	0	-8.326560e-04	-1.305931e-04	1
12	rs117441916	1353915	0	-3.024695e-04	-4.338936e-05	1
12	rs117451202	1373551	0	-2.932654e-06	-4.048855e-07	1
12	rs117455418	1480158	0	-4.427423e-04	-6.018817e-05	1
12	rs117499778	1420632	0	-1.881709e-04	-2.637412e-05	1
12	rs117565708	1408961	0	-3.386237e-05	-4.459810e-06	1
12	rs117688129	1470600	0	-3.267738e-04	-4.626151e-05	1
12	rs117695511	1312327	0	1.757499e-04	2.510383e-05	1
12	rs117724555	1464595	0	-8.027816e-05	-1.124265e-05	1
12	rs117735925	1482676	0	-8.741926e-05	-1.154870e-05	1
12	rs117759283	1261573	0	1.258941e-04	1.671212e-05	1
12	rs117765791	1447403	0	-3.267738e-04	-4.626151e-05	1
12	rs117793186	1232059	0	2.653383e-04	3.606361e-05	1
12	rs117901571	1307974	0	-8.027816e-05	-1.124265e-05	1
12	rs117957233	1102037	0	2.750140e-04	3.877577e-05	1
12	rs118060984	1139809	0	-6.952811e-04	-1.039321e-04	1
12	rs118082632	1207032	0	1.330563e-04	1.922894e-05	1
12	rs118107700	1359653	0	1.780490e-04	2.499665e-05	1
12	rs118124032	1096550	0	-3.212960e-04	-4.516530e-05	1
12	rs118138449	1010477	0	-8.179501e-05	-1.180429e-05	1
12	rs118186282	1497540	0	-8.620756e-05	-1.220882e-05	1
12	rs11829138	998756	0	1.312837e-03	1.717978e-04	1
12	rs11829288	1229496	0	-4.875572e-04	-6.722294e-05	1
12	rs11829479	1326322	0	-9.784667e-04	-1.579028e-04	1
12	rs11829614	1388167	0	-1.684910e-04	-2.385257e-05	1
12	rs11830412	1206461	0	-4.609412e-04	-6.202718e-05	1
12	rs11830570	1407133	0	6.396937e-04	6.602128e-05	1
12	rs11830908	1323025	0	8.055880e-04	8.119885e-05	1
12	rs11831048	1168388	0	-3.121070e-04	-4.632835e-05	1
12	rs11831674	1178292	0	-6.100879e-04	-6.738911e-05	1
12	rs11831980	1462080	0	6.812223e-04	6.912060e-05	1
12	rs11832025	1094707	0	-3.642607e-04	-4.798291e-05	1
12	rs11832546	1336423	0	-6.379441e-04	-9.596762e-05	1
12	rs11832907	1001819	0	1.167202e-03	1.466416e-04	1
12	rs11832938	1450751	0	-2.068987e-04	-2.748131e-05	1
12	rs11833028	1336353	0	-6.379441e-04	-9.596761e-05	1
12	rs11833686	1151289	0	-5.738995e-04	-8.032588e-05	1
12	rs11834340	1173685	0	-5.137565e-04	-5.598682e-05	1
12	rs11834726	1135285	0	-2.974956e-04	-4.384608e-05	1
12	rs11834880	1206485	0	-4.609412e-04	-6.202718e-05	1
12	rs11835033	1350702	0	8.592266e-05	7.882279e-06	1
12	rs11835502	1174549	0	-5.137565e-04	-5.598681e-05	1
12	rs11835556	1380788	0	-1.684910e-04	-2.385257e-05	1
12	rs11835905	1186442	0	-3.121070e-04	-4.632835e-05	1
12	rs11835977	1150916	0	-6.631620e-04	-9.417208e-05	1
12	rs11836039	1181325	0	-5.148454e-04	-5.610656e-05	1
12	rs11836372	1391407	0	2.897558e-05	2.758168e-06	1
12	rs11836600	1083436	0	-7.741413e-04	-1.141335e-04	1
12	rs11836669	1166612	0	-3.121070e-04	-4.632834e-05	1
12	rs11836774	1461954	0	7.044635e-04	7.053754e-05	1
12	rs11837033	1312317	0	-1.487232e-04	-1.365788e-05	1
12	rs11837382	1183103	0	-5.148454e-04	-5.610656e-05	1
12	rs11837384	1183128	0	-5.148454e-04	-5.610655e-05	1
12	rs11837688	1440844	0	3.398938e-04	3.228186e-05	1
12	rs11837764	1090421	0	-1.028095e-03	-1.468149e-04	1
12	rs11837972	1323578	0	4.393307e-05	4.010546e-06	1
12	rs12099521	1462966	0	8.343202e-05	1.164343e-05	1
12	rs12099759	1446162	0	-2.815799e-04	-3.857321e-05	1
12	rs12227136	1067680	0	-6.858486e-04	-8.908210e-05	1
12	rs12231979	1054600	0	-6.406784e-04	-6.943728e-05	1
12	rs12296944	1488078	0	5.642321e-04	5.798663e-05	1
12	rs12297076	1224123	0	1.469106e-04	1.538297e-05	1
12	rs12298336	1491936	0	-6.704638e-04	-8.865340e-05	1
12	rs12298813	1458885	0	-8.536162e-04	-8.307407e-05	1
12	rs12300925	1254451	0	1.836714e-05	1.907371e-06	1
12	rs12301299	991710	0	-8.792597e-04	-1.121053e-04	1
12	rs12302807	1372841	0	2.742806e-05	2.558574e-06	1
12	rs12302914	1491735	0	-6.704638e-04	-8.865339e-05	1
12	rs12303605	1169388	0	5.687896e-04	7.637519e-05	1
12	rs12303877	1479450	0	6.709889e-05	6.365639e-06	1
12	rs12304139	1495246	0	5.198552e-04	5.270223e-05	1
12	rs12304504	1439642	0	-1.236361e-03	-1.808346e-04	1
12	rs12305871	1468125	0	5.642321e-04	5.798658e-05	1
12	rs12306160	1425244	0	5.936131e-04	5.779837e-05	1
12	rs12306249	1410279	0	1.766947e-04	2.314324e-05	1
12	rs12306260	1431629	0	4.955514e-04	4.884382e-05	1
12	rs12306442	1493168	0	-1.044936e-03	-1.295066e-04	1
12	rs12307108	995618	0	-2.613179e-04	-3.686394e-05	1
12	rs12307141	1486447	0	5.642321e-04	5.798655e-05	1
12	rs12307527	1032383	0	-5.510490e-04	-6.965758e-05	1
12	rs12307653	1032607	0	-5.510490e-04	-6.965757e-05	1
12	rs12308558	1494574	0	5.547074e-04	5.673525e-05	1
12	rs12309251	1432035	0	7.828078e-04	8.612364e-05	1
12	rs12309611	1101641	0	9.355278e-04	1.326024e-04	1
12	rs12310831	1479493	0	-5.167345e-04	-6.657259e-05	1
12	rs12310930	1438761	0	-8.219580e-04	-1.141627e-04	1
12	rs12311399	1403312	0	-8.004346e-05	-1.004360e-05	1
12	rs12312603	988269	0	-9.181065e-04	-1.186512e-04	1
12	rs12313656	1435197	0	-9.164058e-04	-1.252557e-04	1
12	rs12314672	1490313	0	-1.062317e-04	-1.017943e-05	1
12	rs12314845	1478103	0	6.346804e-04	6.538880e-05	1
12	rs12315437	1438231	7	-1.289350e-03	-1.814468e-04	1
12	rs12315865	1372835	0	-9.568167e-05	-9.145629e-06	1
12	rs12316105	1496358	0	5.642321e-04	5.798649e-05	1
12	rs12316126	1210884	0	1.099889e-04	1.156542e-05	1
12	rs12316348	1211298	0	3.337273e-04	3.588327e-05	1
12	rs12317067	1257116	0	-6.197679e-05	-6.345747e-06	1
12	rs12317763	1403884	0	7.040610e-04	7.396596e-05	1
12	rs12318241	1387955	0	-8.734480e-05	-1.157652e-05	1
12	rs12318363	1396959	0	-3.566829e-05	-4.974120e-06	1
12	rs12319518	1166920	0	5.687896e-04	7.637520e-05	1
12	rs12319815	1158631	0	1.177978e-03	1.786882e-04	1
12	rs12319882	1243031	0	4.081997e-04	4.422227e-05	1
12	rs12320120	1486321	0	4.749754e-05	4.545407e-06	1
12	rs12320293	1486636	0	-5.633098e-05	-5.195530e-06	1
12	rs12320911	1458783	0	3.650394e-04	3.365092e-05	1
12	rs12321620	1243448	0	4.081997e-04	4.422226e-05	1
12	rs12322032	1143740	0	1.177978e-03	1.786882e-04	1
12	rs12322480	1151058	0	1.177978e-03	1.786882e-04	1
12	rs12322500	1211334	0	1.099889e-04	1.156539e-05	1
12	rs12370207	1118583	0	-3.952794e-04	-5.762076e-05	1
12	rs12370704	1111463	0	1.245926e-03	1.352623e-04	1
12	rs12422537	1496842	0	5.547074e-04	5.673516e-05	1
12	rs12422548	1483603	0	4.922175e-04	5.019255e-05	1
12	rs12422634	1446387	0	-2.068987e-04	-2.748134e-05	1
12	rs12422930	1131410	0	-6.952811e-04	-1.039321e-04	1
12	rs12423086	1344141	0	4.581766e-04	4.782233e-05	1
12	rs12423105	1459745	0	3.114825e-04	2.855841e-05	1
12	rs12423350	1098038	0	-3.212960e-04	-4.516530e-05	1
12	rs12424686	1133487	0	-6.952811e-04	-1.039321e-04	1
12	rs12424780	1003199	0	-9.170242e-04	-1.269946e-04	1
12	rs12424810	1003439	0	-9.170242e-04	-1.269946e-04	1
12	rs12424936	1139203	0	-6.952811e-04	-1.039321e-04	1
12	rs12425157	1357860	0	5.915239e-04	6.248038e-05	1
12	rs12425175	1483235	0	6.709889e-05	6.365538e-06	1
12	rs12425633	1201550	0	-3.709539e-04	-5.180393e-05	1
12	rs12425793	1344359	0	4.581766e-04	4.782231e-05	1
12	rs12426549	1367019	0	-1.078463e-04	-1.112181e-05	1
12	rs12581575	1140471	0	-4.590351e-04	-5.890201e-05	1
12	rs12810240	1442562	0	5.092246e-04	5.221098e-05	1
12	rs12811563	1148376	0	1.040857e-03	1.078124e-04	1
12	rs12812346	1068184	0	-1.466293e-04	-1.697688e-05	1
12	rs12812586	1185163	0	-5.148454e-04	-5.610663e-05	1
12	rs12812789	1073779	0	3.901885e-04	4.215875e-05	1
12	rs12812965	1163518	0	-2.016495e-04	-2.140070e-05	1
12	rs12814474	1028367	0	-6.567886e-04	-8.475380e-05	1
12	rs12815907	1308812	0	-4.553645e-05	-6.149371e-06	1
12	rs12816367	1072696	0	-5.502560e-04	-6.796317e-05	1
12	rs12817140	1182694	0	-2.027384e-04	-2.151280e-05	1
12	rs12817182	1179006	0	-5.148454e-04	-5.610662e-05	1
12	rs12817372	1179060	0	-5.148454e-04	-5.610661e-05	1
12	rs12822249	1170792	0	-2.016495e-04	-2.140068e-05	1
12	rs12822733	1056030	0	-1.916482e-04	-2.194064e-05	1
12	rs12824693	1180413	0	-5.148454e-04	-5.610660e-05	1
12	rs12825699	1171340	0	4.115786e-04	6.008930e-05	1
12	rs12827646	1028315	0	-6.567886e-04	-8.475378e-05	1
12	rs12827694	1153025	0	-1.076191e-04	-1.051179e-05	1
12	rs12828016	998365	0	6.977207e-04	7.328402e-05	1
12	rs1344443	1161587	0	-5.044787e-05	-5.311826e-06	1
12	rs1345238	1171886	0	-5.137565e-04	-5.598683e-05	1
12	rs1362135	1190134	0	1.105036e-03	1.151191e-04	1
12	rs1362265	1491519	0	4.922175e-04	5.019253e-05	1
12	rs1362266	1491377	0	5.642321e-04	5.798641e-05	1
12	rs137922023	1105400	1	-5.914650e-04	-8.158586e-05	1
12	rs138094289	1095737	0	-3.212960e-04	-4.516529e-05	1
12	rs138466662	1100291	0	3.453576e-04	5.059271e-05	1
12	rs138542339	1081728	0	-6.316665e-04	-9.054129e-05	1
12	rs138696697	1232019	0	-2.803843e-04	-4.013869e-05	1
12	rs138773315	1127500	0	-4.788708e-04	-7.061156e-05	1
12	rs139224112	1495331	0	-1.187024e-04	-1.678645e-05	1
12	rs139323179	1485028	0	-2.068987e-04	-2.748133e-05	1
12	rs139356327	1448815	0	-3.267738e-04	-4.626149e-05	1
12	rs139495921	1468244	0	2.862342e-04	4.020272e-05	1
12	rs139751085	1277030	0	-5.743502e-04	-8.624036e-05	1
12	rs140110369	1375813	0	-1.454512e-04	-2.052474e-05	1
12	rs140222583	1455858	0	-1.197607e-04	-1.707628e-05	1
12	rs140282052	1341150	0	-6.379441e-04	-9.596762e-05	1
12	rs140335939	1458581	0	-1.744392e-04	-2.405166e-05	1
12	rs140481221	1203261	1	-8.958594e-04	-1.326334e-04	1
12	rs140733015	1182785	0	-3.462357e-04	-4.767384e-05	1
12	rs140785604	1407496	0	-2.197076e-05	-3.093723e-06	1
12	rs140838698	1430145	0	-1.623062e-04	-2.286845e-05	1
12	rs140942363	1462448	0	2.201005e-04	3.082959e-05	1
12	rs140948628	1095327	0	1.662434e-04	2.268497e-05	1
12	rs141037072	1365007	0	-3.453499e-04	-4.946283e-05	1
12	rs141094895	1148247	0	-3.643806e-04	-5.145723e-05	1
12	rs141171181	1172126	0	-1.331322e-04	-1.817208e-05	1
12	rs141467110	1117653	0	-3.769198e-04	-5.255411e-05	1
12	rs141606264	1240751	0	-2.531810e-04	-3.204981e-05	1
12	rs141612697	1175267	0	-1.361225e-04	-1.989526e-05	1
12	rs141934548	1309885	0	-8.766173e-04	-1.284923e-04	1
12	rs1419965	1475031	0	-3.807256e-04	-3.490105e-05	1
12	rs142269826	1274752	0	3.461087e-04	5.070421e-05	1
12	rs142539870	1336033	0	-2.304445e-04	-3.296063e-05	1
12	rs142555355	1470507	0	-7.302561e-04	-1.022797e-04	1
12	rs142740393	1127600	0	-3.612201e-06	-4.856205e-07	1
12	rs143279682	1419608	0	3.035705e-05	4.341791e-06	1
12	rs143341687	1220854	0	-2.363763e-04	-3.185072e-05	1
12	rs143407959	1264776	0	1.176085e-04	1.578326e-05	1
12	rs143523762	1093610	0	-3.212960e-04	-4.516529e-05	1
12	rs143807416	1094495	0	-3.212960e-04	-4.516529e-05	1
12	rs143930763	1274631	0	-4.343313e-04	-6.326262e-05	1
12	rs144000701	1429798	0	-1.087833e-04	-1.570625e-05	1
12	rs144075443	1497417	0	-8.620756e-05	-1.220880e-05	1
12	rs144212956	1496461	0	1.200622e-04	1.748648e-05	1
12	rs144229797	1150465	0	-6.952811e-04	-1.039321e-04	1
12	rs144267759	1137048	0	-4.788708e-04	-7.061156e-05	1
12	rs144401483	1094111	0	-4.296237e-04	-6.130881e-05	1
12	rs144499302	1282114	0	-4.343313e-04	-6.326262e-05	1
12	rs144547299	1330175	0	4.646786e-04	6.647152e-05	1
12	rs144707214	1242087	0	2.568765e-04	3.561990e-05	1
12	rs144879528	1442625	0	9.178479e-05	1.277683e-05	1
12	rs145018861	1202731	0	7.933548e-05	1.154187e-05	1
12	rs145347693	1105504	0	-9.212321e-04	-1.130146e-04	1
12	rs145415428	1044943	0	-3.273056e-04	-4.126787e-05	1
12	rs145668443	1171307	0	-3.121070e-04	-4.632833e-05	1
12	rs145874244	1276975	0	-1.101886e-05	-1.518611e-06	1
12	rs146150909	1484571	0	-1.377671e-04	-1.959819e-05	1
12	rs146236359	1191717	0	-3.865934e-04	-5.659239e-05	1
12	rs146372901	1097116	0	-3.212960e-04	-4.516529e-05	1
12	rs146865735	1081926	4	-3.603333e-04	-5.026922e-05	1
12	rs147149012	1119508	0	-1.331322e-04	-1.817208e-05	1
12	rs147262278	1182698	0	-1.331322e-04	-1.817208e-05	1
12	rs147455774	1142627	0	3.833788e-07	5.773685e-08	1
12	rs147560086	1054956	0	-1.916482e-04	-2.194062e-05	1
12	rs147676376	1424671	0	9.806168e-05	1.379201e-05	1
12	rs1476908	1466135	0	-2.068987e-04	-2.748133e-05	1
12	rs147747871	1119962	0	-1.199760e-04	-1.671871e-05	1
12	rs147884737	1454448	0	1.780490e-04	2.499666e-05	1
12	rs147985101	1174986	0	-6.149933e-04	-9.066887e-05	1
12	rs148101306	1194068	1	4.219348e-04	5.937184e-05	1
12	rs148197288	1303470	0	5.408288e-05	7.557614e-06	1
12	rs148335703	1117651	0	2.750140e-04	3.877575e-05	1
12	rs148819448	1385489	0	4.432878e-04	6.380741e-05	1
12	rs148822097	1463082	0	1.200622e-04	1.748649e-05	1
12	rs149111152	1130208	0	-6.952811e-04	-1.039321e-04	1
12	rs149565387	1149768	0	-6.952811e-04	-1.039321e-04	1
12	rs149729958	1147038	0	-3.047180e-05	-4.249604e-06	1
12	rs150001509	1453210	0	-1.880145e-04	-2.703228e-05	1
12	rs150127605	1100259	0	-4.296237e-04	-6.130881e-05	1
12	rs150275887	1108978	0	1.003693e-04	1.393992e-05	1
12	rs150339968	1134955	0	-4.590351e-04	-5.890199e-05	1
12	rs150488487	1144915	0	-5.808591e-04	-8.139764e-05	1
12	rs150671016	1265551	0	1.176085e-04	1.578327e-05	1
12	rs150907816	1240919	0	-1.085264e-04	-1.529159e-05	1
12	rs150915488	1402676	8	1.217182e-04	1.557499e-05	1
12	rs151029253	1457684	0	-8.027816e-05	-1.124264e-05	1
12	rs151223937	1462344	0	-3.794232e-04	-5.219783e-05	1
12	rs151327697	1087465	0	-5.085375e-04	-7.201474e-05	1
12	rs1544425	1368535	0	-2.789505e-04	-2.613980e-05	1
12	rs1544426	1366511	0	-8.165677e-04	-1.068694e-04	1
12	rs1548580	1214229	0	6.481551e-05	6.806753e-06	1
12	rs1548805	1491284	0	5.642321e-04	5.798641e-05	1
12	rs1548806	1490960	0	-6.007998e-05	-5.669437e-06	1
12	rs16928108	989397	0	-1.252347e-04	-1.458362e-05	1
12	rs16928112	989424	0	-2.613179e-04	-3.686392e-05	1
12	rs16928161	1218302	0	-5.652420e-04	-8.320948e-05	1
12	rs16928249	1281098	0	-6.269016e-04	-8.601004e-05	1
12	rs16928276	1308553	0	3.404373e-04	3.528089e-05	1
12	rs16928278	1311880	0	7.240701e-04	7.221496e-05	1
12	rs16928336	1382177	0	-1.684910e-04	-2.385257e-05	1
12	rs16928347	1416592	0	5.827231e-04	5.671896e-05	1
12	rs16928381	1486754	0	4.749754e-05	4.545380e-06	1
12	rs16928383	1486769	0	-2.852057e-04	-2.694100e-05	1
12	rs16928393	1487933	0	3.308491e-05	3.175006e-06	1
12	rs16928398	1490829	0	-2.879950e-04	-3.974840e-05	1
12	rs16932084	1080854	0	-4.972072e-04	-4.872817e-05	1
12	rs16932131	1121152	0	-3.805320e-04	-4.845368e-05	1
12	rs16932136	1133151	0	-6.631620e-04	-9.417202e-05	1
12	rs16932142	1144165	0	-3.612201e-06	-4.856157e-07	1
12	rs16932147	1158349	0	-3.805320e-04	-4.845368e-05	1
12	rs16932151	1160245	0	1.095863e-03	1.513985e-04	1
12	rs16932152	1160553	0	-4.968009e-04	-7.055161e-05	1
12	rs17223448	1301401	0	5.156886e-06	4.713405e-07	1
12	rs17223469	1354803	0	-6.379441e-04	-9.596762e-05	1
12	rs17223476	1489929	0	-6.760772e-04	-9.844809e-05	1
12	rs17694207	1184084	0	-5.148454e-04	-5.610658e-05	1
12	rs17694270	1186203	0	-5.148454e-04	-5.610657e-05	1
12	rs17755839	1144781	0	-7.122281e-04	-8.466249e-05	1
12	rs17755993	1186092	0	-5.148454e-04	-5.610656e-05	1
12	rs17756029	1187548	0	-5.148454e-04	-5.610656e-05	1
12	rs17800852	1262829	0	-6.228424e-04	-8.913122e-05	1
12	rs17800858	1280390	0	-7.225275e-06	-1.010356e-06	1
12	rs17800876	1360880	0	9.543075e-05	8.721280e-06	1
12	rs17833581	1079168	0	1.724855e-04	2.203824e-05	1
12	rs182294609	1088704	0	2.074312e-04	2.859679e-05	1
12	rs1833095	1046208	0	5.808370e-04	6.245643e-05	1
12	rs184503260	1102309	0	-6.149933e-04	-9.066887e-05	1
12	rs185314019	1352354	1	-5.913939e-04	-8.840359e-05	1
12	rs185792161	1462376	0	-3.794232e-04	-5.219783e-05	1
12	rs1859449	1288227	0	2.597602e-05	2.490544e-06	1
12	rs1859450	1000851	0	-9.170242e-04	-1.269946e-04	1
12	rs1859451	1174917	0	3.922980e-04	5.233135e-05	1
12	rs186282607	1179212	0	-3.769198e-04	-5.255411e-05	1
12	rs187894457	1214672	0	-2.661372e-04	-3.586424e-05	1
12	rs192237498	1242320	11	-2.891932e-04	-3.681020e-05	1
12	rs192329342	1148515	0	3.224358e-04	4.722969e-05	1
12	rs1981710	1459028	0	8.301996e-04	1.057938e-04	1
12	rs201297749	1165260	0	-3.669484e-04	-5.002030e-05	1
12	rs2023941	1266499	0	3.094667e-04	3.196669e-05	1
12	rs2051842	1483912	0	4.749754e-05	4.545389e-06	1
12	rs2051843	1483894	0	-2.994646e-04	-2.800971e-05	1
12	rs2051844	1483793	0	5.440438e-04	5.424567e-05	1
12	rs2051852	1002019	0	1.272941e-03	1.643984e-04	1
12	rs2052183	1482939	0	5.642321e-04	5.798638e-05	1
12	rs2052184	1482626	0	-1.228144e-04	-1.164630e-05	1
12	rs2052185	1482480	0	6.709889e-05	6.365531e-06	1
12	rs2079299	1117618	0	-1.471843e-03	-1.736307e-04	1
12	rs2079300	1117683	0	-9.781677e-04	-1.029228e-04	1
12	rs2097859	1117999	0	-1.474944e-03	-1.737447e-04	1
12	rs2107641	1111087	1	-6.816622e-04	-9.737872e-05	1
12	rs2107643	1121571	0	-3.769198e-04	-5.255410e-05	1
12	rs2107646	1082486	0	1.819052e-04	2.188367e-05	1
12	rs2107647	1082361	0	-2.159939e-04	-2.793735e-05	1
12	rs2107651	1178333	0	2.940200e-04	2.727508e-05	1
12	rs2158447	1483757	0	4.029551e-04	4.053750e-05	1
12	rs2189786	1338546	0	-4.555559e-04	-6.415712e-05	1
12	rs2189788	1314430	0	1.396480e-04	1.273715e-05	1
12	rs2255390	999762	0	6.583613e-04	6.690112e-05	1
12	rs2277869	1016910	0	-7.929989e-04	-9.926373e-05	1
12	rs2286026	1015173	0	3.380416e-04	3.324093e-05	1
12	rs2286028	1015469	0	4.671184e-04	5.255811e-05	1
12	rs2286029	1015631	0	-2.773424e-04	-2.687540e-05	1
12	rs2286034	1371969	0	-1.554047e-03	-1.896007e-04	1
12	rs2286037	1345827	0	4.309344e-04	4.241986e-05	1
12	rs2286038	1345672	0	-8.027816e-05	-1.124263e-05	1
12	rs2301880	1003837	0	1.401894e-03	1.970194e-04	1
12	rs2301881	1003978	0	1.883641e-04	2.235456e-05	1
12	rs2369667	1136172	0	-1.646442e-04	-1.786777e-05	1
12	rs2369668	1190002	0	-5.148454e-04	-5.610651e-05	1
12	rs2369669	1210018	0	2.391150e-04	2.241854e-05	1
12	rs2369701	1259831	0	1.236849e-04	1.134954e-05	1
12	rs2369702	1286266	0	2.800481e-04	2.887613e-05	1
12	rs2369703	1333717	0	4.581766e-04	4.782226e-05	1
12	rs28379879	1373013	0	-1.233176e-04	-1.737530e-05	1
12	rs28535515	1373386	0	2.600757e-04	2.568058e-05	1
12	rs28613628	1159981	0	1.177978e-03	1.786884e-04	1
12	rs2887531	1055887	0	-6.726611e-04	-7.328964e-05	1
12	rs2887532	1051495	0	-5.502560e-04	-6.796310e-05	1
12	rs2887534	1060056	0	1.227445e-03	1.603853e-04	1
12	rs2906103	1278475	0	1.837479e-04	1.696962e-05	1
12	rs2906105	1277734	0	3.552775e-05	3.293174e-06	1
12	rs2906106	1298120	0	-1.869194e-04	-1.709334e-05	1
12	rs2906108	1275043	0	1.845287e-04	1.876858e-05	1
12	rs2906109	1272363	0	1.417825e-04	1.303435e-05	1
12	rs2906110	1272171	0	4.681350e-04	4.933542e-05	1
12	rs2906111	1271409	0	2.426347e-04	2.233958e-05	1
12	rs2906112	1266931	0	1.417825e-04	1.303435e-05	1
12	rs2906113	1261412	0	5.044689e-04	5.257311e-05	1
12	rs2968869	1286841	0	2.597602e-05	2.490538e-06	1
12	rs2968874	1279306	0	-8.992738e-05	-8.519696e-06	1
12	rs2968875	1277602	0	1.837479e-04	1.696961e-05	1
12	rs2968876	1277176	0	8.349227e-05	7.792902e-06	1
12	rs2968877	1277031	0	3.228353e-04	3.323556e-05	1
12	rs2968878	1276991	0	-2.410841e-04	-3.441623e-05	1
12	rs2968879	1275751	0	3.256292e-04	3.342175e-05	1
12	rs2968880	1274778	0	1.123640e-04	1.039595e-05	1
12	rs2968881	1274628	0	1.123640e-04	1.039595e-05	1
12	rs2968882	1269076	0	1.417825e-04	1.303433e-05	1
12	rs2968884	1264681	0	5.982591e-04	6.311297e-05	1
12	rs2968885	1264540	0	1.687112e-04	1.620069e-05	1
12	rs2968887	1262501	0	1.330255e-04	1.349382e-05	1
12	rs2968894	1253399	0	3.117084e-04	3.091806e-05	1
12	rs2968898	1244225	0	4.174546e-04	4.682806e-05	1
12	rs2968899	1244193	0	-1.175018e-04	-1.075202e-05	1
12	rs3088378	1084783	0	8.310506e-04	9.973819e-05	1
12	rs33999413	1177184	0	-5.613653e-04	-5.967475e-05	1
12	rs34012460	1129079	0	3.815891e-04	5.211525e-05	1
12	rs34032084	992229	0	-8.281573e-04	-1.123638e-04	1
12	rs34076252	1163878	0	-2.016495e-04	-2.140063e-05	1
12	rs34186162	1184845	0	-5.148454e-04	-5.610653e-05	1
12	rs34213826	1182809	0	-5.148454e-04	-5.610652e-05	1
12	rs34239705	1167260	0	4.115786e-04	6.008933e-05	1
12	rs34416623	1201142	0	-2.585665e-04	-2.751070e-05	1
12	rs34462713	1116587	0	1.487283e-04	2.064350e-05	1
12	rs34527943	1173950	0	-5.137565e-04	-5.598677e-05	1
12	rs34548540	1191455	0	-2.585665e-04	-2.751069e-05	1
12	rs34554835	1442147	0	3.740663e-06	4.877240e-07	1
12	rs34747192	1008309	0	-5.493708e-04	-6.991210e-05	1
12	rs34782838	1165208	0	-3.121070e-04	-4.632831e-05	1
12	rs34785135	1442325	0	2.598807e-04	2.598815e-05	1
12	rs34831323	1419418	1	-3.672936e-04	-5.176808e-05	1
12	rs34852282	1121445	0	1.487283e-04	2.064350e-05	1
12	rs34860455	1180624	0	-5.148454e-04	-5.610651e-05	1
12	rs34866178	1206393	0	-1.861913e-04	-2.519818e-05	1
12	rs34904059	1442373	0	-1.993243e-04	-2.663582e-05	1
12	rs34929071	1483533	0	-4.010854e-04	-3.753554e-05	1
12	rs34999895	1175724	0	-5.148454e-04	-5.610650e-05	1
12	rs35032348	1203900	0	4.115786e-04	6.008934e-05	1
12	rs35034887	1442601	0	6.562653e-04	7.100096e-05	1
12	rs35037408	1137217	0	-3.644690e-04	-5.238197e-05	1
12	rs35043138	1239906	0	2.947155e-04	3.724451e-05	1
12	rs35092149	1185697	0	-5.148454e-04	-5.610650e-05	1
12	rs35125997	1205732	0	3.508542e-04	5.031527e-05	1
12	rs35161153	1218935	0	9.964756e-05	1.352581e-05	1
12	rs35252842	1200367	0	-2.585665e-04	-2.751068e-05	1
12	rs35343008	1008611	0	-6.567886e-04	-8.475371e-05	1
12	rs35418676	1166015	0	1.487283e-04	2.064350e-05	1
12	rs35443850	1442321	1	-7.525203e-05	-9.394919e-06	1
12	rs35467752	1212037	0	3.508542e-04	5.031527e-05	1
12	rs35478691	1481038	0	-8.620756e-05	-1.220879e-05	1
12	rs35482232	1201150	0	-2.585665e-04	-2.751068e-05	1
12	rs35562585	1193755	0	-2.585665e-04	-2.751067e-05	1
12	rs35586095	1185366	0	-5.148454e-04	-5.610648e-05	1
12	rs35619011	1193363	0	-2.585665e-04	-2.751066e-05	1
12	rs35681937	1180575	0	-5.148454e-04	-5.610647e-05	1
12	rs35738441	1191459	0	-2.585665e-04	-2.751065e-05	1
12	rs35791297	1132302	0	4.669225e-04	6.627121e-05	1
12	rs35802047	1189158	0	-5.148454e-04	-5.610646e-05	1
12	rs35821403	1190996	0	-2.585665e-04	-2.751065e-05	1
12	rs35956200	1005162	0	-6.567886e-04	-8.475371e-05	1
12	rs36011250	1169738	0	-2.016495e-04	-2.140055e-05	1
12	rs36018681	1442544	0	-3.238997e-04	-4.351791e-05	1
12	rs36054627	1179411	0	-5.148454e-04	-5.610645e-05	1
12	rs374633159	1351007	3	-3.932103e-05	-5.634659e-06	1
12	rs3748522	1058688	0	2.006193e-03	2.936536e-04	1
12	rs375436167	1448572	0	3.708093e-05	5.217648e-06	1
12	rs41369952	1477895	0	5.289412e-04	5.421811e-05	1
12	rs4315144	1230688	0	-2.273483e-04	-2.160908e-05	1
12	rs4337096	1234043	0	-2.148638e-04	-2.035688e-05	1
12	rs4359265	1483031	0	-2.068987e-04	-2.748129e-05	1
12	rs4372511	1237057	0	-1.771423e-04	-1.681076e-05	1
12	rs4390399	1002803	0	9.673916e-04	1.118886e-04	1
12	rs4390400	1002846	0	1.533177e-03	2.149666e-04	1
12	rs4394886	1214866	0	3.457671e-04	4.921003e-05	1
12	rs4421802	1485064	0	6.499412e-04	6.765570e-05	1
12	rs4439574	1240721	0	9.254879e-06	8.503531e-07	1
12	rs4444139	1406637	0	7.040610e-04	7.396584e-05	1
12	rs4447228	1485402	0	4.922175e-04	5.019243e-05	1
12	rs4511332	1241090	0	9.254879e-06	8.503644e-07	1
12	rs4554955	1229978	0	-7.114355e-05	-7.074345e-06	1
12	rs4562882	1485331	0	4.749754e-05	4.545371e-06	1
12	rs4600274	1485058	0	4.749754e-05	4.545371e-06	1
12	rs4619205	1240678	0	1.498664e-04	1.914641e-05	1
12	rs4619206	1002857	0	1.083463e-03	1.290304e-04	1
12	rs4631941	1485216	0	4.749754e-05	4.545371e-06	1
12	rs4765655	1067758	0	1.079979e-03	1.185770e-04	1
12	rs4765692	1138316	0	-6.631620e-04	-9.417197e-05	1
12	rs4765712	1193804	0	5.226273e-04	7.093363e-05	1
12	rs4765840	1061441	0	1.193728e-03	1.542347e-04	1
12	rs4765965	1143642	0	-1.178079e-03	-1.272119e-04	1
12	rs4765969	1153313	0	1.026444e-03	1.057512e-04	1
12	rs4766068	1205421	0	5.976916e-04	5.752873e-05	1
12	rs4766237	1321878	0	-5.031822e-04	-7.023501e-05	1
12	rs4766249	1329170	0	-6.606833e-04	-6.088703e-05	1
12	rs4766370	1027362	0	-6.050139e-04	-6.103105e-05	1
12	rs4766373	1032299	0	7.050991e-04	7.408109e-05	1
12	rs4766375	1038602	0	5.029155e-05	5.736945e-06	1
12	rs4766377	1038742	0	1.401894e-03	1.970191e-04	1
12	rs4766394	1047531	0	-6.647732e-04	-7.199984e-05	1
12	rs4987208	1022569	0	-2.340679e-04	-3.384355e-05	1
12	rs55681335	1488678	0	6.991162e-04	7.581105e-05	1
12	rs55698438	1497010	0	-2.035883e-04	-2.970077e-05	1
12	rs55726687	991306	0	3.930790e-04	4.341885e-05	1
12	rs55731008	1242127	0	-2.531810e-04	-3.204979e-05	1
12	rs55763103	1425555	0	2.478910e-04	3.467757e-05	1
12	rs55791720	1066834	0	2.162795e-03	3.329444e-04	1
12	rs55835085	1449111	0	6.991162e-04	7.581103e-05	1
12	rs55839706	1421709	0	-5.163720e-04	-7.722612e-05	1
12	rs55846332	1241614	0	-3.153704e-04	-4.259097e-05	1
12	rs55869390	1368056	0	-4.062183e-04	-5.913668e-05	1
12	rs56038085	1298718	0	-3.746537e-04	-5.117197e-05	1
12	rs56057921	1498574	0	5.642321e-04	5.798632e-05	1
12	rs56073926	1379093	0	3.048266e-04	3.074619e-05	1
12	rs56085303	1425778	0	6.215308e-04	6.656143e-05	1
12	rs56090844	1496716	0	6.991162e-04	7.581098e-05	1
12	rs56099313	1284516	0	-6.269016e-04	-8.600999e-05	1
12	rs56126511	1476115	0	5.642321e-04	5.798627e-05	1
12	rs56131726	1021188	0	1.256148e-03	1.613599e-04	1
12	rs56168743	1497070	0	5.547074e-04	5.673497e-05	1
12	rs56168957	1009972	0	1.366726e-04	1.970688e-05	1
12	rs56210299	1491357	0	7.203198e-04	7.621908e-05	1
12	rs56228728	1488906	0	4.922175e-04	5.019233e-05	1
12	rs56229104	1221869	0	-2.661372e-04	-3.586427e-05	1
12	rs56240126	1378818	0	-1.568151e-04	-2.202893e-05	1
12	rs56291311	1003988	0	-6.797118e-04	-9.726761e-05	1
12	rs56324058	1405856	0	5.206008e-04	5.469678e-05	1
12	rs56343317	1297193	0	-3.963215e-04	-5.343275e-05	1
12	rs56362023	1411803	0	2.607136e-04	3.419369e-05	1
12	rs56375346	996357	0	-8.281573e-04	-1.123636e-04	1
12	rs56392174	1367892	0	-4.062183e-04	-5.913669e-05	1
12	rs56404217	1096347	0	-3.642607e-04	-4.798273e-05	1
12	rs56742512	1380256	0	-7.480351e-05	-6.986101e-06	1
12	rs56817602	1419375	1	2.675506e-04	2.580604e-05	1
12	rs56883519	1474178	0	-6.760772e-04	-9.844803e-05	1
12	rs56993974	1273594	0	-1.872748e-04	-1.829700e-05	1
12	rs57027936	1349182	0	3.528214e-04	3.446397e-05	1
12	rs57125493	1402349	5	2.178826e-04	2.040302e-05	1
12	rs57181034	1097178	0	-3.642607e-04	-4.798272e-05	1
12	rs57295901	1174775	0	4.150737e-04	5.794210e-05	1
12	rs57307148	1033183	0	2.153004e-04	2.326328e-05	1
12	rs57389981	1319512	0	-1.634372e-04	-1.500346e-05	1
12	rs57474578	1191161	0	-2.040346e-04	-2.801162e-05	1
12	rs57707051	1483857	0	-2.798632e-04	-2.595087e-05	1
12	rs57855029	1373099	0	8.690078e-05	8.680664e-06	1
12	rs58010059	1162014	0	-3.121070e-04	-4.632829e-05	1
12	rs58046280	1483348	0	-5.167345e-04	-6.657237e-05	1
12	rs58159804	1346526	0	8.592266e-05	7.882115e-06	1
12	rs58191781	1465350	0	-6.084663e-04	-8.703850e-05	1
12	rs58254940	1462386	0	4.780245e-04	4.746377e-05	1
12	rs58319213	1088029	0	-9.465769e-04	-1.319102e-04	1
12	rs58328564	1411871	0	2.607136e-04	3.419368e-05	1
12	rs58545225	1349590	0	4.551009e-04	4.488313e-05	1
12	rs58568292	1107334	0	-6.740520e-04	-9.572279e-05	1
12	rs58591108	1463316	0	-3.794232e-04	-5.219778e-05	1
12	rs58639324	1454496	0	2.705761e-04	2.484228e-05	1
12	rs59010136	1465566	0	-6.084663e-04	-8.703850e-05	1
12	rs59081735	1436008	0	-2.068987e-04	-2.748130e-05	1
12	rs59141976	1462282	0	3.557462e-04	3.263249e-05	1
12	rs59462516	1165012	0	8.437611e-05	8.909984e-06	1
12	rs59569912	1302262	0	-3.746537e-04	-5.117198e-05	1
12	rs59627509	1472941	0	-6.560512e-04	-8.589076e-05	1
12	rs59800521	1472878	0	-6.560512e-04	-8.589075e-05	1
12	rs59856156	1375727	0	-1.505382e-04	-2.148396e-05	1
12	rs59943404	1056454	0	1.546491e-03	1.911321e-04	1
12	rs60174917	1419385	2	3.832526e-04	3.732943e-05	1
12	rs60200845	1319196	0	7.240701e-04	7.221483e-05	1
12	rs60257878	1340998	0	1.472308e-04	1.350678e-05	1
12	rs60436621	1080975	0	1.986289e-05	2.889943e-06	1
12	rs60449600	1327129	0	8.707058e-04	8.939361e-05	1
12	rs60507093	1465345	0	-6.084663e-04	-8.703850e-05	1
12	rs60735284	1259235	0	1.905168e-04	1.953376e-05	1
12	rs60785559	1092220	0	-3.642607e-04	-4.798270e-05	1
12	rs60871581	1087323	0	-9.465769e-04	-1.319101e-04	1
12	rs60875507	1043996	0	-6.406784e-04	-6.943712e-05	1
12	rs60908580	1326593	0	7.243526e-04	7.273183e-05	1
12	rs61088399	1110336	0	-1.228329e-03	-1.563796e-04	1
12	rs61203801	1340547	0	-1.136241e-04	-1.618220e-05	1
12	rs61443055	1302943	0	-3.746537e-04	-5.117198e-05	1
12	rs61606731	1355489	0	-3.331469e-05	-4.049558e-06	1
12	rs61623983	1311196	0	-1.513546e-04	-1.384506e-05	1
12	rs61911961	1322689	0	2.818457e-04	2.894773e-05	1
12	rs61911963	1325512	0	2.019429e-04	2.953889e-05	1
12	rs61911966	1334329	0	1.472308e-04	1.350676e-05	1
12	rs61911968	1335602	0	4.581766e-04	4.782201e-05	1
12	rs61911969	1336901	0	1.472308e-04	1.350676e-05	1
12	rs61911970	1338419	0	4.413434e-04	4.597373e-05	1
12	rs61911971	1338718	0	5.708634e-04	6.041187e-05	1
12	rs61911972	1339349	0	8.592266e-05	7.882061e-06	1
12	rs61911973	1339365	0	4.581766e-04	4.782197e-05	1
12	rs61911974	1340164	0	4.413434e-04	4.597370e-05	1
12	rs61911976	1341639	0	4.309344e-04	4.241964e-05	1
12	rs61911977	1342014	0	4.309344e-04	4.241964e-05	1
12	rs61911978	1343048	0	5.895851e-04	5.887917e-05	1
12	rs61911979	1343777	0	4.581766e-04	4.782194e-05	1
12	rs61911983	1350067	0	5.846209e-04	5.834348e-05	1
12	rs61911984	1350457	0	5.846209e-04	5.834347e-05	1
12	rs61912026	1354963	0	5.846209e-04	5.834347e-05	1
12	rs61912028	1361349	0	6.099467e-04	6.463308e-05	1
12	rs61912031	1366450	0	1.912392e-04	1.972246e-05	1
12	rs61912033	1371356	0	-1.388859e-04	-1.431527e-05	1
12	rs61912035	1391861	0	2.158435e-04	2.159588e-05	1
12	rs61912036	1393222	0	4.559039e-04	5.876847e-05	1
12	rs61912037	1397079	0	2.237991e-04	2.240866e-05	1
12	rs61912040	1402494	1	1.284520e-04	1.224486e-05	1
12	rs61912134	1213441	0	-3.070884e-04	-3.293336e-05	1
12	rs61912135	1215319	0	-3.070884e-04	-3.293337e-05	1
12	rs61912159	1224980	0	-3.070884e-04	-3.293337e-05	1
12	rs61913069	1405238	0	5.079214e-05	6.010183e-06	1
12	rs61913071	1408044	0	7.040610e-04	7.396545e-05	1
12	rs61913072	1409069	0	3.579992e-04	4.554477e-05	1
12	rs61913075	1419400	2	3.832526e-04	3.732926e-05	1
12	rs61913077	1422253	0	1.322677e-04	1.417456e-05	1
12	rs61913079	1427872	0	6.215308e-04	6.656108e-05	1
12	rs61913081	1430771	0	-3.287440e-05	-4.766564e-06	1
12	rs61913082	1432843	0	4.717015e-04	4.999645e-05	1
12	rs61913083	1433598	0	6.300804e-04	6.757465e-05	1
12	rs61913084	1439262	0	-3.287440e-05	-4.766566e-06	1
12	rs61913085	1439519	0	9.319562e-04	1.068712e-04	1
12	rs61913087	1444950	0	6.562653e-04	7.100047e-05	1
12	rs61913097	1449199	0	4.663203e-04	4.480498e-05	1
12	rs61913098	1453030	0	2.888963e-04	3.057310e-05	1
12	rs61913099	1453086	0	2.930248e-04	2.712222e-05	1
12	rs61913101	1456518	0	7.102189e-04	7.159075e-05	1
12	rs61913110	1486147	0	1.678352e-04	1.791366e-05	1
12	rs61913111	1486546	0	4.922175e-04	5.019195e-05	1
12	rs61913128	1495736	0	-4.342825e-04	-3.992988e-05	1
12	rs61914260	1226861	0	-3.070884e-04	-3.293346e-05	1
12	rs61914265	1234092	0	2.118540e-04	2.628761e-05	1
12	rs61914293	1255730	0	5.221053e-06	5.220331e-07	1
12	rs61914295	1259565	0	1.202863e-04	1.395911e-05	1
12	rs61914296	1274582	0	2.800481e-04	2.887563e-05	1
12	rs61914297	1275109	0	2.938766e-04	3.032836e-05	1
12	rs61914298	1275242	0	2.800481e-04	2.887561e-05	1
12	rs61914299	1276111	0	3.132605e-04	3.914949e-05	1
12	rs61914300	1277498	0	5.213008e-04	5.270757e-05	1
12	rs61914303	1291570	0	2.800481e-04	2.887559e-05	1
12	rs61914304	1291678	0	6.310511e-05	6.438498e-06	1
12	rs61914305	1294871	1	4.196368e-04	4.381303e-05	1
12	rs61914324	1307240	0	4.487650e-04	4.677784e-05	1
12	rs61914325	1311545	0	3.252658e-04	3.873961e-05	1
12	rs61914326	1311621	0	1.735180e-04	1.779100e-05	1
12	rs61914327	1311686	0	3.404373e-04	3.528026e-05	1
12	rs61914328	1315114	0	1.967790e-04	2.010668e-05	1
12	rs61914329	1318081	0	5.021707e-04	5.106379e-05	1
12	rs61917242	1081655	0	4.929284e-04	5.593191e-05	1
12	rs61917243	1081660	0	5.412854e-04	6.184967e-05	1
12	rs61917245	1085736	0	4.135641e-04	5.610020e-05	1
12	rs61917246	1085763	0	2.227538e-04	2.179586e-05	1
12	rs61917248	1088971	0	2.227538e-04	2.179585e-05	1
12	rs61917249	1089518	2	3.066897e-04	3.324212e-05	1
12	rs61917256	1109046	0	-8.940242e-04	-1.090514e-04	1
12	rs61917258	1112055	0	-8.837301e-04	-1.069461e-04	1
12	rs61917259	1116124	2	-7.848145e-04	-9.415548e-05	1
12	rs61918689	1119294	0	-7.133169e-04	-8.474991e-05	1
12	rs61918690	1121071	0	-7.508342e-04	-9.011237e-05	1
12	rs61918691	1127435	0	-7.133169e-04	-8.474989e-05	1
12	rs61918692	1128590	0	-1.284476e-03	-1.591332e-04	1
12	rs61918693	1129982	0	-7.122281e-04	-8.466268e-05	1
12	rs61918695	1138308	0	-7.122281e-04	-8.466268e-05	1
12	rs61918696	1141906	0	-7.122281e-04	-8.466267e-05	1
12	rs61918697	1145634	0	2.525283e-04	3.447953e-05	1
12	rs61918698	1146978	0	-8.193057e-04	-9.863834e-05	1
12	rs61918699	1147365	0	-7.122281e-04	-8.466266e-05	1
12	rs61918700	1147457	0	2.525283e-04	3.447953e-05	1
12	rs61918702	1150334	0	-7.013637e-04	-8.273168e-05	1
12	rs61918703	1151605	0	-7.710306e-04	-9.236872e-05	1
12	rs61918704	1155391	0	1.177978e-03	1.786885e-04	1
12	rs61918705	1155728	0	-1.195609e-03	-1.441211e-04	1
12	rs61918736	1179949	0	-2.027384e-04	-2.151284e-05	1
12	rs61918737	1180041	0	-5.148454e-04	-5.610662e-05	1
12	rs61918740	1181087	0	-5.148454e-04	-5.610662e-05	1
12	rs61918741	1181977	0	-5.148454e-04	-5.610661e-05	1
12	rs61918742	1182415	0	-5.148454e-04	-5.610661e-05	1
12	rs61918747	1188472	12	-1.106419e-03	-1.418342e-04	1
12	rs61918748	1188477	12	-1.118248e-03	-1.457866e-04	1
12	rs6413436	1022679	0	4.352674e-04	4.351372e-05	1
12	rs6489255	1149527	1	-1.426578e-03	-1.642158e-04	1
12	rs6489256	1183671	0	-1.586953e-04	-2.105501e-05	1
12	rs6489258	1233364	0	4.081997e-04	4.422178e-05	1
12	rs6489260	1241910	0	4.652368e-04	5.656613e-05	1
12	rs6489269	1307364	0	8.043483e-04	8.310272e-05	1
12	rs6489270	1321322	0	-3.744435e-05	-3.417090e-06	1
12	rs6489273	1373552	0	1.143641e-04	1.059194e-05	1
12	rs6489274	1373691	0	-8.077976e-05	-7.630380e-06	1
12	rs6489276	1374610	0	9.876876e-06	9.149141e-07	1
12	rs6489277	1377998	0	-7.414208e-05	-6.945173e-06	1
12	rs6489279	1433069	0	-6.210862e-05	-8.506819e-06	1
12	rs6489281	1433182	0	9.806168e-05	1.379203e-05	1
12	rs6489282	1461315	0	2.918811e-04	2.694067e-05	1
12	rs6489284	1496839	0	-4.342825e-04	-3.992990e-05	1
12	rs6489766	1043168	0	-9.061638e-04	-9.791618e-05	1
12	rs6489769	1072965	0	1.340745e-03	1.594002e-04	1
12	rs6489771	1073052	0	1.227832e-03	1.605200e-04	1
12	rs66465472	1181278	14	-8.192939e-04	-9.718892e-05	1
12	rs66517322	1095892	0	-3.642607e-04	-4.798263e-05	1
12	rs67825562	1255687	0	-9.340576e-06	-1.076257e-06	1
12	rs7131703	1219286	0	4.196761e-05	4.400411e-06	1
12	rs7132220	1189539	0	-5.148454e-04	-5.610658e-05	1
12	rs7132473	1088757	0	7.015306e-04	8.200867e-05	1
12	rs7132729	1088939	0	5.932029e-04	6.805958e-05	1
12	rs7133150	1324523	0	-1.319431e-04	-1.210010e-05	1
12	rs7133170	1332435	0	3.897282e-04	3.715987e-05	1
12	rs7133548	1278676	0	4.023429e-04	4.066310e-05	1
12	rs7133720	1207849	0	5.157781e-04	5.447164e-05	1
12	rs7134989	1232984	0	4.081997e-04	4.422174e-05	1
12	rs7135523	1242172	0	9.254879e-06	8.506583e-07	1
12	rs7137058	1309168	0	-1.189623e-04	-1.090200e-05	1
12	rs7137547	1471232	0	-6.560512e-04	-8.589062e-05	1
12	rs7137563	1309615	0	-1.189623e-04	-1.090199e-05	1
12	rs7138367	1077894	0	6.446892e-04	7.351063e-05	1
12	rs7138610	1306730	0	8.043483e-04	8.310269e-05	1
12	rs7138863	1113621	0	-3.621080e-04	-3.922813e-05	1
12	rs7139032	1145739	0	-4.590351e-04	-5.890199e-05	1
12	rs7139393	1049156	0	-6.406784e-04	-6.943709e-05	1
12	rs71435022	1187715	0	3.205996e-04	4.412873e-05	1
12	rs71454819	1261519	0	5.476198e-05	7.076823e-06	1
12	rs71454821	1336663	0	-2.735187e-05	-3.710579e-06	1
12	rs721859	1249250	0	3.673304e-04	3.813466e-05	1
12	rs72650711	990401	0	-9.568195e-04	-1.428839e-04	1
12	rs72650739	996060	0	-9.568195e-04	-1.428839e-04	1
12	rs72650748	997504	0	-9.568195e-04	-1.428838e-04	1
12	rs7294431	1049299	0	-6.410659e-04	-6.947613e-05	1
12	rs7295126	1440488	0	6.891397e-04	7.621314e-05	1
12	rs7295574	1028526	0	-8.791906e-04	-9.716160e-05	1
12	rs7296083	1375043	0	-4.447292e-05	-6.203110e-06	1
12	rs7296555	1004106	0	4.181592e-04	4.186243e-05	1
12	rs7297773	1423348	0	9.806168e-05	1.379204e-05	1
12	rs7298156	1140186	0	-6.631620e-04	-9.417183e-05	1
12	rs7298448	1227807	0	-1.904238e-05	-1.994812e-06	1
12	rs7298449	1044021	0	4.141782e-04	4.363603e-05	1
12	rs7298537	1189639	0	-5.148454e-04	-5.610661e-05	1
12	rs7298929	1191898	0	-2.585665e-04	-2.751082e-05	1
12	rs7299878	1316724	0	-1.189623e-04	-1.090200e-05	1
12	rs7300039	1068178	0	1.340745e-03	1.594000e-04	1
12	rs7300444	993930	0	-7.535752e-05	-7.273215e-06	1
12	rs7300575	1429190	0	5.936131e-04	5.779770e-05	1
12	rs7300718	1032472	0	4.961533e-04	5.018469e-05	1
12	rs7300981	1429503	0	5.827231e-04	5.671843e-05	1
12	rs7301047	1202451	0	6.309550e-04	8.740638e-05	1
12	rs7301327	1423611	0	9.806168e-05	1.379203e-05	1
12	rs7301869	1496704	0	-9.889899e-04	-1.206979e-04	1
12	rs7301931	1022184	0	-6.902533e-04	-6.922515e-05	1
12	rs7302558	1044758	0	1.523513e-03	1.870996e-04	1
12	rs73025611	1316865	0	-4.987728e-04	-6.971914e-05	1
12	rs73025617	1319634	0	-8.875073e-04	-1.301753e-04	1
12	rs73025621	1321683	0	-8.875073e-04	-1.301753e-04	1
12	rs73025626	1327317	0	-4.062183e-04	-5.913668e-05	1
12	rs73025627	1327884	0	-2.304445e-04	-3.296063e-05	1
12	rs73025628	1328458	0	-5.256259e-05	-5.252206e-06	1
12	rs73025634	1332237	0	-6.379441e-04	-9.596760e-05	1
12	rs73025700	1336746	0	-2.304445e-04	-3.296063e-05	1
12	rs7302582	1396151	0	2.863038e-05	3.792256e-06	1
12	rs73026412	1496216	0	-8.620756e-05	-1.220878e-05	1
12	rs73027405	1336995	0	-3.406097e-04	-4.729746e-05	1
12	rs73027406	1337196	0	-6.379441e-04	-9.596760e-05	1
12	rs73027414	1342135	0	-6.379441e-04	-9.596760e-05	1
12	rs73027416	1342819	0	-6.379441e-04	-9.596760e-05	1
12	rs73027420	1345708	0	-6.379441e-04	-9.596760e-05	1
12	rs73027426	1349897	0	-6.379441e-04	-9.596760e-05	1
12	rs73027435	1354602	0	-6.379441e-04	-9.596759e-05	1
12	rs73027438	1356349	1	-7.960630e-04	-1.255091e-04	1
12	rs73027442	1361686	0	-2.811884e-04	-4.017430e-05	1
12	rs73027444	1366185	2	-4.093192e-04	-5.961274e-05	1
12	rs73027449	1368295	0	-4.062183e-04	-5.913668e-05	1
12	rs73027456	1369411	0	-4.062183e-04	-5.913668e-05	1
12	rs73027458	1370027	0	-4.062183e-04	-5.913668e-05	1
12	rs73027459	1371398	0	-4.062183e-04	-5.913668e-05	1
12	rs73027475	1375369	0	-1.505382e-04	-2.148395e-05	1
12	rs73027479	1376314	0	-1.505382e-04	-2.148395e-05	1
12	rs73027490	1379439	0	-8.734480e-05	-1.157643e-05	1
12	rs73029107	1388465	0	-1.511996e-04	-2.152324e-05	1
12	rs73029108	1388758	0	1.493742e-04	1.489167e-05	1
12	rs73029109	1390498	0	-1.356179e-05	-1.787704e-06	1
12	rs73029182	1396279	0	-2.308163e-04	-3.121681e-05	1
12	rs73029185	1399360	0	-2.308163e-04	-3.121681e-05	1
12	rs73029190	1402861	0	-3.944115e-04	-5.530647e-05	1
12	rs73029193	1403092	0	-4.993078e-05	-7.121057e-06	1
12	rs73029195	1403440	0	-2.197076e-05	-3.093725e-06	1
12	rs73029201	1403899	0	9.740024e-05	1.366409e-05	1
12	rs7303072	1185507	0	2.831645e-04	3.721929e-05	1
12	rs73031206	1405553	2	1.049866e-04	1.511774e-05	1
12	rs73031213	1408019	0	9.740024e-05	1.366410e-05	1
12	rs73031220	1408989	0	9.740024e-05	1.366410e-05	1
12	rs73031222	1410175	0	9.740024e-05	1.366410e-05	1
12	rs73031224	1410951	0	9.740024e-05	1.366410e-05	1
12	rs73031227	1411532	0	3.035705e-05	4.341792e-06	1
12	rs73031291	1412183	0	9.740024e-05	1.366410e-05	1
12	rs73031293	1413368	0	9.740024e-05	1.366410e-05	1
12	rs73031296	1413585	0	9.740024e-05	1.366410e-05	1
12	rs73031299	1413592	0	9.740024e-05	1.366410e-05	1
12	rs73031301	1413617	0	9.740024e-05	1.366410e-05	1
12	rs73031304	1089432	0	-3.982486e-04	-5.792158e-05	1
12	rs73031395	1111867	0	-6.740520e-04	-9.572268e-05	1
12	rs73032705	1416213	0	3.035705e-05	4.341793e-06	1
12	rs73032711	1417186	0	9.740024e-05	1.366410e-05	1
12	rs73032714	1417224	0	9.740024e-05	1.366410e-05	1
12	rs73032715	1417572	0	9.740024e-05	1.366410e-05	1
12	rs73032719	1418598	0	9.740024e-05	1.366410e-05	1
12	rs73032722	1419426	0	9.806168e-05	1.379205e-05	1
12	rs73032723	1420093	0	9.806168e-05	1.379205e-05	1
12	rs73032724	1420140	0	9.806168e-05	1.379205e-05	1
12	rs73032728	1420331	0	9.806168e-05	1.379205e-05	1
12	rs73032731	1420677	0	9.806168e-05	1.379205e-05	1
12	rs73032733	1420739	0	9.806168e-05	1.379205e-05	1
12	rs73032734	1421012	0	9.806168e-05	1.379205e-05	1
12	rs73032737	1421290	0	9.806168e-05	1.379205e-05	1
12	rs73032739	1421634	0	9.806168e-05	1.379205e-05	1
12	rs73032744	1421848	0	9.806168e-05	1.379205e-05	1
12	rs73032745	1422820	0	9.806168e-05	1.379205e-05	1
12	rs73033133	1160566	0	-3.099130e-04	-4.340566e-05	1
12	rs73033141	1164746	0	4.876802e-04	6.709885e-05	1
12	rs73033143	1165068	0	-3.121070e-04	-4.632826e-05	1
12	rs73034905	1424099	0	9.806168e-05	1.379205e-05	1
12	rs73034913	1425531	0	9.806168e-05	1.379205e-05	1
12	rs73034918	1425563	0	9.806168e-05	1.379205e-05	1
12	rs73034919	1425657	0	9.806168e-05	1.379205e-05	1
12	rs73034925	1428872	0	3.035705e-05	4.341797e-06	1
12	rs73034926	1429079	0	9.806168e-05	1.379205e-05	1
12	rs73034928	1429208	0	9.806168e-05	1.379205e-05	1
12	rs73034930	1429632	0	9.806168e-05	1.379205e-05	1
12	rs73034931	1430298	0	9.806168e-05	1.379205e-05	1
12	rs73034933	1430729	0	9.806168e-05	1.379205e-05	1
12	rs73034934	1430867	0	9.806168e-05	1.379205e-05	1
12	rs73034936	1430881	0	9.806168e-05	1.379205e-05	1
12	rs73034938	1431163	0	9.806168e-05	1.379205e-05	1
12	rs73034939	1431230	0	2.197868e-05	3.096657e-06	1
12	rs73034947	1432119	0	9.806168e-05	1.379205e-05	1
12	rs73034948	1432211	0	9.806168e-05	1.379205e-05	1
12	rs73034952	1432741	0	9.806168e-05	1.379205e-05	1
12	rs73034954	1432799	0	9.806168e-05	1.379205e-05	1
12	rs73034957	1432951	0	3.035705e-05	4.341800e-06	1
12	rs73035111	1171099	0	-3.462357e-04	-4.767370e-05	1
12	rs73035153	1182490	0	-5.148454e-04	-5.610662e-05	1
12	rs73035156	1182684	0	-3.738263e-04	-5.198121e-05	1
12	rs73036621	1433441	0	3.035705e-05	4.341800e-06	1
12	rs73036623	1433706	0	9.806168e-05	1.379206e-05	1
12	rs73036624	1433783	0	9.806168e-05	1.379206e-05	1
12	rs73036626	1433885	0	9.806168e-05	1.379206e-05	1
12	rs73036627	1434357	0	9.806168e-05	1.379206e-05	1
12	rs73036630	1434393	0	2.105532e-04	2.962251e-05	1
12	rs73036639	1435016	1	1.040306e-04	1.463431e-05	1
12	rs73036644	1435676	0	9.806168e-05	1.379206e-05	1
12	rs73036647	1436311	0	9.806168e-05	1.379206e-05	1
12	rs73036648	1436448	0	9.806168e-05	1.379206e-05	1
12	rs73036649	1436638	0	9.806168e-05	1.379206e-05	1
12	rs73036651	1436752	0	9.806168e-05	1.379206e-05	1
12	rs73036653	1436813	0	3.035705e-05	4.341802e-06	1
12	rs73036655	1436932	0	9.806168e-05	1.379206e-05	1
12	rs73036668	1440538	0	8.716243e-05	1.216092e-05	1
12	rs73036673	1441651	0	-1.172133e-04	-1.657748e-05	1
12	rs73036675	1442273	0	8.716243e-05	1.216092e-05	1
12	rs73037064	1201772	0	-3.238457e-04	-4.799558e-05	1
12	rs73037087	1205744	0	-2.608502e-04	-3.749540e-05	1
12	rs73037088	1206137	0	-1.962775e-04	-2.878079e-05	1
12	rs73037092	1206949	0	-4.978630e-04	-6.860131e-05	1
12	rs73037099	1209834	0	-2.363763e-04	-3.185086e-05	1
12	rs7303748	1040373	0	2.282804e-04	2.243423e-05	1
12	rs7303850	1324548	0	-1.319431e-04	-1.210012e-05	1
12	rs73038636	1443383	0	-8.620756e-05	-1.220876e-05	1
12	rs73038641	1445341	0	8.716243e-05	1.216092e-05	1
12	rs73038647	1449239	0	4.663203e-04	4.480484e-05	1
12	rs73038649	1450123	0	2.201005e-04	3.082958e-05	1
12	rs73038652	1452210	0	2.201005e-04	3.082958e-05	1
12	rs73038653	1458098	0	2.201005e-04	3.082958e-05	1
12	rs73038661	1460581	0	-3.157158e-04	-4.368870e-05	1
12	rs73038663	1461679	0	2.201005e-04	3.082958e-05	1
12	rs73038670	1462995	0	-2.630664e-04	-3.752637e-05	1
12	rs73038672	1463229	0	-2.630664e-04	-3.752637e-05	1
12	rs73038675	1463997	0	-2.630664e-04	-3.752637e-05	1
12	rs73038684	1468624	0	-5.898403e-04	-8.202627e-05	1
12	rs73038686	1469227	0	-4.129814e-04	-5.604775e-05	1
12	rs73038689	1471251	0	-8.620756e-05	-1.220876e-05	1
12	rs73038690	1471715	0	-2.035883e-04	-2.970076e-05	1
12	rs73038691	1473736	0	-8.620756e-05	-1.220876e-05	1
12	rs73039003	1213078	0	-2.661372e-04	-3.586437e-05	1
12	rs73039008	1217652	0	-2.363763e-04	-3.185086e-05	1
12	rs73039010	1217982	0	-2.564106e-04	-3.627760e-05	1
12	rs73039020	1229635	0	8.796106e-06	1.148537e-06	1
12	rs73039022	1229652	0	8.796106e-06	1.148537e-06	1
12	rs73039095	1237914	0	-2.363763e-04	-3.185086e-05	1
12	rs73040853	1474966	0	-8.620756e-05	-1.220876e-05	1
12	rs73040857	1476046	0	-8.620756e-05	-1.220876e-05	1
12	rs73040872	1479808	0	-4.129814e-04	-5.604775e-05	1
12	rs73040878	1481602	0	-4.129814e-04	-5.604775e-05	1
12	rs73040880	1481821	0	-4.129814e-04	-5.604774e-05	1
12	rs73040881	1481953	0	-4.129814e-04	-5.604774e-05	1
12	rs73040882	1482026	0	-4.129814e-04	-5.604774e-05	1
12	rs73040896	1484144	0	-4.129814e-04	-5.604774e-05	1
12	rs73041007	1240605	0	-2.531810e-04	-3.204988e-05	1
12	rs73041035	1246174	0	-3.153704e-04	-4.259109e-05	1
12	rs73041037	1247757	0	-2.538630e-04	-3.235152e-05	1
12	rs73041038	1249652	0	-6.305673e-05	-7.905525e-06	1
12	rs73041040	1251896	0	-2.692866e-05	-3.376390e-06	1
12	rs73041042	1257279	0	2.309627e-04	3.131010e-05	1
12	rs73041048	1265595	0	-2.692866e-05	-3.376388e-06	1
12	rs73041057	1277022	0	-3.563955e-05	-5.081735e-06	1
12	rs73041063	1278294	0	-2.327164e-04	-3.320436e-05	1
12	rs73041065	1283311	0	-5.921671e-04	-8.090260e-05	1
12	rs73041069	1287974	0	-7.221442e-04	-1.011781e-04	1
12	rs7304258	1474005	0	-1.866084e-05	-1.767257e-06	1
12	rs7304351	1369263	0	-8.165677e-04	-1.068691e-04	1
12	rs7304488	1232836	0	5.789155e-04	6.337894e-05	1
12	rs7304778	1225759	0	-7.314643e-05	-7.652330e-06	1
12	rs7304894	1465010	0	-2.630664e-04	-3.752636e-05	1
12	rs7305042	1052761	0	1.305294e-03	1.751288e-04	1
12	rs7305331	1467589	0	-3.988334e-04	-5.188229e-05	1
12	rs7305340	1496993	0	-8.620756e-05	-1.220875e-05	1
12	rs7305579	1308973	0	-1.784948e-04	-1.668474e-05	1
12	rs7305680	1461875	0	-1.664954e-04	-2.345992e-05	1
12	rs7306130	1374396	0	9.876876e-06	9.148895e-07	1
12	rs7306276	1057379	0	5.808370e-04	6.245606e-05	1
12	rs7306671	1109246	0	-6.740520e-04	-9.572267e-05	1
12	rs7307680	1052488	0	-1.466293e-04	-1.697651e-05	1
12	rs7308979	1034186	0	-5.078800e-04	-5.037484e-05	1
12	rs7309927	1000185	0	-9.181065e-04	-1.186506e-04	1
12	rs7310001	1222259	0	-1.992154e-04	-2.091931e-05	1
12	rs7310449	1022115	0	-4.466972e-04	-4.344719e-05	1
12	rs7310914	1222289	0	-1.904238e-05	-1.994851e-06	1
12	rs7311151	1050254	0	5.459761e-04	5.451597e-05	1
12	rs7311231	1471079	0	-4.512436e-04	-4.281905e-05	1
12	rs7311263	1052393	0	-6.406784e-04	-6.943694e-05	1
12	rs7311276	1153596	0	-1.164553e-03	-1.250127e-04	1
12	rs7311531	1318516	0	-1.634372e-04	-1.500373e-05	1
12	rs7312779	1228082	0	-8.481511e-05	-8.873877e-06	1
12	rs7313311	1440828	0	3.398938e-04	3.228115e-05	1
12	rs7313813	1086062	0	8.229587e-04	9.804030e-05	1
12	rs7314098	1056219	0	-6.406784e-04	-6.943693e-05	1
12	rs7314200	1189566	0	-5.148454e-04	-5.610662e-05	1
12	rs7314843	1222940	0	6.666003e-05	6.260118e-06	1
12	rs7315544	1332665	0	2.179487e-04	2.007650e-05	1
12	rs7316520	1336910	0	-2.918925e-04	-4.287789e-05	1
12	rs73593923	1263670	0	-3.157076e-04	-4.266992e-05	1
12	rs73593989	1337117	0	-4.183974e-04	-4.999398e-05	1
12	rs73595963	1401675	0	-3.308921e-04	-4.611128e-05	1
12	rs73604294	1054930	0	-6.406784e-04	-6.943691e-05	1
12	rs73606355	1097083	0	-3.642607e-04	-4.798256e-05	1
12	rs73606388	1135442	0	-7.365743e-04	-8.716375e-05	1
12	rs74057163	1462850	0	-3.794232e-04	-5.219770e-05	1
12	rs74057165	1465024	0	-6.084663e-04	-8.703842e-05	1
12	rs74057166	1465809	0	-6.084663e-04	-8.703842e-05	1
12	rs74057172	1467530	0	-6.084663e-04	-8.703842e-05	1
12	rs74238830	1008196	0	2.823546e-04	3.301193e-05	1
12	rs74335950	1387717	0	-8.027816e-05	-1.124256e-05	1
12	rs74345469	1105872	0	-3.769198e-04	-5.255415e-05	1
12	rs74367032	1122131	0	-6.952811e-04	-1.039321e-04	1
12	rs74371079	1084044	0	-3.406768e-04	-4.742167e-05	1
12	rs74443909	1439945	0	-3.267738e-04	-4.626139e-05	1
12	rs74445315	1244638	0	4.370994e-05	6.315948e-06	1
12	rs74493286	1367382	0	4.507401e-04	6.278751e-05	1
12	rs74528771	1350707	0	1.375750e-05	1.731324e-06	1
12	rs74537101	1355538	0	-8.027816e-05	-1.124256e-05	1
12	rs74576962	1331374	0	-8.027816e-05	-1.124256e-05	1
12	rs74689170	1382436	0	-1.044446e-04	-1.460127e-05	1
12	rs74729087	1347316	0	-8.027816e-05	-1.124256e-05	1
12	rs74778246	1289453	1	2.261328e-04	3.005057e-05	1
12	rs74809499	1029865	0	-9.568195e-04	-1.428838e-04	1
12	rs7486327	1214617	0	-1.211009e-05	-1.288942e-06	1
12	rs7486336	1485437	0	5.642321e-04	5.798572e-05	1
12	rs7487683	1036042	0	1.284411e-04	1.799496e-05	1
12	rs7488063	1234720	0	-2.166863e-04	-2.058302e-05	1
12	rs7488800	1085905	0	8.229587e-04	9.804027e-05	1
12	rs74912252	1200745	0	-7.780167e-04	-1.096420e-04	1
12	rs74955773	1388894	0	-2.660143e-04	-3.742263e-05	1
12	rs74961247	1300177	0	4.708496e-04	4.920203e-05	1
12	rs74971288	1440110	0	-8.027816e-05	-1.124256e-05	1
12	rs74994063	1139356	0	-3.612201e-06	-4.855488e-07	1
12	rs75007353	1463237	0	-3.267738e-04	-4.626138e-05	1
12	rs75017479	1377434	0	7.058457e-05	1.023723e-05	1
12	rs75031748	1383028	0	-8.027816e-05	-1.124256e-05	1
12	rs75058077	1410531	0	3.035705e-05	4.341810e-06	1
12	rs75076277	1091426	0	1.662434e-04	2.268505e-05	1
12	rs75088663	1368897	0	-8.027816e-05	-1.124256e-05	1
12	rs75123350	1181161	0	-3.121070e-04	-4.632825e-05	1
12	rs75177212	1315556	1	-1.989016e-04	-2.807680e-05	1
12	rs75195664	1447627	0	8.568971e-05	1.239683e-05	1
12	rs75220577	1435719	0	9.806168e-05	1.379207e-05	1
12	rs75280797	1032802	0	1.283418e-04	1.508446e-05	1
12	rs75374054	1101232	0	-3.445988e-04	-4.755082e-05	1
12	rs75455648	1284890	0	4.023429e-04	4.066301e-05	1
12	rs75598721	1463851	0	-3.267738e-04	-4.626138e-05	1
12	rs75607144	1418506	0	-8.027816e-05	-1.124256e-05	1
12	rs75631579	1338738	0	-8.027816e-05	-1.124255e-05	1
12	rs75694367	1481440	0	-4.129814e-04	-5.604770e-05	1
12	rs75698345	1104401	0	-3.612201e-06	-4.855465e-07	1
12	rs75781751	1382533	0	-2.328205e-05	-3.258924e-06	1
12	rs75799865	1344647	0	4.413434e-04	4.597324e-05	1
12	rs75810640	1420852	0	9.806168e-05	1.379208e-05	1
12	rs75825860	1277171	0	-3.321489e-04	-4.578166e-05	1
12	rs75826099	1370316	0	-3.453499e-04	-4.946275e-05	1
12	rs75833290	1416366	0	-8.027816e-05	-1.124255e-05	1
12	rs75896439	1473335	0	-2.068987e-04	-2.748131e-05	1
12	rs75959048	1439353	0	-2.104054e-04	-2.838693e-05	1
12	rs75961154	1286001	0	-7.225275e-06	-1.010285e-06	1
12	rs75966437	1433348	0	3.035705e-05	4.341812e-06	1
12	rs75974566	1427291	0	-8.027816e-05	-1.124255e-05	1
12	rs76069663	1392917	0	-8.027816e-05	-1.124255e-05	1
12	rs76101943	1490797	0	-6.067681e-05	-8.429356e-06	1
12	rs76117781	1452768	0	-3.267738e-04	-4.626137e-05	1
12	rs76130640	1370432	0	-8.027816e-05	-1.124255e-05	1
12	rs76202538	1068333	0	-9.572070e-04	-1.432619e-04	1
12	rs76290612	1436886	0	9.806168e-05	1.379208e-05	1
12	rs76415119	1367573	0	-8.027816e-05	-1.124255e-05	1
12	rs76460643	1084518	0	-2.465074e-04	-3.519069e-05	1
12	rs76466375	1422165	0	-6.579812e-05	-8.669117e-06	1
12	rs76466737	1206055	0	2.463975e-04	3.595596e-05	1
12	rs76497010	1202630	0	1.568471e-04	2.119481e-05	1
12	rs76509032	1341325	0	5.604545e-04	5.578713e-05	1
12	rs76571483	1392544	0	-8.027816e-05	-1.124255e-05	1
12	rs76579558	1434720	0	-2.043514e-04	-2.885583e-05	1
12	rs76598632	1152710	0	-3.612201e-06	-4.855451e-07	1
12	rs766095	1498433	0	-6.755364e-04	-8.925317e-05	1
12	rs76638148	1423915	0	-8.027816e-05	-1.124255e-05	1
12	rs76659678	1475404	0	-2.068987e-04	-2.748131e-05	1
12	rs76678359	1357185	0	-3.095149e-04	-4.431284e-05	1
12	rs76691849	1358312	0	-8.027816e-05	-1.124255e-05	1
12	rs766956	1455106	0	3.650394e-04	3.365042e-05	1
12	rs76706342	1429087	0	-8.027816e-05	-1.124255e-05	1
12	rs76709218	1243205	0	2.856894e-04	4.039540e-05	1
12	rs76727426	1277165	0	1.766111e-05	2.386929e-06	1
12	rs76757210	1102781	0	-3.612201e-06	-4.855439e-07	1
12	rs76808292	1154339	0	-3.612201e-06	-4.855430e-07	1
12	rs768157	1491999	0	-4.342825e-04	-3.992984e-05	1
12	rs76828926	1424373	0	-8.027816e-05	-1.124255e-05	1
12	rs76879893	1477260	0	-3.267738e-04	-4.626136e-05	1
12	rs76935687	1179785	0	-2.175894e-04	-3.083566e-05	1
12	rs76937623	1308947	0	-3.200858e-04	-2.973526e-05	1
12	rs76983919	1429578	0	-6.579812e-05	-8.669117e-06	1
12	rs77012360	1264069	0	3.000582e-04	4.269748e-05	1
12	rs77020748	1467741	0	-3.267738e-04	-4.626136e-05	1
12	rs77074219	1448179	0	-3.267738e-04	-4.626136e-05	1
12	rs77082078	1463373	0	-5.545306e-05	-7.936950e-06	1
12	rs77156781	1350579	0	5.846209e-04	5.834317e-05	1
12	rs77261432	1474185	0	-8.027816e-05	-1.124254e-05	1
12	rs77261812	1344138	0	-1.136241e-04	-1.618217e-05	1
12	rs77384814	1143232	0	-8.268343e-04	-1.008815e-04	1
12	rs77417766	1321094	0	-8.027816e-05	-1.124254e-05	1
12	rs77496250	1307818	0	-8.027816e-05	-1.124254e-05	1
12	rs77501512	1337836	0	6.323473e-05	9.018865e-06	1
12	rs77569039	1431884	0	-8.027816e-05	-1.124254e-05	1
12	rs77571121	1415468	0	-1.729070e-04	-2.401212e-05	1
12	rs77607886	1079768	0	1.314240e-04	1.827135e-05	1
12	rs77635881	1135887	0	-3.612201e-06	-4.855413e-07	1
12	rs77694774	1156911	0	-4.590351e-04	-5.890195e-05	1
12	rs77744399	1375275	0	-1.044446e-04	-1.460125e-05	1
12	rs77762523	1352773	0	1.129487e-04	1.532677e-05	1
12	rs77768619	1485980	0	-6.067681e-05	-8.429347e-06	1
12	rs77877386	1145361	0	3.741836e-04	5.561244e-05	1
12	rs77898641	1411697	0	-1.454512e-04	-2.052465e-05	1
12	rs77942143	1321953	0	1.757499e-04	2.510387e-05	1
12	rs77983336	1327349	0	-1.136241e-04	-1.618217e-05	1
12	rs78014838	1354039	0	-1.136241e-04	-1.618217e-05	1
12	rs78020838	1302695	0	7.058457e-05	1.023723e-05	1
12	rs78038799	1419395	2	3.832526e-04	3.732904e-05	1
12	rs78141669	1488141	0	-6.067681e-05	-8.429347e-06	1
12	rs78203809	1435519	0	-6.579812e-05	-8.669118e-06	1
12	rs78223056	1405369	0	2.607136e-04	3.419371e-05	1
12	rs78257429	1351735	0	-9.919125e-05	-1.359555e-05	1
12	rs78297161	1114344	0	9.591089e-05	1.302334e-05	1
12	rs78304463	1142068	0	-3.612201e-06	-4.855381e-07	1
12	rs78310035	1242971	0	2.173325e-04	2.998000e-05	1
12	rs78467101	1353077	0	-1.136241e-04	-1.618217e-05	1
12	rs78474273	1353360	0	-9.919125e-05	-1.359555e-05	1
12	rs78501089	1061086	0	-9.706705e-05	-1.408519e-05	1
12	rs78523146	1167407	0	7.112787e-05	9.846245e-06	1
12	rs78547033	1094837	0	-9.381612e-04	-1.366005e-04	1
12	rs78661821	1094874	0	-5.085375e-04	-7.201481e-05	1
12	rs78665062	1430590	0	-8.027816e-05	-1.124254e-05	1
12	rs78836912	1434110	0	-8.027816e-05	-1.124254e-05	1
12	rs78851598	1174181	0	2.305960e-04	3.136484e-05	1
12	rs78870024	1296406	0	2.308108e-04	2.361152e-05	1
12	rs78939211	1483889	0	-5.167345e-04	-6.657214e-05	1
12	rs79006277	1359299	0	6.099467e-04	6.463260e-05	1
12	rs79026087	1441957	0	-3.535945e-04	-4.970564e-05	1
12	rs79133745	1414674	0	-8.027816e-05	-1.124254e-05	1
12	rs79139127	1351754	0	-8.027816e-05	-1.124254e-05	1
12	rs79177473	1469061	0	-9.752439e-04	-1.598647e-04	1
12	rs79224082	1097237	0	-3.212960e-04	-4.516526e-05	1
12	rs79225972	1156540	0	-3.930839e-04	-5.478617e-05	1
12	rs79236498	1098496	0	1.662434e-04	2.268506e-05	1
12	rs79243208	1155825	0	-3.769198e-04	-5.255416e-05	1
12	rs79386008	1258755	0	-7.873054e-05	-1.097046e-05	1
12	rs79454241	1488464	0	-8.027816e-05	-1.124254e-05	1
12	rs79510417	1385090	0	-1.684910e-04	-2.385250e-05	1
12	rs7952832	1364274	0	2.868976e-04	2.961227e-05	1
12	rs7953330	998819	0	-4.031803e-04	-4.173737e-05	1
12	rs7953912	991009	0	1.402671e-03	1.983592e-04	1
12	rs7954090	1163896	0	4.665798e-04	4.729362e-05	1
12	rs7954121	1139195	0	-1.254162e-03	-1.386217e-04	1
12	rs7954124	1220580	0	1.469106e-04	1.538233e-05	1
12	rs7954162	1461254	0	3.383032e-04	3.115738e-05	1
12	rs7954213	1317297	0	-1.189623e-04	-1.090200e-05	1
12	rs7954247	1220688	0	-2.380512e-05	-2.507395e-06	1
12	rs7954498	1465100	0	-7.025234e-04	-9.296595e-05	1
12	rs7954858	1106783	0	9.355278e-04	1.326028e-04	1
12	rs79553944	1358311	0	-8.027816e-05	-1.124253e-05	1
12	rs7955535	1465214	0	-7.025234e-04	-9.296594e-05	1
12	rs7955591	1488117	0	-1.062317e-04	-1.017986e-05	1
12	rs7955610	1077860	0	7.129336e-04	8.228383e-05	1
12	rs7955711	1395069	0	-2.428845e-05	-3.208371e-06	1
12	rs7955986	1067254	0	1.522117e-03	1.899325e-04	1
12	rs7956588	1442830	0	3.398938e-04	3.228110e-05	1
12	rs7956798	1442943	0	-1.137730e-05	-1.087379e-06	1
12	rs7956944	1160156	0	9.154236e-04	9.280653e-05	1
12	rs79571145	1368223	0	-8.027816e-05	-1.124254e-05	1
12	rs7957250	1261717	0	5.476198e-05	7.076805e-06	1
12	rs7960039	1044972	0	-6.406784e-04	-6.943685e-05	1
12	rs7960436	1166702	0	2.177476e-04	2.014227e-05	1
12	rs79611138	1324007	0	-8.027816e-05	-1.124253e-05	1
12	rs7961190	1350512	0	1.087965e-04	1.515899e-05	1
12	rs7961575	1437415	0	-7.289118e-04	-7.485233e-05	1
12	rs7962050	1031454	0	-7.791513e-04	-8.205338e-05	1
12	rs7962440	1310732	0	7.240701e-04	7.221443e-05	1
12	rs7962697	1392573	0	8.943369e-05	8.550855e-06	1
12	rs7963507	1166957	0	4.100943e-04	4.864462e-05	1
12	rs7963551	1021515	0	1.681550e-04	1.983850e-05	1
12	rs7963602	1410165	0	5.974976e-04	5.802415e-05	1
12	rs79636874	1424774	0	-8.027816e-05	-1.124253e-05	1
12	rs7964502	998800	0	-3.987041e-04	-3.879436e-05	1
12	rs79650471	1062013	0	-2.782836e-04	-3.540375e-05	1
12	rs79658814	1153864	0	-3.612201e-06	-4.855172e-07	1
12	rs7966170	1122450	0	-6.631620e-04	-9.417174e-05	1
12	rs7966310	1433077	0	9.740024e-05	1.366413e-05	1
12	rs7966558	1403180	0	-2.197076e-05	-3.093735e-06	1
12	rs7967138	1085224	0	6.008109e-04	6.823034e-05	1
12	rs7967165	1080007	0	-1.038022e-05	-1.025334e-06	1
12	rs7967813	1238158	0	4.081997e-04	4.422158e-05	1
12	rs7967934	1417702	0	8.332420e-04	8.733851e-05	1
12	rs7967946	1293616	0	5.015810e-04	5.125540e-05	1
12	rs7968028	1045074	0	-7.431962e-04	-8.194726e-05	1
12	rs7968223	1411953	0	5.974976e-04	5.802412e-05	1
12	rs7968604	1382182	0	-1.511996e-04	-2.152322e-05	1
12	rs7968631	1015502	0	-1.015060e-05	-1.197472e-06	1
12	rs7968690	1320787	0	8.055880e-04	8.119812e-05	1
12	rs7968772	1442531	0	4.375262e-04	4.031249e-05	1
12	rs7969079	1233260	0	4.081997e-04	4.422156e-05	1
12	rs7970436	1497176	0	-4.342825e-04	-3.992984e-05	1
12	rs7970589	1497323	0	-9.889899e-04	-1.206976e-04	1
12	rs79707121	1044493	0	-9.568195e-04	-1.428837e-04	1
12	rs7971382	1079129	0	6.757867e-04	7.039112e-05	1
12	rs7971585	1382083	0	-4.553183e-06	-4.401887e-07	1
12	rs7971670	1330558	0	2.477096e-04	2.282428e-05	1
12	rs7971805	1317253	0	7.240701e-04	7.221438e-05	1
12	rs79718128	1246967	0	-3.364678e-04	-4.296496e-05	1
12	rs7972088	1442702	0	4.748173e-04	4.615166e-05	1
12	rs7972290	1443043	0	9.577221e-05	9.295667e-06	1
12	rs7972490	1009056	0	1.136492e-03	1.480265e-04	1
12	rs7972526	1134264	0	-6.631620e-04	-9.417173e-05	1
12	rs7972977	1465118	0	-3.038408e-04	-3.709877e-05	1
12	rs7973151	1224610	0	-8.481511e-05	-8.873994e-06	1
12	rs7973282	1224917	0	5.045848e-06	5.250117e-07	1
12	rs7973379	1488282	0	-6.704638e-04	-8.865274e-05	1
12	rs7973392	1224972	0	-1.904238e-05	-1.994964e-06	1
12	rs7973734	1488574	0	-1.462875e-04	-1.357904e-05	1
12	rs7973820	1409819	0	5.000974e-04	4.910589e-05	1
12	rs7973924	1409908	0	4.433474e-04	4.617199e-05	1
12	rs7974686	1125475	0	-6.981803e-04	-7.038082e-05	1
12	rs79756180	1107324	0	-3.445988e-04	-4.755082e-05	1
12	rs79758494	1423683	0	-8.027816e-05	-1.124253e-05	1
12	rs7975854	1428353	0	6.411936e-04	6.277726e-05	1
12	rs7975948	995378	0	2.863981e-04	3.301770e-05	1
12	rs7976103	1180197	0	-2.268649e-04	-3.067307e-05	1
12	rs7976337	1353629	0	8.592266e-05	7.881790e-06	1
12	rs7976525	1312936	0	2.668814e-04	3.703191e-05	1
12	rs7976803	1089853	0	-1.028095e-03	-1.468143e-04	1
12	rs7976985	1437376	0	9.806168e-05	1.379209e-05	1
12	rs7977090	1437447	0	9.806168e-05	1.379209e-05	1
12	rs7977370	1437726	0	-5.100411e-04	-6.021414e-05	1
12	rs7977526	1313732	0	-8.315908e-05	-7.776627e-06	1
12	rs7977736	1168319	0	-5.137565e-04	-5.598694e-05	1
12	rs79782920	1329411	0	6.323473e-05	9.018870e-06	1
12	rs7978591	1463866	0	-3.794232e-04	-5.219765e-05	1
12	rs7978898	1477326	0	-3.342766e-04	-3.047741e-05	1
12	rs7978960	1464185	0	-6.424896e-04	-8.753430e-05	1
12	rs7979631	1154432	0	-5.610459e-04	-7.769815e-05	1
12	rs7979637	1171101	0	4.964074e-04	4.755224e-05	1
12	rs7979798	1106320	0	9.355278e-04	1.326029e-04	1
12	rs7980065	1347086	0	-4.057881e-04	-3.588714e-05	1
12	rs7980582	1363821	0	-3.172331e-04	-2.971533e-05	1
12	rs7980813	1172337	0	-5.137565e-04	-5.598692e-05	1
12	rs79817382	1153019	0	-5.733691e-04	-8.285191e-05	1
12	rs79819462	1410822	0	-1.395963e-04	-1.895411e-05	1
12	rs79910681	1472655	0	1.747150e-04	2.465041e-05	1
12	rs79911912	1166549	0	-3.121070e-04	-4.632823e-05	1
12	rs79951315	1328501	0	-8.027816e-05	-1.124253e-05	1
12	rs79952330	1095926	0	-5.085375e-04	-7.201481e-05	1
12	rs79988776	1349175	0	-8.027816e-05	-1.124253e-05	1
12	rs80050554	1442285	0	-1.771776e-04	-2.344409e-05	1
12	rs80124846	1429088	0	-8.027816e-05	-1.124253e-05	1
12	rs80128317	1455449	0	-3.267738e-04	-4.626134e-05	1
12	rs80131029	1429711	0	-8.027816e-05	-1.124253e-05	1
12	rs80163054	1338225	0	8.200081e-07	1.168130e-07	1
12	rs80183365	1140782	0	-4.590351e-04	-5.890190e-05	1
12	rs80188161	1367981	0	-1.684910e-04	-2.385249e-05	1
12	rs80317175	1458551	0	-3.267738e-04	-4.626134e-05	1
12	rs8181744	1206698	0	2.165787e-04	2.976633e-05	1
12	rs880054	988558	0	-2.085805e-04	-2.022285e-05	1
12	rs953361	1001807	0	2.831027e-04	2.796142e-05	1
12	rs956868	990912	0	-1.440592e-04	-1.665174e-05	1
12	rs9630269	1157340	0	1.177978e-03	1.786888e-04	1
12	rs9634161	1029931	0	1.283418e-04	1.508450e-05	1
12	rs9668403	1466112	0	-6.084663e-04	-8.703836e-05	1
12	rs9668404	1466118	0	-6.084663e-04	-8.703835e-05	1
12	rs9668496	1108730	0	4.424466e-04	5.261321e-05	1
12	rs9669360	1466031	0	-6.084663e-04	-8.703835e-05	1
12	rs9669370	1466350	0	-6.084663e-04	-8.703835e-05	1
12	rs9738394	1169454	0	-3.121070e-04	-4.632823e-05	1
12	rs9739515	1426518	0	9.806168e-05	1.379210e-05	1
12	rs979335	1317971	0	-1.189623e-04	-1.090201e-05	1
12	rs9804992	988894	0	-1.072602e-03	-1.457901e-04	1
12	rs9943709	1305777	0	-1.844834e-04	-1.708729e-05	1
12	rs9943818	1415521	0	6.272315e-04	6.305422e-05	1
12	rs9943854	1414009	0	-5.630056e-05	-5.217264e-06	1
12	rs9988961	1223603	0	-8.481511e-05	-8.874009e-06	1
12	rs9989011	1239220	0	3.315030e-04	3.564122e-05	1
