chr	rs	ps	n_miss	b	beta	gamma
19	rs1004526	58588849	0	-5.306271e-04	-1.696586e-05	1
19	rs1005050	58949579	0	3.210421e-04	1.023701e-05	1
19	rs101447	58720717	0	3.897738e-04	1.236063e-05	1
19	rs1014767	58528303	0	-1.485525e-03	-5.048714e-05	1
19	rs1015224	58724380	0	-4.634727e-04	-1.582955e-05	1
19	rs1019490	58610559	0	-8.651373e-04	-2.772516e-05	1
19	rs1020054	58987301	0	1.719768e-04	5.790140e-06	1
19	rs10401711	58624499	0	-4.291453e-04	-1.397356e-05	1
19	rs10402098	58624615	0	-4.291453e-04	-1.397356e-05	1
19	rs10402211	58652341	0	-5.226114e-04	-1.674323e-05	1
19	rs10402307	58624732	0	-4.606867e-04	-1.486762e-05	1
19	rs10402325	58913507	0	1.104671e-04	3.595825e-06	1
19	rs10403117	58744033	0	2.540749e-04	8.489543e-06	1
19	rs10404798	58628509	0	-1.655961e-04	-5.342147e-06	1
19	rs10405350	58628515	0	-2.565463e-04	-8.262719e-06	1
19	rs10405769	58917418	0	8.695575e-04	2.787378e-05	1
19	rs10406593	58917575	0	3.918437e-04	1.246242e-05	1
19	rs10407096	58887170	0	4.869321e-04	1.537356e-05	1
19	rs10407616	58896384	0	4.459509e-04	1.488616e-05	1
19	rs10407894	58625081	0	-4.291453e-04	-1.397354e-05	1
19	rs10409388	58604114	0	2.852589e-04	9.045082e-06	1
19	rs10410171	59097308	0	3.414193e-04	1.066685e-05	1
19	rs10411535	58708526	0	4.763475e-06	1.810863e-07	1
19	rs10411892	58923725	0	4.940268e-04	1.577832e-05	1
19	rs10412181	58814507	0	-1.084220e-03	-3.600457e-05	1
19	rs10412209	58629463	0	-1.735400e-04	-5.599825e-06	1
19	rs10412612	58632446	0	-2.389698e-04	-7.720896e-06	1
19	rs10413586	59071321	0	3.349187e-04	1.049825e-05	1
19	rs10414125	59064327	0	-7.596103e-05	-2.551575e-06	1
19	rs10415286	58720992	0	-4.185216e-04	-1.309428e-05	1
19	rs10415313	58675417	0	-1.977620e-04	-6.272929e-06	1
19	rs10416149	58964306	0	2.570027e-04	8.036098e-06	1
19	rs10417092	58915193	0	4.872702e-04	1.555593e-05	1
19	rs10417104	58923866	0	6.815668e-05	2.108544e-06	1
19	rs10419091	58723359	0	-2.973855e-04	-9.627466e-06	1
19	rs10419259	58630192	0	-5.842794e-04	-1.893604e-05	1
19	rs10420221	58794026	0	6.101324e-04	1.958919e-05	1
19	rs10420540	58521290	0	-1.089807e-03	-3.741608e-05	1
19	rs10420801	58609457	0	4.647966e-04	1.508620e-05	1
19	rs10421140	58609376	0	2.013350e-04	6.539485e-06	1
19	rs10421350	58609443	0	4.522581e-04	1.467408e-05	1
19	rs10422127	58609220	0	-3.605320e-04	-1.177251e-05	1
19	rs10422438	58523444	0	-1.136151e-03	-3.840224e-05	1
19	rs10422730	58618747	0	-4.465195e-04	-1.447856e-05	1
19	rs10423138	58928302	0	9.322442e-04	3.004337e-05	1
19	rs10423778	58627574	0	-5.486865e-04	-1.777132e-05	1
19	rs10424179	58627725	0	-5.301788e-04	-1.717586e-05	1
19	rs10425266	58694416	0	1.841264e-04	5.944290e-06	1
19	rs10425685	58703085	0	1.328366e-04	4.287891e-06	1
19	rs10432292	59036273	0	8.108690e-05	2.714643e-06	1
19	rs10448	59093239	0	3.020785e-04	9.432359e-06	1
19	rs10469313	58892510	0	2.778833e-04	8.745028e-06	1
19	rs1051500	58944402	0	9.310317e-04	3.001471e-05	1
19	rs1057402	58580277	0	-6.732799e-04	-2.162462e-05	1
19	rs1058144	59075115	0	2.205252e-05	7.193507e-07	1
19	rs1064267	58597405	0	-7.572121e-04	-2.510630e-05	1
19	rs1077420	58968875	0	1.281622e-03	4.241335e-05	1
19	rs10775573	58614974	0	-8.651373e-04	-2.772507e-05	1
19	rs10775574	58615053	0	-8.651373e-04	-2.772506e-05	1
19	rs1080416	58559785	0	-4.391669e-04	-1.430610e-05	1
19	rs10853902	58614749	0	-8.651373e-04	-2.772504e-05	1
19	rs10853903	58714926	0	2.685599e-04	8.670595e-06	1
19	rs10853904	58885260	0	-2.598021e-04	-8.709270e-06	1
19	rs10878	58595676	0	-8.794102e-04	-2.931666e-05	1
19	rs1107399	58955556	0	1.511389e-04	4.772038e-06	1
19	rs11084528	58527472	0	-3.399537e-04	-1.069172e-05	1
19	rs11084531	58582586	0	-5.640861e-04	-1.790883e-05	1
19	rs11084532	58583939	0	-4.634999e-04	-1.466354e-05	1
19	rs11084534	58613950	0	-8.651373e-04	-2.772503e-05	1
19	rs11084535	58614035	0	-8.651373e-04	-2.772501e-05	1
19	rs11084537	58629227	0	-1.334709e-04	-4.331178e-06	1
19	rs11084538	58629238	0	-2.663926e-04	-8.581425e-06	1
19	rs11084542	58932099	0	-3.553542e-04	-1.148528e-05	1
19	rs11084543	58932701	0	-3.524293e-04	-1.138920e-05	1
19	rs11084544	58940127	0	-3.434753e-04	-1.110723e-05	1
19	rs11084545	58951693	0	8.174004e-04	2.616465e-05	1
19	rs111426967	58526736	0	1.226451e-04	4.068381e-06	1
19	rs111476488	58632584	0	2.830759e-04	9.201963e-06	1
19	rs111497992	58952247	0	-2.419530e-04	-8.208612e-06	1
19	rs111785442	59088450	0	-6.980271e-04	-2.394822e-05	1
19	rs111938040	58682195	0	-2.254892e-04	-7.646054e-06	1
19	rs111961880	58521852	0	-3.071606e-04	-1.034360e-05	1
19	rs112047932	59096384	0	7.017522e-05	2.369717e-06	1
19	rs112072625	58851928	0	3.969208e-04	1.341987e-05	1
19	rs112121304	58747493	0	5.087117e-04	1.717922e-05	1
19	rs1122955	58946203	0	-4.161824e-04	-1.349295e-05	1
19	rs112380274	58538047	0	-5.853908e-04	-2.007720e-05	1
19	rs112404933	59051273	16	3.703925e-04	1.203332e-05	1
19	rs112495529	59086341	0	-3.529950e-04	-1.185281e-05	1
19	rs112630877	58713159	0	-4.719380e-04	-1.602657e-05	1
19	rs112710702	58907700	0	-1.065303e-04	-3.610916e-06	1
19	rs112807223	58957572	0	-4.080458e-05	-1.385535e-06	1
19	rs112809147	58521822	0	6.565469e-05	2.187706e-06	1
19	rs112884174	58795474	0	7.561014e-04	2.439182e-05	1
19	rs112905868	58696543	0	1.041159e-04	3.364798e-06	1
19	rs112923015	58843344	0	5.908882e-04	2.004460e-05	1
19	rs113038922	58848825	2	8.410380e-04	2.904688e-05	1
19	rs113128193	59054938	0	4.072779e-05	1.375867e-06	1
19	rs113129007	58572389	0	-1.396168e-04	-4.757323e-06	1
19	rs113234672	59044327	0	-8.108690e-05	-2.714655e-06	1
19	rs113267181	59018390	0	5.786221e-04	1.843263e-05	1
19	rs113368366	59098134	0	-8.449196e-05	-2.815667e-06	1
19	rs113630669	59008097	9	6.290660e-04	2.013212e-05	1
19	rs113702420	58728671	0	-6.054860e-04	-2.081038e-05	1
19	rs113742427	59035589	0	3.341713e-04	1.055292e-05	1
19	rs113744797	58793000	0	-4.852568e-04	-1.670584e-05	1
19	rs113747485	58702661	0	-6.683483e-04	-2.281797e-05	1
19	rs113782954	58521588	0	-1.195799e-03	-4.076407e-05	1
19	rs113896796	58999674	0	-1.419026e-04	-4.843619e-06	1
19	rs113896797	58522122	0	-1.024153e-03	-3.433904e-05	1
19	rs113897676	58526091	2	1.464649e-04	4.846899e-06	1
19	rs113909979	58843146	0	5.908882e-04	2.004460e-05	1
19	rs113992190	58531244	0	6.565469e-05	2.187709e-06	1
19	rs114393548	58963349	0	2.887282e-04	9.180218e-06	1
19	rs11486499	59017417	0	-5.053572e-04	-1.593468e-05	1
19	rs115134660	58671275	0	1.393251e-04	4.705936e-06	1
19	rs11545185	59028585	0	-3.676313e-04	-1.200167e-05	1
19	rs11665688	58953762	0	-5.205973e-04	-1.699122e-05	1
19	rs11666156	58790359	0	4.324523e-04	1.366710e-05	1
19	rs11666227	58573559	0	-1.404962e-04	-4.402824e-06	1
19	rs11666303	58922502	0	-3.524293e-04	-1.138917e-05	1
19	rs11666477	58777937	0	3.614864e-04	1.139877e-05	1
19	rs11666502	58953826	0	-5.209379e-04	-1.700080e-05	1
19	rs11666610	58527828	0	-4.152659e-04	-1.311181e-05	1
19	rs11666716	58920952	0	-3.524293e-04	-1.138916e-05	1
19	rs11666790	59033341	0	-2.743064e-04	-8.589632e-06	1
19	rs11666928	58914231	0	-2.156778e-04	-6.958078e-06	1
19	rs11667482	58568958	0	1.024668e-03	3.340728e-05	1
19	rs11667581	58622193	0	-6.730786e-04	-2.131745e-05	1
19	rs11667723	58927489	0	-3.524293e-04	-1.138916e-05	1
19	rs11668071	58973141	0	-1.907274e-04	-6.507644e-06	1
19	rs11668201	59003632	0	-5.444577e-04	-1.778289e-05	1
19	rs11668350	58775813	0	-3.233833e-04	-1.018800e-05	1
19	rs11668420	58937836	0	-3.536418e-04	-1.144115e-05	1
19	rs11668757	58928299	0	-3.178609e-04	-1.027418e-05	1
19	rs11668785	58780089	0	-8.290477e-05	-2.582462e-06	1
19	rs11668789	58928309	0	-3.524293e-04	-1.138914e-05	1
19	rs11668814	58946833	0	-4.161824e-04	-1.349289e-05	1
19	rs11668821	58955813	0	-5.209379e-04	-1.700076e-05	1
19	rs11669093	58912795	0	5.978998e-04	2.018322e-05	1
19	rs11669127	59003830	0	-6.843023e-04	-2.257467e-05	1
19	rs11669305	58886431	0	5.708083e-04	1.878895e-05	1
19	rs11669345	59062259	0	-3.438517e-04	-1.114816e-05	1
19	rs11669347	58951632	0	1.477950e-04	4.674220e-06	1
19	rs11669373	58798685	0	3.220478e-04	1.014453e-05	1
19	rs11669378	58951686	0	6.901525e-05	2.163474e-06	1
19	rs11669464	58998901	0	-6.092860e-04	-2.005738e-05	1
19	rs11669526	58998914	0	-6.092860e-04	-2.005738e-05	1
19	rs11669665	58931885	8	-2.614575e-04	-8.431556e-06	1
19	rs11669741	58960481	0	8.123967e-04	2.599156e-05	1
19	rs11669829	58624120	0	-4.291453e-04	-1.397346e-05	1
19	rs11669919	58580394	0	-5.131004e-04	-1.625225e-05	1
19	rs11670035	58573649	0	-1.787804e-04	-5.606657e-06	1
19	rs11670075	58751393	0	-1.438504e-04	-4.500551e-06	1
19	rs11670192	59017640	0	-4.123592e-04	-1.339489e-05	1
19	rs11670322	58917125	0	2.986979e-04	9.508441e-06	1
19	rs11670347	58917040	0	-6.493557e-05	-2.114228e-06	1
19	rs11670764	58992896	0	-6.610351e-04	-2.108447e-05	1
19	rs11670848	58580962	0	-4.125142e-04	-1.302484e-05	1
19	rs11670864	59030580	0	-3.789075e-04	-1.228880e-05	1
19	rs11670871	58940514	0	-3.464001e-04	-1.120323e-05	1
19	rs11671033	58963669	0	-4.924299e-04	-1.608488e-05	1
19	rs11671092	59009109	0	-7.003877e-04	-2.321949e-05	1
19	rs11671113	58958087	0	8.123967e-04	2.599155e-05	1
19	rs11671199	58722673	0	1.752276e-04	5.665984e-06	1
19	rs11671477	58800346	0	3.220478e-04	1.014455e-05	1
19	rs11671486	58793064	0	3.671789e-04	1.158371e-05	1
19	rs11671591	58918337	0	-3.553542e-04	-1.148517e-05	1
19	rs11671725	58587046	0	-4.125142e-04	-1.302484e-05	1
19	rs11672212	59018821	0	-4.842941e-05	-1.625163e-06	1
19	rs11672258	58934685	0	-3.524293e-04	-1.138909e-05	1
19	rs11672379	58575800	0	-1.601795e-04	-5.101467e-06	1
19	rs11672609	59006924	0	-7.003877e-04	-2.321948e-05	1
19	rs11672614	59006984	0	-7.003877e-04	-2.321948e-05	1
19	rs11672645	58718698	0	-4.222803e-04	-1.356680e-05	1
19	rs11672730	59007203	0	-7.003877e-04	-2.321947e-05	1
19	rs11672765	58801758	0	8.722639e-04	2.799577e-05	1
19	rs11672773	58801784	0	7.473156e-04	2.385507e-05	1
19	rs11673069	58934918	0	-3.076944e-04	-9.940834e-06	1
19	rs11673101	58995053	0	-2.690815e-04	-8.770332e-06	1
19	rs11673436	58576358	0	-5.131004e-04	-1.625225e-05	1
19	rs11673465	59038895	0	-8.548627e-04	-2.827858e-05	1
19	rs11673550	58777337	0	-2.354268e-04	-7.366686e-06	1
19	rs11673557	58777390	0	-2.601985e-04	-8.150172e-06	1
19	rs11673703	58983549	0	9.911453e-05	3.292223e-06	1
19	rs116922203	58537659	0	1.020946e-04	3.467347e-06	1
19	rs116938565	58752980	0	-6.379829e-04	-2.178581e-05	1
19	rs117121674	58619217	0	-1.078523e-04	-3.681164e-06	1
19	rs117207849	58645844	0	-4.040690e-04	-1.387166e-05	1
19	rs117233340	58531540	0	4.170129e-05	1.414702e-06	1
19	rs117316552	59087901	0	-8.130873e-05	-2.751366e-06	1
19	rs117415600	58985438	0	-1.833491e-06	-5.935895e-08	1
19	rs117450623	58789961	0	-5.669976e-05	-1.928094e-06	1
19	rs117465682	58954770	0	-1.833491e-06	-5.935888e-08	1
19	rs117482759	58808414	0	-4.033876e-05	-1.375892e-06	1
19	rs117509647	58580355	0	-1.052815e-04	-3.579325e-06	1
19	rs117591817	58875573	0	9.605680e-06	3.291061e-07	1
19	rs117625253	59097933	0	-5.042209e-04	-1.730656e-05	1
19	rs117667229	58690935	0	-1.808386e-04	-6.128805e-06	1
19	rs117761389	58665641	0	1.201513e-04	4.087910e-06	1
19	rs117800501	58649809	0	4.803036e-05	1.633280e-06	1
19	rs117831716	58571600	0	1.833550e-04	6.269328e-06	1
19	rs117962485	58794158	0	5.778589e-05	1.976551e-06	1
19	rs118058287	58726678	0	1.952192e-04	6.642567e-06	1
19	rs118098469	59027453	0	-2.140791e-05	-7.261538e-07	1
19	rs118122480	58697975	0	-1.071845e-04	-3.649320e-06	1
19	rs118165397	58873238	0	9.745322e-04	3.398503e-05	1
19	rs11878198	58920302	0	-3.524293e-04	-1.138906e-05	1
19	rs11878203	58920050	0	-3.553542e-04	-1.148514e-05	1
19	rs11879192	58613591	0	-8.651373e-04	-2.772495e-05	1
19	rs11879575	58660968	0	4.645301e-04	1.519080e-05	1
19	rs11879748	58613819	0	-8.651373e-04	-2.772493e-05	1
19	rs11879808	58876517	0	7.835446e-07	2.564276e-08	1
19	rs11881000	58932788	0	-3.553542e-04	-1.148514e-05	1
19	rs11881126	58523990	0	-3.870512e-04	-1.221404e-05	1
19	rs11882226	59064636	0	-7.596103e-05	-2.551607e-06	1
19	rs11882439	58730564	0	-6.618383e-04	-2.168370e-05	1
19	rs11883119	58750511	0	-6.379829e-04	-2.178581e-05	1
19	rs11883136	58750671	0	-6.379829e-04	-2.178581e-05	1
19	rs12052202	59048311	0	-4.021997e-04	-1.360518e-05	1
19	rs12151036	58714235	0	1.887241e-04	6.092189e-06	1
19	rs12459294	58878494	0	-3.208106e-04	-1.076154e-05	1
19	rs12459340	58878484	0	3.921333e-04	1.232235e-05	1
19	rs12459664	58883817	0	-2.485656e-04	-8.327745e-06	1
19	rs12459668	58883897	0	-9.044025e-05	-3.037342e-06	1
19	rs12459942	58678797	0	1.430126e-04	4.864344e-06	1
19	rs12460016	58784640	0	4.112550e-04	1.328526e-05	1
19	rs12460050	58666109	0	-5.874107e-04	-1.927252e-05	1
19	rs12460553	58903304	0	-6.346336e-04	-2.025177e-05	1
19	rs12460623	58903574	0	-3.392592e-04	-1.069815e-05	1
19	rs12460974	58537461	0	-1.088376e-04	-3.403135e-06	1
19	rs12461217	58579927	0	-9.118692e-05	-2.905658e-06	1
19	rs12461356	58668553	0	-3.003744e-04	-9.492333e-06	1
19	rs12461832	58611210	0	-8.651373e-04	-2.772491e-05	1
19	rs12462307	58784732	0	-1.216221e-03	-4.096679e-05	1
19	rs12462495	59089792	0	7.202148e-05	2.446545e-06	1
19	rs12462497	58964424	0	-5.156470e-04	-1.736988e-05	1
19	rs12462787	58801360	0	4.070292e-04	1.318517e-05	1
19	rs12608795	58896477	0	6.256510e-04	1.997779e-05	1
19	rs12609270	58888787	0	1.576509e-04	4.934569e-06	1
19	rs12611047	58889108	0	2.704982e-04	8.502414e-06	1
19	rs1265953	58854566	0	-3.489332e-04	-1.174522e-05	1
19	rs1265954	58854600	0	-3.500604e-04	-1.180488e-05	1
19	rs1265955	58856812	0	-3.046873e-04	-1.027020e-05	1
19	rs1265956	58857131	0	-6.815443e-04	-2.307713e-05	1
19	rs1265957	58858676	0	5.691482e-05	1.924252e-06	1
19	rs1265961	58860387	2	-3.137700e-04	-1.027729e-05	1
19	rs1268538	58853363	0	3.500604e-04	1.180488e-05	1
19	rs12971534	58541508	0	-6.899260e-04	-2.280897e-05	1
19	rs12971923	58634625	0	-5.486354e-04	-1.784614e-05	1
19	rs12971940	58541514	0	-6.262632e-04	-2.067403e-05	1
19	rs12972034	58690818	0	-2.243019e-04	-7.167575e-06	1
19	rs12972054	58735053	0	-8.082286e-05	-2.587702e-06	1
19	rs12972201	59035989	0	6.572866e-05	2.199993e-06	1
19	rs12972400	59036000	0	-3.304680e-04	-1.123799e-05	1
19	rs12972438	58728126	0	-3.728893e-04	-1.197050e-05	1
19	rs12972443	58757870	0	-1.795207e-04	-5.624905e-06	1
19	rs12972597	59036021	0	-3.304680e-04	-1.123799e-05	1
19	rs12972636	59036119	0	-3.040455e-04	-1.032779e-05	1
19	rs12972884	58749797	0	-1.885656e-04	-5.914820e-06	1
19	rs12972898	58956888	0	-3.969525e-04	-1.291522e-05	1
19	rs12972962	59036017	0	-3.304680e-04	-1.123799e-05	1
19	rs12973189	58618974	0	-2.915818e-04	-9.184947e-06	1
19	rs12973218	58729931	0	-6.618383e-04	-2.168367e-05	1
19	rs12973231	58729904	0	-6.618383e-04	-2.168367e-05	1
19	rs12973458	58729973	0	-6.618383e-04	-2.168367e-05	1
19	rs12973718	58580615	0	5.668205e-05	1.864818e-06	1
19	rs12974045	58612080	10	-5.995750e-04	-1.884088e-05	1
19	rs12974312	58612154	0	-8.651373e-04	-2.772486e-05	1
19	rs12975369	58693418	0	-2.243019e-04	-7.167540e-06	1
19	rs12975659	58612122	0	-5.983745e-04	-1.963496e-05	1
19	rs12975995	58553864	0	-7.111376e-04	-2.347812e-05	1
19	rs12976331	58751639	0	-1.068602e-04	-3.354405e-06	1
19	rs12976771	58614336	0	-8.651373e-04	-2.772484e-05	1
19	rs12976842	58614404	0	-8.651373e-04	-2.772483e-05	1
19	rs12976966	58647516	0	-7.064550e-04	-2.358981e-05	1
19	rs12977251	58605521	0	-6.757055e-05	-2.104680e-06	1
19	rs12977390	58614604	0	-8.651373e-04	-2.772481e-05	1
19	rs12977592	58961056	0	6.955718e-04	2.236391e-05	1
19	rs12977863	58702050	0	-2.243019e-04	-7.167518e-06	1
19	rs12977929	58688430	0	-2.243019e-04	-7.167513e-06	1
19	rs12978129	58725724	0	-3.929682e-04	-1.261094e-05	1
19	rs12978139	58732605	0	-5.540112e-04	-1.806067e-05	1
19	rs12978152	58732656	0	-4.917168e-04	-1.571018e-05	1
19	rs12978231	58614357	0	-8.651373e-04	-2.772479e-05	1
19	rs12979108	58732779	0	-6.738271e-04	-2.209026e-05	1
19	rs12979415	58952608	0	1.048021e-04	3.558528e-06	1
19	rs12979906	58732532	0	-6.266264e-04	-2.000322e-05	1
19	rs12980120	58618223	0	-4.347623e-04	-1.419423e-05	1
19	rs12980208	58860812	0	-1.587786e-04	-5.323793e-06	1
19	rs12980211	58611169	0	-8.651373e-04	-2.772477e-05	1
19	rs12980299	58787473	0	3.671789e-04	1.158382e-05	1
19	rs12980430	59002009	0	1.150159e-03	3.792573e-05	1
19	rs12980623	58624996	0	-7.283614e-04	-2.424055e-05	1
19	rs12980697	58963488	0	-1.850606e-04	-5.960249e-06	1
19	rs12980907	58956326	0	-5.209379e-04	-1.700065e-05	1
19	rs12981083	58963468	0	-1.826266e-04	-5.888127e-06	1
19	rs12981092	58963475	0	-2.290201e-04	-7.380455e-06	1
19	rs12981338	58618736	0	-2.527514e-04	-7.958226e-06	1
19	rs12981417	58596956	0	-1.069467e-03	-3.630484e-05	1
19	rs12981649	58930043	0	-3.524293e-04	-1.138901e-05	1
19	rs12981684	58632144	0	-5.486354e-04	-1.784606e-05	1
19	rs12981875	58935130	0	-3.422629e-04	-1.105548e-05	1
19	rs12982505	58613285	0	-6.768056e-04	-2.151444e-05	1
19	rs12982863	58715418	0	-4.218146e-04	-1.355285e-05	1
19	rs12983138	58655373	0	-1.347649e-03	-4.477791e-05	1
19	rs12983165	58958435	0	-5.209379e-04	-1.700063e-05	1
19	rs12983169	58768177	0	-3.854210e-04	-1.220970e-05	1
19	rs12983679	58923736	0	-3.553542e-04	-1.148508e-05	1
19	rs12983701	58613499	0	-7.522685e-04	-2.390560e-05	1
19	rs12983728	58671267	0	-7.267359e-04	-2.429405e-05	1
19	rs12983843	58923618	1	-3.663856e-04	-1.184912e-05	1
19	rs12984015	58613031	0	-8.651373e-04	-2.772471e-05	1
19	rs12984254	58613113	0	-8.651373e-04	-2.772470e-05	1
19	rs12984878	58562150	0	-4.467072e-04	-1.455383e-05	1
19	rs12985394	58958585	0	-5.209379e-04	-1.700062e-05	1
19	rs12985543	58689072	0	-2.243019e-04	-7.167444e-06	1
19	rs12986027	58793596	0	3.671789e-04	1.158386e-05	1
19	rs12986378	58727821	0	-3.728893e-04	-1.197037e-05	1
19	rs12986387	58927215	0	-3.524293e-04	-1.138898e-05	1
19	rs13343526	58908150	0	5.440977e-04	1.820412e-05	1
19	rs13344155	59085666	0	-2.756333e-05	-9.278548e-07	1
19	rs13344679	58693697	0	1.328366e-04	4.287963e-06	1
19	rs13345808	58674696	0	-2.988523e-04	-9.491239e-06	1
19	rs13346342	58522715	0	-1.176901e-03	-4.080025e-05	1
19	rs13382065	58903698	0	-4.111037e-04	-1.300556e-05	1
19	rs139211863	58843003	0	5.908882e-04	2.004455e-05	1
19	rs140171882	58659248	0	5.931052e-04	1.951505e-05	1
19	rs140214515	58654197	0	-3.018852e-04	-1.031954e-05	1
19	rs140638120	58754319	0	-3.649171e-04	-1.251984e-05	1
19	rs140755790	58680275	0	6.711799e-06	2.326087e-07	1
19	rs141669549	58690674	0	3.759236e-04	1.224311e-05	1
19	rs141815249	58690989	0	-1.808386e-04	-6.128802e-06	1
19	rs141887102	59077031	0	-2.739160e-04	-8.862921e-06	1
19	rs142677013	58655817	0	-2.127211e-04	-7.264920e-06	1
19	rs143096975	58622408	0	7.816009e-05	2.656320e-06	1
19	rs143314212	58810770	0	-4.109771e-04	-1.405089e-05	1
19	rs143712775	58643218	0	5.393682e-05	1.822116e-06	1
19	rs144310654	58669338	0	-2.564432e-04	-8.765186e-06	1
19	rs144479077	58634823	0	1.054468e-04	3.588933e-06	1
19	rs144760313	58894031	0	-4.826113e-04	-1.643458e-05	1
19	rs144929606	59015873	0	6.051289e-04	1.929966e-05	1
19	rs146262068	59077090	0	-4.399677e-04	-1.483001e-05	1
19	rs1465789	58946056	0	9.310317e-04	3.001465e-05	1
19	rs1469087	58572979	0	6.432494e-04	2.158973e-05	1
19	rs147878006	58887658	0	-5.133275e-04	-1.739385e-05	1
19	rs148493024	58655648	0	2.297113e-05	7.828910e-07	1
19	rs148953731	58662865	0	-3.693833e-04	-1.252707e-05	1
19	rs149513825	58925379	0	-1.833491e-06	-5.935513e-08	1
19	rs149594935	58681857	0	-1.654181e-04	-5.580510e-06	1
19	rs149863732	58917068	0	-5.353702e-05	-1.746240e-06	1
19	rs150191918	58691030	0	2.676813e-05	9.115355e-07	1
19	rs150752046	58888366	0	6.682359e-04	2.284197e-05	1
19	rs150892142	58743405	0	-1.359524e-04	-4.595901e-06	1
19	rs150997678	59052967	1	6.971364e-05	2.380143e-06	1
19	rs151265692	59019648	0	-6.337771e-05	-2.148074e-06	1
19	rs1529329	58600048	0	6.936413e-04	2.283324e-05	1
19	rs1529958	58899466	0	4.427280e-04	1.391166e-05	1
19	rs1529959	58899342	0	2.948156e-04	9.242985e-06	1
19	rs1544796	58542425	0	5.679077e-04	1.909574e-05	1
19	rs1544888	58570912	0	2.121710e-04	6.721423e-06	1
19	rs1549279	58528621	0	-1.383179e-03	-4.661838e-05	1
19	rs1549491	58588434	0	-1.722102e-05	-5.591615e-07	1
19	rs1549492	58585248	0	-5.040688e-04	-1.613991e-05	1
19	rs1549493	58585367	0	-5.555281e-04	-1.779119e-05	1
19	rs1549495	58529518	0	-3.969441e-04	-1.252189e-05	1
19	rs1550812	59090423	0	3.995796e-04	1.340534e-05	1
19	rs1550813	59090227	0	3.138560e-04	9.826710e-06	1
19	rs157355	58692686	0	4.146572e-04	1.305830e-05	1
19	rs157357	58693870	0	7.798679e-04	2.621023e-05	1
19	rs157358	58643751	0	-2.057814e-04	-6.682107e-06	1
19	rs157360	58650058	0	-5.101695e-04	-1.645064e-05	1
19	rs157361	58676017	0	-6.812770e-04	-2.262223e-05	1
19	rs157362	58675894	0	7.328055e-04	2.441260e-05	1
19	rs157363	58675603	0	-6.812770e-04	-2.262223e-05	1
19	rs157364	58675220	0	-4.475016e-04	-1.413049e-05	1
19	rs157365	58674756	0	-4.923808e-04	-1.557806e-05	1
19	rs157366	58674526	0	-4.481069e-04	-1.424538e-05	1
19	rs157367	58674310	0	-5.975555e-04	-1.969050e-05	1
19	rs157369	58672078	0	-2.690827e-04	-8.530967e-06	1
19	rs157370	58671178	0	-3.548617e-04	-1.127770e-05	1
19	rs157371	58669973	0	-3.758923e-04	-1.194706e-05	1
19	rs157372	58668597	0	-3.548617e-04	-1.127770e-05	1
19	rs157373	58666990	0	3.718742e-04	1.215582e-05	1
19	rs157374	58666086	0	4.236268e-04	1.388864e-05	1
19	rs157375	58665001	0	3.718742e-04	1.215582e-05	1
19	rs157376	58663457	0	-2.138477e-04	-6.940177e-06	1
19	rs157378	58696697	0	5.008997e-04	1.587836e-05	1
19	rs157379	58696598	0	6.181647e-04	1.967778e-05	1
19	rs1592993	58555971	0	4.015134e-04	1.342674e-05	1
19	rs1592994	58555932	0	3.658263e-04	1.222916e-05	1
19	rs1592995	58555850	0	3.800340e-04	1.269964e-05	1
19	rs159667	58648359	0	-6.696361e-05	-2.083666e-06	1
19	rs159668	58643841	0	-2.057814e-04	-6.682081e-06	1
19	rs159670	58641777	0	-8.070662e-05	-2.576459e-06	1
19	rs159671	58641701	0	-8.070662e-05	-2.576455e-06	1
19	rs159672	58641686	0	5.584780e-04	1.835788e-05	1
19	rs159673	58641457	0	-8.070662e-05	-2.576451e-06	1
19	rs159674	58670181	0	-1.648899e-04	-5.341749e-06	1
19	rs159675	58668765	0	3.139395e-04	9.854504e-06	1
19	rs159676	58666427	0	3.139395e-04	9.854503e-06	1
19	rs159677	58665490	0	2.755454e-04	8.636581e-06	1
19	rs159678	58679085	0	-6.904784e-04	-2.289109e-05	1
19	rs159679	58661732	0	2.373549e-04	7.421309e-06	1
19	rs159680	58661581	0	3.718742e-04	1.215582e-05	1
19	rs159870	58549366	0	9.004105e-04	2.944030e-05	1
19	rs159871	58550281	0	1.008981e-03	3.322317e-05	1
19	rs159872	58547449	0	9.381691e-04	3.073672e-05	1
19	rs159873	58547516	0	9.381691e-04	3.073672e-05	1
19	rs159874	58548431	0	3.624582e-04	1.212678e-05	1
19	rs166343	58775182	0	-2.354268e-04	-7.366550e-06	1
19	rs166830	58658950	3	4.206257e-04	1.379337e-05	1
19	rs166831	58676446	0	-6.812770e-04	-2.262219e-05	1
19	rs169776	58550436	0	3.624582e-04	1.212678e-05	1
19	rs16988654	58837269	0	2.188814e-04	7.299007e-06	1
19	rs16988659	58840850	0	4.701962e-04	1.587039e-05	1
19	rs16988665	58840905	0	2.276362e-04	7.651661e-06	1
19	rs16988667	58842180	0	3.959662e-04	1.328061e-05	1
19	rs16988668	58850756	0	5.121794e-04	1.724124e-05	1
19	rs171851	58758900	0	2.195771e-04	7.181989e-06	1
19	rs171852	58754386	0	1.104281e-04	3.458680e-06	1
19	rs171853	58685051	0	-7.015685e-04	-2.244217e-05	1
19	rs171854	58666802	0	4.255123e-04	1.393867e-05	1
19	rs174280	58711922	0	5.516693e-04	1.748707e-05	1
19	rs174281	58735457	0	6.318154e-05	2.087977e-06	1
19	rs176981	58655580	0	-5.711974e-04	-1.856274e-05	1
19	rs17853924	58806686	0	-4.895383e-04	-1.666446e-05	1
19	rs1808397	58572356	0	-1.854189e-05	-5.952051e-07	1
19	rs1812874	58632506	0	-2.389698e-04	-7.720617e-06	1
19	rs181320759	58658446	0	4.588750e-04	1.501188e-05	1
19	rs181994	58746054	0	2.965097e-04	9.699288e-06	1
19	rs182055294	58526154	4	1.312953e-04	4.335891e-06	1
19	rs183304547	58609059	0	-1.078523e-04	-3.681156e-06	1
19	rs184128	58548760	0	9.456129e-04	3.100050e-05	1
19	rs185161330	58916579	3	-3.409775e-04	-1.104798e-05	1
19	rs185464	58776863	0	-8.734096e-04	-2.808451e-05	1
19	rs185791	58644371	0	-2.246556e-04	-7.175141e-06	1
19	rs1865960	58894235	0	-3.694520e-04	-1.241622e-05	1
19	rs1867726	59084306	0	3.527542e-04	1.115019e-05	1
19	rs1867727	59084181	0	2.636949e-04	8.311046e-06	1
19	rs187760	58775192	0	-2.614906e-04	-8.189233e-06	1
19	rs188370	58529192	0	-2.425506e-04	-7.722452e-06	1
19	rs188415	58616313	0	2.161687e-04	6.982647e-06	1
19	rs188486366	58526153	4	9.875428e-05	3.266380e-06	1
19	rs189981267	58970374	0	1.949405e-04	6.642314e-06	1
19	rs190729	58658029	0	-1.311043e-05	-3.866961e-07	1
19	rs190882	58529365	0	-3.881892e-04	-1.240910e-05	1
19	rs190975	58631968	0	2.996675e-04	1.019738e-05	1
19	rs193390	58548658	0	2.075649e-04	6.866566e-06	1
19	rs1968868	58678383	0	-8.738583e-06	-3.024148e-07	1
19	rs1974819	58656963	0	4.329046e-04	1.420228e-05	1
19	rs1974826	58590145	0	-6.397092e-04	-2.056946e-05	1
19	rs1985434	58764185	0	-5.906516e-04	-1.854850e-05	1
19	rs1987625	58632634	0	-2.036496e-04	-6.618082e-06	1
19	rs1987626	58632649	0	-2.389698e-04	-7.720604e-06	1
19	rs1993463	58786898	0	-8.628330e-04	-2.992131e-05	1
19	rs1993464	58786953	0	-5.643731e-04	-1.815977e-05	1
19	rs2003104	59020597	0	-6.460836e-04	-2.214991e-05	1
19	rs2011666	58990045	0	5.190023e-04	1.658059e-05	1
19	rs2013635	58646792	0	3.510471e-04	1.144557e-05	1
19	rs2033711	58999350	1	9.042748e-04	2.903392e-05	1
19	rs204216	58660769	0	3.718742e-04	1.215583e-05	1
19	rs2046357	58673534	0	6.711799e-06	2.326158e-07	1
19	rs2052733	58625864	0	-1.655961e-04	-5.341838e-06	1
19	rs2052734	58626005	0	-9.227563e-05	-2.954854e-06	1
19	rs2052735	58626112	0	-2.565463e-04	-8.262389e-06	1
19	rs2062251	58715682	0	-2.597321e-04	-8.309947e-06	1
19	rs2081578	58669335	0	2.813384e-04	9.514864e-06	1
19	rs2098685	58630409	0	1.136155e-04	3.683324e-06	1
19	rs2098686	58630043	0	-1.673466e-05	-5.109878e-07	1
19	rs2098687	58630023	0	-7.332915e-06	-2.077200e-07	1
19	rs2098717	58524390	0	-4.997404e-05	-1.673681e-06	1
19	rs2100610	58802349	0	-9.683230e-04	-3.397115e-05	1
19	rs2112825	58614156	0	1.366211e-04	4.441471e-06	1
19	rs211579	58615270	0	-5.426711e-04	-1.777867e-05	1
19	rs2124911	58696798	0	-2.243019e-04	-7.167370e-06	1
19	rs2168644	58788393	0	3.671789e-04	1.158392e-05	1
19	rs2228162	59074429	0	-2.379658e-04	-7.969913e-06	1
19	rs2229375	58578578	0	-5.131004e-04	-1.625237e-05	1
19	rs2229379	58579923	0	-4.125142e-04	-1.302496e-05	1
19	rs2241406	58549593	0	2.138792e-04	7.124085e-06	1
19	rs2241787	58906163	0	-1.426670e-05	-4.494749e-07	1
19	rs2258557	58596449	0	-1.121793e-03	-3.837132e-05	1
19	rs2260914	58598784	0	4.964675e-04	1.619981e-05	1
19	rs2287837	58598670	0	6.936413e-04	2.283326e-05	1
19	rs2288274	58572959	0	-1.645774e-04	-5.238451e-06	1
19	rs2289143	58904715	0	5.830671e-04	1.917521e-05	1
19	rs2304521	58988179	0	-1.900757e-04	-6.263296e-06	1
19	rs2305119	59067623	0	-4.698678e-04	-1.502127e-05	1
19	rs2305120	59059729	0	2.605009e-04	8.742461e-06	1
19	rs2305122	59056752	0	-4.885164e-04	-1.592475e-05	1
19	rs2375233	58617203	0	-6.765290e-04	-2.197797e-05	1
19	rs2375234	58633323	0	-2.389698e-04	-7.720572e-06	1
19	rs2375235	58634745	0	-8.070662e-05	-2.576381e-06	1
19	rs2375470	58864867	0	-5.702239e-04	-1.934643e-05	1
19	rs2396991	59078073	0	-2.799771e-04	-9.547340e-06	1
19	rs2431835	58647214	0	-2.598835e-04	-8.154185e-06	1
19	rs2445854	58777608	2	7.912501e-04	2.534127e-05	1
19	rs2445855	58785181	0	-3.436416e-04	-1.094317e-05	1
19	rs2445856	58701358	0	7.709858e-04	2.468598e-05	1
19	rs2445857	58708507	0	1.038262e-03	3.546973e-05	1
19	rs2445858	58708730	0	8.268733e-04	2.655299e-05	1
19	rs2445859	58734330	0	3.493637e-05	1.157086e-06	1
19	rs2449628	58781945	0	2.631924e-04	8.231502e-06	1
19	rs2449629	58781917	0	3.035088e-04	9.499149e-06	1
19	rs2449631	58781652	0	-4.155136e-04	-1.297262e-05	1
19	rs2449632	58781379	0	2.631924e-04	8.231512e-06	1
19	rs2449634	58795207	0	1.357575e-03	4.761803e-05	1
19	rs2449635	58785227	0	-1.019141e-05	-3.087964e-07	1
19	rs2449636	58785202	0	-4.261191e-04	-1.366615e-05	1
19	rs2449638	58735033	0	1.821102e-04	6.055650e-06	1
19	rs2449639	58777772	0	-3.473903e-04	-1.090792e-05	1
19	rs2547257	58610107	0	4.056836e-04	1.321256e-05	1
19	rs2547258	58638685	0	-3.829187e-04	-1.232498e-05	1
19	rs2547259	58637237	0	-4.231256e-05	-1.335816e-06	1
19	rs2547260	58635294	0	4.368675e-04	1.375544e-05	1
19	rs2547295	58617479	0	-4.416298e-04	-1.438421e-05	1
19	rs2547296	58622896	1	-5.027875e-04	-1.634121e-05	1
19	rs2547297	58623249	0	-4.291453e-04	-1.397318e-05	1
19	rs2547298	58626436	0	-1.599410e-04	-5.166679e-06	1
19	rs2547347	58627459	0	-1.655961e-04	-5.341774e-06	1
19	rs2547348	58626879	0	-1.655961e-04	-5.341771e-06	1
19	rs2547349	58626742	0	-1.655961e-04	-5.341767e-06	1
19	rs2547350	58622950	0	-4.291453e-04	-1.397316e-05	1
19	rs2547351	58620965	0	-4.416298e-04	-1.438418e-05	1
19	rs2547352	58610720	0	6.814710e-05	2.187800e-06	1
19	rs2547355	58635125	0	-8.070662e-05	-2.576331e-06	1
19	rs2547356	58635146	0	-8.070662e-05	-2.576327e-06	1
19	rs2547357	58636155	0	-8.070662e-05	-2.576323e-06	1
19	rs2547358	58636656	0	-2.389698e-04	-7.720505e-06	1
19	rs2547359	58637389	0	-4.231256e-05	-1.335761e-06	1
19	rs2547360	58638399	0	-2.246556e-04	-7.175021e-06	1
19	rs2554963	58625364	0	-8.966089e-06	-3.099185e-07	1
19	rs2554964	58625504	0	8.923908e-05	2.933317e-06	1
19	rs2554965	58625638	0	-3.423253e-04	-1.105460e-05	1
19	rs2554966	58627271	0	-1.655961e-04	-5.341725e-06	1
19	rs2554967	58627382	0	-1.302759e-04	-4.227003e-06	1
19	rs2554968	58627406	0	-1.587286e-04	-5.133041e-06	1
19	rs2554970	58636732	0	2.830759e-04	9.201833e-06	1
19	rs2554972	58636174	0	-2.389698e-04	-7.720477e-06	1
19	rs2554973	58631032	0	-8.070662e-05	-2.576286e-06	1
19	rs2554978	58609677	0	-3.531106e-04	-1.152494e-05	1
19	rs2554981	58620273	0	9.034118e-06	2.763474e-07	1
19	rs2554982	58620524	0	-5.325801e-04	-1.732543e-05	1
19	rs2554983	58620872	0	-4.416298e-04	-1.438412e-05	1
19	rs2554984	58621104	0	-5.325801e-04	-1.732542e-05	1
19	rs2554985	58621438	0	-3.797190e-04	-1.241950e-05	1
19	rs2554986	58621492	0	-4.826878e-04	-1.578581e-05	1
19	rs2554987	58622985	0	-4.291453e-04	-1.397308e-05	1
19	rs260413	58710468	0	9.728488e-04	3.311141e-05	1
19	rs260415	58715944	0	2.906363e-05	9.376971e-07	1
19	rs260416	58717025	0	2.987312e-04	9.712714e-06	1
19	rs260418	58720918	0	2.638779e-04	8.419472e-06	1
19	rs260419	58721952	0	6.627516e-04	2.213556e-05	1
19	rs260420	58731704	0	1.821102e-04	6.055652e-06	1
19	rs260421	58731390	0	-4.917168e-04	-1.571002e-05	1
19	rs260422	58729833	0	-1.057426e-03	-3.462860e-05	1
19	rs260424	58726569	0	-4.338546e-06	-1.500988e-07	1
19	rs260425	58735740	0	-5.663436e-05	-1.882905e-06	1
19	rs260426	58736177	0	2.711207e-04	8.998035e-06	1
19	rs260427	58736226	0	4.539465e-06	1.404771e-07	1
19	rs260428	58736625	0	1.513048e-04	5.008421e-06	1
19	rs260430	58737161	0	1.513048e-04	5.008420e-06	1
19	rs260432	58738273	0	1.513048e-04	5.008420e-06	1
19	rs260433	58738897	0	-2.377643e-04	-7.512457e-06	1
19	rs260434	58739039	1	1.786019e-04	5.916620e-06	1
19	rs260435	58739704	0	1.513048e-04	5.008420e-06	1
19	rs260436	58739710	0	2.711207e-04	8.998032e-06	1
19	rs260437	58739744	0	1.819690e-04	6.025290e-06	1
19	rs260438	58740339	0	1.753443e-04	5.803995e-06	1
19	rs260444	58745470	0	7.533168e-05	2.393197e-06	1
19	rs260446	58746861	0	1.498576e-05	4.782231e-07	1
19	rs260448	58764375	0	-5.666548e-04	-1.777722e-05	1
19	rs260449	58765459	0	6.241261e-05	1.961657e-06	1
19	rs260450	58766410	0	5.710848e-05	1.799054e-06	1
19	rs260451	58766550	0	6.241261e-05	1.961665e-06	1
19	rs260452	58766874	0	1.769739e-05	5.697395e-07	1
19	rs260453	58767151	0	-7.377969e-05	-2.278374e-06	1
19	rs260454	58767168	0	-4.360338e-04	-1.361606e-05	1
19	rs260455	58767492	0	2.195771e-04	7.182022e-06	1
19	rs260456	58767565	0	-6.202855e-04	-1.951231e-05	1
19	rs260457	58767697	0	4.430580e-05	1.398279e-06	1
19	rs260459	58768500	0	1.769739e-05	5.697601e-07	1
19	rs260460	58769790	6	-1.148516e-05	-3.897115e-07	1
19	rs260461	58770883	0	2.195771e-04	7.182026e-06	1
19	rs260462	58774071	0	-3.630137e-04	-1.140169e-05	1
19	rs260464	58774762	0	-2.354268e-04	-7.366427e-06	1
19	rs260465	58775486	0	-2.354268e-04	-7.366425e-06	1
19	rs260466	58775737	0	-8.118097e-04	-2.602095e-05	1
19	rs260467	58776215	0	-2.354268e-04	-7.366420e-06	1
19	rs260468	58776630	0	-3.630137e-04	-1.140168e-05	1
19	rs260469	58776765	0	-2.354268e-04	-7.366416e-06	1
19	rs260472	58807757	0	5.068847e-04	1.737340e-05	1
19	rs260473	58798137	0	7.328224e-04	2.343399e-05	1
19	rs260474	58798300	0	6.594487e-04	2.101700e-05	1
19	rs260475	58798490	0	3.978445e-04	1.288082e-05	1
19	rs260476	58798598	0	7.328224e-04	2.343399e-05	1
19	rs260477	58798628	0	7.328224e-04	2.343399e-05	1
19	rs260478	58751030	0	6.700504e-05	2.106912e-06	1
19	rs260482	58748274	0	-2.374942e-05	-7.904369e-07	1
19	rs260483	58748180	0	-2.687563e-05	-8.926943e-07	1
19	rs260484	58758451	0	-4.544286e-04	-1.419734e-05	1
19	rs260486	58753937	0	-5.014910e-04	-1.568263e-05	1
19	rs260487	58685347	0	-9.519665e-04	-3.115284e-05	1
19	rs260488	58686991	0	8.582087e-04	2.901344e-05	1
19	rs260491	58664447	0	3.934618e-04	1.284498e-05	1
19	rs260492	58668565	0	4.411007e-04	1.441371e-05	1
19	rs260493	58671334	0	3.940983e-04	1.287856e-05	1
19	rs260495	58794240	0	3.278528e-04	1.058232e-05	1
19	rs260496	58794033	0	3.847468e-04	1.240899e-05	1
19	rs260497	58792213	0	-1.242070e-04	-3.900480e-06	1
19	rs260498	58792190	0	-2.989491e-04	-9.410258e-06	1
19	rs260499	58791716	0	3.278528e-04	1.058231e-05	1
19	rs260500	58791213	0	-1.242070e-04	-3.900476e-06	1
19	rs260501	58790807	0	-3.054307e-04	-9.618901e-06	1
19	rs260502	58790784	0	1.744215e-04	5.610388e-06	1
19	rs260503	58790095	0	-1.242070e-04	-3.900472e-06	1
19	rs281061	58643376	0	-3.116595e-04	-9.962899e-06	1
19	rs281063	58651941	0	1.838620e-04	5.751292e-06	1
19	rs281064	58649998	0	-2.925299e-04	-9.347881e-06	1
19	rs281065	58645577	0	9.842644e-06	3.404038e-07	1
19	rs281066	58644840	0	-2.057814e-04	-6.681872e-06	1
19	rs281069	58659039	3	5.833246e-04	1.835250e-05	1
19	rs281070	58658691	0	-8.999264e-07	-2.008165e-08	1
19	rs281072	58657714	0	1.838620e-04	5.751301e-06	1
19	rs281073	58656418	0	2.079308e-04	6.503060e-06	1
19	rs281074	58656176	0	3.718742e-04	1.215588e-05	1
19	rs281075	58655106	0	3.968550e-04	1.293936e-05	1
19	rs281076	58654307	0	-2.349348e-04	-7.385413e-06	1
19	rs281077	58653376	0	-3.323137e-04	-1.049372e-05	1
19	rs281078	58653320	0	-3.387494e-04	-1.101463e-05	1
19	rs281079	58678388	0	-7.715889e-04	-2.571874e-05	1
19	rs281080	58700131	5	7.179532e-04	2.273382e-05	1
19	rs281081	58698915	0	6.518507e-04	2.071120e-05	1
19	rs28444973	58982044	0	-7.415352e-04	-2.533438e-05	1
19	rs28521102	58597905	0	1.372500e-04	4.672873e-06	1
19	rs28575910	59072396	0	-1.820429e-05	-6.192539e-07	1
19	rs28699075	59069214	0	-2.799771e-04	-9.547340e-06	1
19	rs28725494	58633618	0	-5.175741e-04	-1.672665e-05	1
19	rs28757810	58813720	0	-7.042838e-04	-2.284125e-05	1
19	rs28821001	59018503	0	6.727895e-04	2.131719e-05	1
19	rs28840697	58825728	0	7.206349e-04	2.441177e-05	1
19	rs2889031	58659115	2	3.770910e-04	1.176549e-05	1
19	rs2889128	58973929	0	3.620882e-04	1.135961e-05	1
19	rs2889129	59019664	0	9.327334e-06	3.146702e-07	1
19	rs292821	58531419	0	9.698969e-04	3.284660e-05	1
19	rs292826	58540860	0	1.035582e-03	3.416584e-05	1
19	rs292827	58544472	0	6.301853e-04	2.018808e-05	1
19	rs292828	58545133	0	3.624582e-04	1.212680e-05	1
19	rs292831	58529741	0	9.698969e-04	3.284660e-05	1
19	rs2930099	58779403	0	2.268139e-04	7.351888e-06	1
19	rs2930100	58747687	0	1.335347e-04	4.374941e-06	1
19	rs295345	58654195	0	3.415409e-04	1.110931e-05	1
19	rs295346	58616280	0	9.034118e-06	2.763188e-07	1
19	rs295347	58616256	0	3.183723e-04	1.027796e-05	1
19	rs299847	58680688	0	-5.838170e-04	-1.940403e-05	1
19	rs3087604	58813750	0	-8.683029e-04	-2.840754e-05	1
19	rs3088284	58929427	0	-3.524293e-04	-1.138893e-05	1
19	rs3211055	59094453	0	3.414193e-04	1.066674e-05	1
19	rs34003091	58662254	0	-6.486589e-04	-2.161392e-05	1
19	rs34006653	58731821	2	-6.389228e-04	-2.091385e-05	1
19	rs34023391	58913368	0	-1.819673e-04	-5.864435e-06	1
19	rs34114202	58599443	0	-8.837618e-04	-2.946193e-05	1
19	rs34152946	58923263	0	-3.524293e-04	-1.138892e-05	1
19	rs34188294	58919557	0	-4.531121e-04	-1.472125e-05	1
19	rs34230465	58943576	0	-3.565666e-04	-1.153713e-05	1
19	rs34282528	59076749	0	-1.788216e-04	-6.047868e-06	1
19	rs34370122	58546475	0	-6.922102e-04	-2.281846e-05	1
19	rs34380569	58648528	0	-7.066359e-04	-2.329598e-05	1
19	rs34415062	59023166	0	-2.598841e-04	-8.396271e-06	1
19	rs34421357	58835863	0	1.359008e-04	4.523846e-06	1
19	rs34469398	58677396	0	-1.601819e-04	-5.466195e-06	1
19	rs34488713	58996454	0	-3.522187e-04	-1.198562e-05	1
19	rs34503352	58651296	0	-7.651299e-04	-2.564044e-05	1
19	rs34511020	58921296	0	-3.524293e-04	-1.138890e-05	1
19	rs34526068	58658066	0	-8.999264e-07	-2.006892e-08	1
19	rs34541537	58912737	0	-9.841299e-05	-3.180445e-06	1
19	rs34602933	58886495	0	4.859761e-04	1.525887e-05	1
19	rs34648696	58554613	0	-6.793273e-04	-2.239577e-05	1
19	rs34702066	58582806	0	-1.484180e-04	-4.725710e-06	1
19	rs34873624	58943402	0	-3.536418e-04	-1.144089e-05	1
19	rs34914886	58774094	0	-6.994892e-05	-2.383021e-06	1
19	rs34947459	58655880	0	4.645301e-04	1.519064e-05	1
19	rs3499	59093484	0	3.260893e-04	1.019194e-05	1
19	rs34990434	58550992	0	-7.296453e-04	-2.411043e-05	1
19	rs35081008	58662235	0	-6.486589e-04	-2.161390e-05	1
19	rs35117909	58912906	0	-2.159466e-04	-6.973930e-06	1
19	rs35138622	58912788	0	-3.041443e-04	-9.859250e-06	1
19	rs35219954	59001641	0	1.307781e-03	4.370967e-05	1
19	rs35220005	58550233	0	-7.912549e-04	-2.623074e-05	1
19	rs35269060	58933392	0	1.781561e-04	5.766705e-06	1
19	rs35350976	59023174	0	-3.356129e-04	-1.086658e-05	1
19	rs35358425	58599760	0	-9.268547e-04	-3.098493e-05	1
19	rs35394955	58954859	0	-2.183524e-04	-6.867790e-06	1
19	rs35430780	59028162	0	1.827737e-04	6.154505e-06	1
19	rs35466206	58943252	0	-3.565666e-04	-1.153710e-05	1
19	rs35511051	58665817	0	-6.258048e-04	-2.057280e-05	1
19	rs35631681	58999840	11	-6.863482e-04	-2.276392e-05	1
19	rs35652377	58929200	0	-3.524293e-04	-1.138887e-05	1
19	rs35711932	58658152	0	1.716988e-04	5.366048e-06	1
19	rs35713506	58954919	0	-2.183524e-04	-6.867788e-06	1
19	rs35740250	58694015	0	-3.266790e-04	-1.116638e-05	1
19	rs35747322	58544096	0	-5.306194e-04	-1.745126e-05	1
19	rs35782676	58926345	0	-9.535659e-05	-3.037971e-06	1
19	rs35983901	59016790	0	-3.650857e-04	-1.181890e-05	1
19	rs36057771	58836133	0	9.868287e-05	3.278400e-06	1
19	rs36090113	58912384	0	-3.217053e-04	-1.042380e-05	1
19	rs36095067	58991638	0	2.515038e-04	8.582070e-06	1
19	rs36098050	58652725	0	-7.651299e-04	-2.564042e-05	1
19	rs36100363	58710837	0	-2.243019e-04	-7.167224e-06	1
19	rs36111946	58836128	0	2.100708e-04	7.013218e-06	1
19	rs36115826	59009166	0	-2.269948e-04	-7.688964e-06	1
19	rs365040	58799529	0	3.718026e-04	1.202943e-05	1
19	rs365699	58799652	0	7.527887e-04	2.401928e-05	1
19	rs370335292	58658750	0	-8.316491e-04	-2.761602e-05	1
19	rs371120005	58658933	2	6.390600e-04	2.107895e-05	1
19	rs371149	58779654	0	1.177517e-04	3.687437e-06	1
19	rs373337854	58658806	1	6.896611e-05	2.312732e-06	1
19	rs374431	58790713	0	-2.841685e-04	-8.937669e-06	1
19	rs3745129	58637498	0	9.842644e-06	3.404641e-07	1
19	rs3745142	58836745	0	2.100708e-04	7.013217e-06	1
19	rs3752108	59094709	0	3.414193e-04	1.066673e-05	1
19	rs3752109	59082605	0	2.856914e-04	9.009316e-06	1
19	rs3752111	59082368	0	8.309411e-05	2.821505e-06	1
19	rs3752112	58992220	0	-3.750031e-04	-1.221762e-05	1
19	rs3764528	58977554	0	3.359826e-04	1.052158e-05	1
19	rs3764529	58945089	0	-4.132576e-04	-1.339574e-05	1
19	rs3764531	58929305	0	-6.577939e-04	-2.084416e-05	1
19	rs3764532	58929222	0	-3.553542e-04	-1.148493e-05	1
19	rs3764533	58929194	0	6.815668e-05	2.108472e-06	1
19	rs3764534	58929136	0	9.322442e-04	3.004321e-05	1
19	rs3764535	58929052	0	-5.943029e-05	-1.886389e-06	1
19	rs3764536	58896712	0	7.400434e-04	2.374408e-05	1
19	rs376460183	58658873	1	-5.340962e-04	-1.749657e-05	1
19	rs376570508	58658612	0	-6.948608e-04	-2.288151e-05	1
19	rs378452	58786520	0	5.199489e-04	1.645405e-05	1
19	rs379075	58785739	0	3.837446e-04	1.210077e-05	1
19	rs3794963	59071051	0	-4.381982e-04	-1.395677e-05	1
19	rs3794964	59070916	0	-4.381982e-04	-1.395677e-05	1
19	rs3794965	59069353	0	3.634718e-04	1.140123e-05	1
19	rs3794966	59068996	0	-4.602508e-04	-1.498290e-05	1
19	rs3794968	58986799	0	9.070845e-04	2.908448e-05	1
19	rs3794969	58986561	0	1.719768e-04	5.790133e-06	1
19	rs3794970	58986260	0	-2.821608e-04	-9.189154e-06	1
19	rs3794971	58985866	0	-3.084523e-04	-1.004564e-05	1
19	rs3794974	58897652	0	8.652365e-05	2.747107e-06	1
19	rs3794975	58895950	0	-1.607386e-04	-5.366454e-06	1
19	rs3810125	59066730	0	2.579144e-04	8.647509e-06	1
19	rs3810126	58610254	0	-8.651373e-04	-2.772428e-05	1
19	rs3816328	59061357	0	-4.201463e-06	-1.411412e-07	1
19	rs3816329	59058693	0	-3.513783e-04	-1.137093e-05	1
19	rs3826677	58919002	0	2.614263e-04	8.318520e-06	1
19	rs3826678	58918917	0	2.614263e-04	8.318514e-06	1
19	rs3826679	58918817	0	2.614263e-04	8.318508e-06	1
19	rs3826680	58918800	0	2.614263e-04	8.318502e-06	1
19	rs3826681	58918764	0	-3.524293e-04	-1.138884e-05	1
19	rs3826682	58918748	0	-3.553542e-04	-1.148491e-05	1
19	rs3826683	58918733	0	-3.524293e-04	-1.138883e-05	1
19	rs3826684	58918705	0	-3.524293e-04	-1.138883e-05	1
19	rs384702	58552801	0	7.713718e-05	2.567868e-06	1
19	rs3848524	58816529	0	8.345276e-06	2.804110e-07	1
19	rs3875104	59102379	0	4.157207e-04	1.299329e-05	1
19	rs3892385	58602870	0	1.618902e-04	5.472325e-06	1
19	rs390667	58733011	0	6.229434e-05	2.064438e-06	1
19	rs392644	58780503	0	2.631924e-04	8.231694e-06	1
19	rs392687	58779566	0	1.942790e-04	6.084422e-06	1
19	rs3953740	58659362	0	-5.791747e-04	-1.858276e-05	1
19	rs3997357	59044566	0	3.262869e-04	1.022176e-05	1
19	rs400733	58797344	0	7.357472e-04	2.352339e-05	1
19	rs401706	58733555	0	1.821102e-04	6.055636e-06	1
19	rs403408	58684407	0	-8.028185e-04	-2.575480e-05	1
19	rs4084852	58835255	0	9.868287e-05	3.278394e-06	1
19	rs414948	58738375	0	1.513048e-04	5.008407e-06	1
19	rs424114	58733641	0	6.229434e-05	2.064437e-06	1
19	rs425516	58781229	0	3.907794e-04	1.224652e-05	1
19	rs425605	58786623	0	8.964435e-04	2.881605e-05	1
19	rs427988	58779785	0	2.631924e-04	8.231703e-06	1
19	rs429770	58787836	0	2.169748e-04	7.009312e-06	1
19	rs431093	58786084	0	4.009031e-04	1.264218e-05	1
19	rs432181	58799781	0	7.527887e-04	2.401931e-05	1
19	rs432426	58780131	0	-5.287645e-04	-1.658826e-05	1
19	rs435442	58807827	0	4.763904e-04	1.633143e-05	1
19	rs437183	58799635	0	7.527887e-04	2.401932e-05	1
19	rs437229	58790675	0	-8.744495e-05	-2.752083e-06	1
19	rs4372790	58953693	0	8.609956e-04	2.758523e-05	1
19	rs439333	58783027	0	3.907794e-04	1.224654e-05	1
19	rs4444432	58715538	0	-2.914337e-04	-9.332795e-06	1
19	rs446075	58766735	0	1.769739e-05	5.698991e-07	1
19	rs448147	58778070	0	2.453386e-04	7.685345e-06	1
19	rs448403	58786146	0	-4.476473e-04	-1.409523e-05	1
19	rs4496257	58669456	0	-4.396995e-04	-1.402951e-05	1
19	rs449697	58787977	0	3.278528e-04	1.058229e-05	1
19	rs4524039	58625270	0	-5.025861e-04	-1.643011e-05	1
19	rs453737	58800252	0	7.067804e-04	2.254028e-05	1
19	rs45454797	59066391	0	1.188394e-05	4.057703e-07	1
19	rs45475596	58881109	0	-2.680895e-04	-8.974825e-06	1
19	rs45535435	58846866	0	6.090502e-04	2.067944e-05	1
19	rs45571742	58552111	0	-7.111376e-04	-2.347792e-05	1
19	rs45589034	58640964	0	2.830759e-04	9.201764e-06	1
19	rs45598236	58521433	0	6.565469e-05	2.187761e-06	1
19	rs45601339	58718247	0	-3.879860e-04	-1.317713e-05	1
19	rs45617039	58951096	0	-3.565666e-04	-1.153704e-05	1
19	rs4584938	58899303	0	4.558642e-04	1.446196e-05	1
19	rs4599020	58691998	0	-2.243019e-04	-7.167172e-06	1
19	rs4603677	58950721	0	3.210421e-04	1.023663e-05	1
19	rs4608428	58618579	0	-4.416298e-04	-1.438402e-05	1
19	rs4756	59074653	0	-3.217992e-04	-1.020459e-05	1
19	rs4801246	58522534	0	-1.414477e-04	-4.499563e-06	1
19	rs4801247	58522561	0	-7.752601e-04	-2.514698e-05	1
19	rs4801250	58616674	0	1.529831e-04	4.955479e-06	1
19	rs4801251	58617042	0	9.034118e-06	2.762751e-07	1
19	rs4801252	58631676	0	-1.770590e-04	-5.746544e-06	1
19	rs4801262	58848116	0	6.375741e-05	2.149108e-06	1
19	rs4801267	58882384	0	3.714672e-05	1.250605e-06	1
19	rs4801269	58927916	0	2.614263e-04	8.318468e-06	1
19	rs4801270	58932762	0	9.322442e-04	3.004316e-05	1
19	rs4801271	58953449	0	1.511389e-04	4.771680e-06	1
19	rs4801272	58977463	0	3.505439e-04	1.097039e-05	1
19	rs4801273	59000273	0	4.472448e-04	1.404636e-05	1
19	rs4801274	59010593	0	-4.414981e-04	-1.485080e-05	1
19	rs4801275	59021049	0	-6.675119e-05	-2.242428e-06	1
19	rs4801541	58521224	0	-4.004824e-04	-1.264665e-05	1
19	rs4801542	58522974	0	-1.056019e-03	-3.549828e-05	1
19	rs4801543	58523804	0	-1.043631e-03	-3.504622e-05	1
19	rs4801544	58526202	0	-1.193097e-03	-4.137421e-05	1
19	rs4801546	58526387	0	-9.179132e-04	-3.048188e-05	1
19	rs4801547	58526742	0	-1.075134e-03	-3.687590e-05	1
19	rs4801548	58528978	0	-1.094491e-03	-3.754432e-05	1
19	rs4801555	58600977	0	1.029841e-03	3.462422e-05	1
19	rs4801559	58627808	0	-2.565463e-04	-8.262145e-06	1
19	rs4801562	58634756	0	4.399008e-04	1.433889e-05	1
19	rs4801564	58644826	0	-2.344982e-04	-7.392955e-06	1
19	rs4801565	58674249	0	2.931466e-04	9.517119e-06	1
19	rs4801566	58674788	0	-1.930231e-05	-6.431323e-07	1
19	rs4801567	58675005	0	-8.738583e-06	-3.025478e-07	1
19	rs4801572	58752932	0	-6.379829e-04	-2.178586e-05	1
19	rs4801573	58754058	0	-6.379829e-04	-2.178586e-05	1
19	rs4801574	58754102	0	-6.379829e-04	-2.178586e-05	1
19	rs4801576	58779342	0	-1.002633e-03	-3.526249e-05	1
19	rs4801577	58799044	0	-8.095483e-04	-2.807926e-05	1
19	rs4801578	58801599	0	-9.327603e-04	-3.260878e-05	1
19	rs4801579	58863449	0	-8.385292e-04	-2.847269e-05	1
19	rs4801581	58913312	0	1.170800e-04	3.656198e-06	1
19	rs4801583	58918405	0	9.322442e-04	3.004313e-05	1
19	rs4801584	58920702	0	1.171719e-04	3.704725e-06	1
19	rs4801585	58934305	0	3.653638e-05	1.118955e-06	1
19	rs4801586	58934528	0	9.322442e-04	3.004312e-05	1
19	rs4801587	58936679	0	9.322442e-04	3.004311e-05	1
19	rs4801588	58949046	0	3.210421e-04	1.023658e-05	1
19	rs4801589	58953398	0	7.824088e-04	2.499156e-05	1
19	rs4801590	58961813	0	7.447464e-04	2.371922e-05	1
19	rs4801591	58970099	0	7.068936e-05	2.213197e-06	1
19	rs4801593	58972252	0	4.658473e-04	1.487678e-05	1
19	rs4801595	58978517	0	6.544476e-04	2.071731e-05	1
19	rs4801599	58995728	0	1.008013e-03	3.258453e-05	1
19	rs4801602	59025685	0	-5.861031e-05	-1.978977e-06	1
19	rs4801605	59050873	15	8.586427e-04	2.772787e-05	1
19	rs4801610	59091928	0	-4.021997e-04	-1.360519e-05	1
19	rs4801611	59092122	0	3.138560e-04	9.826485e-06	1
19	rs4801613	59096403	0	-2.314771e-04	-7.901176e-06	1
19	rs4801614	59096950	0	3.138560e-04	9.826480e-06	1
19	rs4801615	59097229	0	2.760060e-04	8.602781e-06	1
19	rs495839	58545500	4	4.900833e-04	1.642195e-05	1
19	rs500286	58785900	0	-4.783115e-04	-1.508825e-05	1
19	rs523073	58647358	0	-6.696361e-05	-2.083415e-06	1
19	rs547045	58788236	0	-5.478075e-04	-1.756763e-05	1
19	rs548671	58801518	1	-2.942087e-04	-9.297778e-06	1
19	rs550471	58801687	0	-3.424901e-04	-1.099158e-05	1
19	rs551116	58684611	0	-8.028185e-04	-2.575477e-05	1
19	rs55633425	58948018	0	-4.161824e-04	-1.349256e-05	1
19	rs55633565	58530628	0	-7.429120e-04	-2.491062e-05	1
19	rs55652736	59007566	0	-7.003877e-04	-2.321928e-05	1
19	rs55691818	59033518	0	-3.957842e-04	-1.280360e-05	1
19	rs55697390	58674301	0	6.648036e-05	2.240393e-06	1
19	rs55716128	59048754	0	-5.256640e-04	-1.715833e-05	1
19	rs55734122	58733610	0	2.626482e-04	8.546433e-06	1
19	rs55800631	59085089	0	3.187308e-04	9.977593e-06	1
19	rs55827758	58842450	0	2.664851e-04	8.969111e-06	1
19	rs55833862	58637690	0	5.584780e-04	1.835794e-05	1
19	rs55857578	58914925	0	-2.130218e-04	-6.878613e-06	1
19	rs55875034	58983558	0	-2.307198e-04	-7.503330e-06	1
19	rs55928441	59009674	0	-7.003877e-04	-2.321926e-05	1
19	rs55945602	58632305	0	4.106629e-04	1.341710e-05	1
19	rs55959018	58935768	0	2.643512e-04	8.403528e-06	1
19	rs55987239	59085045	0	-5.256640e-04	-1.715833e-05	1
19	rs56026876	59006157	0	-7.217956e-04	-2.384456e-05	1
19	rs56065611	58520480	0	-4.004824e-04	-1.264666e-05	1
19	rs56066701	58841066	0	4.866260e-04	1.643479e-05	1
19	rs56121586	58585744	0	-4.125142e-04	-1.302505e-05	1
19	rs56161266	58816642	0	-1.039578e-04	-3.543219e-06	1
19	rs56225452	59024646	0	-4.149036e-04	-1.347027e-05	1
19	rs56236214	58817958	0	-2.275117e-04	-7.765841e-06	1
19	rs56243535	59006150	0	-7.419374e-04	-2.455805e-05	1
19	rs56268519	59045904	0	4.328124e-04	1.363029e-05	1
19	rs56273550	58611001	0	-2.336710e-04	-7.953939e-06	1
19	rs56290606	58919320	0	-3.975644e-04	-1.286720e-05	1
19	rs56292587	58919066	0	-3.524293e-04	-1.138878e-05	1
19	rs56332086	58917700	0	-3.799854e-04	-1.229247e-05	1
19	rs56390031	58998327	0	8.947318e-04	2.922302e-05	1
19	rs56394914	58882740	0	3.000417e-04	9.433221e-06	1
19	rs56395112	58577672	0	-5.738514e-04	-1.824786e-05	1
19	rs56654816	58845187	0	5.254749e-04	1.778107e-05	1
19	rs56688575	58851238	0	3.500604e-04	1.180482e-05	1
19	rs56725489	58830709	0	1.192009e-04	3.961134e-06	1
19	rs57140425	58709015	0	-6.683483e-04	-2.281792e-05	1
19	rs57201473	58851686	0	3.500604e-04	1.180482e-05	1
19	rs57656768	58648536	0	4.944214e-05	1.679129e-06	1
19	rs57760408	58821683	0	1.654063e-04	5.517535e-06	1
19	rs57785785	58815158	0	-4.284646e-04	-1.454622e-05	1
19	rs57797045	58534654	0	-3.771754e-04	-1.250233e-05	1
19	rs58071659	58784272	0	2.271197e-05	7.751711e-07	1
19	rs58231369	58754967	0	-6.379829e-04	-2.178587e-05	1
19	rs58371330	58823196	0	1.654063e-04	5.517534e-06	1
19	rs58412590	58887647	0	-3.694520e-04	-1.241622e-05	1
19	rs58509147	58840490	0	6.043454e-04	2.046968e-05	1
19	rs58576937	58577443	0	-2.695298e-04	-9.202683e-06	1
19	rs58617733	58842534	0	5.254749e-04	1.778107e-05	1
19	rs58899074	58611996	0	-8.870280e-04	-2.844559e-05	1
19	rs59054150	58850341	0	3.500604e-04	1.180482e-05	1
19	rs59114323	58649994	0	-7.341320e-04	-2.424254e-05	1
19	rs59238777	58625136	0	-2.752697e-05	-9.209940e-07	1
19	rs59401383	58882767	0	-2.680895e-04	-8.974816e-06	1
19	rs59460131	59101970	0	-2.875816e-04	-9.626183e-06	1
19	rs59678004	58813932	0	-6.968623e-04	-2.261352e-05	1
19	rs59874238	58841861	0	2.664851e-04	8.969103e-06	1
19	rs59894429	58577444	0	-5.738514e-04	-1.824786e-05	1
19	rs59908383	58828737	0	1.960316e-04	6.528778e-06	1
19	rs59925483	58672788	0	-2.565228e-04	-8.734600e-06	1
19	rs59967605	58835563	0	9.868287e-05	3.278378e-06	1
19	rs60075099	58831141	0	1.740772e-04	5.809251e-06	1
19	rs60245393	58842745	0	7.069578e-04	2.414200e-05	1
19	rs60296671	58843881	0	5.908882e-04	2.004449e-05	1
19	rs60329830	58755072	0	-6.379829e-04	-2.178587e-05	1
19	rs60348321	58841939	0	5.254749e-04	1.778106e-05	1
19	rs60404734	58812785	0	-3.480910e-04	-1.186897e-05	1
19	rs60818748	58842735	1	5.066262e-04	1.713657e-05	1
19	rs60973470	58779425	0	5.499327e-05	1.870017e-06	1
19	rs61012884	59085161	0	4.548583e-04	1.529296e-05	1
19	rs61022167	59071380	0	2.205252e-05	7.191767e-07	1
19	rs61096651	58845296	0	2.664851e-04	8.969098e-06	1
19	rs61301121	58745159	0	1.430843e-04	4.784165e-06	1
19	rs61460516	58851462	0	3.500604e-04	1.180481e-05	1
19	rs61468392	58823221	0	1.654063e-04	5.517525e-06	1
19	rs61514202	58844606	0	2.664851e-04	8.969096e-06	1
19	rs61521274	58830879	0	6.268929e-05	2.079310e-06	1
19	rs61566502	58581038	0	-1.601795e-04	-5.101404e-06	1
19	rs61635555	58834694	0	2.100708e-04	7.013191e-06	1
19	rs61745224	58723706	0	-2.769816e-04	-9.467961e-06	1
19	rs61746129	58879701	1	-2.602200e-04	-8.711064e-06	1
19	rs61746138	58879660	0	-2.747407e-04	-9.202312e-06	1
19	rs620297	58545433	1	6.935869e-04	2.225916e-05	1
19	rs62114175	58776480	0	-4.140734e-04	-1.303068e-05	1
19	rs62114176	58776483	0	-3.112582e-04	-9.765216e-06	1
19	rs62114178	58778451	0	1.661125e-04	5.232941e-06	1
19	rs62114179	58778512	0	1.177517e-04	3.687535e-06	1
19	rs62114183	58786176	0	3.112872e-04	1.005720e-05	1
19	rs62114208	58787115	0	3.112872e-04	1.005720e-05	1
19	rs62114212	58831966	0	-1.102045e-03	-3.738451e-05	1
19	rs62114660	59033674	0	8.108690e-05	2.714803e-06	1
19	rs62114663	59035557	0	2.756706e-04	9.276860e-06	1
19	rs62114668	59072371	0	-4.021997e-04	-1.360519e-05	1
19	rs62116004	58720201	0	-3.819390e-04	-1.225220e-05	1
19	rs62116017	58738767	0	-2.887621e-04	-9.339784e-06	1
19	rs62116373	58850206	0	8.919108e-05	3.042642e-06	1
19	rs62116378	58875268	0	-2.435488e-04	-8.163899e-06	1
19	rs62116379	58875335	0	-3.366080e-04	-1.130379e-05	1
19	rs62116380	58876618	0	-3.208106e-04	-1.076155e-05	1
19	rs62116381	58877385	0	-3.208106e-04	-1.076155e-05	1
19	rs62116383	58880761	0	-2.747407e-04	-9.202311e-06	1
19	rs62116384	58880884	0	-2.747407e-04	-9.202311e-06	1
19	rs62116388	58884162	0	-2.598021e-04	-8.709274e-06	1
19	rs62116389	58885267	0	6.682359e-04	2.284190e-05	1
19	rs62116432	58901227	0	-3.174784e-04	-1.001263e-05	1
19	rs62116437	58922551	0	2.614263e-04	8.318348e-06	1
19	rs62117593	58941915	0	8.817925e-05	2.772196e-06	1
19	rs62117594	58942709	0	8.817925e-05	2.772190e-06	1
19	rs62117596	58953099	0	1.511389e-04	4.771551e-06	1
19	rs62117599	58994650	0	-4.793323e-04	-1.516804e-05	1
19	rs62117658	59015297	0	-6.460836e-04	-2.214990e-05	1
19	rs62125248	58568181	0	9.799469e-04	3.186303e-05	1
19	rs62125894	58679627	0	1.823902e-04	5.934665e-06	1
19	rs62125914	58706186	0	-2.243019e-04	-7.167118e-06	1
19	rs62125917	58711509	0	-2.243019e-04	-7.167114e-06	1
19	rs62126787	58586371	0	-5.242509e-04	-1.664609e-05	1
19	rs62126791	58587777	0	-3.682088e-04	-1.160732e-05	1
19	rs62126796	58612051	5	7.125592e-06	2.092080e-07	1
19	rs63283	58740490	0	4.187330e-04	1.393248e-05	1
19	rs6510116	58604319	0	1.022816e-03	3.434110e-05	1
19	rs6510125	58637152	0	-5.829874e-04	-1.889307e-05	1
19	rs6510126	58675916	0	-8.738583e-06	-3.025849e-07	1
19	rs6510128	58761107	0	-8.175035e-04	-2.613825e-05	1
19	rs6510129	58761533	0	-8.175035e-04	-2.613825e-05	1
19	rs6510131	58776347	0	-6.635124e-04	-2.278212e-05	1
19	rs6510133	58801186	0	7.174313e-04	2.287703e-05	1
19	rs6510136	58824721	0	1.029481e-04	3.425624e-06	1
19	rs6510137	58864150	0	-6.264097e-04	-2.119615e-05	1
19	rs6510139	58885702	0	5.479255e-04	1.733608e-05	1
19	rs6510140	58885773	0	4.377786e-04	1.379028e-05	1
19	rs6510141	58885786	0	2.881234e-04	9.040262e-06	1
19	rs6510142	58885842	0	-2.598021e-04	-8.709273e-06	1
19	rs6510143	58885874	0	-3.556594e-05	-1.191525e-06	1
19	rs6510148	58924210	0	4.205860e-04	1.339207e-05	1
19	rs6510152	58953319	0	7.831822e-04	2.500701e-05	1
19	rs6510153	58975609	0	8.029330e-05	2.699627e-06	1
19	rs66616365	58667964	0	-4.396995e-04	-1.402946e-05	1
19	rs67047437	58676662	0	-6.124860e-04	-1.975368e-05	1
19	rs67781917	58524126	0	-1.043631e-03	-3.504618e-05	1
19	rs67825948	58525067	0	-1.009055e-03	-3.376063e-05	1
19	rs67978350	58894455	0	-8.195552e-04	-2.708286e-05	1
19	rs71333247	58559583	0	-2.862047e-04	-9.289783e-06	1
19	rs71333251	58738839	0	-3.135144e-04	-1.017027e-05	1
19	rs71333260	58922220	0	-3.321918e-04	-1.072883e-05	1
19	rs71354068	58531715	0	-7.538078e-04	-2.588748e-05	1
19	rs71355829	58551080	0	-7.296453e-04	-2.411037e-05	1
19	rs71355833	58657180	0	-7.174883e-04	-2.367351e-05	1
19	rs719009	58584722	0	-5.062740e-04	-1.605178e-05	1
19	rs719010	58584765	0	-4.634999e-04	-1.466377e-05	1
19	rs719011	58584841	0	-4.634999e-04	-1.466377e-05	1
19	rs723669	58563100	0	-4.691039e-04	-1.533490e-05	1
19	rs7245923	58874709	0	-2.435488e-04	-8.163896e-06	1
19	rs7246174	58765348	0	-5.103959e-04	-1.735513e-05	1
19	rs7246751	58804121	0	-1.250415e-03	-4.480132e-05	1
19	rs7248057	58774513	0	-5.048845e-04	-1.718842e-05	1
19	rs7248493	58711108	0	1.887241e-04	6.092321e-06	1
19	rs7248512	58716363	0	-2.071765e-04	-6.443244e-06	1
19	rs7248800	59079257	0	2.791908e-04	8.731109e-06	1
19	rs7249664	58586610	1	-6.838229e-04	-2.194035e-05	1
19	rs7249714	59058083	0	4.206626e-04	1.323962e-05	1
19	rs7249841	59058199	0	3.729712e-04	1.248451e-05	1
19	rs7250280	58713774	0	-1.839606e-04	-5.868841e-06	1
19	rs7250394	58930177	0	2.473389e-04	7.808479e-06	1
19	rs7250524	58611423	0	-8.651373e-04	-2.772413e-05	1
19	rs7250610	58611723	0	-4.269491e-04	-1.398223e-05	1
19	rs7250711	58611592	0	-8.651373e-04	-2.772411e-05	1
19	rs7250715	58611606	0	-4.290460e-04	-1.385893e-05	1
19	rs7250752	58893108	0	-1.155718e-04	-3.860851e-06	1
19	rs7250816	58581572	0	-4.922130e-04	-1.576708e-05	1
19	rs7250889	58900337	0	2.709844e-04	8.478571e-06	1
19	rs7251261	58629081	13	-3.159020e-04	-1.016779e-05	1
19	rs7251536	58620679	0	-3.167377e-04	-1.015588e-05	1
19	rs7251813	58893700	0	5.667245e-04	1.794687e-05	1
19	rs7252129	58657428	0	-5.791747e-04	-1.858267e-05	1
19	rs7252304	58629122	3	-3.494136e-04	-1.131232e-05	1
19	rs7252333	58900747	0	2.709844e-04	8.478568e-06	1
19	rs7253055	58793554	0	7.608615e-04	2.455174e-05	1
19	rs7253066	59080198	0	2.205252e-05	7.191574e-07	1
19	rs7253344	58779340	0	1.587647e-04	4.963367e-06	1
19	rs7253357	58779369	0	1.177517e-04	3.687582e-06	1
19	rs7253433	59041723	0	3.115607e-04	9.762310e-06	1
19	rs7254178	58979958	0	1.719768e-04	5.790132e-06	1
19	rs7254299	58884965	0	3.010047e-04	9.450318e-06	1
19	rs7254639	58876797	0	-3.208106e-04	-1.076155e-05	1
19	rs7255068	59052105	0	2.816207e-05	9.319382e-07	1
19	rs7255290	58583832	0	-1.601795e-04	-5.101400e-06	1
19	rs7255489	58879965	0	-1.115441e-06	-3.487858e-08	1
19	rs7255491	58901394	0	2.709844e-04	8.478568e-06	1
19	rs7255596	58879976	0	-1.115441e-06	-3.487857e-08	1
19	rs7255605	58584251	0	-1.601795e-04	-5.101401e-06	1
19	rs7255916	58880016	0	-4.103288e-04	-1.386218e-05	1
19	rs7256349	58718269	0	-4.222803e-04	-1.356626e-05	1
19	rs7256664	58600587	1	1.135654e-03	3.848488e-05	1
19	rs7256809	58880184	0	-2.747407e-04	-9.202311e-06	1
19	rs7256940	58880242	0	-2.747407e-04	-9.202311e-06	1
19	rs7256964	58882186	0	5.312610e-04	1.681801e-05	1
19	rs7257669	59064939	0	-3.217992e-04	-1.020459e-05	1
19	rs7257788	58788901	0	-9.344669e-04	-3.261584e-05	1
19	rs7257872	58928786	0	4.205860e-04	1.339202e-05	1
19	rs7257999	58964860	0	3.108078e-04	9.732145e-06	1
19	rs7258103	58627235	0	-5.288867e-04	-1.713240e-05	1
19	rs7258239	58734410	2	3.198227e-04	1.066579e-05	1
19	rs7259841	58951123	0	7.577846e-04	2.418480e-05	1
19	rs7260445	58571049	0	-2.766284e-04	-9.414592e-06	1
19	rs7260571	58925286	0	9.322442e-04	3.004298e-05	1
19	rs72629170	58876368	0	7.835446e-07	2.560719e-08	1
19	rs72629171	58880848	0	-2.747407e-04	-9.202307e-06	1
19	rs73056266	58702854	0	3.094719e-05	1.055305e-06	1
19	rs73056270	58709763	0	3.094719e-05	1.055305e-06	1
19	rs73056279	58726998	0	1.695039e-04	5.745898e-06	1
19	rs73056286	58750550	0	6.794079e-05	2.292051e-06	1
19	rs73056388	58584525	0	-1.601795e-04	-5.101401e-06	1
19	rs73058504	58589515	0	-4.191945e-04	-1.323857e-05	1
19	rs73060214	58846001	0	-5.851185e-05	-1.991365e-06	1
19	rs73060254	58899245	0	2.450830e-04	8.365964e-06	1
19	rs73060258	58902954	0	-5.446122e-04	-1.775610e-05	1
19	rs73060293	58923050	0	-3.524293e-04	-1.138873e-05	1
19	rs73062110	58936642	0	-3.178609e-04	-1.027375e-05	1
19	rs73064225	58974378	0	2.926002e-04	9.277569e-06	1
19	rs73064302	58994588	0	-2.690815e-04	-8.770023e-06	1
19	rs73066206	58995042	0	4.611649e-04	1.472480e-05	1
19	rs73066211	58997079	0	-5.609066e-04	-1.843998e-05	1
19	rs73066226	59008213	0	-5.532499e-04	-1.818792e-05	1
19	rs73066228	59013196	0	-4.106022e-04	-1.339748e-05	1
19	rs73066236	59027481	0	2.883935e-04	9.651254e-06	1
19	rs73066244	59033153	0	3.195450e-04	1.009536e-05	1
19	rs73066245	59038884	0	-4.233934e-04	-1.421503e-05	1
19	rs73066251	59050356	3	3.295562e-04	1.042251e-05	1
19	rs73068312	59054288	0	3.708581e-04	1.172813e-05	1
19	rs73068321	59072020	0	3.735374e-04	1.182539e-05	1
19	rs73068325	59079096	0	-3.438517e-04	-1.114791e-05	1
19	rs73068327	59079334	0	2.571383e-04	8.108007e-06	1
19	rs73068329	59080325	0	-3.438517e-04	-1.114790e-05	1
19	rs73068335	59089308	0	-3.438517e-04	-1.114790e-05	1
19	rs73068339	59090263	0	2.856914e-04	9.009012e-06	1
19	rs73068342	59091717	0	2.856914e-04	9.009006e-06	1
19	rs73071847	58548748	0	-7.111376e-04	-2.347787e-05	1
19	rs731259	58989424	0	-3.124484e-04	-1.018925e-05	1
19	rs731835	58898436	0	1.134479e-03	3.739643e-05	1
19	rs734379	58899182	0	2.791061e-04	8.748339e-06	1
19	rs734380	58898963	0	-1.091334e-04	-3.391096e-06	1
19	rs735278	59083594	0	-3.888620e-04	-1.236512e-05	1
19	rs735507	58720360	0	-3.870325e-04	-1.250695e-05	1
19	rs73562704	59073613	0	-1.820429e-05	-6.193113e-07	1
19	rs73566790	58743866	0	1.190094e-04	3.963353e-06	1
19	rs73570604	58810827	0	6.115857e-04	2.047480e-05	1
19	rs73570633	58828121	0	1.740772e-04	5.809237e-06	1
19	rs73570653	58832874	0	4.892152e-05	1.620887e-06	1
19	rs73570658	58834522	0	2.100708e-04	7.013181e-06	1
19	rs73570691	58841364	0	5.254749e-04	1.778105e-05	1
19	rs73570694	58841515	0	2.664851e-04	8.969087e-06	1
19	rs73572621	58845441	0	5.254749e-04	1.778105e-05	1
19	rs73572630	58847132	0	6.090502e-04	2.067941e-05	1
19	rs73572641	58852541	0	3.500604e-04	1.180480e-05	1
19	rs7359845	58831819	0	6.268929e-05	2.079296e-06	1
19	rs7359922	58830261	0	1.960316e-04	6.528756e-06	1
19	rs73939627	58848734	0	6.824910e-04	2.326786e-05	1
19	rs7408188	58939389	0	9.411982e-04	3.038083e-05	1
19	rs7409473	58939165	0	9.411982e-04	3.038083e-05	1
19	rs74357328	58550617	0	4.480735e-06	1.558473e-07	1
19	rs74414988	58524349	0	6.565469e-05	2.187794e-06	1
19	rs74496797	58749776	0	-6.379829e-04	-2.178588e-05	1
19	rs74625788	58757001	0	-6.379829e-04	-2.178588e-05	1
19	rs74733770	59027672	0	-5.042209e-04	-1.730653e-05	1
19	rs74815034	58658965	1	-6.295759e-04	-2.070231e-05	1
19	rs74831398	58919814	0	6.834915e-05	2.332010e-06	1
19	rs75072205	58755366	0	-6.379829e-04	-2.178588e-05	1
19	rs7507609	58611111	0	-3.232225e-04	-1.019224e-05	1
19	rs7508106	58876115	0	-1.608469e-04	-5.409140e-06	1
19	rs751745	58722129	0	-4.522362e-04	-1.543293e-05	1
19	rs75196460	58952297	0	5.388949e-05	1.839256e-06	1
19	rs75217180	59055112	0	3.485939e-04	1.167284e-05	1
19	rs753530	58632768	0	-8.070662e-05	-2.576085e-06	1
19	rs75597	58720236	0	3.106089e-04	1.034765e-05	1
19	rs75672965	59063157	0	-4.743004e-04	-1.626301e-05	1
19	rs75814085	58993994	0	-3.702959e-04	-1.256034e-05	1
19	rs75904835	58810044	0	-5.068847e-04	-1.737340e-05	1
19	rs75999937	58924419	0	1.334107e-04	4.561870e-06	1
19	rs76652149	58524660	0	6.565469e-05	2.187794e-06	1
19	rs76783065	59075668	0	-5.076098e-05	-1.723952e-06	1
19	rs76795181	58684319	0	-2.100384e-04	-7.181636e-06	1
19	rs76798942	58653114	0	4.305412e-04	1.409880e-05	1
19	rs76938992	58877357	0	9.196453e-05	3.138030e-06	1
19	rs76958646	58562357	0	-1.484438e-04	-5.031044e-06	1
19	rs76963345	58743142	0	-1.359524e-04	-4.595948e-06	1
19	rs77101457	59076912	0	-2.782226e-04	-9.355893e-06	1
19	rs77140992	58521189	0	6.565469e-05	2.187795e-06	1
19	rs77193614	58820450	0	5.617385e-04	1.883835e-05	1
19	rs77222313	58533610	0	5.500385e-05	1.833041e-06	1
19	rs77235242	58929230	0	2.135475e-04	7.308271e-06	1
19	rs77262558	58684431	0	-3.453344e-04	-1.179890e-05	1
19	rs77358356	59065154	0	-5.076098e-05	-1.723952e-06	1
19	rs77377117	58742665	0	2.373077e-06	8.427305e-08	1
19	rs77498029	58993254	0	-3.065748e-04	-9.997652e-06	1
19	rs77537775	59083268	0	-8.788973e-05	-2.996459e-06	1
19	rs77659740	59056991	0	-8.599533e-05	-2.908004e-06	1
19	rs77688534	59043748	0	2.663880e-05	9.072130e-07	1
19	rs77755501	58915005	0	-3.411461e-04	-1.159960e-05	1
19	rs77999299	59095570	0	7.202148e-05	2.446553e-06	1
19	rs78202231	58668413	0	-2.127211e-04	-7.264908e-06	1
19	rs78282402	59008259	0	7.082530e-05	2.404764e-06	1
19	rs78282479	58682941	0	1.336300e-05	4.560332e-07	1
19	rs78293168	58755872	0	-6.379829e-04	-2.178588e-05	1
19	rs78397785	59080070	0	7.202148e-05	2.446553e-06	1
19	rs78560062	58662212	0	5.210487e-04	1.711062e-05	1
19	rs78604285	58712758	0	-2.089843e-04	-7.097940e-06	1
19	rs78664025	58695007	0	2.676813e-05	9.115356e-07	1
19	rs78968038	58658294	0	-5.791747e-04	-1.858265e-05	1
19	rs7910	59093464	0	3.414193e-04	1.066652e-05	1
19	rs79132177	58701780	0	-6.683483e-04	-2.281791e-05	1
19	rs79135878	58642383	0	-2.605437e-04	-8.902082e-06	1
19	rs79192210	58561312	0	3.332482e-04	1.137549e-05	1
19	rs79208032	58556652	0	-5.271007e-04	-1.730031e-05	1
19	rs79222418	58664418	0	-7.651299e-04	-2.564030e-05	1
19	rs79259289	58752257	0	1.424595e-04	4.655794e-06	1
19	rs79282983	58898840	0	7.001526e-05	2.324210e-06	1
19	rs79287592	58789765	0	-9.327603e-04	-3.260877e-05	1
19	rs79428816	58834505	0	1.185409e-05	4.050834e-07	1
19	rs79463936	58755254	0	-6.379829e-04	-2.178588e-05	1
19	rs79481083	58820403	0	2.764648e-04	9.215926e-06	1
19	rs79562691	58745897	0	-1.617090e-04	-5.528420e-06	1
19	rs79639614	59070578	0	-5.229814e-04	-1.760751e-05	1
19	rs79894507	58699453	0	-2.089843e-04	-7.097940e-06	1
19	rs79955355	58665816	0	1.201513e-04	4.087921e-06	1
19	rs80090318	58702017	0	-6.683483e-04	-2.281791e-05	1
19	rs80153933	58526696	0	1.226451e-04	4.068443e-06	1
19	rs80298408	58807275	0	2.712541e-04	9.251213e-06	1
19	rs80320621	58816329	0	-8.417543e-05	-2.788488e-06	1
19	rs80330258	59010439	0	-1.375632e-04	-4.671254e-06	1
19	rs8099852	58895221	0	7.772396e-04	2.483288e-05	1
19	rs8100253	59087479	0	-7.480540e-05	-2.499751e-06	1
19	rs8100259	58932360	0	2.614263e-04	8.318209e-06	1
19	rs8100276	58534236	0	-3.505385e-04	-1.160420e-05	1
19	rs8100534	58534484	0	-3.771754e-04	-1.250231e-05	1
19	rs8100738	58581904	0	-4.634999e-04	-1.466378e-05	1
19	rs8100801	58892060	0	-1.155718e-04	-3.860850e-06	1
19	rs8101391	58892524	0	-4.766615e-05	-1.600420e-06	1
19	rs8102157	58589599	0	-5.749325e-04	-1.843119e-05	1
19	rs8102402	58892672	0	-3.556594e-05	-1.191524e-06	1
19	rs8102457	58926008	0	3.928683e-04	1.249291e-05	1
19	rs8102541	59091380	1	3.310060e-04	1.035859e-05	1
19	rs8103813	59072684	0	-5.256640e-04	-1.715824e-05	1
19	rs8103853	58577762	0	-6.046550e-04	-1.944171e-05	1
19	rs8104061	58795986	0	5.924156e-04	1.907938e-05	1
19	rs8104221	58905109	0	-1.982340e-04	-6.285291e-06	1
19	rs8104276	58603983	0	6.427002e-04	2.106183e-05	1
19	rs8105044	58796805	0	3.730335e-04	1.176146e-05	1
19	rs8105799	58761585	0	-8.175035e-04	-2.613816e-05	1
19	rs8105906	58791636	0	-9.344669e-04	-3.261583e-05	1
19	rs8105935	58821088	0	5.702424e-04	1.913153e-05	1
19	rs8106345	58888317	0	1.549264e-04	4.850045e-06	1
19	rs8106379	59094136	0	-2.875816e-04	-9.626211e-06	1
19	rs8106477	58888441	0	5.243784e-04	1.658575e-05	1
19	rs8107581	58809154	0	5.602612e-04	1.776194e-05	1
19	rs8107931	58636461	0	-2.389698e-04	-7.720264e-06	1
19	rs8108238	58757968	0	-6.379829e-04	-2.178588e-05	1
19	rs8108371	58730394	0	-8.891457e-05	-2.992170e-06	1
19	rs8108493	58730489	0	-2.547255e-04	-8.610146e-06	1
19	rs8109093	58833871	0	6.268929e-05	2.079292e-06	1
19	rs8109275	58629878	0	-7.332915e-06	-2.073976e-07	1
19	rs8109359	58629914	0	-7.332915e-06	-2.073938e-07	1
19	rs8109471	58621794	0	-4.291453e-04	-1.397289e-05	1
19	rs8109694	58621307	0	-4.269491e-04	-1.398219e-05	1
19	rs8109925	58623323	0	-4.291453e-04	-1.397288e-05	1
19	rs8109932	58903466	0	2.492036e-04	7.788954e-06	1
19	rs8109937	58584643	0	-4.634999e-04	-1.466379e-05	1
19	rs8110117	58600626	0	-1.011835e-03	-3.405481e-05	1
19	rs8110135	58998464	0	1.004612e-03	3.282892e-05	1
19	rs8110249	58824237	0	6.640629e-05	2.202696e-06	1
19	rs8110595	59095126	0	3.187308e-04	9.977443e-06	1
19	rs8110941	58824163	0	1.058983e-04	3.519958e-06	1
19	rs8111222	58750413	0	-7.375566e-04	-2.350216e-05	1
19	rs8111238	58667076	0	-4.434375e-04	-1.415096e-05	1
19	rs8111301	58750326	0	-6.379829e-04	-2.178588e-05	1
19	rs8111498	58749994	0	-4.537312e-04	-1.534554e-05	1
19	rs8112286	58752391	0	-6.768133e-04	-2.312283e-05	1
19	rs8112340	58759679	0	-5.952088e-04	-2.027589e-05	1
19	rs8112556	58886459	0	-3.618648e-05	-1.209686e-06	1
19	rs8113810	58932106	0	9.322442e-04	3.004292e-05	1
19	rs873104	59065952	0	2.856914e-04	9.008966e-06	1
19	rs877796	58753615	0	-7.079318e-04	-2.414179e-05	1
19	rs877797	58753649	0	-6.379829e-04	-2.178588e-05	1
19	rs880162	59013134	0	-1.900628e-04	-6.073649e-06	1
19	rs882609	58991479	0	9.022097e-04	2.893331e-05	1
19	rs882610	58991900	0	8.461394e-04	2.733127e-05	1
19	rs889158	58601981	0	1.052217e-04	3.329188e-06	1
19	rs889159	58584522	0	-4.634999e-04	-1.466379e-05	1
19	rs889160	58584434	0	-6.608447e-04	-2.125115e-05	1
19	rs889161	58584324	0	-4.226946e-04	-1.335902e-05	1
19	rs893179	58899056	0	3.877654e-04	1.215532e-05	1
19	rs893180	58865091	0	-5.924336e-04	-2.006494e-05	1
19	rs893181	58865082	0	-5.924336e-04	-2.006493e-05	1
19	rs893182	58865068	0	-5.924336e-04	-2.006493e-05	1
19	rs893183	58865054	0	-5.924336e-04	-2.006493e-05	1
19	rs893184	58864479	0	-5.502197e-04	-1.862059e-05	1
19	rs893185	58989495	0	6.840073e-04	2.165604e-05	1
19	rs893186	58969179	0	1.200253e-03	3.944710e-05	1
19	rs893187	58963018	0	2.900720e-04	9.220983e-06	1
19	rs893188	58962958	0	1.168249e-04	3.678141e-06	1
19	rs895374	59066918	0	3.349187e-04	1.049767e-05	1
19	rs918544	58620103	0	-4.416298e-04	-1.438389e-05	1
19	rs918545	58620068	0	-4.416298e-04	-1.438389e-05	1
19	rs922929	58734596	0	1.821102e-04	6.055605e-06	1
19	rs922931	58734749	0	6.229434e-05	2.064407e-06	1
19	rs9304813	58931557	0	4.060067e-05	1.243898e-06	1
19	rs9304814	58951811	0	6.564282e-04	2.086025e-05	1
19	rs933670	58619847	0	-1.653476e-04	-5.450575e-06	1
19	rs9636162	59019452	0	2.518457e-04	8.539556e-06	1
19	rs9676281	58756728	0	-5.103959e-04	-1.735514e-05	1
19	rs9676287	58756655	0	-6.379829e-04	-2.178588e-05	1
19	rs9676487	58756869	0	-5.103959e-04	-1.735514e-05	1
19	rs971711	58632872	0	-1.770590e-04	-5.746440e-06	1
19	rs9749456	58882192	0	4.737951e-04	1.494770e-05	1
19	rs975947	58898193	0	-1.471591e-04	-4.577881e-06	1
19	rs9797792	59019531	0	5.718343e-04	1.843853e-05	1
19	rs9941466	58945962	0	2.242594e-04	7.584891e-06	1
