chr	rs	ps	n_miss	b	beta	gamma
19	rs1004526	58588849	0	-1.233010e-05	-3.629083e-07	1
19	rs1005050	58949579	0	1.604884e-04	4.674162e-06	1
19	rs101447	58720717	0	1.417054e-03	4.359261e-05	1
19	rs1014767	58528303	0	1.583782e-03	4.921694e-05	1
19	rs1015224	58724380	0	1.172645e-05	3.614711e-07	1
19	rs1019490	58610559	0	5.966907e-04	1.725099e-05	1
19	rs1020054	58987301	0	-1.327095e-04	-4.096885e-06	1
19	rs10401711	58624499	0	-1.180581e-04	-3.499658e-06	1
19	rs10402098	58624615	0	-1.180581e-04	-3.499658e-06	1
19	rs10402211	58652341	0	1.104716e-03	3.335663e-05	1
19	rs10402307	58624732	0	1.264466e-03	3.904077e-05	1
19	rs10402325	58913507	0	2.239829e-04	6.631347e-06	1
19	rs10403117	58744033	0	9.255387e-05	2.826607e-06	1
19	rs10404798	58628509	0	1.842267e-05	5.525143e-07	1
19	rs10405350	58628515	0	1.620998e-04	4.797732e-06	1
19	rs10405769	58917418	0	-2.421506e-05	-7.104010e-07	1
19	rs10406593	58917575	0	1.586833e-04	4.607403e-06	1
19	rs10407096	58887170	0	1.704153e-04	4.897242e-06	1
19	rs10407616	58896384	0	2.160890e-04	6.559363e-06	1
19	rs10407894	58625081	0	-1.180581e-04	-3.499659e-06	1
19	rs10409388	58604114	0	-3.587192e-04	-1.042642e-05	1
19	rs10410171	59097308	0	1.256515e-03	3.762634e-05	1
19	rs10411535	58708526	0	-6.123200e-04	-1.765633e-05	1
19	rs10411892	58923725	0	2.261301e-04	6.576429e-06	1
19	rs10412181	58814507	0	6.762591e-04	1.997331e-05	1
19	rs10412209	58629463	0	8.995949e-05	2.675307e-06	1
19	rs10412612	58632446	0	-1.864748e-05	-5.468602e-07	1
19	rs10413586	59071321	0	7.091199e-04	2.062652e-05	1
19	rs10414125	59064327	0	-7.224389e-04	-2.250369e-05	1
19	rs10415286	58720992	0	1.346814e-04	3.851995e-06	1
19	rs10415313	58675417	0	1.108870e-03	3.350735e-05	1
19	rs10416149	58964306	0	9.542534e-04	2.811246e-05	1
19	rs10417092	58915193	0	1.843807e-04	5.355773e-06	1
19	rs10417104	58923866	0	-5.278521e-05	-1.534014e-06	1
19	rs10419091	58723359	0	9.701383e-04	2.955376e-05	1
19	rs10419259	58630192	0	1.188045e-03	3.641894e-05	1
19	rs10420221	58794026	0	-1.688683e-04	-4.909480e-06	1
19	rs10420540	58521290	0	2.593786e-04	7.810696e-06	1
19	rs10420801	58609457	0	-1.056171e-03	-3.231288e-05	1
19	rs10421140	58609376	0	-4.177139e-04	-1.249366e-05	1
19	rs10421350	58609443	0	-1.074478e-03	-3.291796e-05	1
19	rs10422127	58609220	0	-3.572725e-04	-1.069058e-05	1
19	rs10422438	58523444	0	1.834373e-04	5.420297e-06	1
19	rs10422730	58618747	0	2.698700e-05	8.034915e-07	1
19	rs10423138	58928302	0	-3.221109e-05	-9.410150e-07	1
19	rs10423778	58627574	0	1.340125e-03	4.164034e-05	1
19	rs10424179	58627725	0	1.322641e-03	4.107906e-05	1
19	rs10425266	58694416	0	9.979515e-04	3.035376e-05	1
19	rs10425685	58703085	0	9.097203e-04	2.752077e-05	1
19	rs10432292	59036273	0	6.251788e-04	1.931951e-05	1
19	rs10448	59093239	0	1.233023e-03	3.687632e-05	1
19	rs10469313	58892510	0	7.732797e-05	2.229621e-06	1
19	rs1051500	58944402	0	1.062477e-04	3.025079e-06	1
19	rs1057402	58580277	0	3.302374e-04	9.579741e-06	1
19	rs1058144	59075115	0	-6.078762e-04	-1.870714e-05	1
19	rs1064267	58597405	0	-4.891832e-04	-1.465566e-05	1
19	rs1077420	58968875	0	6.800478e-04	1.969283e-05	1
19	rs10775573	58614974	0	5.966907e-04	1.725097e-05	1
19	rs10775574	58615053	0	5.966907e-04	1.725096e-05	1
19	rs1080416	58559785	0	3.557894e-04	1.060600e-05	1
19	rs10853902	58614749	0	5.966907e-04	1.725096e-05	1
19	rs10853903	58714926	0	1.323410e-03	4.121431e-05	1
19	rs10853904	58885260	0	7.623634e-05	2.335120e-06	1
19	rs10878	58595676	0	-7.115206e-04	-2.145385e-05	1
19	rs1107399	58955556	0	4.991628e-04	1.463362e-05	1
19	rs11084528	58527472	0	9.075074e-04	2.672171e-05	1
19	rs11084531	58582586	0	-4.106030e-04	-1.185745e-05	1
19	rs11084532	58583939	0	-3.853754e-04	-1.112474e-05	1
19	rs11084534	58613950	0	5.966907e-04	1.725095e-05	1
19	rs11084535	58614035	0	5.966907e-04	1.725095e-05	1
19	rs11084537	58629227	0	-1.853025e-04	-5.529672e-06	1
19	rs11084538	58629238	0	1.595908e-04	4.722736e-06	1
19	rs11084542	58932099	0	-9.859501e-05	-2.921900e-06	1
19	rs11084543	58932701	0	-2.334783e-04	-6.915820e-06	1
19	rs11084544	58940127	0	-1.227887e-04	-3.640049e-06	1
19	rs11084545	58951693	0	1.725585e-04	4.928314e-06	1
19	rs111426967	58526736	0	-4.346571e-04	-1.326742e-05	1
19	rs111476488	58632584	0	-9.056393e-04	-2.762716e-05	1
19	rs111497992	58952247	0	1.462390e-04	4.539666e-06	1
19	rs111785442	59088450	0	-5.897155e-04	-1.838211e-05	1
19	rs111938040	58682195	0	1.485084e-04	4.601382e-06	1
19	rs111961880	58521852	0	3.702215e-04	1.143490e-05	1
19	rs112047932	59096384	0	-5.948241e-04	-1.859059e-05	1
19	rs112072625	58851928	0	-3.184870e-04	-9.834655e-06	1
19	rs112121304	58747493	0	2.370971e-04	7.272684e-06	1
19	rs1122955	58946203	0	-2.132461e-06	-7.163529e-08	1
19	rs112380274	58538047	0	-1.796596e-04	-5.576398e-06	1
19	rs112404933	59051273	16	2.852178e-04	8.475359e-06	1
19	rs112495529	59086341	0	-6.659917e-04	-2.065627e-05	1
19	rs112630877	58713159	0	4.950854e-04	1.539427e-05	1
19	rs112710702	58907700	0	-7.593776e-05	-2.352526e-06	1
19	rs112807223	58957572	0	2.366868e-04	7.377064e-06	1
19	rs112809147	58521822	0	-1.805716e-04	-5.499918e-06	1
19	rs112884174	58795474	0	-1.318581e-05	-3.853956e-07	1
19	rs112905868	58696543	0	8.172172e-04	2.462049e-05	1
19	rs112923015	58843344	0	-2.594163e-04	-7.968447e-06	1
19	rs113038922	58848825	2	-1.372852e-04	-4.222968e-06	1
19	rs113128193	59054938	0	-5.213926e-04	-1.626001e-05	1
19	rs113129007	58572389	0	1.099285e-04	3.430402e-06	1
19	rs113234672	59044327	0	-6.251788e-04	-1.931950e-05	1
19	rs113267181	59018390	0	5.374989e-04	1.564742e-05	1
19	rs113368366	59098134	0	-6.833088e-04	-2.105389e-05	1
19	rs113630669	59008097	9	2.135169e-04	6.171243e-06	1
19	rs113702420	58728671	0	4.242840e-05	1.314305e-06	1
19	rs113742427	59035589	0	4.808163e-05	1.377675e-06	1
19	rs113744797	58793000	0	3.164888e-04	9.921188e-06	1
19	rs113747485	58702661	0	4.277514e-04	1.322590e-05	1
19	rs113782954	58521588	0	4.804572e-05	1.422570e-06	1
19	rs113896796	58999674	0	1.847093e-04	5.775721e-06	1
19	rs113896797	58522122	0	7.880703e-05	2.328523e-06	1
19	rs113897676	58526091	2	-4.153888e-04	-1.264412e-05	1
19	rs113909979	58843146	0	-2.594163e-04	-7.968445e-06	1
19	rs113992190	58531244	0	-1.805716e-04	-5.499917e-06	1
19	rs114393548	58963349	0	4.725383e-04	1.385466e-05	1
19	rs11486499	59017417	0	-1.041087e-03	-3.084836e-05	1
19	rs115134660	58671275	0	6.083748e-04	1.901313e-05	1
19	rs11545185	59028585	0	1.165507e-03	3.625971e-05	1
19	rs11665688	58953762	0	7.184708e-05	2.119092e-06	1
19	rs11666156	58790359	0	-2.167876e-04	-6.224264e-06	1
19	rs11666227	58573559	0	-8.197325e-04	-2.402563e-05	1
19	rs11666303	58922502	0	-2.334783e-04	-6.915826e-06	1
19	rs11666477	58777937	0	1.538756e-04	4.430820e-06	1
19	rs11666502	58953826	0	1.249647e-04	3.694903e-06	1
19	rs11666610	58527828	0	1.029047e-03	3.058342e-05	1
19	rs11666716	58920952	0	-2.334783e-04	-6.915828e-06	1
19	rs11666790	59033341	0	-1.411789e-03	-4.310405e-05	1
19	rs11666928	58914231	0	1.601106e-05	4.665756e-07	1
19	rs11667482	58568958	0	-1.606409e-03	-5.002277e-05	1
19	rs11667581	58622193	0	6.822467e-04	1.978523e-05	1
19	rs11667723	58927489	0	-2.334783e-04	-6.915831e-06	1
19	rs11668071	58973141	0	2.545184e-05	7.910983e-07	1
19	rs11668201	59003632	0	4.255549e-04	1.266408e-05	1
19	rs11668350	58775813	0	-4.349973e-04	-1.259282e-05	1
19	rs11668420	58937836	0	-9.501959e-05	-2.818761e-06	1
19	rs11668757	58928299	0	1.494040e-04	4.413449e-06	1
19	rs11668785	58780089	0	-4.074080e-04	-1.174665e-05	1
19	rs11668789	58928309	0	-2.334783e-04	-6.915835e-06	1
19	rs11668814	58946833	0	-2.132461e-06	-7.164771e-08	1
19	rs11668821	58955813	0	1.249647e-04	3.694893e-06	1
19	rs11669093	58912795	0	-1.498309e-04	-4.579301e-06	1
19	rs11669127	59003830	0	8.257227e-04	2.507354e-05	1
19	rs11669305	58886431	0	2.644820e-04	7.893236e-06	1
19	rs11669345	59062259	0	9.359124e-04	2.848883e-05	1
19	rs11669347	58951632	0	1.848030e-04	5.380858e-06	1
19	rs11669373	58798685	0	-2.930279e-04	-8.420141e-06	1
19	rs11669378	58951686	0	3.804022e-04	1.113032e-05	1
19	rs11669464	58998901	0	6.668105e-04	2.012407e-05	1
19	rs11669526	58998914	0	6.668105e-04	2.012407e-05	1
19	rs11669665	58931885	8	-3.951865e-05	-1.177285e-06	1
19	rs11669741	58960481	0	6.274443e-04	1.817590e-05	1
19	rs11669829	58624120	0	-1.180581e-04	-3.499667e-06	1
19	rs11669919	58580394	0	-3.723633e-04	-1.073932e-05	1
19	rs11670035	58573649	0	-6.072111e-04	-1.763822e-05	1
19	rs11670075	58751393	0	-3.104993e-04	-8.946542e-06	1
19	rs11670192	59017640	0	1.267516e-03	3.949972e-05	1
19	rs11670322	58917125	0	1.000115e-04	2.903037e-06	1
19	rs11670347	58917040	0	2.530597e-05	7.270963e-07	1
19	rs11670764	58992896	0	-4.148940e-04	-1.198495e-05	1
19	rs11670848	58580962	0	-3.471356e-04	-1.000845e-05	1
19	rs11670864	59030580	0	1.303066e-03	4.070264e-05	1
19	rs11670871	58940514	0	1.209466e-05	3.486873e-07	1
19	rs11671033	58963669	0	4.780632e-04	1.428467e-05	1
19	rs11671092	59009109	0	6.300209e-04	1.902415e-05	1
19	rs11671113	58958087	0	6.274443e-04	1.817589e-05	1
19	rs11671199	58722673	0	7.806964e-04	2.349453e-05	1
19	rs11671477	58800346	0	-2.930279e-04	-8.420140e-06	1
19	rs11671486	58793064	0	-1.211961e-04	-3.472031e-06	1
19	rs11671591	58918337	0	-9.859501e-05	-2.921937e-06	1
19	rs11671725	58587046	0	-3.471356e-04	-1.000845e-05	1
19	rs11672212	59018821	0	3.647875e-04	1.126425e-05	1
19	rs11672258	58934685	0	-2.334783e-04	-6.915857e-06	1
19	rs11672379	58575800	0	7.026007e-04	2.076323e-05	1
19	rs11672609	59006924	0	6.300209e-04	1.902415e-05	1
19	rs11672614	59006984	0	6.300209e-04	1.902414e-05	1
19	rs11672645	58718698	0	-1.047989e-03	-3.174654e-05	1
19	rs11672730	59007203	0	6.300209e-04	1.902414e-05	1
19	rs11672765	58801758	0	3.899729e-04	1.121178e-05	1
19	rs11672773	58801784	0	2.050449e-04	5.889301e-06	1
19	rs11673069	58934918	0	1.216349e-04	3.590451e-06	1
19	rs11673101	58995053	0	5.448948e-04	1.641714e-05	1
19	rs11673436	58576358	0	-3.723633e-04	-1.073931e-05	1
19	rs11673465	59038895	0	1.013153e-03	3.087328e-05	1
19	rs11673550	58777337	0	-3.269949e-04	-9.383326e-06	1
19	rs11673557	58777390	0	-3.337453e-04	-9.581904e-06	1
19	rs11673703	58983549	0	7.178347e-04	2.230543e-05	1
19	rs116922203	58537659	0	-7.426252e-04	-2.353734e-05	1
19	rs116938565	58752980	0	2.080448e-04	6.414465e-06	1
19	rs117121674	58619217	0	3.942559e-04	1.238112e-05	1
19	rs117207849	58645844	0	1.404150e-04	4.388362e-06	1
19	rs117233340	58531540	0	-5.264029e-04	-1.654670e-05	1
19	rs117316552	59087901	0	-4.203393e-04	-1.310684e-05	1
19	rs117415600	58985438	0	1.766955e-04	5.517122e-06	1
19	rs117450623	58789961	0	2.169383e-04	6.772047e-06	1
19	rs117465682	58954770	0	1.766955e-04	5.517122e-06	1
19	rs117482759	58808414	0	2.575960e-04	8.067812e-06	1
19	rs117509647	58580355	0	-1.924112e-05	-5.948957e-07	1
19	rs117591817	58875573	0	2.872964e-04	8.990869e-06	1
19	rs117625253	59097933	0	-2.374134e-04	-7.400974e-06	1
19	rs117667229	58690935	0	-1.278721e-05	-3.985822e-07	1
19	rs117761389	58665641	0	2.560706e-04	7.985139e-06	1
19	rs117800501	58649809	0	3.212244e-04	1.000433e-05	1
19	rs117831716	58571600	0	-2.451591e-04	-7.680904e-06	1
19	rs117962485	58794158	0	2.992956e-04	9.396272e-06	1
19	rs118058287	58726678	0	5.088681e-04	1.596640e-05	1
19	rs118098469	59027453	0	-5.229715e-05	-1.627798e-06	1
19	rs118122480	58697975	0	1.528875e-05	4.757548e-07	1
19	rs118165397	58873238	0	4.146340e-05	1.276754e-06	1
19	rs11878198	58920302	0	-2.334783e-04	-6.915867e-06	1
19	rs11878203	58920050	0	-9.859501e-05	-2.921949e-06	1
19	rs11879192	58613591	0	5.966907e-04	1.725095e-05	1
19	rs11879575	58660968	0	-5.750864e-04	-1.726637e-05	1
19	rs11879748	58613819	0	5.966907e-04	1.725094e-05	1
19	rs11879808	58876517	0	3.157612e-04	9.661443e-06	1
19	rs11881000	58932788	0	-9.859501e-05	-2.921951e-06	1
19	rs11881126	58523990	0	1.102851e-03	3.294960e-05	1
19	rs11882226	59064636	0	-7.224389e-04	-2.250368e-05	1
19	rs11882439	58730564	0	-7.060372e-04	-2.117106e-05	1
19	rs11883119	58750511	0	2.080448e-04	6.414465e-06	1
19	rs11883136	58750671	0	2.080448e-04	6.414465e-06	1
19	rs12052202	59048311	0	4.001251e-04	1.238359e-05	1
19	rs12151036	58714235	0	1.013987e-03	3.087394e-05	1
19	rs12459294	58878494	0	-1.013163e-04	-3.103562e-06	1
19	rs12459340	58878484	0	1.934507e-04	5.547326e-06	1
19	rs12459664	58883817	0	8.862182e-05	2.714416e-06	1
19	rs12459668	58883897	0	1.885530e-04	5.802758e-06	1
19	rs12459942	58678797	0	2.609715e-04	8.135040e-06	1
19	rs12460016	58784640	0	-9.403293e-04	-2.845916e-05	1
19	rs12460050	58666109	0	-4.145984e-05	-1.214338e-06	1
19	rs12460553	58903304	0	-3.229902e-04	-9.336483e-06	1
19	rs12460623	58903574	0	-4.263841e-04	-1.234551e-05	1
19	rs12460974	58537461	0	1.025507e-04	2.942948e-06	1
19	rs12461217	58579927	0	7.286929e-04	2.158057e-05	1
19	rs12461356	58668553	0	1.611656e-03	5.056386e-05	1
19	rs12461832	58611210	0	5.966907e-04	1.725093e-05	1
19	rs12462307	58784732	0	-9.299850e-04	-2.790606e-05	1
19	rs12462495	59089792	0	-2.263268e-04	-7.035337e-06	1
19	rs12462497	58964424	0	6.260441e-05	1.912445e-06	1
19	rs12462787	58801360	0	-3.999364e-06	-1.178142e-07	1
19	rs12608795	58896477	0	3.194195e-04	9.245984e-06	1
19	rs12609270	58888787	0	1.466389e-04	4.208603e-06	1
19	rs12611047	58889108	0	1.083693e-04	3.119856e-06	1
19	rs1265953	58854566	0	2.689349e-04	8.271713e-06	1
19	rs1265954	58854600	0	2.802511e-04	8.636753e-06	1
19	rs1265955	58856812	0	2.195714e-04	6.763509e-06	1
19	rs1265956	58857131	0	5.096989e-04	1.566279e-05	1
19	rs1265957	58858676	0	1.097922e-04	3.397493e-06	1
19	rs1265961	58860387	2	1.072641e-03	3.330677e-05	1
19	rs1268538	58853363	0	-2.802511e-04	-8.636751e-06	1
19	rs12971534	58541508	0	-1.146008e-04	-3.404718e-06	1
19	rs12971923	58634625	0	-1.282559e-04	-3.771611e-06	1
19	rs12971940	58541514	0	6.628378e-05	1.985785e-06	1
19	rs12972034	58690818	0	-1.460695e-03	-4.580829e-05	1
19	rs12972054	58735053	0	-8.951900e-04	-2.711903e-05	1
19	rs12972201	59035989	0	7.407837e-04	2.299729e-05	1
19	rs12972400	59036000	0	1.041319e-04	3.233883e-06	1
19	rs12972438	58728126	0	-8.700449e-04	-2.608966e-05	1
19	rs12972443	58757870	0	-4.689277e-04	-1.357510e-05	1
19	rs12972597	59036021	0	1.041319e-04	3.233883e-06	1
19	rs12972636	59036119	0	1.292354e-04	4.012494e-06	1
19	rs12972884	58749797	0	-3.315644e-04	-9.566254e-06	1
19	rs12972898	58956888	0	-7.693890e-05	-2.293365e-06	1
19	rs12972962	59036017	0	1.041319e-04	3.233883e-06	1
19	rs12973189	58618974	0	-8.813213e-04	-2.603616e-05	1
19	rs12973218	58729931	0	-7.060372e-04	-2.117103e-05	1
19	rs12973231	58729904	0	-7.060372e-04	-2.117103e-05	1
19	rs12973458	58729973	0	-7.060372e-04	-2.117102e-05	1
19	rs12973718	58580615	0	4.875689e-04	1.466034e-05	1
19	rs12974045	58612080	10	6.706643e-04	1.935355e-05	1
19	rs12974312	58612154	0	5.966907e-04	1.725094e-05	1
19	rs12975369	58693418	0	-1.460695e-03	-4.580825e-05	1
19	rs12975659	58612122	0	-3.061861e-04	-9.112318e-06	1
19	rs12975995	58553864	0	1.321987e-04	3.938153e-06	1
19	rs12976331	58751639	0	-3.608487e-04	-1.046365e-05	1
19	rs12976771	58614336	0	5.966907e-04	1.725094e-05	1
19	rs12976842	58614404	0	5.966907e-04	1.725094e-05	1
19	rs12976966	58647516	0	-7.646832e-04	-2.339419e-05	1
19	rs12977251	58605521	0	-2.345464e-04	-6.768734e-06	1
19	rs12977390	58614604	0	5.966907e-04	1.725094e-05	1
19	rs12977592	58961056	0	2.095400e-04	6.064033e-06	1
19	rs12977863	58702050	0	-1.460695e-03	-4.580824e-05	1
19	rs12977929	58688430	0	-1.460695e-03	-4.580824e-05	1
19	rs12978129	58725724	0	-1.102968e-03	-3.353708e-05	1
19	rs12978139	58732605	0	-7.839777e-04	-2.360091e-05	1
19	rs12978152	58732656	0	-7.937568e-04	-2.347655e-05	1
19	rs12978231	58614357	0	5.966907e-04	1.725095e-05	1
19	rs12979108	58732779	0	-8.069826e-04	-2.432119e-05	1
19	rs12979415	58952608	0	2.531576e-04	7.867736e-06	1
19	rs12979906	58732532	0	-2.685799e-04	-7.736203e-06	1
19	rs12980120	58618223	0	-1.435100e-04	-4.266304e-06	1
19	rs12980208	58860812	0	4.423760e-04	1.367465e-05	1
19	rs12980211	58611169	0	5.966907e-04	1.725095e-05	1
19	rs12980299	58787473	0	-1.211961e-04	-3.471991e-06	1
19	rs12980430	59002009	0	3.561024e-04	1.029060e-05	1
19	rs12980623	58624996	0	-4.985931e-04	-1.501835e-05	1
19	rs12980697	58963488	0	-9.246563e-06	-2.814800e-07	1
19	rs12980907	58956326	0	1.249647e-04	3.694865e-06	1
19	rs12981083	58963468	0	1.804114e-04	5.337784e-06	1
19	rs12981092	58963475	0	-3.193466e-06	-1.012239e-07	1
19	rs12981338	58618736	0	-9.671848e-04	-2.873960e-05	1
19	rs12981417	58596956	0	-3.338443e-04	-9.971995e-06	1
19	rs12981649	58930043	0	-2.334783e-04	-6.915869e-06	1
19	rs12981684	58632144	0	-1.282559e-04	-3.771575e-06	1
19	rs12981875	58935130	0	-2.612474e-04	-7.739808e-06	1
19	rs12982505	58613285	0	8.336576e-04	2.443388e-05	1
19	rs12982863	58715418	0	-1.557135e-03	-4.923399e-05	1
19	rs12983138	58655373	0	9.339374e-04	2.735442e-05	1
19	rs12983165	58958435	0	1.249647e-04	3.694860e-06	1
19	rs12983169	58768177	0	-3.234577e-04	-9.369045e-06	1
19	rs12983679	58923736	0	-9.859501e-05	-2.921954e-06	1
19	rs12983701	58613499	0	3.831451e-04	1.098382e-05	1
19	rs12983728	58671267	0	-6.498347e-04	-1.977270e-05	1
19	rs12983843	58923618	1	-1.429669e-04	-4.236258e-06	1
19	rs12984015	58613031	0	5.966907e-04	1.725094e-05	1
19	rs12984254	58613113	0	5.966907e-04	1.725094e-05	1
19	rs12984878	58562150	0	4.714325e-04	1.409143e-05	1
19	rs12985394	58958585	0	1.249647e-04	3.694856e-06	1
19	rs12985543	58689072	0	-1.460695e-03	-4.580820e-05	1
19	rs12986027	58793596	0	-1.211961e-04	-3.471986e-06	1
19	rs12986378	58727821	0	-8.700449e-04	-2.608958e-05	1
19	rs12986387	58927215	0	-2.334783e-04	-6.915875e-06	1
19	rs13343526	58908150	0	3.354134e-04	1.019489e-05	1
19	rs13344155	59085666	0	-6.376543e-04	-1.962098e-05	1
19	rs13344679	58693697	0	9.097203e-04	2.752070e-05	1
19	rs13345808	58674696	0	1.017276e-03	3.047793e-05	1
19	rs13346342	58522715	0	2.916486e-04	8.805345e-06	1
19	rs13382065	58903698	0	-2.079496e-04	-5.999301e-06	1
19	rs139211863	58843003	0	-2.594163e-04	-7.968447e-06	1
19	rs140171882	58659248	0	-7.531434e-04	-2.280854e-05	1
19	rs140214515	58654197	0	4.178460e-04	1.310917e-05	1
19	rs140638120	58754319	0	-7.803905e-05	-2.441298e-06	1
19	rs140755790	58680275	0	7.611904e-04	2.390548e-05	1
19	rs141669549	58690674	0	6.925020e-04	2.082791e-05	1
19	rs141815249	58690989	0	-1.278721e-05	-3.985876e-07	1
19	rs141887102	59077031	0	9.220724e-04	2.804744e-05	1
19	rs142677013	58655817	0	3.348478e-04	1.049415e-05	1
19	rs143096975	58622408	0	2.624591e-04	8.163747e-06	1
19	rs143314212	58810770	0	2.757038e-04	8.597589e-06	1
19	rs143712775	58643218	0	6.246123e-04	1.952590e-05	1
19	rs144310654	58669338	0	3.909728e-04	1.226931e-05	1
19	rs144479077	58634823	0	2.859241e-04	8.926323e-06	1
19	rs144760313	58894031	0	-1.448559e-05	-4.460061e-07	1
19	rs144929606	59015873	0	3.459059e-04	1.001043e-05	1
19	rs146262068	59077090	0	-7.385281e-04	-2.301627e-05	1
19	rs1465789	58946056	0	1.062477e-04	3.024993e-06	1
19	rs1469087	58572979	0	7.210321e-04	2.219223e-05	1
19	rs147878006	58887658	0	7.686818e-05	2.361828e-06	1
19	rs148493024	58655648	0	2.155696e-04	6.701078e-06	1
19	rs148953731	58662865	0	1.420665e-04	4.382025e-06	1
19	rs149513825	58925379	0	1.766955e-04	5.517116e-06	1
19	rs149594935	58681857	0	2.690272e-04	8.311401e-06	1
19	rs149863732	58917068	0	5.644655e-05	1.638570e-06	1
19	rs150191918	58691030	0	3.697794e-04	1.152538e-05	1
19	rs150752046	58888366	0	-6.225368e-05	-1.917640e-06	1
19	rs150892142	58743405	0	-4.145918e-05	-1.284590e-06	1
19	rs150997678	59052967	1	6.352306e-05	1.982719e-06	1
19	rs151265692	59019648	0	2.126973e-04	6.611279e-06	1
19	rs1529329	58600048	0	3.241871e-04	9.634665e-06	1
19	rs1529958	58899466	0	-2.062343e-04	-5.897881e-06	1
19	rs1529959	58899342	0	2.810197e-04	8.067869e-06	1
19	rs1544796	58542425	0	-2.699556e-04	-8.225254e-06	1
19	rs1544888	58570912	0	8.892394e-04	2.642059e-05	1
19	rs1549279	58528621	0	1.484465e-03	4.579664e-05	1
19	rs1549491	58588434	0	4.376954e-05	1.269855e-06	1
19	rs1549492	58585248	0	-2.276579e-05	-6.667214e-07	1
19	rs1549493	58585367	0	-5.152043e-05	-1.499275e-06	1
19	rs1549495	58529518	0	1.161593e-03	3.483024e-05	1
19	rs1550812	59090423	0	3.457162e-04	1.059928e-05	1
19	rs1550813	59090227	0	6.188612e-04	1.792235e-05	1
19	rs157355	58692686	0	-7.223633e-04	-2.101093e-05	1
19	rs157357	58693870	0	2.265440e-04	6.832714e-06	1
19	rs157358	58643751	0	-3.822399e-04	-1.143641e-05	1
19	rs157360	58650058	0	1.506862e-04	4.425968e-06	1
19	rs157361	58676017	0	-2.875305e-04	-8.615056e-06	1
19	rs157362	58675894	0	-6.842544e-04	-2.076812e-05	1
19	rs157363	58675603	0	-2.875305e-04	-8.615055e-06	1
19	rs157364	58675220	0	-4.423568e-04	-1.277420e-05	1
19	rs157365	58674756	0	-5.748038e-04	-1.668407e-05	1
19	rs157366	58674526	0	-1.297755e-03	-3.958308e-05	1
19	rs157367	58674310	0	-1.367691e-04	-4.072837e-06	1
19	rs157369	58672078	0	-1.008653e-03	-3.021114e-05	1
19	rs157370	58671178	0	-1.081142e-03	-3.253677e-05	1
19	rs157371	58669973	0	-8.355326e-04	-2.475453e-05	1
19	rs157372	58668597	0	-1.081142e-03	-3.253676e-05	1
19	rs157373	58666990	0	-4.313070e-04	-1.291846e-05	1
19	rs157374	58666086	0	-2.030798e-04	-6.057647e-06	1
19	rs157375	58665001	0	-4.313070e-04	-1.291846e-05	1
19	rs157376	58663457	0	-4.580536e-04	-1.371427e-05	1
19	rs157378	58696697	0	-8.351500e-04	-2.452741e-05	1
19	rs157379	58696598	0	-8.877871e-04	-2.613455e-05	1
19	rs1592993	58555971	0	-4.597398e-04	-1.408312e-05	1
19	rs1592994	58555932	0	-3.349175e-04	-1.023075e-05	1
19	rs1592995	58555850	0	-5.039406e-04	-1.546007e-05	1
19	rs159667	58648359	0	-4.929477e-04	-1.431710e-05	1
19	rs159668	58643841	0	-3.822399e-04	-1.143639e-05	1
19	rs159670	58641777	0	2.429046e-05	7.245642e-07	1
19	rs159671	58641701	0	2.429046e-05	7.245650e-07	1
19	rs159672	58641686	0	-2.585763e-04	-7.704772e-06	1
19	rs159673	58641457	0	2.429046e-05	7.245660e-07	1
19	rs159674	58670181	0	-3.424846e-04	-1.022129e-05	1
19	rs159675	58668765	0	-1.498937e-03	-4.601745e-05	1
19	rs159676	58666427	0	-1.498937e-03	-4.601744e-05	1
19	rs159677	58665490	0	-1.560454e-03	-4.816217e-05	1
19	rs159678	58679085	0	-9.940918e-05	-2.960886e-06	1
19	rs159679	58661732	0	-1.683990e-03	-5.253092e-05	1
19	rs159680	58661581	0	-4.313070e-04	-1.291844e-05	1
19	rs159870	58549366	0	-9.942884e-05	-2.895558e-06	1
19	rs159871	58550281	0	-3.082093e-04	-8.987152e-06	1
19	rs159872	58547449	0	-3.771199e-04	-1.101369e-05	1
19	rs159873	58547516	0	-3.771199e-04	-1.101369e-05	1
19	rs159874	58548431	0	-2.722409e-04	-8.313512e-06	1
19	rs166343	58775182	0	-3.269949e-04	-9.383294e-06	1
19	rs166830	58658950	3	-5.094325e-04	-1.532094e-05	1
19	rs166831	58676446	0	-2.875305e-04	-8.615021e-06	1
19	rs169776	58550436	0	-2.722409e-04	-8.313512e-06	1
19	rs16988654	58837269	0	-4.937270e-04	-1.518775e-05	1
19	rs16988659	58840850	0	-3.446332e-04	-1.060576e-05	1
19	rs16988665	58840905	0	-4.066782e-04	-1.257254e-05	1
19	rs16988667	58842180	0	-6.401666e-04	-1.982542e-05	1
19	rs16988668	58850756	0	-6.107304e-04	-1.887662e-05	1
19	rs171851	58758900	0	-3.958528e-04	-1.189386e-05	1
19	rs171852	58754386	0	-8.293697e-04	-2.413075e-05	1
19	rs171853	58685051	0	1.136728e-04	3.272309e-06	1
19	rs171854	58666802	0	-5.520800e-04	-1.660839e-05	1
19	rs174280	58711922	0	-7.511201e-04	-2.192292e-05	1
19	rs174281	58735457	0	1.353327e-04	4.111120e-06	1
19	rs176981	58655580	0	1.826891e-04	5.393720e-06	1
19	rs17853924	58806686	0	4.222127e-04	1.312209e-05	1
19	rs1808397	58572356	0	1.554876e-03	4.878180e-05	1
19	rs1812874	58632506	0	-1.864748e-05	-5.468220e-07	1
19	rs181320759	58658446	0	-6.742778e-04	-2.033997e-05	1
19	rs181994	58746054	0	-1.458377e-04	-4.364561e-06	1
19	rs182055294	58526154	4	-3.028086e-04	-9.173425e-06	1
19	rs183304547	58609059	0	3.942559e-04	1.238112e-05	1
19	rs184128	58548760	0	-4.537783e-04	-1.328068e-05	1
19	rs185161330	58916579	3	6.468456e-05	1.907090e-06	1
19	rs185464	58776863	0	-1.189501e-04	-3.400363e-06	1
19	rs185791	58644371	0	2.084906e-04	6.130329e-06	1
19	rs1865960	58894235	0	8.977968e-05	2.749084e-06	1
19	rs1867726	59084306	0	-6.025410e-05	-1.752167e-06	1
19	rs1867727	59084181	0	1.191041e-04	3.432259e-06	1
19	rs187760	58775192	0	-4.711044e-04	-1.357543e-05	1
19	rs188370	58529192	0	1.180789e-03	3.594597e-05	1
19	rs188415	58616313	0	-7.889041e-04	-2.383205e-05	1
19	rs188486366	58526153	4	-3.587880e-04	-1.089675e-05	1
19	rs189981267	58970374	0	-6.079484e-05	-1.891486e-06	1
19	rs190729	58658029	0	-3.767540e-04	-1.089612e-05	1
19	rs190882	58529365	0	1.138385e-03	3.455368e-05	1
19	rs190975	58631968	0	-1.409742e-04	-4.376776e-06	1
19	rs193390	58548658	0	-1.294596e-04	-3.908219e-06	1
19	rs1968868	58678383	0	-7.275233e-04	-2.183900e-05	1
19	rs1974819	58656963	0	-5.725596e-04	-1.725888e-05	1
19	rs1974826	58590145	0	-9.680473e-05	-2.814430e-06	1
19	rs1985434	58764185	0	-4.328301e-04	-1.236594e-05	1
19	rs1987625	58632634	0	-2.640780e-04	-7.885048e-06	1
19	rs1987626	58632649	0	-1.864748e-05	-5.468159e-07	1
19	rs1993463	58786898	0	-5.593449e-05	-1.728653e-06	1
19	rs1993464	58786953	0	3.822253e-04	1.117977e-05	1
19	rs2003104	59020597	0	1.473209e-04	4.554971e-06	1
19	rs2011666	58990045	0	4.764547e-04	1.391559e-05	1
19	rs2013635	58646792	0	-8.573763e-04	-2.610818e-05	1
19	rs2033711	58999350	1	1.192472e-03	3.559392e-05	1
19	rs204216	58660769	0	-4.313070e-04	-1.291844e-05	1
19	rs2046357	58673534	0	7.611904e-04	2.390548e-05	1
19	rs2052733	58625864	0	1.842267e-05	5.525638e-07	1
19	rs2052734	58626005	0	1.654140e-04	4.904732e-06	1
19	rs2052735	58626112	0	1.620998e-04	4.797787e-06	1
19	rs2062251	58715682	0	-1.327913e-03	-4.114975e-05	1
19	rs2081578	58669335	0	5.776729e-04	1.802431e-05	1
19	rs2098685	58630409	0	-7.618516e-04	-2.310785e-05	1
19	rs2098686	58630043	0	1.852690e-05	5.547319e-07	1
19	rs2098687	58630023	0	6.136062e-05	1.823032e-06	1
19	rs2098717	58524390	0	1.512183e-04	4.648992e-06	1
19	rs2100610	58802349	0	9.067283e-05	2.809247e-06	1
19	rs2112825	58614156	0	-3.821682e-04	-1.144800e-05	1
19	rs211579	58615270	0	-3.134239e-04	-9.336287e-06	1
19	rs2124911	58696798	0	-1.460695e-03	-4.580812e-05	1
19	rs2168644	58788393	0	-1.211961e-04	-3.471976e-06	1
19	rs2228162	59074429	0	-6.838390e-04	-2.121873e-05	1
19	rs2229375	58578578	0	-3.723633e-04	-1.073935e-05	1
19	rs2229379	58579923	0	-3.471356e-04	-1.000849e-05	1
19	rs2241406	58549593	0	-4.408593e-04	-1.350328e-05	1
19	rs2241787	58906163	0	-5.155046e-04	-1.490837e-05	1
19	rs2258557	58596449	0	5.820337e-05	1.752079e-06	1
19	rs2260914	58598784	0	-7.920133e-04	-2.388966e-05	1
19	rs2287837	58598670	0	3.241871e-04	9.634693e-06	1
19	rs2288274	58572959	0	1.501564e-03	4.691151e-05	1
19	rs2289143	58904715	0	3.130559e-04	9.338503e-06	1
19	rs2304521	58988179	0	9.366354e-05	2.820057e-06	1
19	rs2305119	59067623	0	2.442030e-04	7.100249e-06	1
19	rs2305120	59059729	0	1.821043e-04	5.586787e-06	1
19	rs2305122	59056752	0	9.977980e-04	3.050089e-05	1
19	rs2375233	58617203	0	2.236346e-04	6.568878e-06	1
19	rs2375234	58633323	0	-1.864748e-05	-5.468038e-07	1
19	rs2375235	58634745	0	2.429046e-05	7.246087e-07	1
19	rs2375470	58864867	0	-2.716457e-04	-8.365195e-06	1
19	rs2396991	59078073	0	3.617598e-04	1.130645e-05	1
19	rs2431835	58647214	0	7.922266e-04	2.315647e-05	1
19	rs2445854	58777608	2	-5.367370e-04	-1.551199e-05	1
19	rs2445855	58785181	0	5.502876e-04	1.611830e-05	1
19	rs2445856	58701358	0	-6.368976e-04	-1.848846e-05	1
19	rs2445857	58708507	0	1.831927e-05	5.544823e-07	1
19	rs2445858	58708730	0	-5.326307e-04	-1.539661e-05	1
19	rs2445859	58734330	0	7.215005e-06	2.220148e-07	1
19	rs2449628	58781945	0	-6.725939e-04	-1.943974e-05	1
19	rs2449629	58781917	0	-6.760846e-04	-1.954555e-05	1
19	rs2449631	58781652	0	-5.146957e-04	-1.475850e-05	1
19	rs2449632	58781379	0	-6.725939e-04	-1.943973e-05	1
19	rs2449634	58795207	0	-9.259305e-05	-2.768709e-06	1
19	rs2449635	58785227	0	3.927326e-04	1.137187e-05	1
19	rs2449636	58785202	0	5.091549e-04	1.497083e-05	1
19	rs2449638	58735033	0	1.322580e-05	4.050083e-07	1
19	rs2449639	58777772	0	-1.319724e-05	-3.622504e-07	1
19	rs2547257	58610107	0	-4.912212e-04	-1.467931e-05	1
19	rs2547258	58638685	0	1.655527e-04	4.876778e-06	1
19	rs2547259	58637237	0	8.580701e-05	2.544366e-06	1
19	rs2547260	58635294	0	-1.476672e-03	-4.518802e-05	1
19	rs2547295	58617479	0	-1.042427e-04	-3.089130e-06	1
19	rs2547296	58622896	1	3.887293e-05	1.154808e-06	1
19	rs2547297	58623249	0	-1.180581e-04	-3.499591e-06	1
19	rs2547298	58626436	0	1.176141e-04	3.502301e-06	1
19	rs2547347	58627459	0	1.842267e-05	5.525864e-07	1
19	rs2547348	58626879	0	1.842267e-05	5.525871e-07	1
19	rs2547349	58626742	0	1.842267e-05	5.525879e-07	1
19	rs2547350	58622950	0	-1.180581e-04	-3.499588e-06	1
19	rs2547351	58620965	0	-1.042427e-04	-3.089124e-06	1
19	rs2547352	58610720	0	-1.037377e-03	-3.186455e-05	1
19	rs2547355	58635125	0	2.429046e-05	7.246248e-07	1
19	rs2547356	58635146	0	2.429046e-05	7.246256e-07	1
19	rs2547357	58636155	0	2.429046e-05	7.246264e-07	1
19	rs2547358	58636656	0	-1.864748e-05	-5.467847e-07	1
19	rs2547359	58637389	0	8.580701e-05	2.544382e-06	1
19	rs2547360	58638399	0	2.084906e-04	6.130368e-06	1
19	rs2554963	58625364	0	-4.020220e-04	-1.203728e-05	1
19	rs2554964	58625504	0	1.249031e-04	3.734033e-06	1
19	rs2554965	58625638	0	8.961101e-05	2.653188e-06	1
19	rs2554966	58627271	0	1.842267e-05	5.525969e-07	1
19	rs2554967	58627382	0	-2.270079e-04	-6.780901e-06	1
19	rs2554968	58627406	0	-2.084469e-05	-6.135999e-07	1
19	rs2554970	58636732	0	-9.056393e-04	-2.762711e-05	1
19	rs2554972	58636174	0	-1.864748e-05	-5.467776e-07	1
19	rs2554973	58631032	0	2.429046e-05	7.246353e-07	1
19	rs2554978	58609677	0	-3.860645e-04	-1.155889e-05	1
19	rs2554981	58620273	0	-4.724275e-04	-1.417492e-05	1
19	rs2554982	58620524	0	3.943447e-05	1.170734e-06	1
19	rs2554983	58620872	0	-1.042427e-04	-3.089110e-06	1
19	rs2554984	58621104	0	3.943447e-05	1.170736e-06	1
19	rs2554985	58621438	0	-3.769347e-04	-1.129613e-05	1
19	rs2554986	58621492	0	-1.666035e-04	-4.953763e-06	1
19	rs2554987	58622985	0	-1.180581e-04	-3.499570e-06	1
19	rs260413	58710468	0	-1.572386e-04	-4.731754e-06	1
19	rs260415	58715944	0	3.391504e-05	9.864874e-07	1
19	rs260416	58717025	0	8.789847e-06	2.628213e-07	1
19	rs260418	58720918	0	1.437585e-03	4.469653e-05	1
19	rs260419	58721952	0	-1.623801e-05	-4.853126e-07	1
19	rs260420	58731704	0	1.322580e-05	4.050094e-07	1
19	rs260421	58731390	0	-7.937568e-04	-2.347644e-05	1
19	rs260422	58729833	0	-5.077159e-04	-1.471512e-05	1
19	rs260424	58726569	0	1.634549e-04	5.004467e-06	1
19	rs260425	58735740	0	1.123278e-04	3.410408e-06	1
19	rs260426	58736177	0	2.033854e-04	6.177015e-06	1
19	rs260427	58736226	0	5.141458e-04	1.546153e-05	1
19	rs260428	58736625	0	1.803805e-04	5.474871e-06	1
19	rs260430	58737161	0	1.803805e-04	5.474871e-06	1
19	rs260432	58738273	0	1.803805e-04	5.474871e-06	1
19	rs260433	58738897	0	-9.770165e-06	-2.590029e-07	1
19	rs260434	58739039	1	6.753774e-05	2.048933e-06	1
19	rs260435	58739704	0	1.803805e-04	5.474872e-06	1
19	rs260436	58739710	0	2.033854e-04	6.177017e-06	1
19	rs260437	58739744	0	1.537486e-04	4.664102e-06	1
19	rs260438	58740339	0	2.107232e-04	6.394678e-06	1
19	rs260444	58745470	0	-1.290830e-04	-3.712042e-06	1
19	rs260446	58746861	0	-5.451409e-04	-1.649626e-05	1
19	rs260448	58764375	0	-2.331209e-04	-6.627622e-06	1
19	rs260449	58765459	0	-4.966880e-04	-1.424770e-05	1
19	rs260450	58766410	0	-5.311581e-04	-1.527738e-05	1
19	rs260451	58766550	0	-4.966880e-04	-1.424769e-05	1
19	rs260452	58766874	0	-5.177531e-04	-1.486987e-05	1
19	rs260453	58767151	0	-8.374205e-04	-2.438785e-05	1
19	rs260454	58767168	0	-4.771610e-04	-1.365503e-05	1
19	rs260455	58767492	0	-3.958528e-04	-1.189384e-05	1
19	rs260456	58767565	0	-3.097083e-04	-8.823064e-06	1
19	rs260457	58767697	0	-5.268830e-04	-1.512945e-05	1
19	rs260459	58768500	0	-5.177531e-04	-1.486986e-05	1
19	rs260460	58769790	6	6.426127e-05	2.003707e-06	1
19	rs260461	58770883	0	-3.958528e-04	-1.189384e-05	1
19	rs260462	58774071	0	-4.172541e-04	-1.200783e-05	1
19	rs260464	58774762	0	-3.269949e-04	-9.383231e-06	1
19	rs260465	58775486	0	-3.269949e-04	-9.383229e-06	1
19	rs260466	58775737	0	-1.637629e-06	-3.710955e-08	1
19	rs260467	58776215	0	-3.269949e-04	-9.383225e-06	1
19	rs260468	58776630	0	-4.172541e-04	-1.200782e-05	1
19	rs260469	58776765	0	-3.269949e-04	-9.383220e-06	1
19	rs260472	58807757	0	-9.450078e-05	-2.937333e-06	1
19	rs260473	58798137	0	-1.302009e-04	-3.729554e-06	1
19	rs260474	58798300	0	-1.672710e-04	-4.797685e-06	1
19	rs260475	58798490	0	1.476862e-04	4.361068e-06	1
19	rs260476	58798598	0	-1.302009e-04	-3.729550e-06	1
19	rs260477	58798628	0	-1.302009e-04	-3.729548e-06	1
19	rs260478	58751030	0	-6.663867e-04	-1.923972e-05	1
19	rs260482	58748274	0	-6.592000e-04	-2.011000e-05	1
19	rs260483	58748180	0	-4.007073e-04	-1.216059e-05	1
19	rs260484	58758451	0	-4.221795e-04	-1.206547e-05	1
19	rs260486	58753937	0	-4.772154e-04	-1.365050e-05	1
19	rs260487	58685347	0	1.334194e-04	3.868430e-06	1
19	rs260488	58686991	0	2.256984e-05	6.832501e-07	1
19	rs260491	58664447	0	-8.498357e-04	-2.586834e-05	1
19	rs260492	58668565	0	-1.104575e-03	-3.415026e-05	1
19	rs260493	58671334	0	-7.470024e-04	-2.263903e-05	1
19	rs260495	58794240	0	1.346337e-04	3.971141e-06	1
19	rs260496	58794033	0	1.119835e-04	3.294843e-06	1
19	rs260497	58792213	0	-5.398808e-05	-1.547805e-06	1
19	rs260498	58792190	0	-6.072939e-05	-1.739005e-06	1
19	rs260499	58791716	0	1.346337e-04	3.971142e-06	1
19	rs260500	58791213	0	-5.398808e-05	-1.547802e-06	1
19	rs260501	58790807	0	4.435378e-05	1.285853e-06	1
19	rs260502	58790784	0	3.426217e-04	1.013769e-05	1
19	rs260503	58790095	0	-5.398808e-05	-1.547799e-06	1
19	rs281061	58643376	0	3.475314e-04	1.021898e-05	1
19	rs281063	58651941	0	-1.575137e-03	-4.866649e-05	1
19	rs281064	58649998	0	1.893972e-04	5.558405e-06	1
19	rs281065	58645577	0	-3.868321e-04	-1.115456e-05	1
19	rs281066	58644840	0	-3.822399e-04	-1.143629e-05	1
19	rs281069	58659039	3	-1.436857e-03	-4.353768e-05	1
19	rs281070	58658691	0	-1.147057e-03	-3.403256e-05	1
19	rs281072	58657714	0	-1.575137e-03	-4.866645e-05	1
19	rs281073	58656418	0	-1.621098e-03	-5.028807e-05	1
19	rs281074	58656176	0	-4.313070e-04	-1.291841e-05	1
19	rs281075	58655106	0	-1.541769e-04	-4.574996e-06	1
19	rs281076	58654307	0	-3.338382e-04	-9.624832e-06	1
19	rs281077	58653376	0	-5.911525e-04	-1.722399e-05	1
19	rs281078	58653320	0	-4.704204e-04	-1.406648e-05	1
19	rs281079	58678388	0	-2.454881e-04	-7.339673e-06	1
19	rs281080	58700131	5	-9.960126e-04	-2.920973e-05	1
19	rs281081	58698915	0	-6.224404e-04	-1.802881e-05	1
19	rs28444973	58982044	0	-3.481766e-06	-1.068220e-07	1
19	rs28521102	58597905	0	-3.020625e-04	-9.433412e-06	1
19	rs28575910	59072396	0	-5.965634e-04	-1.841474e-05	1
19	rs28699075	59069214	0	3.617598e-04	1.130645e-05	1
19	rs28725494	58633618	0	1.500962e-03	4.727717e-05	1
19	rs28757810	58813720	0	3.871916e-04	1.133334e-05	1
19	rs28821001	59018503	0	3.028693e-04	8.678113e-06	1
19	rs28840697	58825728	0	3.523076e-04	1.075342e-05	1
19	rs2889031	58659115	2	-1.579386e-03	-4.845688e-05	1
19	rs2889128	58973929	0	6.770336e-04	1.965513e-05	1
19	rs2889129	59019664	0	4.906631e-04	1.526514e-05	1
19	rs292821	58531419	0	-4.052720e-04	-1.219021e-05	1
19	rs292826	58540860	0	-2.924731e-04	-8.525454e-06	1
19	rs292827	58544472	0	-1.601418e-04	-4.641498e-06	1
19	rs292828	58545133	0	-2.722409e-04	-8.313496e-06	1
19	rs292831	58529741	0	-4.052720e-04	-1.219021e-05	1
19	rs2930099	58779403	0	2.462874e-04	7.319502e-06	1
19	rs2930100	58747687	0	-4.711397e-04	-1.426386e-05	1
19	rs295345	58654195	0	-1.107508e-03	-3.420728e-05	1
19	rs295346	58616280	0	-4.724275e-04	-1.417490e-05	1
19	rs295347	58616256	0	-1.070046e-03	-3.276266e-05	1
19	rs299847	58680688	0	-3.445486e-04	-1.039240e-05	1
19	rs3087604	58813750	0	5.359768e-04	1.574921e-05	1
19	rs3088284	58929427	0	-2.334783e-04	-6.915872e-06	1
19	rs3211055	59094453	0	1.256515e-03	3.762621e-05	1
19	rs34003091	58662254	0	-8.539057e-04	-2.627370e-05	1
19	rs34006653	58731821	2	-7.071920e-04	-2.121342e-05	1
19	rs34023391	58913368	0	6.252539e-05	1.844492e-06	1
19	rs34114202	58599443	0	-1.127613e-03	-3.484636e-05	1
19	rs34152946	58923263	0	-2.334783e-04	-6.915874e-06	1
19	rs34188294	58919557	0	-3.236601e-04	-9.614369e-06	1
19	rs34230465	58943576	0	3.986374e-05	1.169537e-06	1
19	rs34282528	59076749	0	1.021359e-04	3.166757e-06	1
19	rs34370122	58546475	0	3.091768e-04	9.215573e-06	1
19	rs34380569	58648528	0	-1.797062e-04	-5.320454e-06	1
19	rs34415062	59023166	0	1.087544e-03	3.340112e-05	1
19	rs34421357	58835863	0	-5.204758e-04	-1.602428e-05	1
19	rs34469398	58677396	0	-5.062777e-05	-1.578119e-06	1
19	rs34488713	58996454	0	1.769360e-04	5.497751e-06	1
19	rs34503352	58651296	0	-7.113512e-04	-2.171003e-05	1
19	rs34511020	58921296	0	-2.334783e-04	-6.915879e-06	1
19	rs34526068	58658066	0	-1.147057e-03	-3.403248e-05	1
19	rs34541537	58912737	0	6.809406e-04	2.058508e-05	1
19	rs34602933	58886495	0	5.102811e-04	1.468292e-05	1
19	rs34648696	58554613	0	1.413912e-04	4.213627e-06	1
19	rs34702066	58582806	0	7.075849e-04	2.091450e-05	1
19	rs34873624	58943402	0	-9.501959e-05	-2.818807e-06	1
19	rs34914886	58774094	0	-3.421404e-05	-1.065978e-06	1
19	rs34947459	58655880	0	-5.750864e-04	-1.726629e-05	1
19	rs3499	59093484	0	1.241749e-03	3.717004e-05	1
19	rs34990434	58550992	0	1.496831e-04	4.457565e-06	1
19	rs35081008	58662235	0	-8.539057e-04	-2.627368e-05	1
19	rs35117909	58912906	0	1.184999e-04	3.506132e-06	1
19	rs35138622	58912788	0	2.492789e-04	7.402273e-06	1
19	rs35219954	59001641	0	2.755110e-04	7.939716e-06	1
19	rs35220005	58550233	0	1.461966e-04	4.352221e-06	1
19	rs35269060	58933392	0	-1.397747e-04	-4.130187e-06	1
19	rs35350976	59023174	0	7.755702e-04	2.337306e-05	1
19	rs35358425	58599760	0	-1.277821e-03	-3.994569e-05	1
19	rs35394955	58954859	0	-6.243243e-04	-1.823086e-05	1
19	rs35430780	59028162	0	4.137095e-04	1.281686e-05	1
19	rs35466206	58943252	0	3.986374e-05	1.169526e-06	1
19	rs35511051	58665817	0	-1.029764e-04	-3.043098e-06	1
19	rs35631681	58999840	11	9.074318e-04	2.782696e-05	1
19	rs35652377	58929200	0	-2.334783e-04	-6.915890e-06	1
19	rs35711932	58658152	0	-1.501237e-03	-4.602236e-05	1
19	rs35713506	58954919	0	-6.243243e-04	-1.823086e-05	1
19	rs35740250	58694015	0	-1.553917e-04	-4.843786e-06	1
19	rs35747322	58544096	0	-4.999248e-05	-1.483260e-06	1
19	rs35782676	58926345	0	-2.013261e-04	-5.947180e-06	1
19	rs35983901	59016790	0	1.084393e-03	3.326026e-05	1
19	rs36057771	58836133	0	-6.928996e-04	-2.146886e-05	1
19	rs36090113	58912384	0	7.113334e-05	2.100881e-06	1
19	rs36095067	58991638	0	-4.591478e-05	-1.428535e-06	1
19	rs36098050	58652725	0	-7.113512e-04	-2.171002e-05	1
19	rs36100363	58710837	0	-1.460695e-03	-4.580801e-05	1
19	rs36111946	58836128	0	-3.600521e-04	-1.104236e-05	1
19	rs36115826	59009166	0	1.498365e-04	4.648555e-06	1
19	rs365040	58799529	0	4.687409e-05	1.383947e-06	1
19	rs365699	58799652	0	-1.850369e-04	-5.290974e-06	1
19	rs370335292	58658750	0	-4.147260e-05	-1.212876e-06	1
19	rs371120005	58658933	2	-8.166144e-04	-2.481890e-05	1
19	rs371149	58779654	0	-9.372157e-06	-2.547200e-07	1
19	rs373337854	58658806	1	2.240389e-04	6.881441e-06	1
19	rs374431	58790713	0	-4.201207e-06	-1.114846e-07	1
19	rs3745129	58637498	0	-3.868321e-04	-1.115448e-05	1
19	rs3745142	58836745	0	-3.600521e-04	-1.104236e-05	1
19	rs3752108	59094709	0	1.256515e-03	3.762617e-05	1
19	rs3752109	59082605	0	-2.511313e-05	-7.370666e-07	1
19	rs3752111	59082368	0	-2.626499e-04	-8.167326e-06	1
19	rs3752112	58992220	0	3.627844e-04	1.082228e-05	1
19	rs3764528	58977554	0	8.930377e-04	2.618559e-05	1
19	rs3764529	58945089	0	-1.370158e-04	-4.061113e-06	1
19	rs3764531	58929305	0	4.869066e-07	2.903049e-08	1
19	rs3764532	58929222	0	-9.859501e-05	-2.921982e-06	1
19	rs3764533	58929194	0	-5.278521e-05	-1.534191e-06	1
19	rs3764534	58929136	0	-3.221109e-05	-9.411951e-07	1
19	rs3764535	58929052	0	-1.430444e-04	-4.122627e-06	1
19	rs3764536	58896712	0	1.885333e-04	5.442376e-06	1
19	rs376460183	58658873	1	-3.042647e-04	-9.055303e-06	1
19	rs376570508	58658612	0	-1.393347e-04	-4.116784e-06	1
19	rs378452	58786520	0	-3.617454e-04	-1.040168e-05	1
19	rs379075	58785739	0	-3.485152e-04	-1.002285e-05	1
19	rs3794963	59071051	0	3.374219e-04	9.803706e-06	1
19	rs3794964	59070916	0	3.374219e-04	9.803704e-06	1
19	rs3794965	59069353	0	6.486393e-04	1.881221e-05	1
19	rs3794966	59068996	0	9.452981e-04	2.879393e-05	1
19	rs3794968	58986799	0	1.029728e-03	3.033980e-05	1
19	rs3794969	58986561	0	-1.327095e-04	-4.096901e-06	1
19	rs3794970	58986260	0	2.575690e-04	7.681702e-06	1
19	rs3794971	58985866	0	4.267464e-04	1.277629e-05	1
19	rs3794974	58897652	0	-1.427956e-04	-4.135168e-06	1
19	rs3794975	58895950	0	3.192560e-05	9.748497e-07	1
19	rs3810125	59066730	0	1.669228e-04	5.116445e-06	1
19	rs3810126	58610254	0	5.966907e-04	1.725105e-05	1
19	rs3816328	59061357	0	-5.879232e-04	-1.838906e-05	1
19	rs3816329	59058693	0	8.701874e-04	2.631670e-05	1
19	rs3826677	58919002	0	1.184922e-04	3.446293e-06	1
19	rs3826678	58918917	0	1.184922e-04	3.446290e-06	1
19	rs3826679	58918817	0	1.184922e-04	3.446288e-06	1
19	rs3826680	58918800	0	1.184922e-04	3.446286e-06	1
19	rs3826681	58918764	0	-2.334783e-04	-6.915914e-06	1
19	rs3826682	58918748	0	-9.859501e-05	-2.921996e-06	1
19	rs3826683	58918733	0	-2.334783e-04	-6.915916e-06	1
19	rs3826684	58918705	0	-2.334783e-04	-6.915917e-06	1
19	rs384702	58552801	0	-4.167606e-04	-1.278908e-05	1
19	rs3848524	58816529	0	2.476812e-04	7.541892e-06	1
19	rs3875104	59102379	0	7.953380e-04	2.310100e-05	1
19	rs3892385	58602870	0	-1.555146e-04	-4.811892e-06	1
19	rs390667	58733011	0	-9.779090e-06	-2.957406e-07	1
19	rs392644	58780503	0	-6.725939e-04	-1.943965e-05	1
19	rs392687	58779566	0	-4.612145e-05	-1.306388e-06	1
19	rs3953740	58659362	0	1.089836e-03	3.284065e-05	1
19	rs3997357	59044566	0	-5.617974e-04	-1.628623e-05	1
19	rs400733	58797344	0	-2.650842e-04	-7.614539e-06	1
19	rs401706	58733555	0	1.322580e-05	4.050294e-07	1
19	rs403408	58684407	0	-7.701774e-04	-2.249949e-05	1
19	rs4084852	58835255	0	-6.928996e-04	-2.146886e-05	1
19	rs414948	58738375	0	1.803805e-04	5.474888e-06	1
19	rs424114	58733641	0	-9.779090e-06	-2.957382e-07	1
19	rs425516	58781229	0	-5.823346e-04	-1.676134e-05	1
19	rs425605	58786623	0	9.650905e-05	2.769695e-06	1
19	rs427988	58779785	0	-6.725939e-04	-1.943964e-05	1
19	rs429770	58787836	0	3.391565e-04	1.006506e-05	1
19	rs431093	58786084	0	-4.458258e-04	-1.285092e-05	1
19	rs432181	58799781	0	-1.850369e-04	-5.290948e-06	1
19	rs432426	58780131	0	-5.214211e-04	-1.496303e-05	1
19	rs435442	58807827	0	-1.001459e-04	-3.117416e-06	1
19	rs437183	58799635	0	-1.850369e-04	-5.290944e-06	1
19	rs437229	58790675	0	8.776549e-06	2.632227e-07	1
19	rs4372790	58953693	0	5.865188e-04	1.693741e-05	1
19	rs439333	58783027	0	-5.823346e-04	-1.676132e-05	1
19	rs4444432	58715538	0	-1.207264e-03	-3.704303e-05	1
19	rs446075	58766735	0	-5.177531e-04	-1.486979e-05	1
19	rs448147	58778070	0	8.088707e-05	2.327257e-06	1
19	rs448403	58786146	0	-4.177591e-04	-1.204089e-05	1
19	rs4496257	58669456	0	1.003281e-03	3.005920e-05	1
19	rs449697	58787977	0	1.346337e-04	3.971162e-06	1
19	rs4524039	58625270	0	-1.634951e-04	-4.856256e-06	1
19	rs453737	58800252	0	-2.310130e-04	-6.624858e-06	1
19	rs45454797	59066391	0	1.318390e-04	4.129041e-06	1
19	rs45475596	58881109	0	-5.361576e-05	-1.640826e-06	1
19	rs45535435	58846866	0	-4.108334e-04	-1.266481e-05	1
19	rs45571742	58552111	0	1.321987e-04	3.938267e-06	1
19	rs45589034	58640964	0	-9.056393e-04	-2.762708e-05	1
19	rs45598236	58521433	0	-1.805716e-04	-5.499880e-06	1
19	rs45601339	58718247	0	4.311922e-04	1.341335e-05	1
19	rs45617039	58951096	0	3.986374e-05	1.169498e-06	1
19	rs4584938	58899303	0	4.656266e-04	1.352912e-05	1
19	rs4599020	58691998	0	-1.460695e-03	-4.580796e-05	1
19	rs4603677	58950721	0	1.604884e-04	4.674047e-06	1
19	rs4608428	58618579	0	-1.042427e-04	-3.089033e-06	1
19	rs4756	59074653	0	3.280362e-04	9.520465e-06	1
19	rs4801246	58522534	0	7.590890e-04	2.252321e-05	1
19	rs4801247	58522561	0	1.036248e-03	3.116048e-05	1
19	rs4801250	58616674	0	-6.566276e-04	-1.980065e-05	1
19	rs4801251	58617042	0	-4.724275e-04	-1.417489e-05	1
19	rs4801252	58631676	0	-2.913395e-04	-8.701222e-06	1
19	rs4801262	58848116	0	5.859419e-04	1.827828e-05	1
19	rs4801267	58882384	0	2.788122e-04	8.591883e-06	1
19	rs4801269	58927916	0	1.184922e-04	3.446275e-06	1
19	rs4801270	58932762	0	-3.221109e-05	-9.412395e-07	1
19	rs4801271	58953449	0	4.991628e-04	1.463352e-05	1
19	rs4801272	58977463	0	9.588322e-04	2.819381e-05	1
19	rs4801273	59000273	0	1.034907e-03	3.059730e-05	1
19	rs4801274	59010593	0	2.794639e-04	8.561551e-06	1
19	rs4801275	59021049	0	2.322421e-04	7.152524e-06	1
19	rs4801541	58521224	0	1.094486e-03	3.269057e-05	1
19	rs4801542	58522974	0	2.305719e-04	6.824740e-06	1
19	rs4801543	58523804	0	1.967359e-04	5.820103e-06	1
19	rs4801544	58526202	0	2.856357e-04	8.615305e-06	1
19	rs4801546	58526387	0	-3.112735e-05	-9.163305e-07	1
19	rs4801547	58526742	0	3.453956e-04	1.042328e-05	1
19	rs4801548	58528978	0	4.986880e-04	1.509339e-05	1
19	rs4801555	58600977	0	3.624247e-04	1.077508e-05	1
19	rs4801559	58627808	0	1.620998e-04	4.797916e-06	1
19	rs4801562	58634756	0	-6.635078e-04	-1.994719e-05	1
19	rs4801564	58644826	0	5.953228e-04	1.733510e-05	1
19	rs4801565	58674249	0	-1.145369e-03	-3.546649e-05	1
19	rs4801566	58674788	0	-7.815757e-04	-2.349821e-05	1
19	rs4801567	58675005	0	-7.275233e-04	-2.183897e-05	1
19	rs4801572	58752932	0	2.080448e-04	6.414458e-06	1
19	rs4801573	58754058	0	2.080448e-04	6.414458e-06	1
19	rs4801574	58754102	0	2.080448e-04	6.414458e-06	1
19	rs4801576	58779342	0	-1.933898e-05	-6.009240e-07	1
19	rs4801577	58799044	0	-2.819663e-06	-8.855647e-08	1
19	rs4801578	58801599	0	-3.891504e-05	-1.206547e-06	1
19	rs4801579	58863449	0	4.581415e-04	1.396690e-05	1
19	rs4801581	58913312	0	2.211541e-04	6.324909e-06	1
19	rs4801583	58918405	0	-3.221109e-05	-9.412579e-07	1
19	rs4801584	58920702	0	9.888105e-05	2.877528e-06	1
19	rs4801585	58934305	0	5.669958e-06	1.422275e-07	1
19	rs4801586	58934528	0	-3.221109e-05	-9.412666e-07	1
19	rs4801587	58936679	0	-3.221109e-05	-9.412703e-07	1
19	rs4801588	58949046	0	1.604884e-04	4.674022e-06	1
19	rs4801589	58953398	0	6.331953e-04	1.835117e-05	1
19	rs4801590	58961813	0	5.763062e-04	1.665129e-05	1
19	rs4801591	58970099	0	2.866638e-04	8.360874e-06	1
19	rs4801593	58972252	0	4.010839e-04	1.170948e-05	1
19	rs4801595	58978517	0	1.040314e-03	3.073544e-05	1
19	rs4801599	58995728	0	1.014144e-03	2.988311e-05	1
19	rs4801602	59025685	0	3.283396e-04	1.017620e-05	1
19	rs4801605	59050873	15	-9.231759e-04	-2.733484e-05	1
19	rs4801610	59091928	0	4.001251e-04	1.238359e-05	1
19	rs4801611	59092122	0	6.188612e-04	1.792220e-05	1
19	rs4801613	59096403	0	2.485722e-04	7.764993e-06	1
19	rs4801614	59096950	0	6.188612e-04	1.792219e-05	1
19	rs4801615	59097229	0	1.080958e-03	3.193329e-05	1
19	rs495839	58545500	4	-2.152036e-04	-6.545355e-06	1
19	rs500286	58785900	0	-3.911272e-04	-1.127271e-05	1
19	rs523073	58647358	0	-4.929477e-04	-1.431689e-05	1
19	rs547045	58788236	0	1.549061e-04	4.502304e-06	1
19	rs548671	58801518	1	-2.107783e-04	-6.086336e-06	1
19	rs550471	58801687	0	-2.741072e-04	-8.038769e-06	1
19	rs551116	58684611	0	-7.701774e-04	-2.249946e-05	1
19	rs55633425	58948018	0	-2.132461e-06	-7.173684e-08	1
19	rs55633565	58530628	0	3.752508e-04	1.133678e-05	1
19	rs55652736	59007566	0	6.300209e-04	1.902405e-05	1
19	rs55691818	59033518	0	1.605712e-03	5.143948e-05	1
19	rs55697390	58674301	0	8.529131e-04	2.688654e-05	1
19	rs55716128	59048754	0	7.697402e-04	2.321962e-05	1
19	rs55734122	58733610	0	1.092663e-04	3.231646e-06	1
19	rs55800631	59085089	0	5.862811e-04	1.695290e-05	1
19	rs55827758	58842450	0	-3.043919e-04	-9.389805e-06	1
19	rs55833862	58637690	0	-2.585763e-04	-7.704699e-06	1
19	rs55857578	58914925	0	-1.638343e-05	-4.927917e-07	1
19	rs55875034	58983558	0	2.361800e-04	7.041795e-06	1
19	rs55928441	59009674	0	6.300209e-04	1.902404e-05	1
19	rs55945602	58632305	0	-8.153801e-04	-2.477690e-05	1
19	rs55959018	58935768	0	-1.639117e-05	-4.923971e-07	1
19	rs55987239	59085045	0	7.697402e-04	2.321962e-05	1
19	rs56026876	59006157	0	5.777237e-04	1.732941e-05	1
19	rs56065611	58520480	0	1.094486e-03	3.269057e-05	1
19	rs56066701	58841066	0	-5.372605e-04	-1.663059e-05	1
19	rs56121586	58585744	0	-3.471356e-04	-1.000854e-05	1
19	rs56161266	58816642	0	3.413982e-04	1.069496e-05	1
19	rs56225452	59024646	0	9.978235e-04	3.046346e-05	1
19	rs56236214	58817958	0	8.072697e-05	2.522126e-06	1
19	rs56243535	59006150	0	8.196369e-04	2.488384e-05	1
19	rs56268519	59045904	0	-5.552513e-04	-1.611385e-05	1
19	rs56273550	58611001	0	-1.362443e-04	-4.240860e-06	1
19	rs56290606	58919320	0	-2.641917e-04	-7.828259e-06	1
19	rs56292587	58919066	0	-2.334783e-04	-6.915954e-06	1
19	rs56332086	58917700	0	-1.878565e-04	-5.563614e-06	1
19	rs56390031	58998327	0	2.023962e-04	5.877963e-06	1
19	rs56394914	58882740	0	9.212880e-05	2.649586e-06	1
19	rs56395112	58577672	0	-2.956079e-04	-8.526009e-06	1
19	rs56654816	58845187	0	-4.349742e-04	-1.342395e-05	1
19	rs56688575	58851238	0	-2.802511e-04	-8.636749e-06	1
19	rs56725489	58830709	0	-5.514212e-04	-1.697911e-05	1
19	rs57140425	58709015	0	4.277514e-04	1.322589e-05	1
19	rs57201473	58851686	0	-2.802511e-04	-8.636748e-06	1
19	rs57656768	58648536	0	2.872455e-04	8.938239e-06	1
19	rs57760408	58821683	0	-2.866041e-04	-8.774495e-06	1
19	rs57785785	58815158	0	7.432062e-04	2.337006e-05	1
19	rs57797045	58534654	0	3.283811e-04	9.954673e-06	1
19	rs58071659	58784272	0	6.664738e-05	2.070131e-06	1
19	rs58231369	58754967	0	2.080448e-04	6.414456e-06	1
19	rs58371330	58823196	0	-2.866041e-04	-8.774495e-06	1
19	rs58412590	58887647	0	8.977968e-05	2.749103e-06	1
19	rs58509147	58840490	0	-7.459710e-04	-2.324900e-05	1
19	rs58576937	58577443	0	-1.361711e-04	-4.245851e-06	1
19	rs58617733	58842534	0	-4.349742e-04	-1.342394e-05	1
19	rs58899074	58611996	0	5.950628e-04	1.719023e-05	1
19	rs59054150	58850341	0	-2.802511e-04	-8.636746e-06	1
19	rs59114323	58649994	0	-3.228484e-04	-9.595458e-06	1
19	rs59238777	58625136	0	-2.318297e-05	-7.127229e-07	1
19	rs59401383	58882767	0	-5.361576e-05	-1.640817e-06	1
19	rs59460131	59101970	0	-7.136171e-04	-2.214237e-05	1
19	rs59678004	58813932	0	3.583995e-04	1.049241e-05	1
19	rs59874238	58841861	0	-3.043919e-04	-9.389800e-06	1
19	rs59894429	58577444	0	-2.956079e-04	-8.526007e-06	1
19	rs59908383	58828737	0	-6.501535e-04	-2.009939e-05	1
19	rs59925483	58672788	0	2.492866e-04	7.765374e-06	1
19	rs59967605	58835563	0	-6.928996e-04	-2.146885e-05	1
19	rs60075099	58831141	0	-4.210826e-04	-1.294054e-05	1
19	rs60245393	58842745	0	-3.629540e-04	-1.118404e-05	1
19	rs60296671	58843881	0	-2.594163e-04	-7.968444e-06	1
19	rs60329830	58755072	0	2.080448e-04	6.414456e-06	1
19	rs60348321	58841939	0	-4.349742e-04	-1.342394e-05	1
19	rs60404734	58812785	0	3.960032e-04	1.237147e-05	1
19	rs60818748	58842735	1	-4.363759e-04	-1.347300e-05	1
19	rs60973470	58779425	0	1.001947e-04	3.112238e-06	1
19	rs61012884	59085161	0	2.553753e-04	7.817399e-06	1
19	rs61022167	59071380	0	-6.078762e-04	-1.870713e-05	1
19	rs61096651	58845296	0	-3.043919e-04	-9.389797e-06	1
19	rs61301121	58745159	0	-2.636406e-04	-8.102204e-06	1
19	rs61460516	58851462	0	-2.802511e-04	-8.636742e-06	1
19	rs61468392	58823221	0	-2.866041e-04	-8.774489e-06	1
19	rs61514202	58844606	0	-3.043919e-04	-9.389796e-06	1
19	rs61521274	58830879	0	-7.539301e-04	-2.343664e-05	1
19	rs61566502	58581038	0	7.026007e-04	2.076323e-05	1
19	rs61635555	58834694	0	-3.600521e-04	-1.104234e-05	1
19	rs61745224	58723706	0	-7.569396e-05	-2.364701e-06	1
19	rs61746129	58879701	1	-2.268550e-04	-6.950942e-06	1
19	rs61746138	58879660	0	-9.783015e-05	-2.995070e-06	1
19	rs620297	58545433	1	-2.902769e-04	-8.413328e-06	1
19	rs62114175	58776480	0	-5.442627e-04	-1.573250e-05	1
19	rs62114176	58776483	0	-4.607538e-04	-1.327967e-05	1
19	rs62114178	58778451	0	-1.150252e-05	-3.180541e-07	1
19	rs62114179	58778512	0	-9.372157e-06	-2.546622e-07	1
19	rs62114183	58786176	0	3.619528e-04	1.072958e-05	1
19	rs62114208	58787115	0	3.619528e-04	1.072958e-05	1
19	rs62114212	58831966	0	1.173371e-03	3.642575e-05	1
19	rs62114660	59033674	0	6.251788e-04	1.931949e-05	1
19	rs62114663	59035557	0	1.245747e-04	3.827591e-06	1
19	rs62114668	59072371	0	4.001251e-04	1.238359e-05	1
19	rs62116004	58720201	0	-1.213601e-03	-3.720789e-05	1
19	rs62116017	58738767	0	-9.632427e-04	-2.933909e-05	1
19	rs62116373	58850206	0	2.825431e-04	8.840251e-06	1
19	rs62116378	58875268	0	-3.004852e-04	-9.235967e-06	1
19	rs62116379	58875335	0	-2.470961e-04	-7.585373e-06	1
19	rs62116380	58876618	0	-1.013163e-04	-3.103549e-06	1
19	rs62116381	58877385	0	-1.013163e-04	-3.103549e-06	1
19	rs62116383	58880761	0	-9.783015e-05	-2.995071e-06	1
19	rs62116384	58880884	0	-9.783015e-05	-2.995071e-06	1
19	rs62116388	58884162	0	7.623634e-05	2.335144e-06	1
19	rs62116389	58885267	0	-6.225368e-05	-1.917652e-06	1
19	rs62116432	58901227	0	-3.147421e-04	-9.094768e-06	1
19	rs62116437	58922551	0	1.184922e-04	3.446224e-06	1
19	rs62117593	58941915	0	1.428068e-04	4.153259e-06	1
19	rs62117594	58942709	0	1.428068e-04	4.153257e-06	1
19	rs62117596	58953099	0	4.991628e-04	1.463347e-05	1
19	rs62117599	58994650	0	-8.555301e-04	-2.518469e-05	1
19	rs62117658	59015297	0	1.473209e-04	4.554986e-06	1
19	rs62125248	58568181	0	-1.397906e-03	-4.269436e-05	1
19	rs62125894	58679627	0	-5.733040e-04	-1.726317e-05	1
19	rs62125914	58706186	0	-1.460695e-03	-4.580793e-05	1
19	rs62125917	58711509	0	-1.460695e-03	-4.580792e-05	1
19	rs62126787	58586371	0	-3.086200e-04	-8.908507e-06	1
19	rs62126791	58587777	0	-3.353856e-04	-9.664304e-06	1
19	rs62126796	58612051	5	-1.080635e-03	-3.326349e-05	1
19	rs63283	58740490	0	1.659710e-04	5.029059e-06	1
19	rs6510116	58604319	0	-8.320518e-04	-2.513088e-05	1
19	rs6510125	58637152	0	1.325404e-03	4.108501e-05	1
19	rs6510126	58675916	0	-7.275233e-04	-2.183897e-05	1
19	rs6510128	58761107	0	-2.608829e-04	-7.468076e-06	1
19	rs6510129	58761533	0	-2.608829e-04	-7.468073e-06	1
19	rs6510131	58776347	0	1.045664e-05	3.228335e-07	1
19	rs6510133	58801186	0	-2.835516e-04	-8.135200e-06	1
19	rs6510136	58824721	0	-4.443269e-04	-1.365041e-05	1
19	rs6510137	58864150	0	-3.787919e-05	-1.163564e-06	1
19	rs6510139	58885702	0	1.458811e-04	4.190974e-06	1
19	rs6510140	58885773	0	1.582098e-04	4.544307e-06	1
19	rs6510141	58885786	0	2.221174e-04	6.377517e-06	1
19	rs6510142	58885842	0	7.623634e-05	2.335142e-06	1
19	rs6510143	58885874	0	1.461063e-04	4.487779e-06	1
19	rs6510148	58924210	0	1.806931e-04	5.249684e-06	1
19	rs6510152	58953319	0	3.951963e-04	1.135556e-05	1
19	rs6510153	58975609	0	-1.473922e-04	-4.552243e-06	1
19	rs66616365	58667964	0	1.003281e-03	3.005917e-05	1
19	rs67047437	58676662	0	1.560842e-03	4.914989e-05	1
19	rs67781917	58524126	0	1.967359e-04	5.820104e-06	1
19	rs67825948	58525067	0	2.548701e-04	7.538151e-06	1
19	rs67978350	58894455	0	-1.831495e-04	-5.424398e-06	1
19	rs71333247	58559583	0	5.959604e-04	1.791315e-05	1
19	rs71333251	58738839	0	-6.618600e-04	-1.988554e-05	1
19	rs71333260	58922220	0	-1.150416e-04	-3.408759e-06	1
19	rs71354068	58531715	0	6.018320e-05	1.858499e-06	1
19	rs71355829	58551080	0	1.496831e-04	4.457605e-06	1
19	rs71355833	58657180	0	-1.176591e-04	-3.476074e-06	1
19	rs719009	58584722	0	-3.878099e-04	-1.120347e-05	1
19	rs719010	58584765	0	-3.853754e-04	-1.112481e-05	1
19	rs719011	58584841	0	-3.853754e-04	-1.112481e-05	1
19	rs723669	58563100	0	4.178060e-04	1.250153e-05	1
19	rs7245923	58874709	0	-3.004852e-04	-9.235968e-06	1
19	rs7246174	58765348	0	2.983040e-04	9.224728e-06	1
19	rs7246751	58804121	0	-7.897501e-05	-2.442013e-06	1
19	rs7248057	58774513	0	1.786022e-04	5.520189e-06	1
19	rs7248493	58711108	0	1.013987e-03	3.087375e-05	1
19	rs7248512	58716363	0	-2.429692e-04	-6.947933e-06	1
19	rs7248800	59079257	0	-5.725087e-04	-1.660596e-05	1
19	rs7249664	58586610	1	3.703347e-04	1.073664e-05	1
19	rs7249714	59058083	0	8.877272e-04	2.606965e-05	1
19	rs7249841	59058199	0	3.548461e-04	1.086633e-05	1
19	rs7250280	58713774	0	-1.626307e-03	-5.184089e-05	1
19	rs7250394	58930177	0	2.050078e-04	5.951057e-06	1
19	rs7250524	58611423	0	5.966907e-04	1.725106e-05	1
19	rs7250610	58611723	0	-4.503506e-04	-1.352053e-05	1
19	rs7250711	58611592	0	5.966907e-04	1.725105e-05	1
19	rs7250715	58611606	0	1.056626e-03	3.218706e-05	1
19	rs7250752	58893108	0	5.166090e-05	1.580478e-06	1
19	rs7250816	58581572	0	1.686457e-04	4.899461e-06	1
19	rs7250889	58900337	0	4.540330e-05	1.303237e-06	1
19	rs7251261	58629081	13	4.476368e-04	1.327577e-05	1
19	rs7251536	58620679	0	1.080266e-03	3.282190e-05	1
19	rs7251813	58893700	0	2.191875e-04	6.298370e-06	1
19	rs7252129	58657428	0	1.089836e-03	3.284058e-05	1
19	rs7252304	58629122	3	3.301692e-04	9.812790e-06	1
19	rs7252333	58900747	0	4.540330e-05	1.303238e-06	1
19	rs7253055	58793554	0	-9.128070e-05	-2.646966e-06	1
19	rs7253066	59080198	0	-6.078762e-04	-1.870713e-05	1
19	rs7253344	58779340	0	9.741636e-05	2.797444e-06	1
19	rs7253357	58779369	0	-9.372157e-06	-2.546521e-07	1
19	rs7253433	59041723	0	-6.523656e-04	-1.899169e-05	1
19	rs7254178	58979958	0	-1.327095e-04	-4.096916e-06	1
19	rs7254299	58884965	0	2.271638e-04	6.525892e-06	1
19	rs7254639	58876797	0	-1.013163e-04	-3.103550e-06	1
19	rs7255068	59052105	0	-5.945089e-04	-1.842841e-05	1
19	rs7255290	58583832	0	7.026007e-04	2.076322e-05	1
19	rs7255489	58879965	0	2.178290e-04	6.707073e-06	1
19	rs7255491	58901394	0	4.540330e-05	1.303240e-06	1
19	rs7255596	58879976	0	2.178290e-04	6.707073e-06	1
19	rs7255605	58584251	0	7.026007e-04	2.076322e-05	1
19	rs7255916	58880016	0	1.911043e-05	5.872628e-07	1
19	rs7256349	58718269	0	-1.047989e-03	-3.174616e-05	1
19	rs7256664	58600587	1	1.769029e-04	5.239469e-06	1
19	rs7256809	58880184	0	-9.783015e-05	-2.995071e-06	1
19	rs7256940	58880242	0	-9.783015e-05	-2.995071e-06	1
19	rs7256964	58882186	0	1.334041e-04	3.836843e-06	1
19	rs7257669	59064939	0	3.280362e-04	9.520434e-06	1
19	rs7257788	58788901	0	4.248781e-05	1.312313e-06	1
19	rs7257872	58928786	0	1.806931e-04	5.249675e-06	1
19	rs7257999	58964860	0	8.408554e-04	2.460823e-05	1
19	rs7258103	58627235	0	1.460000e-03	4.590627e-05	1
19	rs7258239	58734410	2	2.330359e-04	7.107609e-06	1
19	rs7259841	58951123	0	1.305623e-04	3.724875e-06	1
19	rs7260445	58571049	0	3.092130e-04	9.637732e-06	1
19	rs7260571	58925286	0	-3.221109e-05	-9.413600e-07	1
19	rs72629170	58876368	0	3.157612e-04	9.661443e-06	1
19	rs72629171	58880848	0	-9.783015e-05	-2.995069e-06	1
19	rs73056266	58702854	0	-1.168745e-04	-3.652630e-06	1
19	rs73056270	58709763	0	-1.168745e-04	-3.652630e-06	1
19	rs73056279	58726998	0	1.281475e-04	3.973547e-06	1
19	rs73056286	58750550	0	1.373180e-04	4.233026e-06	1
19	rs73056388	58584525	0	7.026007e-04	2.076321e-05	1
19	rs73058504	58589515	0	-3.736254e-04	-1.077924e-05	1
19	rs73060214	58846001	0	3.040151e-04	9.501373e-06	1
19	rs73060254	58899245	0	1.136115e-04	3.546807e-06	1
19	rs73060258	58902954	0	-1.194473e-04	-3.540998e-06	1
19	rs73060293	58923050	0	-2.334783e-04	-6.915963e-06	1
19	rs73062110	58936642	0	1.494040e-04	4.413330e-06	1
19	rs73064225	58974378	0	4.253986e-04	1.241819e-05	1
19	rs73064302	58994588	0	5.448948e-04	1.641702e-05	1
19	rs73066206	58995042	0	4.661301e-04	1.363593e-05	1
19	rs73066211	58997079	0	4.660857e-04	1.397032e-05	1
19	rs73066226	59008213	0	8.217094e-04	2.500751e-05	1
19	rs73066228	59013196	0	7.997060e-04	2.426607e-05	1
19	rs73066236	59027481	0	6.775174e-04	2.104535e-05	1
19	rs73066244	59033153	0	2.498515e-04	7.228789e-06	1
19	rs73066245	59038884	0	1.138444e-03	3.630904e-05	1
19	rs73066251	59050356	3	1.272853e-04	3.671396e-06	1
19	rs73068312	59054288	0	-4.895713e-05	-1.425845e-06	1
19	rs73068321	59072020	0	2.598170e-05	7.404964e-07	1
19	rs73068325	59079096	0	9.359124e-04	2.848868e-05	1
19	rs73068327	59079334	0	3.536742e-05	1.011475e-06	1
19	rs73068329	59080325	0	9.359124e-04	2.848867e-05	1
19	rs73068335	59089308	0	9.359124e-04	2.848867e-05	1
19	rs73068339	59090263	0	-2.511313e-05	-7.371636e-07	1
19	rs73068342	59091717	0	-2.511313e-05	-7.371656e-07	1
19	rs73071847	58548748	0	1.321987e-04	3.938297e-06	1
19	rs731259	58989424	0	3.579277e-04	1.070939e-05	1
19	rs731835	58898436	0	-1.233686e-04	-3.549380e-06	1
19	rs734379	58899182	0	1.404565e-04	4.029228e-06	1
19	rs734380	58898963	0	6.854214e-04	1.979082e-05	1
19	rs735278	59083594	0	3.631772e-04	1.055799e-05	1
19	rs735507	58720360	0	9.925601e-04	3.014122e-05	1
19	rs73562704	59073613	0	-5.965634e-04	-1.841473e-05	1
19	rs73566790	58743866	0	-1.704098e-04	-5.215423e-06	1
19	rs73570604	58810827	0	-7.695745e-04	-2.373770e-05	1
19	rs73570633	58828121	0	-4.210826e-04	-1.294053e-05	1
19	rs73570653	58832874	0	-6.197460e-04	-1.915368e-05	1
19	rs73570658	58834522	0	-3.600521e-04	-1.104233e-05	1
19	rs73570691	58841364	0	-4.349742e-04	-1.342393e-05	1
19	rs73570694	58841515	0	-3.043919e-04	-9.389791e-06	1
19	rs73572621	58845441	0	-4.349742e-04	-1.342393e-05	1
19	rs73572630	58847132	0	-4.108334e-04	-1.266479e-05	1
19	rs73572641	58852541	0	-2.802511e-04	-8.636735e-06	1
19	rs7359845	58831819	0	-7.539301e-04	-2.343663e-05	1
19	rs7359922	58830261	0	-6.501535e-04	-2.009937e-05	1
19	rs73939627	58848734	0	-3.653964e-04	-1.125410e-05	1
19	rs7408188	58939389	0	7.847858e-05	2.230258e-06	1
19	rs7409473	58939165	0	7.847858e-05	2.230254e-06	1
19	rs74357328	58550617	0	-2.134440e-04	-6.668438e-06	1
19	rs74414988	58524349	0	-1.805716e-04	-5.499866e-06	1
19	rs74496797	58749776	0	2.080448e-04	6.414458e-06	1
19	rs74625788	58757001	0	2.080448e-04	6.414458e-06	1
19	rs74733770	59027672	0	-2.374134e-04	-7.400945e-06	1
19	rs74815034	58658965	1	-2.291066e-04	-6.801865e-06	1
19	rs74831398	58919814	0	3.041440e-05	9.503866e-07	1
19	rs75072205	58755366	0	2.080448e-04	6.414458e-06	1
19	rs7507609	58611111	0	-6.734810e-04	-1.969068e-05	1
19	rs7508106	58876115	0	2.754189e-04	8.493188e-06	1
19	rs751745	58722129	0	2.411193e-05	7.458132e-07	1
19	rs75196460	58952297	0	-4.391292e-04	-1.380033e-05	1
19	rs75217180	59055112	0	3.074765e-04	9.415628e-06	1
19	rs753530	58632768	0	2.429046e-05	7.247324e-07	1
19	rs75597	58720236	0	3.117763e-04	9.517849e-06	1
19	rs75672965	59063157	0	-2.017389e-04	-6.290709e-06	1
19	rs75814085	58993994	0	1.690811e-04	5.232529e-06	1
19	rs75904835	58810044	0	9.450078e-05	2.937341e-06	1
19	rs75999937	58924419	0	1.647898e-04	5.155967e-06	1
19	rs76652149	58524660	0	-1.805716e-04	-5.499865e-06	1
19	rs76783065	59075668	0	-6.245555e-05	-1.943448e-06	1
19	rs76795181	58684319	0	-3.818022e-05	-1.190612e-06	1
19	rs76798942	58653114	0	-1.961032e-04	-5.840727e-06	1
19	rs76938992	58877357	0	-4.616615e-05	-1.441026e-06	1
19	rs76958646	58562357	0	1.334097e-04	4.141035e-06	1
19	rs76963345	58743142	0	-4.145918e-05	-1.284608e-06	1
19	rs77101457	59076912	0	-6.725262e-04	-2.093211e-05	1
19	rs77140992	58521189	0	-1.805716e-04	-5.499865e-06	1
19	rs77193614	58820450	0	4.751299e-04	1.451893e-05	1
19	rs77222313	58533610	0	-1.280330e-04	-3.894585e-06	1
19	rs77235242	58929230	0	2.190445e-04	6.861752e-06	1
19	rs77262558	58684431	0	4.876634e-04	1.531104e-05	1
19	rs77358356	59065154	0	-6.245555e-05	-1.943448e-06	1
19	rs77377117	58742665	0	3.042782e-04	9.472498e-06	1
19	rs77498029	58993254	0	2.968959e-04	8.869974e-06	1
19	rs77537775	59083268	0	-4.638161e-05	-1.451975e-06	1
19	rs77659740	59056991	0	-3.835869e-04	-1.193743e-05	1
19	rs77688534	59043748	0	-1.177538e-04	-3.652699e-06	1
19	rs77755501	58915005	0	1.406129e-04	4.365135e-06	1
19	rs77999299	59095570	0	-2.263268e-04	-7.035313e-06	1
19	rs78202231	58668413	0	3.348478e-04	1.049416e-05	1
19	rs78282402	59008259	0	-3.341448e-04	-1.044330e-05	1
19	rs78282479	58682941	0	8.054048e-04	2.531593e-05	1
19	rs78293168	58755872	0	2.080448e-04	6.414457e-06	1
19	rs78397785	59080070	0	-2.263268e-04	-7.035313e-06	1
19	rs78560062	58662212	0	-7.595765e-04	-2.303807e-05	1
19	rs78604285	58712758	0	2.359351e-04	7.343792e-06	1
19	rs78664025	58695007	0	3.697794e-04	1.152532e-05	1
19	rs78968038	58658294	0	1.089836e-03	3.284055e-05	1
19	rs7910	59093464	0	1.256515e-03	3.762596e-05	1
19	rs79132177	58701780	0	4.277514e-04	1.322589e-05	1
19	rs79135878	58642383	0	3.261327e-04	1.021443e-05	1
19	rs79192210	58561312	0	-9.496615e-04	-3.046954e-05	1
19	rs79208032	58556652	0	2.981202e-04	8.914501e-06	1
19	rs79222418	58664418	0	-7.113512e-04	-2.170995e-05	1
19	rs79259289	58752257	0	-3.424162e-04	-1.027761e-05	1
19	rs79282983	58898840	0	6.906006e-04	2.138953e-05	1
19	rs79287592	58789765	0	-3.891504e-05	-1.206550e-06	1
19	rs79428816	58834505	0	-2.741125e-04	-8.594390e-06	1
19	rs79463936	58755254	0	2.080448e-04	6.414458e-06	1
19	rs79481083	58820403	0	3.993373e-04	1.220727e-05	1
19	rs79562691	58745897	0	3.037182e-04	9.530588e-06	1
19	rs79639614	59070578	0	-2.834786e-04	-8.673147e-06	1
19	rs79894507	58699453	0	2.359351e-04	7.343791e-06	1
19	rs79955355	58665816	0	2.560706e-04	7.985146e-06	1
19	rs80090318	58702017	0	4.277514e-04	1.322589e-05	1
19	rs80153933	58526696	0	-4.346571e-04	-1.326736e-05	1
19	rs80298408	58807275	0	3.066456e-04	9.577087e-06	1
19	rs80320621	58816329	0	2.343825e-04	7.133276e-06	1
19	rs80330258	59010439	0	2.611420e-04	8.134402e-06	1
19	rs8099852	58895221	0	1.299118e-04	3.726089e-06	1
19	rs8100253	59087479	0	-4.980214e-04	-1.527447e-05	1
19	rs8100259	58932360	0	1.184922e-04	3.446174e-06	1
19	rs8100276	58534236	0	3.935441e-04	1.194368e-05	1
19	rs8100534	58534484	0	3.283811e-04	9.954666e-06	1
19	rs8100738	58581904	0	-3.853754e-04	-1.112481e-05	1
19	rs8100801	58892060	0	5.166090e-05	1.580485e-06	1
19	rs8101391	58892524	0	1.909875e-04	5.880277e-06	1
19	rs8102157	58589599	0	-2.408009e-05	-7.039564e-07	1
19	rs8102402	58892672	0	1.461063e-04	4.487770e-06	1
19	rs8102457	58926008	0	9.274025e-05	2.686091e-06	1
19	rs8102541	59091380	1	5.770181e-04	1.666678e-05	1
19	rs8103813	59072684	0	7.697402e-04	2.321957e-05	1
19	rs8103853	58577762	0	-4.799345e-05	-1.399610e-06	1
19	rs8104061	58795986	0	-7.621368e-05	-2.225258e-06	1
19	rs8104221	58905109	0	-2.813925e-04	-8.189972e-06	1
19	rs8104276	58603983	0	-1.161846e-03	-3.581322e-05	1
19	rs8105044	58796805	0	-2.547882e-04	-7.313853e-06	1
19	rs8105799	58761585	0	-2.608829e-04	-7.468073e-06	1
19	rs8105906	58791636	0	4.248781e-05	1.312312e-06	1
19	rs8105935	58821088	0	4.912069e-04	1.501744e-05	1
19	rs8106345	58888317	0	1.600302e-04	4.593284e-06	1
19	rs8106379	59094136	0	-7.136171e-04	-2.214236e-05	1
19	rs8106477	58888441	0	7.025055e-05	2.022337e-06	1
19	rs8107581	58809154	0	-1.192003e-03	-3.572789e-05	1
19	rs8107931	58636461	0	-1.864748e-05	-5.466794e-07	1
19	rs8108238	58757968	0	2.080448e-04	6.414457e-06	1
19	rs8108371	58730394	0	8.694824e-04	2.743711e-05	1
19	rs8108493	58730489	0	5.021719e-04	1.562850e-05	1
19	rs8109093	58833871	0	-7.539301e-04	-2.343663e-05	1
19	rs8109275	58629878	0	6.136062e-05	1.823165e-06	1
19	rs8109359	58629914	0	6.136062e-05	1.823165e-06	1
19	rs8109471	58621794	0	-1.180581e-04	-3.499480e-06	1
19	rs8109694	58621307	0	-4.503506e-04	-1.352053e-05	1
19	rs8109925	58623323	0	-1.180581e-04	-3.499478e-06	1
19	rs8109932	58903466	0	-6.623875e-05	-1.888179e-06	1
19	rs8109937	58584643	0	-3.853754e-04	-1.112481e-05	1
19	rs8110117	58600626	0	-1.057343e-03	-3.252302e-05	1
19	rs8110135	58998464	0	2.859704e-04	8.271025e-06	1
19	rs8110249	58824237	0	-3.411138e-04	-1.043650e-05	1
19	rs8110595	59095126	0	5.862811e-04	1.695282e-05	1
19	rs8110941	58824163	0	-4.265231e-04	-1.308360e-05	1
19	rs8111222	58750413	0	-5.680549e-05	-1.616440e-06	1
19	rs8111238	58667076	0	1.028794e-03	3.087653e-05	1
19	rs8111301	58750326	0	2.080448e-04	6.414457e-06	1
19	rs8111498	58749994	0	4.059209e-05	1.246797e-06	1
19	rs8112286	58752391	0	2.939082e-04	9.062264e-06	1
19	rs8112340	58759679	0	2.104793e-04	6.487175e-06	1
19	rs8112556	58886459	0	1.055999e-04	3.237725e-06	1
19	rs8113810	58932106	0	-3.221109e-05	-9.414112e-07	1
19	rs873104	59065952	0	-2.511313e-05	-7.371879e-07	1
19	rs877796	58753615	0	1.738307e-04	5.334492e-06	1
19	rs877797	58753649	0	2.080448e-04	6.414457e-06	1
19	rs880162	59013134	0	-4.799948e-04	-1.407852e-05	1
19	rs882609	58991479	0	1.062308e-03	3.138223e-05	1
19	rs882610	58991900	0	5.914633e-04	1.725196e-05	1
19	rs889158	58601981	0	-1.211995e-04	-3.510048e-06	1
19	rs889159	58584522	0	-3.853754e-04	-1.112481e-05	1
19	rs889160	58584434	0	-7.945692e-05	-2.308362e-06	1
19	rs889161	58584324	0	-3.892840e-04	-1.124273e-05	1
19	rs893179	58899056	0	-9.202548e-05	-2.623880e-06	1
19	rs893180	58865091	0	7.585804e-05	2.316812e-06	1
19	rs893181	58865082	0	7.585804e-05	2.316812e-06	1
19	rs893182	58865068	0	7.585804e-05	2.316812e-06	1
19	rs893183	58865054	0	7.585804e-05	2.316811e-06	1
19	rs893184	58864479	0	-9.515428e-06	-2.975149e-07	1
19	rs893185	58989495	0	8.240737e-04	2.400039e-05	1
19	rs893186	58969179	0	7.828441e-04	2.279143e-05	1
19	rs893187	58963018	0	3.935896e-04	1.151029e-05	1
19	rs893188	58962958	0	4.179043e-04	1.221947e-05	1
19	rs895374	59066918	0	7.091199e-04	2.062616e-05	1
19	rs918544	58620103	0	-1.042427e-04	-3.089014e-06	1
19	rs918545	58620068	0	-1.042427e-04	-3.089014e-06	1
19	rs922929	58734596	0	1.322580e-05	4.050292e-07	1
19	rs922931	58734749	0	-9.779090e-06	-2.957404e-07	1
19	rs9304813	58931557	0	-7.163342e-06	-2.262420e-07	1
19	rs9304814	58951811	0	2.211599e-04	6.338954e-06	1
19	rs933670	58619847	0	-7.891311e-05	-2.377364e-06	1
19	rs9636162	59019452	0	4.294375e-04	1.338117e-05	1
19	rs9676281	58756728	0	2.983040e-04	9.224726e-06	1
19	rs9676287	58756655	0	2.080448e-04	6.414455e-06	1
19	rs9676487	58756869	0	2.983040e-04	9.224725e-06	1
19	rs971711	58632872	0	-2.913395e-04	-8.701207e-06	1
19	rs9749456	58882192	0	-4.430186e-04	-1.277091e-05	1
19	rs975947	58898193	0	7.730321e-04	2.242501e-05	1
19	rs9797792	59019531	0	1.463021e-05	4.150631e-07	1
19	rs9941466	58945962	0	-2.081221e-04	-6.447874e-06	1
