chr	rs	ps	n_miss	b	beta	gamma
1	rs10157494:802496:C:T	802496	13	1.014725e-03	2.316126e-05	1
1	rs10267:982994:T:C	982994	6	1.560828e-04	3.483911e-06	1
1	rs10399878:1239953:A:G	1239953	13	1.892220e-04	4.296641e-06	1
1	rs10449892:1255287:C:T	1255287	9	3.887400e-04	9.018153e-06	1
1	rs10454459:754629:A:G	754629	15	-7.686710e-04	-1.780784e-05	1
1	rs10454460:754671:A:G	754671	15	-7.686710e-04	-1.780784e-05	1
1	rs1055606:778745:A:G	778745	11	-6.585341e-04	-1.476339e-05	1
1	rs1057213:761752:C:T	761752	13	8.874656e-04	1.975850e-05	1
1	rs10907172:1124257:A:G	1124257	1	3.202689e-04	7.138595e-06	1
1	rs10907173:1124399:C:G	1124399	1	3.202689e-04	7.138595e-06	1
1	rs10907174:1125553:A:T	1125553	4	5.981958e-04	1.299625e-05	1
1	rs10907175:1130727:A:C	1130727	8	4.770113e-04	1.078599e-05	1
1	rs10907176:1130855:T:C	1130855	8	3.036142e-05	6.572809e-07	1
1	rs1105065:1054076:C:T	1054076	12	8.250032e-04	1.837450e-05	1
1	rs1110052	873558	0	3.504543e-04	7.489568e-06	1
1	rs111357358:1209482:G:A	1209482	7	-4.442928e-04	-1.029171e-05	1
1	rs111388390:1114111:G:A	1114111	0	-6.802791e-05	-1.583944e-06	1
1	rs111421264:1305697:G:C	1305697	4	-3.595199e-04	-7.960522e-06	1
1	rs111483377:1192796:G:A	1192796	9	-2.814003e-04	-6.506644e-06	1
1	rs111483565:1048640:C:A	1048640	7	6.494450e-04	1.502889e-05	1
1	rs111509968	1446390	1	-5.273499e-04	-1.220923e-05	1
1	rs111531431:1034499:G:T	1034499	10	7.577514e-04	1.669783e-05	1
1	rs111559683:1144832:A:G	1144832	8	-9.455145e-04	-2.185793e-05	1
1	rs111603164:1206158:C:T	1206158	6	-2.374535e-04	-5.536571e-06	1
1	rs111610668:1548470:A:G	1548470	7	2.930408e-03	6.633475e-05	1
1	rs111615792:1267651:G:A	1267651	13	-7.013429e-04	-1.633715e-05	1
1	rs111625258:1108757:A:T	1108757	10	5.685479e-05	1.325012e-06	1
1	rs111642782:1360475:A:G	1360475	14	-8.393333e-04	-1.951303e-05	1
1	rs111649714:1115379:G:A	1115379	2	3.781311e-04	8.802596e-06	1
1	rs111673713:1179030:G:A	1179030	6	-4.203662e-04	-9.476428e-06	1
1	rs111692369:1194638:C:T	1194638	7	-2.393558e-04	-5.580984e-06	1
1	rs111698464:1161362:A:G	1161362	7	9.479593e-04	2.147004e-05	1
1	rs111715097:1551428:C:T	1551428	11	2.912375e-03	6.598965e-05	1
1	rs111739932:797325:T:C	797325	7	-1.443985e-03	-3.343331e-05	1
1	rs111751804	1115503	0	-6.802791e-05	-1.583945e-06	1
1	rs111798607:1183865:C:T	1183865	14	-2.176273e-04	-4.890276e-06	1
1	rs111819661	1222958	0	-6.727347e-04	-1.571671e-05	1
1	rs111949778:1117529:A:C	1117529	4	8.317887e-05	1.937398e-06	1
1	rs111987858:1164624:A:G	1164624	10	-7.255899e-04	-1.656568e-05	1
1	rs112030392	1360515	0	-2.680399e-04	-6.081769e-06	1
1	rs112164716	891898	0	-2.047023e-04	-4.743805e-06	1
1	rs112301494:1344686:A:G	1344686	13	-6.661238e-04	-1.495307e-05	1
1	rs112308346:1052372:A:G	1052372	7	4.608959e-04	1.061433e-05	1
1	rs112328659:1163266:G:A	1163266	8	8.971528e-04	2.038431e-05	1
1	rs112328758:1348786:G:A	1348786	15	-5.615719e-04	-1.299769e-05	1
1	rs112420268:1111147:A:C	1111147	2	-8.301805e-05	-1.934482e-06	1
1	rs112431693:1298982:T:C	1298982	5	-2.281141e-04	-5.058300e-06	1
1	rs112491004:1338280:A:G	1338280	14	-8.046244e-04	-1.813781e-05	1
1	rs112495999:1281839:G:A	1281839	10	-4.847678e-05	-1.120395e-06	1
1	rs112533928:1310181:A:G	1310181	13	-1.776811e-03	-4.139281e-05	1
1	rs112557070:1059405:C:T	1059405	8	2.888493e-04	6.480972e-06	1
1	rs11260537:1109554:G:C	1109554	3	5.255261e-05	1.215682e-06	1
1	rs11260538:1109653:G:A	1109653	8	2.394748e-04	5.437094e-06	1
1	rs11260539	1109903	0	-7.756798e-04	-1.763947e-05	1
1	rs11260540:1109953:G:A	1109953	11	-6.706520e-04	-1.529432e-05	1
1	rs11260541:1109958:A:G	1109958	9	-6.067837e-04	-1.373924e-05	1
1	rs11260542	1110019	3	-2.571018e-04	-5.750681e-06	1
1	rs11260543:1110127:C:T	1110127	3	-9.494357e-04	-2.163186e-05	1
1	rs11260544	1110225	0	-4.400894e-04	-9.952108e-06	1
1	rs11260545:1110368:C:T	1110368	0	-4.400894e-04	-9.952106e-06	1
1	rs11260546:1115210:G:A	1115210	15	5.795160e-04	1.299190e-05	1
1	rs11260547:1115213:G:T	1115213	13	1.975053e-04	4.425133e-06	1
1	rs11260549:1121794:G:A	1121794	15	1.761825e-04	3.928853e-06	1
1	rs11260550:1122388:G:A	1122388	0	3.753490e-04	8.366162e-06	1
1	rs11260551:1122516:G:A	1122516	1	3.202689e-04	7.138593e-06	1
1	rs11260552:1127322:G:A	1127322	2	3.143595e-04	7.006768e-06	1
1	rs11260553:1127380:G:A	1127380	2	3.143595e-04	7.006768e-06	1
1	rs11260554:1129672:G:T	1129672	7	4.663460e-04	1.043693e-05	1
1	rs11260555:1129707:A:G	1129707	2	3.509745e-04	7.824291e-06	1
1	rs11260556:1130206:G:A	1130206	10	5.372475e-04	1.167389e-05	1
1	rs11260558:1134633:C:T	1134633	8	3.743012e-04	8.348357e-06	1
1	rs11260562:1165310:G:A	1165310	12	-8.644487e-04	-1.978901e-05	1
1	rs11260566:1178245:C:T	1178245	12	-1.844791e-04	-4.147294e-06	1
1	rs11260568:1195690:G:C	1195690	5	-3.724671e-04	-8.618519e-06	1
1	rs11260578	1221138	0	-1.483434e-03	-3.416799e-05	1
1	rs11260584:1239339:T:G	1239339	12	9.970985e-04	2.221561e-05	1
1	rs11260592:1037303:T:C	1037303	4	1.450319e-04	3.194534e-06	1
1	rs11260593:1037313:A:G	1037313	6	1.017424e-04	2.237110e-06	1
1	rs11260595:1039098:C:A	1039098	7	4.986533e-04	1.161397e-05	1
1	rs11260596	1002434	5	-2.294916e-03	-4.982585e-05	1
1	rs11260597:1062290:C:T	1062290	9	7.652192e-04	1.785340e-05	1
1	rs11260598	1065726	0	-2.678831e-04	-6.174065e-06	1
1	rs11260599:1065857:T:C	1065857	8	-6.001446e-04	-1.394329e-05	1
1	rs11260600:1065858:G:T	1065858	8	-6.001446e-04	-1.394329e-05	1
1	rs112615655:1187448:G:A	1187448	12	-8.588934e-04	-2.003548e-05	1
1	rs112678550:1158020:A:C	1158020	6	7.838676e-04	1.771045e-05	1
1	rs112719924:1213126:G:T	1213126	11	1.798820e-04	4.188234e-06	1
1	rs112733189:1159729:T:G	1159729	3	7.224027e-04	1.629710e-05	1
1	rs112742853:1192963:G:A	1192963	11	-2.368622e-04	-5.522716e-06	1
1	rs112743287:1188944:T:G	1188944	8	-2.407557e-04	-5.613662e-06	1
1	rs112797925:1006172:G:A	1006172	10	-5.234054e-04	-1.222775e-05	1
1	rs112806684:1429996:G:A	1429996	14	4.963240e-04	1.146665e-05	1
1	rs112819941:1163172:T:C	1163172	7	9.479593e-04	2.147003e-05	1
1	rs112838421:1118491:A:G	1118491	3	7.852500e-05	1.828837e-06	1
1	rs112848878:1111650:C:T	1111650	4	-8.637472e-05	-2.012638e-06	1
1	rs112895009:1117709:G:A	1117709	3	7.852500e-05	1.828837e-06	1
1	rs112904239:1121557:C:T	1121557	11	-6.728488e-05	-1.566393e-06	1
1	rs113072236:1543983:C:A	1543983	14	2.931749e-03	6.648256e-05	1
1	rs113088320:1111625:C:T	1111625	3	3.580270e-04	8.337784e-06	1
1	rs113136607:1113501:C:A	1113501	0	-6.802791e-05	-1.583945e-06	1
1	rs113143549:1175747:A:G	1175747	10	1.150246e-03	2.614553e-05	1
1	rs113206287:1159020:A:G	1159020	2	7.427031e-04	1.675318e-05	1
1	rs113261977	987253	0	-8.629688e-04	-2.017458e-05	1
1	rs113288277:979748:A:T	979748	7	7.364229e-04	1.716118e-05	1
1	rs113289547:1034689:T:G	1034689	12	9.983257e-04	2.209896e-05	1
1	rs113355263	1069535	0	6.968829e-04	1.593552e-05	1
1	rs113429154:1305700:A:G	1305700	4	-3.595199e-04	-7.960520e-06	1
1	rs113477232:1056151:G:A	1056151	7	6.631245e-04	1.536306e-05	1
1	rs113531911:1118560:C:T	1118560	3	7.852500e-05	1.828837e-06	1
1	rs113532475:808289:A:T	808289	12	-8.425544e-04	-1.909239e-05	1
1	rs113537594:1190990:C:T	1190990	7	-2.388433e-04	-5.569009e-06	1
1	rs113548627:1330430:G:A	1330430	16	-1.088900e-03	-2.470935e-05	1
1	rs113563466:880751:A:G	880751	6	-1.773539e-04	-4.124523e-06	1
1	rs113564442:1111576:G:A	1111576	2	-8.301805e-05	-1.934482e-06	1
1	rs113592356	1004331	0	-4.336200e-04	-1.002666e-05	1
1	rs113722022:1088777:T:C	1088777	8	7.512384e-04	1.720759e-05	1
1	rs113723849:1133502:C:T	1133502	7	-1.726546e-03	-3.987737e-05	1
1	rs113761150:1189552:C:T	1189552	7	-2.388433e-04	-5.569009e-06	1
1	rs113791678:1161780:C:T	1161780	7	9.479593e-04	2.147002e-05	1
1	rs113854344:1069346:C:T	1069346	16	-7.232723e-04	-1.603943e-05	1
1	rs113867217:1214805:C:T	1214805	12	-3.675812e-05	-8.147826e-07	1
1	rs113908945:1183858:G:T	1183858	8	-6.034539e-04	-1.357511e-05	1
1	rs114027205	1218655	0	1.462390e-03	3.423713e-05	1
1	rs114105718:1175770:G:A	1175770	2	8.254153e-04	1.873656e-05	1
1	rs114112990	1334519	2	-1.977634e-04	-4.595672e-06	1
1	rs114176189:945349:G:A	945349	9	4.233686e-04	9.869695e-06	1
1	rs114188160:1092283:G:A	1092283	2	8.727830e-04	2.023321e-05	1
1	rs114268825:1083356:A:G	1083356	3	8.631283e-04	2.000703e-05	1
1	rs114326054	1022423	2	-3.544587e-04	-8.232472e-06	1
1	rs114345030:1203464:G:A	1203464	9	-5.460061e-04	-1.269459e-05	1
1	rs114421107:1088123:T:C	1088123	7	5.953014e-04	1.364957e-05	1
1	rs114528345:1092461:G:A	1092461	2	8.727830e-04	2.023320e-05	1
1	rs114569858	1195883	0	-3.552296e-04	-8.288565e-06	1
1	rs114583033:922483:T:C	922483	7	-1.498907e-03	-3.367815e-05	1
1	rs11466678:1141723:A:G	1141723	16	-9.568242e-04	-2.196927e-05	1
1	rs11466681:1141387:C:T	1141387	11	-9.547059e-04	-2.196476e-05	1
1	rs11466691:1139862:T:C	1139862	13	-5.631099e-04	-1.310675e-05	1
1	rs114757189	1156047	0	-4.384970e-04	-1.020980e-05	1
1	rs114814219:1237494:C:T	1237494	7	-6.450344e-04	-1.501047e-05	1
1	rs11485864:1328971:C:T	1328971	14	-8.497150e-04	-1.967021e-05	1
1	rs114870853:1082893:A:G	1082893	4	8.504822e-04	1.971103e-05	1
1	rs11488469:1332112:A:G	1332112	14	-9.406366e-04	-2.178916e-05	1
1	rs114885312:952345:C:T	952345	10	4.154579e-04	9.684859e-06	1
1	rs114919826:1159107:G:A	1159107	3	7.224027e-04	1.629708e-05	1
1	rs11492279	1546304	1	2.738246e-03	6.149685e-05	1
1	rs114925670:1508742:A:G	1508742	6	-1.362863e-03	-3.178320e-05	1
1	rs114928482	1454207	0	5.605099e-04	1.301358e-05	1
1	rs114963616:1227847:C:T	1227847	6	1.995805e-04	4.643119e-06	1
1	rs114964868:1210468:C:T	1210468	8	-1.152081e-05	-2.490613e-07	1
1	rs115057577	1022154	0	-6.854030e-04	-1.583679e-05	1
1	rs115074115	947809	4	8.953326e-04	2.089961e-05	1
1	rs115075475:1038796:G:A	1038796	4	9.170072e-04	2.147015e-05	1
1	rs115137086:1204354:G:A	1204354	9	-5.726272e-04	-1.333172e-05	1
1	rs115144100:1176227:G:T	1176227	8	3.953672e-04	9.229757e-06	1
1	rs115163464:1246438:G:A	1246438	8	-4.932353e-04	-1.143670e-05	1
1	rs115231600:1208195:G:C	1208195	10	-1.547938e-04	-3.575656e-06	1
1	rs115237750:1232233:G:A	1232233	6	-7.727076e-04	-1.799388e-05	1
1	rs115247282:1446929:C:T	1446929	10	-6.361855e-04	-1.480659e-05	1
1	rs115251198:1083693:A:G	1083693	8	4.899372e-04	1.131484e-05	1
1	rs115270700:1185524:T:C	1185524	14	1.382407e-03	3.214924e-05	1
1	rs115307287:1214678:C:T	1214678	5	-1.046791e-05	-2.246863e-07	1
1	rs115360468:1084179:T:C	1084179	6	4.715711e-04	1.089439e-05	1
1	rs115438739	894519	2	-2.903044e-04	-6.761879e-06	1
1	rs115464315:1242288:T:G	1242288	8	-4.932353e-04	-1.143669e-05	1
1	rs11548045	1342394	0	6.626608e-04	1.541824e-05	1
1	rs115490086:928969:C:T	928969	13	-4.556095e-04	-1.062436e-05	1
1	rs115516254	1127561	0	1.799120e-04	4.200582e-06	1
1	rs11552172:1534614:T:C	1534614	6	-4.449198e-03	-1.110432e-04	1
1	rs115554764:1210333:C:T	1210333	9	-1.472162e-04	-3.397237e-06	1
1	rs115569263:1093784:G:A	1093784	2	4.889826e-04	1.129784e-05	1
1	rs115586508:1179800:G:A	1179800	15	1.233268e-03	2.900997e-05	1
1	rs115632178:1092344:G:T	1092344	2	8.727830e-04	2.023320e-05	1
1	rs115652917:1085416:T:C	1085416	3	4.795190e-04	1.107839e-05	1
1	rs115662838	1026913	3	5.884798e-05	1.364255e-06	1
1	rs115712376:1191651:A:G	1191651	2	-3.625257e-04	-8.458999e-06	1
1	rs115723010	1022223	1	5.662411e-04	1.322612e-05	1
1	rs115765087	1175305	0	6.921223e-04	1.567746e-05	1
1	rs115765949:1236856:C:T	1236856	7	-6.450344e-04	-1.501047e-05	1
1	rs115771716:1255251:G:C	1255251	9	-4.985070e-04	-1.155954e-05	1
1	rs11578409:1503808:C:G	1503808	16	2.839565e-03	6.489710e-05	1
1	rs115785548:1092482:T:C	1092482	4	8.593620e-04	1.991919e-05	1
1	rs11578997:1036876:T:A	1036876	15	-3.410995e-04	-7.630810e-06	1
1	rs11579015	1036959	0	-4.537700e-04	-1.020802e-05	1
1	rs11579922:1036860:A:C	1036860	4	1.450319e-04	3.194529e-06	1
1	rs11581598:1039817:A:G	1039817	3	6.184296e-05	1.353457e-06	1
1	rs115839549:1086937:G:A	1086937	2	4.889826e-04	1.129784e-05	1
1	rs11584516:1042819:G:A	1042819	14	1.039754e-04	2.385936e-06	1
1	rs11586034:1045473:G:A	1045473	5	-4.600433e-05	-1.056918e-06	1
1	rs11586617:1060043:A:C	1060043	7	3.228674e-04	7.247482e-06	1
1	rs11587525:1285358:A:G	1285358	5	4.447192e-06	9.431523e-08	1
1	rs11587937:1060148:G:T	1060148	12	-2.228507e-04	-5.053233e-06	1
1	rs11588893:1489626:C:T	1489626	11	2.495551e-03	5.606928e-05	1
1	rs11590038:1489621:T:C	1489621	13	2.335741e-03	5.228492e-05	1
1	rs11590188:1046073:C:A	1046073	6	5.251272e-04	1.166386e-05	1
1	rs115928552:1239708:C:G	1239708	7	-6.450344e-04	-1.501047e-05	1
1	rs116009746:1084794:G:A	1084794	3	4.795190e-04	1.107839e-05	1
1	rs116082107:1197867:G:A	1197867	12	-1.619382e-04	-3.741406e-06	1
1	rs116119245:1234554:A:C	1234554	6	-7.727076e-04	-1.799388e-05	1
1	rs116263241:1232229:A:G	1232229	6	-7.727076e-04	-1.799388e-05	1
1	rs116346038:1085344:C:T	1085344	3	4.795190e-04	1.107839e-05	1
1	rs116365928:1447227:T:C	1447227	9	-6.759925e-04	-1.571411e-05	1
1	rs116414484:1092470:T:G	1092470	4	8.593620e-04	1.991919e-05	1
1	rs116510521:1094025:G:A	1094025	2	4.889826e-04	1.129784e-05	1
1	rs116607870:936487:C:G	936487	11	3.792713e-04	8.845150e-06	1
1	rs116639471:1215404:T:C	1215404	4	-2.237787e-04	-5.161336e-06	1
1	rs116661896	1079261	1	7.959171e-04	1.841560e-05	1
1	rs116667486:1084615:T:G	1084615	6	4.715711e-04	1.089439e-05	1
1	rs116703397:1480226:C:T	1480226	2	-1.315899e-03	-3.071221e-05	1
1	rs116720794	729632	8	-6.927769e-04	-1.601686e-05	1
1	rs1171	1337334	1	-3.773486e-04	-8.358079e-06	1
1	rs118047549:1162682:C:T	1162682	10	4.556476e-04	1.026084e-05	1
1	rs11808877:1059270:G:A	1059270	11	1.148126e-03	2.687218e-05	1
1	rs12021582:1127507:G:A	1127507	2	3.143595e-04	7.006771e-06	1
1	rs12024296:1127523:C:T	1127523	2	3.143595e-04	7.006771e-06	1
1	rs12026524:1130093:C:T	1130093	3	2.744285e-04	6.116750e-06	1
1	rs12026794:1133254:G:A	1133254	3	3.235369e-05	7.214643e-07	1
1	rs12029885:1125348:T:C	1125348	1	3.202689e-04	7.138595e-06	1
1	rs12036216:1153113:G:A	1153113	14	2.283798e-04	5.134997e-06	1
1	rs12058450:1113571:A:G	1113571	4	-1.108231e-03	-2.512100e-05	1
1	rs12060374:1129789:G:C	1129789	1	2.471093e-04	5.556801e-06	1
1	rs12060422	1129920	0	2.440214e-04	5.484909e-06	1
1	rs12060862:1088392:T:C	1088392	8	7.272319e-04	1.668782e-05	1
1	rs12060927:1088534:T:C	1088534	7	5.953014e-04	1.364956e-05	1
1	rs12061218:1089148:T:C	1089148	6	7.003976e-04	1.603478e-05	1
1	rs12061357:1127330:C:T	1127330	5	5.187088e-05	1.140998e-06	1
1	rs12062042:1131236:G:T	1131236	9	1.021132e-04	2.282763e-06	1
1	rs12062271:1127137:A:C	1127137	3	4.461463e-04	1.006374e-05	1
1	rs12063663:1121480:T:C	1121480	12	3.177309e-04	7.153969e-06	1
1	rs12063897:1122539:A:G	1122539	4	3.416296e-04	7.703759e-06	1
1	rs12064046:1122283:T:G	1122283	6	3.055934e-04	6.886848e-06	1
1	rs12065129:1125220:C:T	1125220	3	3.059337e-04	6.891406e-06	1
1	rs12066047:1193476:G:C	1193476	11	-8.380022e-04	-1.935134e-05	1
1	rs12066:1549354:G:A	1549354	12	3.406208e-03	7.949580e-05	1
1	rs12068885:1207215:A:G	1207215	15	9.324798e-05	2.169935e-06	1
1	rs12068889:1458032:C:T	1458032	15	1.215244e-04	2.842088e-06	1
1	rs12069094:1195593:G:A	1195593	8	-2.474003e-04	-5.729318e-06	1
1	rs12073590:1205155:A:C	1205155	11	1.230636e-04	2.863246e-06	1
1	rs12073801:1219931:G:T	1219931	8	-4.007004e-04	-9.279414e-06	1
1	rs12079515:1215712:C:T	1215712	11	-9.251537e-04	-2.129680e-05	1
1	rs12080505	1045606	0	-4.552957e-04	-1.049453e-05	1
1	rs12084237:1482273:G:A	1482273	6	-1.853215e-03	-4.314708e-05	1
1	rs12085009:1168180:G:C	1168180	14	-7.720837e-04	-1.770766e-05	1
1	rs12087719:1161393:C:T	1161393	11	9.971285e-04	2.258155e-05	1
1	rs12089192:1171022:G:C	1171022	16	1.543644e-04	3.442366e-06	1
1	rs12089404:1165522:G:A	1165522	12	-1.119903e-03	-2.585030e-05	1
1	rs12092254:1113121:G:A	1113121	1	-8.736965e-04	-1.979388e-05	1
1	rs12093154	1178925	0	-5.272505e-04	-1.191182e-05	1
1	rs12093363:1171153:C:T	1171153	11	-1.052265e-03	-2.437165e-05	1
1	rs12093451:1049523:C:A	1049523	6	6.469859e-04	1.492265e-05	1
1	rs12096091:1176433:A:G	1176433	12	-1.190682e-05	-2.618599e-07	1
1	rs12096422:1110420:T:C	1110420	0	-4.400894e-04	-9.952078e-06	1
1	rs12096608:1171100:T:G	1171100	15	-9.049596e-04	-2.070024e-05	1
1	rs12097428:1113394:C:T	1113394	3	-8.355032e-04	-1.902394e-05	1
1	rs12120877	1126949	0	-4.798771e-04	-1.114908e-05	1
1	rs12124436:1125110:T:C	1125110	2	1.061220e-05	2.359931e-07	1
1	rs12132398:796100:C:T	796100	14	-1.619196e-03	-3.757476e-05	1
1	rs12141369:1109476:C:A	1109476	11	-4.514898e-04	-9.984291e-06	1
1	rs12184313:754211:G:A	754211	12	-8.001093e-04	-1.851707e-05	1
1	rs12184325	754105	1	-5.542283e-04	-1.275285e-05	1
1	rs12184335:754121:T:G	754121	9	-8.081977e-04	-1.870569e-05	1
1	rs12184336:754163:T:C	754163	9	-8.081977e-04	-1.870569e-05	1
1	rs12401472:1123106:G:A	1123106	1	3.202689e-04	7.138598e-06	1
1	rs12403745:1131441:C:T	1131441	2	1.061220e-05	2.359924e-07	1
1	rs1240707:1335302:C:T	1335302	16	-1.224705e-03	-2.784241e-05	1
1	rs1240712	1344067	1	-1.258398e-03	-2.794986e-05	1
1	rs1240713:1345003:T:C	1345003	15	-3.812623e-04	-8.494377e-06	1
1	rs12408046:1308289:G:A	1308289	4	4.357831e-04	9.639340e-06	1
1	rs12408050:1308386:G:A	1308386	5	3.898920e-04	8.623709e-06	1
1	rs12408051:1308387:G:A	1308387	7	3.865466e-04	8.551668e-06	1
1	rs12408062:1488380:G:A	1488380	5	-1.430419e-03	-3.339884e-05	1
1	rs12408695:1489730:G:A	1489730	6	-1.221116e-03	-2.842149e-05	1
1	rs12562034	768448	0	-1.515882e-03	-3.441537e-05	1
1	rs12567697:1054552:G:A	1054552	7	2.788731e-04	6.256256e-06	1
1	rs1262893:1216581:G:C	1216581	16	-9.625533e-04	-2.238609e-05	1
1	rs1262894	1217011	9	-2.841133e-03	-6.654890e-05	1
1	rs1262895:1217020:G:C	1217020	13	-1.789400e-03	-4.121159e-05	1
1	rs1262896:1217258:G:C	1217258	13	-1.789400e-03	-4.121159e-05	1
1	rs12723165:1046861:G:A	1046861	3	-1.631127e-04	-3.685667e-06	1
1	rs12726255:1049950:A:G	1049950	6	1.287390e-05	2.714024e-07	1
1	rs12726341:1056939:T:A	1056939	9	3.348978e-04	7.521743e-06	1
1	rs12729537:1042527:G:C	1042527	3	-1.631127e-04	-3.685673e-06	1
1	rs12733365:1042483:C:T	1042483	1	1.845671e-04	4.066912e-06	1
1	rs12736814:1061508:G:A	1061508	12	5.029278e-04	1.132486e-05	1
1	rs12737205	1078583	6	5.217559e-04	1.207448e-05	1
1	rs12743678:1047374:T:A	1047374	4	8.579813e-05	1.883141e-06	1
1	rs12746510:1319123:T:C	1319123	9	-3.414656e-04	-7.570604e-06	1
1	rs12748370:1061152:T:C	1061152	12	2.889334e-04	6.491095e-06	1
1	rs12751333:1043743:T:C	1043743	12	4.396580e-04	9.779678e-06	1
1	rs12752391:1009823:G:A	1009823	13	1.207063e-03	2.711629e-05	1
1	rs12754457:1042378:A:C	1042378	1	1.845671e-04	4.066901e-06	1
1	rs12755848:1052946:G:T	1052946	9	3.348978e-04	7.521728e-06	1
1	rs1320571	1120431	1	-4.813585e-04	-1.084186e-05	1
1	rs13249:1288345:A:G	1288345	5	4.447192e-06	9.430396e-08	1
1	rs13302945	889159	0	-7.142527e-04	-1.634469e-05	1
1	rs13302982:861808:A:G	861808	9	1.846235e-03	4.265436e-05	1
1	rs13302983:914876:T:C	914876	16	-5.218335e-04	-1.213408e-05	1
1	rs13303023:993383:G:A	993383	10	2.998361e-04	6.920866e-06	1
1	rs13303033:914940:T:C	914940	11	3.626479e-04	7.681351e-06	1
1	rs13303051:889713:C:A	889713	5	-1.288061e-04	-2.920944e-06	1
1	rs13303056:889158:G:C	889158	1	-7.097071e-04	-1.619157e-05	1
1	rs13303065	891059	0	-1.548750e-03	-3.330865e-05	1
1	rs13303101	862124	0	1.833941e-03	4.223602e-05	1
1	rs13303106:891945:A:G	891945	9	-1.538728e-03	-3.309030e-05	1
1	rs13303118:918384:G:T	918384	14	3.017352e-04	6.395437e-06	1
1	rs13303147	963661	1	4.893804e-04	1.129286e-05	1
1	rs13303172:945111:C:T	945111	11	-2.994165e-04	-6.856023e-06	1
1	rs13303206:889638:G:C	889638	8	-2.456603e-05	-5.643627e-07	1
1	rs13303222	849998	0	-7.878387e-04	-1.739590e-05	1
1	rs13303227:892745:G:A	892745	6	-2.411318e-04	-5.500624e-06	1
1	rs13303229:897564:T:C	897564	5	-5.983510e-06	-1.405395e-07	1
1	rs13303287:987670:T:G	987670	6	-4.564326e-05	-1.047947e-06	1
1	rs13303355:915227:A:G	915227	16	-2.467117e-04	-5.688452e-06	1
1	rs13303368:914852:G:C	914852	10	4.431993e-04	9.408841e-06	1
1	rs13306647:1221717:C:T	1221717	1	-1.458746e-03	-3.358398e-05	1
1	rs13306651	1226063	1	-3.248361e-05	-7.428291e-07	1
1	rs13374146	1116231	3	-3.196039e-03	-7.656391e-05	1
1	rs138128469:1320105:T:C	1320105	4	-1.957624e-04	-4.561028e-06	1
1	rs138200535:1319869:G:C	1319869	5	-1.704516e-05	-3.941415e-07	1
1	rs138615630:1276498:C:T	1276498	2	3.251396e-04	7.555598e-06	1
1	rs139183246:1202437:A:T	1202437	10	-2.842111e-04	-6.575115e-06	1
1	rs139295104:1337220:G:A	1337220	13	-9.406621e-04	-2.178965e-05	1
1	rs139475585:1070467:G:A	1070467	9	-5.512442e-05	-1.288870e-06	1
1	rs139522421:1269888:C:A	1269888	1	-1.821545e-04	-4.241311e-06	1
1	rs139574397:1085546:G:A	1085546	3	4.795190e-04	1.107839e-05	1
1	rs139902189	1430985	2	7.427175e-04	1.712690e-05	1
1	rs140144962:926968:C:T	926968	15	-1.765708e-03	-4.001627e-05	1
1	rs140192690:1271924:G:A	1271924	8	3.218235e-04	7.483428e-06	1
1	rs140250292:1067878:G:A	1067878	12	1.241737e-04	2.879071e-06	1
1	rs140361978:1258527:C:T	1258527	1	7.768462e-04	1.810579e-05	1
1	rs140894412:1336482:T:C	1336482	13	-9.406621e-04	-2.178965e-05	1
1	rs141230226:1072181:C:T	1072181	9	3.113944e-04	7.198012e-06	1
1	rs141337505:1233127:A:G	1233127	11	-3.427870e-04	-7.807728e-06	1
1	rs141483437:1294470:G:T	1294470	6	6.046089e-04	1.409259e-05	1
1	rs141947323:1056201:T:G	1056201	7	6.631245e-04	1.536307e-05	1
1	rs142055848:1090317:G:A	1090317	1	8.677845e-04	2.011592e-05	1
1	rs142267230:1332825:T:A	1332825	4	-5.838202e-05	-1.357412e-06	1
1	rs142286944:985797:A:G	985797	7	1.577427e-04	3.679487e-06	1
1	rs142365476:1330018:T:C	1330018	5	-7.185042e-04	-1.680419e-05	1
1	rs142626594:998170:G:A	998170	12	1.022993e-03	2.399742e-05	1
1	rs142693327:1161755:G:A	1161755	11	6.234160e-04	1.408410e-05	1
1	rs142868903:1272045:G:A	1272045	2	-1.863988e-04	-4.340162e-06	1
1	rs143087458:1082829:A:G	1082829	3	8.631283e-04	2.000702e-05	1
1	rs143226863:1314454:G:C	1314454	6	-1.963388e-05	-4.545469e-07	1
1	rs143567956:1322268:G:A	1322268	4	-1.957624e-04	-4.561028e-06	1
1	rs143812594:1197398:C:T	1197398	6	-2.374535e-04	-5.536563e-06	1
1	rs143853699:879911:G:A	879911	10	6.807202e-04	1.589196e-05	1
1	rs144026922:1299571:G:A	1299571	3	-1.910484e-04	-4.451097e-06	1
1	rs144071868:929565:G:T	929565	16	-1.942769e-03	-4.420206e-05	1
1	rs144228847:1339724:C:T	1339724	5	-7.185042e-04	-1.680418e-05	1
1	rs144945384:1112307:C:T	1112307	1	3.769772e-04	8.775730e-06	1
1	rs145313947	1425753	1	-1.560382e-04	-3.638880e-06	1
1	rs145326937:1344482:A:G	1344482	13	-9.823278e-04	-2.275599e-05	1
1	rs145399149:1479186:C:A	1479186	3	-1.447136e-03	-3.387416e-05	1
1	rs145616017:914610:C:T	914610	15	9.890233e-04	2.317639e-05	1
1	rs145877170:1200202:C:T	1200202	10	-5.749072e-04	-1.338506e-05	1
1	rs146011697:1093514:G:A	1093514	9	9.616624e-05	2.235991e-06	1
1	rs146086079:1230030:G:A	1230030	6	-7.727076e-04	-1.799386e-05	1
1	rs146206869	1470807	0	-4.272248e-04	-9.951004e-06	1
1	rs146254088:935398:G:A	935398	14	4.565370e-04	1.062610e-05	1
1	rs146277091:752478:G:A	752478	13	-7.642799e-04	-1.768938e-05	1
1	rs146403839:1310769:C:T	1310769	3	-6.520940e-04	-1.520372e-05	1
1	rs146421901:1218334:G:A	1218334	7	-2.996366e-04	-6.915864e-06	1
1	rs146480127:1338324:C:T	1338324	12	-1.335507e-03	-3.107765e-05	1
1	rs146482883:1301642:A:G	1301642	3	-1.910484e-04	-4.451097e-06	1
1	rs146876336:1496641:T:G	1496641	8	-7.465876e-04	-1.744955e-05	1
1	rs147007260:1214153:G:A	1214153	4	-2.237787e-04	-5.161312e-06	1
1	rs147320830:1483733:T:C	1483733	2	-1.315899e-03	-3.071220e-05	1
1	rs147359526:1161756:G:T	1161756	11	6.234160e-04	1.408410e-05	1
1	rs147410092:1544450:G:A	1544450	10	2.914960e-03	6.597462e-05	1
1	rs147634896:799499:T:C	799499	16	-1.886584e-03	-4.417154e-05	1
1	rs147744890:1094655:C:T	1094655	3	4.890902e-04	1.130037e-05	1
1	rs147805614:1287250:C:G	1287250	3	4.764285e-04	1.108760e-05	1
1	rs147851093:1082334:A:G	1082334	3	8.631283e-04	2.000702e-05	1
1	rs147876340:1311168:G:C	1311168	6	-7.594587e-04	-1.751488e-05	1
1	rs147888107:1015087:T:G	1015087	16	1.000431e-03	2.343576e-05	1
1	rs147921662:1098266:C:T	1098266	5	7.232475e-04	1.677212e-05	1
1	rs147938056:1095081:C:G	1095081	3	5.799248e-04	1.341560e-05	1
1	rs148132814:867663:C:T	867663	7	-7.975059e-05	-1.860664e-06	1
1	rs148311129:1339727:G:T	1339727	12	-9.752939e-04	-2.259068e-05	1
1	rs148327885	878331	3	-1.854153e-04	-4.324965e-06	1
1	rs148574217:1444620:C:T	1444620	10	-3.984167e-04	-9.281100e-06	1
1	rs148754856:1168843:C:T	1168843	6	-4.707316e-04	-1.094820e-05	1
1	rs149187984:1425816:G:A	1425816	11	4.087139e-04	9.456809e-06	1
1	rs149195720:1344539:A:G	1344539	13	-9.823278e-04	-2.275598e-05	1
1	rs149229450:1059060:A:G	1059060	8	-3.217262e-04	-7.502434e-06	1
1	rs149441632:1357038:G:A	1357038	6	1.532993e-07	6.383510e-09	1
1	rs149550876:1302878:T:C	1302878	13	-2.025728e-04	-4.631997e-06	1
1	rs149680587:1085993:T:C	1085993	2	4.889826e-04	1.129784e-05	1
1	rs149737509:837657:G:C	837657	4	8.113436e-04	1.897414e-05	1
1	rs149886465:752617:C:A	752617	12	-7.580658e-04	-1.754451e-05	1
1	rs149960518:1202471:G:A	1202471	9	-5.460061e-04	-1.269456e-05	1
1	rs150014561:1484806:C:T	1484806	2	-1.315899e-03	-3.071219e-05	1
1	rs150194697	1309405	1	-6.194061e-04	-1.444948e-05	1
1	rs150199746:1450624:T:G	1450624	14	-4.523093e-04	-1.055836e-05	1
1	rs150468582:1086879:T:G	1086879	2	4.889826e-04	1.129784e-05	1
1	rs151152279:1090511:G:A	1090511	1	8.677845e-04	2.011592e-05	1
1	rs1536168:1241529:A:G	1241529	14	-8.385881e-06	-2.159205e-07	1
1	rs15842:948921:T:C	948921	9	-1.563516e-04	-3.584321e-06	1
1	rs1695853	1358748	4	-6.689133e-04	-1.528970e-05	1
1	rs17139966:1336678:G:A	1336678	16	-9.625009e-04	-2.230249e-05	1
1	rs17160669:1305561:C:T	1305561	4	-3.595199e-04	-7.960532e-06	1
1	rs17160826:1061115:T:C	1061115	12	8.403797e-05	1.872247e-06	1
1	rs17363048:1338973:A:G	1338973	1	-5.934584e-04	-1.316522e-05	1
1	rs1749951:1231656:G:A	1231656	14	-7.532087e-04	-1.748152e-05	1
1	rs1749952:1230689:C:T	1230689	6	-2.647903e-04	-6.008959e-06	1
1	rs1749953:1230408:A:C	1230408	6	-2.647903e-04	-6.008957e-06	1
1	rs17851391	1334475	1	1.855208e-04	4.264190e-06	1
1	rs180974244:1444075:C:T	1444075	12	-4.036149e-04	-9.402519e-06	1
1	rs181929025:1291085:C:T	1291085	8	-2.986966e-04	-6.882305e-06	1
1	rs182532:1287040:T:C	1287040	5	4.447192e-06	9.430076e-08	1
1	rs182701918:1261347:C:T	1261347	5	-5.090671e-04	-1.185371e-05	1
1	rs183005773:1294411:C:T	1294411	11	1.754206e-04	4.079560e-06	1
1	rs186792539:1509456:A:C	1509456	4	1.605266e-05	3.802128e-07	1
1	rs187261378:1215722:T:G	1215722	5	-4.270185e-04	-9.915124e-06	1
1	rs188547671:1233132:C:T	1233132	11	-3.427870e-04	-7.807715e-06	1
1	rs188647:1270329:A:G	1270329	4	-2.167577e-06	-5.895932e-08	1
1	rs1887284	1487059	0	-5.998818e-04	-1.381527e-05	1
1	rs1891904:1100319:C:A	1100319	15	-9.131329e-04	-2.089726e-05	1
1	rs1891905	1100217	0	-9.606484e-04	-2.188290e-05	1
1	rs1891910:932457:G:A	932457	9	1.170968e-03	2.605058e-05	1
1	rs190482382:1475801:C:T	1475801	8	-1.115495e-03	-2.603681e-05	1
1	rs191694597:1338858:G:A	1338858	5	-1.704516e-05	-3.941399e-07	1
1	rs1921	949608	2	5.312208e-04	1.134453e-05	1
1	rs192637693:1470464:C:T	1470464	9	-6.938268e-04	-1.614754e-05	1
1	rs192859203:1461041:G:A	1461041	5	-8.803059e-05	-2.052212e-06	1
1	rs192998324	862772	0	-1.319081e-04	-3.073058e-06	1
1	rs193156954:1088562:C:T	1088562	1	8.677845e-04	2.011592e-05	1
1	rs193194073:904989:T:G	904989	0	-1.776029e-04	-4.142724e-06	1
1	rs2001729:868113:G:A	868113	3	-5.062490e-04	-1.181450e-05	1
1	rs2005437:931730:A:G	931730	12	-8.487961e-04	-1.976585e-05	1
1	rs2031708:1486076:G:A	1486076	4	-3.572064e-04	-8.257438e-06	1
1	rs2031709:1485984:C:A	1485984	4	-3.572064e-04	-8.257437e-06	1
1	rs2064600:1220504:G:A	1220504	11	-9.927815e-04	-2.292012e-05	1
1	rs2094830:1126994:G:A	1126994	2	3.143595e-04	7.006781e-06	1
1	rs2228579:1223385:G:C	1223385	12	-5.989409e-04	-1.362928e-05	1
1	rs2229833:1226651:G:C	1226651	6	-5.083374e-04	-1.180591e-05	1
1	rs2245754:992327:C:T	992327	9	8.546426e-05	1.935035e-06	1
1	rs2260423:1314707:A:G	1314707	14	4.199002e-04	9.648530e-06	1
1	rs2260424:1314714:A:G	1314714	8	9.226427e-04	2.081602e-05	1
1	rs2274790:1132966:C:A	1132966	7	1.832055e-04	4.086020e-06	1
1	rs2274791	1132938	1	-3.283044e-04	-7.327522e-06	1
1	rs2274792:1132785:C:T	1132785	4	2.345632e-04	5.231958e-06	1
1	rs2275915	1342612	1	-1.745419e-03	-3.862150e-05	1
1	rs2296474:1246004:A:G	1246004	12	1.784036e-04	4.136192e-06	1
1	rs2296475:1237604:T:C	1237604	12	3.031583e-04	6.892204e-06	1
1	rs2297863:1177474:A:G	1177474	12	-1.190682e-05	-2.618341e-07	1
1	rs2297864:1177630:A:G	1177630	12	-1.190682e-05	-2.618335e-07	1
1	rs2298209:1146785:G:C	1146785	3	3.234287e-05	7.596922e-07	1
1	rs2298210:1146853:G:A	1146853	5	3.344024e-05	7.853338e-07	1
1	rs2298216	1064802	0	-2.473178e-03	-5.674466e-05	1
1	rs2313197:1299129:C:T	1299129	9	1.296879e-04	2.994594e-06	1
1	rs2313198:1299737:A:C	1299737	3	7.603893e-05	1.687819e-06	1
1	rs2340582:882803:A:G	882803	6	-1.688465e-04	-3.853706e-06	1
1	rs2340595:914192:G:C	914192	16	-3.251943e-04	-7.521654e-06	1
1	rs2340596	913889	0	1.314125e-04	2.785128e-06	1
1	rs2341354	918573	3	-1.259256e-04	-2.675924e-06	1
1	rs2341363:958731:A:G	958731	10	2.355115e-04	5.032959e-06	1
1	rs2368565:1315343:G:A	1315343	16	3.699577e-04	8.584588e-06	1
1	rs2368566:1315044:G:A	1315044	5	1.753435e-03	3.977370e-05	1
1	rs2454652:1315893:C:T	1315893	9	5.985481e-04	1.345379e-05	1
1	rs2454653:1314245:C:T	1314245	8	9.226427e-04	2.081600e-05	1
1	rs2454654:1313342:A:G	1313342	16	3.699577e-04	8.584584e-06	1
1	rs2465124:949235:G:A	949235	8	-3.626570e-04	-8.308895e-06	1
1	rs2465127:963721:T:C	963721	16	-1.356574e-04	-3.107471e-06	1
1	rs2465130	973458	0	6.023365e-05	1.357275e-06	1
1	rs2465131:974199:C:T	974199	4	-2.354620e-04	-5.369610e-06	1
1	rs2465132:974356:T:C	974356	4	-2.354620e-04	-5.369611e-06	1
1	rs2465133:974494:G:T	974494	4	-2.354620e-04	-5.369611e-06	1
1	rs2465134:974570:T:G	974570	4	-2.354620e-04	-5.369612e-06	1
1	rs2465135:974662:G:T	974662	8	-3.853678e-04	-8.828581e-06	1
1	rs2477776:1311378:T:A	1311378	5	1.753435e-03	3.977368e-05	1
1	rs2477777:1314172:C:T	1314172	8	9.226427e-04	2.081599e-05	1
1	rs2477781	1229680	1	-2.945154e-04	-6.759470e-06	1
1	rs2477784:1298537:C:T	1298537	5	7.784775e-04	1.753021e-05	1
1	rs2488993:973336:A:G	973336	4	-2.354620e-04	-5.369614e-06	1
1	rs2488994:973668:A:G	973668	4	-2.354620e-04	-5.369615e-06	1
1	rs2488995:974225:A:G	974225	4	-2.354620e-04	-5.369615e-06	1
1	rs2488996:974296:A:G	974296	4	-2.354620e-04	-5.369616e-06	1
1	rs2488997:974355:G:A	974355	4	-2.354620e-04	-5.369617e-06	1
1	rs2489000:937688:T:C	937688	16	-7.599559e-05	-1.752051e-06	1
1	rs2649585:1316674:C:T	1316674	9	1.560429e-03	3.529427e-05	1
1	rs2649587:1316170:G:A	1316170	7	1.382963e-03	3.116078e-05	1
1	rs2649588:1314015:C:T	1314015	8	9.226427e-04	2.081597e-05	1
1	rs2649589	1311716	3	2.092106e-03	4.779607e-05	1
1	rs2649591:1311472:G:A	1311472	5	1.753435e-03	3.977363e-05	1
1	rs2649592:1311078:G:T	1311078	7	9.569625e-04	2.159298e-05	1
1	rs2649593:1311022:C:T	1311022	10	3.560859e-04	7.883976e-06	1
1	rs2649594:1310975:C:T	1310975	6	1.823693e-03	4.144733e-05	1
1	rs2649598:1306558:T:C	1306558	13	4.480334e-04	1.039224e-05	1
1	rs2649608:1294928:A:G	1294928	7	2.288223e-05	5.212501e-07	1
1	rs2649611:1297216:A:G	1297216	9	3.006055e-04	6.921657e-06	1
1	rs2649612:1297635:G:A	1297635	6	9.129845e-05	2.104598e-06	1
1	rs2649613:1297723:A:G	1297723	6	9.129845e-05	2.104598e-06	1
1	rs2710869:938116:T:G	938116	14	-9.155618e-05	-2.112061e-06	1
1	rs2710872:990517:C:T	990517	10	2.913873e-04	6.609418e-06	1
1	rs2710875:977780:C:T	977780	10	7.374361e-04	1.652354e-05	1
1	rs2710876:977570:G:A	977570	11	6.274506e-04	1.404236e-05	1
1	rs2710881:931014:A:G	931014	11	-8.480687e-04	-1.974869e-05	1
1	rs2710883:971367:T:C	971367	8	-3.853678e-04	-8.828593e-06	1
1	rs2710884:969659:G:A	969659	10	1.247637e-03	2.708235e-05	1
1	rs2710885:991982:T:C	991982	12	2.017300e-05	4.543873e-07	1
1	rs2710886:992084:T:C	992084	9	8.546426e-05	1.935024e-06	1
1	rs2710887	986443	1	5.228254e-04	1.161649e-05	1
1	rs2710890	958905	0	5.487213e-04	1.172996e-05	1
1	rs2765015:1308982:A:G	1308982	16	1.778415e-04	4.123137e-06	1
1	rs2765017:1301633:C:T	1301633	9	1.317880e-04	3.043324e-06	1
1	rs2765019:1300022:T:C	1300022	8	1.280829e-04	2.957407e-06	1
1	rs2765021	1297422	1	1.210752e-03	2.738125e-05	1
1	rs2765023:1297065:C:T	1297065	10	-1.321970e-03	-2.951185e-05	1
1	rs2765024:1296818:C:G	1296818	6	9.129845e-05	2.104595e-06	1
1	rs2765025:1296691:C:G	1296691	7	2.288223e-05	5.212464e-07	1
1	rs2765027:1296153:T:G	1296153	7	2.288223e-05	5.212461e-07	1
1	rs2765029:1316670:C:G	1316670	10	7.783686e-04	1.754424e-05	1
1	rs2765031:1312132:T:C	1312132	7	9.569625e-04	2.159295e-05	1
1	rs2765032:1311434:T:A	1311434	14	5.229115e-04	1.214245e-05	1
1	rs2765033:1310924:T:C	1310924	14	5.229115e-04	1.214245e-05	1
1	rs2765035:1310074:C:G	1310074	12	9.799321e-04	2.238591e-05	1
1	rs2799055:971224:A:G	971224	5	-2.945039e-04	-6.716931e-06	1
1	rs2799058:938213:A:G	938213	14	-3.100882e-05	-7.094812e-07	1
1	rs2799062:931548:G:T	931548	9	1.280810e-03	2.853943e-05	1
1	rs2799066:977330:T:C	977330	3	-2.124826e-04	-4.842328e-06	1
1	rs2799069:950716:A:T	950716	11	-6.035496e-04	-1.392284e-05	1
1	rs2799070	949925	0	6.787263e-04	1.540034e-05	1
1	rs2799071:988503:A:T	988503	8	7.355934e-05	1.608430e-06	1
1	rs2799072	990773	2	4.068263e-04	9.112775e-06	1
1	rs2799073:990806:G:A	990806	9	-1.560044e-05	-3.604593e-07	1
1	rs2799074:992094:T:C	992094	9	8.546426e-05	1.935019e-06	1
1	rs28368296:1299366:C:T	1299366	13	9.293809e-05	2.030735e-06	1
1	rs28393498:896476:A:G	896476	5	-1.964618e-04	-4.472875e-06	1
1	rs2839:879687:T:C	879687	8	-2.388001e-04	-5.465062e-06	1
1	rs28418680:1343666:G:A	1343666	11	-8.472911e-04	-1.905135e-05	1
1	rs28433148:965278:T:C	965278	11	3.003041e-05	6.783376e-07	1
1	rs28434575:917492:C:T	917492	11	-1.105113e-03	-2.470650e-05	1
1	rs28460227:1122916:A:G	1122916	5	1.888486e-04	4.243138e-06	1
1	rs28469033	919127	2	6.183813e-04	1.361329e-05	1
1	rs28475060:1552574:G:A	1552574	2	2.293705e-04	5.304680e-06	1
1	rs28502067:1552097:G:A	1552097	1	9.200916e-04	2.136908e-05	1
1	rs28503348:1300578:C:T	1300578	1	1.692851e-04	3.749362e-06	1
1	rs28503729:1538518:C:G	1538518	12	2.324146e-04	5.407703e-06	1
1	rs28521172:861008:G:C	861008	12	2.002245e-03	4.657334e-05	1
1	rs28546565:1553498:G:A	1553498	13	3.167886e-03	7.256199e-05	1
1	rs28591569	959509	2	3.609174e-03	8.822361e-05	1
1	rs28601681:1554172:G:A	1554172	16	3.677869e-05	8.546822e-07	1
1	rs28613513:1112810:G:T	1112810	1	-8.077146e-04	-1.837723e-05	1
1	rs28623434:1553593:C:G	1553593	6	3.352668e-03	7.740633e-05	1
1	rs28624108:1547054:C:G	1547054	3	2.278465e-04	5.269471e-06	1
1	rs28625089:840327:G:A	840327	16	7.791918e-04	1.725077e-05	1
1	rs28648687:1122937:G:A	1122937	5	1.888486e-04	4.243137e-06	1
1	rs28670633	962720	2	1.130842e-03	2.551202e-05	1
1	rs28689170:1553668:T:C	1553668	2	2.293705e-04	5.304684e-06	1
1	rs28731045:836529:C:G	836529	15	8.070470e-04	1.785810e-05	1
1	rs28821228:1299278:C:T	1299278	13	9.293809e-05	2.030724e-06	1
1	rs28869591	920640	1	-1.338575e-03	-2.989575e-05	1
1	rs28876135:1319926:C:T	1319926	10	-4.509340e-04	-1.000581e-05	1
1	rs28890279:1300540:A:G	1300540	1	1.692851e-04	3.749373e-06	1
1	rs2905035:775659:A:G	775659	9	4.846047e-04	1.074509e-05	1
1	rs2980319:777122:A:T	777122	9	7.915594e-04	1.761294e-05	1
1	rs2985899:1300894:C:A	1300894	15	2.208555e-04	5.110065e-06	1
1	rs307351:1263457:T:C	1263457	7	3.748371e-04	8.689292e-06	1
1	rs307356:1282270:T:C	1282270	5	4.447192e-06	9.426483e-08	1
1	rs307357:1281345:C:T	1281345	16	6.660828e-04	1.500178e-05	1
1	rs307358:1280519:T:C	1280519	5	4.447192e-06	9.426316e-08	1
1	rs307361:1278237:T:C	1278237	5	4.447192e-06	9.426292e-08	1
1	rs307363:1276812:G:A	1276812	5	4.447192e-06	9.426267e-08	1
1	rs307369:1274242:A:G	1274242	4	-2.167577e-06	-5.899669e-08	1
1	rs307372:1272497:A:G	1272497	4	-2.167577e-06	-5.899693e-08	1
1	rs307373:1271175:A:G	1271175	4	-2.167577e-06	-5.899718e-08	1
1	rs307374:1270359:T:C	1270359	4	-2.167577e-06	-5.899743e-08	1
1	rs307377	1269554	0	2.251796e-05	5.137812e-07	1
1	rs307378:1268847:T:G	1268847	4	-2.167577e-06	-5.899787e-08	1
1	rs307379:1286967:A:G	1286967	10	-2.709814e-04	-6.300310e-06	1
1	rs307380:1287127:G:A	1287127	13	7.217511e-04	1.624990e-05	1
1	rs307381:1287449:T:A	1287449	5	4.447192e-06	9.425947e-08	1
1	rs3094315:752566:G:A	752566	13	1.482620e-03	3.313310e-05	1
1	rs3104610:1302555:C:T	1302555	9	1.403464e-04	3.244004e-06	1
1	rs3115850	761147	12	7.069611e-04	1.570875e-05	1
1	rs3118509	1494355	0	1.052848e-04	2.455199e-06	1
1	rs3121552:977203:G:C	977203	4	-4.318375e-04	-9.869318e-06	1
1	rs3121560	968226	1	7.830410e-04	1.684412e-05	1
1	rs3121564:992042:C:T	992042	14	1.523530e-04	3.452656e-06	1
1	rs3121565:945612:C:T	945612	10	-5.012450e-04	-1.149727e-05	1
1	rs3121566:945474:C:T	945474	6	-8.526481e-04	-1.979407e-05	1
1	rs3121567	943468	0	7.686050e-05	1.755192e-06	1
1	rs3121575:972134:C:T	972134	3	3.087382e-05	6.918478e-07	1
1	rs3121577:974180:G:T	974180	4	-2.354620e-04	-5.369641e-06	1
1	rs3121578:974894:C:T	974894	10	5.316455e-04	1.188492e-05	1
1	rs3121579:975133:T:A	975133	4	-7.969503e-05	-1.822722e-06	1
1	rs3128097:980460:G:A	980460	8	-3.926565e-04	-8.995625e-06	1
1	rs3128098:981087:A:G	981087	11	-7.558832e-05	-1.725539e-06	1
1	rs3128099:982444:A:G	982444	12	5.205856e-04	1.166975e-05	1
1	rs3128101:982513:T:C	982513	8	-4.005708e-04	-9.210915e-06	1
1	rs3128102:982941:T:C	982941	12	9.205305e-05	2.036804e-06	1
1	rs3128108:930329:C:T	930329	6	1.681699e-03	3.765708e-05	1
1	rs3128109	930377	1	1.513672e-03	3.374931e-05	1
1	rs3128112:932618:C:G	932618	12	-8.487961e-04	-1.976586e-05	1
1	rs3131954:758626:C:T	758626	14	1.312018e-03	2.940752e-05	1
1	rs3131962	756604	0	8.003827e-04	1.774824e-05	1
1	rs3131971:752894:T:C	752894	16	7.490957e-04	1.673706e-05	1
1	rs3131972	752721	0	1.378371e-03	3.046003e-05	1
1	rs34054191:1250957:G:A	1250957	9	-4.985070e-04	-1.155949e-05	1
1	rs34115518:1150448:T:C	1150448	14	3.606953e-04	8.177779e-06	1
1	rs34316807:1303254:A:T	1303254	1	1.692851e-04	3.749371e-06	1
1	rs34372380:1305201:C:T	1305201	4	-3.595199e-04	-7.960538e-06	1
1	rs34380086:1286897:G:C	1286897	13	7.217511e-04	1.624989e-05	1
1	rs34381538:1061602:G:A	1061602	11	5.411035e-04	1.218390e-05	1
1	rs34429643:1316247:A:G	1316247	9	-4.467029e-04	-9.896268e-06	1
1	rs34457386:1305964:G:C	1305964	4	1.286095e-04	2.843557e-06	1
1	rs34487973:1304662:G:A	1304662	3	-2.443090e-04	-5.405449e-06	1
1	rs34522599:1299946:T:C	1299946	1	-8.597572e-05	-1.899081e-06	1
1	rs34561762:1305007:T:C	1305007	6	-3.754652e-04	-8.315855e-06	1
1	rs34567656:1303677:C:T	1303677	2	1.869852e-04	4.141790e-06	1
1	rs34639471:1299662:T:G	1299662	1	1.692851e-04	3.749374e-06	1
1	rs34658689:1058635:G:A	1058635	6	2.968710e-04	6.661300e-06	1
1	rs34808604:1055653:C:G	1055653	9	3.348978e-04	7.521692e-06	1
1	rs34828044:1305121:C:T	1305121	7	-2.019625e-04	-4.477740e-06	1
1	rs34883051:1305066:T:C	1305066	6	-3.754652e-04	-8.315854e-06	1
1	rs34895099:1058889:G:A	1058889	6	1.480351e-04	3.308472e-06	1
1	rs34953014:1305096:G:C	1305096	7	-2.019625e-04	-4.477739e-06	1
1	rs35002855:928520:A:G	928520	14	-6.956358e-04	-1.611485e-05	1
1	rs35038461	1146339	2	-5.437879e-04	-1.264173e-05	1
1	rs35045511:1303374:C:A	1303374	7	-1.938075e-04	-4.286262e-06	1
1	rs35107976:1150037:T:C	1150037	14	-8.479556e-04	-1.955242e-05	1
1	rs35125219:1303299:C:T	1303299	2	-7.245115e-05	-1.599360e-06	1
1	rs35194784:1305810:T:C	1305810	4	1.286095e-04	2.843561e-06	1
1	rs35242196:1333598:C:A	1333598	1	-2.932213e-04	-6.503068e-06	1
1	rs35300397:1062034:G:A	1062034	11	4.446901e-04	9.999819e-06	1
1	rs35322744:1058904:C:T	1058904	16	9.609242e-04	2.249780e-05	1
1	rs35339498:1150211:G:A	1150211	15	6.322257e-04	1.440920e-05	1
1	rs35435148:1304787:G:A	1304787	4	-3.595199e-04	-7.960534e-06	1
1	rs35459109:1304389:T:C	1304389	6	-1.752340e-04	-3.875294e-06	1
1	rs35471880	881918	0	2.156487e-03	5.120653e-05	1
1	rs35566806:1305912:C:T	1305912	4	1.286095e-04	2.843562e-06	1
1	rs35599603:863843:C:T	863843	12	-1.536454e-03	-3.588198e-05	1
1	rs35626575:1146276:C:T	1146276	6	-1.170904e-03	-2.717053e-05	1
1	rs35642451:1300101:C:T	1300101	1	1.692851e-04	3.749378e-06	1
1	rs35659545:1150181:G:C	1150181	14	5.100963e-04	1.158453e-05	1
1	rs35704567:1058029:A:G	1058029	9	-1.754697e-05	-4.157315e-07	1
1	rs35705386:1295682:A:G	1295682	6	8.932594e-04	2.013867e-05	1
1	rs35710126:1304371:C:T	1304371	9	-2.937140e-04	-6.504088e-06	1
1	rs35716478:1303894:C:G	1303894	5	6.847596e-05	1.521109e-06	1
1	rs35737009:1149316:C:G	1149316	10	1.789226e-04	4.173190e-06	1
1	rs35742679:1299068:C:T	1299068	2	-1.863177e-04	-4.120747e-06	1
1	rs35745967:1309885:A:G	1309885	5	5.081351e-04	1.124688e-05	1
1	rs35791369:1150438:A:T	1150438	10	-8.693650e-04	-2.024718e-05	1
1	rs35823915:1061951:C:T	1061951	11	4.446901e-04	9.999815e-06	1
1	rs35854196:863863:G:A	863863	11	-1.979377e-03	-4.640071e-05	1
1	rs35940137	940203	0	-4.553455e-04	-1.052211e-05	1
1	rs35955667:1300074:T:C	1300074	1	1.692851e-04	3.749378e-06	1
1	rs36066545:1304143:G:A	1304143	2	-1.863177e-04	-4.120746e-06	1
1	rs36087904:1299260:A:G	1299260	1	1.692851e-04	3.749379e-06	1
1	rs367834221:1084990:G:A	1084990	3	4.795190e-04	1.107838e-05	1
1	rs368836064:1318265:A:G	1318265	6	-7.491028e-04	-1.727375e-05	1
1	rs369724700:1074431:A:T	1074431	8	-6.061101e-04	-1.416689e-05	1
1	rs371458725:770886:G:A	770886	9	-1.239596e-03	-2.817824e-05	1
1	rs372531941:752593:T:G	752593	12	-7.580658e-04	-1.754451e-05	1
1	rs3737723:1209539:C:A	1209539	11	-1.360303e-03	-3.117893e-05	1
1	rs3737727	1023145	0	1.375244e-03	3.109455e-05	1
1	rs3748588	911101	3	7.219834e-04	1.681949e-05	1
1	rs3748591:853805:C:T	853805	10	-9.871337e-04	-2.303596e-05	1
1	rs3748592	880238	2	-3.853682e-04	-8.785352e-06	1
1	rs3748593	880390	1	-4.820380e-04	-1.103526e-05	1
1	rs3748594:886384:G:A	886384	12	-5.132594e-04	-1.178075e-05	1
1	rs3748595:887560:A:C	887560	3	-2.303138e-04	-5.233255e-06	1
1	rs3748596:888639:T:C	888639	2	-2.285094e-04	-5.208632e-06	1
1	rs3748597	888659	0	-3.595033e-04	-8.190952e-06	1
1	rs3753330:1490627:T:A	1490627	1	1.475064e-04	3.158085e-06	1
1	rs3753331:1490232:T:C	1490232	1	1.475064e-04	3.158090e-06	1
1	rs3753332	1490161	0	1.407283e-04	3.013972e-06	1
1	rs3753340:1217058:G:A	1217058	14	-1.098276e-03	-2.552329e-05	1
1	rs3753342:1160856:T:C	1160856	9	9.279022e-04	2.098600e-05	1
1	rs3753343:1160809:T:C	1160809	6	8.935232e-04	2.021513e-05	1
1	rs3753344:1142150:G:A	1142150	16	-9.568242e-04	-2.196917e-05	1
1	rs3753349:1144058:C:T	1144058	8	-9.034634e-04	-2.092775e-05	1
1	rs3753350	1144196	0	-1.382669e-03	-3.201187e-05	1
1	rs375448418:1111633:A:G	1111633	5	-3.723573e-04	-8.432750e-06	1
1	rs3766170:1497008:T:C	1497008	10	6.262685e-05	1.355347e-06	1
1	rs3766176	1486903	0	2.028586e-03	4.518426e-05	1
1	rs3766177:1481348:T:C	1481348	12	2.339512e-03	5.264650e-05	1
1	rs3766183:1288471:C:T	1288471	14	1.459848e-03	3.311457e-05	1
1	rs3766185:1287922:G:A	1287922	14	7.446323e-04	1.677069e-05	1
1	rs3766186:1162435:C:A	1162435	8	6.165783e-04	1.388325e-05	1
1	rs3766188:1162281:G:A	1162281	8	7.697546e-04	1.740317e-05	1
1	rs3766189:1162272:C:T	1162272	10	5.124565e-04	1.155832e-05	1
1	rs3766191:1017587:C:T	1017587	12	1.661048e-03	3.783665e-05	1
1	rs3766192:1017197:C:T	1017197	16	1.007308e-03	2.150638e-05	1
1	rs3813193	998501	0	2.066678e-03	4.705585e-05	1
1	rs3813198:1158326:G:A	1158326	5	7.049517e-04	1.590606e-05	1
1	rs3813199:1158277:G:A	1158277	5	7.049517e-04	1.590606e-05	1
1	rs3813200:1151300:C:T	1151300	13	-1.010690e-03	-2.342769e-05	1
1	rs3813202:1150764:G:A	1150764	8	-8.725107e-04	-2.021779e-05	1
1	rs3818646:1191870:C:T	1191870	10	1.462199e-03	3.403888e-05	1
1	rs3828047:887801:A:G	887801	2	-2.285094e-04	-5.208633e-06	1
1	rs3828049	889238	3	8.268447e-04	1.902554e-05	1
1	rs3829740	909238	0	6.328609e-04	1.370693e-05	1
1	rs3855954:1266476:A:G	1266476	6	-9.537142e-05	-2.219310e-06	1
1	rs3863622:787606:G:T	787606	12	-4.690375e-04	-1.045046e-05	1
1	rs3889966:1279428:G:A	1279428	11	-2.126005e-04	-4.722376e-06	1
1	rs3930748:1489072:A:G	1489072	4	2.517641e-04	5.380444e-06	1
1	rs3933040:1264733:C:G	1264733	12	-7.494645e-04	-1.745685e-05	1
1	rs3934834	1005806	0	9.057182e-04	2.018659e-05	1
1	rs4040617	779322	0	-6.622111e-04	-1.471617e-05	1
1	rs4072537	1065296	1	-2.125127e-03	-4.734960e-05	1
1	rs4073176:1004957:G:A	1004957	4	4.970907e-04	1.055621e-05	1
1	rs4073177:1004980:G:A	1004980	4	4.970907e-04	1.055621e-05	1
1	rs4075116	1003629	0	1.523820e-03	3.303505e-05	1
1	rs4075469	1537176	1	3.679699e-03	8.555226e-05	1
1	rs4081335:1140504:T:C	1140504	12	-7.440628e-04	-1.706475e-05	1
1	rs41285804:892471:G:A	892471	4	-1.142501e-04	-2.651305e-06	1
1	rs41285808:898467:C:T	898467	10	3.515595e-04	8.056090e-06	1
1	rs41285824:1246303:G:A	1246303	1	7.768462e-04	1.810577e-05	1
1	rs41300088:1109193:G:A	1109193	8	7.860336e-05	1.830736e-06	1
1	rs41306990:1234955:C:T	1234955	3	1.013474e-03	2.371127e-05	1
1	rs41307037:1190207:C:T	1190207	12	-1.619382e-04	-3.741340e-06	1
1	rs4246502:1002932:C:G	1002932	8	1.156471e-03	2.525361e-05	1
1	rs4246503:884815:A:G	884815	3	1.792294e-04	4.086805e-06	1
1	rs4314833:1122024:T:C	1122024	0	3.753490e-04	8.366195e-06	1
1	rs4320726:1492526:C:T	1492526	7	-1.153336e-03	-2.681608e-05	1
1	rs4326571:1006990:G:A	1006990	11	1.102300e-03	2.403875e-05	1
1	rs4333796:1007432:G:A	1007432	8	1.833990e-04	3.888555e-06	1
1	rs4369171	1547566	1	-4.045584e-04	-9.273822e-06	1
1	rs4422948	835499	3	9.767245e-04	2.132400e-05	1
1	rs4449971:1126255:G:C	1126255	2	3.143595e-04	7.006801e-06	1
1	rs4498744:1304936:C:G	1304936	4	-3.595199e-04	-7.960526e-06	1
1	rs45578847:1169485:G:A	1169485	7	4.313057e-04	1.003085e-05	1
1	rs45591840:1169728:G:T	1169728	6	2.367622e-04	5.523672e-06	1
1	rs4578157:1126236:G:A	1126236	2	3.143595e-04	7.006801e-06	1
1	rs4596826:1298533:T:G	1298533	9	1.386482e-03	3.112041e-05	1
1	rs4615788:948870:C:G	948870	9	-1.563516e-04	-3.584371e-06	1
1	rs4634847	1122196	0	3.753490e-04	8.366196e-06	1
1	rs4648611	1550702	2	3.117333e-03	7.149260e-05	1
1	rs4951862:757936:C:A	757936	11	9.892964e-04	2.204726e-05	1
1	rs4951929:757734:C:T	757734	9	1.109825e-03	2.476217e-05	1
1	rs4970343:964840:T:C	964840	12	4.845506e-05	1.098685e-06	1
1	rs4970344:964848:A:T	964848	13	-2.927128e-05	-6.741058e-07	1
1	rs4970349	967658	5	-2.156953e-04	-4.573002e-06	1
1	rs4970353:1033999:C:T	1033999	16	2.830567e-03	6.316139e-05	1
1	rs4970354	1042927	0	1.142892e-04	2.512000e-06	1
1	rs4970355:1043053:A:G	1043053	2	9.228134e-05	2.025409e-06	1
1	rs4970356:1043262:T:C	1043262	2	9.228134e-05	2.025407e-06	1
1	rs4970358:1089262:A:G	1089262	10	-1.535831e-03	-3.630657e-05	1
1	rs4970365:1289911:G:A	1289911	11	6.953184e-04	1.564514e-05	1
1	rs4970371:893280:G:A	893280	6	-4.469478e-04	-1.023032e-05	1
1	rs4970375:886006:T:C	886006	3	1.792294e-04	4.086802e-06	1
1	rs4970376:885699:A:G	885699	3	1.792294e-04	4.086802e-06	1
1	rs4970377:885676:C:A	885676	5	2.400538e-04	5.433707e-06	1
1	rs4970380:853239:A:G	853239	13	5.441805e-04	1.201076e-05	1
1	rs4970382	840753	1	1.604555e-04	3.410467e-06	1
1	rs4970383	838555	0	2.563793e-03	5.805606e-05	1
1	rs4970401:1001177:G:C	1001177	12	1.516703e-03	3.310049e-05	1
1	rs4970405:1048955:A:G	1048955	13	1.660299e-04	3.728781e-06	1
1	rs4970406:1048989:A:G	1048989	6	-4.958534e-04	-1.113820e-05	1
1	rs4970409:1053452:G:A	1053452	7	3.926098e-04	8.823061e-06	1
1	rs4970410:1053670:G:A	1053670	12	6.170441e-04	1.371170e-05	1
1	rs4970411:1053724:A:G	1053724	12	8.250032e-04	1.837447e-05	1
1	rs4970412:1054893:T:C	1054893	12	6.170441e-04	1.371169e-05	1
1	rs4970418:918617:G:A	918617	9	-1.040326e-03	-2.323128e-05	1
1	rs4970422	1155757	0	-1.570322e-03	-3.586011e-05	1
1	rs4970430:1211927:C:T	1211927	12	-1.131598e-03	-2.584127e-05	1
1	rs4970431:1242215:A:G	1242215	16	6.651811e-04	1.544170e-05	1
1	rs4970434:900286:A:G	900286	14	-7.830479e-05	-1.787743e-06	1
1	rs4970439:1298411:C:T	1298411	5	7.784775e-04	1.753006e-05	1
1	rs4970440:1299603:G:A	1299603	12	-1.990720e-04	-4.544639e-06	1
1	rs4970441:897325:G:C	897325	16	3.257232e-04	7.368250e-06	1
1	rs4970443	1316887	0	-9.689780e-04	-2.236426e-05	1
1	rs4970444:1320764:G:A	1320764	16	1.060370e-03	2.405979e-05	1
1	rs4970446:1340696:T:C	1340696	14	-6.873827e-04	-1.546579e-05	1
1	rs4970450:1360105:G:A	1360105	14	-2.715437e-04	-6.292681e-06	1
1	rs4970452:885689:G:A	885689	5	-6.242927e-05	-1.424581e-06	1
1	rs4970459	858051	0	1.184294e-03	2.614233e-05	1
1	rs4970460:858040:C:A	858040	11	9.853812e-04	2.172624e-05	1
1	rs4970462:852758:G:C	852758	16	4.375735e-04	9.653771e-06	1
1	rs4970465:851499:A:G	851499	14	-6.995341e-04	-1.548281e-05	1
1	rs5010604:1109376:G:A	1109376	10	5.665750e-05	1.315833e-06	1
1	rs55678698	864490	0	-3.333916e-04	-7.680309e-06	1
1	rs55683245:1157372:G:A	1157372	7	8.235957e-04	1.862402e-05	1
1	rs55692389:920977:T:C	920977	6	-1.211694e-03	-2.708607e-05	1
1	rs55701216:1163355:T:C	1163355	8	1.080123e-03	2.451839e-05	1
1	rs55717744:1166177:G:C	1166177	9	1.101721e-03	2.506359e-05	1
1	rs55834051:1216195:C:A	1216195	10	-1.314679e-03	-3.006086e-05	1
1	rs55893507:1166075:G:A	1166075	9	1.101721e-03	2.506359e-05	1
1	rs56013947:1157340:A:G	1157340	7	8.235957e-04	1.862401e-05	1
1	rs56070543:1163449:T:C	1163449	9	9.009024e-04	2.041267e-05	1
1	rs56085214:1088865:T:C	1088865	10	6.952262e-04	1.591676e-05	1
1	rs56210437:1212795:C:A	1212795	14	-1.517713e-03	-3.450310e-05	1
1	rs56316126:1166205:C:T	1166205	9	1.101721e-03	2.506358e-05	1
1	rs56673092:1210848:G:A	1210848	10	-1.413586e-03	-3.241792e-05	1
1	rs56852924:1169973:G:A	1169973	6	2.367622e-04	5.523675e-06	1
1	rs57068258:1088908:T:C	1088908	10	5.926670e-04	1.358913e-05	1
1	rs57107904:1044424:T:C	1044424	4	2.630009e-04	5.806156e-06	1
1	rs57181708	809876	1	-1.220523e-03	-2.765016e-05	1
1	rs57323758:1050149:G:A	1050149	7	6.494450e-04	1.502895e-05	1
1	rs57356573:1144122:T:C	1144122	7	-9.396782e-04	-2.176526e-05	1
1	rs57414802	1054743	0	5.295151e-04	1.217983e-05	1
1	rs57816555:860854:T:C	860854	6	7.371893e-04	1.720892e-05	1
1	rs57834430:1215262:T:C	1215262	10	-2.179304e-04	-5.038265e-06	1
1	rs57924093:860521:C:A	860521	9	1.846235e-03	4.265421e-05	1
1	rs58004717	1133930	0	-1.531299e-03	-3.516459e-05	1
1	rs58013847:1036868:A:T	1036868	6	1.158663e-03	2.706364e-05	1
1	rs58087574:1054215:A:G	1054215	4	5.804490e-04	1.338195e-05	1
1	rs58352886:1199207:T:C	1199207	11	-6.638906e-04	-1.546072e-05	1
1	rs58537573:1054894:G:A	1054894	7	6.631245e-04	1.536312e-05	1
1	rs58737594:1135108:C:G	1135108	16	-1.141873e-03	-2.625046e-05	1
1	rs58753449:1054159:C:T	1054159	4	5.804490e-04	1.338195e-05	1
1	rs58980341:1135107:C:T	1135107	16	-1.141873e-03	-2.625045e-05	1
1	rs59027770:1054157:T:C	1054157	5	4.198937e-04	9.657608e-06	1
1	rs59036606:1044367:G:A	1044367	3	4.867524e-06	9.205597e-08	1
1	rs59168450:1468981:T:A	1468981	12	-2.905735e-04	-6.774761e-06	1
1	rs59525363:1054212:C:T	1054212	7	6.631245e-04	1.536312e-05	1
1	rs59574701:1130311:T:C	1130311	10	-1.786588e-03	-4.128933e-05	1
1	rs59928984:907622:G:C	907622	16	3.181016e-04	7.399664e-06	1
1	rs60075996:1134053:G:A	1134053	4	-1.755550e-03	-4.055577e-05	1
1	rs60358061:1213013:G:A	1213013	11	1.798820e-04	4.188285e-06	1
1	rs60397007:1195657:G:A	1195657	12	-1.619382e-04	-3.741327e-06	1
1	rs604618:1232319:G:A	1232319	10	-1.043750e-03	-2.329650e-05	1
1	rs60952966:1130200:G:A	1130200	10	-1.786588e-03	-4.128932e-05	1
1	rs60981775:1203387:G:A	1203387	10	1.523106e-04	3.547641e-06	1
1	rs61594194:1484922:A:G	1484922	2	-1.315899e-03	-3.071216e-05	1
1	rs61766176:1128331:G:T	1128331	1	3.202689e-04	7.138630e-06	1
1	rs61766177:1128429:G:A	1128429	1	3.202689e-04	7.138630e-06	1
1	rs61766178:1128521:C:T	1128521	4	7.401749e-04	1.610674e-05	1
1	rs61766214:1286821:G:C	1286821	13	7.217511e-04	1.624980e-05	1
1	rs61766242:1302408:A:G	1302408	10	1.438544e-04	3.325377e-06	1
1	rs61766325:1018021:G:A	1018021	9	-6.227492e-04	-1.450555e-05	1
1	rs61766340	1023114	0	-8.747233e-04	-2.033693e-05	1
1	rs61766343	1047266	1	-7.521851e-04	-1.748465e-05	1
1	rs61766344	1054091	0	-7.311028e-04	-1.708844e-05	1
1	rs61768182:775181:A:G	775181	9	-4.896173e-04	-1.091296e-05	1
1	rs61768202:786995:G:A	786995	16	-1.310891e-04	-2.909616e-06	1
1	rs61768212	801467	1	6.711591e-04	1.520672e-05	1
1	rs61768484:1122396:C:T	1122396	0	3.753490e-04	8.366197e-06	1
1	rs61768485:1124891:G:A	1124891	1	3.202689e-04	7.138627e-06	1
1	rs61768486:1127681:G:A	1127681	2	3.143595e-04	7.006802e-06	1
1	rs61768488:1127948:A:C	1127948	4	3.518825e-04	7.845363e-06	1
1	rs61768491:1127977:A:G	1127977	11	5.389107e-04	1.171304e-05	1
1	rs61769713:844300:C:G	844300	16	-8.423068e-04	-1.868695e-05	1
1	rs61774865:1507912:A:C	1507912	12	7.510907e-06	1.830725e-07	1
1	rs61774870	1525437	2	-1.174477e-03	-2.757445e-05	1
1	rs61777878	1425411	3	-7.445865e-04	-1.722294e-05	1
1	rs619608	1231507	0	-4.523558e-04	-1.027209e-05	1
1	rs62639985:909221:T:C	909221	9	7.727719e-04	1.803571e-05	1
1	rs6594026:782981:C:T	782981	14	-7.667660e-04	-1.705854e-05	1
1	rs6603783:1181751:T:C	1181751	8	2.971555e-04	6.683838e-06	1
1	rs6603791:1500941:A:G	1500941	9	-2.490006e-04	-5.273461e-06	1
1	rs6603793:1505255:C:T	1505255	10	-1.286059e-05	-2.503650e-07	1
1	rs6604964:1033596:T:C	1033596	9	8.003697e-04	1.764311e-05	1
1	rs6604965:1033626:C:G	1033626	12	9.627875e-04	2.138740e-05	1
1	rs6604966:1033670:T:C	1033670	9	8.003697e-04	1.764311e-05	1
1	rs6604967:1033680:T:A	1033680	9	8.003697e-04	1.764310e-05	1
1	rs6604968:1041700:A:G	1041700	3	7.543401e-05	1.652835e-06	1
1	rs6604969:1041786:T:C	1041786	3	7.543401e-05	1.652833e-06	1
1	rs6604971	1071192	0	-1.741819e-03	-3.999468e-05	1
1	rs6604983	1521595	0	-2.120996e-03	-4.914102e-05	1
1	rs6604985:1552755:T:C	1552755	5	3.327917e-03	7.675148e-05	1
1	rs6605058:917060:C:G	917060	13	-9.560400e-04	-2.217064e-05	1
1	rs6605069:893631:A:G	893631	14	-2.036393e-04	-4.640711e-06	1
1	rs66479107:1044087:G:A	1044087	15	3.555989e-05	7.743090e-07	1
1	rs66559562:1318273:G:A	1318273	14	1.464197e-04	3.261138e-06	1
1	rs6656379:1040824:T:C	1040824	4	2.560943e-05	5.524262e-07	1
1	rs6656541:1501064:T:G	1501064	9	-2.490006e-04	-5.273450e-06	1
1	rs6657440	850780	0	-8.889102e-04	-1.909471e-05	1
1	rs6658634:1051869:G:C	1051869	8	1.022898e-03	2.383848e-05	1
1	rs6659460	918270	0	-7.084696e-04	-1.572930e-05	1
1	rs6661531:890295:G:C	890295	12	-5.705042e-04	-1.310123e-05	1
1	rs66622470:1038088:G:C	1038088	4	1.450319e-04	3.194485e-06	1
1	rs6662635:1220425:A:G	1220425	15	-1.171290e-03	-2.713266e-05	1
1	rs6664124:1040472:C:T	1040472	3	6.184296e-05	1.353413e-06	1
1	rs6665587:927741:G:A	927741	13	1.197247e-03	2.666944e-05	1
1	rs6665791:1213936:G:A	1213936	13	-1.557836e-03	-3.539115e-05	1
1	rs6666280:1046164:C:T	1046164	2	9.228134e-05	2.025379e-06	1
1	rs6666293:1509825:A:G	1509825	15	-7.849273e-04	-1.676286e-05	1
1	rs6667347:1495083:G:C	1495083	16	-1.962941e-04	-4.186233e-06	1
1	rs6667923:1206343:C:A	1206343	15	-2.695895e-05	-5.918658e-07	1
1	rs6667998:1159540:G:A	1159540	12	-7.910825e-04	-1.814848e-05	1
1	rs6668223:1206619:C:A	1206619	11	-3.735331e-04	-8.661174e-06	1
1	rs6668667	1114668	1	-8.378647e-04	-1.907810e-05	1
1	rs6670941:1046162:A:G	1046162	6	1.158663e-03	2.706363e-05	1
1	rs6671356:1040026:T:C	1040026	3	6.184296e-05	1.353411e-06	1
1	rs6671424:1160665:G:A	1160665	9	8.107569e-04	1.831892e-05	1
1	rs6671609	1112982	1	-4.447487e-03	-1.100157e-04	1
1	rs6673257:1052108:A:G	1052108	8	6.235167e-04	1.443381e-05	1
1	rs6675798:1176597:T:C	1176597	14	8.629038e-05	1.949598e-06	1
1	rs6677020:920648:T:C	920648	14	-1.153691e-03	-2.677879e-05	1
1	rs6677131	920733	0	-1.855546e-04	-4.246098e-06	1
1	rs6678318:1030633:G:A	1030633	6	6.649684e-04	1.463082e-05	1
1	rs6680124:1521097:C:A	1521097	8	-1.501308e-03	-3.444447e-05	1
1	rs6680268:862383:C:T	862383	9	1.919128e-03	4.441727e-05	1
1	rs6683091:1053871:T:C	1053871	8	6.601426e-04	1.529369e-05	1
1	rs6685581	910438	0	-7.695022e-04	-1.784619e-05	1
1	rs66868065:1056348:G:A	1056348	15	6.543460e-04	1.458190e-05	1
1	rs6687563:1174954:T:C	1174954	11	1.182080e-03	2.689201e-05	1
1	rs6687681:1040794:G:A	1040794	4	3.128617e-04	6.920130e-06	1
1	rs6687776	1030565	1	6.717892e-04	1.476870e-05	1
1	rs6689308:1029805:A:G	1029805	11	6.613765e-04	1.456120e-05	1
1	rs6689813:1210963:T:C	1210963	13	-1.364430e-03	-3.090867e-05	1
1	rs6690067:1086773:A:G	1086773	11	4.624109e-04	1.057497e-05	1
1	rs6691649:1539582:G:A	1539582	13	3.023351e-03	6.886249e-05	1
1	rs6694487:1124819:C:T	1124819	3	3.059337e-04	6.891317e-06	1
1	rs6696609	903426	2	-6.606735e-04	-1.435617e-05	1
1	rs6696971	897738	0	2.326736e-04	5.267676e-06	1
1	rs6697379:1040985:C:G	1040985	3	6.184296e-05	1.353401e-06	1
1	rs6697886:1173611:G:A	1173611	16	2.030541e-04	4.512546e-06	1
1	rs6698368:1033994:C:T	1033994	9	8.003697e-04	1.764308e-05	1
1	rs6699750:1032954:A:G	1032954	8	5.558925e-04	1.220623e-05	1
1	rs6702072:1040940:A:C	1040940	3	6.184296e-05	1.353393e-06	1
1	rs67274836	884767	1	-9.621550e-05	-2.231211e-06	1
1	rs68142474	1010040	3	2.338034e-04	5.357362e-06	1
1	rs71509444:859404:C:G	859404	9	1.812911e-03	4.196855e-05	1
1	rs715643	1172907	0	-1.700681e-04	-3.914686e-06	1
1	rs71628924:876200:G:C	876200	6	-4.302932e-04	-1.002262e-05	1
1	rs71628926:900298:C:G	900298	12	-3.543588e-04	-8.242597e-06	1
1	rs71628928:1007222:G:T	1007222	11	1.857931e-03	4.254199e-05	1
1	rs71628940:1056269:C:T	1056269	8	1.145604e-05	2.363642e-07	1
1	rs71628941	1069653	0	-5.415389e-04	-1.182103e-05	1
1	rs71628956	1301388	2	1.344216e-04	2.978023e-06	1
1	rs72631889	851390	0	-1.219689e-04	-2.828443e-06	1
1	rs72631898	1116553	0	-1.878286e-04	-4.178509e-06	1
1	rs72631899	1181372	1	-8.268199e-04	-1.894515e-05	1
1	rs72631900:1197698:T:C	1197698	7	1.417712e-04	3.307226e-06	1
1	rs72634803	1270132	3	-2.484553e-04	-5.784411e-06	1
1	rs72634815	1549720	0	2.435457e-04	5.511464e-06	1
1	rs72890788:836924:G:A	836924	15	8.070470e-04	1.785801e-05	1
1	rs72892214:1048724:A:C	1048724	7	6.494450e-04	1.502895e-05	1
1	rs72892220:1050701:G:C	1050701	8	1.022898e-03	2.383848e-05	1
1	rs72892222:1051684:A:C	1051684	5	5.422386e-04	1.249224e-05	1
1	rs72892233:1056006:G:A	1056006	7	6.631245e-04	1.536311e-05	1
1	rs72894004	1109782	0	-7.149591e-04	-1.577560e-05	1
1	rs72894031:1135651:C:T	1135651	13	-6.350277e-04	-1.469157e-05	1
1	rs72894077	1196374	2	-9.599677e-04	-2.234425e-05	1
1	rs72896264:1302973:G:A	1302973	4	3.468207e-04	7.687671e-06	1
1	rs72902552:854429:G:A	854429	12	-9.412982e-04	-2.196778e-05	1
1	rs72910156:1036601:C:T	1036601	7	4.986533e-04	1.161397e-05	1
1	rs7364711:1503099:A:C	1503099	10	7.924327e-05	1.709320e-06	1
1	rs7366635:1490074:A:G	1490074	2	-2.335191e-04	-4.941860e-06	1
1	rs7367692:1503095:G:A	1503095	10	7.924327e-05	1.709331e-06	1
1	rs74045132:1091313:A:G	1091313	5	6.102216e-04	1.395322e-05	1
1	rs74045135:1091505:C:T	1091505	5	6.102216e-04	1.395322e-05	1
1	rs74045137:1091702:A:G	1091702	5	6.102216e-04	1.395322e-05	1
1	rs74045140:1091827:C:T	1091827	5	6.102216e-04	1.395322e-05	1
1	rs74045142	1092071	0	5.102758e-04	1.163007e-05	1
1	rs74045145:1092287:A:G	1092287	8	5.970298e-04	1.365085e-05	1
1	rs74045146:1092400:G:C	1092400	9	6.873586e-04	1.573523e-05	1
1	rs74045801:1549911:T:C	1549911	10	8.566952e-04	1.982668e-05	1
1	rs74046660:1210435:A:G	1210435	10	-1.413586e-03	-3.241789e-05	1
1	rs74046664:1215074:A:G	1215074	11	-1.839690e-03	-4.161945e-05	1
1	rs74046665:1215078:A:G	1215078	11	-1.839690e-03	-4.161944e-05	1
1	rs74047407	866938	0	1.335875e-03	2.951692e-05	1
1	rs74048009:1034721:T:C	1034721	11	1.054991e-03	2.339590e-05	1
1	rs74048016:1068280:C:G	1068280	12	1.241737e-04	2.879060e-06	1
1	rs7415847:1122319:C:T	1122319	0	3.753490e-04	8.366212e-06	1
1	rs7418389	1551927	1	3.139499e-03	7.190266e-05	1
1	rs74350546:1157960:T:C	1157960	5	8.037874e-04	1.815830e-05	1
1	rs74355107:1152601:A:G	1152601	10	-1.410307e-03	-3.291593e-05	1
1	rs74374908:1157625:C:T	1157625	10	9.334678e-04	2.115520e-05	1
1	rs74460547	836684	0	-1.024728e-04	-2.384317e-06	1
1	rs74535970:1057524:C:T	1057524	9	-1.373827e-04	-3.115264e-06	1
1	rs74564044	1239797	0	6.626608e-04	1.541822e-05	1
1	rs74735770:1549750:C:A	1549750	7	1.583219e-04	3.674039e-06	1
1	rs74758268:1120621:T:C	1120621	12	-3.908049e-04	-9.103490e-06	1
1	rs74808088:1158975:A:C	1158975	2	7.427031e-04	1.675306e-05	1
1	rs74865318:1055901:C:A	1055901	9	3.348978e-04	7.521612e-06	1
1	rs74930764:1157991:G:A	1157991	6	7.838676e-04	1.771031e-05	1
1	rs74950664	1215260	4	-8.142586e-05	-1.877134e-06	1
1	rs74977732:1057422:G:C	1057422	8	1.145604e-05	2.363577e-07	1
1	rs74989427:1119796:C:T	1119796	2	7.427273e-05	1.730485e-06	1
1	rs75111672:1520752:T:A	1520752	14	-1.492871e-03	-3.424921e-05	1
1	rs75124586:1157564:G:A	1157564	10	9.334678e-04	2.115519e-05	1
1	rs75135491:1057508:C:G	1057508	9	3.348978e-04	7.521608e-06	1
1	rs7515814:1484970:C:G	1484970	6	5.129894e-05	1.118337e-06	1
1	rs7515915:764191:T:G	764191	14	-6.618030e-04	-1.480289e-05	1
1	rs75165450:1160226:A:G	1160226	4	7.542966e-04	1.702358e-05	1
1	rs7518083	1509156	0	1.488596e-03	3.276639e-05	1
1	rs7518545:769963:G:A	769963	11	-1.074846e-03	-2.435653e-05	1
1	rs7518814:1048501:G:A	1048501	7	4.938856e-04	1.097033e-05	1
1	rs75188282:1164687:G:C	1164687	8	1.080123e-03	2.451834e-05	1
1	rs75189781:1206861:T:C	1206861	9	-5.726272e-04	-1.333165e-05	1
1	rs7519613:1218852:G:T	1218852	9	-4.422794e-04	-1.015634e-05	1
1	rs7519699:1218890:G:C	1218890	9	-8.158833e-04	-1.882461e-05	1
1	rs7520996:1509034:T:C	1509034	13	-9.566946e-04	-2.047217e-05	1
1	rs75219155:1111870:G:A	1111870	2	-8.301805e-05	-1.934494e-06	1
1	rs7523549:879317:C:T	879317	11	-5.899842e-04	-1.356349e-05	1
1	rs7528416:1171249:T:C	1171249	7	1.293283e-03	2.956510e-05	1
1	rs75315239:1513693:G:T	1513693	9	-1.052479e-03	-2.448655e-05	1
1	rs7534657:1048571:A:G	1048571	7	4.938856e-04	1.097033e-05	1
1	rs7536568	1171683	2	1.143890e-03	2.592594e-05	1
1	rs7538773	1094979	0	-2.813759e-03	-6.265690e-05	1
1	rs7538862:1056715:C:T	1056715	12	6.170441e-04	1.371166e-05	1
1	rs7540009:1060235:G:A	1060235	7	1.085178e-03	2.538848e-05	1
1	rs7543799:1501466:G:A	1501466	9	6.908433e-05	1.490956e-06	1
1	rs7545694:1122468:T:C	1122468	7	5.201730e-04	1.129839e-05	1
1	rs75469826:1190206:G:A	1190206	11	-4.017563e-05	-9.188271e-07	1
1	rs7547316:1215796:A:G	1215796	10	-2.179304e-04	-5.038244e-06	1
1	rs7547329:1215849:A:T	1215849	11	-2.103191e-04	-4.861633e-06	1
1	rs7547403:1064670:C:G	1064670	13	-1.158107e-03	-2.713622e-05	1
1	rs7547878:917315:G:A	917315	15	-1.922102e-03	-4.349881e-05	1
1	rs75511034:1010259:G:A	1010259	2	-2.956107e-04	-6.836446e-06	1
1	rs7552460:1213930:T:C	1213930	8	-2.259424e-04	-5.224190e-06	1
1	rs7552586:1504560:T:A	1504560	10	3.046173e-04	6.504294e-06	1
1	rs7553429:1090557:A:C	1090557	5	6.102216e-04	1.395322e-05	1
1	rs7554569	1537437	1	-4.583748e-03	-1.148587e-04	1
1	rs75551395:865219:G:A	865219	13	1.356043e-03	3.016649e-05	1
1	rs75661872:1097724:A:G	1097724	3	4.890902e-04	1.130037e-05	1
1	rs75668831	1182905	2	-2.295610e-05	-5.302079e-07	1
1	rs75680022:1081953:A:G	1081953	4	8.759367e-04	2.030709e-05	1
1	rs75790500:874034:G:A	874034	7	-5.466993e-04	-1.270173e-05	1
1	rs75855294:1210300:C:G	1210300	9	-1.472162e-04	-3.397140e-06	1
1	rs75873837:1093855:T:C	1093855	2	4.889826e-04	1.129784e-05	1
1	rs75967767:1158948:A:G	1158948	3	7.726513e-04	1.743571e-05	1
1	rs75998592:1156655:G:A	1156655	10	7.645405e-04	1.734133e-05	1
1	rs76024681:1165361:A:G	1165361	8	1.080123e-03	2.451832e-05	1
1	rs76053780:1152731:G:A	1152731	6	-1.115302e-03	-2.591472e-05	1
1	rs76056412:1157974:A:G	1157974	5	8.037874e-04	1.815826e-05	1
1	rs76134022:1083047:C:T	1083047	4	8.759367e-04	2.030709e-05	1
1	rs76233940	942636	0	3.320352e-04	7.739805e-06	1
1	rs76294260:870651:C:T	870651	10	-5.530314e-04	-1.285026e-05	1
1	rs76342560:1179983:G:A	1179983	6	-4.466200e-04	-1.004058e-05	1
1	rs76413434:1111962:G:A	1111962	3	6.815932e-04	1.590015e-05	1
1	rs76456117:887059:G:A	887059	12	-5.132594e-04	-1.178071e-05	1
1	rs76467416	967000	0	-2.330784e-04	-5.424033e-06	1
1	rs76502131:1157959:C:T	1157959	6	7.838676e-04	1.771028e-05	1
1	rs76537763:1092589:G:A	1092589	9	6.873586e-04	1.573523e-05	1
1	rs76631953:797281:G:C	797281	9	-1.753832e-03	-4.089814e-05	1
1	rs76662808:1301442:T:C	1301442	8	1.503881e-04	3.340490e-06	1
1	rs76723341:872952:C:T	872952	5	-5.076724e-04	-1.184782e-05	1
1	rs76744376:1055797:A:G	1055797	8	1.145604e-05	2.363486e-07	1
1	rs76798288:1152080:G:C	1152080	7	2.445810e-04	5.711881e-06	1
1	rs76888271:1158357:A:G	1158357	5	7.049517e-04	1.590598e-05	1
1	rs76964081:867635:C:T	867635	14	1.105696e-03	2.453543e-05	1
1	rs77051049	1119546	0	2.594593e-04	6.032174e-06	1
1	rs77063733:1111987:C:T	1111987	2	3.627025e-04	8.446799e-06	1
1	rs77098784:907998:A:T	907998	12	6.747733e-04	1.578977e-05	1
1	rs77277598	1105721	1	-1.377577e-03	-3.170670e-05	1
1	rs77293210:1241746:T:C	1241746	12	1.641360e-04	3.818524e-06	1
1	rs77334480	1027888	1	-2.746601e-04	-6.387101e-06	1
1	rs77359280:902288:G:A	902288	15	-8.264904e-06	-1.941297e-07	1
1	rs77446382:1083827:T:C	1083827	4	4.862668e-04	1.123496e-05	1
1	rs77472198	1159024	1	8.681465e-04	1.960645e-05	1
1	rs77550145:1177019:T:C	1177019	12	-1.190682e-05	-2.617713e-07	1
1	rs77579483	870766	1	-4.523337e-04	-1.054716e-05	1
1	rs77641120	1239847	0	1.344171e-03	3.149555e-05	1
1	rs77658544:1484462:C:G	1484462	2	-1.315899e-03	-3.071213e-05	1
1	rs77661767	1510724	0	-1.745944e-03	-4.095001e-05	1
1	rs77668548	1164538	4	-5.915489e-04	-1.354187e-05	1
1	rs77696650:1165725:A:G	1165725	8	1.080123e-03	2.451830e-05	1
1	rs77791262	1092205	1	7.100195e-04	1.642174e-05	1
1	rs77812103:1543593:G:C	1543593	7	9.615037e-04	2.243642e-05	1
1	rs77819818:1165471:T:C	1165471	8	1.080123e-03	2.451830e-05	1
1	rs77950429	1120536	0	-7.143106e-04	-1.656760e-05	1
1	rs77977351:1034200:T:C	1034200	9	8.003697e-04	1.764306e-05	1
1	rs77980035:1018598:A:G	1018598	3	-5.149964e-04	-1.192236e-05	1
1	rs77994686:1170982:C:A	1170982	14	7.949807e-04	1.803436e-05	1
1	rs78035253:1193852:T:C	1193852	10	-2.372927e-04	-5.532717e-06	1
1	rs78107697:1161866:C:T	1161866	13	7.425027e-04	1.680038e-05	1
1	rs78164078	921071	1	-2.369686e-04	-5.421936e-06	1
1	rs78275249:1302842:T:C	1302842	3	3.105228e-04	6.881033e-06	1
1	rs78344829:1084982:C:T	1084982	3	4.795190e-04	1.107838e-05	1
1	rs78446752:1183397:C:T	1183397	8	1.181454e-03	2.735612e-05	1
1	rs78479912	1151917	3	-5.386621e-04	-1.245375e-05	1
1	rs78548753:1163964:G:A	1163964	12	-9.502263e-04	-2.212561e-05	1
1	rs78555129	1178482	0	-2.818750e-06	-5.197273e-08	1
1	rs78596995:1157862:C:T	1157862	6	7.838676e-04	1.771025e-05	1
1	rs78656035	1555718	1	9.550079e-04	2.217739e-05	1
1	rs78717314:1124974:C:T	1124974	3	1.020513e-04	2.387060e-06	1
1	rs78734062:1085785:C:T	1085785	3	4.795190e-04	1.107838e-05	1
1	rs78913203:1161641:G:A	1161641	8	9.483834e-04	2.148060e-05	1
1	rs78919759:1446736:T:C	1446736	9	-6.759925e-04	-1.571402e-05	1
1	rs78975118:1092424:A:G	1092424	9	6.873586e-04	1.573522e-05	1
1	rs79028173:1159062:T:C	1159062	2	7.427031e-04	1.675298e-05	1
1	rs79079518:1534710:G:C	1534710	13	3.682277e-04	8.575749e-06	1
1	rs79118541:1157547:T:C	1157547	10	9.334678e-04	2.115513e-05	1
1	rs79211741:1034243:C:T	1034243	15	4.250263e-04	9.508794e-06	1
1	rs79225965:1501182:T:C	1501182	3	-1.329928e-03	-3.104709e-05	1
1	rs79242155:1160224:C:T	1160224	4	7.542966e-04	1.702351e-05	1
1	rs79251457:1094185:C:T	1094185	3	4.890902e-04	1.130036e-05	1
1	rs79281810:1157684:C:T	1157684	7	8.235957e-04	1.862391e-05	1
1	rs79295821	1110557	0	-6.524172e-04	-1.509096e-05	1
1	rs79339398:1157705:C:G	1157705	6	7.838676e-04	1.771023e-05	1
1	rs79361728:1156735:T:C	1156735	8	3.392708e-04	7.644925e-06	1
1	rs79361800:1177211:G:C	1177211	10	-2.487710e-04	-5.620603e-06	1
1	rs79366324:1557644:C:T	1557644	2	2.293705e-04	5.304685e-06	1
1	rs79367599:1158973:A:T	1158973	2	7.427031e-04	1.675296e-05	1
1	rs79429982:1513752:A:G	1513752	8	-1.177333e-03	-2.742684e-05	1
1	rs79471774:1303557:G:C	1303557	2	1.869852e-04	4.141813e-06	1
1	rs79493008:1165821:T:C	1165821	8	1.080123e-03	2.451826e-05	1
1	rs79543316:1084803:T:C	1084803	3	4.795190e-04	1.107837e-05	1
1	rs79561057:1157834:C:T	1157834	6	7.838676e-04	1.771022e-05	1
1	rs79585663:863138:A:C	863138	5	-7.477146e-04	-1.746590e-05	1
1	rs79596825:1216258:G:A	1216258	3	-2.910735e-04	-6.717341e-06	1
1	rs79648303:1112260:T:C	1112260	1	3.769772e-04	8.775719e-06	1
1	rs79774771:1170729:G:A	1170729	7	4.194921e-04	9.769085e-06	1
1	rs79797881:1199573:C:G	1199573	10	-1.573741e-04	-3.635430e-06	1
1	rs79875872:1157631:G:A	1157631	10	9.334678e-04	2.115510e-05	1
1	rs79890672:907609:T:C	907609	12	6.747733e-04	1.578978e-05	1
1	rs79893391:1164628:C:T	1164628	11	-8.581168e-04	-1.963311e-05	1
1	rs80025552:1214542:G:A	1214542	4	-2.237787e-04	-5.161220e-06	1
1	rs80042932:1144616:T:C	1144616	5	-1.184653e-03	-2.748203e-05	1
1	rs80057011:1121358:A:C	1121358	14	5.485998e-04	1.242483e-05	1
1	rs8014:990984:G:A	990984	10	2.921532e-04	6.629500e-06	1
1	rs80164470:1083056:G:A	1083056	3	8.631283e-04	2.000701e-05	1
1	rs80216842:1504671:G:C	1504671	5	-1.430419e-03	-3.339874e-05	1
1	rs80229541:1164540:G:T	1164540	8	1.080123e-03	2.451824e-05	1
1	rs80242057:1174263:G:A	1174263	3	8.583236e-04	1.949898e-05	1
1	rs80254000:1010118:C:A	1010118	2	-2.956107e-04	-6.836442e-06	1
1	rs8241:1431502:G:A	1431502	9	4.115045e-04	9.506871e-06	1
1	rs9329410:1039268:T:C	1039268	3	6.184296e-05	1.353384e-06	1
1	rs9331224:975702:A:G	975702	3	-2.700836e-04	-6.158448e-06	1
1	rs9439458	1451380	0	-6.022189e-04	-1.308859e-05	1
1	rs9439459:1451489:T:C	1451489	16	1.338459e-04	3.092821e-06	1
1	rs9439462	1462766	0	-1.231592e-03	-2.779886e-05	1
1	rs9439468:1499298:A:G	1499298	8	-2.591703e-04	-5.489697e-06	1
1	rs9442364:970215:G:C	970215	15	-1.719548e-04	-3.647972e-06	1
1	rs9442367:1009478:G:C	1009478	13	1.268836e-03	2.774462e-05	1
1	rs9442368:1010717:C:T	1010717	15	3.425812e-04	7.314428e-06	1
1	rs9442371:1018562:C:T	1018562	12	7.903275e-04	1.681744e-05	1
1	rs9442372	1018704	6	5.915449e-05	1.262343e-06	1
1	rs9442373	1062638	0	-6.665920e-04	-1.419617e-05	1
1	rs9442394	1006223	0	3.096509e-04	6.569010e-06	1
1	rs9442395:1018144:T:C	1018144	8	7.608919e-04	1.620885e-05	1
1	rs9442410:1553670:G:C	1553670	6	3.352668e-03	7.740608e-05	1
1	rs9442420:1543010:T:C	1543010	15	-5.161313e-04	-1.183612e-05	1
1	rs9442425:1554362:G:A	1554362	10	3.578450e-03	8.411132e-05	1
1	rs9442430:1548801:T:C	1548801	9	2.801984e-03	6.349545e-05	1
1	rs9442431:1548702:T:C	1548702	15	2.464627e-03	5.537564e-05	1
1	rs950122	846864	0	-7.766925e-04	-1.707907e-05	1
1	rs9651270:1031973:C:T	1031973	8	7.200292e-04	1.585588e-05	1
1	rs9651272:1032184:A:G	1032184	4	2.830255e-03	6.471796e-05	1
1	rs9651273	1031540	0	2.893645e-03	6.635398e-05	1
1	rs9659213:1129122:G:C	1129122	2	2.358635e-04	5.302819e-06	1
1	rs9659458:1127101:C:A	1127101	2	2.358635e-04	5.302816e-06	1
1	rs9659553:1154539:G:A	1154539	11	1.662471e-04	3.742331e-06	1
1	rs9659772:1130480:G:A	1130480	5	1.348491e-04	3.003123e-06	1
1	rs9659914:1062015:C:T	1062015	7	4.719784e-04	1.096173e-05	1
1	rs9660873:1131419:C:G	1131419	13	5.814009e-04	1.264466e-05	1
1	rs9697362:951322:C:T	951322	9	-1.153514e-04	-2.640813e-06	1
1	rs9697711:900972:T:G	900972	14	-1.956369e-04	-4.472199e-06	1
1	rs9697717:951330:G:A	951330	9	-1.153514e-04	-2.640813e-06	1
1	rs9726211:1551249:C:T	1551249	1	3.309600e-03	7.629637e-05	1
1	rs9727211:1130660:C:T	1130660	13	-1.391750e-03	-3.182941e-05	1
1	rs9727747:1134707:G:A	1134707	7	8.306854e-04	1.867032e-05	1
1	rs9777939:929190:A:G	929190	14	-6.956358e-04	-1.611485e-05	1
1	rs9803031	987200	0	6.697128e-04	1.487007e-05	1
