chr	rs	ps	n_miss	b	beta	gamma
9	rs10114171:139114308:T:C	139114308	5	2.039780e-05	5.241015e-07	1
9	rs10114897:139648654:C:A	139648654	2	-3.597782e-04	-9.010804e-06	1
9	rs10115243	139488892	1	4.703045e-04	1.144904e-05	1
9	rs10116408:139488736:A:G	139488736	15	3.753875e-05	9.708455e-07	1
9	rs10116416:139472921:G:A	139472921	9	8.008510e-04	2.008453e-05	1
9	rs10116418:139472942:G:C	139472942	9	8.008510e-04	2.008453e-05	1
9	rs10116850:139770837:A:G	139770837	3	-9.811280e-05	-2.383630e-06	1
9	rs10117333	139099451	0	4.181810e-04	1.077146e-05	1
9	rs10118413:139626549:A:G	139626549	15	-1.118549e-04	-2.848357e-06	1
9	rs10118736:139633733:C:T	139633733	7	-5.443443e-05	-1.344322e-06	1
9	rs10119096:139801932:T:C	139801932	0	8.897441e-05	2.165452e-06	1
9	rs10119205:139626644:T:A	139626644	13	-2.506978e-04	-6.422597e-06	1
9	rs10120027:139472283:T:C	139472283	9	8.008510e-04	2.008453e-05	1
9	rs10121646	139257287	2	5.870360e-07	1.519896e-08	1
9	rs10122824:139109861:T:G	139109861	13	-8.594300e-04	-2.137765e-05	1
9	rs10283441:139817142:A:G	139817142	12	7.021573e-04	1.713766e-05	1
9	rs10283820:139817010:G:A	139817010	8	7.124565e-04	1.738785e-05	1
9	rs10283881:139643543:T:C	139643543	13	-8.792566e-05	-2.183380e-06	1
9	rs1055995	139690840	1	1.697183e-04	4.051144e-06	1
9	rs10706:139301414:G:C	139301414	9	-2.114691e-04	-5.253640e-06	1
9	rs10735656	139458023	0	3.472012e-04	8.834734e-06	1
9	rs10735659:139798817:C:T	139798817	1	7.730946e-05	1.881630e-06	1
9	rs10747029	139534703	0	3.161735e-04	7.776696e-06	1
9	rs10747030:139536752:T:C	139536752	10	-8.012719e-05	-2.074242e-06	1
9	rs10747032:139653412:C:T	139653412	2	-2.190291e-04	-5.224380e-06	1
9	rs10747033:139653413:A:G	139653413	2	-2.190291e-04	-5.224375e-06	1
9	rs10747034:139653452:T:C	139653452	2	-2.190291e-04	-5.224370e-06	1
9	rs10747035	139653464	0	-2.220791e-04	-5.297700e-06	1
9	rs10747036:139764067:T:G	139764067	8	-9.120151e-05	-2.218391e-06	1
9	rs10747037:139774381:T:A	139774381	10	-1.044990e-05	-2.535822e-07	1
9	rs10747038:139775934:C:T	139775934	5	-4.537364e-06	-1.103990e-07	1
9	rs10747039:139780499:G:A	139780499	12	1.582571e-04	3.861055e-06	1
9	rs10747043:139318310:G:A	139318310	11	3.781397e-04	9.258754e-06	1
9	rs10747044:139319129:G:T	139319129	11	5.600166e-04	1.383612e-05	1
9	rs10781495:139349722:C:T	139349722	3	-2.378768e-04	-5.944015e-06	1
9	rs10781497:139371234:G:A	139371234	1	-2.318758e-04	-5.788220e-06	1
9	rs10781499	139266405	1	5.466103e-04	1.319037e-05	1
9	rs10781500	139269338	3	7.252029e-04	1.773873e-05	1
9	rs10781502:139454544:G:A	139454544	16	7.042909e-05	1.817041e-06	1
9	rs10781503:139462337:T:C	139462337	16	2.163496e-04	5.536069e-06	1
9	rs10781505:139271355:T:C	139271355	4	4.831186e-04	1.160048e-05	1
9	rs10781506:139271461:C:T	139271461	5	5.390447e-04	1.330486e-05	1
9	rs10781507:139272058:A:G	139272058	4	6.518461e-04	1.584811e-05	1
9	rs10781510	139279173	0	6.450059e-04	1.568947e-05	1
9	rs10781511:139280766:G:A	139280766	4	5.019819e-04	1.236415e-05	1
9	rs10781512	139600559	1	5.310643e-04	1.295087e-05	1
9	rs10781517:139760041:T:C	139760041	14	-3.675003e-04	-9.016891e-06	1
9	rs10781518:139300547:A:G	139300547	11	3.954007e-04	9.474769e-06	1
9	rs10781519:139774572:T:C	139774572	4	-9.780713e-05	-2.376680e-06	1
9	rs10781520:139779462:G:A	139779462	13	1.493804e-04	3.643608e-06	1
9	rs10781521:139798952:C:T	139798952	0	8.897441e-05	2.165454e-06	1
9	rs10781523	139816880	4	-6.647644e-04	-1.606413e-05	1
9	rs10781540:139321836:G:A	139321836	15	-3.246126e-04	-7.774731e-06	1
9	rs10781542:139327439:A:G	139327439	14	-3.809493e-04	-9.148354e-06	1
9	rs10858246:139102831:G:C	139102831	12	6.349857e-05	1.557288e-06	1
9	rs10858249	139109526	0	-1.149216e-03	-2.931373e-05	1
9	rs10870065:139352946:C:G	139352946	16	-4.420901e-04	-1.066098e-05	1
9	rs10870066:139352993:T:C	139352993	2	-2.406992e-04	-6.011551e-06	1
9	rs10870067:139357279:G:A	139357279	2	-1.919582e-04	-4.789640e-06	1
9	rs10870068:139359916:A:C	139359916	2	-2.406992e-04	-6.011549e-06	1
9	rs10870069:139372452:A:G	139372452	1	-2.318758e-04	-5.788222e-06	1
9	rs10870070:139374952:C:A	139374952	3	-4.376071e-04	-1.090645e-05	1
9	rs10870071:139382184:T:C	139382184	2	-6.207804e-04	-1.508465e-05	1
9	rs10870072:139383242:C:T	139383242	4	-2.440478e-04	-6.046451e-06	1
9	rs10870073:139384068:A:G	139384068	8	-5.901358e-04	-1.483661e-05	1
9	rs10870074:139384414:A:G	139384414	8	-2.701004e-04	-6.701672e-06	1
9	rs10870075:139385091:T:C	139385091	15	-2.249490e-04	-5.579776e-06	1
9	rs10870076:139385438:G:A	139385438	9	-3.366529e-04	-8.453165e-06	1
9	rs10870077:139263891:C:G	139263891	4	5.680520e-04	1.373937e-05	1
9	rs10870081	139444563	1	3.272404e-04	8.464214e-06	1
9	rs10870088:139477521:T:C	139477521	10	5.868864e-04	1.449285e-05	1
9	rs10870090:139477719:A:G	139477719	16	8.866893e-04	2.244156e-05	1
9	rs10870091:139478900:C:A	139478900	15	1.829582e-04	4.426739e-06	1
9	rs10870092:139479022:A:C	139479022	8	6.715086e-04	1.664767e-05	1
9	rs10870096	139502321	3	-9.518077e-04	-2.370069e-05	1
9	rs10870110	139589381	0	-9.550102e-04	-2.495404e-05	1
9	rs10870113:139284790:A:G	139284790	3	6.673646e-04	1.626034e-05	1
9	rs10870116:139287674:G:A	139287674	7	5.303152e-04	1.309209e-05	1
9	rs10870117:139637087:T:C	139637087	6	9.782616e-05	2.405476e-06	1
9	rs10870118:139643273:C:T	139643273	5	-8.211280e-05	-2.029535e-06	1
9	rs10870119:139653176:A:G	139653176	2	-2.190291e-04	-5.224359e-06	1
9	rs10870120:139654762:G:T	139654762	2	-1.385308e-04	-3.292701e-06	1
9	rs10870121:139655210:A:C	139655210	8	-7.920409e-04	-1.979875e-05	1
9	rs10870125	139253068	5	5.432881e-04	1.381248e-05	1
9	rs10870133:139760917:A:G	139760917	14	-3.012824e-04	-7.376083e-06	1
9	rs10870134:139302858:A:G	139302858	15	-3.427515e-04	-8.667243e-06	1
9	rs10870135:139302898:T:C	139302898	14	-4.297094e-04	-1.067883e-05	1
9	rs10870137:139302946:C:T	139302946	7	-2.702819e-04	-6.718219e-06	1
9	rs10870138:139303049:C:A	139303049	14	-3.125267e-04	-7.726180e-06	1
9	rs10870139:139303269:G:A	139303269	14	3.307715e-04	8.104472e-06	1
9	rs10870140:139796419:T:C	139796419	2	7.448093e-05	1.811057e-06	1
9	rs10870141:139796639:G:A	139796639	2	3.061630e-05	7.445448e-07	1
9	rs10870144:139306467:C:T	139306467	3	-2.734869e-04	-6.783741e-06	1
9	rs10870146:139308054:G:A	139308054	8	-9.597154e-05	-2.287578e-06	1
9	rs10870147:139308283:G:T	139308283	2	-2.468359e-04	-6.116148e-06	1
9	rs10870149:139254897:G:A	139254897	10	-1.273679e-04	-3.056675e-06	1
9	rs10870151:139309584:G:A	139309584	13	5.023179e-04	1.237327e-05	1
9	rs10870160:139312996:C:T	139312996	10	4.534163e-04	1.113693e-05	1
9	rs10870163:139315594:G:A	139315594	8	1.314503e-04	3.202873e-06	1
9	rs10870164	139315682	0	-7.355263e-05	-1.752834e-06	1
9	rs10870165:139316601:C:T	139316601	10	5.667037e-04	1.369196e-05	1
9	rs10870166:139316916:G:C	139316916	9	4.153102e-04	1.018217e-05	1
9	rs10870167:139317067:G:A	139317067	1	-1.976267e-04	-4.889019e-06	1
9	rs10870168:139318080:G:A	139318080	4	1.165581e-04	3.002521e-06	1
9	rs10870171:139318530:C:T	139318530	12	3.287738e-04	8.035528e-06	1
9	rs10870172:139319469:G:A	139319469	13	1.919962e-05	4.611489e-07	1
9	rs10870184:139325191:G:A	139325191	4	-2.250686e-04	-5.631691e-06	1
9	rs10870188:139326304:G:A	139326304	4	-2.250686e-04	-5.631691e-06	1
9	rs10870193:139326816:C:T	139326816	6	-2.461239e-04	-6.164534e-06	1
9	rs10870194:139327034:A:G	139327034	13	-2.837089e-04	-6.790199e-06	1
9	rs10870197:139328223:C:A	139328223	9	-2.300299e-04	-5.760158e-06	1
9	rs10870199:139328551:T:C	139328551	6	-2.707670e-04	-6.784338e-06	1
9	rs10870203:139338627:G:A	139338627	5	-2.477534e-04	-6.197871e-06	1
9	rs1108607	139648721	1	-8.962736e-04	-2.215646e-05	1
9	rs1110126:139444637:G:A	139444637	16	2.054839e-04	5.256874e-06	1
9	rs11103388:139107925:G:A	139107925	8	-2.311446e-04	-5.648304e-06	1
9	rs111260940:139673858:T:C	139673858	7	1.579766e-04	3.870540e-06	1
9	rs111381338:139384654:T:C	139384654	11	-5.618810e-04	-1.411332e-05	1
9	rs111413675:139334300:G:A	139334300	0	-2.338713e-04	-5.837957e-06	1
9	rs11145753:139358059:G:A	139358059	1	-2.142066e-04	-5.345936e-06	1
9	rs11145754:139358412:C:T	139358412	4	-2.075733e-05	-5.356875e-07	1
9	rs11145755:139362455:A:G	139362455	3	-2.529887e-04	-6.320909e-06	1
9	rs11145760:139382594:G:A	139382594	8	-3.391115e-04	-8.143796e-06	1
9	rs11145761:139384515:A:G	139384515	5	-5.903583e-04	-1.494326e-05	1
9	rs11145763:139263596:A:C	139263596	6	5.286513e-04	1.276319e-05	1
9	rs11145764	139400406	1	3.333936e-04	7.990601e-06	1
9	rs11145765:139403280:C:T	139403280	11	4.855496e-04	1.249931e-05	1
9	rs11145766	139404895	1	5.422077e-04	1.394219e-05	1
9	rs11145769:139265870:G:A	139265870	1	4.097407e-04	1.063618e-05	1
9	rs11145776:139251006:G:A	139251006	3	4.418395e-04	1.149308e-05	1
9	rs11145793:139274523:G:A	139274523	5	4.596354e-04	1.130165e-05	1
9	rs11145797:139275032:G:A	139275032	6	1.451897e-04	3.597596e-06	1
9	rs11145806	139518167	3	-7.914052e-04	-1.951857e-05	1
9	rs11145821:139555089:A:G	139555089	7	1.597707e-04	4.020269e-06	1
9	rs11145824:139280631:C:T	139280631	4	1.896545e-04	4.702859e-06	1
9	rs11145826:139281312:C:G	139281312	4	5.019819e-04	1.236411e-05	1
9	rs11145834:139284382:G:C	139284382	8	4.778672e-05	1.203040e-06	1
9	rs11145835:139284452:A:G	139284452	4	-2.046095e-04	-5.135935e-06	1
9	rs11145839:139285137:A:C	139285137	11	6.171352e-04	1.494150e-05	1
9	rs11145843:139612795:T:C	139612795	14	-7.701225e-04	-1.888699e-05	1
9	rs11145844:139613998:C:T	139613998	10	-2.130234e-04	-5.403327e-06	1
9	rs11145846:139285655:A:G	139285655	0	4.106776e-04	1.066091e-05	1
9	rs11145848:139620966:C:T	139620966	9	-2.279943e-04	-5.781444e-06	1
9	rs11145849:139286245:T:G	139286245	13	1.192647e-04	2.952990e-06	1
9	rs11145852:139628751:G:A	139628751	6	5.384598e-05	1.322506e-06	1
9	rs11145853:139628779:A:T	139628779	8	-2.425594e-04	-6.011933e-06	1
9	rs11145854:139632294:C:T	139632294	4	3.891688e-05	9.553313e-07	1
9	rs11145857:139633611:A:C	139633611	5	-1.011448e-04	-2.498563e-06	1
9	rs11145861:139288376:G:A	139288376	4	-2.460025e-04	-6.176393e-06	1
9	rs11145862:139645378:T:A	139645378	12	-6.177152e-04	-1.497941e-05	1
9	rs11145863:139288692:T:C	139288692	2	-2.182988e-04	-5.477313e-06	1
9	rs11145866:139650903:A:G	139650903	10	2.321097e-05	6.009037e-07	1
9	rs11145867:139653055:C:T	139653055	10	-3.776847e-04	-9.067949e-06	1
9	rs11145874:139290011:G:A	139290011	2	6.786370e-04	1.653708e-05	1
9	rs11145889:139293843:A:G	139293843	10	4.863725e-04	1.197951e-05	1
9	rs11145890:139293851:C:G	139293851	10	4.863725e-04	1.197951e-05	1
9	rs11145891:139293912:T:C	139293912	10	4.863725e-04	1.197951e-05	1
9	rs11145904:139297946:A:C	139297946	10	-4.771146e-04	-1.198624e-05	1
9	rs11145907:139763503:C:G	139763503	5	-1.683497e-04	-4.363290e-06	1
9	rs11145910:139300494:T:C	139300494	12	4.254280e-04	1.046288e-05	1
9	rs11145913:139774853:C:T	139774853	7	-7.359853e-06	-1.784166e-07	1
9	rs11145915:139302049:A:T	139302049	13	-5.015637e-04	-1.251296e-05	1
9	rs11145918:139782799:C:G	139782799	6	1.445876e-04	3.524061e-06	1
9	rs11145922:139254317:G:A	139254317	5	3.906143e-04	9.850911e-06	1
9	rs11145930:139304016:C:T	139304016	12	2.125642e-04	5.116355e-06	1
9	rs11145932:139305686:G:A	139305686	2	3.325274e-04	8.609615e-06	1
9	rs11145933:139305940:G:T	139305940	3	-2.734869e-04	-6.783732e-06	1
9	rs11145937:139254805:G:A	139254805	3	-2.295326e-06	-5.736626e-08	1
9	rs11145939:139308437:A:G	139308437	2	-2.468359e-04	-6.116138e-06	1
9	rs11145958:139255073:G:A	139255073	1	4.425523e-04	1.151195e-05	1
9	rs11145960:139311284:A:G	139311284	3	2.804742e-04	7.252470e-06	1
9	rs11145962:139311946:A:G	139311946	2	-2.468359e-04	-6.116137e-06	1
9	rs11145967	139312972	1	6.259388e-05	1.569111e-06	1
9	rs11145971:139314625:T:G	139314625	12	1.205089e-04	2.944963e-06	1
9	rs11145972:139316459:C:T	139316459	3	2.804742e-04	7.252470e-06	1
9	rs11145974:139316744:C:T	139316744	11	1.434602e-05	3.426769e-07	1
9	rs11145982:139319550:G:A	139319550	4	1.812554e-04	4.675657e-06	1
9	rs11145983	139319682	0	-1.060621e-04	-2.615601e-06	1
9	rs11145986:139319847:A:G	139319847	15	2.142009e-04	5.215218e-06	1
9	rs11145988	139321545	1	2.350144e-04	5.921608e-06	1
9	rs11146021:139327858:G:A	139327858	6	-2.484522e-04	-6.063238e-06	1
9	rs11146028:139343795:C:T	139343795	1	-2.142066e-04	-5.345931e-06	1
9	rs11146030:139347778:A:G	139347778	2	-2.113539e-04	-5.274616e-06	1
9	rs111483387:139281499:G:A	139281499	6	-2.422034e-04	-6.271039e-06	1
9	rs111497672:139463083:C:T	139463083	13	4.748412e-04	1.240278e-05	1
9	rs111570257:139282507:G:A	139282507	8	-1.571416e-04	-4.052282e-06	1
9	rs111664582	139145188	2	-2.507191e-04	-6.426258e-06	1
9	rs111871554:139673886:A:T	139673886	7	1.579766e-04	3.870535e-06	1
9	rs112059024:139147577:G:A	139147577	7	-1.548184e-04	-3.972470e-06	1
9	rs112087244:139673532:A:G	139673532	8	1.817605e-04	4.456270e-06	1
9	rs112122274:139149840:A:G	139149840	16	-1.625338e-04	-4.179455e-06	1
9	rs112157250:139673910:A:C	139673910	7	1.579766e-04	3.870534e-06	1
9	rs112225532:139285505:T:C	139285505	2	-2.182988e-04	-5.477308e-06	1
9	rs112230941:139145727:C:T	139145727	7	-1.655015e-04	-4.249645e-06	1
9	rs112589028:139621843:C:A	139621843	13	-4.975270e-05	-1.253433e-06	1
9	rs112629651:139302954:T:C	139302954	9	-8.059815e-05	-2.072425e-06	1
9	rs112689381:139416589:C:A	139416589	8	1.429528e-04	3.711310e-06	1
9	rs1127152:139335599:A:G	139335599	15	-7.678546e-04	-1.882175e-05	1
9	rs1127162	139335206	2	-2.329791e-04	-5.816253e-06	1
9	rs1128874:139323424:T:C	139323424	12	-4.407231e-04	-1.060227e-05	1
9	rs1128877:139323201:A:G	139323201	5	-2.702867e-04	-6.771661e-06	1
9	rs1128905:139253839:T:C	139253839	11	-1.452326e-04	-3.487192e-06	1
9	rs112932224:139673898:T:C	139673898	7	1.579766e-04	3.870533e-06	1
9	rs113033008:139311970:G:A	139311970	3	2.804742e-04	7.252469e-06	1
9	rs1130635:139317869:T:C	139317869	9	4.153102e-04	1.018213e-05	1
9	rs1130640:139317979:C:T	139317979	8	1.314503e-04	3.202834e-06	1
9	rs113077382:139327957:C:T	139327957	8	-6.561041e-05	-1.677227e-06	1
9	rs113135208:139650582:A:G	139650582	5	-2.266546e-04	-5.646380e-06	1
9	rs113154344:139429558:C:T	139429558	5	1.796320e-04	4.663590e-06	1
9	rs113189561	139098942	0	-2.880157e-04	-7.453741e-06	1
9	rs1131992:139298580:C:T	139298580	1	-1.933472e-04	-4.848386e-06	1
9	rs1132005:139296927:T:C	139296927	9	4.072342e-04	9.762417e-06	1
9	rs113250068:139147204:C:A	139147204	7	-4.982310e-06	-1.254494e-07	1
9	rs113286751:139461643:C:T	139461643	8	4.733508e-04	1.236289e-05	1
9	rs113290997:139285350:G:C	139285350	4	1.642437e-04	4.070159e-06	1
9	rs113309419:139145062:T:C	139145062	5	-4.930068e-05	-1.260628e-06	1
9	rs113348562	139228229	0	3.320574e-04	8.587254e-06	1
9	rs113446810:139614930:C:G	139614930	10	-7.650228e-05	-1.929130e-06	1
9	rs113618254:139650654:A:G	139650654	4	-4.412689e-04	-1.107489e-05	1
9	rs113645795:139432680:C:T	139432680	5	1.796320e-04	4.663590e-06	1
9	rs113703515:139123431:T:C	139123431	2	1.480002e-04	3.818558e-06	1
9	rs113860302:139771840:G:A	139771840	13	8.209309e-05	2.131181e-06	1
9	rs11389322:139373396:T:C	139373396	0	-2.937556e-04	-7.193055e-06	1
9	rs113915047:139150744:G:A	139150744	7	8.399692e-05	2.182658e-06	1
9	rs113918312:139706353:C:T	139706353	11	-1.123976e-04	-2.918915e-06	1
9	rs114108353:139309297:G:A	139309297	6	-2.348974e-04	-6.074387e-06	1
9	rs114154524:139316797:G:A	139316797	8	-2.953875e-04	-7.659782e-06	1
9	rs114329796:139313633:C:T	139313633	5	-1.722598e-04	-4.442908e-06	1
9	rs114594061:139292579:T:C	139292579	3	-3.078294e-04	-7.972582e-06	1
9	rs114926328:139296797:C:T	139296797	11	-2.437588e-04	-6.328725e-06	1
9	rs11522295	140294945	2	-6.335748e-04	-1.561558e-05	1
9	rs11531966	140239578	1	-4.791889e-04	-1.158293e-05	1
9	rs11545501:139317768:C:T	139317768	8	-2.953875e-04	-7.659782e-06	1
9	rs115624127:139307596:C:G	139307596	5	-2.284352e-04	-5.902918e-06	1
9	rs11574863:139421548:G:A	139421548	2	1.209931e-03	3.219168e-05	1
9	rs11574864	139421259	0	-1.255461e-04	-3.225731e-06	1
9	rs11574894:139405530:C:T	139405530	14	2.700766e-04	6.995140e-06	1
9	rs11574895:139405154:G:A	139405154	11	1.721023e-05	4.473676e-07	1
9	rs11574896:139404988:C:T	139404988	9	5.883193e-04	1.524112e-05	1
9	rs11574902:139401646:T:C	139401646	15	9.553525e-05	2.424351e-06	1
9	rs11574905:139397426:G:A	139397426	13	-5.902302e-05	-1.527514e-06	1
9	rs11574906:139396113:T:A	139396113	11	2.404997e-04	6.122912e-06	1
9	rs115850137:139619958:G:A	139619958	9	-2.279943e-04	-5.781441e-06	1
9	rs115948846:139326738:G:A	139326738	7	-2.957361e-04	-7.668917e-06	1
9	rs116055529:139252749:G:C	139252749	6	-3.541725e-04	-9.197649e-06	1
9	rs116295971:139288836:A:C	139288836	4	-3.138502e-04	-8.130175e-06	1
9	rs116783304	139254844	0	-3.483640e-04	-9.017169e-06	1
9	rs116846597:139386805:T:C	139386805	4	1.399212e-04	3.619453e-06	1
9	rs116865492	139634684	0	3.346859e-04	8.682050e-06	1
9	rs116924614	139759648	0	-6.374803e-05	-1.645904e-06	1
9	rs116932476	139781193	0	-1.325799e-05	-3.419837e-07	1
9	rs116947616	139145309	1	4.789858e-05	1.228396e-06	1
9	rs116971241:139293142:C:G	139293142	6	-2.422034e-04	-6.271039e-06	1
9	rs116981166	139593311	2	3.632878e-04	9.432671e-06	1
9	rs116996854	139725891	0	2.391155e-04	6.200285e-06	1
9	rs117018819:139352132:C:T	139352132	4	-1.923830e-04	-4.975120e-06	1
9	rs117063264:139405350:G:A	139405350	10	9.698844e-05	2.516674e-06	1
9	rs117093136	139751164	0	2.355928e-04	6.082579e-06	1
9	rs117093696:139104779:G:A	139104779	5	-2.998180e-05	-7.760240e-07	1
9	rs117128150:139327102:C:T	139327102	5	-1.992166e-04	-5.155460e-06	1
9	rs117148242	139624985	0	-1.273951e-04	-3.299623e-06	1
9	rs117175211:139387535:A:G	139387535	5	3.299361e-05	8.543349e-07	1
9	rs117260676:139136978:T:C	139136978	5	-3.339232e-05	-8.649719e-07	1
9	rs117299085:139242448:G:A	139242448	15	2.945538e-04	7.645701e-06	1
9	rs117381220:139631614:T:C	139631614	15	8.937360e-05	2.313542e-06	1
9	rs117390886:139243026:G:T	139243026	14	3.397351e-04	8.826855e-06	1
9	rs117439227	139793030	0	1.404535e-04	3.625093e-06	1
9	rs117491627	139283309	0	1.694105e-04	4.391058e-06	1
9	rs117515860	139366947	0	5.897532e-05	1.530225e-06	1
9	rs117527460:139281477:G:A	139281477	1	2.515862e-04	6.499603e-06	1
9	rs117572243	139639605	2	7.615995e-05	1.975507e-06	1
9	rs117607236	139555173	1	1.424419e-04	3.575014e-06	1
9	rs117634634	139587249	0	1.471083e-04	3.811647e-06	1
9	rs117647490	139345102	0	2.641558e-04	6.856633e-06	1
9	rs117656202	139498558	0	6.262270e-05	1.603239e-06	1
9	rs117670157	139747809	0	8.668873e-05	2.249933e-06	1
9	rs117675345	139707966	1	-2.777879e-04	-7.168130e-06	1
9	rs117676783	139221574	1	1.950445e-04	5.058121e-06	1
9	rs117694454:139104252:G:A	139104252	5	-2.998180e-05	-7.760239e-07	1
9	rs117727231	139349009	0	2.319483e-04	6.022976e-06	1
9	rs117803933:139415292:G:A	139415292	15	1.207894e-04	3.133403e-06	1
9	rs117812702:139684996:T:C	139684996	8	-1.824366e-04	-4.735560e-06	1
9	rs11787792	139252148	2	3.017187e-04	7.282137e-06	1
9	rs11788171:139285352:C:T	139285352	3	4.816395e-04	1.184905e-05	1
9	rs117893486	139313587	2	2.236903e-04	5.791282e-06	1
9	rs11789379:139285260:T:C	139285260	1	4.669194e-04	1.147806e-05	1
9	rs11789783:139680112:G:A	139680112	9	2.913070e-04	7.041893e-06	1
9	rs117908452	139282391	0	-2.314587e-06	-6.091328e-08	1
9	rs11791262:139271919:C:T	139271919	0	6.317355e-04	1.533306e-05	1
9	rs11791501:139290379:G:A	139290379	2	-2.182988e-04	-5.477310e-06	1
9	rs117915944:139102348:G:A	139102348	13	-7.798116e-05	-2.019618e-06	1
9	rs11793497:139271850:A:G	139271850	0	6.317355e-04	1.533305e-05	1
9	rs11793840:139378518:C:T	139378518	2	-2.542784e-04	-6.351475e-06	1
9	rs11793962	139617379	1	4.062125e-04	9.875081e-06	1
9	rs11794124:139330086:G:A	139330086	4	-1.702655e-04	-4.254566e-06	1
9	rs11794273	140024846	0	2.542595e-04	6.153994e-06	1
9	rs11794847:139271747:G:A	139271747	0	6.317355e-04	1.533304e-05	1
9	rs117970634:139303580:T:C	139303580	2	3.325274e-04	8.609611e-06	1
9	rs117984011	139357640	0	1.466169e-04	3.786265e-06	1
9	rs117986443:139281764:G:A	139281764	6	-2.422034e-04	-6.271039e-06	1
9	rs118047980	139498108	2	-3.312150e-04	-8.586362e-06	1
9	rs118074619:139245212:C:T	139245212	14	2.904088e-05	7.532526e-07	1
9	rs118075423	139768292	0	7.687099e-05	1.985454e-06	1
9	rs118104999	139654122	0	-2.029347e-04	-5.247488e-06	1
9	rs118106795	139694766	0	-2.635336e-04	-6.829344e-06	1
9	rs118179365	139482818	1	-1.263862e-04	-3.278673e-06	1
9	rs11849:139617662:T:C	139617662	13	2.992711e-04	7.252256e-06	1
9	rs11999525	139371342	2	-3.984925e-04	-9.816464e-06	1
9	rs11999532:139371405:G:C	139371405	1	-2.973958e-04	-7.283672e-06	1
9	rs11999609:139363539:C:T	139363539	3	-2.118230e-04	-5.180311e-06	1
9	rs12002854:139377499:G:A	139377499	1	-1.623866e-04	-3.967895e-06	1
9	rs12003580:139105940:G:A	139105940	3	-2.860039e-04	-7.054404e-06	1
9	rs12004931:139651959:T:C	139651959	6	-3.259335e-04	-8.143757e-06	1
9	rs12235378	139298653	0	4.106776e-04	1.066091e-05	1
9	rs12237866:139361083:G:A	139361083	2	-2.406992e-04	-6.011532e-06	1
9	rs12238650:139279903:A:G	139279903	10	8.050496e-05	2.028344e-06	1
9	rs12338076	139121740	0	-9.991707e-04	-2.499684e-05	1
9	rs12338179:139472718:G:T	139472718	15	4.428145e-04	1.084930e-05	1
9	rs12339147:139128067:A:G	139128067	2	2.000313e-04	5.154592e-06	1
9	rs12340654:139123717:A:C	139123717	2	-1.616684e-04	-4.106130e-06	1
9	rs12342911:139628469:C:T	139628469	8	-2.425594e-04	-6.011932e-06	1
9	rs12343950:139677776:G:A	139677776	0	2.284515e-04	5.622031e-06	1
9	rs12344155:139396983:A:G	139396983	13	1.350467e-04	3.425919e-06	1
9	rs12345308:139635877:C:T	139635877	6	-2.580324e-04	-6.394479e-06	1
9	rs12345565:139133033:A:G	139133033	15	-1.614464e-04	-4.102062e-06	1
9	rs12346977:139359828:G:A	139359828	10	1.192060e-04	3.075903e-06	1
9	rs12347885:139119042:C:A	139119042	8	-1.226019e-04	-3.107255e-06	1
9	rs12347940:139515300:G:C	139515300	12	-5.263568e-05	-1.357263e-06	1
9	rs12348039:139515496:G:A	139515496	15	-1.566529e-04	-4.045735e-06	1
9	rs12350497	139514678	0	-5.791935e-05	-1.487707e-06	1
9	rs12350740:139637541:T:C	139637541	4	3.079939e-05	7.555265e-07	1
9	rs12375661:139556360:A:G	139556360	7	1.597707e-04	4.020266e-06	1
9	rs12375984:139556171:T:C	139556171	7	1.597707e-04	4.020266e-06	1
9	rs12378717	139286060	1	4.646955e-04	1.142178e-05	1
9	rs12379380:139279981:C:T	139279981	15	3.841043e-04	9.379871e-06	1
9	rs12379802:139519382:C:T	139519382	5	-8.134600e-04	-1.999241e-05	1
9	rs12379814:139519486:C:T	139519486	6	-7.744709e-04	-1.898665e-05	1
9	rs12379849:139519819:C:T	139519819	12	-7.013849e-04	-1.714187e-05	1
9	rs12380242:139310187:T:C	139310187	5	-1.177513e-04	-2.805517e-06	1
9	rs12380852	139118673	0	-2.533586e-04	-6.368665e-06	1
9	rs12551527:139358425:C:G	139358425	5	-3.322801e-04	-8.150899e-06	1
9	rs12551684	139131315	0	-8.155472e-05	-2.054122e-06	1
9	rs12552167	139322927	1	-1.775687e-04	-4.325925e-06	1
9	rs12553414:139640033:C:T	139640033	10	-1.408809e-04	-3.545667e-06	1
9	rs12683666:139674374:G:A	139674374	6	1.606142e-04	3.934635e-06	1
9	rs12684275:139343666:G:A	139343666	10	2.418633e-04	6.249570e-06	1
9	rs12684483	139351737	0	4.044330e-04	1.049553e-05	1
9	rs12684650	139110654	0	-1.181458e-04	-2.877776e-06	1
9	rs12684893:139674527:A:G	139674527	5	1.741318e-04	4.266516e-06	1
9	rs12684980:139634734:A:G	139634734	3	-1.989124e-04	-4.919328e-06	1
9	rs12685090:139674060:T:C	139674060	6	1.606142e-04	3.934634e-06	1
9	rs12685134:139614735:G:A	139614735	10	-7.650228e-05	-1.929127e-06	1
9	rs13283788:139384521:T:G	139384521	7	-3.399923e-04	-8.343458e-06	1
9	rs13288210	139647697	1	-1.619211e-04	-4.125825e-06	1
9	rs13290734	139330701	0	-3.654728e-04	-8.942233e-06	1
9	rs13290840	139425573	0	7.902791e-04	1.955667e-05	1
9	rs13292714	139126789	0	-3.197128e-04	-8.058493e-06	1
9	rs13294615	139655040	0	-1.358137e-04	-3.225157e-06	1
9	rs13295777:139301154:G:A	139301154	15	2.505720e-04	6.124057e-06	1
9	rs13295852:139308426:G:A	139308426	10	4.366163e-05	1.058154e-06	1
9	rs13297890:139274643:C:G	139274643	6	5.260772e-04	1.297760e-05	1
9	rs13301342	139394345	0	1.294345e-04	3.266360e-06	1
9	rs13301660:139340802:C:T	139340802	7	-3.167906e-04	-7.769270e-06	1
9	rs13301872:139807623:A:C	139807623	4	5.332765e-05	1.297228e-06	1
9	rs1332794	139548306	0	2.303209e-05	5.925796e-07	1
9	rs13440383:139126773:C:T	139126773	12	9.681349e-05	2.506769e-06	1
9	rs1360879:139643023:G:A	139643023	6	-1.377711e-04	-3.414742e-06	1
9	rs1360881:139643258:C:T	139643258	7	-2.666009e-04	-6.658540e-06	1
9	rs137910953:139259521:G:A	139259521	12	2.737563e-05	7.101395e-07	1
9	rs138212791:139318508:A:G	139318508	8	-2.953875e-04	-7.659781e-06	1
9	rs138392420:139101793:G:A	139101793	3	7.645288e-05	1.979526e-06	1
9	rs139124467:139252959:G:A	139252959	6	-3.541725e-04	-9.197648e-06	1
9	rs139151662:139130411:G:A	139130411	4	-8.571628e-05	-2.221826e-06	1
9	rs139695109:139127320:G:A	139127320	3	-1.418823e-05	-3.663211e-07	1
9	rs140150555:139358656:C:T	139358656	7	7.369252e-05	1.909118e-06	1
9	rs140718841:139677646:G:T	139677646	8	-1.824366e-04	-4.735561e-06	1
9	rs140797474:139327581:G:A	139327581	5	-1.213318e-04	-3.133289e-06	1
9	rs141483360:139330686:T:C	139330686	4	-1.996801e-04	-5.167497e-06	1
9	rs141695813:139398068:C:T	139398068	2	7.523480e-05	1.945189e-06	1
9	rs142117641:139162251:G:A	139162251	8	5.988937e-04	1.531511e-05	1
9	rs142876809:139245262:G:A	139245262	13	-2.729378e-04	-7.088344e-06	1
9	rs143275006:139534159:C:A	139534159	10	6.258487e-05	1.567746e-06	1
9	rs143369696:139404977:C:T	139404977	12	9.567493e-05	2.482592e-06	1
9	rs143498173:139234130:G:T	139234130	16	-3.232391e-04	-8.417347e-06	1
9	rs143820224:139107938:G:C	139107938	6	-8.155654e-05	-2.116470e-06	1
9	rs144080886:139304990:C:G	139304990	5	-2.284352e-04	-5.902916e-06	1
9	rs144166250:139386647:G:T	139386647	5	3.299361e-05	8.543354e-07	1
9	rs144296673:139675517:A:G	139675517	5	1.420344e-04	3.477544e-06	1
9	rs144334202	139962260	1	-3.008409e-04	-7.786303e-06	1
9	rs144347039:139327577:A:T	139327577	6	-1.200884e-04	-3.101116e-06	1
9	rs144647041:139134137:T:C	139134137	4	-6.086744e-05	-1.575755e-06	1
9	rs144854275:139115227:A:C	139115227	3	-1.418823e-05	-3.663210e-07	1
9	rs145007593:139305032:G:T	139305032	5	-2.284352e-04	-5.902916e-06	1
9	rs145032277:139385169:G:A	139385169	3	-3.747069e-05	-9.646611e-07	1
9	rs146367873:139320391:C:G	139320391	9	-2.359697e-04	-6.108251e-06	1
9	rs146600206:139651804:G:A	139651804	10	2.321097e-05	6.009025e-07	1
9	rs147320751:139118475:G:A	139118475	4	-8.571628e-05	-2.221826e-06	1
9	rs147337492:139114742:T:C	139114742	3	-1.418823e-05	-3.663210e-07	1
9	rs1475259:139109247:A:G	139109247	9	-1.055880e-03	-2.669899e-05	1
9	rs148167113:139369066:G:A	139369066	10	8.959466e-05	2.323758e-06	1
9	rs148176112:139124658:T:C	139124658	4	-8.571628e-05	-2.221826e-06	1
9	rs148229081:139544993:C:T	139544993	11	1.685739e-04	4.365959e-06	1
9	rs148381982:139405584:C:T	139405584	11	1.199167e-04	3.113523e-06	1
9	rs148887703	139120740	0	-1.002717e-04	-2.593924e-06	1
9	rs149055087	139305140	0	6.124145e-05	1.590000e-06	1
9	rs149216059:139404917:C:T	139404917	12	9.567493e-05	2.482593e-06	1
9	rs149223129:139349024:C:T	139349024	4	-1.923830e-04	-4.975119e-06	1
9	rs149576911:139129290:C:T	139129290	4	-8.571628e-05	-2.221826e-06	1
9	rs150174514:139258214:A:G	139258214	11	-3.652239e-04	-9.489241e-06	1
9	rs150824286:139370127:T:C	139370127	3	-1.288182e-04	-3.325142e-06	1
9	rs15095:139301439:G:A	139301439	10	-2.075268e-04	-5.385620e-06	1
9	rs17065107:139457466:T:G	139457466	9	4.707312e-04	1.229293e-05	1
9	rs17244005:139802949:C:T	139802949	6	1.941924e-04	5.013637e-06	1
9	rs17244418:139800512:C:T	139800512	8	1.130401e-05	2.883234e-07	1
9	rs17250001:139780857:C:A	139780857	7	5.243774e-05	1.351315e-06	1
9	rs17250183:139793728:G:A	139793728	1	1.235418e-04	3.183082e-06	1
9	rs17250448:139807011:A:G	139807011	2	1.205918e-05	2.936334e-07	1
9	rs17250539	139812457	0	3.517964e-04	8.931314e-06	1
9	rs17250553:139815417:G:A	139815417	3	1.142255e-05	2.952253e-07	1
9	rs17250574:139815963:C:T	139815963	3	1.142255e-05	2.952254e-07	1
9	rs17250581:139816651:G:T	139816651	2	7.101316e-05	1.829965e-06	1
9	rs17250764:139786442:T:C	139786442	1	1.235418e-04	3.183083e-06	1
9	rs17250848:139810437:T:C	139810437	7	6.869892e-05	1.766267e-06	1
9	rs17567909	139369212	0	2.519902e-04	6.345717e-06	1
9	rs17855450	139297266	5	-1.741701e-04	-4.498497e-06	1
9	rs1800631	139793845	2	-1.693392e-05	-4.125545e-07	1
9	rs181596189:139289888:C:T	139289888	11	1.470268e-04	3.815546e-06	1
9	rs182155380:139356395:A:C	139356395	5	-1.911452e-04	-4.942985e-06	1
9	rs183600705:139302994:T:C	139302994	7	-1.997727e-04	-5.157102e-06	1
9	rs183694074:139300691:G:C	139300691	9	6.823462e-05	1.767164e-06	1
9	rs185472680:139297737:C:G	139297737	3	4.067083e-04	1.055604e-05	1
9	rs186218147:139244639:T:C	139244639	10	6.478528e-05	1.680404e-06	1
9	rs186374882:139631855:T:C	139631855	6	-1.872041e-04	-4.864099e-06	1
9	rs186616649:139760510:C:G	139760510	6	1.142606e-04	2.950538e-06	1
9	rs1889042:139490189:G:A	139490189	15	4.231462e-05	1.094519e-06	1
9	rs189386273:139246762:A:G	139246762	13	-2.729378e-04	-7.088344e-06	1
9	rs190488261:139375837:G:A	139375837	13	-4.195219e-05	-1.088610e-06	1
9	rs191129675:139294637:C:G	139294637	5	-2.359143e-04	-6.103671e-06	1
9	rs200903625:139326249:T:A	139326249	7	-2.957361e-04	-7.668915e-06	1
9	rs201454457:139297738:A:G	139297738	1	4.147060e-04	1.076742e-05	1
9	rs2151204:139479913:T:G	139479913	9	6.610068e-04	1.637822e-05	1
9	rs2151205:139548122:A:T	139548122	6	1.455171e-04	3.772879e-06	1
9	rs2184021:139548033:C:G	139548033	5	1.460067e-04	3.785597e-06	1
9	rs2248077	139649273	1	-8.889881e-04	-2.251538e-05	1
9	rs2254143	139701108	0	1.041783e-04	2.567535e-06	1
9	rs2275160:139621168:G:A	139621168	14	-4.449841e-04	-1.069550e-05	1
9	rs2275161:139620695:C:T	139620695	13	3.683912e-04	8.974514e-06	1
9	rs2282183	139443847	2	1.414283e-03	3.722735e-05	1
9	rs2282258	139649612	0	-4.807211e-04	-1.207490e-05	1
9	rs2282259:139649379:C:T	139649379	0	-3.797252e-04	-9.499618e-06	1
9	rs2282261:139648918:T:G	139648918	1	-4.903420e-04	-1.233315e-05	1
9	rs2297538	139564668	0	1.918614e-04	4.745033e-06	1
9	rs2297721:139656516:C:T	139656516	15	-4.922448e-04	-1.239333e-05	1
9	rs2297722	139656670	1	-4.798744e-04	-1.176646e-05	1
9	rs2297723	139656706	1	-5.418673e-04	-1.333024e-05	1
9	rs2385890:139444462:C:T	139444462	10	3.223129e-04	8.238103e-06	1
9	rs2484659:139646222:G:A	139646222	6	-5.801387e-04	-1.402948e-05	1
9	rs2484660:139646021:C:T	139646021	7	-5.708550e-04	-1.380521e-05	1
9	rs2492307:139679786:G:A	139679786	3	1.219703e-04	2.912731e-06	1
9	rs2498194:139683997:G:A	139683997	2	3.161329e-04	7.589518e-06	1
9	rs2498195:139684421:A:G	139684421	2	3.161329e-04	7.589513e-06	1
9	rs2784032:139787778:T:C	139787778	8	-6.542308e-05	-1.603103e-06	1
9	rs2784033:139787655:G:C	139787655	8	-9.621478e-06	-2.332514e-07	1
9	rs2784040:139686949:G:C	139686949	8	2.361318e-04	5.653011e-06	1
9	rs2784041:139686556:G:A	139686556	8	2.361318e-04	5.653006e-06	1
9	rs2784044:139685672:C:T	139685672	3	3.496716e-04	8.451609e-06	1
9	rs2784045:139685608:T:C	139685608	5	3.031561e-04	7.278100e-06	1
9	rs2784046:139684981:A:C	139684981	3	2.732374e-04	6.549676e-06	1
9	rs2784047:139683592:A:C	139683592	2	3.103562e-04	7.487690e-06	1
9	rs2784048:139682928:C:T	139682928	2	3.161329e-04	7.589478e-06	1
9	rs2784049:139681799:A:G	139681799	7	1.118686e-04	2.674911e-06	1
9	rs2784050:139681026:C:T	139681026	4	1.654190e-04	3.962108e-06	1
9	rs2784051:139680815:C:T	139680815	4	1.654190e-04	3.962103e-06	1
9	rs2784052:139680354:A:G	139680354	4	1.654190e-04	3.962099e-06	1
9	rs2784053:139680332:A:G	139680332	3	1.219703e-04	2.912665e-06	1
9	rs2784054:139679717:A:C	139679717	3	1.219703e-04	2.912660e-06	1
9	rs2784055:139679387:C:T	139679387	1	8.211643e-05	1.951514e-06	1
9	rs2784056:139679295:A:G	139679295	1	8.211643e-05	1.951509e-06	1
9	rs2784057:139679270:A:G	139679270	1	8.211643e-05	1.951505e-06	1
9	rs2784058:139678556:A:G	139678556	16	4.915149e-04	1.190666e-05	1
9	rs2784059	139678029	0	1.475932e-04	3.527370e-06	1
9	rs2784060:139677186:A:T	139677186	9	-1.005577e-04	-2.441973e-06	1
9	rs2784061:139676812:C:T	139676812	8	2.272155e-04	5.376516e-06	1
9	rs2784067:139652080:C:G	139652080	4	-4.901929e-04	-1.182719e-05	1
9	rs2784068:139650060:C:A	139650060	3	-5.715131e-04	-1.384665e-05	1
9	rs2784070:139647074:G:A	139647074	6	-9.663288e-04	-2.457991e-05	1
9	rs2784072:139794638:T:A	139794638	1	-1.126803e-04	-2.760164e-06	1
9	rs2784073:139794635:G:A	139794635	4	-1.289629e-04	-3.160857e-06	1
9	rs2784074:139794331:C:T	139794331	1	-8.820925e-05	-2.160104e-06	1
9	rs2784075:139792926:T:C	139792926	2	-7.650613e-05	-1.873265e-06	1
9	rs2784076:139792425:T:C	139792425	6	-7.164413e-05	-1.757228e-06	1
9	rs2784080:139791896:G:A	139791896	6	-1.014873e-04	-2.486842e-06	1
9	rs2784081:139791891:C:A	139791891	6	-1.014873e-04	-2.486842e-06	1
9	rs2784083:139730730:C:A	139730730	11	4.463890e-04	1.114456e-05	1
9	rs2784084:139791155:C:T	139791155	5	-9.763176e-05	-2.392120e-06	1
9	rs2784085:139790974:T:A	139790974	5	-9.763176e-05	-2.392120e-06	1
9	rs2784086:139790858:C:T	139790858	5	-9.763176e-05	-2.392119e-06	1
9	rs2784087:139790522:C:G	139790522	6	-1.366841e-04	-3.353147e-06	1
9	rs2784088:139790471:G:A	139790471	6	-8.105923e-05	-1.985505e-06	1
9	rs2784093:139711758:A:G	139711758	8	3.269061e-04	8.127516e-06	1
9	rs2784094:139708154:A:G	139708154	8	2.957778e-04	7.341010e-06	1
9	rs2784095:139789093:C:T	139789093	8	-9.621478e-06	-2.332523e-07	1
9	rs2784096:139789057:A:T	139789057	8	-6.542308e-05	-1.603105e-06	1
9	rs2784097:139707056:A:C	139707056	10	2.237926e-04	5.544733e-06	1
9	rs2784098:139701666:G:A	139701666	3	-3.661299e-06	-8.740287e-08	1
9	rs2811722:139706087:C:A	139706087	9	3.707852e-04	9.231636e-06	1
9	rs2811723:139707006:G:A	139707006	9	3.260733e-04	8.097065e-06	1
9	rs2811726:139639571:T:C	139639571	5	-2.688860e-04	-6.672006e-06	1
9	rs2811729:139646737:C:T	139646737	6	-9.663288e-04	-2.457991e-05	1
9	rs2811730:139647247:C:A	139647247	3	-5.555124e-04	-1.340337e-05	1
9	rs2811731:139647254:A:G	139647254	7	-9.487147e-04	-2.409466e-05	1
9	rs2811732:139648332:C:T	139648332	2	-6.255280e-04	-1.518779e-05	1
9	rs2811733:139648490:T:C	139648490	4	-9.328090e-04	-2.370092e-05	1
9	rs2811735:139651885:A:G	139651885	4	-4.901929e-04	-1.182714e-05	1
9	rs2811736:139651954:A:G	139651954	5	-8.108260e-04	-2.041161e-05	1
9	rs2811737:139652053:A:G	139652053	5	-8.237664e-04	-2.073409e-05	1
9	rs2811738:139744660:C:T	139744660	10	-1.083099e-04	-2.791635e-06	1
9	rs2811739:139747331:C:T	139747331	11	-8.573619e-05	-2.207642e-06	1
9	rs2811741	139732331	0	3.531956e-04	8.773525e-06	1
9	rs2811742:139731969:C:T	139731969	15	4.178156e-04	1.042058e-05	1
9	rs2811743	139730720	1	4.135716e-04	1.032986e-05	1
9	rs2811744:139730129:T:C	139730129	15	4.865064e-04	1.219897e-05	1
9	rs2811748	139726239	0	2.458880e-05	6.181850e-07	1
9	rs2811755	139718388	0	-2.194590e-04	-5.659547e-06	1
9	rs2811757:139795504:A:G	139795504	1	-1.126803e-04	-2.760159e-06	1
9	rs2811758:139790648:A:G	139790648	6	-1.366841e-04	-3.353146e-06	1
9	rs2811759:139790204:A:G	139790204	6	-1.366841e-04	-3.353145e-06	1
9	rs2811760:139787537:A:C	139787537	8	-9.621478e-06	-2.332509e-07	1
9	rs2811761:139787453:C:T	139787453	8	-9.621478e-06	-2.332505e-07	1
9	rs2811762:139785471:G:A	139785471	9	-3.488628e-05	-8.530406e-07	1
9	rs2811763:139784683:T:C	139784683	12	-9.988893e-05	-2.451013e-06	1
9	rs2811764:139784547:T:C	139784547	9	-9.094438e-05	-2.230137e-06	1
9	rs2811765:139776615:G:A	139776615	6	-1.024680e-04	-2.636480e-06	1
9	rs2811774:139673757:T:C	139673757	12	1.816851e-04	4.295162e-06	1
9	rs2811775	139677132	1	1.523608e-04	3.585776e-06	1
9	rs2811776:139677304:T:G	139677304	4	4.639328e-04	1.116609e-05	1
9	rs2811777:139678422:T:C	139678422	0	1.475932e-04	3.527315e-06	1
9	rs2811778:139679091:C:A	139679091	0	9.525237e-05	2.265760e-06	1
9	rs2811779:139679511:G:A	139679511	3	1.219703e-04	2.912574e-06	1
9	rs2811781:139679631:T:C	139679631	3	1.219703e-04	2.912570e-06	1
9	rs2811783:139680822:T:C	139680822	5	1.520862e-04	3.640816e-06	1
9	rs2811784:139680970:C:A	139680970	4	1.654190e-04	3.961989e-06	1
9	rs2811785:139682900:G:A	139682900	0	3.468966e-04	8.380624e-06	1
9	rs2811786	139683224	0	5.260463e-04	1.280831e-05	1
9	rs2811788:139686289:A:G	139686289	10	3.379692e-04	8.145076e-06	1
9	rs2811793:139699964:T:C	139699964	0	2.359232e-05	5.832387e-07	1
9	rs2811794	139700194	0	2.359232e-05	5.832390e-07	1
9	rs2811795	139700605	0	2.263692e-04	5.599388e-06	1
9	rs28368641:139226337:G:A	139226337	5	-1.461688e-04	-3.756342e-06	1
9	rs28380074	139225139	4	-2.730556e-04	-6.560620e-06	1
9	rs28407752:139230355:A:G	139230355	11	2.581900e-04	6.691848e-06	1
9	rs28429551:139243334:T:A	139243334	12	-4.345584e-05	-1.055903e-06	1
9	rs28436989:139653148:C:T	139653148	7	-1.991514e-05	-4.553643e-07	1
9	rs28439345:139243790:A:C	139243790	10	3.571396e-04	8.925281e-06	1
9	rs28453790	139226879	1	1.674247e-04	3.992121e-06	1
9	rs28463558:139242656:C:T	139242656	2	-4.077168e-04	-9.784752e-06	1
9	rs28488915	139230153	1	2.984956e-04	7.630624e-06	1
9	rs28501332:139124106:A:G	139124106	2	-1.616684e-04	-4.106123e-06	1
9	rs28505901:139241030:A:G	139241030	7	-7.000720e-05	-1.703891e-06	1
9	rs28533815:139241828:T:C	139241828	9	3.230945e-05	7.953145e-07	1
9	rs28555257:139222295:C:T	139222295	8	-5.864359e-05	-1.508953e-06	1
9	rs28556700:139245525:A:C	139245525	6	4.535038e-04	1.180831e-05	1
9	rs28562046:139241595:C:G	139241595	10	-8.476195e-05	-2.065650e-06	1
9	rs28594424:139116907:T:G	139116907	4	-6.007287e-05	-1.521766e-06	1
9	rs28595751:139224736:T:C	139224736	14	-9.802436e-05	-2.346842e-06	1
9	rs28603210:139249991:T:C	139249991	5	2.444201e-04	5.890372e-06	1
9	rs28608803:139226158:C:T	139226158	13	-2.977460e-04	-7.164210e-06	1
9	rs28610213:139239807:G:A	139239807	13	3.914000e-04	1.008238e-05	1
9	rs28626972:139227544:G:A	139227544	10	-1.146363e-04	-2.946409e-06	1
9	rs28628657	139248897	1	1.416389e-04	3.409234e-06	1
9	rs28641468	139239585	2	-1.911055e-05	-4.606317e-07	1
9	rs28673751:139217624:G:A	139217624	0	2.274139e-04	5.846575e-06	1
9	rs28674616:139117598:C:T	139117598	8	-1.226019e-04	-3.107253e-06	1
9	rs28678356:139636711:G:A	139636711	4	-1.896363e-04	-4.690315e-06	1
9	rs28684472:139242665:C:A	139242665	6	-2.128793e-05	-5.479052e-07	1
9	rs28687632:139225747:C:G	139225747	3	-1.803759e-05	-4.646137e-07	1
9	rs28689504:139249513:G:A	139249513	8	4.736575e-04	1.232747e-05	1
9	rs28712661	139230067	0	3.058633e-04	7.312527e-06	1
9	rs28715547:139241481:T:C	139241481	11	3.729457e-04	9.326438e-06	1
9	rs28716536	139217629	0	2.274139e-04	5.846575e-06	1
9	rs28718234:139241865:A:G	139241865	12	4.086610e-04	1.023476e-05	1
9	rs28734885:139244696:G:A	139244696	9	4.611965e-05	1.157755e-06	1
9	rs28756341	139242225	1	-4.985909e-04	-1.200894e-05	1
9	rs28867994:139676734:A:G	139676734	4	1.833163e-04	4.491413e-06	1
9	rs28971348	139217089	0	-2.505262e-04	-5.987528e-06	1
9	rs3013301:139431719:G:A	139431719	8	6.806936e-04	1.673066e-05	1
9	rs3013304:139435397:G:C	139435397	10	8.520923e-04	2.118073e-05	1
9	rs3013305	139437410	0	6.655222e-04	1.628219e-05	1
9	rs3013309	139443253	0	-3.920866e-04	-9.447389e-06	1
9	rs3088081:139270149:A:G	139270149	3	4.171904e-04	9.983364e-06	1
9	rs3124597:139402663:T:C	139402663	5	1.053343e-03	2.644704e-05	1
9	rs3124599	139403770	1	6.618847e-04	1.716506e-05	1
9	rs3124601:139406353:G:A	139406353	6	5.349702e-05	1.373490e-06	1
9	rs3124608	139420776	0	-2.664841e-04	-6.424831e-06	1
9	rs3124993	139262205	1	-2.370632e-05	-6.108209e-07	1
9	rs3124994	139295282	3	2.827630e-04	6.813858e-06	1
9	rs3124998	139389432	1	-9.041917e-05	-2.330350e-06	1
9	rs3125000:139403268:T:C	139403268	5	8.034856e-04	1.974049e-05	1
9	rs3125003	139405475	1	2.499493e-04	6.416973e-06	1
9	rs33982662:139324737:C:A	139324737	6	-4.975072e-04	-1.224967e-05	1
9	rs34023719:139161695:C:G	139161695	8	5.988937e-04	1.531511e-05	1
9	rs34141319:139147174:C:A	139147174	1	3.167368e-04	7.963015e-06	1
9	rs34203589	139150629	1	8.243766e-05	1.962700e-06	1
9	rs34229015:139218373:A:G	139218373	11	2.882700e-04	7.416276e-06	1
9	rs34242208:139222820:G:T	139222820	14	1.586703e-04	4.090730e-06	1
9	rs34244025	139150738	1	-1.517284e-04	-3.664396e-06	1
9	rs34302850:139327064:A:G	139327064	14	-7.546041e-04	-1.880251e-05	1
9	rs34318154:139224442:C:T	139224442	1	-2.641649e-04	-6.336337e-06	1
9	rs34376913	139378914	1	-1.939045e-04	-4.739971e-06	1
9	rs34514016:139150888:A:C	139150888	7	1.719082e-04	4.111400e-06	1
9	rs34582381:139224672:G:A	139224672	2	3.261352e-05	8.327699e-07	1
9	rs34602454:139374457:A:C	139374457	2	-2.191106e-04	-5.358847e-06	1
9	rs34634918:139161606:A:T	139161606	8	5.988937e-04	1.531510e-05	1
9	rs34775390:139153375:G:A	139153375	10	6.957814e-05	1.693327e-06	1
9	rs34785602:139148344:T:C	139148344	3	3.261593e-04	8.208697e-06	1
9	rs34826348:139281570:A:C	139281570	2	7.278679e-04	1.779384e-05	1
9	rs34940359:139218885:G:T	139218885	4	2.373833e-04	6.104468e-06	1
9	rs34985258:139327154:C:T	139327154	7	-1.445819e-04	-3.528052e-06	1
9	rs35047085:139155462:A:T	139155462	6	4.739208e-04	1.202749e-05	1
9	rs35116034:139421837:C:T	139421837	2	1.209931e-03	3.219168e-05	1
9	rs35135227:139385099:C:T	139385099	7	-2.826469e-04	-6.925020e-06	1
9	rs35319705:139222785:A:G	139222785	10	1.557488e-04	4.015165e-06	1
9	rs35341952:139650619:A:G	139650619	5	-6.255203e-04	-1.556004e-05	1
9	rs35342663	139694613	1	4.864893e-04	1.262339e-05	1
9	rs35526483:139364940:G:A	139364940	3	-2.706003e-04	-6.624856e-06	1
9	rs35531907:139327143:C:T	139327143	6	-1.125418e-04	-2.745712e-06	1
9	rs35667158	139157653	0	7.562445e-04	1.913188e-05	1
9	rs35670379:139270606:T:C	139270606	10	4.935109e-04	1.186209e-05	1
9	rs35680508:139156760:A:G	139156760	3	6.825718e-05	1.651505e-06	1
9	rs35695634	139777729	1	2.860341e-04	7.364092e-06	1
9	rs35710027	139523956	0	-1.202235e-04	-3.107848e-06	1
9	rs35763810:139323799:A:G	139323799	8	-3.569432e-04	-8.559521e-06	1
9	rs35774078:139326959:G:A	139326959	8	-6.819440e-04	-1.796785e-05	1
9	rs35851148:139153625:C:T	139153625	15	5.825222e-04	1.475299e-05	1
9	rs35857370:139354097:G:A	139354097	3	-2.118230e-04	-5.180327e-06	1
9	rs35863377	139421684	0	1.236572e-03	3.298790e-05	1
9	rs35873563:139324029:C:T	139324029	7	-6.711393e-05	-1.637234e-06	1
9	rs35874639:139650595:T:G	139650595	12	-6.099329e-04	-1.522428e-05	1
9	rs36064831	139333269	0	-7.063455e-05	-1.818994e-06	1
9	rs36101132:139367566:G:A	139367566	1	-2.025735e-04	-4.952015e-06	1
9	rs36119806:139405093:G:A	139405093	16	9.572822e-04	2.546128e-05	1
9	rs371819328:139622601:G:T	139622601	7	-6.621407e-05	-1.715066e-06	1
9	rs3739939:139616840:G:A	139616840	12	-6.141748e-04	-1.500269e-05	1
9	rs3739940:139617095:T:C	139617095	6	-2.131407e-04	-5.317886e-06	1
9	rs3739942:139776400:C:T	139776400	7	4.405097e-05	1.071977e-06	1
9	rs3739943:139776194:G:C	139776194	7	8.771858e-05	2.134681e-06	1
9	rs3739944:139701983:C:G	139701983	5	1.381500e-04	3.413915e-06	1
9	rs377195900:139123699:C:T	139123699	3	-1.418823e-05	-3.663156e-07	1
9	rs377471495:139237331:A:C	139237331	10	2.311062e-04	5.977791e-06	1
9	rs3811126:139099927:C:G	139099927	6	1.204722e-04	3.120021e-06	1
9	rs3812547:139252495:G:A	139252495	5	2.921157e-04	7.043305e-06	1
9	rs3812549:139252878:C:G	139252878	1	4.425523e-04	1.151193e-05	1
9	rs3812550:139252879:A:G	139252879	9	1.422790e-04	3.383178e-06	1
9	rs3812552	139256468	1	9.252122e-05	2.340342e-06	1
9	rs3812553	139256495	0	3.997409e-04	1.038448e-05	1
9	rs3812554:139256541:C:T	139256541	11	-2.327220e-04	-5.932439e-06	1
9	rs3812558:139269135:A:G	139269135	2	5.991519e-04	1.451842e-05	1
9	rs3812560:139269905:T:C	139269905	4	3.022391e-04	7.200982e-06	1
9	rs3812561	139270876	0	4.106776e-04	1.066089e-05	1
9	rs3812563:139271106:A:G	139271106	4	3.749725e-04	8.953344e-06	1
9	rs3812564:139271190:A:G	139271190	4	3.743073e-04	8.937201e-06	1
9	rs3812565:139272502:T:C	139272502	7	2.389723e-04	5.721077e-06	1
9	rs3812568:139273790:C:A	139273790	5	1.427536e-04	3.535347e-06	1
9	rs3812570:139275204:A:C	139275204	4	5.727165e-04	1.381239e-05	1
9	rs3812571	139275294	1	5.037289e-04	1.211402e-05	1
9	rs3812572:139276675:G:A	139276675	0	4.106776e-04	1.066089e-05	1
9	rs3812573:139276680:C:T	139276680	1	7.058450e-04	1.722820e-05	1
9	rs3812575:139293259:T:C	139293259	9	6.044920e-04	1.462816e-05	1
9	rs3812577	139299637	0	-4.141394e-04	-1.048238e-05	1
9	rs3812578:139299673:G:C	139299673	7	3.232758e-04	7.903540e-06	1
9	rs3812580	139301960	0	4.854225e-04	1.262116e-05	1
9	rs3812581:139311471:C:T	139311471	11	4.180993e-04	1.025413e-05	1
9	rs3812584:139312719:T:C	139312719	8	2.568952e-04	6.125789e-06	1
9	rs3812589:139335879:G:A	139335879	1	-2.682393e-04	-6.704402e-06	1
9	rs3812590:139335940:T:C	139335940	0	-2.338713e-04	-5.837970e-06	1
9	rs3812591:139341612:T:C	139341612	6	-4.233522e-04	-1.041983e-05	1
9	rs3812592:139361147:A:G	139361147	2	-2.406992e-04	-6.011550e-06	1
9	rs3812594	139368953	2	-5.200422e-04	-1.287827e-05	1
9	rs3812595	139369062	3	-1.644934e-04	-4.004051e-06	1
9	rs3812603	139402908	0	1.005981e-03	2.511860e-05	1
9	rs3812605:139403102:T:C	139403102	3	9.579513e-04	2.382888e-05	1
9	rs3812607:139407032:G:T	139407032	9	4.935570e-05	1.266376e-06	1
9	rs3824359	139105229	1	-3.019066e-04	-7.483896e-06	1
9	rs3829108:139252413:C:T	139252413	1	-6.604980e-06	-1.664906e-07	1
9	rs3829110:139269198:A:G	139269198	0	6.317355e-04	1.533294e-05	1
9	rs3829111:139269483:G:A	139269483	0	6.317355e-04	1.533293e-05	1
9	rs3829112:139273288:C:T	139273288	6	1.037324e-04	2.566039e-06	1
9	rs3829116:139401577:C:G	139401577	13	5.369798e-04	1.303277e-05	1
9	rs3923776:139331221:G:C	139331221	14	-2.094937e-04	-5.116297e-06	1
9	rs3923827	139251480	4	9.091360e-05	2.185726e-06	1
9	rs3935875:139238824:A:G	139238824	9	-1.730402e-04	-4.224414e-06	1
9	rs4074593:139223867:C:T	139223867	12	2.008728e-04	5.118678e-06	1
9	rs4075083:139225797:G:C	139225797	4	-3.041646e-04	-7.307009e-06	1
9	rs4075760:139266697:A:G	139266697	1	5.490561e-04	1.325573e-05	1
9	rs4077515	139266496	0	6.123288e-04	1.482692e-05	1
9	rs4078099:139267533:G:A	139267533	2	5.230425e-04	1.261971e-05	1
9	rs4078121:139145634:G:C	139145634	9	2.393837e-04	6.010045e-06	1
9	rs4078122:139145677:A:G	139145677	13	2.022514e-04	5.072527e-06	1
9	rs41298149	139298732	1	2.473835e-04	6.379814e-06	1
9	rs4242709	139337522	0	6.604885e-04	1.693372e-05	1
9	rs4259518:139322503:T:C	139322503	5	-6.374932e-05	-1.524412e-06	1
9	rs4266763:139289825:A:G	139289825	2	7.594188e-04	1.859688e-05	1
9	rs4295775:139300032:T:C	139300032	1	-1.933472e-04	-4.848422e-06	1
9	rs4298601:139303290:G:C	139303290	16	6.603488e-04	1.631752e-05	1
9	rs4307444:139279634:C:T	139279634	7	1.831949e-04	4.462078e-06	1
9	rs4307445:139279776:C:G	139279776	12	5.404885e-04	1.303328e-05	1
9	rs4320648:139294271:G:A	139294271	11	4.913713e-04	1.210766e-05	1
9	rs4330804:139294247:T:G	139294247	16	6.308915e-04	1.532116e-05	1
9	rs4378078:139375962:A:G	139375962	8	-3.340520e-04	-8.021233e-06	1
9	rs4379550	139376426	1	-6.551557e-04	-1.596010e-05	1
9	rs4382584:139386138:G:A	139386138	10	1.007061e-06	2.020087e-08	1
9	rs4400499:139305041:C:T	139305041	16	1.039552e-04	2.532119e-06	1
9	rs4413892:139330158:G:A	139330158	5	-3.359415e-04	-8.216752e-06	1
9	rs4419903:139652675:A:G	139652675	7	-3.710641e-04	-8.901273e-06	1
9	rs4442241:139694276:C:T	139694276	3	8.812157e-05	2.179053e-06	1
9	rs4442263:139322775:C:T	139322775	4	1.812554e-04	4.675639e-06	1
9	rs4448378:139804346:C:T	139804346	2	3.061630e-05	7.445612e-07	1
9	rs4451431	139324680	0	3.139425e-04	7.846781e-06	1
9	rs4487900:139303301:A:G	139303301	13	1.567458e-04	3.706372e-06	1
9	rs4498662	139290251	0	3.819353e-04	9.125657e-06	1
9	rs45449193	139748483	1	-1.400290e-05	-3.489053e-07	1
9	rs45459100	139368681	0	-3.410500e-05	-8.658183e-07	1
9	rs45464397:139315527:C:T	139315527	1	-1.976267e-04	-4.889025e-06	1
9	rs4546744	139694521	0	6.953402e-04	1.743870e-05	1
9	rs45546340	139638567	0	2.347876e-04	6.071219e-06	1
9	rs45592338:139257422:C:G	139257422	11	2.135251e-04	5.351271e-06	1
9	rs4567138:139804274:G:A	139804274	2	3.061630e-05	7.445618e-07	1
9	rs4567159:139277059:G:A	139277059	1	6.911752e-04	1.684030e-05	1
9	rs4582662:139365520:G:C	139365520	2	-2.406992e-04	-6.011555e-06	1
9	rs4585841:139630478:G:A	139630478	7	-2.251829e-04	-5.577574e-06	1
9	rs4604565:139313403:G:A	139313403	6	-2.395542e-04	-5.911830e-06	1
9	rs4636298:139803958:G:A	139803958	5	9.149228e-05	2.226067e-06	1
9	rs4880061:139552910:C:T	139552910	14	3.289040e-06	7.937063e-08	1
9	rs4880064:139611142:A:G	139611142	10	-2.929862e-04	-7.556045e-06	1
9	rs4880067:139645861:G:T	139645861	16	3.690578e-04	9.198663e-06	1
9	rs4880071:139772223:T:G	139772223	5	4.389923e-06	1.061849e-07	1
9	rs4880073:139817353:G:A	139817353	10	8.943812e-04	2.217602e-05	1
9	rs4880074	139817527	0	1.245818e-04	3.069243e-06	1
9	rs4880075:139817573:G:C	139817573	3	2.782648e-04	6.895013e-06	1
9	rs4880098:139400904:C:T	139400904	5	3.863041e-04	9.285946e-06	1
9	rs4880112	139528111	2	6.309298e-04	1.544027e-05	1
9	rs4880114:139549124:A:G	139549124	6	2.012105e-04	5.225585e-06	1
9	rs4880120	139573657	0	-1.977616e-05	-5.112380e-07	1
9	rs4880121	139575829	0	3.666436e-04	9.432359e-06	1
9	rs4880133:139615000:C:T	139615000	3	-5.350444e-04	-1.288529e-05	1
9	rs4880134:139615112:A:C	139615112	6	-1.548880e-05	-3.840696e-07	1
9	rs4880135	139615162	0	-6.084877e-04	-1.469481e-05	1
9	rs4880136:139620311:A:G	139620311	13	-4.402390e-04	-1.057891e-05	1
9	rs4880140:139658576:G:C	139658576	16	-4.574619e-04	-1.122726e-05	1
9	rs4880147:139761174:G:C	139761174	13	-3.302184e-04	-8.088639e-06	1
9	rs4880148:139761264:A:G	139761264	12	-2.796501e-04	-6.839672e-06	1
9	rs4880149:139769194:T:C	139769194	6	2.461341e-05	6.035013e-07	1
9	rs4880150:139770341:C:T	139770341	4	-3.878197e-05	-9.409875e-07	1
9	rs4880151:139771732:G:C	139771732	3	-9.811280e-05	-2.383612e-06	1
9	rs4880152	139772253	1	-9.411075e-05	-2.285976e-06	1
9	rs4880153:139776649:T:C	139776649	8	3.108817e-05	7.559741e-07	1
9	rs4880154:139778038:G:A	139778038	13	1.493804e-04	3.643622e-06	1
9	rs4880157:139801250:C:T	139801250	0	8.897441e-05	2.165474e-06	1
9	rs4880158:139804679:T:C	139804679	2	1.205918e-05	2.936414e-07	1
9	rs4880159:139805168:T:C	139805168	2	1.205918e-05	2.936415e-07	1
9	rs4880160:139808639:T:C	139808639	2	1.205918e-05	2.936415e-07	1
9	rs4880161:139810433:A:G	139810433	2	6.741951e-05	1.641376e-06	1
9	rs4880162:139810595:C:T	139810595	2	6.741951e-05	1.641376e-06	1
9	rs4880163:139810652:G:A	139810652	2	6.741951e-05	1.641376e-06	1
9	rs4880164:139813131:G:C	139813131	2	1.205918e-05	2.936417e-07	1
9	rs4880203	139996195	3	-2.505880e-04	-6.461996e-06	1
9	rs55706841:139296694:A:G	139296694	5	-2.359143e-04	-6.103676e-06	1
9	rs55726506:139110171:C:G	139110171	6	-2.248828e-04	-5.673728e-06	1
9	rs55791344:139108359:G:A	139108359	9	-1.886550e-04	-4.605839e-06	1
9	rs55807337:139614066:A:C	139614066	7	6.805685e-04	1.696839e-05	1
9	rs55824202:139357273:A:T	139357273	2	-4.127325e-04	-1.014863e-05	1
9	rs55880213:139247955:T:C	139247955	12	6.138094e-04	1.564679e-05	1
9	rs55913234:139298720:G:A	139298720	6	-2.422034e-04	-6.271045e-06	1
9	rs55965039:139299381:C:T	139299381	2	-8.949980e-05	-2.317257e-06	1
9	rs56048026	139769863	1	-9.873346e-04	-2.620074e-05	1
9	rs56091397:139435130:A:G	139435130	12	-2.501011e-05	-6.425939e-07	1
9	rs56102564:139518457:C:T	139518457	9	-8.019107e-04	-1.971206e-05	1
9	rs56105993	139296188	0	2.500682e-05	6.487350e-07	1
9	rs56264830	139432026	0	-8.852624e-05	-2.261213e-06	1
9	rs56362460:139249536:A:G	139249536	14	-3.645587e-04	-8.770179e-06	1
9	rs563:139296485:A:G	139296485	12	5.194053e-04	1.281844e-05	1
9	rs56406248:139365873:C:G	139365873	5	-1.911452e-04	-4.942989e-06	1
9	rs56412126:139109059:G:C	139109059	8	-2.311446e-04	-5.648274e-06	1
9	rs56655553:139383675:T:C	139383675	8	-2.769765e-04	-6.922099e-06	1
9	rs57052773:139385701:T:C	139385701	8	2.386735e-04	6.177742e-06	1
9	rs57165284:139499127:C:G	139499127	4	8.386935e-05	2.128362e-06	1
9	rs57242780:139355077:A:G	139355077	2	-2.406992e-04	-6.011556e-06	1
9	rs57251617:139432091:A:T	139432091	9	-3.079079e-04	-7.945110e-06	1
9	rs57277737:139694822:C:T	139694822	4	5.639938e-04	1.472468e-05	1
9	rs57295785:139260494:T:G	139260494	2	2.503207e-04	6.463380e-06	1
9	rs57369771	139472084	4	-5.340388e-04	-1.320189e-05	1
9	rs57994353:139356987:T:C	139356987	8	-6.111849e-04	-1.509322e-05	1
9	rs58094318:139589605:A:G	139589605	9	7.858953e-04	2.029334e-05	1
9	rs58118437:139625126:A:G	139625126	6	3.136075e-05	8.021946e-07	1
9	rs58189205:139619448:G:C	139619448	6	-1.170922e-04	-3.035634e-06	1
9	rs58274021	139521225	3	8.144840e-04	2.019530e-05	1
9	rs59195487:139355078:T:C	139355078	1	-2.142066e-04	-5.345955e-06	1
9	rs59257707:139300484:C:T	139300484	1	3.413021e-04	8.839611e-06	1
9	rs59287188:139307670:G:A	139307670	13	-3.217437e-04	-8.289186e-06	1
9	rs59762720:139432724:C:T	139432724	11	-2.326522e-04	-5.996429e-06	1
9	rs59770415:139128569:T:C	139128569	12	-2.167239e-04	-5.507746e-06	1
9	rs59902911:139265088:C:T	139265088	2	2.973641e-04	7.693560e-06	1
9	rs60543770:139388748:A:G	139388748	9	1.085714e-04	2.797456e-06	1
9	rs60544817	139428909	2	1.302811e-04	3.315146e-06	1
9	rs60640016:139379821:C:T	139379821	2	3.773700e-05	9.759673e-07	1
9	rs60759103:139589679:A:T	139589679	13	1.071294e-04	2.698289e-06	1
9	rs61182997:139625148:A:C	139625148	16	-7.122570e-05	-1.815862e-06	1
9	rs61265760:139343826:T:C	139343826	5	-5.048448e-04	-1.316678e-05	1
9	rs61745456	139749554	0	3.791376e-05	9.798930e-07	1
9	rs61749087:139620089:G:C	139620089	9	-2.279943e-04	-5.781431e-06	1
9	rs61751542:139400219:G:A	139400219	4	2.373165e-05	6.153619e-07	1
9	rs61751543	139401233	1	-6.370481e-05	-1.647304e-06	1
9	rs61751548:139405181:G:A	139405181	11	1.721023e-05	4.473783e-07	1
9	rs62578989	139101583	0	-5.311454e-04	-1.288585e-05	1
9	rs62578992:139108308:G:A	139108308	5	-1.411303e-05	-3.554893e-07	1
9	rs62579014:139112903:G:C	139112903	4	-5.500512e-05	-1.403089e-06	1
9	rs62579015:139113467:A:C	139113467	4	-5.500512e-05	-1.403088e-06	1
9	rs62579018:139117719:A:C	139117719	3	2.821772e-05	7.272547e-07	1
9	rs62579021:139120681:C:A	139120681	4	6.324440e-05	1.632135e-06	1
9	rs62579023:139122064:G:A	139122064	2	1.480002e-04	3.818567e-06	1
9	rs62579026:139122547:G:A	139122547	3	2.821772e-05	7.272551e-07	1
9	rs62579027:139124132:C:T	139124132	5	7.284244e-05	1.888194e-06	1
9	rs62579028:139124148:A:C	139124148	3	2.821772e-05	7.272554e-07	1
9	rs62579030:139124552:G:A	139124552	1	1.492148e-04	3.849964e-06	1
9	rs62579032:139125665:T:C	139125665	3	2.821772e-05	7.272557e-07	1
9	rs62579033:139126093:C:G	139126093	3	2.821772e-05	7.272559e-07	1
9	rs62579049:139128314:G:A	139128314	9	1.763423e-04	4.551178e-06	1
9	rs62579054:139129415:C:T	139129415	13	5.829436e-05	1.496384e-06	1
9	rs62579058:139133941:C:G	139133941	10	1.167420e-04	3.016865e-06	1
9	rs62579059:139134149:C:T	139134149	5	7.284244e-05	1.888195e-06	1
9	rs62579861:139134548:A:C	139134548	10	1.167420e-04	3.016865e-06	1
9	rs62579862:139134685:T:C	139134685	10	1.167420e-04	3.016865e-06	1
9	rs62579867	139139885	0	-7.616545e-05	-1.957114e-06	1
9	rs62579869:139141535:T:G	139141535	16	-1.355663e-04	-3.517725e-06	1
9	rs62579881:139147594:G:A	139147594	7	2.624714e-04	6.523479e-06	1
9	rs62579894:139148089:C:T	139148089	10	2.069279e-04	5.136903e-06	1
9	rs62579897:139148949:A:G	139148949	13	2.278597e-04	5.665340e-06	1
9	rs62579899:139152497:C:A	139152497	8	3.599875e-04	9.090821e-06	1
9	rs62579902:139152739:T:C	139152739	9	3.693197e-04	9.330211e-06	1
9	rs62579914:139156263:A:C	139156263	15	5.554104e-04	1.416534e-05	1
9	rs62579916:139156452:T:G	139156452	16	5.199297e-04	1.323057e-05	1
9	rs62579918:139156667:G:T	139156667	16	4.295671e-04	1.088592e-05	1
9	rs62579925:139160589:A:T	139160589	7	6.279164e-04	1.608088e-05	1
9	rs62579927:139161660:A:G	139161660	14	6.012864e-04	1.510902e-05	1
9	rs62579928:139162063:G:T	139162063	9	5.906458e-04	1.509697e-05	1
9	rs62579930:139163296:C:T	139163296	6	5.153934e-04	1.310743e-05	1
9	rs62579931:139163608:C:T	139163608	6	5.153934e-04	1.310743e-05	1
9	rs62579932:139163650:T:C	139163650	6	5.153934e-04	1.310743e-05	1
9	rs62579933:139163714:C:A	139163714	6	5.153934e-04	1.310742e-05	1
9	rs62579934:139163912:G:A	139163912	6	5.153934e-04	1.310742e-05	1
9	rs62579946:139164907:T:A	139164907	5	5.148128e-04	1.309200e-05	1
9	rs62579948:139165192:C:T	139165192	5	5.148128e-04	1.309200e-05	1
9	rs62579950:139166005:C:T	139166005	3	5.345348e-04	1.360717e-05	1
9	rs62579951:139166262:C:A	139166262	4	5.567605e-04	1.419107e-05	1
9	rs62579952:139166690:C:T	139166690	1	6.330360e-04	1.620382e-05	1
9	rs62579953	139166769	0	6.194220e-04	1.583638e-05	1
9	rs62580585:139671852:C:T	139671852	14	-2.924670e-05	-7.216230e-07	1
9	rs62580586:139671976:G:A	139671976	12	2.447749e-04	6.019434e-06	1
9	rs62580587:139672025:G:T	139672025	9	2.153298e-04	5.290580e-06	1
9	rs62580588:139672382:C:T	139672382	8	1.793389e-04	4.396229e-06	1
9	rs62580594:139674562:C:T	139674562	7	2.466326e-04	6.063566e-06	1
9	rs62580595:139674725:T:G	139674725	5	1.741318e-04	4.266534e-06	1
9	rs62580596:139674833:C:G	139674833	5	1.741318e-04	4.266533e-06	1
9	rs62580597:139674978:A:G	139674978	5	1.741318e-04	4.266533e-06	1
9	rs62580598:139675059:G:A	139675059	5	1.741318e-04	4.266532e-06	1
9	rs62580599:139675079:A:T	139675079	5	1.741318e-04	4.266532e-06	1
9	rs62580600:139675408:G:A	139675408	6	1.588638e-04	3.891536e-06	1
9	rs62580602:139675422:G:C	139675422	6	1.588638e-04	3.891535e-06	1
9	rs62580604:139675585:T:C	139675585	5	1.420344e-04	3.477560e-06	1
9	rs62580606:139675594:A:G	139675594	5	1.420344e-04	3.477560e-06	1
9	rs62580648:139676578:G:A	139676578	11	-7.550451e-06	-1.864879e-07	1
9	rs62580649:139676580:G:T	139676580	5	2.002207e-04	4.908197e-06	1
9	rs62580652:139677558:T:C	139677558	0	2.284515e-04	5.622051e-06	1
9	rs62580654:139677598:A:G	139677598	0	2.284515e-04	5.622051e-06	1
9	rs62581061:139226109:C:T	139226109	6	-2.446218e-04	-5.868431e-06	1
9	rs62581062:139226139:G:C	139226139	5	-3.222812e-04	-7.747139e-06	1
9	rs62581399:139687082:G:A	139687082	7	5.183299e-04	1.351141e-05	1
9	rs62581400:139691992:G:A	139691992	7	5.122341e-04	1.334816e-05	1
9	rs62581419:139694012:T:A	139694012	3	8.812157e-05	2.179047e-06	1
9	rs62581524	139534506	0	-8.517225e-05	-2.189371e-06	1
9	rs62582162:139611790:C:T	139611790	8	-4.339813e-05	-1.124753e-06	1
9	rs62582164:139611890:G:A	139611890	7	-1.681329e-05	-4.355251e-07	1
9	rs62582166:139612346:C:T	139612346	8	-9.039972e-05	-2.344301e-06	1
9	rs62582186	139620373	0	-8.071717e-05	-2.091535e-06	1
9	rs62582194:139629977:C:T	139629977	4	2.760549e-05	7.056016e-07	1
9	rs62582222:139637734:A:G	139637734	4	3.079939e-05	7.554993e-07	1
9	rs62582257:139661206:A:G	139661206	6	1.321579e-04	3.418830e-06	1
9	rs6560632:139371786:A:C	139371786	10	-3.403618e-04	-8.174483e-06	1
9	rs6560635:139457272:T:C	139457272	16	7.042909e-05	1.817036e-06	1
9	rs6560643:139614304:C:T	139614304	10	8.234881e-04	2.088822e-05	1
9	rs6560644:139614407:T:G	139614407	11	8.699972e-04	2.213115e-05	1
9	rs6560648:139691730:G:T	139691730	13	7.600157e-04	1.923723e-05	1
9	rs6560650:139803476:G:C	139803476	0	8.897441e-05	2.165480e-06	1
9	rs66470520	139142808	1	6.163786e-04	1.561372e-05	1
9	rs66477686:139372224:T:C	139372224	1	-4.073709e-04	-1.001318e-05	1
9	rs66574646:139145884:G:A	139145884	7	3.199719e-04	8.017426e-06	1
9	rs67021676	139146342	1	1.938079e-04	4.778901e-06	1
9	rs67220311:139376668:T:C	139376668	0	-1.990211e-04	-4.864588e-06	1
9	rs68142670:139324573:T:C	139324573	5	-1.074027e-04	-2.620395e-06	1
9	rs68182128	139157234	1	9.201488e-05	2.225805e-06	1
9	rs6866:139619366:C:G	139619366	7	4.851162e-04	1.186116e-05	1
9	rs6873:139618283:A:G	139618283	4	4.580128e-04	1.116896e-05	1
9	rs6874:139617836:C:T	139617836	7	-2.259364e-04	-5.726789e-06	1
9	rs7018859:139537684:G:A	139537684	6	-8.471438e-05	-2.193016e-06	1
9	rs7018997:139653318:G:A	139653318	8	-6.839299e-04	-1.699564e-05	1
9	rs7019026:139374243:C:T	139374243	1	-4.184965e-04	-1.049489e-05	1
9	rs7020662	139547695	2	-4.548916e-04	-1.140741e-05	1
9	rs7021932:139420590:T:C	139420590	8	1.031788e-03	2.697411e-05	1
9	rs7022601:139456600:A:G	139456600	16	7.042909e-05	1.817035e-06	1
9	rs7022785	139368883	0	-3.144755e-04	-8.116483e-06	1
9	rs7023544:139676253:C:T	139676253	5	1.420344e-04	3.477561e-06	1
9	rs7023607:139775043:A:G	139775043	4	-9.780713e-05	-2.376662e-06	1
9	rs7024579:139100413:C:T	139100413	13	-7.265490e-05	-1.771256e-06	1
9	rs7024909:139491495:T:A	139491495	16	-8.250021e-05	-2.139900e-06	1
9	rs7024911:139491519:T:A	139491519	16	-8.250021e-05	-2.139900e-06	1
9	rs7025113:139458452:C:G	139458452	15	1.903983e-04	4.919739e-06	1
9	rs7025238:139760431:G:A	139760431	14	-2.985643e-04	-7.307419e-06	1
9	rs7026080:139675894:A:C	139675894	5	1.420344e-04	3.477560e-06	1
9	rs7026644:139479580:T:C	139479580	7	6.915008e-04	1.716419e-05	1
9	rs7027246:139811585:A:G	139811585	2	1.205918e-05	2.936465e-07	1
9	rs7028806:139798142:G:T	139798142	0	3.385903e-05	8.237234e-07	1
9	rs7029239:139615549:G:A	139615549	4	7.874316e-04	1.977968e-05	1
9	rs7029302:139675983:A:G	139675983	8	1.801739e-04	4.415896e-06	1
9	rs7029694:139676254:A:G	139676254	5	1.420344e-04	3.477559e-06	1
9	rs7029932:139551281:A:C	139551281	6	2.012105e-04	5.225583e-06	1
9	rs7030079:139813694:C:G	139813694	0	3.385903e-05	8.237236e-07	1
9	rs7030618:139547710:T:C	139547710	14	-3.644867e-04	-9.136787e-06	1
9	rs7031621	139101772	0	-4.354150e-04	-1.047935e-05	1
9	rs7032070:139771838:C:T	139771838	4	-1.322492e-05	-3.206342e-07	1
9	rs7032172	139102144	2	-4.567655e-04	-1.112440e-05	1
9	rs7032944	139124856	0	-2.289394e-04	-5.827040e-06	1
9	rs7034762:139811991:T:C	139811991	2	1.205918e-05	2.936470e-07	1
9	rs7035408	139479513	2	4.535420e-04	1.106819e-05	1
9	rs7035854:139589508:C:G	139589508	13	-8.556469e-04	-2.166567e-05	1
9	rs7037079:139352273:A:G	139352273	5	-1.911452e-04	-4.942988e-06	1
9	rs7037205:139760259:C:G	139760259	14	-2.535211e-04	-6.197064e-06	1
9	rs7037712	139580082	0	4.629780e-05	1.164511e-06	1
9	rs7038042:139617626:G:A	139617626	6	8.367019e-04	2.110699e-05	1
9	rs7038656:139675829:G:C	139675829	5	1.420344e-04	3.477559e-06	1
9	rs7038658:139675835:G:C	139675835	5	1.420344e-04	3.477558e-06	1
9	rs7039332:139547706:G:A	139547706	13	-3.749785e-04	-9.400703e-06	1
9	rs7039663:139811482:G:A	139811482	6	2.781141e-05	6.769167e-07	1
9	rs7040556:139103955:G:A	139103955	13	2.743783e-05	6.734496e-07	1
9	rs7040924:139490030:C:T	139490030	14	4.078277e-05	1.054836e-06	1
9	rs7041329:139653493:T:A	139653493	7	-4.233014e-04	-1.060796e-05	1
9	rs7041806:139648298:G:A	139648298	2	-3.468841e-04	-8.680185e-06	1
9	rs7042019:139676072:G:A	139676072	5	1.420344e-04	3.477558e-06	1
9	rs7042020:139676076:G:C	139676076	5	1.420344e-04	3.477558e-06	1
9	rs7042091:139648497:G:A	139648497	2	-3.597782e-04	-9.010804e-06	1
9	rs7042397:139654872:A:T	139654872	9	-4.733307e-04	-1.190568e-05	1
9	rs7042742:139465634:T:C	139465634	9	1.249929e-04	3.227462e-06	1
9	rs7045311:139652269:G:A	139652269	6	-5.492323e-04	-1.387921e-05	1
9	rs7045416:139652329:G:C	139652329	6	-4.583259e-04	-1.151547e-05	1
9	rs7045859:139377938:T:G	139377938	3	-6.221386e-04	-1.511919e-05	1
9	rs7045986:139654777:T:C	139654777	9	-7.147889e-04	-1.777029e-05	1
9	rs7046156:139472614:A:G	139472614	9	1.924554e-04	4.978325e-06	1
9	rs7046857:139489997:A:T	139489997	14	4.078277e-05	1.054836e-06	1
9	rs7046865:139490006:A:G	139490006	14	4.078277e-05	1.054835e-06	1
9	rs7047115:139479310:C:G	139479310	7	6.915008e-04	1.716419e-05	1
9	rs7047117:139615343:A:G	139615343	6	-1.548880e-05	-3.840708e-07	1
9	rs7047133:139615386:A:G	139615386	6	-1.548880e-05	-3.840707e-07	1
9	rs7047374	139797906	0	8.897441e-05	2.165480e-06	1
9	rs7048334:139775023:C:G	139775023	4	-9.780713e-05	-2.376661e-06	1
9	rs7048473:139775146:C:T	139775146	4	-9.780713e-05	-2.376661e-06	1
9	rs7048838:139813807:G:A	139813807	0	8.897441e-05	2.165480e-06	1
9	rs7048940:139813855:G:A	139813855	2	1.886398e-05	4.592058e-07	1
9	rs71508846	139225232	0	1.164711e-04	2.979880e-06	1
9	rs71508848:139226753:G:A	139226753	11	-1.669165e-04	-4.290133e-06	1
9	rs71508877:139811523:C:T	139811523	3	-3.809530e-05	-9.856167e-07	1
9	rs72761013:139615888:C:T	139615888	8	9.402076e-04	2.408642e-05	1
9	rs72761015:139620333:C:T	139620333	9	-2.279943e-04	-5.781428e-06	1
9	rs72761016:139620637:G:A	139620637	9	-2.279943e-04	-5.781428e-06	1
9	rs72773785:139101570:C:T	139101570	8	8.898241e-06	2.224580e-07	1
9	rs72773787:139105834:C:T	139105834	6	-8.439084e-05	-2.127509e-06	1
9	rs72773790:139109080:T:C	139109080	9	-2.578236e-04	-6.305756e-06	1
9	rs72773791:139109263:G:A	139109263	8	-2.311446e-04	-5.648263e-06	1
9	rs72773794	139118515	0	-2.327341e-04	-5.992588e-06	1
9	rs72775704:139130382:G:A	139130382	0	-8.155472e-05	-2.054160e-06	1
9	rs72775710:139146650:C:T	139146650	2	2.070801e-04	5.109524e-06	1
9	rs72775713:139151014:C:T	139151014	4	3.479693e-04	8.779246e-06	1
9	rs72775717:139153293:T:C	139153293	16	5.641078e-04	1.429607e-05	1
9	rs72775719:139153592:C:T	139153592	8	-6.070360e-05	-1.463334e-06	1
9	rs72775724:139160591:A:T	139160591	9	6.306744e-04	1.616026e-05	1
9	rs72775731:139165781:T:G	139165781	3	5.345348e-04	1.360716e-05	1
9	rs72775735	139221567	4	3.394090e-05	8.569420e-07	1
9	rs72775736:139223505:G:C	139223505	12	2.008728e-04	5.118668e-06	1
9	rs72775739:139226079:G:A	139226079	15	-9.437701e-05	-2.407809e-06	1
9	rs72775743	139233939	0	3.697849e-05	9.401455e-07	1
9	rs72775750	139262612	2	-1.102167e-04	-2.847459e-06	1
9	rs72775756:139275006:C:T	139275006	3	-2.503509e-05	-6.465125e-07	1
9	rs72775757:139276924:T:C	139276924	4	3.431200e-05	8.880576e-07	1
9	rs72775768:139324574:C:T	139324574	9	1.296441e-04	3.145968e-06	1
9	rs72775772:139356738:C:T	139356738	3	-2.118230e-04	-5.180404e-06	1
9	rs72775778:139381128:G:A	139381128	1	-2.562166e-04	-6.269004e-06	1
9	rs72775784:139406496:C:T	139406496	5	-2.371242e-04	-6.028388e-06	1
9	rs72777509	139486206	0	-6.677589e-05	-1.712307e-06	1
9	rs72777518	139503936	0	-2.840760e-05	-7.359069e-07	1
9	rs72777546	139580967	1	4.528760e-05	1.174268e-06	1
9	rs73560774:139147461:G:A	139147461	7	-4.982310e-06	-1.254395e-07	1
9	rs73560778:139148266:C:T	139148266	7	-6.373833e-05	-1.649066e-06	1
9	rs73560781:139149348:G:C	139149348	7	-6.373833e-05	-1.649066e-06	1
9	rs73566911:139306773:C:T	139306773	13	-3.217437e-04	-8.289185e-06	1
9	rs73566929:139321973:C:A	139321973	9	1.698778e-04	4.378629e-06	1
9	rs73567913:139431629:C:G	139431629	9	-3.079079e-04	-7.945109e-06	1
9	rs73668313	139398789	2	1.503945e-04	3.883403e-06	1
9	rs73668362	139615581	1	-4.280153e-04	-1.103582e-05	1
9	rs73668366	139633207	1	4.645926e-05	1.189099e-06	1
9	rs73670207:139138024:C:T	139138024	15	-2.288384e-04	-5.922295e-06	1
9	rs73670236:139260038:T:C	139260038	10	-3.422308e-05	-8.766625e-07	1
9	rs73670241:139270806:G:A	139270806	2	-3.079546e-04	-7.956517e-06	1
9	rs73670253:139298243:G:T	139298243	7	-1.456206e-04	-3.750324e-06	1
9	rs73670273:139348265:A:G	139348265	5	-1.911452e-04	-4.942988e-06	1
9	rs73670282:139364211:G:A	139364211	5	-1.911452e-04	-4.942988e-06	1
9	rs73670288	139369079	2	4.447437e-06	1.176992e-07	1
9	rs7388748:139803633:T:C	139803633	0	3.385903e-05	8.237240e-07	1
9	rs74334220:139135795:T:C	139135795	12	1.808692e-04	4.679857e-06	1
9	rs74406785	139674783	2	3.302576e-04	8.101588e-06	1
9	rs74500209:139403877:G:A	139403877	11	1.682079e-05	4.374047e-07	1
9	rs74526389	139114428	1	3.329388e-04	8.594173e-06	1
9	rs74559375:139249178:T:A	139249178	2	3.682657e-06	9.396513e-08	1
9	rs74575881:139672698:C:G	139672698	7	1.843328e-04	4.518739e-06	1
9	rs74588921:139271396:G:C	139271396	10	1.145816e-04	2.967709e-06	1
9	rs74604683:139247229:C:T	139247229	2	3.682657e-06	9.396521e-08	1
9	rs74625409:139675563:C:G	139675563	5	1.420344e-04	3.477559e-06	1
9	rs74629521	139162130	0	-1.213093e-04	-3.120397e-06	1
9	rs7466679	139615948	0	6.792349e-04	1.684338e-05	1
9	rs74704486:139225352:C:G	139225352	12	-5.466414e-05	-1.401860e-06	1
9	rs74807161:139274006:C:T	139274006	5	1.427536e-04	3.535302e-06	1
9	rs74809972:139289450:T:C	139289450	7	1.745412e-04	4.510065e-06	1
9	rs74836839	139279310	0	4.106776e-04	1.066088e-05	1
9	rs74879845	139574660	0	-4.164496e-04	-1.073604e-05	1
9	rs74923932:139675552:G:C	139675552	5	1.420344e-04	3.477559e-06	1
9	rs75077188:139535420:G:A	139535420	7	1.991149e-05	4.942642e-07	1
9	rs75122415:139535153:A:G	139535153	8	7.244891e-05	1.813790e-06	1
9	rs75152213:139456177:C:T	139456177	6	4.687943e-04	1.224118e-05	1
9	rs75200747	139292762	0	-2.422292e-04	-6.251517e-06	1
9	rs75225202:139590797:C:A	139590797	10	7.376303e-04	1.900016e-05	1
9	rs75349291:139144769:A:G	139144769	10	-5.367599e-05	-1.376954e-06	1
9	rs75419678	139361040	2	-2.544594e-05	-6.526450e-07	1
9	rs75472867:139303352:G:C	139303352	3	1.735575e-04	4.476052e-06	1
9	rs75551002:139145937:C:T	139145937	7	-1.655015e-04	-4.249636e-06	1
9	rs75567969:139338900:G:A	139338900	6	1.204024e-04	3.124733e-06	1
9	rs75747777:139590392:C:G	139590392	10	7.738387e-04	1.998783e-05	1
9	rs75774186:139625143:A:G	139625143	15	-7.091156e-05	-1.807891e-06	1
9	rs75788475	139503203	2	2.122741e-04	5.516372e-06	1
9	rs75805957	139562391	0	2.708857e-04	6.926040e-06	1
9	rs75837171:139388636:C:G	139388636	6	1.388804e-04	3.592521e-06	1
9	rs75841341:139463244:C:T	139463244	8	4.733508e-04	1.236289e-05	1
9	rs75859952:139298225:C:T	139298225	0	4.106776e-04	1.066088e-05	1
9	rs75969625	139535855	0	1.054210e-04	2.638829e-06	1
9	rs76035236:139341294:C:T	139341294	4	-1.923830e-04	-4.975121e-06	1
9	rs76038116:139674817:T:C	139674817	5	1.741318e-04	4.266529e-06	1
9	rs76099196:139674793:C:T	139674793	5	1.741318e-04	4.266528e-06	1
9	rs76179734:139288688:G:T	139288688	12	1.591426e-04	3.920571e-06	1
9	rs76193299:139165907:G:A	139165907	3	5.345348e-04	1.360716e-05	1
9	rs76259794:139377405:C:A	139377405	0	-1.990211e-04	-4.864593e-06	1
9	rs7628:139318071:A:G	139318071	9	2.049068e-04	4.862852e-06	1
9	rs76313736:139276923:A:G	139276923	5	-1.641574e-04	-4.235697e-06	1
9	rs76345350:139295497:G:A	139295497	1	2.986581e-04	7.727262e-06	1
9	rs76562693	139370217	0	2.993647e-04	7.725365e-06	1
9	rs76564770:139251403:G:A	139251403	1	-6.604980e-06	-1.665112e-07	1
9	rs77047428:139373021:C:T	139373021	3	-1.411075e-04	-3.643102e-06	1
9	rs77206127:139313475:T:C	139313475	5	-1.722598e-04	-4.442906e-06	1
9	rs77511006:139650678:A:G	139650678	4	-4.412689e-04	-1.107487e-05	1
9	rs77596271	139406499	0	-4.430333e-04	-1.132750e-05	1
9	rs77633283:139246384:G:A	139246384	7	-3.692204e-05	-9.263681e-07	1
9	rs77729632:139357033:C:G	139357033	4	-1.923830e-04	-4.975121e-06	1
9	rs77813615:139245194:C:T	139245194	10	4.484048e-04	1.167278e-05	1
9	rs77922980:139263794:G:A	139263794	5	1.124186e-04	2.903704e-06	1
9	rs78078529	139166504	3	-2.833967e-04	-7.314969e-06	1
9	rs78191714:139324292:C:T	139324292	8	-3.742604e-04	-9.753988e-06	1
9	rs78240263	139447360	0	8.001292e-04	2.124399e-05	1
9	rs78270318:139245389:G:A	139245389	6	4.535038e-04	1.180829e-05	1
9	rs78298678:139243226:C:T	139243226	6	4.468651e-04	1.162659e-05	1
9	rs78389429:139650675:T:C	139650675	4	-4.412689e-04	-1.107487e-05	1
9	rs78403475	139235606	0	-2.278395e-04	-5.791485e-06	1
9	rs78428995:139281847:T:C	139281847	2	7.317722e-04	1.787329e-05	1
9	rs78475959:139116666:G:A	139116666	3	2.821772e-05	7.272607e-07	1
9	rs7848555:139252117:G:A	139252117	10	1.406092e-04	3.369704e-06	1
9	rs7848644:139639004:A:G	139639004	8	5.024585e-05	1.236283e-06	1
9	rs7848807:139635430:C:T	139635430	3	-1.989124e-04	-4.919350e-06	1
9	rs7849585:139111870:G:T	139111870	10	-1.019737e-03	-2.567172e-05	1
9	rs78498119	139143211	0	-1.416279e-04	-3.649463e-06	1
9	rs78503878:139250046:T:C	139250046	7	4.534103e-04	1.181927e-05	1
9	rs7850764:139546919:A:C	139546919	7	1.479256e-04	3.835487e-06	1
9	rs7852910	139511247	3	-5.438144e-04	-1.309404e-05	1
9	rs7852997:139528904:T:C	139528904	9	5.298262e-04	1.292052e-05	1
9	rs7853207:139251945:T:C	139251945	13	-2.486717e-04	-5.939970e-06	1
9	rs7854081	139498979	1	-1.239305e-04	-3.153730e-06	1
9	rs7854561:139450025:A:G	139450025	13	1.363016e-05	3.506606e-07	1
9	rs7854924:139800473:C:T	139800473	2	7.448093e-05	1.811080e-06	1
9	rs78554234	139107924	0	1.498081e-05	3.892780e-07	1
9	rs7859194	139694569	0	6.507238e-04	1.626779e-05	1
9	rs7859350:139628412:G:C	139628412	6	5.384598e-05	1.322475e-06	1
9	rs78596084:139672248:G:C	139672248	13	3.271866e-05	8.062198e-07	1
9	rs7859621	139623977	1	-4.399225e-04	-1.055868e-05	1
9	rs7859742:139529002:A:T	139529002	7	5.799716e-04	1.417559e-05	1
9	rs7859797	139535666	1	-3.687747e-04	-9.537856e-06	1
9	rs7862031:139636222:T:C	139636222	3	-7.370256e-05	-1.814612e-06	1
9	rs7863729:139381236:T:C	139381236	4	-1.486303e-04	-3.671978e-06	1
9	rs7863756:139381297:T:G	139381297	2	-1.240661e-04	-3.087649e-06	1
9	rs7863766:139381314:T:G	139381314	8	-3.337277e-04	-8.013374e-06	1
9	rs7864414:139339017:T:C	139339017	7	-6.678810e-04	-1.688307e-05	1
9	rs78644780:139145646:C:A	139145646	3	-2.191993e-05	-5.583414e-07	1
9	rs7864967:139328926:C:T	139328926	7	-1.666600e-04	-4.167763e-06	1
9	rs78664929	139429026	0	2.427784e-05	6.277471e-07	1
9	rs7868124:139799315:G:A	139799315	2	3.061630e-05	7.445679e-07	1
9	rs7868660:139798662:C:T	139798662	0	3.385903e-05	8.237254e-07	1
9	rs7868671:139798686:C:T	139798686	0	8.897441e-05	2.165482e-06	1
9	rs7869821:139375882:G:A	139375882	1	-1.011711e-04	-2.516345e-06	1
9	rs7871194	139544437	1	-1.745162e-04	-4.162233e-06	1
9	rs78715995	139114421	1	-2.208048e-04	-5.664065e-06	1
9	rs78718864	139468376	1	-1.777275e-04	-4.528465e-06	1
9	rs7872595:139807714:G:A	139807714	2	1.205918e-05	2.936485e-07	1
9	rs78786990:139270535:G:A	139270535	4	-2.375644e-04	-5.969532e-06	1
9	rs78789494:139373250:C:T	139373250	3	-1.411075e-04	-3.643102e-06	1
9	rs78892335:139301235:T:A	139301235	5	4.935141e-04	1.284911e-05	1
9	rs78901656:139315635:C:T	139315635	13	2.354882e-04	6.089352e-06	1
9	rs78950157:139354947:T:A	139354947	2	-2.406992e-04	-6.011566e-06	1
9	rs79143662:139674914:A:G	139674914	5	1.741318e-04	4.266526e-06	1
9	rs79265255:139309255:G:A	139309255	9	1.971619e-04	5.106638e-06	1
9	rs79283598	139272045	0	-2.594343e-04	-6.706880e-06	1
9	rs79323316	139120319	1	6.068474e-05	1.566254e-06	1
9	rs79371147:139260551:C:T	139260551	9	-2.139893e-04	-5.524932e-06	1
9	rs79374203:139672718:T:G	139672718	7	1.843328e-04	4.518734e-06	1
9	rs79539763:139136397:A:T	139136397	12	1.808692e-04	4.679858e-06	1
9	rs79574665:139457273:A:G	139457273	12	4.755028e-04	1.242038e-05	1
9	rs79599846	139158428	0	1.463861e-04	3.760135e-06	1
9	rs79784317:139298410:G:A	139298410	0	4.106776e-04	1.066088e-05	1
9	rs79796915:139260215:G:A	139260215	1	4.100288e-04	1.064379e-05	1
9	rs79856673:139257017:C:A	139257017	6	-3.500990e-05	-8.848446e-07	1
9	rs79906720:139535258:C:T	139535258	8	7.244891e-05	1.813787e-06	1
9	rs79972325:139267838:C:T	139267838	3	-2.344265e-04	-6.052077e-06	1
9	rs79974534	139348749	0	-1.019503e-04	-2.631265e-06	1
9	rs80000152:139451197:C:G	139451197	11	1.357073e-05	3.514320e-07	1
9	rs80029103:139298213:T:C	139298213	0	4.106776e-04	1.066088e-05	1
9	rs80031870	139522735	0	6.600046e-05	1.708652e-06	1
9	rs80119032:139129641:C:T	139129641	10	-1.123815e-04	-2.907246e-06	1
9	rs80145180:139303314:C:A	139303314	3	1.735575e-04	4.476048e-06	1
9	rs80222653:139319332:G:A	139319332	9	-2.943448e-04	-7.636322e-06	1
9	rs80227665:139340849:C:T	139340849	5	-1.911452e-04	-4.942987e-06	1
9	rs80243484:139305637:C:A	139305637	3	-2.734869e-04	-6.783758e-06	1
9	rs80290211:139555361:T:C	139555361	7	1.597707e-04	4.020253e-06	1
9	rs8413	139323311	1	-1.030636e-04	-2.465217e-06	1
9	rs8666	139744524	0	-3.246071e-04	-8.370269e-06	1
9	rs879467:139649580:G:A	139649580	3	-6.982471e-04	-1.702604e-05	1
9	rs883104:139616943:A:G	139616943	1	-1.075377e-04	-2.788970e-06	1
9	rs885446	139443989	1	4.111697e-04	1.051354e-05	1
9	rs914746	139538754	0	-3.735333e-05	-9.659767e-07	1
9	rs914747	139570580	0	5.783573e-04	1.478903e-05	1
9	rs9314869:139537510:T:C	139537510	6	-8.471438e-05	-2.193017e-06	1
9	rs9411206	139405501	1	4.714127e-04	1.135684e-05	1
9	rs9411207	139408551	0	-3.807417e-04	-9.225029e-06	1
9	rs9411208	139412197	1	4.194199e-04	1.009303e-05	1
9	rs9411217	139591685	0	-8.558661e-04	-2.143449e-05	1
9	rs9411218:139613930:A:G	139613930	8	-3.051908e-04	-7.869896e-06	1
9	rs9411219:139614170:A:G	139614170	9	-6.715102e-04	-1.632662e-05	1
9	rs9411234:139679955:G:A	139679955	7	2.126515e-04	5.110069e-06	1
9	rs9411237:139688416:G:A	139688416	15	4.777919e-05	1.137594e-06	1
9	rs9411253:139406313:G:C	139406313	8	5.792429e-05	1.487197e-06	1
9	rs9411262	139574377	2	-1.590687e-04	-3.866269e-06	1
9	rs9411267:139283772:A:C	139283772	13	-1.328324e-04	-3.385482e-06	1
9	rs9411269:139613686:G:A	139613686	3	-7.748201e-04	-1.891260e-05	1
9	rs9411270:139285516:C:T	139285516	13	-1.328324e-04	-3.385481e-06	1
9	rs9411272:139652338:C:G	139652338	4	-4.901929e-04	-1.182700e-05	1
9	rs9411285:139679892:A:G	139679892	7	2.126515e-04	5.110057e-06	1
9	rs9411286:139679916:A:G	139679916	7	2.126515e-04	5.110053e-06	1
9	rs9411287:139679934:C:T	139679934	7	2.126515e-04	5.110048e-06	1
9	rs9411288	139292275	0	-2.553516e-05	-6.545944e-07	1
9	rs944758	139483954	1	-6.083858e-04	-1.479771e-05	1
9	rs945382:139621919:C:G	139621919	8	-2.264700e-04	-5.820932e-06	1
9	rs945383:139618838:C:A	139618838	10	9.787039e-04	2.504961e-05	1
9	rs945384	139616742	14	-9.968480e-05	-2.554571e-06	1
9	rs945386	139693596	2	5.568758e-04	1.384858e-05	1
9	rs945388:139700104:T:C	139700104	2	2.044291e-04	5.055794e-06	1
9	rs9548:139317823:C:T	139317823	1	-1.976267e-04	-4.889036e-06	1
9	rs9657743:139367457:T:C	139367457	2	-1.564753e-04	-3.897211e-06	1
9	rs9657744:139367610:G:A	139367610	1	-2.605546e-04	-6.509131e-06	1
9	rs9695865:139104090:C:T	139104090	8	2.737293e-04	7.069606e-06	1
9	rs9696116:139100805:T:C	139100805	14	1.200514e-04	2.938308e-06	1
9	rs9886752	139634495	0	-1.600642e-04	-3.948264e-06	1
