chr	rs	ps	n_miss	b	beta	gamma
16	rs10083738:29927702:G:A	29927702	2	8.347550e-05	1.071292e-05	1
16	rs1016974:27983852:A:T	27983852	8	-2.358028e-04	-3.758093e-05	1
16	rs10204:29826538:T:C	29826538	4	-1.798867e-04	-2.925678e-05	1
16	rs1045968:29826365:G:T	29826365	3	1.839140e-04	3.389113e-05	1
16	rs10499:28915527:G:A	28915527	4	-3.913440e-04	-5.622988e-05	1
16	rs1050881:29675928:C:T	29675928	11	-2.092537e-04	-4.285038e-05	1
16	rs10521145:28596884:G:A	28596884	16	5.428728e-04	1.288987e-04	1
16	rs1057451:29833488:G:T	29833488	3	1.713936e-04	2.775720e-05	1
16	rs1057452:29833714:G:A	29833714	5	1.783673e-04	3.330961e-05	1
16	rs1059491:28603655:T:G	28603655	9	2.214860e-04	2.973667e-05	1
16	rs1074629:28554148:G:A	28554148	6	-2.250116e-04	-6.137330e-05	1
16	rs1074631:28554108:G:A	28554108	11	2.948613e-04	4.075804e-05	1
16	rs10871449	29652488	1	2.251967e-04	2.968893e-05	1
16	rs10871481:29284112:A:T	29284112	3	3.389723e-05	4.379131e-06	1
16	rs11074888:28023056:C:T	28023056	4	-7.928578e-04	-1.492786e-04	1
16	rs11074892:28174034:C:A	28174034	9	-6.738849e-04	-1.316949e-04	1
16	rs11074893:28174284:C:T	28174284	15	-8.393174e-04	-2.036828e-04	1
16	rs11074898:28210321:C:T	28210321	10	4.018172e-04	1.059106e-04	1
16	rs11074911:28583865:C:T	28583865	1	3.481879e-04	4.902997e-05	1
16	rs1109520:29190758:A:G	29190758	13	-3.344532e-06	-5.008306e-07	1
16	rs1109521:29190753:A:G	29190753	13	-4.798314e-05	-7.223524e-06	1
16	rs11150564	29666736	0	-7.270287e-05	-8.934056e-06	1
16	rs11150574:29934819:C:T	29934819	2	8.347550e-05	1.071292e-05	1
16	rs11150576	29965496	0	7.550526e-06	1.027075e-06	1
16	rs11150609:28870596:A:G	28870596	1	4.086061e-04	5.878456e-05	1
16	rs11150623	28881001	1	8.277279e-04	1.969131e-04	1
16	rs11150675:28980531:G:A	28980531	1	-2.802401e-04	-4.068905e-05	1
16	rs11150696:29142826:G:T	29142826	8	4.832183e-04	1.098495e-04	1
16	rs11150713:29282753:A:G	29282753	14	-1.217779e-04	-1.666510e-05	1
16	rs111690886:29189621:G:A	29189621	16	-4.927329e-06	-7.388380e-07	1
16	rs111693583:28583610:C:T	28583610	2	3.073433e-04	4.256350e-05	1
16	rs111720341:28522590:C:A	28522590	10	-6.517062e-05	-1.504996e-05	1
16	rs111806192:28252382:G:T	28252382	8	-5.450612e-04	-9.635955e-05	1
16	rs111807115:29273098:G:A	29273098	8	-4.520582e-04	-9.486537e-05	1
16	rs111820348:28645127:C:T	28645127	12	-2.889435e-04	-4.734780e-05	1
16	rs111875922	28562479	0	-3.080974e-04	-9.421671e-05	1
16	rs111989734:29153276:C:T	29153276	14	-2.390431e-04	-3.657304e-05	1
16	rs112047757:28590862:C:T	28590862	3	3.794457e-04	5.432558e-05	1
16	rs112128999:29264813:C:T	29264813	14	-1.108591e-04	-2.066254e-05	1
16	rs112131656:29764539:G:A	29764539	11	1.413290e-04	2.320796e-05	1
16	rs112191041:28583362:A:G	28583362	1	3.481879e-04	4.902991e-05	1
16	rs112201399	29690177	0	-2.346076e-04	-6.133984e-05	1
16	rs112358628:29306040:A:T	29306040	10	1.266269e-04	2.098173e-05	1
16	rs112366001:28561785:T:A	28561785	10	1.967629e-04	2.632869e-05	1
16	rs112400041:29669780:A:G	29669780	9	-3.895064e-04	-8.479163e-05	1
16	rs112498248:29259987:G:A	29259987	2	-3.064633e-05	-5.001610e-06	1
16	rs112517029:28567754:C:T	28567754	15	-1.569106e-04	-3.962921e-05	1
16	rs112600506:29004363:A:G	29004363	9	2.873499e-04	6.427424e-05	1
16	rs112616439	28147932	1	-4.247349e-04	-1.181797e-04	1
16	rs112652568	29412437	0	7.991223e-05	1.771337e-05	1
16	rs112780074	29150174	0	-6.110545e-04	-1.540892e-04	1
16	rs112831778:28590989:C:T	28590989	7	2.924416e-04	4.017983e-05	1
16	rs1129700	29918034	0	2.708904e-04	3.507392e-05	1
16	rs113029997:28825100:T:C	28825100	4	3.964178e-04	5.644934e-05	1
16	rs113079736:28860183:G:A	28860183	1	4.086061e-04	5.878447e-05	1
16	rs113137773:29753314:G:A	29753314	5	-2.417058e-04	-4.580670e-05	1
16	rs113145245:29278701:G:C	29278701	8	-3.765249e-04	-7.403059e-05	1
16	rs1131543:28997997:G:A	28997997	8	2.013036e-04	2.759794e-05	1
16	rs113208333:28606160:G:T	28606160	9	4.177528e-04	6.117790e-05	1
16	rs113223003:29765012:A:G	29765012	12	-1.123247e-04	-2.045882e-05	1
16	rs113257226:28048627:G:A	28048627	11	2.102390e-05	4.587902e-06	1
16	rs113376800:29736698:A:G	29736698	13	9.619616e-06	1.667408e-06	1
16	rs113378736:29294130:C:T	29294130	6	-4.031019e-04	-8.049030e-05	1
16	rs113389983:29285085:G:A	29285085	5	-3.966096e-04	-7.865823e-05	1
16	rs113443718:29892184:G:A	29892184	15	4.891947e-05	7.210899e-06	1
16	rs11344:29910518:C:G	29910518	2	6.563893e-05	8.863438e-06	1
16	rs113458503:28973267:C:T	28973267	8	-9.436288e-05	-1.176973e-05	1
16	rs1134700:29709777:C:T	29709777	3	-3.378040e-04	-6.509663e-05	1
16	rs113478212	29596230	0	1.150604e-04	3.018152e-05	1
16	rs113531157:28172628:C:T	28172628	7	-4.125149e-04	-1.167006e-04	1
16	rs113592099:29751483:C:T	29751483	0	-1.343907e-04	-2.155558e-05	1
16	rs113753753	29891206	0	-1.178275e-04	-3.170755e-05	1
16	rs1137843:28977713:T:C	28977713	6	-3.248754e-04	-4.841708e-05	1
16	rs113826909:29747901:A:G	29747901	9	-2.165451e-04	-4.139069e-05	1
16	rs113834633:29662778:C:T	29662778	13	9.192937e-05	2.427378e-05	1
16	rs114464874:29333126:A:C	29333126	12	9.682405e-05	2.694913e-05	1
16	rs114956645:28830288:G:C	28830288	5	-1.122658e-05	-2.606660e-06	1
16	rs115014474:28516823:A:G	28516823	2	2.683929e-04	6.640709e-05	1
16	rs115315674:29245885:C:G	29245885	9	-8.585976e-05	-1.558378e-05	1
16	rs11547490	28975662	0	2.795307e-04	8.034582e-05	1
16	rs115616784:29000446:G:A	29000446	12	-2.349304e-04	-3.369162e-05	1
16	rs11569775:28607526:C:G	28607526	6	5.505246e-04	2.036895e-04	1
16	rs11574550:29673970:C:G	29673970	5	-2.904175e-04	-5.454778e-05	1
16	rs11574551	29673995	0	-3.089330e-04	-5.777114e-05	1
16	rs116286717:29275779:T:C	29275779	11	-9.554927e-05	-1.884151e-05	1
16	rs11639636	28147085	0	-3.130685e-05	-8.081894e-06	1
16	rs11639897:28952638:T:C	28952638	7	-7.622018e-05	-1.006061e-05	1
16	rs11640001	28149672	0	3.699436e-04	5.296832e-05	1
16	rs11640105:29158075:G:T	29158075	2	-1.609412e-04	-2.362934e-05	1
16	rs11640420:28202340:G:T	28202340	10	-2.466891e-05	-5.080265e-06	1
16	rs11640805:29160996:C:T	29160996	11	-1.755655e-04	-2.636713e-05	1
16	rs11641071:27965120:T:A	27965120	9	-9.687045e-05	-1.883292e-05	1
16	rs11641216:28893532:A:G	28893532	9	4.339307e-04	6.434726e-05	1
16	rs11641378:29190130:A:G	29190130	11	-1.657012e-05	-2.486210e-06	1
16	rs11641732:29154294:T:C	29154294	0	-1.646135e-04	-2.415977e-05	1
16	rs11641843:29154548:T:A	29154548	0	-2.444015e-04	-3.713642e-05	1
16	rs11641853:28589719:A:G	28589719	11	5.683250e-04	1.346292e-04	1
16	rs11642449:28896015:C:T	28896015	16	3.808766e-04	5.543255e-05	1
16	rs11642638	28984945	0	-2.664164e-04	-3.844389e-05	1
16	rs11642692:29190237:T:G	29190237	11	-1.657012e-05	-2.486201e-06	1
16	rs11642720:29157143:C:A	29157143	2	-1.609412e-04	-2.362932e-05	1
16	rs11642727:28974240:C:A	28974240	2	-3.259868e-04	-4.836034e-05	1
16	rs11642933:29946708:G:A	29946708	4	1.138214e-04	1.489542e-05	1
16	rs11643297:28973268:A:G	28973268	11	-1.114403e-04	-1.544970e-05	1
16	rs11643582:29654705:A:G	29654705	3	2.012332e-04	2.646783e-05	1
16	rs11644151:28895660:G:A	28895660	12	3.283579e-04	4.770311e-05	1
16	rs11644176:29158254:C:G	29158254	1	-2.315516e-04	-3.504679e-05	1
16	rs11644273:29132010:A:T	29132010	7	5.599420e-05	8.305800e-06	1
16	rs11644442:29153897:G:A	29153897	1	-2.227426e-04	-3.330133e-05	1
16	rs11644622:29154350:G:C	29154350	5	-2.016463e-04	-3.031135e-05	1
16	rs11644730:29154567:G:A	29154567	0	-1.646135e-04	-2.415974e-05	1
16	rs11645143:28893409:T:C	28893409	14	4.898966e-04	7.587242e-05	1
16	rs11645306:28983936:G:C	28983936	8	-8.747081e-05	-1.195724e-05	1
16	rs11646118:29926471:T:C	29926471	12	1.864242e-04	4.112689e-05	1
16	rs11646127:29966277:G:C	29966277	4	7.636669e-05	1.043116e-05	1
16	rs11646140	29155480	0	-2.444015e-04	-3.713639e-05	1
16	rs11646318	29265508	3	-9.458238e-05	-1.901223e-05	1
16	rs11646653	28922149	0	-3.711896e-04	-5.373421e-05	1
16	rs11647191	28154759	1	3.570682e-05	7.041500e-06	1
16	rs11647753:29928115:A:G	29928115	12	-4.292766e-05	-5.672442e-06	1
16	rs11648430	29022557	0	-3.008823e-04	-4.042129e-05	1
16	rs11648675	29780731	0	-6.970494e-04	-1.429446e-04	1
16	rs11649111	29187654	1	1.328155e-05	1.937352e-06	1
16	rs11649499	29908433	0	1.377955e-04	2.190617e-05	1
16	rs11649612:29946670:T:C	29946670	5	1.465797e-04	1.936491e-05	1
16	rs11649671:29328594:G:T	29328594	7	7.573413e-05	2.098141e-05	1
16	rs116922328:29965785:G:A	29965785	7	-1.672653e-04	-3.830096e-05	1
16	rs117075401	29614830	2	1.860203e-04	4.976480e-05	1
16	rs117076928	28299912	2	5.737893e-05	1.461264e-05	1
16	rs117077416:29971913:G:A	29971913	7	1.111978e-04	2.987053e-05	1
16	rs117079286	28906666	0	1.846501e-04	4.403186e-05	1
16	rs117113898:27981530:A:G	27981530	10	-1.386540e-04	-3.686465e-05	1
16	rs117121893:28320219:C:T	28320219	2	1.790956e-04	4.835831e-05	1
16	rs117198781:28523937:C:A	28523937	2	2.685938e-04	6.749953e-05	1
16	rs117266893	29276374	0	-1.278565e-04	-2.826880e-05	1
16	rs117305597	28017571	0	1.630638e-05	4.342070e-06	1
16	rs117310634:29285034:G:A	29285034	16	-2.782046e-04	-6.874661e-05	1
16	rs117313280:28651893:A:G	28651893	5	-7.879155e-05	-1.173157e-05	1
16	rs117331333:28132200:T:C	28132200	2	-2.367721e-04	-6.306618e-05	1
16	rs117376252	28139480	0	5.092546e-06	1.391088e-06	1
16	rs117383236:29939177:G:A	29939177	10	-6.894360e-05	-1.801291e-05	1
16	rs117388875:29207035:T:A	29207035	7	7.663571e-05	1.914063e-05	1
16	rs117417282	29137508	0	-5.800405e-05	-1.436074e-05	1
16	rs117447620	28018589	0	2.715732e-04	7.475093e-05	1
16	rs117470737	28581727	0	-1.523905e-04	-4.258174e-05	1
16	rs117472293	29172837	0	4.248535e-05	1.017319e-05	1
16	rs117481765:28492306:G:T	28492306	2	1.908176e-04	5.179546e-05	1
16	rs117484095:28012088:T:A	28012088	8	-2.685628e-04	-8.094462e-05	1
16	rs117562643	29313383	0	1.871747e-05	4.864491e-06	1
16	rs117580044	28859861	1	1.427661e-04	3.501641e-05	1
16	rs117590634	29934113	0	5.171959e-05	1.230460e-05	1
16	rs117594529:27987775:T:C	27987775	15	1.440137e-04	3.904754e-05	1
16	rs117673009	29971781	1	-4.092344e-05	-1.105787e-05	1
16	rs117718914	29265493	1	-1.777526e-04	-4.796638e-05	1
16	rs117782601	29613511	0	-7.819391e-05	-1.835109e-05	1
16	rs117790976:28320603:A:C	28320603	14	-1.470116e-05	-3.890555e-06	1
16	rs117807799:27964731:G:T	27964731	5	3.051853e-05	8.403866e-06	1
16	rs117838040:27969210:A:G	27969210	14	1.431734e-04	3.880787e-05	1
16	rs117841027	28885725	0	-9.669012e-05	-2.655146e-05	1
16	rs117870157:29316133:A:C	29316133	14	-1.278987e-05	-3.405577e-06	1
16	rs117898009:28838018:T:C	28838018	5	-1.576036e-04	-3.994091e-05	1
16	rs117905809	29246098	1	-7.515096e-05	-2.054308e-05	1
16	rs117968396	28337920	0	-9.029453e-05	-2.459647e-05	1
16	rs117969488:28144227:G:A	28144227	2	-2.367721e-04	-6.306618e-05	1
16	rs117985404	28600021	0	5.939809e-05	1.619391e-05	1
16	rs118024944	28978833	0	4.077923e-05	1.086904e-05	1
16	rs118040062:29314466:C:T	29314466	16	7.174488e-05	1.947339e-05	1
16	rs118058081	29860299	3	-2.284941e-04	-6.714415e-05	1
16	rs118058279:28539519:C:G	28539519	5	-2.264884e-04	-6.182436e-05	1
16	rs118064647:28558444:A:G	28558444	8	-1.452143e-05	-3.994790e-06	1
16	rs118091112	28019299	0	2.357414e-04	6.238796e-05	1
16	rs118127284:28179994:G:T	28179994	9	-6.615853e-05	-1.658789e-05	1
16	rs118134830:28552552:C:T	28552552	10	2.101184e-04	5.405308e-05	1
16	rs118190925:28290504:C:T	28290504	9	1.327778e-04	3.011253e-05	1
16	rs11859512:28871853:C:T	28871853	2	4.126000e-04	5.951098e-05	1
16	rs11859871:29835440:A:G	29835440	3	1.713936e-04	2.775718e-05	1
16	rs11859981	29138143	0	5.098068e-04	1.162336e-04	1
16	rs11860294:29273758:C:T	29273758	13	7.430206e-05	9.817763e-06	1
16	rs11860513:28825420:C:T	28825420	4	3.964178e-04	5.644920e-05	1
16	rs11861040:29301166:A:G	29301166	3	2.957224e-04	5.071519e-05	1
16	rs11861132:28871860:A:G	28871860	1	4.086061e-04	5.878432e-05	1
16	rs11861174:28871989:A:G	28871989	1	4.086061e-04	5.878431e-05	1
16	rs11861297:29298364:A:T	29298364	4	4.894974e-04	9.213324e-05	1
16	rs11861511:29113641:A:G	29113641	8	4.834960e-04	1.091073e-04	1
16	rs11862055:29733712:C:T	29733712	14	-6.925309e-05	-1.209645e-05	1
16	rs11862091:29273501:T:C	29273501	12	-5.410546e-05	-7.125041e-06	1
16	rs11862319:29298280:T:C	29298280	4	4.894974e-04	9.213321e-05	1
16	rs11862462:28301134:T:C	28301134	10	-6.802745e-04	-2.539127e-04	1
16	rs11863145:29272255:G:A	29272255	7	-1.522871e-04	-2.026576e-05	1
16	rs11863286:29272644:G:C	29272644	9	-1.539057e-04	-2.049782e-05	1
16	rs11863370:28879484:A:G	28879484	2	4.079862e-04	5.869267e-05	1
16	rs11863619:29134064:C:T	29134064	4	4.925855e-04	1.118553e-04	1
16	rs11863731:29848932:A:G	29848932	2	2.601931e-04	4.960826e-05	1
16	rs11863734:29848946:A:G	29848946	3	2.898962e-04	4.920986e-05	1
16	rs11863748	29835588	0	1.342560e-04	2.426378e-05	1
16	rs11864107:28885931:T:C	28885931	2	4.052481e-04	5.820971e-05	1
16	rs11864180	29830829	1	1.553087e-04	2.818464e-05	1
16	rs11864422:29268820:A:G	29268820	13	-3.005505e-05	-3.784473e-06	1
16	rs11864750:28875204:A:T	28875204	1	4.086061e-04	5.878427e-05	1
16	rs11865101:29288501:T:C	29288501	6	1.067695e-04	1.392962e-05	1
16	rs11865379:29274056:G:A	29274056	10	-3.942317e-05	-5.193172e-06	1
16	rs11865661:29296666:C:T	29296666	5	1.102512e-04	1.441645e-05	1
16	rs11865711:29118679:C:T	29118679	13	4.785769e-04	1.133510e-04	1
16	rs11866265:28301300:A:C	28301300	10	-6.802745e-04	-2.539126e-04	1
16	rs12050928:28982517:T:C	28982517	8	2.650621e-04	3.736946e-05	1
16	rs12102415:27970659:T:C	27970659	4	6.575582e-06	1.008200e-06	1
16	rs12325014:28860237:C:G	28860237	1	4.086061e-04	5.878425e-05	1
16	rs12325113:28848668:T:C	28848668	3	4.554488e-04	6.703541e-05	1
16	rs12325239:29894662:C:T	29894662	15	-8.727990e-05	-2.331187e-05	1
16	rs12325278:28848818:A:G	28848818	0	4.145518e-04	5.982210e-05	1
16	rs12443881	28841777	0	4.937760e-04	7.442299e-05	1
16	rs12444171:28845251:G:A	28845251	1	4.137301e-04	5.969378e-05	1
16	rs12444306:28280527:G:A	28280527	12	2.938166e-04	7.143221e-05	1
16	rs12444319:28338263:G:A	28338263	15	1.932935e-04	5.320623e-05	1
16	rs12444899:28280831:C:G	28280831	11	2.777283e-04	6.542170e-05	1
16	rs12444955:27980343:C:T	27980343	1	-3.639518e-04	-5.888499e-05	1
16	rs12444962:28045396:A:G	28045396	12	-5.928843e-06	-1.315483e-06	1
16	rs12444978:29924422:A:T	29924422	2	8.247267e-05	1.058299e-05	1
16	rs12444993:27980502:C:A	27980502	2	-3.535835e-04	-5.693929e-05	1
16	rs12445519:28606152:A:G	28606152	11	-5.246517e-04	-1.460401e-04	1
16	rs12445705	28609696	10	-3.878623e-04	-7.913261e-05	1
16	rs12445744:28588395:A:C	28588395	6	1.660087e-04	2.209664e-05	1
16	rs12445823:28588049:A:C	28588049	5	1.967716e-04	2.620705e-05	1
16	rs12445896:28282508:A:G	28282508	8	2.879872e-04	6.792683e-05	1
16	rs12446008:28644459:C:T	28644459	10	-2.821629e-05	-4.215421e-06	1
16	rs12446189	29011297	0	-7.653404e-05	-1.405416e-05	1
16	rs12446451:28293030:G:A	28293030	5	2.194495e-04	5.071388e-05	1
16	rs12446550:28543381:G:A	28543381	3	5.951453e-05	7.513313e-06	1
16	rs12446589:28870962:G:A	28870962	3	4.900521e-04	7.326159e-05	1
16	rs12446798	28283735	0	2.293688e-04	5.167967e-05	1
16	rs12447159:29610670:G:A	29610670	16	1.325918e-04	3.518444e-05	1
16	rs12447251:28083665:A:G	28083665	8	5.202167e-04	9.658850e-05	1
16	rs12447328:28280534:T:C	28280534	12	2.938166e-04	7.143221e-05	1
16	rs12447415	29682945	3	-1.397496e-04	-1.818178e-05	1
16	rs12447461:28582941:C:A	28582941	1	3.481879e-04	4.902962e-05	1
16	rs12447715:29152765:C:T	29152765	4	-2.515670e-04	-4.467872e-05	1
16	rs12448090:28288111:A:G	28288111	12	1.124378e-04	2.504047e-05	1
16	rs12448270:28541124:C:T	28541124	16	-5.021375e-05	-1.341108e-05	1
16	rs12448429:28588443:C:T	28588443	2	3.519370e-04	4.966932e-05	1
16	rs12448633:29400742:C:A	29400742	9	1.869074e-04	4.662658e-05	1
16	rs12448769:29672197:C:T	29672197	13	2.276638e-05	2.854975e-06	1
16	rs12448963:28285830:A:G	28285830	11	1.914443e-04	4.284142e-05	1
16	rs12449272:28962755:G:A	28962755	2	-4.942139e-04	-8.053948e-05	1
16	rs12596042:29934754:T:A	29934754	2	8.347550e-05	1.071288e-05	1
16	rs12596308	29691196	0	-2.585860e-04	-3.382371e-05	1
16	rs12596536:29402369:C:T	29402369	5	1.059636e-04	2.614035e-05	1
16	rs12596562:28266156:T:C	28266156	3	3.207105e-04	7.747822e-05	1
16	rs12597404:29152906:G:A	29152906	2	-1.333530e-04	-1.947809e-05	1
16	rs12597953:29189394:G:C	29189394	11	-6.113672e-05	-9.189204e-06	1
16	rs12599208:29153112:C:T	29153112	1	-1.476094e-04	-2.161200e-05	1
16	rs12599318:29692414:A:G	29692414	12	-2.419642e-04	-3.459133e-05	1
16	rs12691307:29939877:A:G	29939877	10	8.726849e-05	1.150623e-05	1
16	rs12708708:28250533:T:C	28250533	3	-5.617462e-04	-9.820279e-05	1
16	rs12716972	29936654	0	6.408079e-05	8.185484e-06	1
16	rs12716973:29937652:G:A	29937652	3	2.216474e-05	2.798797e-06	1
16	rs12716974	29944832	0	1.313882e-04	1.724490e-05	1
16	rs12716975:29950829:C:T	29950829	4	1.241419e-04	1.626739e-05	1
16	rs12717010	28957170	0	3.607679e-04	5.442920e-05	1
16	rs12717011:28957172:G:T	28957172	0	3.607679e-04	5.442919e-05	1
16	rs12917712	29882490	0	1.111064e-04	1.498822e-05	1
16	rs12917921:29156976:A:G	29156976	2	-1.609412e-04	-2.362925e-05	1
16	rs12918652:29964357:T:C	29964357	4	7.338801e-05	1.009810e-05	1
16	rs12919612	29895303	0	2.073670e-04	2.720822e-05	1
16	rs12919683:29943367:T:C	29943367	7	9.754930e-05	1.278156e-05	1
16	rs12919889:29142372:G:C	29142372	16	1.576931e-04	2.371988e-05	1
16	rs12920514	28835900	0	2.416930e-04	3.314602e-05	1
16	rs12920556:29153284:T:C	29153284	1	-1.724778e-04	-2.540447e-05	1
16	rs12920707:27969978:G:A	27969978	5	-1.856253e-05	-2.846587e-06	1
16	rs12920760:29844279:G:A	29844279	3	2.348776e-04	4.448036e-05	1
16	rs12921608:29192526:T:C	29192526	15	2.108792e-05	3.185047e-06	1
16	rs12921944:29152340:C:T	29152340	2	-3.698281e-05	-5.324394e-06	1
16	rs12922344:28232688:T:A	28232688	6	-6.081941e-04	-1.110860e-04	1
16	rs12922379:27965305:A:T	27965305	8	6.631983e-04	1.175120e-04	1
16	rs12922496:29130999:C:T	29130999	10	1.154285e-04	1.679908e-05	1
16	rs12923394:29133896:G:A	29133896	8	1.271493e-04	1.906207e-05	1
16	rs12923643	28966835	0	-1.709524e-04	-4.305097e-05	1
16	rs12923684	28245027	1	-5.876679e-04	-1.057995e-04	1
16	rs12923760:29147462:C:G	29147462	12	-8.362843e-05	-1.259964e-05	1
16	rs12923778:29147497:C:G	29147497	12	-8.362843e-05	-1.259964e-05	1
16	rs12923886:29732022:G:A	29732022	8	6.211007e-05	1.716736e-05	1
16	rs12923895:29022380:C:T	29022380	0	-3.008823e-04	-4.042123e-05	1
16	rs12923999:29140410:C:T	29140410	4	1.305874e-04	3.645163e-05	1
16	rs12924041:29156139:C:T	29156139	1	-1.730463e-04	-2.546764e-05	1
16	rs12924167:29140524:C:T	29140524	4	5.170902e-04	1.198424e-04	1
16	rs12925328:29152044:G:A	29152044	2	-3.698281e-05	-5.324381e-06	1
16	rs12927375:27987780:C:G	27987780	7	-3.073939e-04	-4.908497e-05	1
16	rs12928183:28084391:G:T	28084391	7	4.302453e-04	7.325039e-05	1
16	rs12928333	27987682	0	-1.926737e-04	-4.961729e-05	1
16	rs12928632:29118255:C:T	29118255	14	-4.087020e-04	-5.726807e-05	1
16	rs12928754:29679989:A:G	29679989	12	-2.604801e-04	-3.680194e-05	1
16	rs12929818:29191328:A:G	29191328	14	-4.548873e-05	-6.851905e-06	1
16	rs12929826:29717884:T:G	29717884	10	1.599087e-04	2.554262e-05	1
16	rs12930146:29286610:A:C	29286610	8	1.284495e-04	1.689136e-05	1
16	rs12930239:29908777:C:G	29908777	5	2.100166e-04	2.850245e-05	1
16	rs12931589:28979297:G:T	28979297	16	2.615269e-04	3.747731e-05	1
16	rs12932023:29715852:G:A	29715852	14	2.294626e-05	6.274218e-06	1
16	rs12932306:29148307:G:T	29148307	11	-8.406866e-05	-1.264988e-05	1
16	rs12932307:29148308:G:C	29148308	11	-8.406866e-05	-1.264988e-05	1
16	rs12932310:29846133:A:G	29846133	7	3.097400e-04	6.195379e-05	1
16	rs12932580:27981544:G:A	27981544	2	-3.535835e-04	-5.693928e-05	1
16	rs12932680:29689845:G:A	29689845	8	1.143679e-05	2.524618e-06	1
16	rs12932691:29846729:C:A	29846729	9	3.012194e-04	6.059730e-05	1
16	rs12932818:29143427:T:A	29143427	11	1.778193e-04	4.396201e-05	1
16	rs12932957:29680256:T:G	29680256	14	-2.444676e-04	-3.437715e-05	1
16	rs12933234:27981362:T:A	27981362	6	-3.764703e-04	-6.168312e-05	1
16	rs12933235:27981363:T:G	27981363	6	-3.764703e-04	-6.168312e-05	1
16	rs12933498:29943459:C:A	29943459	6	9.922146e-05	1.300358e-05	1
16	rs12933548	29790709	1	1.668807e-04	3.781943e-05	1
16	rs12933766	29922011	1	2.719557e-04	3.508210e-05	1
16	rs12934200:29142415:C:G	29142415	16	1.402442e-04	2.099664e-05	1
16	rs12934920	28566933	0	-4.196371e-04	-1.021996e-04	1
16	rs12934960:28979263:A:G	28979263	6	1.251813e-04	1.679393e-05	1
16	rs12935265:29931028:A:G	29931028	5	2.091492e-04	6.038204e-05	1
16	rs12935321:28572021:G:A	28572021	7	-4.519980e-04	-1.167865e-04	1
16	rs13329799:28189573:G:C	28189573	12	-6.902841e-04	-1.388969e-04	1
16	rs13329884:29281054:G:C	29281054	0	5.112512e-05	6.561828e-06	1
16	rs13330019:29316224:G:A	29316224	11	2.665389e-04	4.541990e-05	1
16	rs13331170:28561982:T:C	28561982	5	2.986746e-05	3.783007e-06	1
16	rs13331691:28570050:A:G	28570050	5	-2.352114e-04	-6.297265e-05	1
16	rs13331733	29848417	0	1.956918e-04	3.615429e-05	1
16	rs13331798	29747291	0	-1.144935e-04	-1.894762e-05	1
16	rs13332078:29850705:C:T	29850705	5	2.448530e-04	4.740943e-05	1
16	rs13332660	29905882	0	2.897087e-04	4.846219e-05	1
16	rs13332927:28560344:C:T	28560344	10	-1.776456e-04	-4.679519e-05	1
16	rs13333583:29302116:A:G	29302116	7	3.389084e-04	5.920930e-05	1
16	rs13333675:29302353:A:G	29302353	2	1.875344e-04	3.044373e-05	1
16	rs13333760:29302523:A:G	29302523	1	1.975042e-04	3.213470e-05	1
16	rs13333866:29302751:A:T	29302751	11	2.626041e-04	4.587841e-05	1
16	rs13334779:29302037:T:C	29302037	7	3.389084e-04	5.920927e-05	1
16	rs13334820	29302136	0	2.098239e-04	3.422834e-05	1
16	rs13335021:29746830:G:T	29746830	0	-1.144935e-04	-1.894762e-05	1
16	rs13335237:28310911:A:G	28310911	15	-2.020140e-04	-3.243288e-05	1
16	rs13335878:29281267:A:G	29281267	1	2.603732e-06	3.327339e-07	1
16	rs13336311	28600277	1	-2.463706e-04	-6.637286e-05	1
16	rs13336980:29279020:G:A	29279020	0	-9.863078e-06	-1.267452e-06	1
16	rs13337460:29299409:C:T	29299409	13	3.850990e-04	7.796574e-05	1
16	rs13338912	29760347	0	4.030487e-05	6.355896e-06	1
16	rs13339070:29297315:C:T	29297315	12	4.586501e-04	9.796382e-05	1
16	rs1345885:29134874:T:C	29134874	1	2.884233e-04	4.067719e-05	1
16	rs1345886:29135029:A:G	29135029	1	2.884233e-04	4.067718e-05	1
16	rs137887650:29332059:C:T	29332059	12	1.403584e-04	3.931283e-05	1
16	rs137993956:29913708:C:G	29913708	11	8.244351e-05	2.225885e-05	1
16	rs138211469:29735979:T:C	29735979	14	-1.665594e-04	-3.006479e-05	1
16	rs138273920:29320074:C:G	29320074	6	1.126104e-05	3.037510e-06	1
16	rs138599723:29732960:G:A	29732960	11	-8.026432e-05	-1.422458e-05	1
16	rs138755187:29763892:C:T	29763892	10	3.959806e-04	1.201641e-04	1
16	rs138825134:29613456:G:A	29613456	1	-7.582529e-05	-1.778924e-05	1
16	rs138850578:29736312:G:A	29736312	13	-1.567947e-04	-2.820983e-05	1
16	rs139102754:28580031:C:T	28580031	4	-3.113582e-04	-8.979969e-05	1
16	rs139142574:29323824:G:A	29323824	5	9.576238e-06	2.566066e-06	1
16	rs139356180:28593131:T:G	28593131	4	-3.203855e-04	-9.304281e-05	1
16	rs139969273:28861624:G:C	28861624	1	-7.184064e-05	-1.701638e-05	1
16	rs140677174:29334964:G:A	29334964	13	9.707861e-05	2.702176e-05	1
16	rs140785784:29714172:A:G	29714172	5	-3.214186e-04	-6.140892e-05	1
16	rs141436390:29826014:C:A	29826014	11	2.755543e-05	7.432125e-06	1
16	rs141912061:29335386:G:A	29335386	13	9.707861e-05	2.702176e-05	1
16	rs142012627:28307710:G:A	28307710	12	1.940938e-05	5.198718e-06	1
16	rs142086495:29958635:C:T	29958635	11	4.455051e-05	1.212258e-05	1
16	rs142098164:29922723:C:T	29922723	3	-2.869683e-05	-7.900947e-06	1
16	rs142125746:29606607:G:A	29606607	14	1.287234e-04	3.411484e-05	1
16	rs142271886:28484047:C:T	28484047	4	1.459461e-04	3.938521e-05	1
16	rs1423722:28172305:C:T	28172305	9	-6.738849e-04	-1.316946e-04	1
16	rs142380960:28988500:G:A	28988500	14	-1.960965e-04	-5.585543e-05	1
16	rs142505175:28590157:G:A	28590157	15	2.228878e-04	5.839024e-05	1
16	rs142536977:29293152:C:T	29293152	12	-4.352478e-04	-8.902039e-05	1
16	rs142649835:28558966:C:T	28558966	3	4.288435e-04	1.401745e-04	1
16	rs142665962:28561185:G:C	28561185	6	-1.861838e-04	-4.951622e-05	1
16	rs142759638:29330786:G:C	29330786	14	7.522927e-05	2.029962e-05	1
16	rs143166385:28131409:G:A	28131409	3	-2.200947e-04	-6.100966e-05	1
16	rs143257664:29131933:A:G	29131933	2	1.295049e-04	3.613633e-05	1
16	rs143328178:28308925:G:A	28308925	7	1.970674e-05	5.278318e-06	1
16	rs143399275:28590978:G:A	28590978	5	-3.071211e-04	-8.887220e-05	1
16	rs143430033:29222972:C:T	29222972	13	7.932055e-06	2.166740e-06	1
16	rs143614346:29163043:C:T	29163043	12	1.667672e-05	4.493884e-06	1
16	rs143840454	29791575	0	7.667889e-05	2.056227e-05	1
16	rs143893157:29760427:C:T	29760427	8	-1.491150e-04	-2.689762e-05	1
16	rs144505383:29363683:G:A	29363683	11	9.021444e-05	2.366637e-05	1
16	rs144637766:29661941:G:A	29661941	13	8.262004e-05	2.151036e-05	1
16	rs144721815:29760405:G:T	29760405	9	-8.281945e-06	-2.217415e-06	1
16	rs145037259:29613205:T:G	29613205	7	1.664931e-04	4.242082e-05	1
16	rs145338730:29631150:C:G	29631150	5	1.307563e-04	3.532787e-05	1
16	rs145495208:28917298:G:A	28917298	2	4.197779e-05	1.149451e-05	1
16	rs145516392:29202034:C:T	29202034	15	5.287586e-04	1.303536e-04	1
16	rs145631601:29613904:G:C	29613904	1	-7.582529e-05	-1.778923e-05	1
16	rs145738076:28007096:T:C	28007096	13	-8.550107e-05	-2.240772e-05	1
16	rs145790611:28603263:A:G	28603263	6	5.505246e-04	2.036894e-04	1
16	rs145832035:29733357:T:C	29733357	13	-1.504842e-04	-2.697613e-05	1
16	rs146126857:28536805:A:G	28536805	5	-2.264884e-04	-6.182437e-05	1
16	rs146398705:29336775:A:T	29336775	13	9.707861e-05	2.702176e-05	1
16	rs146531057:28306691:C:G	28306691	12	1.940938e-05	5.198718e-06	1
16	rs146772260:29713946:G:A	29713946	3	-4.187740e-05	-1.124584e-05	1
16	rs1469110:28156805:T:C	28156805	10	-7.052543e-04	-1.426687e-04	1
16	rs147278356:29750550:C:T	29750550	2	-3.207808e-04	-6.306727e-05	1
16	rs147389183:28545437:G:A	28545437	6	-2.250116e-04	-6.137330e-05	1
16	rs147413292	28511206	1	1.160348e-04	2.773022e-05	1
16	rs147580758:29337506:C:T	29337506	13	1.489568e-04	4.157206e-05	1
16	rs1476507	28025070	1	-7.918727e-04	-1.474543e-04	1
16	rs147684209:28867061:T:C	28867061	1	4.086061e-04	5.878411e-05	1
16	rs148016441:28520076:G:A	28520076	2	2.570890e-04	6.384288e-05	1
16	rs148317558:29319614:T:A	29319614	7	6.877375e-05	1.841793e-05	1
16	rs148319768:29954615:G:A	29954615	16	-1.385803e-06	-3.717332e-07	1
16	rs148758831:29336851:C:T	29336851	13	9.707861e-05	2.702175e-05	1
16	rs148937071:28286596:C:T	28286596	11	1.914443e-04	4.284141e-05	1
16	rs149201347:29741932:C:T	29741932	7	-2.228708e-04	-4.064686e-05	1
16	rs149271:28506872:A:G	28506872	6	1.683811e-04	2.226226e-05	1
16	rs149299:28485141:T:C	28485141	9	1.184427e-04	1.526360e-05	1
16	rs149601295:28867159:G:A	28867159	3	4.495489e-04	6.592507e-05	1
16	rs150199530:28008353:G:A	28008353	7	-1.143133e-04	-3.196536e-05	1
16	rs150334812:29272321:G:A	29272321	8	-5.914558e-05	-1.143428e-05	1
16	rs150845792:29789489:C:T	29789489	7	2.765081e-07	7.504739e-08	1
16	rs151012423:28003583:C:T	28003583	10	-3.479292e-05	-9.396836e-06	1
16	rs151174:28508069:C:T	28508069	10	8.598529e-05	1.113806e-05	1
16	rs151178:28483061:A:T	28483061	12	3.701125e-05	4.789804e-06	1
16	rs151179:28487056:A:G	28487056	7	1.230840e-04	1.595670e-05	1
16	rs151181	28490517	1	1.207211e-04	1.540663e-05	1
16	rs151182:28495752:C:T	28495752	6	1.315176e-04	1.706969e-05	1
16	rs151225:28553802:C:T	28553802	11	5.603925e-04	1.320273e-04	1
16	rs151226:28549823:A:C	28549823	15	7.303775e-04	1.386750e-04	1
16	rs151227:28549508:G:A	28549508	10	5.677090e-04	1.336199e-04	1
16	rs151228:28563026:A:G	28563026	6	7.417977e-04	1.395494e-04	1
16	rs151229:28584937:G:A	28584937	11	6.668118e-04	1.738180e-04	1
16	rs151230:28583215:G:A	28583215	9	6.967099e-04	1.861911e-04	1
16	rs151231:28582849:A:G	28582849	8	6.852682e-04	1.207524e-04	1
16	rs151232:28580333:T:C	28580333	7	6.890232e-04	1.212098e-04	1
16	rs151233	28506428	0	8.008672e-04	2.238064e-04	1
16	rs151301:28497059:T:A	28497059	7	1.566647e-04	2.041032e-05	1
16	rs151303:28492510:C:A	28492510	7	1.541589e-04	2.007310e-05	1
16	rs151320	28568678	0	6.846880e-04	1.774430e-04	1
16	rs151321:28555590:C:T	28555590	12	6.481669e-04	1.129075e-04	1
16	rs153104:28528310:G:C	28528310	3	1.264642e-04	2.900905e-05	1
16	rs153105:28527246:T:C	28527246	2	1.274445e-04	2.923943e-05	1
16	rs153106:28526897:T:C	28526897	2	2.903001e-06	3.607851e-07	1
16	rs153107	28525305	4	3.577781e-04	7.625728e-05	1
16	rs153108:28521721:C:A	28521721	0	3.760898e-04	8.108438e-05	1
16	rs153109:28519096:T:C	28519096	1	3.015628e-04	4.084132e-05	1
16	rs153110:28516719:G:A	28516719	3	4.046787e-04	8.899677e-05	1
16	rs153180	29225431	4	1.990915e-04	2.673470e-05	1
16	rs1531973:29292442:T:C	29292442	7	6.553015e-05	8.573258e-06	1
16	rs1531974:29317096:C:T	29317096	12	2.782259e-04	3.916960e-05	1
16	rs153207:29244995:G:A	29244995	9	-8.585976e-05	-1.558379e-05	1
16	rs153209:29251861:T:C	29251861	16	-8.229410e-05	-1.116761e-05	1
16	rs153210:29093963:A:C	29093963	13	-4.603032e-04	-6.568291e-05	1
16	rs153212:29090858:G:A	29090858	11	-3.037285e-04	-5.566257e-05	1
16	rs1540389:29127350:T:C	29127350	8	1.125187e-04	1.681543e-05	1
16	rs1582568:28083251:C:G	28083251	13	4.116171e-04	7.109716e-05	1
16	rs1582569:28083107:T:C	28083107	14	4.296003e-04	7.520822e-05	1
16	rs1611782:29152487:G:A	29152487	3	-2.376733e-04	-4.194013e-05	1
16	rs1611991:29151593:C:T	29151593	2	-2.018720e-04	-3.512452e-05	1
16	rs1624102:29123330:G:A	29123330	7	-4.119811e-04	-5.760386e-05	1
16	rs1625280:29131925:A:G	29131925	7	2.697941e-04	3.802004e-05	1
16	rs1625371:29137786:A:G	29137786	1	2.884233e-04	4.067722e-05	1
16	rs1627180:29138002:T:C	29138002	1	-4.230493e-04	-8.041914e-05	1
16	rs1627805:29138026:A:G	29138026	5	2.830595e-04	4.048741e-05	1
16	rs1627843:29138043:C:T	29138043	5	2.830595e-04	4.048741e-05	1
16	rs1627862:29132221:C:A	29132221	8	2.865133e-04	4.061755e-05	1
16	rs1628751	29138147	3	1.889155e-04	2.618024e-05	1
16	rs1628834:29132359:T:G	29132359	1	2.884233e-04	4.067721e-05	1
16	rs1630274:29132462:A:G	29132462	5	2.776385e-04	3.915862e-05	1
16	rs1630929:29117661:G:A	29117661	3	-4.102174e-04	-7.749116e-05	1
16	rs1633805:29724394:G:C	29724394	12	2.963140e-05	4.863407e-06	1
16	rs1633810:29721864:T:G	29721864	10	5.448736e-05	8.631590e-06	1
16	rs1641906:29150344:C:T	29150344	5	-2.711911e-04	-4.891126e-05	1
16	rs1641908:29151299:C:T	29151299	2	-2.726340e-04	-3.554445e-05	1
16	rs1641909	29151522	0	-2.762407e-04	-3.593512e-05	1
16	rs1641910:29153242:C:T	29153242	13	-2.151717e-04	-3.741411e-05	1
16	rs1641911:29153945:T:C	29153945	14	-2.347948e-04	-4.116228e-05	1
16	rs1641912:29154796:C:T	29154796	15	-2.656605e-04	-4.722379e-05	1
16	rs1641913:29154852:C:T	29154852	2	-2.617424e-04	-4.656993e-05	1
16	rs1641918:29160958:G:C	29160958	14	-5.064837e-04	-7.616549e-05	1
16	rs1641919:29161645:G:T	29161645	15	-4.815666e-04	-7.149151e-05	1
16	rs1641991:29116527:G:C	29116527	8	-5.033533e-04	-7.384692e-05	1
16	rs1641993:29119860:T:A	29119860	15	-3.821761e-04	-5.302615e-05	1
16	rs1641994:29119880:T:C	29119880	14	-4.087020e-04	-5.726795e-05	1
16	rs1641995:29120520:C:T	29120520	2	-3.903666e-04	-7.270604e-05	1
16	rs1641996	29124150	0	-4.123797e-04	-7.774803e-05	1
16	rs1641997:29124421:T:C	29124421	13	1.825598e-04	2.527180e-05	1
16	rs1641999:29127260:C:T	29127260	4	-4.073408e-04	-7.739626e-05	1
16	rs1642001:29130549:C:T	29130549	3	2.807168e-04	3.955451e-05	1
16	rs1642002:29132320:C:T	29132320	5	2.776385e-04	3.915866e-05	1
16	rs1642003:29134593:T:C	29134593	1	2.884233e-04	4.067725e-05	1
16	rs1642005:29135958:C:T	29135958	1	2.884233e-04	4.067724e-05	1
16	rs1642006	29136331	0	1.583894e-04	2.191642e-05	1
16	rs1642007:29136893:T:C	29136893	1	2.884233e-04	4.067724e-05	1
16	rs1642008:29137377:C:T	29137377	1	2.884233e-04	4.067724e-05	1
16	rs1642009:29137588:T:C	29137588	1	2.884233e-04	4.067724e-05	1
16	rs1642010:29138071:C:G	29138071	1	9.423571e-05	1.293539e-05	1
16	rs1642011:29138392:C:T	29138392	2	-4.006727e-04	-7.514146e-05	1
16	rs1642012:29139244:C:G	29139244	1	2.884233e-04	4.067724e-05	1
16	rs1642013:29139398:G:A	29139398	6	3.118282e-04	4.490595e-05	1
16	rs1642014:29139416:C:T	29139416	1	2.884233e-04	4.067723e-05	1
16	rs1642015:29139779:G:A	29139779	1	3.111906e-04	4.426194e-05	1
16	rs1642016:29140057:A:G	29140057	2	2.809586e-04	3.952701e-05	1
16	rs1642017:29140224:T:C	29140224	3	3.247438e-04	4.690496e-05	1
16	rs1642018:29140448:T:C	29140448	3	3.247438e-04	4.690496e-05	1
16	rs1642019:29140754:C:T	29140754	3	3.247438e-04	4.690496e-05	1
16	rs1642020:29142059:G:C	29142059	6	3.102268e-04	4.463903e-05	1
16	rs1642022:29142204:A:G	29142204	4	3.249461e-04	4.696454e-05	1
16	rs1642023:29143639:A:G	29143639	8	2.701905e-04	3.883349e-05	1
16	rs1642024:29143759:A:G	29143759	8	2.701905e-04	3.883349e-05	1
16	rs1642025:29147718:C:G	29147718	9	-3.080964e-04	-5.576584e-05	1
16	rs1642027:29149386:T:C	29149386	14	2.439477e-04	3.495147e-05	1
16	rs1646084:29139021:T:C	29139021	1	2.884233e-04	4.067721e-05	1
16	rs1646085:29139401:T:C	29139401	1	2.884233e-04	4.067721e-05	1
16	rs1646086:29139655:A:G	29139655	1	2.272022e-04	3.118702e-05	1
16	rs1646087:29139771:T:C	29139771	1	3.111906e-04	4.426191e-05	1
16	rs1646112:29154049:C:T	29154049	2	-2.617424e-04	-4.656991e-05	1
16	rs1646113:29153803:A:G	29153803	14	-2.347948e-04	-4.116225e-05	1
16	rs1646114:29153526:C:G	29153526	2	-2.617424e-04	-4.656990e-05	1
16	rs1646115:29153504:A:G	29153504	13	-5.267052e-04	-8.019177e-05	1
16	rs1646116:29152112:C:A	29152112	3	-2.376733e-04	-4.194006e-05	1
16	rs1646117:29152043:A:C	29152043	13	-5.268841e-04	-8.022931e-05	1
16	rs1646118:29150945:C:T	29150945	0	-2.762407e-04	-3.593507e-05	1
16	rs1646119	29150785	1	-1.964270e-04	-2.502417e-05	1
16	rs1646121:29144222:A:G	29144222	12	2.220677e-04	3.158185e-05	1
16	rs1646122:29143040:A:C	29143040	5	3.091262e-04	4.470501e-05	1
16	rs1646123:29142980:C:T	29142980	5	3.091262e-04	4.470501e-05	1
16	rs1646124:29142933:G:A	29142933	8	1.636523e-04	2.304190e-05	1
16	rs1646125:29142895:G:A	29142895	5	3.091262e-04	4.470500e-05	1
16	rs1646126:29142681:A:C	29142681	5	4.053794e-04	6.172057e-05	1
16	rs1646127:29142163:G:A	29142163	6	-3.478967e-04	-6.417317e-05	1
16	rs1646128:29141436:G:A	29141436	5	1.743525e-04	2.454662e-05	1
16	rs1646129:29140688:T:C	29140688	3	3.247438e-04	4.690495e-05	1
16	rs1646132:29113766:A:G	29113766	14	-5.103103e-04	-7.615348e-05	1
16	rs1646133:29113747:C:T	29113747	14	-5.103103e-04	-7.615347e-05	1
16	rs1646142:29117596:C:T	29117596	5	-4.404955e-04	-8.565377e-05	1
16	rs1646168:29128732:T:G	29128732	7	1.794191e-04	2.468510e-05	1
16	rs1646169:29128778:A:G	29128778	7	1.575150e-04	2.158154e-05	1
16	rs1646172:29129381:A:C	29129381	6	1.581344e-04	2.165810e-05	1
16	rs1646173:29130642:C:T	29130642	3	2.807168e-04	3.955447e-05	1
16	rs1646174:29130649:C:A	29130649	3	2.807168e-04	3.955447e-05	1
16	rs1646175:29131020:C:T	29131020	3	2.807168e-04	3.955447e-05	1
16	rs1646176:29131233:G:A	29131233	1	-4.230493e-04	-8.041904e-05	1
16	rs1646188:29133735:C:T	29133735	5	2.776385e-04	3.915863e-05	1
16	rs1646190:29136708:C:T	29136708	1	2.884233e-04	4.067721e-05	1
16	rs1646191:29136873:C:T	29136873	1	2.884233e-04	4.067721e-05	1
16	rs166148:29245857:G:A	29245857	9	-8.585976e-05	-1.558374e-05	1
16	rs166152	29156005	0	-3.091432e-04	-5.606218e-05	1
16	rs166154:29160416:T:C	29160416	13	-5.060194e-04	-7.607075e-05	1
16	rs168778:29112626:C:G	29112626	5	4.041027e-04	7.632886e-05	1
16	rs168919:29301994:G:C	29301994	12	1.071472e-04	2.805283e-05	1
16	rs16939648:27984243:G:A	27984243	2	-3.807353e-04	-6.226826e-05	1
16	rs16939824:28119756:C:A	28119756	9	1.464774e-04	3.857755e-05	1
16	rs169525:28042031:G:A	28042031	7	1.115213e-04	1.660674e-05	1
16	rs16977076	27967664	0	-9.818188e-05	-1.883990e-05	1
16	rs170978:29743033:A:G	29743033	4	2.570175e-04	4.326745e-05	1
16	rs17515974	28021611	0	-6.389238e-05	-1.533919e-05	1
16	rs17587118	27968695	1	2.662992e-04	4.595172e-05	1
16	rs17590103:28117093:A:C	28117093	4	-2.333202e-04	-6.203225e-05	1
16	rs17640009:28595700:A:G	28595700	2	3.882382e-04	5.581866e-05	1
16	rs17640225:29713066:C:T	29713066	1	-2.413214e-04	-4.430903e-05	1
16	rs17707300	28593347	0	4.967331e-04	7.563308e-05	1
16	rs17779818:29346790:G:A	29346790	15	-3.643510e-04	-6.106000e-05	1
16	rs17835978	29432712	0	1.803274e-04	4.358060e-05	1
16	rs17842265	29653752	0	-6.486536e-05	-1.793591e-05	1
16	rs17842268:29684180:T:C	29684180	16	1.472812e-04	1.944379e-05	1
16	rs17855750	28515228	0	2.291920e-04	5.495165e-05	1
16	rs180394:29715032:G:A	29715032	6	2.671564e-04	4.507693e-05	1
16	rs180701530:29609315:T:A	29609315	10	2.376894e-05	5.807009e-06	1
16	rs180743	28507644	0	2.013612e-04	2.685601e-05	1
16	rs180744:28508048:A:G	28508048	10	3.685628e-04	5.295492e-05	1
16	rs181195:28488369:A:T	28488369	9	1.184427e-04	1.526346e-05	1
16	rs181203:28512371:A:C	28512371	3	-1.204433e-04	-1.621385e-05	1
16	rs181204:28512524:A:G	28512524	5	-2.022162e-04	-2.783019e-05	1
16	rs181206	28513403	4	5.073190e-05	6.792789e-06	1
16	rs181207:28513530:C:T	28513530	6	-2.728525e-04	-3.874637e-05	1
16	rs181209:28514854:G:T	28514854	2	-1.403009e-04	-1.894193e-05	1
16	rs181958881:29724771:A:T	29724771	10	-9.882916e-05	-1.749107e-05	1
16	rs182245:28041931:T:C	28041931	15	1.531434e-04	2.276055e-05	1
16	rs185202:29106324:G:A	29106324	6	-3.905205e-04	-7.324243e-05	1
16	rs185409:29404501:C:G	29404501	6	1.100431e-04	2.732445e-05	1
16	rs186582401	28016882	0	3.715551e-05	8.192492e-06	1
16	rs1872657	29307765	0	-1.007932e-04	-1.955184e-05	1
16	rs1872658:29307672:A:G	29307672	15	1.830731e-04	3.095735e-05	1
16	rs1872659:29304790:G:A	29304790	8	1.271714e-04	1.791038e-05	1
16	rs1872660:29304775:T:C	29304775	4	2.492644e-04	4.193174e-05	1
16	rs1872667:29299377:T:C	29299377	5	4.186466e-04	7.650830e-05	1
16	rs187570477:28604122:A:G	28604122	4	-3.203855e-04	-9.304284e-05	1
16	rs187668816:28829117:G:A	28829117	6	4.114541e-04	5.922613e-05	1
16	rs188304685:29939689:C:T	29939689	2	-2.836936e-05	-7.810692e-06	1
16	rs188708252:29881170:T:G	29881170	7	7.660148e-05	2.079283e-05	1
16	rs188742196:29336063:C:A	29336063	13	9.707861e-05	2.702176e-05	1
16	rs188899883:29624668:C:A	29624668	9	2.584153e-04	6.972479e-05	1
16	rs190899427:28604124:G:A	28604124	4	-3.203855e-04	-9.304284e-05	1
16	rs192245:29245739:C:T	29245739	9	-8.585976e-05	-1.558374e-05	1
16	rs192537440:29619215:A:C	29619215	14	1.738292e-04	4.867641e-05	1
16	rs193301319:29221971:C:T	29221971	4	6.048163e-05	1.671096e-05	1
16	rs194045	29246102	1	-1.001022e-04	-1.811285e-05	1
16	rs1968751:28631759:T:C	28631759	8	-1.916751e-04	-2.619022e-05	1
16	rs1968752	28631585	0	-2.832425e-04	-3.926970e-05	1
16	rs1987471:28825866:T:G	28825866	4	3.964178e-04	5.644873e-05	1
16	rs1987472:28825777:C:T	28825777	4	3.964178e-04	5.644872e-05	1
16	rs200830445:29402846:C:T	29402846	6	1.099979e-04	2.716389e-05	1
16	rs2008514:28825605:G:A	28825605	4	3.964178e-04	5.644871e-05	1
16	rs201259820:29274607:C:T	29274607	16	-3.564309e-04	-6.593699e-05	1
16	rs201401342:29106207:G:A	29106207	10	4.899886e-04	1.118947e-04	1
16	rs201917490:29430680:T:C	29430680	15	1.075084e-04	2.668711e-05	1
16	rs202166863:29440457:C:T	29440457	6	1.200712e-04	2.989451e-05	1
16	rs2032911:28154024:C:A	28154024	10	-7.052543e-04	-1.426687e-04	1
16	rs2034874:28554699:C:T	28554699	6	-2.250116e-04	-6.137333e-05	1
16	rs2035974:29306908:T:G	29306908	13	3.097682e-04	5.800218e-05	1
16	rs2051742:27974418:T:C	27974418	8	1.015111e-04	1.575683e-05	1
16	rs205357:28108742:C:A	28108742	14	-7.042042e-04	-1.443374e-04	1
16	rs205358	28114995	0	1.250193e-04	2.751734e-05	1
16	rs205361:28116952:A:G	28116952	11	-6.880918e-04	-1.369515e-04	1
16	rs205367	28019195	0	1.485953e-05	2.137603e-06	1
16	rs205368	28019940	1	3.901907e-04	9.387852e-05	1
16	rs205378:28034332:G:T	28034332	8	1.482786e-04	2.204252e-05	1
16	rs205379:28034414:T:C	28034414	8	1.482786e-04	2.204252e-05	1
16	rs205380	28038093	2	9.062115e-05	1.324938e-05	1
16	rs205382:28039483:G:A	28039483	7	1.115213e-04	1.660671e-05	1
16	rs205383:28039586:G:A	28039586	7	1.115213e-04	1.660670e-05	1
16	rs205388:28124081:A:G	28124081	11	-6.880918e-04	-1.369514e-04	1
16	rs205390	28049674	0	4.256083e-04	6.928562e-05	1
16	rs205391	28052963	1	-7.014247e-04	-1.893414e-04	1
16	rs205393	28054854	1	2.780297e-04	4.544773e-05	1
16	rs205401:28060016:C:T	28060016	8	3.448112e-04	6.010471e-05	1
16	rs205402:28060042:T:C	28060042	8	3.448112e-04	6.010470e-05	1
16	rs205404:28060964:C:T	28060964	9	3.535110e-04	6.197945e-05	1
16	rs205405:28061409:G:A	28061409	7	3.107906e-04	5.310834e-05	1
16	rs205407	28062428	0	-7.730600e-05	-1.034768e-05	1
16	rs205408:28063099:C:T	28063099	10	3.326443e-04	5.773758e-05	1
16	rs205410:28064278:A:C	28064278	8	-5.556687e-04	-1.302988e-04	1
16	rs205411	28064493	0	-5.577588e-04	-1.230808e-04	1
16	rs205412:28064827:T:C	28064827	9	-4.707336e-04	-1.010708e-04	1
16	rs205413:28065353:T:C	28065353	9	-5.952298e-04	-1.434917e-04	1
16	rs205415:28065575:T:A	28065575	9	-5.952298e-04	-1.434917e-04	1
16	rs205437	28091168	3	-4.691996e-05	-1.200382e-05	1
16	rs2070962:28950432:C:T	28950432	13	-6.163576e-04	-1.141091e-04	1
16	rs2077031:28603168:T:A	28603168	9	2.266372e-04	3.050875e-05	1
16	rs2078955	28071337	2	2.610688e-04	6.418409e-05	1
16	rs2081199:28958754:A:G	28958754	8	-2.910693e-04	-3.810730e-05	1
16	rs2088727:28608142:G:A	28608142	5	-3.346438e-04	-9.893638e-05	1
16	rs2106480:28537971:T:C	28537971	4	1.810978e-05	2.294112e-06	1
16	rs2161704:29162036:C:T	29162036	15	-4.815666e-04	-7.149144e-05	1
16	rs2171222:29298533:C:A	29298533	4	4.894974e-04	9.213291e-05	1
16	rs2239988:28135686:C:G	28135686	8	2.919071e-04	7.052289e-05	1
16	rs2244752:29153808:A:G	29153808	14	-2.347948e-04	-4.116221e-05	1
16	rs2246441:29114352:A:G	29114352	14	-5.103103e-04	-7.615342e-05	1
16	rs2252323:29135394:G:A	29135394	1	2.884233e-04	4.067723e-05	1
16	rs2252590:29133132:T:C	29133132	5	2.776385e-04	3.915864e-05	1
16	rs2252599:29133000:T:C	29133000	6	2.840009e-04	4.017811e-05	1
16	rs2252605:29132962:A:G	29132962	6	2.840009e-04	4.017811e-05	1
16	rs2252609:29132865:A:G	29132865	1	-4.230493e-04	-8.041902e-05	1
16	rs2253253:29128185:A:G	29128185	8	-1.732608e-04	-2.386485e-05	1
16	rs2256528:29124661:G:T	29124661	6	-4.122195e-04	-5.764465e-05	1
16	rs2291400	29262688	0	1.333413e-05	2.162128e-06	1
16	rs2291401:29262601:T:C	29262601	8	-1.013057e-04	-1.579040e-05	1
16	rs2291937:28602449:T:G	28602449	4	-3.203855e-04	-9.304285e-05	1
16	rs2303255	29706444	0	-2.463481e-04	-4.512834e-05	1
16	rs231970:28567004:A:G	28567004	1	7.242629e-04	1.980038e-04	1
16	rs231971	28536519	3	2.452508e-04	5.379168e-05	1
16	rs231972:28538336:A:C	28538336	12	5.131454e-04	1.151792e-04	1
16	rs231974:28540322:A:T	28540322	12	5.131454e-04	1.151792e-04	1
16	rs231975:28547251:C:T	28547251	12	5.519481e-04	1.296969e-04	1
16	rs231976:28545587:G:C	28545587	13	6.985931e-04	1.278420e-04	1
16	rs231977:28542172:T:C	28542172	16	6.734582e-04	1.207774e-04	1
16	rs234889:28535812:C:T	28535812	4	3.581191e-04	8.694297e-05	1
16	rs235630:29743018:T:C	29743018	4	2.570175e-04	4.326746e-05	1
16	rs235631:29743529:G:A	29743529	8	2.085572e-04	3.552113e-05	1
16	rs235659	29788919	0	-5.359674e-04	-8.400385e-05	1
16	rs235663:29748325:A:G	29748325	13	3.870065e-04	8.076850e-05	1
16	rs2370277:29261174:C:T	29261174	10	-1.145392e-04	-2.095033e-05	1
16	rs2370299:29271946:G:A	29271946	7	-1.522871e-04	-2.026582e-05	1
16	rs2370302:29283348:A:G	29283348	4	2.610777e-05	3.372060e-06	1
16	rs2370534:29319603:C:G	29319603	7	6.877375e-05	1.841794e-05	1
16	rs240702:28531353:C:T	28531353	5	9.293689e-06	1.171971e-06	1
16	rs240703:28530623:C:T	28530623	7	-3.278348e-04	-9.395630e-05	1
16	rs240704:28529949:T:C	28529949	5	4.018170e-05	5.122417e-06	1
16	rs240705:28529716:C:T	28529716	5	9.293689e-06	1.171960e-06	1
16	rs240707:28524612:C:G	28524612	1	2.571590e-04	3.391444e-05	1
16	rs240708:28520576:A:G	28520576	1	2.571590e-04	3.391444e-05	1
16	rs240709:28513853:A:T	28513853	8	1.726558e-04	3.973096e-05	1
16	rs2412053:28164578:T:A	28164578	14	-7.396398e-04	-1.572345e-04	1
16	rs2430674:29124524:T:C	29124524	11	-3.983195e-04	-5.572561e-05	1
16	rs2430675:29128117:T:C	29128117	0	4.123797e-04	7.774795e-05	1
16	rs245733:28149445:G:A	28149445	13	-6.385814e-04	-1.222772e-04	1
16	rs252245:29241010:T:G	29241010	13	-4.036894e-05	-7.362968e-06	1
16	rs252246:29241389:A:G	29241389	2	-6.065594e-05	-1.101190e-05	1
16	rs252247:29242488:G:C	29242488	3	-6.050270e-05	-1.096398e-05	1
16	rs252248:29243109:T:C	29243109	11	-1.182361e-05	-2.141670e-06	1
16	rs252249:29243425:G:A	29243425	11	-1.182361e-05	-2.141669e-06	1
16	rs252250:29244405:A:G	29244405	9	-8.585976e-05	-1.558373e-05	1
16	rs252252:29245019:C:T	29245019	9	-8.585976e-05	-1.558373e-05	1
16	rs252253:29245171:G:A	29245171	8	3.219066e-06	6.123998e-07	1
16	rs252254:29246993:C:G	29246993	0	-1.360711e-04	-2.490845e-05	1
16	rs252255:29247800:C:T	29247800	1	-1.459034e-04	-2.678610e-05	1
16	rs252256:29248418:T:G	29248418	10	3.239281e-06	4.103535e-07	1
16	rs252259	29251923	3	-2.960446e-05	-7.474710e-06	1
16	rs252260:29252478:T:C	29252478	13	-1.756297e-04	-2.406829e-05	1
16	rs252264:29105873:T:C	29105873	16	-5.478177e-04	-8.362651e-05	1
16	rs252270:29102219:A:G	29102219	8	-3.299827e-04	-6.114239e-05	1
16	rs252272:29101402:C:A	29101402	13	-3.232141e-04	-6.085699e-05	1
16	rs252274:29097369:C:T	29097369	10	-3.282940e-04	-6.084196e-05	1
16	rs252275	29094925	0	-5.395549e-04	-7.948182e-05	1
16	rs252276:29094515:C:T	29094515	11	-2.852155e-04	-5.161514e-05	1
16	rs252277:29093432:A:G	29093432	15	-4.569934e-04	-6.480781e-05	1
16	rs252308	29221318	1	-4.818692e-04	-7.210263e-05	1
16	rs252475:29245333:T:C	29245333	9	8.585976e-05	1.558370e-05	1
16	rs252480:29250915:G:A	29250915	10	9.721376e-05	1.776010e-05	1
16	rs252491:29158794:A:G	29158794	9	-3.896938e-04	-5.429678e-05	1
16	rs252493:29159047:A:C	29159047	10	-3.902057e-04	-5.438282e-05	1
16	rs252494:29159061:A:C	29159061	10	-3.902057e-04	-5.438282e-05	1
16	rs252495:29159094:A:G	29159094	10	-3.902057e-04	-5.438281e-05	1
16	rs252496:29159435:C:T	29159435	13	-5.447928e-04	-8.455061e-05	1
16	rs252497:29159564:T:C	29159564	15	-5.482557e-04	-8.531031e-05	1
16	rs252498:29160376:C:A	29160376	13	-5.060194e-04	-7.607058e-05	1
16	rs2549974:29641013:A:G	29641013	16	5.615717e-04	1.027972e-04	1
16	rs2550178:29118406:G:C	29118406	14	-4.087020e-04	-5.726776e-05	1
16	rs257867:29413322:C:G	29413322	4	1.026721e-04	2.530726e-05	1
16	rs257869:29411526:G:C	29411526	5	1.066839e-04	2.632263e-05	1
16	rs257877:29298466:C:G	29298466	13	1.518033e-04	4.055071e-05	1
16	rs257878	29332380	0	3.732918e-05	1.014938e-05	1
16	rs257882	29318542	3	-2.273207e-05	-3.596253e-06	1
16	rs2630830:29335148:A:C	29335148	13	9.707861e-05	2.702176e-05	1
16	rs2630834:29255737:A:G	29255737	3	-5.323921e-05	-1.355097e-05	1
16	rs26528	28517709	1	3.893302e-04	5.552097e-05	1
16	rs2726032	28338043	0	8.209913e-04	1.637340e-04	1
16	rs2726033:28338039:A:G	28338039	4	8.610886e-04	1.808223e-04	1
16	rs27741:28504181:G:A	28504181	15	1.764412e-04	2.337009e-05	1
16	rs28372334:29278281:G:A	29278281	0	-9.863078e-06	-1.267488e-06	1
16	rs28403272:28311702:G:A	28311702	10	-5.186345e-04	-1.395541e-04	1
16	rs28403629:28854769:A:G	28854769	0	4.145518e-04	5.982155e-05	1
16	rs28404480:28232809:A:G	28232809	7	-6.069182e-04	-1.108174e-04	1
16	rs28410083:28631360:A:T	28631360	9	-1.830847e-04	-2.496947e-05	1
16	rs28420715:29297583:C:T	29297583	12	4.586501e-04	9.796364e-05	1
16	rs28433345:28883327:T:C	28883327	8	7.916108e-04	1.773818e-04	1
16	rs28449958:28528781:G:A	28528781	4	-7.813560e-05	-1.036163e-05	1
16	rs28452050:29317318:G:A	29317318	10	2.882996e-04	4.045865e-05	1
16	rs28469632:29278346:C:T	29278346	0	-9.863078e-06	-1.267491e-06	1
16	rs28478844:29301227:T:C	29301227	3	2.957224e-04	5.071487e-05	1
16	rs28488113:29298160:G:A	29298160	12	4.586501e-04	9.796362e-05	1
16	rs28490313:29640683:T:C	29640683	16	4.660632e-04	7.891703e-05	1
16	rs28493497:29280362:A:G	29280362	0	-9.863078e-06	-1.267500e-06	1
16	rs28533690	28335678	0	3.363327e-04	5.555261e-05	1
16	rs28548178:29296334:A:C	29296334	5	1.102512e-04	1.441637e-05	1
16	rs28587565:29278629:C:A	29278629	1	-1.229227e-05	-1.579703e-06	1
16	rs28599680	29860685	0	2.156159e-04	4.079180e-05	1
16	rs28616078:29306272:C:T	29306272	16	3.436897e-04	6.654136e-05	1
16	rs28624746:28335370:A:G	28335370	3	4.296640e-04	7.607951e-05	1
16	rs28627978:29280810:A:G	29280810	0	-9.863078e-06	-1.267507e-06	1
16	rs28635424	29278498	1	1.364638e-05	1.753958e-06	1
16	rs28642341:29278637:C:T	29278637	1	-1.229227e-05	-1.579710e-06	1
16	rs28646116:29259446:A:C	29259446	5	-1.053220e-04	-1.656075e-05	1
16	rs28663614:29659786:T:C	29659786	11	-2.824870e-04	-5.907982e-05	1
16	rs28678875:28247882:G:A	28247882	4	-5.593741e-04	-9.853563e-05	1
16	rs28693455:29248014:C:T	29248014	8	-1.025464e-04	-1.865759e-05	1
16	rs28698017:29276196:C:A	29276196	4	4.110270e-05	5.315708e-06	1
16	rs28698667:28533071:C:T	28533071	3	4.188745e-05	5.288999e-06	1
16	rs28742124:29269146:G:C	29269146	2	3.717321e-04	6.753928e-05	1
16	rs28772958:28535305:A:G	28535305	4	1.810978e-05	2.293974e-06	1
16	rs2887714:29292113:A:G	29292113	4	1.126269e-04	1.472929e-05	1
16	rs28888764:28829228:A:G	28829228	14	7.299826e-04	1.543766e-04	1
16	rs28970385:29281963:C:G	29281963	1	2.603732e-06	3.326683e-07	1
16	rs2904880	28944396	1	-1.454758e-04	-1.932106e-05	1
16	rs2909044:29110035:A:G	29110035	15	-5.102589e-04	-7.614286e-05	1
16	rs2934456	29358351	0	8.481136e-04	2.103747e-04	1
16	rs3088215	28853996	1	4.128678e-04	5.965182e-05	1
16	rs33045:28136588:C:A	28136588	14	-7.042042e-04	-1.443370e-04	1
16	rs33048:28132951:T:C	28132951	11	-6.880918e-04	-1.369511e-04	1
16	rs33957528	28307940	1	-5.115411e-05	-6.394944e-06	1
16	rs34127220:29842891:C:T	29842891	3	1.830716e-04	3.392653e-05	1
16	rs34201022:29188474:A:G	29188474	11	-6.113672e-05	-9.189027e-06	1
16	rs34205348:29668898:A:C	29668898	13	1.138680e-04	1.433516e-05	1
16	rs34222852:29859627:C:T	29859627	6	3.133836e-04	6.482297e-05	1
16	rs34286592	29820480	0	8.748343e-05	1.618051e-05	1
16	rs34331000:28210084:T:C	28210084	13	-7.497018e-04	-1.628501e-04	1
16	rs34395441	28508892	0	-1.091738e-05	-2.706289e-06	1
16	rs34413922:28572005:C:T	28572005	5	-2.714935e-04	-7.566273e-05	1
16	rs34427301:28921866:G:A	28921866	10	-1.911048e-04	-4.929514e-05	1
16	rs34437886:29156994:T:C	29156994	2	-1.609412e-04	-2.362907e-05	1
16	rs34596480:29863620:G:T	29863620	3	2.068228e-04	5.963695e-05	1
16	rs34652864:29189158:G:A	29189158	11	-6.113672e-05	-9.189023e-06	1
16	rs34666323:29133969:G:A	29133969	4	4.925855e-04	1.118549e-04	1
16	rs34675302	28330636	1	-6.322545e-05	-1.630336e-05	1
16	rs34678232	28017580	0	-3.414124e-04	-4.864741e-05	1
16	rs34710374	29675855	1	7.266404e-05	1.947090e-05	1
16	rs34714403:29842547:G:A	29842547	4	2.180316e-04	4.102432e-05	1
16	rs34763945	28950051	0	2.903969e-05	6.519706e-06	1
16	rs34792575:29273070:G:A	29273070	7	-1.053133e-04	-1.382015e-05	1
16	rs34833:28517905:C:T	28517905	4	9.014643e-05	2.025939e-05	1
16	rs34835	28499291	1	2.999974e-05	3.761085e-06	1
16	rs34838:28494350:A:G	28494350	16	1.364191e-04	1.787340e-05	1
16	rs34839:28489346:T:C	28489346	5	1.954169e-04	2.533237e-05	1
16	rs34878107:29157326:C:T	29157326	2	-1.609412e-04	-2.362906e-05	1
16	rs34883899:28300922:T:C	28300922	10	-6.802745e-04	-2.539121e-04	1
16	rs34947651	27981236	1	-3.639518e-04	-5.888488e-05	1
16	rs34952347	28288551	0	5.001178e-04	7.588846e-05	1
16	rs35042042	29871730	1	1.763527e-04	3.528605e-05	1
16	rs35175818:28608746:A:C	28608746	14	2.603080e-04	3.553087e-05	1
16	rs35181256:29093132:T:C	29093132	15	-4.594603e-04	-6.552849e-05	1
16	rs35189546:29167368:C:G	29167368	13	-2.398949e-04	-3.723373e-05	1
16	rs35309968	29204338	0	8.819362e-05	2.219449e-05	1
16	rs35345720:29933603:T:A	29933603	7	1.979575e-04	5.325707e-05	1
16	rs35529295	29126007	0	1.742751e-04	4.880695e-05	1
16	rs35625936	28309613	0	-5.065524e-04	-1.267187e-04	1
16	rs35668196:28298158:C:G	28298158	16	-6.558070e-04	-2.454519e-04	1
16	rs35676868:29142969:G:A	29142969	10	1.181213e-04	1.771755e-05	1
16	rs35697633:29116957:C:T	29116957	16	4.154460e-05	6.215093e-06	1
16	rs35722494:29272970:A:G	29272970	7	-1.053133e-04	-1.382015e-05	1
16	rs35763655:29124635:G:C	29124635	7	4.896478e-04	1.110552e-04	1
16	rs35901559:29829615:T:C	29829615	1	1.613482e-04	2.938486e-05	1
16	rs36019610:28300448:T:C	28300448	13	-6.444239e-04	-2.325377e-04	1
16	rs36028249:29118764:C:T	29118764	16	1.430362e-04	3.510953e-05	1
16	rs36050267:29115577:G:C	29115577	13	-4.898087e-04	-7.178498e-05	1
16	rs36074930:28299556:C:T	28299556	16	-6.558070e-04	-2.454519e-04	1
16	rs370228531:29275615:T:C	29275615	13	-1.927578e-04	-4.024944e-05	1
16	rs370559426:28656150:T:C	28656150	12	6.060647e-05	9.085690e-06	1
16	rs371085:29730246:G:A	29730246	9	4.929549e-05	8.570471e-06	1
16	rs373017817:28576076:G:A	28576076	6	7.539151e-04	2.162859e-04	1
16	rs375132703:28656244:G:C	28656244	14	-7.076761e-05	-1.063725e-05	1
16	rs3759987:29673903:G:T	29673903	5	-2.904175e-04	-5.454774e-05	1
16	rs3764275:29672982:A:C	29672982	7	-3.833463e-04	-7.762759e-05	1
16	rs377567672:29275748:A:G	29275748	8	-1.635694e-04	-3.278076e-05	1
16	rs3785354:28550667:C:T	28550667	10	1.528526e-04	2.034830e-05	1
16	rs3815824	29852860	0	1.811869e-04	3.385424e-05	1
16	rs3844222:29283230:T:G	29283230	13	-1.070795e-04	-1.464060e-05	1
16	rs3851756:29253652:G:A	29253652	15	1.770715e-05	2.269140e-06	1
16	rs3851757:29259687:T:C	29259687	6	7.596815e-05	1.142817e-05	1
16	rs3851758:29260222:A:T	29260222	1	-4.704596e-06	-7.689635e-07	1
16	rs3851761:29268268:T:G	29268268	13	-6.122092e-05	-7.780086e-06	1
16	rs3851764:29271554:T:C	29271554	7	-1.522871e-04	-2.026585e-05	1
16	rs3851765:29271655:A:G	29271655	8	-1.593656e-04	-2.112374e-05	1
16	rs3851766:29272118:G:T	29272118	8	-1.500815e-04	-1.996787e-05	1
16	rs3851770:29274452:G:A	29274452	8	-1.358001e-04	-1.801745e-05	1
16	rs3851772:29278071:G:A	29278071	0	-9.863078e-06	-1.267528e-06	1
16	rs3851774:29279743:A:G	29279743	1	-5.626513e-05	-7.279889e-06	1
16	rs3851775:29279750:A:G	29279750	0	-9.863078e-06	-1.267531e-06	1
16	rs3851776:29280037:C:T	29280037	1	-7.431360e-05	-9.683872e-06	1
16	rs3851777:29285675:G:A	29285675	3	9.424290e-05	1.222243e-05	1
16	rs3859172:28566158:G:T	28566158	4	4.019229e-05	5.093890e-06	1
16	rs3862476	29687360	0	6.160079e-05	1.369219e-05	1
16	rs3863453:29274934:A:G	29274934	7	-9.283590e-05	-1.213884e-05	1
16	rs3863454:29274973:C:T	29274973	9	-3.961588e-05	-7.624860e-06	1
16	rs3863455:29275022:G:A	29275022	9	-4.283098e-05	-5.590504e-06	1
16	rs3863461:29276274:A:G	29276274	4	4.110270e-05	5.315685e-06	1
16	rs3863462:29276316:T:C	29276316	4	3.265155e-05	4.235224e-06	1
16	rs3863463:29276381:G:A	29276381	5	2.188515e-04	2.934500e-05	1
16	rs3863464:29276410:A:C	29276410	5	1.581264e-04	2.090213e-05	1
16	rs3888190:28889486:C:A	28889486	4	4.221738e-04	6.126436e-05	1
16	rs3889407:29271509:C:T	29271509	14	-1.391602e-04	-1.895477e-05	1
16	rs3891914:29274081:G:A	29274081	10	-3.942317e-05	-5.193276e-06	1
16	rs3891915:29274463:G:A	29274463	9	-1.517148e-04	-2.031436e-05	1
16	rs3898532:29273997:T:C	29273997	9	-5.305402e-05	-6.953797e-06	1
16	rs3922668	28992646	2	5.666671e-05	7.053544e-06	1
16	rs3922800:28199879:G:C	28199879	10	-7.328640e-04	-1.541562e-04	1
16	rs3924376:28925978:T:C	28925978	7	-1.570088e-04	-2.100187e-05	1
16	rs3924855:29954955:A:G	29954955	4	2.228706e-04	3.048236e-05	1
16	rs3935714	29042014	0	4.998088e-04	1.463940e-04	1
16	rs39631:28137248:C:A	28137248	13	-7.212234e-04	-1.503156e-04	1
16	rs3976455:29861447:G:A	29861447	2	2.232339e-04	4.258053e-05	1
16	rs3986619:28341631:C:A	28341631	13	7.641757e-04	1.480384e-04	1
16	rs3986793:28583589:G:A	28583589	5	-3.071211e-04	-8.887227e-05	1
16	rs3987663:28651904:A:G	28651904	9	-1.432179e-04	-2.164541e-05	1
16	rs39998:28133152:C:A	28133152	14	-7.042042e-04	-1.443368e-04	1
16	rs402720:29762882:A:C	29762882	10	-1.997078e-05	-3.147917e-06	1
16	rs4072402:28937259:T:C	28937259	15	-1.881339e-04	-2.535221e-05	1
16	rs4075049:28243289:A:G	28243289	16	3.696735e-04	5.498581e-05	1
16	rs40834:28510393:C:T	28510393	16	4.071638e-04	5.922788e-05	1
16	rs40835	28510455	1	-4.445172e-05	-8.259876e-06	1
16	rs40836:28510537:A:G	28510537	6	3.143154e-04	4.327313e-05	1
16	rs40837:28510845:A:G	28510845	6	3.143154e-04	4.327312e-05	1
16	rs412494:28053010:A:T	28053010	14	-5.851244e-04	-1.481722e-04	1
16	rs412951:28053011:A:C	28053011	14	-5.851244e-04	-1.481722e-04	1
16	rs4149398:28608938:C:G	28608938	16	2.623075e-04	3.594410e-05	1
16	rs4149399:28608816:C:T	28608816	5	-3.346438e-04	-9.893643e-05	1
16	rs4149406:28607070:A:G	28607070	9	4.177528e-04	6.117694e-05	1
16	rs4149409:28601802:G:A	28601802	5	-3.180650e-04	-9.220575e-05	1
16	rs423096:29730626:A:G	29730626	11	-8.986347e-06	-1.548404e-06	1
16	rs4258647:29287505:C:T	29287505	8	2.255407e-04	3.041899e-05	1
16	rs4281737:29642392:C:T	29642392	16	5.132646e-04	8.947545e-05	1
16	rs4312331:29287853:A:C	29287853	9	2.183696e-04	2.945256e-05	1
16	rs4324133	28274774	1	-3.553298e-04	-5.577020e-05	1
16	rs4334325:29156282:G:A	29156282	2	-1.691556e-04	-2.490925e-05	1
16	rs4372695:28234723:G:A	28234723	8	-5.966786e-04	-1.089333e-04	1
16	rs4402589:29954654:T:G	29954654	5	2.291078e-04	3.116172e-05	1
16	rs4407079:29931899:G:A	29931899	2	8.347550e-05	1.071283e-05	1
16	rs4420550:29938820:A:G	29938820	9	4.166717e-05	5.429142e-06	1
16	rs4424923:29939293:T:C	29939293	10	8.144280e-05	1.061637e-05	1
16	rs4447459:29155672:G:A	29155672	2	-1.100223e-04	-1.598637e-05	1
16	rs4451951:28836205:T:C	28836205	7	3.241121e-04	4.482621e-05	1
16	rs4480810	28289421	0	4.413578e-05	1.208743e-05	1
16	rs4527039:29946945:T:C	29946945	3	1.887538e-04	2.537499e-05	1
16	rs45470995:28608749:G:A	28608749	5	-3.346438e-04	-9.893643e-05	1
16	rs4563056	29698606	0	-1.882757e-04	-3.239210e-05	1
16	rs4609871	29932064	0	1.264055e-04	1.645052e-05	1
16	rs4614756:29126906:G:C	29126906	7	4.810739e-04	1.082712e-04	1
16	rs4620996:29121113:C:T	29121113	2	-4.099246e-04	-7.736577e-05	1
16	rs4635350	28289243	0	-7.895481e-04	-1.514317e-04	1
16	rs47666:28061981:G:A	28061981	7	3.107906e-04	5.310828e-05	1
16	rs4787445:28084309:A:G	28084309	7	4.302453e-04	7.325024e-05	1
16	rs4787446	28219906	0	3.100030e-04	7.399878e-05	1
16	rs4787447	28265785	1	1.765925e-04	4.019415e-05	1
16	rs4787451:28322337:G:A	28322337	2	1.790956e-04	4.835827e-05	1
16	rs4787455:28589455:G:A	28589455	7	1.958940e-04	2.628323e-05	1
16	rs4787456:28559573:C:T	28559573	9	1.601210e-04	2.133887e-05	1
16	rs4787457:28555400:A:G	28555400	9	1.601210e-04	2.133886e-05	1
16	rs4787458	28531287	2	1.724128e-04	2.237088e-05	1
16	rs4787460:28959477:G:C	28959477	3	-4.900470e-04	-7.974986e-05	1
16	rs4787461:29021852:C:T	29021852	12	-1.989483e-04	-2.865334e-05	1
16	rs4787466:29272099:C:T	29272099	8	-5.914558e-05	-1.143419e-05	1
16	rs4787467:29275842:G:C	29275842	9	-1.659314e-04	-3.328871e-05	1
16	rs4787480	29857316	0	2.156159e-04	4.079177e-05	1
16	rs4787483	29885447	0	2.838663e-04	4.270136e-05	1
16	rs4787484	29906546	0	1.357780e-04	1.908425e-05	1
16	rs4787486:29977562:A:T	29977562	5	3.063262e-05	4.201479e-06	1
16	rs4788017:27976829:A:G	27976829	10	-4.441441e-04	-7.792625e-05	1
16	rs4788018:27977019:C:A	27977019	9	-4.328658e-04	-7.523388e-05	1
16	rs4788020:27987389:C:A	27987389	7	-3.073939e-04	-4.908486e-05	1
16	rs4788035:28083909:T:C	28083909	12	5.076683e-04	9.296950e-05	1
16	rs4788036	28084349	0	4.448160e-04	7.495911e-05	1
16	rs4788046:28160181:G:A	28160181	12	-7.594154e-04	-1.636343e-04	1
16	rs4788053:28257256:C:T	28257256	10	-6.225762e-05	-1.709391e-05	1
16	rs4788057:28291636:T:A	28291636	5	2.194495e-04	5.071387e-05	1
16	rs4788058:28307103:T:C	28307103	7	-5.699491e-04	-1.552757e-04	1
16	rs4788061:28643300:T:G	28643300	11	-1.420882e-04	-2.152174e-05	1
16	rs4788073:28594549:A:G	28594549	2	3.882382e-04	5.581812e-05	1
16	rs4788074:28593597:G:A	28593597	7	2.228394e-04	3.013288e-05	1
16	rs4788076:28570005:C:T	28570005	7	1.230852e-04	1.628524e-05	1
16	rs4788077:28569764:G:C	28569764	7	2.053965e-04	2.739181e-05	1
16	rs4788078:28559981:G:A	28559981	9	1.601210e-04	2.133882e-05	1
16	rs4788079:28559363:C:A	28559363	9	1.601210e-04	2.133881e-05	1
16	rs4788080:28558081:C:T	28558081	9	1.601210e-04	2.133880e-05	1
16	rs4788081:28556147:T:C	28556147	10	3.025745e-04	4.193195e-05	1
16	rs4788083:28545449:A:G	28545449	7	1.803235e-05	2.289769e-06	1
16	rs4788084	28539848	0	4.560606e-05	5.745705e-06	1
16	rs4788085:28535003:A:G	28535003	4	1.810978e-05	2.293752e-06	1
16	rs4788095:28831359:T:C	28831359	4	4.272687e-04	6.190916e-05	1
16	rs4788099:28855727:A:G	28855727	0	4.145518e-04	5.982118e-05	1
16	rs4788100:28864673:T:C	28864673	1	4.086061e-04	5.878331e-05	1
16	rs4788101	28867804	0	4.145518e-04	5.982116e-05	1
16	rs4788102	28873398	0	4.145518e-04	5.982114e-05	1
16	rs4788111:28980693:T:G	28980693	1	-2.802401e-04	-4.068831e-05	1
16	rs4788112:28987518:G:A	28987518	1	-1.879862e-04	-2.665195e-05	1
16	rs4788113:28992000:G:A	28992000	0	-2.664164e-04	-3.844323e-05	1
16	rs4788118:29016390:C:T	29016390	5	-1.713658e-04	-3.293124e-05	1
16	rs4788119	29019356	0	-3.060156e-04	-5.389690e-05	1
16	rs4788122:29085693:C:G	29085693	16	4.878509e-04	1.428409e-04	1
16	rs4788139:29254070:A:G	29254070	12	-8.971944e-05	-1.209687e-05	1
16	rs4788140:29254781:G:C	29254781	14	8.927760e-06	1.143836e-06	1
16	rs4788143:29275901:G:A	29275901	8	-1.635694e-04	-3.278076e-05	1
16	rs4788148:29286147:A:G	29286147	3	9.424290e-05	1.222242e-05	1
16	rs4788172	29668253	0	-3.788500e-04	-7.893514e-05	1
16	rs4788173:29670736:A:G	29670736	13	-3.715234e-04	-7.991610e-05	1
16	rs4788185:29839893:G:C	29839893	2	2.108399e-04	3.936267e-05	1
16	rs4788186	29841225	0	2.259623e-05	2.725166e-06	1
16	rs4788187	29845685	0	2.497146e-04	4.141185e-05	1
16	rs4788188:29860863:G:A	29860863	6	2.368142e-04	3.957120e-05	1
16	rs4788189:29921211:C:T	29921211	5	3.205779e-04	4.246719e-05	1
16	rs4788190	29948401	1	2.298121e-04	3.124616e-05	1
16	rs4788195:29960593:T:C	29960593	5	-7.686067e-05	-1.058811e-05	1
16	rs4788196:29967434:A:G	29967434	4	7.636669e-05	1.043104e-05	1
16	rs4788197:29970834:G:A	29970834	12	1.880878e-04	2.654296e-05	1
16	rs4788198:29970835:C:T	29970835	12	1.880878e-04	2.654295e-05	1
16	rs4788200:29971265:G:T	29971265	3	-7.039131e-05	-9.621369e-06	1
16	rs4788201:29972690:C:T	29972690	3	-7.039131e-05	-9.621370e-06	1
16	rs4788202:29978003:C:T	29978003	5	3.063262e-05	4.201465e-06	1
16	rs480400	28574615	1	8.128823e-04	1.614196e-04	1
16	rs4843799:29157234:C:A	29157234	2	-1.609412e-04	-2.362900e-05	1
16	rs4992888:29259096:C:T	29259096	5	-4.630326e-05	-7.682375e-06	1
16	rs4993636:29293055:T:C	29293055	4	1.126269e-04	1.472926e-05	1
16	rs5009662:29155845:G:T	29155845	1	-1.730463e-04	-2.546740e-05	1
16	rs5013247:29307041:G:C	29307041	13	3.097682e-04	5.800196e-05	1
16	rs5026093:29273735:T:C	29273735	13	7.430206e-05	9.817621e-06	1
16	rs5026096:29273786:C:G	29273786	15	7.509891e-05	9.947744e-06	1
16	rs5029446:29297706:T:C	29297706	4	4.894974e-04	9.213263e-05	1
16	rs5029449:29297793:C:T	29297793	4	4.894974e-04	9.213262e-05	1
16	rs508022:28573963:C:T	28573963	5	7.392541e-04	2.072008e-04	1
16	rs554206:28576369:G:A	28576369	6	7.421198e-04	2.089292e-04	1
16	rs55662298:29288820:A:C	29288820	6	4.674845e-05	6.070769e-06	1
16	rs55680018:29288704:T:C	29288704	15	-1.373238e-04	-1.896911e-05	1
16	rs55719896:28846866:G:A	28846866	0	4.145518e-04	5.982109e-05	1
16	rs55732292	29039660	3	5.202841e-04	1.400445e-04	1
16	rs55736310	29240017	0	9.016138e-05	1.781017e-05	1
16	rs55736766:29269252:G:A	29269252	6	3.247837e-04	5.840527e-05	1
16	rs55740063:29258996:G:A	29258996	5	-4.630326e-05	-7.682400e-06	1
16	rs55754126:29299928:C:T	29299928	12	4.586501e-04	9.796340e-05	1
16	rs55764428:29287123:A:T	29287123	6	1.067695e-04	1.392947e-05	1
16	rs55779019:29267834:C:G	29267834	12	-1.847376e-05	-3.302029e-06	1
16	rs55780732:29261698:C:T	29261698	1	-4.704596e-06	-7.690136e-07	1
16	rs55788822:29287062:T:C	29287062	6	1.067695e-04	1.392947e-05	1
16	rs55792032:28599411:A:G	28599411	1	3.960272e-04	5.707419e-05	1
16	rs55816101:29293621:G:C	29293621	15	4.565258e-04	1.007499e-04	1
16	rs55830740:28847149:G:C	28847149	0	4.145518e-04	5.982107e-05	1
16	rs55845359:27981644:A:G	27981644	6	-3.764703e-04	-6.168302e-05	1
16	rs558548:28575899:C:T	28575899	10	6.278741e-04	1.058465e-04	1
16	rs55917672:28305727:G:A	28305727	13	1.968738e-05	5.273261e-06	1
16	rs55918844:29287222:T:C	29287222	6	1.067695e-04	1.392946e-05	1
16	rs55963273:29296589:T:C	29296589	9	6.717140e-05	8.793486e-06	1
16	rs55991577:28843025:C:T	28843025	1	4.137301e-04	5.969275e-05	1
16	rs56007348:27989003:T:C	27989003	12	-2.205381e-04	-3.613428e-05	1
16	rs56031255:29306955:C:T	29306955	14	2.370790e-04	4.470768e-05	1
16	rs56040780:28861881:C:T	28861881	1	4.086061e-04	5.878317e-05	1
16	rs56106502	29617167	2	4.581538e-05	1.092129e-05	1
16	rs56108370:29294350:G:A	29294350	10	3.752014e-04	7.675447e-05	1
16	rs56135456:29267951:G:A	29267951	12	-1.847376e-05	-3.302049e-06	1
16	rs56143494:29257009:C:T	29257009	5	6.246393e-05	9.373764e-06	1
16	rs56152301:29278582:G:A	29278582	0	-9.863078e-06	-1.267591e-06	1
16	rs56159078	29170454	2	3.787636e-04	9.458702e-05	1
16	rs56162440:29141853:C:T	29141853	14	1.242644e-04	1.824847e-05	1
16	rs56163509:28864471:A:G	28864471	3	4.495489e-04	6.592413e-05	1
16	rs56186137	28825953	0	4.249517e-04	6.130024e-05	1
16	rs56187809:29297643:C:T	29297643	9	3.875783e-04	7.976407e-05	1
16	rs56188385:29286983:T:A	29286983	6	1.067695e-04	1.392945e-05	1
16	rs56209193:28585636:C:T	28585636	4	3.737154e-04	5.336867e-05	1
16	rs56212525:29269271:G:A	29269271	6	3.247837e-04	5.840522e-05	1
16	rs56226746:28864449:G:A	28864449	3	4.188772e-04	6.143814e-05	1
16	rs56234416:29297454:T:C	29297454	6	1.077102e-04	1.408162e-05	1
16	rs56270796:29122741:G:T	29122741	15	1.816740e-05	2.626456e-06	1
16	rs56272201:28580685:A:G	28580685	6	2.739041e-04	3.733903e-05	1
16	rs56272859:29142566:G:A	29142566	7	4.984480e-04	1.148487e-04	1
16	rs56276220	28330317	0	1.894046e-04	5.265872e-05	1
16	rs56354901:28523144:T:C	28523144	3	-7.754591e-05	-1.027773e-05	1
16	rs56358680:28843118:A:G	28843118	1	4.137301e-04	5.969266e-05	1
16	rs56377705:29301302:G:A	29301302	7	2.582639e-04	4.438112e-05	1
16	rs56396270:28580829:C:T	28580829	4	1.927273e-04	2.562730e-05	1
16	rs56404918:28846840:T:G	28846840	0	4.145518e-04	5.982093e-05	1
16	rs56766083:29272842:T:C	29272842	15	-3.033902e-04	-4.285603e-05	1
16	rs56896457:27965904:G:A	27965904	9	-9.687045e-05	-1.883296e-05	1
16	rs57519568:29354770:C:T	29354770	15	-4.673822e-05	-1.055682e-05	1
16	rs57601653:29290980:T:A	29290980	15	-1.373238e-04	-1.896915e-05	1
16	rs57643295:29279029:C:T	29279029	8	-2.259875e-04	-4.679593e-05	1
16	rs57884885:29272820:C:T	29272820	14	-3.712273e-04	-5.425385e-05	1
16	rs58047105:29273019:C:T	29273019	7	-1.053133e-04	-1.382022e-05	1
16	rs58354524	29354782	0	-8.734777e-05	-1.914402e-05	1
16	rs58475855:29299203:G:A	29299203	9	3.875783e-04	7.976403e-05	1
16	rs58579888:29291300:C:T	29291300	4	1.126269e-04	1.472919e-05	1
16	rs59364995	29258092	0	-4.700116e-05	-7.224880e-06	1
16	rs59432882:29102563:C:T	29102563	13	5.362143e-04	1.247916e-04	1
16	rs59466393:28181406:C:A	28181406	5	3.180808e-04	7.707238e-05	1
16	rs59576480:29286920:C:T	29286920	6	4.674845e-05	6.070720e-06	1
16	rs59588914:29150946:T:G	29150946	12	-4.268015e-04	-6.066355e-05	1
16	rs59823182:29272110:G:A	29272110	16	1.769455e-04	3.241731e-05	1
16	rs59989958:29282116:C:A	29282116	13	3.482540e-04	7.009778e-05	1
16	rs60350735:29268210:T:C	29268210	15	-4.641663e-04	-9.967863e-05	1
16	rs60548676:29291112:T:C	29291112	5	-1.164612e-05	-1.532238e-06	1
16	rs60779366:29130953:G:A	29130953	10	1.154285e-04	1.679932e-05	1
16	rs61050186	27986847	0	-3.022083e-04	-4.906071e-05	1
16	rs61737565:28855522:G:C	28855522	0	4.145518e-04	5.982092e-05	1
16	rs61738759	28509509	0	1.075991e-04	2.455722e-05	1
16	rs62031260:27984296:G:T	27984296	8	-2.747080e-04	-4.445714e-05	1
16	rs62031560:28605915:T:A	28605915	9	4.177528e-04	6.117654e-05	1
16	rs62031562:28609329:A:T	28609329	16	2.448983e-04	3.328297e-05	1
16	rs62031607:28631530:A:T	28631530	14	1.388459e-04	1.912754e-05	1
16	rs62033514:27967705:A:G	27967705	1	2.007858e-04	3.377501e-05	1
16	rs62033515:27970179:A:G	27970179	8	8.097742e-05	1.134959e-05	1
16	rs62033516:27970508:G:C	27970508	2	1.508386e-04	2.504970e-05	1
16	rs62033517:27972739:C:G	27972739	9	1.362027e-04	2.269759e-05	1
16	rs62033519:27974850:A:G	27974850	13	6.855262e-05	1.146669e-05	1
16	rs62033716:28259094:C:T	28259094	8	-6.341071e-05	-1.551709e-05	1
16	rs62034318:28527221:C:T	28527221	2	-1.258613e-04	-1.678268e-05	1
16	rs62034319:28532188:T:G	28532188	5	-1.156780e-05	-1.471264e-06	1
16	rs62034321:28534038:C:T	28534038	3	4.188745e-05	5.288550e-06	1
16	rs62034322:28535834:G:A	28535834	4	3.761228e-04	5.328793e-05	1
16	rs62034323:28536473:C:T	28536473	3	4.188745e-05	5.288537e-06	1
16	rs62034324:28536762:T:C	28536762	2	4.516153e-05	5.691917e-06	1
16	rs62034325:28538640:A:G	28538640	4	3.801267e-04	5.417322e-05	1
16	rs62034326:28539293:A:G	28539293	2	4.516153e-05	5.691905e-06	1
16	rs62034350:28562256:A:G	28562256	9	1.601210e-04	2.133852e-05	1
16	rs62034351:28565489:G:A	28565489	9	2.561931e-04	3.476188e-05	1
16	rs62034355:28581038:G:C	28581038	6	2.739041e-04	3.733890e-05	1
16	rs62034358:28587597:G:T	28587597	5	1.967716e-04	2.620611e-05	1
16	rs62034359:28600091:C:T	28600091	5	2.605876e-04	3.536949e-05	1
16	rs62035308:29086987:C:G	29086987	16	1.435677e-04	3.411747e-05	1
16	rs62035316:29098418:G:A	29098418	13	5.187927e-04	1.189890e-04	1
16	rs62035486:29253866:A:G	29253866	14	-1.967319e-04	-3.488652e-05	1
16	rs62035487:29254402:G:T	29254402	13	-2.043269e-04	-3.630894e-05	1
16	rs62035492:29259109:G:A	29259109	13	-7.771162e-05	-1.334951e-05	1
16	rs62035493:29259207:A:C	29259207	2	-5.958501e-05	-9.188207e-06	1
16	rs62035494:29259775:C:T	29259775	5	-4.630326e-05	-7.682478e-06	1
16	rs62035498:29267352:A:G	29267352	13	-1.136896e-06	-2.077475e-07	1
16	rs62035580:29344604:C:T	29344604	10	-1.360727e-04	-2.091675e-05	1
16	rs62035581	29344690	0	-3.109478e-04	-4.933829e-05	1
16	rs62035582:29344835:G:A	29344835	4	-2.781063e-04	-4.366616e-05	1
16	rs62035945:29167081:G:C	29167081	5	1.544721e-04	3.445896e-05	1
16	rs62036613:28823097:A:G	28823097	6	4.553719e-04	6.675277e-05	1
16	rs62036614	28824685	1	5.328433e-04	8.215137e-05	1
16	rs62036616:28826307:A:G	28826307	4	4.742897e-04	7.031104e-05	1
16	rs62036617:28827498:T:C	28827498	5	3.956690e-04	5.633492e-05	1
16	rs62036618:28828834:A:C	28828834	5	3.956690e-04	5.633490e-05	1
16	rs62036620:28833097:A:G	28833097	4	4.303371e-04	6.258608e-05	1
16	rs62036621:28833299:C:A	28833299	4	4.303371e-04	6.258607e-05	1
16	rs62036622:28837203:T:G	28837203	4	5.066311e-04	7.688247e-05	1
16	rs62036623:28839735:C:G	28839735	3	4.852932e-04	7.281707e-05	1
16	rs62036624:28839930:G:T	28839930	1	4.137301e-04	5.969238e-05	1
16	rs62036626:28844284:A:G	28844284	1	4.137301e-04	5.969236e-05	1
16	rs62036657:28844365:G:A	28844365	1	4.137301e-04	5.969235e-05	1
16	rs62036658:28850371:T:G	28850371	7	4.280291e-04	6.245141e-05	1
16	rs62037275:29281487:G:A	29281487	12	-1.472474e-04	-2.018652e-05	1
16	rs62037276:29281496:A:G	29281496	12	-1.472474e-04	-2.018653e-05	1
16	rs62037283:29285187:G:A	29285187	14	-1.217779e-04	-1.666530e-05	1
16	rs62037317:29291124:C:T	29291124	15	-1.373238e-04	-1.896917e-05	1
16	rs62037323:29297094:C:T	29297094	15	-2.615421e-04	-6.311320e-05	1
16	rs62037328:29300794:G:A	29300794	12	4.586501e-04	9.796319e-05	1
16	rs62037329:29301022:G:A	29301022	10	4.016012e-04	8.353432e-05	1
16	rs62037332:29301809:A:G	29301809	1	1.975042e-04	3.213421e-05	1
16	rs62037333:29301819:A:G	29301819	1	1.975042e-04	3.213421e-05	1
16	rs62037334:29301896:G:C	29301896	1	1.975042e-04	3.213420e-05	1
16	rs62037363	28865042	1	3.262207e-04	4.494381e-05	1
16	rs62037364:28868695:G:A	28868695	7	3.391983e-04	4.734847e-05	1
16	rs62037365:28868962:C:G	28868962	1	4.086061e-04	5.878274e-05	1
16	rs62037366:28871657:C:A	28871657	3	4.495489e-04	6.592368e-05	1
16	rs62037367:28874547:C:G	28874547	1	4.086061e-04	5.878271e-05	1
16	rs62037369:28883841:C:T	28883841	4	4.455679e-04	6.520723e-05	1
16	rs62037371:28890131:C:A	28890131	3	4.196305e-04	6.078591e-05	1
16	rs62037373:28893295:C:G	28893295	13	7.657334e-04	1.672839e-04	1
16	rs62037414:28923521:C:T	28923521	6	-2.871408e-04	-3.974649e-05	1
16	rs62037421:28954408:C:T	28954408	9	-5.347492e-04	-9.125562e-05	1
16	rs62037422	28963012	0	-5.224696e-04	-8.681730e-05	1
16	rs62037423:28964716:A:G	28964716	3	-3.332910e-04	-4.968845e-05	1
16	rs62037427:29002706:G:A	29002706	12	-3.745360e-04	-5.713730e-05	1
16	rs62038177	29195695	2	6.112064e-04	1.584314e-04	1
16	rs62038967:29305726:A:G	29305726	13	3.332861e-04	6.323902e-05	1
16	rs62038969:29307683:G:C	29307683	12	2.426631e-04	4.582642e-05	1
16	rs62038970:29309914:T:C	29309914	9	1.640601e-04	2.999960e-05	1
16	rs62038973:29310960:G:A	29310960	7	2.203129e-04	4.087805e-05	1
16	rs62038974:29310994:A:G	29310994	4	2.344963e-04	4.236063e-05	1
16	rs62038975	29311190	1	2.674458e-04	4.885259e-05	1
16	rs62054860	29720349	0	-5.923895e-05	-9.613160e-06	1
16	rs62054862:29723193:A:G	29723193	5	-7.266607e-05	-1.266235e-05	1
16	rs62054863:29723815:C:A	29723815	9	3.403291e-05	5.921709e-06	1
16	rs62054867:29726088:G:A	29726088	8	-9.335157e-05	-1.642915e-05	1
16	rs62054874:29734427:G:A	29734427	11	-8.026432e-05	-1.422466e-05	1
16	rs62054875:29735902:A:G	29735902	14	-1.665594e-04	-3.006487e-05	1
16	rs62054877:29738423:T:C	29738423	10	-5.513616e-05	-9.579837e-06	1
16	rs62054880:29740557:A:G	29740557	5	-2.787399e-04	-5.133410e-05	1
16	rs62054881:29740571:G:A	29740571	2	-1.956351e-04	-3.502986e-05	1
16	rs62056371:29834954:C:T	29834954	1	1.637841e-04	2.990563e-05	1
16	rs62056375:29857901:G:A	29857901	4	2.860803e-04	5.730019e-05	1
16	rs62059023:29681707:G:A	29681707	6	6.214774e-05	7.942147e-06	1
16	rs62059024:29681734:C:T	29681734	4	1.968343e-05	2.501141e-06	1
16	rs62059025:29692277:T:A	29692277	16	1.466001e-04	1.912585e-05	1
16	rs62060162	29710492	0	-2.145860e-04	-3.844745e-05	1
16	rs62060163:29710682:T:C	29710682	1	-2.347730e-04	-4.249696e-05	1
16	rs62060164:29711801:G:A	29711801	4	-3.431569e-04	-6.624055e-05	1
16	rs62060166:29713913:G:A	29713913	5	-3.114586e-04	-5.917460e-05	1
16	rs62060167:29715145:C:G	29715145	5	-3.214186e-04	-6.140900e-05	1
16	rs62639718:29281661:T:C	29281661	11	-1.409936e-04	-1.926382e-05	1
16	rs62639719:29281756:A:T	29281756	1	2.603732e-06	3.325504e-07	1
16	rs62639720:29281814:T:C	29281814	11	3.315087e-04	6.583566e-05	1
16	rs62639721:29281841:G:A	29281841	11	-1.409936e-04	-1.926382e-05	1
16	rs634395:29719579:G:C	29719579	10	1.295178e-04	2.052363e-05	1
16	rs634396:29719580:T:C	29719580	11	1.154596e-04	1.827496e-05	1
16	rs634977:29733308:C:A	29733308	12	3.242300e-05	5.094789e-06	1
16	rs6416642:28082995:G:A	28082995	14	4.296003e-04	7.520807e-05	1
16	rs645946:29734314:G:A	29734314	10	-3.811482e-05	-6.186295e-06	1
16	rs648559	29740645	0	2.062223e-04	3.346620e-05	1
16	rs6498089:28629300:C:T	28629300	11	-1.926130e-04	-2.635559e-05	1
16	rs6565169	29692692	1	-2.628074e-04	-3.703739e-05	1
16	rs6565173:29974167:G:A	29974167	3	-7.039131e-05	-9.621398e-06	1
16	rs6565229:28872598:T:C	28872598	1	4.086061e-04	5.878261e-05	1
16	rs6565300:28993049:A:C	28993049	3	7.878476e-05	1.074114e-05	1
16	rs6565375:29317861:A:T	29317861	2	3.543875e-04	5.026166e-05	1
16	rs66818723:29887215:T:C	29887215	9	2.606622e-04	3.916434e-05	1
16	rs66957695:29114514:A:T	29114514	16	4.154460e-05	6.215244e-06	1
16	rs67479058	28970852	0	3.785504e-04	7.371873e-05	1
16	rs67575668:29669560:C:T	29669560	9	-3.895064e-04	-8.479147e-05	1
16	rs67846049:29191344:G:T	29191344	14	-4.548873e-05	-6.851586e-06	1
16	rs68024357:29128937:G:A	29128937	9	7.741458e-05	1.153256e-05	1
16	rs6839	28617128	11	3.164515e-04	4.577273e-05	1
16	rs710410:28603342:A:G	28603342	10	2.951243e-04	4.077330e-05	1
16	rs71277298:29732886:A:G	29732886	8	6.211007e-05	1.716742e-05	1
16	rs71383744:29008330:A:C	29008330	9	-1.193175e-04	-3.153169e-05	1
16	rs71383755:29204636:C:T	29204636	12	1.223235e-05	3.341864e-06	1
16	rs71387642	29095150	1	9.041732e-05	2.302584e-05	1
16	rs71387647:29161822:C:A	29161822	9	-1.881207e-04	-2.837604e-05	1
16	rs71387648:29201069:G:A	29201069	2	8.715296e-05	2.217992e-05	1
16	rs71387656	29297762	0	1.105149e-04	2.811534e-05	1
16	rs71389428:29842632:G:A	29842632	3	1.830716e-04	3.392649e-05	1
16	rs71389429:29842635:C:T	29842635	3	1.830716e-04	3.392649e-05	1
16	rs71389435	29907027	0	2.246868e-04	6.325076e-05	1
16	rs71389833	28175830	0	2.176065e-05	5.909948e-06	1
16	rs71391316	28601175	0	-1.415608e-04	-3.613938e-05	1
16	rs71391317:28607630:C:T	28607630	7	-5.784965e-05	-1.508629e-05	1
16	rs7140	28995757	12	-1.341329e-04	-1.904770e-05	1
16	rs7184075:29287841:G:A	29287841	12	1.742975e-04	2.338315e-05	1
16	rs7184288:29935052:G:C	29935052	15	4.173554e-05	5.652264e-06	1
16	rs7184597:28921809:T:C	28921809	4	-3.858590e-04	-5.623845e-05	1
16	rs7184953	29315879	2	2.876302e-04	4.853685e-05	1
16	rs7185056:29302861:A:G	29302861	2	2.177669e-04	3.608222e-05	1
16	rs7185941:29267117:G:T	29267117	4	-2.551254e-05	-3.317782e-06	1
16	rs7186573:28587389:T:C	28587389	2	3.519370e-04	4.966791e-05	1
16	rs7186597:29292314:T:C	29292314	7	6.553015e-05	8.573069e-06	1
16	rs7186784:29018610:A:G	29018610	15	-2.632139e-04	-4.851542e-05	1
16	rs7186880:28235247:C:T	28235247	8	-5.966786e-04	-1.089332e-04	1
16	rs7187333:28865916:G:A	28865916	3	4.495489e-04	6.592350e-05	1
16	rs7187575:28990101:C:T	28990101	6	-8.634782e-05	-1.178086e-05	1
16	rs7187604:28565953:A:G	28565953	9	1.070992e-04	1.417814e-05	1
16	rs7187776:28857645:A:G	28857645	2	4.870425e-04	7.382327e-05	1
16	rs7188071:28917644:T:C	28917644	2	-3.880053e-04	-5.593619e-05	1
16	rs7188093:29190050:G:A	29190050	11	-6.113672e-05	-9.188835e-06	1
16	rs7188570:29314999:T:G	29314999	12	2.061772e-04	3.438749e-05	1
16	rs7188624:28003858:G:A	28003858	7	-4.478091e-04	-7.556748e-05	1
16	rs7188755:28956464:T:C	28956464	8	-2.910693e-04	-3.810662e-05	1
16	rs7189093:29288252:A:G	29288252	6	4.674845e-05	6.070687e-06	1
16	rs7189265:29288308:A:G	29288308	6	1.067695e-04	1.392939e-05	1
16	rs7189550:29911260:G:A	29911260	1	5.204816e-05	7.009207e-06	1
16	rs7189750	29911416	0	4.769784e-05	6.417775e-06	1
16	rs7189870:29735063:C:T	29735063	14	-1.665594e-04	-3.006486e-05	1
16	rs7189927	28913787	1	-3.118382e-04	-4.330814e-05	1
16	rs7190126:29267092:A:G	29267092	11	-3.086174e-05	-3.886269e-06	1
16	rs7190132:29752794:G:C	29752794	4	-7.758635e-05	-1.264322e-05	1
16	rs7190185:29962352:A:G	29962352	8	4.080938e-06	5.619061e-07	1
16	rs7190532:29302798:T:G	29302798	1	1.975042e-04	3.213412e-05	1
16	rs7190771:28590030:G:A	28590030	3	3.794457e-04	5.432373e-05	1
16	rs7190932:29303037:T:C	29303037	11	3.909739e-04	7.313285e-05	1
16	rs7191083:29303083:T:C	29303083	6	3.025416e-04	5.267436e-05	1
16	rs7191618:28565667:C:G	28565667	4	4.019229e-05	5.093151e-06	1
16	rs7192833	29317811	1	3.527228e-04	4.988376e-05	1
16	rs7193274:28872788:C:G	28872788	0	3.021066e-04	4.294581e-05	1
16	rs7193402	28586127	2	2.017362e-04	2.668950e-05	1
16	rs7193414:29005895:T:C	29005895	10	2.555397e-04	5.641133e-05	1
16	rs7193532:29962802:G:A	29962802	3	-1.495080e-06	-2.066971e-07	1
16	rs7193733:28875482:A:G	28875482	1	4.086061e-04	5.878247e-05	1
16	rs7193756:29749904:G:T	29749904	1	-1.871506e-04	-3.081191e-05	1
16	rs7194691:28218976:C:T	28218976	13	-7.497018e-04	-1.628497e-04	1
16	rs7194904:27967385:G:A	27967385	13	4.142738e-04	5.957643e-05	1
16	rs7195050:29711343:C:T	29711343	5	-3.135758e-04	-5.537162e-05	1
16	rs7195477:29288634:T:C	29288634	7	5.187731e-05	6.740755e-06	1
16	rs7195557:29683587:A:C	29683587	14	-1.702913e-04	-2.348414e-05	1
16	rs7195596:29749599:T:C	29749599	1	-1.871506e-04	-3.081191e-05	1
16	rs7196737:29287441:C:A	29287441	6	4.674845e-05	6.070671e-06	1
16	rs7197877	28010216	0	-3.486891e-04	-5.396889e-05	1
16	rs7198606:28875122:T:G	28875122	1	4.086061e-04	5.878245e-05	1
16	rs7199187:28193660:C:G	28193660	12	-6.902841e-04	-1.388958e-04	1
16	rs7200597:28063085:G:A	28063085	15	-5.400411e-04	-9.254068e-05	1
16	rs7201384:29924905:A:G	29924905	2	7.970346e-05	1.023218e-05	1
16	rs7201519:29859977:A:G	29859977	2	2.669886e-04	5.260911e-05	1
16	rs7201546	29020294	0	-8.159018e-06	-1.462327e-06	1
16	rs7201797:29287496:G:A	29287496	8	1.664062e-04	2.213055e-05	1
16	rs7201875:28063193:T:C	28063193	15	-5.400411e-04	-9.254067e-05	1
16	rs7201929	28871966	0	3.021066e-04	4.294582e-05	1
16	rs7201971:29290799:T:C	29290799	7	6.553015e-05	8.573049e-06	1
16	rs7202802:29289240:G:C	29289240	6	-7.110095e-05	-9.275739e-06	1
16	rs7202948:28558289:T:A	28558289	6	3.566858e-05	4.520017e-06	1
16	rs7203240:29268585:T:C	29268585	4	3.519579e-04	6.341260e-05	1
16	rs7203494:29288540:C:A	29288540	6	4.674845e-05	6.070662e-06	1
16	rs7203688:29288617:C:G	29288617	7	1.117084e-04	1.458769e-05	1
16	rs7203712	29716569	0	-1.520247e-04	-2.510351e-05	1
16	rs7203872:29288675:C:A	29288675	9	5.303170e-05	6.946984e-06	1
16	rs7204109:29303084:G:A	29303084	6	3.025416e-04	5.267433e-05	1
16	rs7204265:29270304:T:C	29270304	7	-4.517240e-04	-9.455467e-05	1
16	rs7204334:29303244:G:A	29303244	5	3.400674e-04	6.029959e-05	1
16	rs7204797:29968015:C:T	29968015	4	1.010877e-04	1.392170e-05	1
16	rs7204838	29270649	1	3.572804e-04	6.507108e-05	1
16	rs7205278:29754683:T:C	29754683	7	1.346783e-05	2.193346e-06	1
16	rs7205323:28865892:C:T	28865892	1	4.086061e-04	5.878244e-05	1
16	rs7205609	28264853	0	1.814833e-04	2.482069e-05	1
16	rs7206214:28919341:A:G	28919341	4	-3.913440e-04	-5.622796e-05	1
16	rs7206427:29258842:A:G	29258842	3	-3.108198e-05	-5.082116e-06	1
16	rs7206544:29192661:A:G	29192661	14	-8.510700e-07	-1.248099e-07	1
16	rs7206553:29255243:C:T	29255243	2	-9.900412e-05	-1.534867e-05	1
16	rs7206859:29293869:C:A	29293869	9	6.717140e-05	8.793384e-06	1
16	rs72483435:29752368:A:G	29752368	3	-3.053092e-04	-5.952541e-05	1
16	rs72622204:28579082:A:C	28579082	4	-3.113582e-04	-8.979982e-05	1
16	rs72622205:28585621:T:C	28585621	5	-3.071211e-04	-8.887234e-05	1
16	rs72622206:28591579:G:A	28591579	5	-3.071211e-04	-8.887234e-05	1
16	rs72622207:28591755:G:A	28591755	5	-3.071211e-04	-8.887234e-05	1
16	rs72622208:28605147:C:T	28605147	5	-3.346438e-04	-9.893650e-05	1
16	rs72784139:27969138:T:C	27969138	5	-1.204364e-04	-2.337591e-05	1
16	rs72784149:27972752:G:A	27972752	8	-1.512879e-04	-2.970680e-05	1
16	rs72785834:28045212:C:T	28045212	6	9.454526e-05	2.356591e-05	1
16	rs72789636	28118078	2	-6.999325e-05	-1.911434e-05	1
16	rs72789666	28167117	0	-9.485685e-05	-2.460891e-05	1
16	rs72791856	28304387	0	-7.860918e-05	-1.831216e-05	1
16	rs72791878:28531285:C:T	28531285	3	4.806829e-04	1.677962e-04	1
16	rs72791888	28551803	1	3.482770e-04	1.062673e-04	1
16	rs72791892:28568130:A:G	28568130	3	4.288435e-04	1.401742e-04	1
16	rs72793807	28651732	1	-6.726100e-05	-9.960502e-06	1
16	rs72793809	28832382	1	4.129770e-04	5.967027e-05	1
16	rs72793811:28839392:G:A	28839392	4	6.185742e-04	1.035729e-04	1
16	rs72793812:28840381:A:G	28840381	5	5.058871e-04	7.676008e-05	1
16	rs72793815:28863451:G:A	28863451	1	4.086061e-04	5.878237e-05	1
16	rs72793818:28893137:G:A	28893137	9	4.339307e-04	6.434509e-05	1
16	rs72793828	28935580	0	1.870273e-04	5.198885e-05	1
16	rs72798106:29658573:C:T	29658573	7	1.658788e-04	2.172318e-05	1
16	rs72798129	29821295	2	-3.854061e-04	-9.864052e-05	1
16	rs72798151	29933890	1	1.007291e-04	2.632424e-05	1
16	rs73524459:29266200:G:A	29266200	7	-7.710181e-05	-1.502321e-05	1
16	rs73526294:29652229:G:A	29652229	14	-2.706870e-04	-5.793965e-05	1
16	rs735645	29242115	2	2.995684e-05	3.785701e-06	1
16	rs7359380:29902414:C:T	29902414	9	2.092507e-04	3.087854e-05	1
16	rs7359397	28885659	1	4.878501e-04	7.338253e-05	1
16	rs739591	28072840	1	2.957980e-04	3.839275e-05	1
16	rs74015182:27982326:A:C	27982326	3	-3.701807e-04	-6.023427e-05	1
16	rs74016610	28038652	1	3.275400e-04	7.590604e-05	1
16	rs74016612:28040536:T:A	28040536	1	3.275400e-04	7.590604e-05	1
16	rs74017608	29327055	1	-6.488994e-05	-1.626145e-05	1
16	rs74017619:29437092:T:G	29437092	6	1.200712e-04	2.989436e-05	1
16	rs7404778:29083429:C:T	29083429	16	4.878509e-04	1.428409e-04	1
16	rs7404931	28272624	0	1.636308e-04	2.460476e-05	1
16	rs74249933	29751163	0	-1.343907e-04	-2.155567e-05	1
16	rs74330629	28279467	0	4.491985e-05	1.198714e-05	1
16	rs743590:28608230:G:A	28608230	10	4.182886e-04	6.130328e-05	1
16	rs74599344:28289950:G:A	28289950	16	1.245967e-04	2.808864e-05	1
16	rs74657328:29224228:G:A	29224228	6	3.420412e-05	8.791470e-06	1
16	rs74893465	29749194	0	-3.137635e-04	-6.124396e-05	1
16	rs74899071:28562377:A:G	28562377	5	-2.261424e-04	-6.171841e-05	1
16	rs74907775	28271704	3	8.523380e-05	2.260894e-05	1
16	rs749115:27963251:C:T	27963251	10	7.451113e-04	1.439617e-04	1
16	rs749116	27963349	0	6.308047e-04	1.063586e-04	1
16	rs749253:29241309:T:G	29241309	16	-8.334916e-05	-1.090825e-05	1
16	rs74949322	28506109	1	-1.376792e-04	-3.878672e-05	1
16	rs74974765	28832565	1	-2.694834e-05	-6.499069e-06	1
16	rs7498372:29910725:A:G	29910725	5	2.100166e-04	2.850238e-05	1
16	rs7498555:28893571:T:C	28893571	11	4.726630e-04	7.106845e-05	1
16	rs7498603:28882424:T:C	28882424	2	4.052481e-04	5.820774e-05	1
16	rs7498665	28883241	1	3.466977e-04	4.857322e-05	1
16	rs7499337:28872354:G:C	28872354	3	4.495489e-04	6.592322e-05	1
16	rs7499878:28868464:C:T	28868464	0	2.219778e-04	3.045740e-05	1
16	rs7500073:29274563:G:A	29274563	7	-9.950419e-05	-1.304737e-05	1
16	rs7500321:28977020:G:A	28977020	9	2.127544e-05	2.909049e-06	1
16	rs75005694	28320382	0	1.720589e-04	4.480210e-05	1
16	rs75009327:28875738:G:A	28875738	1	-7.184064e-05	-1.701630e-05	1
16	rs75050680	28018652	0	-5.499582e-04	-1.182217e-04	1
16	rs75141201	28015124	0	-1.066167e-04	-2.935220e-05	1
16	rs75227850	28555894	0	4.250192e-04	1.354355e-04	1
16	rs75281532:29607027:G:C	29607027	15	1.394466e-04	3.731562e-05	1
16	rs75283091	28021663	0	-1.153823e-04	-2.158335e-05	1
16	rs753130:29319599:G:A	29319599	16	4.655444e-05	6.985097e-06	1
16	rs75343895	28058520	0	3.151331e-04	7.889788e-05	1
16	rs75422760:29748442:C:T	29748442	7	-2.952430e-04	-5.851750e-05	1
16	rs75539558:28595810:C:G	28595810	2	3.882382e-04	5.581710e-05	1
16	rs756987:28073432:C:G	28073432	3	2.473480e-04	3.132820e-05	1
16	rs756988:28073439:G:C	28073439	3	2.473480e-04	3.132820e-05	1
16	rs75718860:28308132:G:A	28308132	12	1.940938e-05	5.198695e-06	1
16	rs75738775:28513827:A:G	28513827	4	2.893128e-04	7.586542e-05	1
16	rs75771:29241928:T:C	29241928	4	1.900458e-05	2.398020e-06	1
16	rs75814811:29269862:G:A	29269862	7	-2.815195e-04	-5.343099e-05	1
16	rs76001209:29301974:A:C	29301974	7	3.389084e-04	5.920847e-05	1
16	rs76007774:28550269:C:T	28550269	10	2.357218e-04	6.074873e-05	1
16	rs76020226:27965576:C:A	27965576	5	-1.788102e-04	-4.883489e-05	1
16	rs76062571	28336881	1	3.880651e-04	1.186248e-04	1
16	rs76116562	27983653	1	2.382026e-05	6.427306e-06	1
16	rs76145432:29762999:A:G	29762999	10	-1.200004e-04	-2.155967e-05	1
16	rs762633:28608341:T:C	28608341	16	2.443351e-04	3.323437e-05	1
16	rs762634:28603335:T:C	28603335	10	2.951243e-04	4.077304e-05	1
16	rs76264759:29628208:G:A	29628208	16	8.118763e-05	2.072829e-05	1
16	rs76267224	28130212	0	-2.868123e-04	-8.126130e-05	1
16	rs76308645:29213135:T:C	29213135	4	6.048163e-05	1.671093e-05	1
16	rs76338569:29668116:G:A	29668116	14	-5.978200e-05	-1.383299e-05	1
16	rs76369024:29301967:A:G	29301967	7	3.389084e-04	5.920847e-05	1
16	rs763763:27978219:T:C	27978219	13	-4.554520e-04	-8.411675e-05	1
16	rs76445101:29751561:C:T	29751561	0	-1.343907e-04	-2.155567e-05	1
16	rs76498707	28273579	0	-1.109645e-04	-2.602498e-05	1
16	rs76507221:29199269:G:T	29199269	4	6.048163e-05	1.671093e-05	1
16	rs76569227:28564991:C:T	28564991	5	-2.261424e-04	-6.171842e-05	1
16	rs76662516	28496014	0	-3.043035e-05	-8.323257e-06	1
16	rs76712312	29976076	3	-1.231993e-04	-2.781305e-05	1
16	rs76764777:28534196:C:T	28534196	5	-2.264884e-04	-6.182447e-05	1
16	rs76840156:29965436:C:T	29965436	3	-1.166325e-04	-3.178069e-05	1
16	rs76847656	28273013	1	-8.892953e-05	-2.470584e-05	1
16	rs76901882:29754486:C:A	29754486	5	-2.417058e-04	-4.580679e-05	1
16	rs77000650:29749969:C:T	29749969	2	-3.207808e-04	-6.306735e-05	1
16	rs77003191	28974698	0	4.364912e-05	1.195415e-05	1
16	rs77017255:29296898:G:C	29296898	9	-4.082963e-04	-8.238386e-05	1
16	rs77412064:28291079:G:A	28291079	6	1.971481e-04	4.531785e-05	1
16	rs77422319:29039112:G:A	29039112	8	4.988923e-04	1.477198e-04	1
16	rs77535137:28565445:G:A	28565445	5	-1.861312e-04	-4.950000e-05	1
16	rs77595156	28488943	0	1.258708e-04	3.094360e-05	1
16	rs77663651:29750851:A:G	29750851	1	-3.296844e-04	-6.513240e-05	1
16	rs77794588:29133007:G:T	29133007	11	4.930234e-06	1.104413e-06	1
16	rs78013072:28116532:G:A	28116532	2	-2.367721e-04	-6.306637e-05	1
16	rs78048980:29324276:G:C	29324276	7	4.289426e-05	1.027590e-05	1
16	rs78055730:29584446:C:G	29584446	16	-1.623753e-05	-4.271894e-06	1
16	rs78102288	28562642	0	-1.242311e-04	-3.014231e-05	1
16	rs78114333:29260000:T:C	29260000	5	3.594714e-05	5.436669e-06	1
16	rs78225763:28519693:G:A	28519693	2	2.221111e-04	5.307656e-05	1
16	rs78244732:29764804:G:A	29764804	12	-1.123247e-04	-2.045895e-05	1
16	rs78417606:29874855:C:G	29874855	16	1.218872e-05	3.353111e-06	1
16	rs78520265:29750947:T:G	29750947	1	-3.296844e-04	-6.513240e-05	1
16	rs78613234:28839425:T:C	28839425	1	4.137301e-04	5.969180e-05	1
16	rs78621357:28283355:A:G	28283355	9	2.834873e-04	6.639809e-05	1
16	rs78721020:28532499:G:A	28532499	5	-3.467093e-04	-1.015256e-04	1
16	rs78722125	28987857	0	-4.646000e-05	-1.104799e-05	1
16	rs78791450	28090187	0	1.727214e-04	4.539325e-05	1
16	rs78850123:29679227:G:A	29679227	4	7.264983e-05	1.998050e-05	1
16	rs79043334:29671016:C:A	29671016	16	-2.236892e-05	-5.358202e-06	1
16	rs79046494:28527326:G:A	28527326	2	-1.258613e-04	-1.678318e-05	1
16	rs79077329:28499121:C:T	28499121	2	-5.933067e-05	-1.639108e-05	1
16	rs79126889:27989840:C:G	27989840	15	-2.129036e-04	-3.491720e-05	1
16	rs79317729:28523248:G:A	28523248	2	2.221111e-04	5.307656e-05	1
16	rs79654572:29153247:G:T	29153247	1	-1.476094e-04	-2.161157e-05	1
16	rs79658697	29008509	0	-4.875977e-04	-1.575123e-04	1
16	rs79722818:28559261:C:T	28559261	6	-1.863914e-04	-4.957611e-05	1
16	rs79758803:29753925:T:C	29753925	4	-2.506028e-04	-4.766281e-05	1
16	rs79850259:28552692:G:A	28552692	6	-2.250116e-04	-6.137341e-05	1
16	rs79867441:29950820:C:T	29950820	11	-2.684948e-05	-5.831195e-06	1
16	rs79912905:28568215:C:T	28568215	5	-1.756671e-04	-4.678739e-05	1
16	rs79924535:28029539:C:T	28029539	7	3.521163e-05	7.697244e-06	1
16	rs80158747:28283138:C:T	28283138	2	2.423402e-04	5.543973e-05	1
16	rs80247256:28558457:A:G	28558457	7	-1.958500e-04	-5.296153e-05	1
16	rs80255063	28150472	3	-2.479736e-04	-6.608807e-05	1
16	rs80273739:29933901:A:G	29933901	12	-6.684078e-05	-1.745820e-05	1
16	rs80275162:28863517:T:A	28863517	7	3.484965e-04	4.938747e-05	1
16	rs80276995:27966612:A:T	27966612	11	-1.718777e-04	-4.680479e-05	1
16	rs80344130:28534448:G:A	28534448	5	-2.264884e-04	-6.182447e-05	1
16	rs8043811:29764279:A:T	29764279	14	-4.016178e-05	-6.683493e-06	1
16	rs8044407:29154849:C:T	29154849	4	-2.259058e-04	-3.415266e-05	1
16	rs8045276	29025978	0	-3.374568e-04	-5.105457e-05	1
16	rs8045351:29737351:T:A	29737351	13	-1.082143e-04	-1.910648e-05	1
16	rs8045689:28988269:C:T	28988269	8	-8.747081e-05	-1.195601e-05	1
16	rs8046258:29267784:C:T	29267784	7	-4.210186e-05	-8.100229e-06	1
16	rs8046271:28541394:T:C	28541394	3	5.951453e-05	7.511921e-06	1
16	rs8046545:28915217:G:A	28915217	5	-4.040317e-04	-5.854805e-05	1
16	rs8046764:29260696:G:A	29260696	2	1.702527e-05	2.771324e-06	1
16	rs8047140	29922988	0	2.294651e-04	4.584699e-05	1
16	rs8047185	28003536	0	-3.801013e-04	-6.049995e-05	1
16	rs8047453:29257145:T:C	29257145	3	-2.042794e-05	-3.343557e-06	1
16	rs8047777:29151923:C:T	29151923	2	-3.698281e-05	-5.324007e-06	1
16	rs8048433:29931593:T:C	29931593	10	-4.165228e-05	-5.574926e-06	1
16	rs8048750	29266272	0	1.818242e-05	2.339201e-06	1
16	rs8049052:29272871:G:A	29272871	8	-1.578008e-04	-2.102940e-05	1
16	rs8049399:29279209:C:T	29279209	0	-9.863078e-06	-1.267686e-06	1
16	rs8049439	28837515	0	4.855941e-04	7.349477e-05	1
16	rs8049739:28632288:G:C	28632288	8	-1.640502e-04	-2.219692e-05	1
16	rs8050576:29919792:A:G	29919792	8	2.680647e-04	3.467518e-05	1
16	rs8051833:29896390:G:A	29896390	14	1.385512e-04	2.005756e-05	1
16	rs8052502:29929728:C:T	29929728	2	8.347550e-05	1.071271e-05	1
16	rs8053318:29279030:G:A	29279030	0	-9.863078e-06	-1.267686e-06	1
16	rs8053800	29043450	1	-1.524862e-04	-1.890646e-05	1
16	rs8054172:29655864:T:C	29655864	5	1.136498e-04	1.472873e-05	1
16	rs8054272:29692224:A:G	29692224	5	-2.669443e-04	-3.803004e-05	1
16	rs8054337:29279597:G:C	29279597	0	-9.863078e-06	-1.267688e-06	1
16	rs8054556:29958216:G:A	29958216	8	-1.012772e-04	-1.414959e-05	1
16	rs8055138:28891465:C:T	28891465	3	4.196305e-04	6.078538e-05	1
16	rs8055413:29323508:G:A	29323508	3	-2.797842e-05	-7.317687e-06	1
16	rs8055762	29323692	0	-1.272013e-04	-3.348442e-05	1
16	rs8055846:28241942:G:T	28241942	7	-5.742787e-04	-1.021514e-04	1
16	rs8055867:29958215:C:T	29958215	8	-1.220687e-04	-2.656811e-05	1
16	rs8055982:28881202:A:C	28881202	3	4.315164e-04	6.335115e-05	1
16	rs8056114:29266333:C:G	29266333	15	2.334101e-06	4.141217e-07	1
16	rs8056535:29960468:G:A	29960468	5	-7.686067e-05	-1.058818e-05	1
16	rs8056890:28897452:G:A	28897452	16	3.808766e-04	5.543046e-05	1
16	rs8057141:29279028:A:G	29279028	8	-1.095917e-04	-1.374706e-05	1
16	rs8057332:29279114:A:G	29279114	0	-9.863078e-06	-1.267690e-06	1
16	rs8057415:28098509:A:G	28098509	16	7.695959e-04	1.719440e-04	1
16	rs8057491:28162986:C:T	28162986	9	-6.738849e-04	-1.316936e-04	1
16	rs8057883:29279402:A:G	29279402	0	-9.863078e-06	-1.267696e-06	1
16	rs8058049:29684572:G:A	29684572	13	1.205810e-04	1.580061e-05	1
16	rs8058824	29828710	0	1.319501e-04	2.379009e-05	1
16	rs8059307:28246336:A:G	28246336	15	3.665481e-04	5.441032e-05	1
16	rs8059516:29257291:G:T	29257291	3	-2.042794e-05	-3.343567e-06	1
16	rs8059619	29925445	1	3.094199e-05	3.969185e-06	1
16	rs8060295:29266170:G:A	29266170	16	2.481271e-05	4.459221e-06	1
16	rs8060345:29023105:G:C	29023105	0	-3.008823e-04	-4.042073e-05	1
16	rs8060365:28911309:C:A	28911309	8	-4.253584e-04	-6.269860e-05	1
16	rs8061029:29272747:C:T	29272747	8	-1.578008e-04	-2.102942e-05	1
16	rs8061634:29833414:T:G	29833414	14	1.835955e-04	3.401848e-05	1
16	rs8061773	29746166	0	-1.144935e-04	-1.894771e-05	1
16	rs8061877	28856819	0	2.219778e-04	3.045747e-05	1
16	rs8062082:29672582:A:G	29672582	14	-3.716533e-04	-7.997236e-05	1
16	rs8062405	28837906	1	4.376802e-04	6.453858e-05	1
16	rs8062695:29284412:G:C	29284412	3	3.389723e-05	4.378845e-06	1
16	rs8062730:29279180:T:C	29279180	0	-9.863078e-06	-1.267701e-06	1
16	rs8063282:29257288:A:G	29257288	1	-7.238972e-05	-1.116764e-05	1
16	rs8063490:29257435:A:G	29257435	1	-7.238972e-05	-1.116764e-05	1
16	rs8335	29869748	0	2.945495e-04	7.643734e-05	1
16	rs871886:29318553:C:T	29318553	13	1.854722e-04	2.819953e-05	1
16	rs871887:29318619:G:A	29318619	12	8.722054e-05	1.297612e-05	1
16	rs871888	29318906	0	1.754203e-04	2.625914e-05	1
16	rs877890:28025826:A:C	28025826	11	1.193836e-04	2.646694e-05	1
16	rs880380:27971913:G:A	27971913	16	-1.414127e-04	-3.237010e-05	1
16	rs889567:29144706:A:G	29144706	10	2.811182e-04	4.066862e-05	1
16	rs889682:29145543:A:G	29145543	11	2.967745e-04	4.319489e-05	1
16	rs889684:29128811:A:G	29128811	7	1.575150e-04	2.158170e-05	1
16	rs889685:29128990:A:G	29128990	7	1.575150e-04	2.158170e-05	1
16	rs9708958:28922743:A:G	28922743	5	-4.945426e-04	-7.776929e-05	1
16	rs9889107	28306987	6	-9.498851e-05	-1.465930e-05	1
16	rs9921268:29280801:G:A	29280801	10	-1.550919e-04	-2.124659e-05	1
16	rs9921579:28244337:G:A	28244337	16	3.719652e-04	5.502161e-05	1
16	rs9921783:29839449:T:C	29839449	2	2.082333e-04	3.876045e-05	1
16	rs9922666:29698625:G:T	29698625	16	1.449164e-04	2.115741e-05	1
16	rs9923079:28546620:C:T	28546620	8	-2.280478e-04	-6.155120e-05	1
16	rs9923341	29698710	0	5.492478e-05	7.986093e-06	1
16	rs9923649:29832138:G:A	29832138	1	1.613482e-04	2.938482e-05	1
16	rs9923882:28183747:T:C	28183747	12	-6.902841e-04	-1.388956e-04	1
16	rs9923909	28250640	1	-2.892350e-04	-8.208760e-05	1
16	rs9924471:28591530:G:A	28591530	15	2.991805e-04	5.329684e-05	1
16	rs9924619:29016528:G:C	29016528	4	-8.558677e-05	-1.556930e-05	1
16	rs9925019:28208556:G:A	28208556	13	-7.497018e-04	-1.628493e-04	1
16	rs9925602:29004399:G:A	29004399	12	-1.267416e-04	-1.763902e-05	1
16	rs9926245:28555706:T:A	28555706	6	-4.060691e-06	-5.257613e-07	1
16	rs9929088	29001460	0	-1.356388e-04	-1.848984e-05	1
16	rs9929469:29281066:C:T	29281066	10	-1.550919e-04	-2.124659e-05	1
16	rs9929925:29763764:G:A	29763764	10	1.220463e-04	1.994558e-05	1
16	rs9929981:28246874:T:G	28246874	15	3.688652e-04	5.445364e-05	1
16	rs9931976:28243927:C:T	28243927	16	3.719652e-04	5.502155e-05	1
16	rs9931989:28906084:G:C	28906084	10	-3.575213e-04	-5.119361e-05	1
16	rs9932416:29682494:G:T	29682494	7	-1.278308e-04	-1.737360e-05	1
16	rs9932653:29865673:G:A	29865673	7	3.320297e-04	6.740337e-05	1
16	rs9933198	28888409	0	3.021066e-04	4.294599e-05	1
16	rs9933310	29690904	2	9.495995e-05	1.233814e-05	1
16	rs9934724:29303629:T:C	29303629	7	3.835242e-04	7.084815e-05	1
16	rs9935074:28224357:A:C	28224357	13	-6.189078e-04	-1.171926e-04	1
16	rs9935314:28224358:G:C	28224358	13	-6.189078e-04	-1.171926e-04	1
16	rs9935557:29283463:C:T	29283463	13	-1.070795e-04	-1.464082e-05	1
16	rs9936041:27971550:A:T	27971550	9	1.362027e-04	2.269756e-05	1
16	rs9936290	27971747	0	1.192339e-05	1.819791e-06	1
16	rs9936474:29932691:T:C	29932691	2	8.347550e-05	1.071269e-05	1
16	rs9936496:29758793:C:T	29758793	7	1.870755e-04	3.058754e-05	1
16	rs9937596:28555157:A:T	28555157	8	-2.280478e-04	-6.155120e-05	1
16	rs9937600:29277513:A:G	29277513	0	-9.863078e-06	-1.267722e-06	1
16	rs9937676:28969480:A:G	28969480	7	-9.800455e-05	-1.222671e-05	1
16	rs9938000:28217796:G:A	28217796	13	-7.497018e-04	-1.628491e-04	1
16	rs9938630:29837108:C:T	29837108	12	2.720628e-04	4.714895e-05	1
16	rs9939142:28213424:A:C	28213424	13	-7.497018e-04	-1.628491e-04	1
16	rs9939450	28301487	2	-1.358601e-05	-1.653840e-06	1
16	rs9939514:29855731:G:A	29855731	2	2.450688e-04	4.708433e-05	1
16	rs9940440:29684788:G:A	29684788	7	6.041076e-05	7.812351e-06	1
16	rs9940721:28216954:T:G	28216954	13	-7.497018e-04	-1.628490e-04	1
16	rs9940962:29703334:T:C	29703334	16	-2.167464e-04	-4.015905e-05	1
16	rs9972693:28859802:A:G	28859802	0	4.145518e-04	5.981993e-05	1
16	rs9972768:28861734:A:C	28861734	1	4.086061e-04	5.878207e-05	1
