chr	rs	ps	n_miss	b	beta	gamma
1	rs10157494:802496:C:T	802496	13	1.865044e-04	2.708655e-05	1
1	rs10267:982994:T:C	982994	6	4.906333e-04	7.006494e-05	1
1	rs10399762:1806306:A:G	1806306	2	3.126925e-04	4.519645e-05	1
1	rs10399878:1239953:A:G	1239953	13	-2.754767e-04	-4.337143e-05	1
1	rs10436728:1942414:T:C	1942414	14	1.781235e-04	2.171346e-05	1
1	rs10449892:1255287:C:T	1255287	9	-2.766702e-04	-5.091750e-05	1
1	rs10454459:754629:A:G	754629	15	1.905183e-04	3.286114e-05	1
1	rs10454460:754671:A:G	754671	15	1.905183e-04	3.286114e-05	1
1	rs10454464:1833495:G:A	1833495	14	1.718735e-04	1.821102e-05	1
1	rs1055606:778745:A:G	778745	11	8.036049e-04	1.252056e-04	1
1	rs1057213:761752:C:T	761752	13	-5.053642e-04	-6.518371e-05	1
1	rs1059831:1650845:G:A	1650845	9	-1.549318e-04	-2.085196e-05	1
1	rs1062090:1683900:G:A	1683900	6	4.412570e-04	3.899997e-05	1
1	rs10752417:1768660:C:G	1768660	3	3.985324e-04	6.054261e-05	1
1	rs10796396:1817170:G:A	1817170	2	3.126925e-04	4.519645e-05	1
1	rs10907172:1124257:A:G	1124257	1	2.221022e-04	2.797816e-05	1
1	rs10907173:1124399:C:G	1124399	1	2.221022e-04	2.797816e-05	1
1	rs10907174:1125553:A:T	1125553	4	2.721171e-04	2.860876e-05	1
1	rs10907175:1130727:A:C	1130727	8	-8.208840e-05	-1.171331e-05	1
1	rs10907176:1130855:T:C	1130855	8	-3.456973e-06	-4.980426e-07	1
1	rs10907187:1759054:G:A	1759054	10	2.401512e-05	2.576286e-06	1
1	rs10907188:1768894:C:T	1768894	10	2.401512e-05	2.576287e-06	1
1	rs10907189:1772735:T:C	1772735	3	4.308795e-04	6.400104e-05	1
1	rs10907190:1773772:G:A	1773772	8	7.346465e-06	7.810290e-07	1
1	rs10907191:1774820:A:T	1774820	4	6.829159e-04	6.370864e-05	1
1	rs10907192:1793111:A:G	1793111	1	3.416409e-04	4.950208e-05	1
1	rs10907193:1805391:G:A	1805391	4	-1.877735e-08	-8.247019e-10	1
1	rs10907194:1712230:C:T	1712230	10	-6.447413e-05	-6.972343e-06	1
1	rs10907195:1713348:C:T	1713348	10	-5.554864e-04	-5.349403e-05	1
1	rs1105065:1054076:C:T	1054076	12	6.692411e-04	9.132149e-05	1
1	rs1109644:1596196:C:T	1596196	15	1.491650e-03	2.512765e-04	1
1	rs1109645:1596304:G:A	1596304	14	1.465878e-03	2.422722e-04	1
1	rs1110052	873558	0	-9.433862e-04	-1.068730e-04	1
1	rs111357358:1209482:G:A	1209482	7	-3.901660e-06	-6.918432e-07	1
1	rs111366931:1692989:G:A	1692989	5	-2.115199e-04	-3.143363e-05	1
1	rs111388390:1114111:G:A	1114111	0	8.290917e-06	1.537039e-06	1
1	rs111421264:1305697:G:C	1305697	4	6.725735e-05	7.957397e-06	1
1	rs111483377:1192796:G:A	1192796	9	3.014848e-05	5.335420e-06	1
1	rs111483565:1048640:C:A	1048640	7	-5.055285e-06	-8.602488e-07	1
1	rs111509968	1446390	1	1.402357e-04	2.463272e-05	1
1	rs111531431:1034499:G:T	1034499	10	4.862880e-04	5.802740e-05	1
1	rs111559683:1144832:A:G	1144832	8	1.026640e-04	1.702550e-05	1
1	rs111603164:1206158:C:T	1206158	6	3.067225e-04	6.031451e-05	1
1	rs111610668:1548470:A:G	1548470	7	-1.883406e-03	-4.188885e-04	1
1	rs111615792:1267651:G:A	1267651	13	3.377215e-04	6.412737e-05	1
1	rs111625258:1108757:A:T	1108757	10	-1.652612e-04	-3.109835e-05	1
1	rs111642782:1360475:A:G	1360475	14	4.379125e-04	8.274228e-05	1
1	rs111649714:1115379:G:A	1115379	2	-6.845895e-05	-1.262250e-05	1
1	rs111673713:1179030:G:A	1179030	6	6.604568e-04	1.029975e-04	1
1	rs111692369:1194638:C:T	1194638	7	3.070956e-04	6.039348e-05	1
1	rs111698464:1161362:A:G	1161362	7	6.038586e-04	9.302326e-05	1
1	rs111715097:1551428:C:T	1551428	11	-1.934710e-03	-4.594927e-04	1
1	rs111739932:797325:T:C	797325	7	5.420561e-04	9.232358e-05	1
1	rs111751804	1115503	0	8.290917e-06	1.537045e-06	1
1	rs111798607:1183865:C:T	1183865	14	4.246252e-04	6.060294e-05	1
1	rs111819661	1222958	0	-1.029664e-04	-1.936499e-05	1
1	rs111949778:1117529:A:C	1117529	4	-7.099740e-05	-1.340135e-05	1
1	rs111982373:1787804:C:G	1787804	13	-1.539556e-04	-2.332874e-05	1
1	rs111987858:1164624:A:G	1164624	10	3.383788e-04	5.335970e-05	1
1	rs112030392	1360515	0	6.100089e-04	1.021104e-04	1
1	rs112164716	891898	0	3.256908e-04	6.101466e-05	1
1	rs112301494:1344686:A:G	1344686	13	9.088146e-04	1.540474e-04	1
1	rs112308346:1052372:A:G	1052372	7	9.298039e-05	1.519434e-05	1
1	rs112328659:1163266:G:A	1163266	8	6.158356e-04	9.895075e-05	1
1	rs112328758:1348786:G:A	1348786	15	1.262625e-04	2.220626e-05	1
1	rs112420268:1111147:A:C	1111147	2	-9.027751e-05	-1.686148e-05	1
1	rs112431693:1298982:T:C	1298982	5	1.196301e-04	1.436386e-05	1
1	rs112491004:1338280:A:G	1338280	14	8.730396e-04	1.487749e-04	1
1	rs112495999:1281839:G:A	1281839	10	3.619239e-04	7.046278e-05	1
1	rs112533928:1310181:A:G	1310181	13	9.412470e-04	1.961877e-04	1
1	rs112557070:1059405:C:T	1059405	8	5.862569e-04	8.765287e-05	1
1	rs11260537:1109554:G:C	1109554	3	5.469711e-04	8.655733e-05	1
1	rs11260538:1109653:G:A	1109653	8	4.555606e-04	6.780763e-05	1
1	rs11260539	1109903	0	6.490540e-04	1.075201e-04	1
1	rs11260540:1109953:G:A	1109953	11	6.289173e-04	1.070820e-04	1
1	rs11260541:1109958:A:G	1109958	9	4.271630e-04	6.395789e-05	1
1	rs11260542	1110019	3	7.693181e-04	1.224439e-04	1
1	rs11260543:1110127:C:T	1110127	3	6.278342e-04	1.027585e-04	1
1	rs11260544	1110225	0	4.238697e-04	6.388445e-05	1
1	rs11260545:1110368:C:T	1110368	0	4.238697e-04	6.388444e-05	1
1	rs11260546:1115210:G:A	1115210	15	4.839362e-04	6.614447e-05	1
1	rs11260547:1115213:G:T	1115213	13	5.475145e-04	7.637261e-05	1
1	rs11260549:1121794:G:A	1121794	15	1.661657e-04	2.092610e-05	1
1	rs11260550:1122388:G:A	1122388	0	2.011721e-04	2.522322e-05	1
1	rs11260551:1122516:G:A	1122516	1	2.221022e-04	2.797814e-05	1
1	rs11260552:1127322:G:A	1127322	2	1.987326e-04	2.497548e-05	1
1	rs11260553:1127380:G:A	1127380	2	1.987326e-04	2.497547e-05	1
1	rs11260554:1129672:G:T	1129672	7	2.747662e-04	3.574841e-05	1
1	rs11260555:1129707:A:G	1129707	2	2.419007e-04	3.056266e-05	1
1	rs11260556:1130206:G:A	1130206	10	2.511525e-04	2.648889e-05	1
1	rs11260558:1134633:C:T	1134633	8	2.254556e-04	2.839241e-05	1
1	rs11260562:1165310:G:A	1165310	12	3.303057e-04	5.241339e-05	1
1	rs11260566:1178245:C:T	1178245	12	4.093774e-04	5.843483e-05	1
1	rs11260568:1195690:G:C	1195690	5	-1.091571e-04	-1.929734e-05	1
1	rs11260578	1221138	0	2.172902e-04	3.251876e-05	1
1	rs11260584:1239339:T:G	1239339	12	-8.608368e-04	-1.277273e-04	1
1	rs11260592:1037303:T:C	1037303	4	8.843357e-04	1.286120e-04	1
1	rs11260593:1037313:A:G	1037313	6	8.693043e-04	1.256675e-04	1
1	rs11260595:1039098:C:A	1039098	7	9.884654e-05	1.826354e-05	1
1	rs11260596	1002434	5	6.106897e-05	5.141743e-06	1
1	rs11260597:1062290:C:T	1062290	9	-6.089047e-05	-1.115347e-05	1
1	rs11260598	1065726	0	1.172820e-04	1.981982e-05	1
1	rs11260599:1065857:T:C	1065857	8	6.797951e-04	1.439387e-04	1
1	rs11260600:1065858:G:T	1065858	8	6.797951e-04	1.439387e-04	1
1	rs11260613:1736855:A:G	1736855	8	2.196709e-04	3.213675e-05	1
1	rs11260615:1751776:A:G	1751776	8	-3.936579e-04	-3.613554e-05	1
1	rs11260616:1762005:A:T	1762005	6	4.500525e-06	4.778749e-07	1
1	rs11260617:1768779:C:T	1768779	6	-5.135445e-04	-6.807435e-05	1
1	rs11260618:1773652:A:G	1773652	11	-1.342058e-04	-1.446245e-05	1
1	rs11260619:1773660:C:G	1773660	11	-1.342058e-04	-1.446244e-05	1
1	rs11260621:1773676:T:C	1773676	14	-5.924667e-05	-6.330443e-06	1
1	rs11260624:1809509:C:T	1809509	8	2.246793e-05	2.405778e-06	1
1	rs11260625:1835042:G:A	1835042	14	2.244424e-04	2.389072e-05	1
1	rs11260626:1835056:C:T	1835056	14	2.244424e-04	2.389073e-05	1
1	rs11260629:1705945:T:C	1705945	7	1.350832e-04	1.260930e-05	1
1	rs112615655:1187448:G:A	1187448	12	8.206837e-05	1.494859e-05	1
1	rs112678550:1158020:A:C	1158020	6	5.634977e-04	8.528158e-05	1
1	rs112719924:1213126:G:T	1213126	11	1.471051e-04	2.699524e-05	1
1	rs112733189:1159729:T:G	1159729	3	6.263725e-04	9.632061e-05	1
1	rs112742853:1192963:G:A	1192963	11	3.103218e-04	6.107631e-05	1
1	rs112743287:1188944:T:G	1188944	8	3.066168e-04	6.029256e-05	1
1	rs112797925:1006172:G:A	1006172	10	2.753451e-04	5.343149e-05	1
1	rs112806684:1429996:G:A	1429996	14	9.629924e-04	2.242138e-04	1
1	rs112819941:1163172:T:C	1163172	7	6.038586e-04	9.302321e-05	1
1	rs112830236:1637580:C:T	1637580	5	8.621781e-05	1.194255e-05	1
1	rs112838421:1118491:A:G	1118491	3	-6.699847e-05	-1.264366e-05	1
1	rs112848878:1111650:C:T	1111650	4	-8.908117e-05	-1.663683e-05	1
1	rs112895009:1117709:G:A	1117709	3	-6.699847e-05	-1.264366e-05	1
1	rs112904239:1121557:C:T	1121557	11	3.787531e-04	7.410073e-05	1
1	rs112908077:1855708:C:T	1855708	4	7.241163e-04	6.874967e-05	1
1	rs113072236:1543983:C:A	1543983	14	-1.801564e-03	-3.791112e-04	1
1	rs113088320:1111625:C:T	1111625	3	-1.646956e-04	-3.080836e-05	1
1	rs113136607:1113501:C:A	1113501	0	8.290917e-06	1.537050e-06	1
1	rs113143549:1175747:A:G	1175747	10	2.132859e-04	2.995060e-05	1
1	rs113206287:1159020:A:G	1159020	2	5.706830e-04	8.572122e-05	1
1	rs113261977	987253	0	3.744099e-04	7.271324e-05	1
1	rs113288277:979748:A:T	979748	7	-1.262044e-04	-2.298265e-05	1
1	rs113289547:1034689:T:G	1034689	12	4.665502e-04	5.611645e-05	1
1	rs113355263	1069535	0	2.611491e-04	4.079530e-05	1
1	rs113425481:1851185:G:T	1851185	4	-4.119903e-04	-6.438977e-05	1
1	rs113429154:1305700:A:G	1305700	4	6.725735e-05	7.957334e-06	1
1	rs113477232:1056151:G:A	1056151	7	-3.583440e-05	-6.143988e-06	1
1	rs113531911:1118560:C:T	1118560	3	-6.699847e-05	-1.264366e-05	1
1	rs113532475:808289:A:T	808289	12	3.312635e-04	4.741020e-05	1
1	rs113537594:1190990:C:T	1190990	7	3.062440e-04	6.021368e-05	1
1	rs113548627:1330430:G:A	1330430	16	8.546115e-04	1.479526e-04	1
1	rs113563466:880751:A:G	880751	6	2.027344e-04	3.835483e-05	1
1	rs113564442:1111576:G:A	1111576	2	-9.027751e-05	-1.686148e-05	1
1	rs113592356	1004331	0	5.907365e-05	1.011453e-05	1
1	rs113722022:1088777:T:C	1088777	8	3.713455e-04	5.953605e-05	1
1	rs113723849:1133502:C:T	1133502	7	2.219989e-04	3.270278e-05	1
1	rs113761150:1189552:C:T	1189552	7	3.062440e-04	6.021368e-05	1
1	rs113791678:1161780:C:T	1161780	7	6.038586e-04	9.302318e-05	1
1	rs113854344:1069346:C:T	1069346	16	-4.300840e-04	-5.286736e-05	1
1	rs113867217:1214805:C:T	1214805	12	5.782717e-04	1.038531e-04	1
1	rs113908945:1183858:G:T	1183858	8	5.368214e-04	7.771154e-05	1
1	rs113934974:1851188:A:G	1851188	4	-4.119903e-04	-6.438977e-05	1
1	rs114027205	1218655	0	3.393926e-04	6.079224e-05	1
1	rs114105718:1175770:G:A	1175770	2	4.067918e-04	6.108640e-05	1
1	rs114112990	1334519	2	1.615724e-04	3.003748e-05	1
1	rs114176189:945349:G:A	945349	9	-4.388217e-04	-8.802282e-05	1
1	rs114188160:1092283:G:A	1092283	2	-1.220395e-04	-2.087852e-05	1
1	rs114268825:1083356:A:G	1083356	3	-1.019929e-04	-1.742170e-05	1
1	rs114326054	1022423	2	-3.552520e-04	-6.668478e-05	1
1	rs114345030:1203464:G:A	1203464	9	2.884102e-04	5.407640e-05	1
1	rs114421107:1088123:T:C	1088123	7	2.596132e-04	4.161447e-05	1
1	rs114528345:1092461:G:A	1092461	2	-1.220395e-04	-2.087852e-05	1
1	rs114569858	1195883	0	1.903193e-04	3.615042e-05	1
1	rs114583033:922483:T:C	922483	7	-4.444050e-04	-5.587698e-05	1
1	rs114622732	1766856	0	2.913137e-06	5.313434e-07	1
1	rs114643605	1770381	0	-3.558882e-05	-6.025083e-06	1
1	rs11466678:1141723:A:G	1141723	16	2.921064e-04	4.662167e-05	1
1	rs11466681:1141387:C:T	1141387	11	3.418011e-04	5.620520e-05	1
1	rs11466691:1139862:T:C	1139862	13	1.932666e-04	3.603162e-05	1
1	rs114757189	1156047	0	2.262507e-04	4.246954e-05	1
1	rs114814219:1237494:C:T	1237494	7	2.430907e-04	4.516455e-05	1
1	rs11485864:1328971:C:T	1328971	14	-1.122935e-04	-1.913846e-05	1
1	rs114870853:1082893:A:G	1082893	4	-1.022721e-04	-1.747047e-05	1
1	rs11488469:1332112:A:G	1332112	14	-1.286615e-04	-2.185092e-05	1
1	rs114885312:952345:C:T	952345	10	-4.389746e-04	-8.805861e-05	1
1	rs11488590:1635108:G:A	1635108	9	2.013566e-05	2.816917e-06	1
1	rs114919826:1159107:G:A	1159107	3	6.263725e-04	9.632056e-05	1
1	rs11492279	1546304	1	-1.857521e-03	-3.980806e-04	1
1	rs114925670:1508742:A:G	1508742	6	2.786458e-04	4.833686e-05	1
1	rs114928482	1454207	0	-1.251133e-04	-2.229090e-05	1
1	rs114963616:1227847:C:T	1227847	6	2.185369e-04	4.145084e-05	1
1	rs114964868:1210468:C:T	1210468	8	3.326311e-04	6.124058e-05	1
1	rs114987731:1700631:C:T	1700631	7	2.612943e-04	4.321081e-05	1
1	rs115057577	1022154	0	-1.119466e-04	-1.873278e-05	1
1	rs115074115	947809	4	-5.216513e-04	-1.046607e-04	1
1	rs115075475:1038796:G:A	1038796	4	-1.180470e-04	-2.208286e-05	1
1	rs115137086:1204354:G:A	1204354	9	3.350069e-04	6.427022e-05	1
1	rs115144100:1176227:G:T	1176227	8	1.337668e-04	2.537781e-05	1
1	rs115163464:1246438:G:A	1246438	8	3.135620e-04	5.778979e-05	1
1	rs115193218	1907739	0	1.721939e-04	3.134574e-05	1
1	rs115231600:1208195:G:C	1208195	10	3.225345e-04	5.990731e-05	1
1	rs115237750:1232233:G:A	1232233	6	3.300610e-04	6.212777e-05	1
1	rs115247282:1446929:C:T	1446929	10	4.172714e-04	8.114097e-05	1
1	rs115251198:1083693:A:G	1083693	8	-7.793407e-05	-1.329473e-05	1
1	rs115270700:1185524:T:C	1185524	14	3.311446e-04	5.632543e-05	1
1	rs115277170:1748608:G:C	1748608	10	-2.349973e-04	-4.443817e-05	1
1	rs115307287:1214678:C:T	1214678	5	3.338089e-04	6.147291e-05	1
1	rs115360468:1084179:T:C	1084179	6	-1.471654e-04	-2.536507e-05	1
1	rs115361377	1777077	0	-1.478569e-04	-2.640628e-05	1
1	rs115438739	894519	2	-4.610904e-05	-8.543796e-06	1
1	rs115464315:1242288:T:G	1242288	8	3.135620e-04	5.778978e-05	1
1	rs11548045	1342394	0	-3.586357e-06	-6.452964e-07	1
1	rs115490086:928969:C:T	928969	13	-3.208632e-04	-6.254859e-05	1
1	rs115492961:1967404:G:A	1967404	9	1.975409e-04	3.756564e-05	1
1	rs115507312	1749412	2	-1.999333e-05	-3.723630e-06	1
1	rs115516254	1127561	0	1.519026e-04	2.887622e-05	1
1	rs11552172:1534614:T:C	1534614	6	7.047302e-04	9.381137e-05	1
1	rs115554764:1210333:C:T	1210333	9	3.121173e-04	5.750325e-05	1
1	rs115569263:1093784:G:A	1093784	2	-1.434856e-04	-2.471765e-05	1
1	rs115586508:1179800:G:A	1179800	15	1.937440e-04	3.679690e-05	1
1	rs115632178:1092344:G:T	1092344	2	-1.220395e-04	-2.087853e-05	1
1	rs115652917:1085416:T:C	1085416	3	-1.430414e-04	-2.464092e-05	1
1	rs115662838	1026913	3	-1.112906e-04	-2.035270e-05	1
1	rs115712376:1191651:A:G	1191651	2	1.938669e-04	3.684403e-05	1
1	rs115723010	1022223	1	-1.751839e-04	-3.340362e-05	1
1	rs115765087	1175305	0	4.151279e-04	6.224574e-05	1
1	rs115765949:1236856:C:T	1236856	7	2.430907e-04	4.516454e-05	1
1	rs115771716:1255251:G:C	1255251	9	3.172000e-04	5.851096e-05	1
1	rs11578409:1503808:C:G	1503808	16	-2.878029e-04	-3.075659e-05	1
1	rs115785548:1092482:T:C	1092482	4	-1.156379e-04	-1.977419e-05	1
1	rs11578997:1036876:T:A	1036876	15	9.591101e-04	1.564546e-04	1
1	rs11579015	1036959	0	4.436995e-04	6.158621e-05	1
1	rs11579922:1036860:A:C	1036860	4	8.843357e-04	1.286119e-04	1
1	rs11581598:1039817:A:G	1039817	3	9.011386e-04	1.318357e-04	1
1	rs115839549:1086937:G:A	1086937	2	-1.434856e-04	-2.471765e-05	1
1	rs11584516:1042819:G:A	1042819	14	2.856596e-04	4.983116e-05	1
1	rs11585349:1738371:C:T	1738371	16	-2.105102e-04	-3.154399e-05	1
1	rs11586034:1045473:G:A	1045473	5	4.667176e-04	6.629413e-05	1
1	rs11586617:1060043:A:C	1060043	7	5.653698e-04	8.389897e-05	1
1	rs115866895:1592638:A:G	1592638	9	-1.283384e-03	-2.075591e-04	1
1	rs11587525:1285358:A:G	1285358	5	-2.957863e-04	-5.376284e-05	1
1	rs11587937:1060148:G:T	1060148	12	4.263203e-04	6.244061e-05	1
1	rs11588893:1489626:C:T	1489626	11	-1.183835e-04	-1.194517e-05	1
1	rs11589067	1763774	0	-9.535667e-05	-1.489723e-05	1
1	rs11590038:1489621:T:C	1489621	13	8.439631e-06	8.512046e-07	1
1	rs11590188:1046073:C:A	1046073	6	5.371817e-04	7.062702e-05	1
1	rs115928552:1239708:C:G	1239708	7	2.430907e-04	4.516454e-05	1
1	rs115980964	1647536	2	-2.180653e-04	-3.432049e-05	1
1	rs116009746:1084794:G:A	1084794	3	-1.430414e-04	-2.464092e-05	1
1	rs116018620	1709119	1	-3.268566e-04	-5.205533e-05	1
1	rs116082107:1197867:G:A	1197867	12	3.211363e-04	5.962870e-05	1
1	rs116119245:1234554:A:C	1234554	6	3.300610e-04	6.212776e-05	1
1	rs116263241:1232229:A:G	1232229	6	3.300610e-04	6.212776e-05	1
1	rs116346038:1085344:C:T	1085344	3	-1.430414e-04	-2.464092e-05	1
1	rs116365928:1447227:T:C	1447227	9	2.896961e-04	5.352829e-05	1
1	rs116414484:1092470:T:G	1092470	4	-1.156379e-04	-1.977418e-05	1
1	rs116510521:1094025:G:A	1094025	2	-1.434856e-04	-2.471765e-05	1
1	rs116607870:936487:C:G	936487	11	-3.990116e-04	-7.949711e-05	1
1	rs116639471:1215404:T:C	1215404	4	4.363573e-04	8.182147e-05	1
1	rs116661896	1079261	1	3.157902e-05	5.322976e-06	1
1	rs116667486:1084615:T:G	1084615	6	-1.471654e-04	-2.536507e-05	1
1	rs116703397:1480226:C:T	1480226	2	1.959940e-04	3.403074e-05	1
1	rs116720794	729632	8	6.304783e-05	1.059430e-05	1
1	rs1171	1337334	1	4.648181e-04	5.803896e-05	1
1	rs118047549:1162682:C:T	1162682	10	5.607958e-04	8.539596e-05	1
1	rs11808877:1059270:G:A	1059270	11	-2.042892e-05	-3.676726e-06	1
1	rs12021582:1127507:G:A	1127507	2	1.987326e-04	2.497546e-05	1
1	rs12024296:1127523:C:T	1127523	2	1.987326e-04	2.497546e-05	1
1	rs12026524:1130093:C:T	1130093	3	2.661112e-04	3.375066e-05	1
1	rs12026794:1133254:G:A	1133254	3	2.079146e-04	2.636333e-05	1
1	rs12029885:1125348:T:C	1125348	1	2.221022e-04	2.797810e-05	1
1	rs12036216:1153113:G:A	1153113	14	5.194090e-04	7.915345e-05	1
1	rs12036384:1795789:C:T	1795789	8	2.246793e-05	2.405790e-06	1
1	rs12038111:1703849:T:C	1703849	12	6.366261e-04	5.930130e-05	1
1	rs12038134:1703865:T:A	1703865	12	6.366261e-04	5.930129e-05	1
1	rs12040325:1702436:G:A	1702436	15	6.015960e-04	5.572665e-05	1
1	rs12040826:1705287:A:C	1705287	8	5.237534e-04	4.720170e-05	1
1	rs12041925	1707740	2	-1.136944e-05	-1.217312e-06	1
1	rs12044597:1708801:A:G	1708801	11	5.233077e-04	4.715762e-05	1
1	rs12045595:1828764:G:A	1828764	15	1.004823e-04	1.085488e-05	1
1	rs12058450:1113571:A:G	1113571	4	5.087723e-04	7.471330e-05	1
1	rs12058658:1710035:C:T	1710035	14	6.677440e-04	7.760304e-05	1
1	rs12060374:1129789:G:C	1129789	1	5.453557e-05	7.638664e-06	1
1	rs12060422	1129920	0	1.079878e-04	1.512335e-05	1
1	rs12060862:1088392:T:C	1088392	8	3.097441e-04	4.992381e-05	1
1	rs12060927:1088534:T:C	1088534	7	2.596132e-04	4.161445e-05	1
1	rs12061218:1089148:T:C	1089148	6	3.603956e-04	5.761727e-05	1
1	rs12061357:1127330:C:T	1127330	5	2.853420e-04	4.124338e-05	1
1	rs12062042:1131236:G:T	1131236	9	-3.527788e-05	-5.060005e-06	1
1	rs12062271:1127137:A:C	1127137	3	-3.279882e-05	-4.588033e-06	1
1	rs12063663:1121480:T:C	1121480	12	5.741148e-04	8.825638e-05	1
1	rs12063897:1122539:A:G	1122539	4	3.665144e-05	5.162872e-06	1
1	rs12064046:1122283:T:G	1122283	6	5.729815e-05	8.082080e-06	1
1	rs12065129:1125220:C:T	1125220	3	3.680469e-05	5.168064e-06	1
1	rs12066047:1193476:G:C	1193476	11	1.656602e-04	2.777444e-05	1
1	rs12066667:1782620:C:T	1782620	7	7.922470e-06	8.413259e-07	1
1	rs12066:1549354:G:A	1549354	12	3.497305e-04	3.771585e-05	1
1	rs12068885:1207215:A:G	1207215	15	5.979064e-04	1.103966e-04	1
1	rs12068889:1458032:C:T	1458032	15	1.043972e-04	1.963517e-05	1
1	rs12069094:1195593:G:A	1195593	8	-2.141028e-05	-3.853020e-06	1
1	rs12073590:1205155:A:C	1205155	11	2.792200e-04	5.119707e-05	1
1	rs12073801:1219931:G:T	1219931	8	-2.087828e-04	-3.754566e-05	1
1	rs12076620:1793071:A:G	1793071	1	3.416409e-04	4.950216e-05	1
1	rs12077553:1734970:C:T	1734970	7	-8.758950e-05	-9.377736e-06	1
1	rs12079515:1215712:C:T	1215712	11	8.300820e-04	1.676887e-04	1
1	rs12080505	1045606	0	4.005053e-04	7.043986e-05	1
1	rs12084237:1482273:G:A	1482273	6	5.526747e-04	9.247769e-05	1
1	rs12085009:1168180:G:C	1168180	14	8.830473e-05	1.390029e-05	1
1	rs12087719:1161393:C:T	1161393	11	6.610783e-04	1.032466e-04	1
1	rs12089192:1171022:G:C	1171022	16	4.474630e-04	6.058474e-05	1
1	rs12089404:1165522:G:A	1165522	12	2.661873e-04	4.347377e-05	1
1	rs12092254:1113121:G:A	1113121	1	5.195172e-04	7.821973e-05	1
1	rs12093154	1178925	0	5.634710e-04	8.579493e-05	1
1	rs12093363:1171153:C:T	1171153	11	9.877903e-05	1.645725e-05	1
1	rs12093451:1049523:C:A	1049523	6	2.766687e-04	4.651369e-05	1
1	rs12096091:1176433:A:G	1176433	12	3.348648e-04	4.773982e-05	1
1	rs12096422:1110420:T:C	1110420	0	4.238697e-04	6.388437e-05	1
1	rs12096608:1171100:T:G	1171100	15	2.194775e-05	3.311361e-06	1
1	rs12097428:1113394:C:T	1113394	3	4.081431e-04	6.258278e-05	1
1	rs12120877	1126949	0	-1.491026e-04	-2.692046e-05	1
1	rs12124436:1125110:T:C	1125110	2	3.495226e-04	4.512160e-05	1
1	rs12125178:1786684:G:A	1786684	5	-3.771507e-04	-4.838281e-05	1
1	rs12125422:1787378:G:A	1787378	4	-3.697818e-04	-4.734088e-05	1
1	rs12126768:1778090:T:G	1778090	5	-3.510408e-04	-4.466366e-05	1
1	rs12130589:1732627:T:C	1732627	10	-4.677965e-04	-6.080747e-05	1
1	rs12132398:796100:C:T	796100	14	4.078151e-04	6.588086e-05	1
1	rs12133865:1811121:G:A	1811121	5	-1.717530e-05	-1.816661e-06	1
1	rs12134553:1796717:A:C	1796717	5	-3.692180e-04	-3.411778e-05	1
1	rs12134783:1736653:T:G	1736653	10	-6.447413e-05	-6.972283e-06	1
1	rs12138152:1815622:G:A	1815622	8	1.106197e-04	1.187145e-05	1
1	rs12141314:1753686:A:G	1753686	6	-5.719793e-04	-7.741409e-05	1
1	rs12141369:1109476:C:A	1109476	11	-1.902133e-04	-2.204964e-05	1
1	rs12184313:754211:G:A	754211	12	1.496095e-04	2.531093e-05	1
1	rs12184325	754105	1	-9.555281e-05	-1.551593e-05	1
1	rs12184335:754121:T:G	754121	9	1.446592e-04	2.445714e-05	1
1	rs12184336:754163:T:C	754163	9	1.446592e-04	2.445714e-05	1
1	rs12401472:1123106:G:A	1123106	1	2.221022e-04	2.797810e-05	1
1	rs12402876:1783201:G:A	1783201	16	4.738308e-05	5.113712e-06	1
1	rs12403745:1131441:C:T	1131441	2	3.495226e-04	4.512160e-05	1
1	rs12407008:1741525:A:G	1741525	13	-2.109553e-04	-2.361765e-05	1
1	rs1240707:1335302:C:T	1335302	16	8.436561e-04	1.447158e-04	1
1	rs1240712	1344067	1	1.146303e-03	1.858611e-04	1
1	rs1240713:1345003:T:C	1345003	15	7.803765e-04	1.203469e-04	1
1	rs12408046:1308289:G:A	1308289	4	2.502210e-04	2.960899e-05	1
1	rs12408050:1308386:G:A	1308386	5	1.982448e-04	2.335650e-05	1
1	rs12408051:1308387:G:A	1308387	7	2.381249e-04	2.821396e-05	1
1	rs12408062:1488380:G:A	1488380	5	2.793035e-04	4.845602e-05	1
1	rs12408690:1746156:A:G	1746156	3	3.647064e-04	5.402314e-05	1
1	rs12408695:1489730:G:A	1489730	6	3.002213e-04	5.257721e-05	1
1	rs12562034	768448	0	9.071147e-04	1.487090e-04	1
1	rs12567685:1806647:T:C	1806647	1	5.909689e-04	5.327414e-05	1
1	rs12567697:1054552:G:A	1054552	7	5.561187e-04	8.226944e-05	1
1	rs12568603:1760989:A:C	1760989	3	3.985324e-04	6.054269e-05	1
1	rs1262893:1216581:G:C	1216581	16	-9.157674e-05	-1.592396e-05	1
1	rs1262894	1217011	9	4.982463e-04	6.685315e-05	1
1	rs1262895:1217020:G:C	1217020	13	6.012706e-04	9.377657e-05	1
1	rs1262896:1217258:G:C	1217258	13	6.012706e-04	9.377656e-05	1
1	rs12723165:1046861:G:A	1046861	3	4.799784e-04	6.803201e-05	1
1	rs12726255:1049950:A:G	1049950	6	8.083485e-04	1.138411e-04	1
1	rs12726341:1056939:T:A	1056939	9	5.540122e-04	8.217372e-05	1
1	rs12729537:1042527:G:C	1042527	3	4.799784e-04	6.803199e-05	1
1	rs12729990:1812035:T:A	1812035	7	6.900809e-04	6.536534e-05	1
1	rs12733365:1042483:C:T	1042483	1	8.627843e-04	1.233966e-04	1
1	rs12736814:1061508:G:A	1061508	12	6.210459e-04	9.495033e-05	1
1	rs12737205	1078583	6	3.470318e-04	6.261113e-05	1
1	rs12742323:1746694:G:T	1746694	7	-6.018284e-04	-8.256862e-05	1
1	rs12743678:1047374:T:A	1047374	4	8.654702e-04	1.245442e-04	1
1	rs12746510:1319123:T:C	1319123	9	2.777623e-04	3.379724e-05	1
1	rs12748370:1061152:T:C	1061152	12	5.533067e-04	8.258210e-05	1
1	rs12751333:1043743:T:C	1043743	12	8.256433e-04	1.230868e-04	1
1	rs12752391:1009823:G:A	1009823	13	2.167040e-04	2.723561e-05	1
1	rs12753686:1584842:C:T	1584842	0	1.316059e-03	1.926406e-04	1
1	rs12753729:1584918:C:T	1584918	0	1.316059e-03	1.926405e-04	1
1	rs12754457:1042378:A:C	1042378	1	8.627843e-04	1.233966e-04	1
1	rs12755848:1052946:G:T	1052946	9	5.540122e-04	8.217365e-05	1
1	rs1320571	1120431	1	-5.332502e-05	-7.346665e-06	1
1	rs13249:1288345:A:G	1288345	5	-2.957863e-04	-5.376283e-05	1
1	rs13302917:1912758:G:C	1912758	5	1.639531e-04	1.686781e-05	1
1	rs13302945	889159	0	6.959510e-04	1.236838e-04	1
1	rs13302968	1985553	0	3.714470e-04	4.324017e-05	1
1	rs13302978:1896102:G:A	1896102	4	1.765278e-05	1.979408e-06	1
1	rs13302982:861808:A:G	861808	9	-4.556523e-04	-6.888677e-05	1
1	rs13302983:914876:T:C	914876	16	2.087635e-04	3.842219e-05	1
1	rs13303023:993383:G:A	993383	10	5.150078e-04	9.694588e-05	1
1	rs13303031:1931195:G:T	1931195	13	-8.041277e-04	-9.736677e-05	1
1	rs13303033:914940:T:C	914940	11	5.646042e-04	5.304539e-05	1
1	rs13303035	1930943	0	-6.468114e-04	-7.306271e-05	1
1	rs13303051:889713:C:A	889713	5	4.375389e-04	6.543812e-05	1
1	rs13303056:889158:G:C	889158	1	6.217381e-04	1.037873e-04	1
1	rs13303060:1941834:T:A	1941834	14	-3.085960e-04	-3.126390e-05	1
1	rs13303065	891059	0	-5.438189e-04	-5.090601e-05	1
1	rs13303071:1941828:T:C	1941828	14	-3.085960e-04	-3.126390e-05	1
1	rs13303086	1968959	1	-6.672890e-04	-7.864952e-05	1
1	rs13303101	862124	0	-5.992873e-04	-9.251904e-05	1
1	rs13303106:891945:A:G	891945	9	-4.941481e-04	-4.579021e-05	1
1	rs13303118:918384:G:T	918384	14	4.863571e-04	4.523541e-05	1
1	rs13303124	1942033	0	-2.991267e-04	-2.964390e-05	1
1	rs13303147	963661	1	4.550146e-04	8.256755e-05	1
1	rs13303156	1921242	3	-8.333814e-04	-9.480454e-05	1
1	rs13303172:945111:C:T	945111	11	3.885371e-04	6.354704e-05	1
1	rs13303195	1922303	1	-1.163638e-03	-1.428126e-04	1
1	rs13303202:1896223:C:T	1896223	1	1.991103e-04	2.227917e-05	1
1	rs13303203:1908385:C:T	1908385	14	9.702008e-05	1.006750e-05	1
1	rs13303206:889638:G:C	889638	8	4.213991e-04	6.447908e-05	1
1	rs13303222	849998	0	-7.630748e-04	-1.001473e-04	1
1	rs13303227:892745:G:A	892745	6	4.886192e-04	7.987368e-05	1
1	rs13303229:897564:T:C	897564	5	1.489065e-04	2.147649e-05	1
1	rs13303287:987670:T:G	987670	6	4.796549e-04	8.298550e-05	1
1	rs13303289:1985513:C:G	1985513	3	3.572551e-04	4.162781e-05	1
1	rs13303324:1896185:T:C	1896185	1	1.991103e-04	2.227917e-05	1
1	rs13303352:1930981:T:C	1930981	8	-6.873603e-04	-7.939038e-05	1
1	rs13303355:915227:A:G	915227	16	1.832727e-04	3.100979e-05	1
1	rs13303368:914852:G:C	914852	10	3.348318e-04	3.038020e-05	1
1	rs13306647:1221717:C:T	1221717	1	2.036250e-04	3.042100e-05	1
1	rs13306651	1226063	1	1.762239e-04	3.263562e-05	1
1	rs13374146	1116231	3	5.526428e-04	8.098120e-05	1
1	rs138128469:1320105:T:C	1320105	4	-1.727301e-05	-3.233823e-06	1
1	rs138200535:1319869:G:C	1319869	5	2.482304e-04	4.819530e-05	1
1	rs138615630:1276498:C:T	1276498	2	-1.246224e-04	-2.281702e-05	1
1	rs139039756:1742678:C:T	1742678	3	2.526682e-04	4.134873e-05	1
1	rs139183246:1202437:A:T	1202437	10	4.091633e-04	7.737725e-05	1
1	rs139295104:1337220:G:A	1337220	13	-1.258956e-04	-2.137525e-05	1
1	rs139475585:1070467:G:A	1070467	9	-3.947203e-04	-7.330261e-05	1
1	rs139522421:1269888:C:A	1269888	1	-1.299434e-05	-2.417741e-06	1
1	rs139574397:1085546:G:A	1085546	3	-1.430414e-04	-2.464093e-05	1
1	rs139902189	1430985	2	1.099131e-03	2.715793e-04	1
1	rs140054448:1719079:G:A	1719079	11	-2.748756e-04	-5.269808e-05	1
1	rs140144962:926968:C:T	926968	15	-4.145055e-04	-5.307446e-05	1
1	rs140192690:1271924:G:A	1271924	8	2.544279e-04	4.796724e-05	1
1	rs140250292:1067878:G:A	1067878	12	-2.964103e-04	-5.643194e-05	1
1	rs140361978:1258527:C:T	1258527	1	-8.324766e-05	-1.510775e-05	1
1	rs140894412:1336482:T:C	1336482	13	-1.258956e-04	-2.137525e-05	1
1	rs141165289:1639570:C:T	1639570	10	-1.543391e-04	-2.287923e-05	1
1	rs141230226:1072181:C:T	1072181	9	-2.595655e-04	-4.641568e-05	1
1	rs141337505:1233127:A:G	1233127	11	4.508510e-04	7.403322e-05	1
1	rs141483437:1294470:G:T	1294470	6	-1.142467e-04	-2.113581e-05	1
1	rs141640281:1709634:G:A	1709634	4	2.526533e-04	4.152805e-05	1
1	rs141947323:1056201:T:G	1056201	7	-3.583440e-05	-6.144026e-06	1
1	rs142055848:1090317:G:A	1090317	1	-1.113511e-04	-1.903228e-05	1
1	rs142267230:1332825:T:A	1332825	4	2.332758e-04	4.489027e-05	1
1	rs142286944:985797:A:G	985797	7	-1.733947e-04	-3.325341e-05	1
1	rs142365476:1330018:T:C	1330018	5	6.354355e-05	1.199321e-05	1
1	rs142626594:998170:G:A	998170	12	-9.798711e-05	-1.840938e-05	1
1	rs142693327:1161755:G:A	1161755	11	5.773162e-04	8.929159e-05	1
1	rs142868903:1272045:G:A	1272045	2	-9.574681e-06	-1.780901e-06	1
1	rs143087458:1082829:A:G	1082829	3	-1.019929e-04	-1.742172e-05	1
1	rs143226863:1314454:G:C	1314454	6	2.500220e-04	4.856027e-05	1
1	rs143567956:1322268:G:A	1322268	4	-1.727301e-05	-3.233822e-06	1
1	rs143812594:1197398:C:T	1197398	6	3.067225e-04	6.031450e-05	1
1	rs143853699:879911:G:A	879911	10	2.854738e-04	5.453392e-05	1
1	rs144026922:1299571:G:A	1299571	3	-1.883689e-05	-3.526834e-06	1
1	rs144071868:929565:G:T	929565	16	-4.279750e-04	-5.488641e-05	1
1	rs144228847:1339724:C:T	1339724	5	6.354355e-05	1.199321e-05	1
1	rs144945384:1112307:C:T	1112307	1	-6.741460e-05	-1.242913e-05	1
1	rs145313947	1425753	1	-1.542816e-04	-2.933811e-05	1
1	rs145326937:1344482:A:G	1344482	13	-1.596594e-04	-2.706752e-05	1
1	rs145399149:1479186:C:A	1479186	3	2.302975e-04	4.040853e-05	1
1	rs145616017:914610:C:T	914610	15	-2.304981e-04	-4.377982e-05	1
1	rs145714822:1637649:G:A	1637649	9	1.190924e-04	1.674273e-05	1
1	rs145877170:1200202:C:T	1200202	10	3.353481e-04	6.434151e-05	1
1	rs146011697:1093514:G:A	1093514	9	-2.182191e-04	-4.163554e-05	1
1	rs146086079:1230030:G:A	1230030	6	3.300610e-04	6.212774e-05	1
1	rs146206869	1470807	0	-1.872675e-04	-3.493383e-05	1
1	rs146254088:935398:G:A	935398	14	5.241337e-05	9.658856e-06	1
1	rs146277091:752478:G:A	752478	13	8.175615e-05	1.381961e-05	1
1	rs146403839:1310769:C:T	1310769	3	2.965637e-04	5.670878e-05	1
1	rs146421901:1218334:G:A	1218334	7	3.590407e-04	6.546188e-05	1
1	rs146480127:1338324:C:T	1338324	12	1.075648e-04	1.796482e-05	1
1	rs146482883:1301642:A:G	1301642	3	-1.883689e-05	-3.526834e-06	1
1	rs146876336:1496641:T:G	1496641	8	2.165151e-04	4.126909e-05	1
1	rs147007260:1214153:G:A	1214153	4	4.363573e-04	8.182142e-05	1
1	rs147320830:1483733:T:C	1483733	2	1.959940e-04	3.403070e-05	1
1	rs147359526:1161756:G:T	1161756	11	5.773162e-04	8.929158e-05	1
1	rs147410092:1544450:G:A	1544450	10	-1.828303e-03	-3.885032e-04	1
1	rs147634896:799499:T:C	799499	16	4.810913e-04	8.163403e-05	1
1	rs147744890:1094655:C:T	1094655	3	-1.464100e-04	-2.523005e-05	1
1	rs147805614:1287250:C:G	1287250	3	-4.329072e-05	-7.929421e-06	1
1	rs147851093:1082334:A:G	1082334	3	-1.019929e-04	-1.742172e-05	1
1	rs147876340:1311168:G:C	1311168	6	-2.794579e-05	-4.632850e-06	1
1	rs147888107:1015087:T:G	1015087	16	2.954555e-05	5.470103e-06	1
1	rs147921662:1098266:C:T	1098266	5	-9.193949e-05	-1.600661e-05	1
1	rs147938056:1095081:C:G	1095081	3	-1.281333e-04	-2.214927e-05	1
1	rs148089579:1966245:C:T	1966245	9	-3.899422e-05	-6.547392e-06	1
1	rs148132814:867663:C:T	867663	7	-8.766112e-05	-1.666473e-05	1
1	rs148151855:1913192:G:A	1913192	4	1.717490e-04	1.755457e-05	1
1	rs148311129:1339727:G:T	1339727	12	-1.573622e-04	-2.667031e-05	1
1	rs148327885	878331	3	-1.326622e-06	-2.493244e-07	1
1	rs148574217:1444620:C:T	1444620	10	1.036532e-04	1.938009e-05	1
1	rs148754856:1168843:C:T	1168843	6	7.355623e-05	1.354572e-05	1
1	rs149187984:1425816:G:A	1425816	11	8.933164e-04	2.018914e-04	1
1	rs149195720:1344539:A:G	1344539	13	-1.596594e-04	-2.706753e-05	1
1	rs149229450:1059060:A:G	1059060	8	-7.630524e-05	-1.424050e-05	1
1	rs149404689:2000288:C:G	2000288	4	-1.327663e-04	-2.533785e-05	1
1	rs149441632:1357038:G:A	1357038	6	1.529578e-04	2.925693e-05	1
1	rs149550876:1302878:T:C	1302878	13	1.481783e-04	2.456071e-05	1
1	rs149680587:1085993:T:C	1085993	2	-1.434856e-04	-2.471767e-05	1
1	rs149737509:837657:G:C	837657	4	-1.601799e-04	-3.010159e-05	1
1	rs149886465:752617:C:A	752617	12	7.695673e-05	1.300422e-05	1
1	rs149960518:1202471:G:A	1202471	9	2.884102e-04	5.407635e-05	1
1	rs150014561:1484806:C:T	1484806	2	1.959940e-04	3.403069e-05	1
1	rs150194697	1309405	1	-1.515877e-04	-2.846013e-05	1
1	rs150199746:1450624:T:G	1450624	14	2.239071e-04	4.327946e-05	1
1	rs150468582:1086879:T:G	1086879	2	-1.434856e-04	-2.471767e-05	1
1	rs151152279:1090511:G:A	1090511	1	-1.113511e-04	-1.903228e-05	1
1	rs151166119:1843539:C:G	1843539	9	-1.431733e-04	-2.702895e-05	1
1	rs1536168:1241529:A:G	1241529	14	-2.174781e-04	-3.418347e-05	1
1	rs15842:948921:T:C	948921	9	3.803285e-04	6.302587e-05	1
1	rs16824526	1818129	0	-4.779530e-04	-6.207911e-05	1
1	rs16824543:1871337:G:A	1871337	11	-6.549406e-04	-1.160697e-04	1
1	rs16824588	1900232	0	-8.860898e-04	-1.001945e-04	1
1	rs16824603	1905790	1	-1.290910e-03	-2.199240e-04	1
1	rs16824605:1907096:A:G	1907096	6	-1.128952e-03	-1.768708e-04	1
1	rs16824716:2007693:C:T	2007693	11	1.339559e-06	2.433124e-07	1
1	rs16825336:1745726:G:A	1745726	15	8.218152e-05	1.163969e-05	1
1	rs1695853	1358748	4	6.442107e-04	1.133855e-04	1
1	rs17139966:1336678:G:A	1336678	16	-1.342921e-04	-2.282063e-05	1
1	rs17160669:1305561:C:T	1305561	4	6.725735e-05	7.957234e-06	1
1	rs17160826:1061115:T:C	1061115	12	7.241067e-04	1.151185e-04	1
1	rs17162846:1683565:G:A	1683565	12	-2.862566e-04	-2.676439e-05	1
1	rs17162855:1695831:C:T	1695831	7	1.884060e-04	2.699359e-05	1
1	rs17363048:1338973:A:G	1338973	1	4.287879e-04	5.324425e-05	1
1	rs17363334:1737900:C:T	1737900	4	-2.189395e-04	-3.245197e-05	1
1	rs1749951:1231656:G:A	1231656	14	3.407705e-04	6.194116e-05	1
1	rs1749952:1230689:C:T	1230689	6	3.314532e-04	5.174247e-05	1
1	rs1749953:1230408:A:C	1230408	6	3.314532e-04	5.174247e-05	1
1	rs17715950:1898685:T:C	1898685	12	6.730797e-05	7.559902e-06	1
1	rs17778128:1899164:G:C	1899164	12	1.188902e-04	1.338011e-05	1
1	rs17851391	1334475	1	-2.320760e-04	-3.987201e-05	1
1	rs180974244:1444075:C:T	1444075	12	1.076089e-04	2.012645e-05	1
1	rs181929025:1291085:C:T	1291085	8	-9.046430e-05	-1.568427e-05	1
1	rs182532:1287040:T:C	1287040	5	-2.957863e-04	-5.376282e-05	1
1	rs182701918:1261347:C:T	1261347	5	1.201201e-04	2.232921e-05	1
1	rs183005773:1294411:C:T	1294411	11	2.077221e-04	3.930092e-05	1
1	rs186792539:1509456:A:C	1509456	4	1.608077e-04	3.078705e-05	1
1	rs187158897:1813888:A:G	1813888	7	-3.311275e-04	-4.233274e-05	1
1	rs187261378:1215722:T:G	1215722	5	3.458543e-04	6.574724e-05	1
1	rs1884455:1849744:G:A	1849744	1	-3.498056e-04	-5.401652e-05	1
1	rs188547671:1233132:C:T	1233132	11	4.508510e-04	7.403320e-05	1
1	rs188647:1270329:A:G	1270329	4	-2.911735e-04	-5.287046e-05	1
1	rs1887284	1487059	0	3.978741e-04	6.943074e-05	1
1	rs1889678:1793003:A:G	1793003	1	3.416409e-04	4.950220e-05	1
1	rs1891904:1100319:C:A	1100319	15	-7.265934e-04	-1.290301e-04	1
1	rs1891905	1100217	0	-6.195384e-04	-9.955771e-05	1
1	rs1891910:932457:G:A	932457	9	-7.655396e-04	-1.030785e-04	1
1	rs190482382:1475801:C:T	1475801	8	1.750327e-04	3.128310e-05	1
1	rs191694597:1338858:G:A	1338858	5	2.482304e-04	4.819530e-05	1
1	rs1921	949608	2	-1.624216e-03	-2.653124e-04	1
1	rs192637693:1470464:C:T	1470464	9	1.315316e-05	2.372917e-06	1
1	rs192859203:1461041:G:A	1461041	5	1.327459e-04	2.533637e-05	1
1	rs192998324	862772	0	-8.703441e-05	-1.625283e-05	1
1	rs193156954:1088562:C:T	1088562	1	-1.113511e-04	-1.903228e-05	1
1	rs193194073:904989:T:G	904989	0	-5.224759e-06	-9.837966e-07	1
1	rs1967677:1650410:T:C	1650410	8	-1.215554e-04	-1.626646e-05	1
1	rs1969650:1650200:A:C	1650200	8	-1.215554e-04	-1.626646e-05	1
1	rs199580948	1900102	2	2.464191e-04	2.775324e-05	1
1	rs199857968:1941833:A:G	1941833	14	-3.085960e-04	-3.126387e-05	1
1	rs1999704:1761336:A:C	1761336	3	3.985324e-04	6.054272e-05	1
1	rs2001729:868113:G:A	868113	3	6.638974e-05	1.252910e-05	1
1	rs2005437:931730:A:G	931730	12	7.588868e-05	1.354805e-05	1
1	rs200982240	1638925	3	-2.683530e-05	-3.758759e-06	1
1	rs2031708:1486076:G:A	1486076	4	3.487413e-04	6.360093e-05	1
1	rs2031709:1485984:C:A	1485984	4	3.487413e-04	6.360092e-05	1
1	rs2064600:1220504:G:A	1220504	11	1.911764e-04	3.127886e-05	1
1	rs2072926:1684758:G:A	1684758	7	4.994887e-04	4.446976e-05	1
1	rs2072927:1684800:G:A	1684800	6	5.037106e-04	4.488326e-05	1
1	rs2072928:1685213:C:G	1685213	13	4.634475e-04	6.760106e-05	1
1	rs2072929	1686943	0	3.099545e-04	2.747677e-05	1
1	rs2076326:1666809:G:A	1666809	3	3.160847e-04	2.738710e-05	1
1	rs2076328:1687482:G:T	1687482	14	7.319380e-04	6.969016e-05	1
1	rs2092920:1856514:G:A	1856514	1	-4.295218e-04	-6.717661e-05	1
1	rs2092921:1856672:T:C	1856672	4	8.796199e-04	8.744448e-05	1
1	rs2092923:1856720:C:T	1856720	3	8.752931e-04	8.687715e-05	1
1	rs2092924:1856746:C:A	1856746	4	7.997578e-04	7.726900e-05	1
1	rs2094830:1126994:G:A	1126994	2	1.987326e-04	2.497541e-05	1
1	rs2144686:1853588:C:T	1853588	1	-3.498056e-04	-5.401651e-05	1
1	rs2180311:1748734:T:C	1748734	8	6.987470e-04	6.630342e-05	1
1	rs2228579:1223385:G:C	1223385	12	3.079573e-04	4.704035e-05	1
1	rs2229833:1226651:G:C	1226651	6	2.640634e-04	4.897426e-05	1
1	rs2235536:1689164:C:T	1689164	6	-4.549031e-04	-4.224204e-05	1
1	rs2245754:992327:C:T	992327	9	5.702132e-04	9.112825e-05	1
1	rs2247560:1846765:G:A	1846765	1	7.257069e-04	6.812015e-05	1
1	rs2260423:1314707:A:G	1314707	14	-6.274163e-04	-1.181824e-04	1
1	rs2260424:1314714:A:G	1314714	8	-9.075404e-04	-1.562899e-04	1
1	rs2272908:1721479:C:T	1721479	13	5.768091e-04	5.315857e-05	1
1	rs2274790:1132966:C:A	1132966	7	1.072609e-04	1.347290e-05	1
1	rs2274791	1132938	1	2.720682e-04	3.484137e-05	1
1	rs2274792:1132785:C:T	1132785	4	1.207309e-04	1.516091e-05	1
1	rs2275915	1342612	1	6.271541e-04	7.096462e-05	1
1	rs2281171:1662428:A:G	1662428	0	1.971980e-04	2.508003e-05	1
1	rs2281176:1665740:T:C	1665740	9	1.613669e-04	2.135195e-05	1
1	rs2294488:1664019:T:C	1664019	3	1.794353e-04	2.279567e-05	1
1	rs2295362:1855319:C:T	1855319	1	-4.440903e-04	-6.999522e-05	1
1	rs2295363:1850428:A:G	1850428	12	4.847810e-04	4.570220e-05	1
1	rs2296474:1246004:A:G	1246004	12	-2.291090e-04	-4.225741e-05	1
1	rs2296475:1237604:T:C	1237604	12	-3.500461e-04	-5.532518e-05	1
1	rs2297863:1177474:A:G	1177474	12	3.348648e-04	4.773976e-05	1
1	rs2297864:1177630:A:G	1177630	12	3.348648e-04	4.773976e-05	1
1	rs2298209:1146785:G:C	1146785	3	1.335932e-04	2.549723e-05	1
1	rs2298210:1146853:G:A	1146853	5	1.362194e-04	2.600585e-05	1
1	rs2298216	1064802	0	-4.808455e-04	-5.980922e-05	1
1	rs2313197:1299129:C:T	1299129	9	-3.896404e-04	-7.253305e-05	1
1	rs2313198:1299737:A:C	1299737	3	2.753546e-05	3.245147e-06	1
1	rs2340582:882803:A:G	882803	6	5.535424e-04	9.363696e-05	1
1	rs2340595:914192:G:C	914192	16	2.134725e-04	3.737118e-05	1
1	rs2340596	913889	0	4.524867e-04	4.207660e-05	1
1	rs2341354	918573	3	8.838085e-04	9.236956e-05	1
1	rs2341363:958731:A:G	958731	10	-8.342798e-04	-9.119972e-05	1
1	rs2368565:1315343:G:A	1315343	16	-3.806707e-04	-7.229200e-05	1
1	rs2368566:1315044:G:A	1315044	5	-1.043687e-03	-1.773211e-04	1
1	rs2376803:1967954:C:T	1967954	14	-6.758303e-04	-8.226383e-05	1
1	rs2376806:1934116:C:A	1934116	6	-9.298473e-05	-8.311677e-06	1
1	rs2377206:1667911:C:T	1667911	4	3.306888e-04	2.884477e-05	1
1	rs2454652:1315893:C:T	1315893	9	-8.332097e-04	-1.389150e-04	1
1	rs2454653:1314245:C:T	1314245	8	-9.075404e-04	-1.562898e-04	1
1	rs2454654:1313342:A:G	1313342	16	-3.806707e-04	-7.229199e-05	1
1	rs2465124:949235:G:A	949235	8	3.567292e-04	5.827073e-05	1
1	rs2465127:963721:T:C	963721	16	5.160006e-04	8.829566e-05	1
1	rs2465130	973458	0	3.645425e-04	5.491536e-05	1
1	rs2465131:974199:C:T	974199	4	5.717114e-04	9.470090e-05	1
1	rs2465132:974356:T:C	974356	4	5.717114e-04	9.470089e-05	1
1	rs2465133:974494:G:T	974494	4	5.717114e-04	9.470089e-05	1
1	rs2465134:974570:T:G	974570	4	5.717114e-04	9.470089e-05	1
1	rs2465135:974662:G:T	974662	8	4.341013e-04	7.229202e-05	1
1	rs2477776:1311378:T:A	1311378	5	-1.043687e-03	-1.773210e-04	1
1	rs2477777:1314172:C:T	1314172	8	-9.075404e-04	-1.562897e-04	1
1	rs2477781	1229680	1	3.859462e-04	6.589695e-05	1
1	rs2477784:1298537:C:T	1298537	5	-8.226776e-04	-1.356278e-04	1
1	rs2488993:973336:A:G	973336	4	5.717114e-04	9.470088e-05	1
1	rs2488994:973668:A:G	973668	4	5.717114e-04	9.470088e-05	1
1	rs2488995:974225:A:G	974225	4	5.717114e-04	9.470087e-05	1
1	rs2488996:974296:A:G	974296	4	5.717114e-04	9.470087e-05	1
1	rs2488997:974355:G:A	974355	4	5.717114e-04	9.470086e-05	1
1	rs2489000:937688:T:C	937688	16	2.255045e-04	4.008935e-05	1
1	rs2490540:1882287:A:G	1882287	0	4.925799e-04	6.247296e-05	1
1	rs2490545:1867023:A:G	1867023	12	5.872001e-04	5.634986e-05	1
1	rs2490548:1852134:A:G	1852134	3	7.569623e-04	7.193590e-05	1
1	rs2490562:1883359:A:G	1883359	2	3.873501e-04	5.020173e-05	1
1	rs2490563	1882960	0	4.925799e-04	6.247294e-05	1
1	rs2490564:1882949:A:G	1882949	0	4.925799e-04	6.247293e-05	1
1	rs2649585:1316674:C:T	1316674	9	-9.825210e-04	-1.631187e-04	1
1	rs2649587:1316170:G:A	1316170	7	-9.289097e-04	-1.492208e-04	1
1	rs2649588:1314015:C:T	1314015	8	-9.075404e-04	-1.562897e-04	1
1	rs2649589	1311716	3	-1.084082e-03	-1.865922e-04	1
1	rs2649591:1311472:G:A	1311472	5	-1.043687e-03	-1.773208e-04	1
1	rs2649592:1311078:G:T	1311078	7	-8.953106e-04	-1.526151e-04	1
1	rs2649593:1311022:C:T	1311022	10	1.103805e-05	1.289969e-06	1
1	rs2649594:1310975:C:T	1310975	6	-1.081423e-03	-1.886122e-04	1
1	rs2649598:1306558:T:C	1306558	13	-3.948986e-04	-7.445235e-05	1
1	rs2649608:1294928:A:G	1294928	7	-2.963820e-04	-5.388006e-05	1
1	rs2649611:1297216:A:G	1297216	9	-3.503070e-04	-6.127503e-05	1
1	rs2649612:1297635:G:A	1297635	6	-3.727324e-04	-6.867597e-05	1
1	rs2649613:1297723:A:G	1297723	6	-3.727324e-04	-6.867596e-05	1
1	rs2710869:938116:T:G	938116	14	2.250410e-04	4.000160e-05	1
1	rs2710872:990517:C:T	990517	10	6.372414e-04	1.045107e-04	1
1	rs2710875:977780:C:T	977780	10	2.666099e-04	3.494878e-05	1
1	rs2710876:977570:G:A	977570	11	2.860921e-04	3.762932e-05	1
1	rs2710881:931014:A:G	931014	11	8.184251e-05	1.461574e-05	1
1	rs2710883:971367:T:C	971367	8	4.341013e-04	7.229201e-05	1
1	rs2710884:969659:G:A	969659	10	-6.995410e-04	-7.569830e-05	1
1	rs2710885:991982:T:C	991982	12	5.092270e-04	8.001569e-05	1
1	rs2710886:992084:T:C	992084	9	5.702132e-04	9.112820e-05	1
1	rs2710887	986443	1	3.819547e-04	4.855872e-05	1
1	rs2710890	958905	0	-1.248351e-03	-1.624262e-04	1
1	rs2748967:1861343:C:T	1861343	4	8.796199e-04	8.744436e-05	1
1	rs2748983:1860087:C:T	1860087	7	4.185741e-04	3.818264e-05	1
1	rs2748984:1859296:T:C	1859296	4	8.796199e-04	8.744433e-05	1
1	rs2748985:1853184:T:C	1853184	6	3.750570e-04	3.400437e-05	1
1	rs2748986:1847856:G:T	1847856	1	3.659799e-04	3.274681e-05	1
1	rs2748988	1846357	0	7.246366e-04	6.799656e-05	1
1	rs2765015:1308982:A:G	1308982	16	-3.467799e-04	-6.600283e-05	1
1	rs2765017:1301633:C:T	1301633	9	-3.893096e-04	-7.246448e-05	1
1	rs2765019:1300022:T:C	1300022	8	-3.900861e-04	-7.262390e-05	1
1	rs2765021	1297422	1	-7.374570e-04	-1.146265e-04	1
1	rs2765023:1297065:C:T	1297065	10	5.912207e-04	7.567677e-05	1
1	rs2765024:1296818:C:G	1296818	6	-3.727324e-04	-6.867596e-05	1
1	rs2765025:1296691:C:G	1296691	7	-2.963820e-04	-5.388006e-05	1
1	rs2765027:1296153:T:G	1296153	7	-2.963820e-04	-5.388006e-05	1
1	rs2765029:1316670:C:G	1316670	10	-8.922785e-04	-1.540053e-04	1
1	rs2765031:1312132:T:C	1312132	7	-8.953106e-04	-1.526150e-04	1
1	rs2765032:1311434:T:A	1311434	14	-3.759271e-04	-7.088829e-05	1
1	rs2765033:1310924:T:C	1310924	14	-3.759271e-04	-7.088829e-05	1
1	rs2765035:1310074:C:G	1310074	12	-1.034066e-03	-2.161524e-04	1
1	rs2799055:971224:A:G	971224	5	6.169421e-04	1.044142e-04	1
1	rs2799058:938213:A:G	938213	14	9.650238e-05	1.698265e-05	1
1	rs2799062:931548:G:T	931548	9	-7.312543e-04	-9.702541e-05	1
1	rs2799066:977330:T:C	977330	3	4.563519e-04	7.219880e-05	1
1	rs2799069:950716:A:T	950716	11	8.356623e-05	1.390041e-05	1
1	rs2799070	949925	0	-2.670132e-04	-3.877113e-05	1
1	rs2799071:988503:A:T	988503	8	4.348617e-04	5.626277e-05	1
1	rs2799072	990773	2	2.521530e-04	3.331892e-05	1
1	rs2799073:990806:G:A	990806	9	3.099787e-04	4.229574e-05	1
1	rs2799074:992094:T:C	992094	9	5.702132e-04	9.112817e-05	1
1	rs2803285:1888369:A:G	1888369	12	5.115659e-04	6.950167e-05	1
1	rs2803286:1886385:T:C	1886385	3	5.441361e-04	7.022836e-05	1
1	rs2803287:1886222:T:G	1886222	3	5.441361e-04	7.022835e-05	1
1	rs2803292	1892048	0	7.932079e-04	8.748137e-05	1
1	rs2803295:1861582:C:T	1861582	5	8.511665e-04	8.412964e-05	1
1	rs2803296:1848109:G:C	1848109	2	3.730340e-04	3.354360e-05	1
1	rs2803297:1847656:C:T	1847656	0	7.246366e-04	6.799652e-05	1
1	rs2803298:1846073:G:T	1846073	4	4.158799e-04	3.787897e-05	1
1	rs2803299:1845784:C:T	1845784	0	7.246366e-04	6.799650e-05	1
1	rs2803309	1987803	1	-9.535875e-05	-1.040899e-05	1
1	rs2803316:1865298:A:G	1865298	11	5.026100e-04	4.711034e-05	1
1	rs2803320:1867426:G:A	1867426	15	1.145673e-03	1.298857e-04	1
1	rs2803330	1874837	10	1.022368e-03	1.301544e-04	1
1	rs2803348:1854109:A:G	1854109	5	3.269819e-04	2.924038e-05	1
1	rs2803349:1852772:C:T	1852772	7	8.338195e-04	8.263705e-05	1
1	rs28368268:1883785:T:C	1883785	4	2.121244e-06	3.574345e-07	1
1	rs28368296:1299366:C:T	1299366	13	-4.851335e-04	-5.816736e-05	1
1	rs28393498:896476:A:G	896476	5	3.315297e-04	5.119191e-05	1
1	rs2839:879687:T:C	879687	8	5.931301e-04	1.043860e-04	1
1	rs28407473:1952610:T:C	1952610	7	-2.828626e-04	-3.549390e-05	1
1	rs28414188:1898349:C:T	1898349	12	1.773963e-04	2.007945e-05	1
1	rs28418680:1343666:G:A	1343666	11	9.479657e-04	1.630941e-04	1
1	rs28421659:1940387:G:C	1940387	9	4.822511e-05	5.712186e-06	1
1	rs28433148:965278:T:C	965278	11	6.193357e-04	1.066789e-04	1
1	rs28433557:1909843:C:T	1909843	4	1.181781e-04	1.210439e-05	1
1	rs28434575:917492:C:T	917492	11	-1.299111e-04	-1.573053e-05	1
1	rs28446828	1891156	0	1.070016e-04	1.577690e-05	1
1	rs28448395:1909854:G:A	1909854	4	1.181781e-04	1.210440e-05	1
1	rs28460227:1122916:A:G	1122916	5	1.680492e-04	2.396438e-05	1
1	rs28468541:1910001:C:G	1910001	2	2.198460e-04	2.250279e-05	1
1	rs28469033	919127	2	-1.004673e-03	-1.455002e-04	1
1	rs28475060:1552574:G:A	1552574	2	5.250183e-04	9.989759e-05	1
1	rs28487995	1619541	1	-1.867040e-04	-2.074811e-05	1
1	rs28491083:1909733:G:T	1909733	2	2.198460e-04	2.250280e-05	1
1	rs28499066:1888682:T:C	1888682	16	1.504797e-04	2.333150e-05	1
1	rs28502067:1552097:G:A	1552097	1	4.753938e-04	8.835100e-05	1
1	rs28502222:1952605:T:C	1952605	9	-3.047890e-04	-3.780526e-05	1
1	rs28503348:1300578:C:T	1300578	1	9.619934e-05	1.133718e-05	1
1	rs28503729:1538518:C:G	1538518	12	4.201933e-04	8.268708e-05	1
1	rs28521172:861008:G:C	861008	12	-5.926029e-04	-9.621683e-05	1
1	rs28523363:1897469:A:G	1897469	7	8.684596e-05	9.709613e-06	1
1	rs28531873:1860141:C:T	1860141	2	-3.829663e-04	-5.939392e-05	1
1	rs28535696:1888330:C:T	1888330	4	-2.086533e-04	-2.167846e-05	1
1	rs28544952:1850914:A:G	1850914	1	-3.498056e-04	-5.401653e-05	1
1	rs28545809:1908429:T:C	1908429	13	1.388470e-04	1.434793e-05	1
1	rs28546565:1553498:G:A	1553498	13	-1.972396e-03	-4.930673e-04	1
1	rs28548017	1887019	0	4.879447e-04	6.098181e-05	1
1	rs28549710	1888453	0	-2.002459e-04	-2.072409e-05	1
1	rs28550169:1939826:C:T	1939826	11	1.623293e-04	1.942650e-05	1
1	rs28561741	1895540	1	2.285596e-04	2.564787e-05	1
1	rs28571194:1881996:C:G	1881996	2	5.600522e-05	9.343179e-06	1
1	rs28581776	1847979	2	-2.686120e-04	-4.067170e-05	1
1	rs28584852:1941630:G:C	1941630	5	-1.544574e-04	-1.832633e-05	1
1	rs28588737:1910012:T:C	1910012	2	2.198460e-04	2.250280e-05	1
1	rs28591569	959509	2	-2.324100e-04	-3.211289e-05	1
1	rs28601681:1554172:G:A	1554172	16	3.127764e-04	5.494852e-05	1
1	rs28608797:1820106:A:C	1820106	8	2.246793e-05	2.405981e-06	1
1	rs28613404:1909701:C:T	1909701	2	2.198460e-04	2.250280e-05	1
1	rs28613513:1112810:G:T	1112810	1	5.155712e-04	8.127552e-05	1
1	rs28622894:1853384:G:A	1853384	1	-3.643741e-04	-5.666378e-05	1
1	rs28623434:1553593:C:G	1553593	6	-1.999059e-04	-1.999789e-05	1
1	rs28624108:1547054:C:G	1547054	3	5.245165e-04	9.978526e-05	1
1	rs28625089:840327:G:A	840327	16	-4.983503e-05	-5.820303e-06	1
1	rs28625763:1592144:T:C	1592144	13	1.566542e-03	2.772515e-04	1
1	rs28625839:1896553:C:T	1896553	3	2.330189e-04	2.624241e-05	1
1	rs28629936:1898369:G:A	1898369	10	8.405520e-05	9.423641e-06	1
1	rs28633659	1854546	2	-3.486088e-04	-5.324911e-05	1
1	rs28634421:1848160:A:G	1848160	2	-3.489033e-04	-5.387341e-05	1
1	rs28634676:1940071:C:T	1940071	10	5.370985e-05	6.374351e-06	1
1	rs28637822:1862025:C:T	1862025	8	-1.098908e-04	-1.778213e-05	1
1	rs28645949:1910086:G:T	1910086	3	2.124954e-04	2.189141e-05	1
1	rs28648687:1122937:G:A	1122937	5	1.680492e-04	2.396438e-05	1
1	rs28651716	1910236	2	1.378225e-04	1.402448e-05	1
1	rs28669101:1648405:A:G	1648405	12	-3.411955e-04	-4.903283e-05	1
1	rs28669173	1612540	0	-5.470542e-05	-7.177302e-06	1
1	rs28670633	962720	2	-1.410450e-04	-1.839179e-05	1
1	rs28680595:1909553:T:A	1909553	7	6.745085e-05	6.911938e-06	1
1	rs28680721:1853863:T:C	1853863	2	-4.136460e-04	-6.442526e-05	1
1	rs28689170:1553668:T:C	1553668	2	5.250183e-04	9.989757e-05	1
1	rs28691882:1838374:C:T	1838374	15	-2.824167e-04	-3.702473e-05	1
1	rs28692556:1853921:T:C	1853921	2	-3.710649e-04	-5.738213e-05	1
1	rs28706276	1933267	0	5.243933e-04	9.679952e-05	1
1	rs28706999:1851212:C:T	1851212	4	-3.324564e-04	-5.134885e-05	1
1	rs28709994	1982546	0	6.894454e-04	1.145617e-04	1
1	rs28710181:1847531:C:T	1847531	2	-2.503105e-04	-3.765254e-05	1
1	rs28712827:1898045:G:A	1898045	10	6.567225e-05	7.364001e-06	1
1	rs28716654:1909494:C:T	1909494	5	1.225247e-04	1.255951e-05	1
1	rs28722732:1648235:A:C	1648235	9	-2.218482e-04	-2.999841e-05	1
1	rs28731045:836529:C:G	836529	15	-7.578489e-05	-8.799244e-06	1
1	rs28786981:1996855:C:A	1996855	12	1.325253e-05	2.386800e-06	1
1	rs28821228:1299278:C:T	1299278	13	-4.851335e-04	-5.816732e-05	1
1	rs28828480:1994110:A:G	1994110	15	-8.079679e-05	-1.474489e-05	1
1	rs28869591	920640	1	-2.829151e-04	-3.363881e-05	1
1	rs28876135:1319926:C:T	1319926	10	3.375038e-04	4.155973e-05	1
1	rs28890279:1300540:A:G	1300540	1	9.619934e-05	1.133715e-05	1
1	rs2889473:1941845:G:A	1941845	12	-9.188912e-06	-1.087699e-06	1
1	rs2905035:775659:A:G	775659	9	-5.789111e-04	-7.648697e-05	1
1	rs2980319:777122:A:T	777122	9	-6.710981e-04	-9.167308e-05	1
1	rs2985899:1300894:C:A	1300894	15	-3.790534e-04	-7.074614e-05	1
1	rs307351:1263457:T:C	1263457	7	-2.891847e-04	-5.306540e-05	1
1	rs307356:1282270:T:C	1282270	5	-2.957863e-04	-5.376274e-05	1
1	rs307357:1281345:C:T	1281345	16	-8.528419e-04	-1.455123e-04	1
1	rs307358:1280519:T:C	1280519	5	-2.957863e-04	-5.376273e-05	1
1	rs307361:1278237:T:C	1278237	5	-2.957863e-04	-5.376273e-05	1
1	rs307363:1276812:G:A	1276812	5	-2.957863e-04	-5.376273e-05	1
1	rs307369:1274242:A:G	1274242	4	-2.911735e-04	-5.287037e-05	1
1	rs307372:1272497:A:G	1272497	4	-2.911735e-04	-5.287037e-05	1
1	rs307373:1271175:A:G	1271175	4	-2.911735e-04	-5.287037e-05	1
1	rs307374:1270359:T:C	1270359	4	-2.911735e-04	-5.287037e-05	1
1	rs307377	1269554	0	-3.954034e-04	-7.382269e-05	1
1	rs307378:1268847:T:G	1268847	4	-2.911735e-04	-5.287037e-05	1
1	rs307379:1286967:A:G	1286967	10	-1.393569e-04	-2.538369e-05	1
1	rs307380:1287127:G:A	1287127	13	-8.646912e-04	-1.468942e-04	1
1	rs307381:1287449:T:A	1287449	5	-2.957863e-04	-5.376272e-05	1
1	rs3094315:752566:G:A	752566	13	-8.222652e-04	-1.134871e-04	1
1	rs3104610:1302555:C:T	1302555	9	-3.766859e-04	-7.025003e-05	1
1	rs3115850	761147	12	-5.833901e-04	-7.694166e-05	1
1	rs3118509	1494355	0	2.825176e-04	5.457581e-05	1
1	rs3121552:977203:G:C	977203	4	4.809244e-04	7.897197e-05	1
1	rs3121560	968226	1	-7.732685e-04	-8.402363e-05	1
1	rs3121564:992042:C:T	992042	14	5.440095e-04	8.622486e-05	1
1	rs3121565:945612:C:T	945612	10	3.908427e-04	6.467725e-05	1
1	rs3121566:945474:C:T	945474	6	-5.441300e-06	-9.397093e-07	1
1	rs3121567	943468	0	1.903685e-04	3.043287e-05	1
1	rs3121575:972134:C:T	972134	3	4.609237e-04	7.173063e-05	1
1	rs3121577:974180:G:T	974180	4	5.717114e-04	9.470082e-05	1
1	rs3121578:974894:C:T	974894	10	3.295057e-04	4.366056e-05	1
1	rs3121579:975133:T:A	975133	4	5.388716e-04	8.853966e-05	1
1	rs3121819:1951827:A:G	1951827	10	-3.149492e-04	-4.040578e-05	1
1	rs3121822	1972462	0	1.058208e-03	2.147718e-04	1
1	rs3121828	1986754	0	-1.594701e-04	-2.562790e-05	1
1	rs3121830:1864526:C:T	1864526	11	5.026100e-04	4.711029e-05	1
1	rs3121831:1866004:G:A	1866004	15	6.115651e-04	5.941089e-05	1
1	rs3128097:980460:G:A	980460	8	4.528394e-04	7.583637e-05	1
1	rs3128098:981087:A:G	981087	11	4.865747e-04	7.300184e-05	1
1	rs3128099:982444:A:G	982444	12	4.655577e-04	6.511139e-05	1
1	rs3128101:982513:T:C	982513	8	6.238146e-04	1.156158e-04	1
1	rs3128102:982941:T:C	982941	12	4.074044e-04	5.585160e-05	1
1	rs3128108:930329:C:T	930329	6	-7.831359e-04	-1.038691e-04	1
1	rs3128109	930377	1	-8.119201e-04	-1.080408e-04	1
1	rs3128112:932618:C:G	932618	12	7.588868e-05	1.354806e-05	1
1	rs3128312	1966659	0	1.196498e-04	2.266980e-05	1
1	rs3128315	1979064	0	-3.195462e-04	-3.810243e-05	1
1	rs3128317:1979724:C:A	1979724	12	-2.920079e-04	-3.541006e-05	1
1	rs3128318:1952782:C:A	1952782	2	-3.594146e-04	-4.479396e-05	1
1	rs3128319	1984227	2	-5.702407e-04	-7.213885e-05	1
1	rs3128321	1953252	1	-3.647895e-04	-4.542474e-05	1
1	rs3128323:1955080:G:A	1955080	10	-1.826510e-04	-2.296837e-05	1
1	rs3131954:758626:C:T	758626	14	-5.209846e-04	-6.776124e-05	1
1	rs3131962	756604	0	-4.510165e-04	-5.601501e-05	1
1	rs3131971:752894:T:C	752894	16	-5.516488e-04	-7.488188e-05	1
1	rs3131972	752721	0	-8.371946e-04	-1.078595e-04	1
1	rs33976483:1813237:C:T	1813237	2	-4.011593e-04	-5.127231e-05	1
1	rs34054191:1250957:G:A	1250957	9	3.172000e-04	5.851085e-05	1
1	rs34115518:1150448:T:C	1150448	14	4.047318e-04	6.323056e-05	1
1	rs34238514:1706735:C:T	1706735	7	-6.179203e-04	-8.538815e-05	1
1	rs34306661:1687625:T:C	1687625	8	-4.635898e-04	-4.337438e-05	1
1	rs34316807:1303254:A:T	1303254	1	9.619934e-05	1.133714e-05	1
1	rs34372380:1305201:C:T	1305201	4	6.725735e-05	7.957162e-06	1
1	rs34380086:1286897:G:C	1286897	13	-8.646912e-04	-1.468942e-04	1
1	rs34381538:1061602:G:A	1061602	11	6.030010e-04	9.128832e-05	1
1	rs34429643:1316247:A:G	1316247	9	2.756978e-04	3.319375e-05	1
1	rs34457386:1305964:G:C	1305964	4	2.710821e-04	3.204626e-05	1
1	rs34487973:1304662:G:A	1304662	3	1.141252e-04	1.351243e-05	1
1	rs34506333:1898777:G:C	1898777	12	6.730797e-05	7.560022e-06	1
1	rs34522599:1299946:T:C	1299946	1	2.161373e-04	2.583486e-05	1
1	rs34561762:1305007:T:C	1305007	6	9.445023e-05	1.120190e-05	1
1	rs34567656:1303677:C:T	1303677	2	1.012956e-04	1.196246e-05	1
1	rs34586002:1898835:C:A	1898835	12	6.730797e-05	7.560023e-06	1
1	rs34639471:1299662:T:G	1299662	1	9.619934e-05	1.133710e-05	1
1	rs34645159:1724366:G:A	1724366	13	5.768091e-04	5.315838e-05	1
1	rs34658689:1058635:G:A	1058635	6	5.626145e-04	8.338987e-05	1
1	rs34699657:1912734:T:C	1912734	2	3.904436e-04	4.111754e-05	1
1	rs34808604:1055653:C:G	1055653	9	5.540122e-04	8.217367e-05	1
1	rs34824947:1898828:T:C	1898828	12	6.730797e-05	7.560026e-06	1
1	rs34828044:1305121:C:T	1305121	7	1.627151e-04	1.962413e-05	1
1	rs34849348:1762757:C:T	1762757	6	6.476147e-04	6.040084e-05	1
1	rs34883051:1305066:T:C	1305066	6	9.445023e-05	1.120188e-05	1
1	rs34895099:1058889:G:A	1058889	6	6.537464e-04	9.989356e-05	1
1	rs34940616:1898975:G:A	1898975	11	1.347916e-04	1.517265e-05	1
1	rs34953014:1305096:G:C	1305096	7	1.627151e-04	1.962412e-05	1
1	rs34954577:1835016:C:T	1835016	12	-5.012117e-04	-6.853408e-05	1
1	rs34957887:1912730:A:G	1912730	2	3.904436e-04	4.111754e-05	1
1	rs35002855:928520:A:G	928520	14	1.539437e-04	2.664457e-05	1
1	rs35032062	1912501	1	2.418670e-04	2.506495e-05	1
1	rs35038461	1146339	2	2.727717e-04	5.022140e-05	1
1	rs35045511:1303374:C:A	1303374	7	1.295759e-04	1.537203e-05	1
1	rs35086222:1698107:C:T	1698107	9	2.279818e-04	3.273584e-05	1
1	rs35107976:1150037:T:C	1150037	14	5.045680e-04	9.007201e-05	1
1	rs35125219:1303299:C:T	1303299	2	1.029596e-04	1.216016e-05	1
1	rs35186797:1898934:T:C	1898934	12	6.730797e-05	7.560030e-06	1
1	rs35194784:1305810:T:C	1305810	4	2.710821e-04	3.204621e-05	1
1	rs35209771:1912392:G:A	1912392	4	1.660887e-04	1.708125e-05	1
1	rs35242196:1333598:C:A	1333598	1	4.378338e-04	5.505896e-05	1
1	rs35269416	1900186	3	-1.056102e-03	-1.630727e-04	1
1	rs35300397:1062034:G:A	1062034	11	5.729909e-04	8.558307e-05	1
1	rs35301881:1681665:C:T	1681665	16	-5.229127e-04	-5.013866e-05	1
1	rs35322744:1058904:C:T	1058904	16	-1.713694e-04	-3.206132e-05	1
1	rs35339498:1150211:G:A	1150211	15	3.482843e-04	5.445487e-05	1
1	rs35349711:1814354:C:T	1814354	1	-4.057763e-04	-5.188728e-05	1
1	rs35386522:1811006:T:C	1811006	1	5.909689e-04	5.327379e-05	1
1	rs35435148:1304787:G:A	1304787	4	6.725735e-05	7.957094e-06	1
1	rs35459109:1304389:T:C	1304389	6	9.179388e-05	1.087093e-05	1
1	rs35460394:1834681:C:T	1834681	11	-5.401159e-04	-7.453888e-05	1
1	rs35471880	881918	0	-3.512330e-04	-6.155473e-05	1
1	rs35511469:1802649:G:T	1802649	2	-3.058453e-04	-3.853416e-05	1
1	rs35566806:1305912:C:T	1305912	4	2.710821e-04	3.204619e-05	1
1	rs35599603:863843:C:T	863843	12	4.738492e-04	8.492428e-05	1
1	rs35626575:1146276:C:T	1146276	6	1.829509e-04	3.073320e-05	1
1	rs35642451:1300101:C:T	1300101	1	9.619934e-05	1.133705e-05	1
1	rs35659545:1150181:G:C	1150181	14	3.222335e-04	4.919920e-05	1
1	rs35698161:1898779:C:A	1898779	12	6.730797e-05	7.560037e-06	1
1	rs35704567:1058029:A:G	1058029	9	7.896098e-04	1.281032e-04	1
1	rs35705386:1295682:A:G	1295682	6	-7.774884e-04	-1.250575e-04	1
1	rs35710126:1304371:C:T	1304371	9	3.658352e-05	4.344043e-06	1
1	rs35716478:1303894:C:G	1303894	5	4.564328e-05	5.404490e-06	1
1	rs35737009:1149316:C:G	1149316	10	2.797929e-04	5.369629e-05	1
1	rs35742679:1299068:C:T	1299068	2	1.117614e-04	1.322356e-05	1
1	rs35745967:1309885:A:G	1309885	5	2.117941e-04	2.498945e-05	1
1	rs35791369:1150438:A:T	1150438	10	1.448359e-04	2.610764e-05	1
1	rs35823915:1061951:C:T	1061951	11	5.729909e-04	8.558306e-05	1
1	rs35854196:863863:G:A	863863	11	5.669098e-04	9.877839e-05	1
1	rs35940137	940203	0	6.733624e-04	1.349393e-04	1
1	rs35955667:1300074:T:C	1300074	1	9.619934e-05	1.133703e-05	1
1	rs36066545:1304143:G:A	1304143	2	1.117614e-04	1.322355e-05	1
1	rs36072213:1812504:G:A	1812504	4	-4.870242e-04	-6.373240e-05	1
1	rs36087904:1299260:A:G	1299260	1	9.619934e-05	1.133702e-05	1
1	rs36141200:1649639:G:A	1649639	9	-4.403185e-05	-5.959366e-06	1
1	rs367834221:1084990:G:A	1084990	3	-1.430414e-04	-2.464098e-05	1
1	rs367992087:1788689:C:G	1788689	4	-3.697818e-04	-4.734053e-05	1
1	rs368836064:1318265:A:G	1318265	6	-3.833232e-05	-6.354584e-06	1
1	rs369724700:1074431:A:T	1074431	8	-1.428724e-04	-2.713325e-05	1
1	rs371458725:770886:G:A	770886	9	8.744379e-04	1.492556e-04	1
1	rs372531941:752593:T:G	752593	12	7.695673e-05	1.300421e-05	1
1	rs3737622:1620860:G:A	1620860	5	-4.027511e-04	-4.098186e-05	1
1	rs3737623	1620885	4	-3.763665e-04	-3.819726e-05	1
1	rs3737627:1722828:G:A	1722828	11	-2.329617e-04	-2.603038e-05	1
1	rs3737628:1722932:C:T	1722932	13	5.768091e-04	5.315832e-05	1
1	rs3737631:1987762:C:T	1987762	16	-4.353146e-04	-5.997441e-05	1
1	rs3737723:1209539:C:A	1209539	11	7.019974e-04	1.182565e-04	1
1	rs3737727	1023145	0	2.541799e-04	3.303920e-05	1
1	rs374384253:1638780:C:T	1638780	5	6.392433e-05	8.844874e-06	1
1	rs3748588	911101	3	7.173057e-05	1.293725e-05	1
1	rs3748591:853805:C:T	853805	10	3.091475e-04	5.737499e-05	1
1	rs3748592	880238	2	5.669624e-04	9.444297e-05	1
1	rs3748593	880390	1	-1.405501e-04	-2.216599e-05	1
1	rs3748594:886384:G:A	886384	12	-3.080589e-05	-4.925665e-06	1
1	rs3748595:887560:A:C	887560	3	5.093794e-04	7.991630e-05	1
1	rs3748596:888639:T:C	888639	2	5.140710e-04	8.436954e-05	1
1	rs3748597	888659	0	5.420012e-04	8.910514e-05	1
1	rs3753330:1490627:T:A	1490627	1	3.665950e-04	3.364319e-05	1
1	rs3753331:1490232:T:C	1490232	1	3.665950e-04	3.364318e-05	1
1	rs3753332	1490161	0	3.733391e-04	3.429338e-05	1
1	rs3753340:1217058:G:A	1217058	14	9.942088e-05	1.695104e-05	1
1	rs3753342:1160856:T:C	1160856	9	6.301166e-04	9.688074e-05	1
1	rs3753343:1160809:T:C	1160809	6	5.803457e-04	8.834854e-05	1
1	rs3753344:1142150:G:A	1142150	16	2.921064e-04	4.662147e-05	1
1	rs3753349:1144058:C:T	1144058	8	1.141494e-04	1.941493e-05	1
1	rs3753350	1144196	0	-1.027722e-04	-1.622779e-05	1
1	rs375448418:1111633:A:G	1111633	5	4.174998e-04	6.396895e-05	1
1	rs3766170:1497008:T:C	1497008	10	4.166464e-04	3.898483e-05	1
1	rs3766176	1486903	0	-2.061490e-04	-2.160771e-05	1
1	rs3766177:1481348:T:C	1481348	12	-1.757645e-04	-1.860168e-05	1
1	rs3766183:1288471:C:T	1288471	14	-8.003033e-04	-1.264967e-04	1
1	rs3766185:1287922:G:A	1287922	14	-8.642690e-04	-1.468292e-04	1
1	rs3766186:1162435:C:A	1162435	8	7.067042e-04	1.118974e-04	1
1	rs3766188:1162281:G:A	1162281	8	7.015465e-04	1.131419e-04	1
1	rs3766189:1162272:C:T	1162272	10	6.323998e-04	9.982739e-05	1
1	rs3766191:1017587:C:T	1017587	12	1.947298e-04	2.553258e-05	1
1	rs3766192:1017197:C:T	1017197	16	-9.517025e-06	-8.501691e-07	1
1	rs377149120:1638529:A:G	1638529	9	4.932683e-05	6.846715e-06	1
1	rs3795277:1981118:A:C	1981118	8	6.162299e-04	1.012523e-04	1
1	rs3806168:1823524:G:C	1823524	6	-6.111534e-04	-8.340004e-05	1
1	rs3813193	998501	0	3.556597e-04	4.418441e-05	1
1	rs3813198:1158326:G:A	1158326	5	5.569004e-04	8.381826e-05	1
1	rs3813199:1158277:G:A	1158277	5	5.569004e-04	8.381825e-05	1
1	rs3813200:1151300:C:T	1151300	13	2.865709e-04	4.955909e-05	1
1	rs3813202:1150764:G:A	1150764	8	2.569071e-04	4.483449e-05	1
1	rs3818646:1191870:C:T	1191870	10	3.456578e-04	5.871347e-05	1
1	rs3820005:1988044:G:C	1988044	15	-3.659021e-04	-4.948222e-05	1
1	rs3820011	1888193	1	-7.930117e-05	-8.194064e-06	1
1	rs3828047:887801:A:G	887801	2	5.140710e-04	8.436954e-05	1
1	rs3828049	889238	3	-5.057741e-04	-8.749691e-05	1
1	rs3829740	909238	0	8.493187e-04	9.993931e-05	1
1	rs3855951:1804302:C:T	1804302	2	3.126925e-04	4.519661e-05	1
1	rs3855954:1266476:A:G	1266476	6	-1.131476e-04	-2.022070e-05	1
1	rs3863622:787606:G:T	787606	12	8.240365e-04	1.250738e-04	1
1	rs3889966:1279428:G:A	1279428	11	2.207975e-04	2.724250e-05	1
1	rs3930748:1489072:A:G	1489072	4	4.121308e-04	3.830709e-05	1
1	rs3933040:1264733:C:G	1264733	12	3.135205e-04	5.883739e-05	1
1	rs3934834	1005806	0	5.730838e-04	7.532335e-05	1
1	rs3936009	1585642	1	1.371157e-03	2.083417e-04	1
1	rs4040617	779322	0	5.614285e-04	7.390021e-05	1
1	rs4072537	1065296	1	-1.667819e-03	-3.349019e-04	1
1	rs4073176:1004957:G:A	1004957	4	1.987853e-04	1.776302e-05	1
1	rs4073177:1004980:G:A	1004980	4	1.987853e-04	1.776302e-05	1
1	rs4074020:1596974:C:T	1596974	6	2.899399e-04	5.026130e-05	1
1	rs4074198	1612603	1	-7.403225e-04	-8.064025e-05	1
1	rs4075116	1003629	0	6.194478e-04	6.289429e-05	1
1	rs4075469	1537176	1	-2.085858e-04	-1.998536e-05	1
1	rs4081335:1140504:T:C	1140504	12	2.809112e-04	4.540967e-05	1
1	rs41285804:892471:G:A	892471	4	7.878448e-05	1.462105e-05	1
1	rs41285808:898467:C:T	898467	10	-3.435764e-04	-5.658307e-05	1
1	rs41285824:1246303:G:A	1246303	1	-8.324766e-05	-1.510772e-05	1
1	rs41300088:1109193:G:A	1109193	8	-7.030727e-05	-1.327072e-05	1
1	rs41306990:1234955:C:T	1234955	3	-6.239647e-05	-1.143770e-05	1
1	rs41307037:1190207:C:T	1190207	12	3.211363e-04	5.962857e-05	1
1	rs41315326:1858071:G:T	1858071	1	-4.295218e-04	-6.717668e-05	1
1	rs4233027:1908703:C:G	1908703	12	7.010903e-05	7.259672e-06	1
1	rs4246502:1002932:C:G	1002932	8	5.317640e-04	5.761198e-05	1
1	rs4246503:884815:A:G	884815	3	4.373925e-04	7.036731e-05	1
1	rs4314833:1122024:T:C	1122024	0	2.011721e-04	2.522303e-05	1
1	rs4320726:1492526:C:T	1492526	7	2.994250e-04	5.242988e-05	1
1	rs4326571:1006990:G:A	1006990	11	3.919884e-04	4.103348e-05	1
1	rs4333796:1007432:G:A	1007432	8	1.357194e-04	1.209009e-05	1
1	rs4369171	1547566	1	4.357342e-04	7.234015e-05	1
1	rs4422948	835499	3	-9.026279e-05	-9.338892e-06	1
1	rs4449971:1126255:G:C	1126255	2	1.987326e-04	2.497527e-05	1
1	rs4454477	2000337	0	1.055505e-05	1.779865e-06	1
1	rs4459050	1849530	0	-2.619264e-04	-3.960354e-05	1
1	rs4498744:1304936:C:G	1304936	4	6.725735e-05	7.957001e-06	1
1	rs4511053:2000404:G:A	2000404	3	2.014241e-05	3.428308e-06	1
1	rs45489198:1859176:T:C	1859176	1	-4.295218e-04	-6.717668e-05	1
1	rs45578847:1169485:G:A	1169485	7	6.333278e-05	1.141541e-05	1
1	rs45591840:1169728:G:T	1169728	6	7.888544e-05	1.480904e-05	1
1	rs4578157:1126236:G:A	1126236	2	1.987326e-04	2.497527e-05	1
1	rs4596826:1298533:T:G	1298533	9	-1.218597e-03	-2.249992e-04	1
1	rs4615788:948870:C:G	948870	9	3.803285e-04	6.302589e-05	1
1	rs4634847	1122196	0	2.011721e-04	2.522302e-05	1
1	rs4648592:1801034:G:A	1801034	8	2.246793e-05	2.406017e-06	1
1	rs4648597	1881361	0	-4.674322e-05	-7.722242e-06	1
1	rs4648599:1897591:C:T	1897591	14	-3.108402e-05	-3.561899e-06	1
1	rs4648600:1897753:C:G	1897753	8	1.071880e-04	1.211479e-05	1
1	rs4648601:1899861:C:T	1899861	13	1.246807e-04	1.404875e-05	1
1	rs4648611	1550702	2	-4.176090e-04	-4.385399e-05	1
1	rs4648623:1688469:C:G	1688469	13	4.372028e-04	6.415700e-05	1
1	rs4648624:1688513:G:T	1688513	6	-3.279350e-04	-2.977181e-05	1
1	rs4648725:1743477:G:C	1743477	4	3.536847e-04	5.227018e-05	1
1	rs4648726	1752955	2	3.390379e-04	4.976808e-05	1
1	rs4648727:1776269:C:A	1776269	6	-3.925867e-04	-3.641608e-05	1
1	rs4648729:1808769:T:C	1808769	8	5.971605e-04	5.440918e-05	1
1	rs4648731	1834748	0	-1.273406e-05	-1.244736e-06	1
1	rs4648740:1911938:A:G	1911938	5	2.917615e-04	3.022667e-05	1
1	rs4648741:1911968:T:A	1911968	4	2.003008e-04	2.050419e-05	1
1	rs4648751	1941273	1	-2.704245e-05	-3.166106e-06	1
1	rs4648756:1584117:G:C	1584117	14	2.069143e-04	3.570163e-05	1
1	rs4648758:1585257:A:G	1585257	0	1.316059e-03	1.926401e-04	1
1	rs4648760:1585347:T:C	1585347	0	1.316059e-03	1.926401e-04	1
1	rs4648761:1585388:A:G	1585388	1	1.300574e-03	1.886609e-04	1
1	rs4648762:1587315:A:G	1587315	14	3.112183e-04	5.588029e-05	1
1	rs4648768:1651815:T:C	1651815	10	-2.242519e-04	-3.050925e-05	1
1	rs4648774:1592881:A:C	1592881	11	1.552698e-03	2.705583e-04	1
1	rs4648792:1966244:G:T	1966244	9	-3.899422e-05	-6.547415e-06	1
1	rs4648795	1983421	0	-3.088833e-04	-3.043873e-05	1
1	rs4648826:1698807:C:G	1698807	6	3.405027e-04	4.968539e-05	1
1	rs4648827:1699201:C:A	1699201	16	1.636705e-05	1.825274e-06	1
1	rs4951862:757936:C:A	757936	11	-5.420638e-04	-7.046761e-05	1
1	rs4951929:757734:C:T	757734	9	-5.136831e-04	-6.595166e-05	1
1	rs4970343:964840:T:C	964840	12	6.109027e-04	1.048799e-04	1
1	rs4970344:964848:A:T	964848	13	6.383380e-04	1.108558e-04	1
1	rs4970349	967658	5	7.164179e-04	6.896993e-05	1
1	rs4970353:1033999:C:T	1033999	16	-4.983852e-04	-4.713507e-05	1
1	rs4970354	1042927	0	8.733543e-04	1.252603e-04	1
1	rs4970355:1043053:A:G	1043053	2	8.866697e-04	1.285306e-04	1
1	rs4970356:1043262:T:C	1043262	2	8.866697e-04	1.285305e-04	1
1	rs4970358:1089262:A:G	1089262	10	9.499948e-05	1.773965e-05	1
1	rs4970365:1289911:G:A	1289911	11	-7.186421e-04	-1.133971e-04	1
1	rs4970371:893280:G:A	893280	6	4.421354e-04	7.326710e-05	1
1	rs4970375:886006:T:C	886006	3	4.373925e-04	7.036731e-05	1
1	rs4970376:885699:A:G	885699	3	4.373925e-04	7.036730e-05	1
1	rs4970377:885676:C:A	885676	5	4.437271e-04	6.755666e-05	1
1	rs4970380:853239:A:G	853239	13	-2.665886e-04	-3.145323e-05	1
1	rs4970382	840753	1	-3.858215e-04	-3.674177e-05	1
1	rs4970383	838555	0	-4.557076e-05	-4.763453e-06	1
1	rs4970401:1001177:G:C	1001177	12	4.555198e-04	4.651314e-05	1
1	rs4970405:1048955:A:G	1048955	13	7.027517e-04	1.140320e-04	1
1	rs4970406:1048989:A:G	1048989	6	8.650415e-04	1.392080e-04	1
1	rs4970409:1053452:G:A	1053452	7	5.432396e-04	8.024773e-05	1
1	rs4970410:1053670:G:A	1053670	12	8.412348e-04	1.230890e-04	1
1	rs4970411:1053724:A:G	1053724	12	6.692411e-04	9.132109e-05	1
1	rs4970412:1054893:T:C	1054893	12	8.412348e-04	1.230890e-04	1
1	rs4970418:918617:G:A	918617	9	-4.923993e-05	-5.924763e-06	1
1	rs4970422	1155757	0	3.524256e-04	4.937352e-05	1
1	rs4970430:1211927:C:T	1211927	12	9.125973e-04	1.714111e-04	1
1	rs4970431:1242215:A:G	1242215	16	-5.331675e-04	-1.042617e-04	1
1	rs4970434:900286:A:G	900286	14	5.723113e-04	9.839337e-05	1
1	rs4970439:1298411:C:T	1298411	5	-8.226776e-04	-1.356274e-04	1
1	rs4970440:1299603:G:A	1299603	12	1.137708e-04	1.862308e-05	1
1	rs4970441:897325:G:C	897325	16	1.615161e-04	2.300303e-05	1
1	rs4970443	1316887	0	-8.899181e-05	-1.450746e-05	1
1	rs4970444:1320764:G:A	1320764	16	-8.836883e-04	-1.559549e-04	1
1	rs4970446:1340696:T:C	1340696	14	8.499525e-04	1.426293e-04	1
1	rs4970450:1360105:G:A	1360105	14	1.208253e-05	2.193728e-06	1
1	rs4970452:885689:G:A	885689	5	3.810122e-04	6.207673e-05	1
1	rs4970459	858051	0	-1.348852e-04	-1.484077e-05	1
1	rs4970460:858040:C:A	858040	11	-1.311411e-04	-1.461535e-05	1
1	rs4970462:852758:G:C	852758	16	-2.957023e-04	-3.521200e-05	1
1	rs4970465:851499:A:G	851499	14	-7.282392e-04	-9.671569e-05	1
1	rs5010604:1109376:G:A	1109376	10	6.328978e-04	1.074982e-04	1
1	rs5021859:1696659:A:G	1696659	7	1.884060e-04	2.699362e-05	1
1	rs55678698	864490	0	-7.241934e-04	-1.424350e-04	1
1	rs55683245:1157372:G:A	1157372	7	5.693791e-04	8.663334e-05	1
1	rs55692389:920977:T:C	920977	6	-4.199403e-04	-5.238692e-05	1
1	rs55701216:1163355:T:C	1163355	8	5.990665e-04	9.243345e-05	1
1	rs55717744:1166177:G:C	1166177	9	4.773181e-04	7.195280e-05	1
1	rs55834051:1216195:C:A	1216195	10	4.753718e-04	7.253550e-05	1
1	rs55863117:1909445:A:G	1909445	6	8.626106e-05	8.839991e-06	1
1	rs55893507:1166075:G:A	1166075	9	4.773181e-04	7.195280e-05	1
1	rs55977422	1969601	2	-2.554712e-04	-4.248296e-05	1
1	rs56013947:1157340:A:G	1157340	7	5.693791e-04	8.663331e-05	1
1	rs56070543:1163449:T:C	1163449	9	5.040941e-04	7.581295e-05	1
1	rs56085214:1088865:T:C	1088865	10	3.615438e-04	5.783688e-05	1
1	rs56210437:1212795:C:A	1212795	14	1.093947e-03	2.053366e-04	1
1	rs56273126:1913396:A:C	1913396	6	1.849987e-04	1.894978e-05	1
1	rs56316126:1166205:C:T	1166205	9	4.773181e-04	7.195278e-05	1
1	rs56383717:1857102:A:G	1857102	2	-3.841616e-04	-5.854895e-05	1
1	rs56400815:1712078:C:T	1712078	4	2.487219e-04	4.067831e-05	1
1	rs56673092:1210848:G:A	1210848	10	6.834622e-04	1.137481e-04	1
1	rs56693667:1714345:T:G	1714345	7	-6.031837e-04	-8.279201e-05	1
1	rs56852924:1169973:G:A	1169973	6	7.888544e-05	1.480903e-05	1
1	rs57068258:1088908:T:C	1088908	10	2.682536e-04	4.307538e-05	1
1	rs57107904:1044424:T:C	1044424	4	8.198052e-04	1.157243e-04	1
1	rs57181708	809876	1	4.438367e-04	6.224039e-05	1
1	rs57323758:1050149:G:A	1050149	7	-5.055285e-06	-8.603670e-07	1
1	rs57356573:1144122:T:C	1144122	7	8.154263e-05	1.376756e-05	1
1	rs57414802	1054743	0	1.666991e-04	2.704584e-05	1
1	rs57743955:1982013:C:T	1982013	12	-3.023290e-04	-5.730442e-05	1
1	rs57816555:860854:T:C	860854	6	-8.128937e-05	-1.508638e-05	1
1	rs57834430:1215262:T:C	1215262	10	-1.782647e-04	-3.209148e-05	1
1	rs57924093:860521:C:A	860521	9	-4.556523e-04	-6.888660e-05	1
1	rs58004717	1133930	0	9.859870e-05	1.413660e-05	1
1	rs58013847:1036868:A:T	1036868	6	2.516724e-05	4.428527e-06	1
1	rs58087574:1054215:A:G	1054215	4	2.239830e-05	3.663157e-06	1
1	rs58087899:1863026:A:G	1863026	9	3.885884e-04	3.537274e-05	1
1	rs58352886:1199207:T:C	1199207	11	3.161986e-04	6.001933e-05	1
1	rs58537573:1054894:G:A	1054894	7	-3.583440e-05	-6.144081e-06	1
1	rs58737594:1135108:C:G	1135108	16	2.384661e-04	3.724627e-05	1
1	rs58753449:1054159:C:T	1054159	4	2.239830e-05	3.663155e-06	1
1	rs58795053:1730413:C:T	1730413	7	-5.849909e-04	-7.967881e-05	1
1	rs58976884:1861376:C:T	1861376	2	-4.782430e-04	-7.615897e-05	1
1	rs58980341:1135107:C:T	1135107	16	2.384661e-04	3.724627e-05	1
1	rs59027770:1054157:T:C	1054157	5	1.106398e-04	1.790129e-05	1
1	rs59036606:1044367:G:A	1044367	3	8.851870e-04	1.282989e-04	1
1	rs59168450:1468981:T:A	1468981	12	2.466639e-04	4.787722e-05	1
1	rs59525363:1054212:C:T	1054212	7	-3.583440e-05	-6.144088e-06	1
1	rs59555069	1706886	0	3.351964e-04	4.635354e-05	1
1	rs59574701:1130311:T:C	1130311	10	2.374333e-04	3.483160e-05	1
1	rs59878453:1865079:C:T	1865079	5	-4.083226e-04	-6.496647e-05	1
1	rs59928984:907622:G:C	907622	16	1.424204e-04	2.595221e-05	1
1	rs60075996:1134053:G:A	1134053	4	1.799151e-04	2.626018e-05	1
1	rs60358061:1213013:G:A	1213013	11	1.471051e-04	2.699514e-05	1
1	rs60397007:1195657:G:A	1195657	12	3.211363e-04	5.962855e-05	1
1	rs604618:1232319:G:A	1232319	10	7.078012e-04	9.916956e-05	1
1	rs60609500	1860997	0	-2.619264e-04	-3.960357e-05	1
1	rs60952966:1130200:G:A	1130200	10	2.374333e-04	3.483159e-05	1
1	rs60981775:1203387:G:A	1203387	10	2.123976e-04	3.932612e-05	1
1	rs61123457:1883092:C:G	1883092	3	-1.524540e-05	-2.552230e-06	1
1	rs61422524:1767565:C:A	1767565	11	6.558416e-04	6.250142e-05	1
1	rs61594194:1484922:A:G	1484922	2	1.959940e-04	3.403053e-05	1
1	rs61709121	1979842	0	-4.780186e-04	-8.876267e-05	1
1	rs61766176:1128331:G:T	1128331	1	2.221022e-04	2.797791e-05	1
1	rs61766177:1128429:G:A	1128429	1	2.221022e-04	2.797791e-05	1
1	rs61766178:1128521:C:T	1128521	4	1.828201e-04	1.903450e-05	1
1	rs61766214:1286821:G:C	1286821	13	-8.646912e-04	-1.468940e-04	1
1	rs61766242:1302408:A:G	1302408	10	-3.759525e-04	-7.010007e-05	1
1	rs61766325:1018021:G:A	1018021	9	-5.548994e-05	-1.010302e-05	1
1	rs61766340	1023114	0	8.108699e-05	1.415423e-05	1
1	rs61766343	1047266	1	-7.087029e-05	-1.249632e-05	1
1	rs61766344	1054091	0	-3.442534e-05	-6.449171e-06	1
1	rs61768182:775181:A:G	775181	9	6.900991e-04	9.891319e-05	1
1	rs61768202:786995:G:A	786995	16	7.374322e-04	1.099651e-04	1
1	rs61768212	801467	1	1.694655e-04	2.373690e-05	1
1	rs61768484:1122396:C:T	1122396	0	2.011721e-04	2.522300e-05	1
1	rs61768485:1124891:G:A	1124891	1	2.221022e-04	2.797790e-05	1
1	rs61768486:1127681:G:A	1127681	2	1.987326e-04	2.497524e-05	1
1	rs61768488:1127948:A:C	1127948	4	1.758619e-04	2.206559e-05	1
1	rs61768491:1127977:A:G	1127977	11	2.128604e-04	2.237905e-05	1
1	rs61769713:844300:C:G	844300	16	-6.028840e-04	-7.718247e-05	1
1	rs61774865:1507912:A:C	1507912	12	3.743076e-04	3.478534e-05	1
1	rs61774870	1525437	2	3.238229e-04	6.241350e-05	1
1	rs61774914:1581586:T:C	1581586	16	2.018335e-04	3.480159e-05	1
1	rs61774982:1704654:C:A	1704654	4	2.228303e-05	2.395122e-06	1
1	rs61774983:1705604:A:G	1705604	4	2.228303e-05	2.395122e-06	1
1	rs61775058:1899279:A:T	1899279	12	1.188902e-04	1.338028e-05	1
1	rs61775059:1899319:T:C	1899319	12	9.009362e-05	1.012404e-05	1
1	rs61776857:1648027:T:C	1648027	11	-3.760394e-04	-5.427540e-05	1
1	rs61776858:1648208:C:T	1648208	8	-2.147210e-04	-2.900170e-05	1
1	rs61776859:1648624:C:A	1648624	7	-1.932784e-04	-2.596103e-05	1
1	rs61776976:1909318:G:A	1909318	6	1.449589e-04	1.490147e-05	1
1	rs61777469:1650032:A:C	1650032	8	-1.215554e-04	-1.626633e-05	1
1	rs61777470:1650033:T:C	1650033	8	-1.215554e-04	-1.626633e-05	1
1	rs61777471:1650102:C:T	1650102	8	-1.215554e-04	-1.626633e-05	1
1	rs61777506:1662814:T:C	1662814	6	2.709004e-04	3.437026e-05	1
1	rs61777507	1662895	0	1.971980e-04	2.508010e-05	1
1	rs61777508:1665571:T:G	1665571	7	3.118519e-04	3.993301e-05	1
1	rs61777878	1425411	3	-5.364570e-04	-9.970809e-05	1
1	rs619608	1231507	0	3.294394e-04	5.044675e-05	1
1	rs62639985:909221:T:C	909221	9	-5.577483e-04	-1.148491e-04	1
1	rs6594026:782981:C:T	782981	14	8.681321e-04	1.292656e-04	1
1	rs6603783:1181751:T:C	1181751	8	5.903254e-04	8.608643e-05	1
1	rs6603791:1500941:A:G	1500941	9	3.977952e-04	3.691154e-05	1
1	rs6603793:1505255:C:T	1505255	10	3.808518e-04	3.541966e-05	1
1	rs6603797:1765583:T:C	1765583	3	3.985324e-04	6.054281e-05	1
1	rs6603798:1766359:A:G	1766359	3	3.985324e-04	6.054281e-05	1
1	rs6603799:1770058:T:C	1770058	3	3.985324e-04	6.054281e-05	1
1	rs6603801:1780878:T:C	1780878	1	3.416409e-04	4.950230e-05	1
1	rs6603802:1812521:C:T	1812521	3	7.285967e-04	6.902735e-05	1
1	rs6603803	1812688	1	5.346717e-04	4.794832e-05	1
1	rs6603804:1819378:T:C	1819378	3	3.477308e-04	5.079375e-05	1
1	rs6603805:1821625:G:A	1821625	5	-1.717530e-05	-1.816433e-06	1
1	rs6603807:1829424:C:G	1829424	8	-5.300470e-04	-7.046996e-05	1
1	rs6603809:1705747:G:A	1705747	4	2.228303e-05	2.395133e-06	1
1	rs6603810:1705773:A:G	1705773	1	2.233654e-04	3.180678e-05	1
1	rs6603811	1706136	0	3.116905e-04	4.415947e-05	1
1	rs6604964:1033596:T:C	1033596	9	5.027558e-04	6.020389e-05	1
1	rs6604965:1033626:C:G	1033626	12	3.509918e-04	4.254295e-05	1
1	rs6604966:1033670:T:C	1033670	9	5.027558e-04	6.020387e-05	1
1	rs6604967:1033680:T:A	1033680	9	5.027558e-04	6.020386e-05	1
1	rs6604968:1041700:A:G	1041700	3	8.844046e-04	1.281374e-04	1
1	rs6604969:1041786:T:C	1041786	3	8.844046e-04	1.281373e-04	1
1	rs6604971	1071192	0	-5.748505e-04	-8.659725e-05	1
1	rs6604981	1599161	2	3.704109e-04	6.417185e-05	1
1	rs6604983	1521595	0	7.470431e-04	1.211298e-04	1
1	rs6604985:1552755:T:C	1552755	5	-2.122741e-04	-2.125122e-05	1
1	rs6605058:917060:C:G	917060	13	2.137436e-04	3.656164e-05	1
1	rs6605069:893631:A:G	893631	14	4.045233e-04	6.319095e-05	1
1	rs6605072:1941658:C:T	1941658	13	-2.816380e-04	-2.837497e-05	1
1	rs6605079:1930391:C:G	1930391	16	-7.345244e-04	-8.703125e-05	1
1	rs6605080:1930512:A:G	1930512	7	-6.967409e-04	-8.062530e-05	1
1	rs6605081:1930754:C:T	1930754	8	-6.873603e-04	-7.939023e-05	1
1	rs6605082:1930805:G:C	1930805	9	-7.858746e-04	-9.486018e-05	1
1	rs66479107:1044087:G:A	1044087	15	7.851857e-04	1.120198e-04	1
1	rs66559562:1318273:G:A	1318273	14	5.700853e-04	7.785167e-05	1
1	rs6656379:1040824:T:C	1040824	4	8.863867e-04	1.288272e-04	1
1	rs6656398:1941929:G:A	1941929	3	-3.108378e-04	-3.089021e-05	1
1	rs6656541:1501064:T:G	1501064	9	3.977952e-04	3.691150e-05	1
1	rs6657357:1770788:C:G	1770788	7	1.896182e-05	2.012160e-06	1
1	rs6657440	850780	0	-9.438862e-04	-1.066458e-04	1
1	rs6658634:1051869:G:C	1051869	8	-3.972379e-05	-6.962274e-06	1
1	rs6659460	918270	0	1.158363e-04	1.375694e-05	1
1	rs6660452:1795487:A:C	1795487	1	3.416409e-04	4.950231e-05	1
1	rs6661531:890295:G:C	890295	12	-1.825591e-04	-2.950423e-05	1
1	rs6661694:1978655:G:A	1978655	13	-3.457772e-04	-6.663543e-05	1
1	rs6662227:1599361:A:G	1599361	2	3.609793e-04	6.268396e-05	1
1	rs66622470:1038088:G:C	1038088	4	8.843357e-04	1.286113e-04	1
1	rs6662278	1923507	0	-2.284091e-04	-3.797294e-05	1
1	rs6662635:1220425:A:G	1220425	15	-4.360130e-04	-7.611418e-05	1
1	rs6663586:1766094:A:C	1766094	10	2.401512e-05	2.576578e-06	1
1	rs6664124:1040472:C:T	1040472	3	9.011386e-04	1.318351e-04	1
1	rs6664664:1751264:G:A	1751264	8	6.987470e-04	6.630308e-05	1
1	rs6665287:1770789:T:A	1770789	7	1.896182e-05	2.012167e-06	1
1	rs66653340:1663605:A:G	1663605	3	1.726732e-04	2.208033e-05	1
1	rs6665587:927741:G:A	927741	13	-8.340714e-04	-1.164960e-04	1
1	rs6665791:1213936:G:A	1213936	13	1.054606e-03	1.900577e-04	1
1	rs6666068:1802172:A:G	1802172	1	3.416409e-04	4.950232e-05	1
1	rs6666280:1046164:C:T	1046164	2	8.866697e-04	1.285302e-04	1
1	rs6666293:1509825:A:G	1509825	15	7.909924e-04	8.224979e-05	1
1	rs6667347:1495083:G:C	1495083	16	7.603937e-04	8.024497e-05	1
1	rs6667923:1206343:C:A	1206343	15	6.030110e-04	1.110238e-04	1
1	rs6667998:1159540:G:A	1159540	12	3.015045e-04	4.886355e-05	1
1	rs6668223:1206619:C:A	1206619	11	3.933956e-04	7.490368e-05	1
1	rs6668667	1114668	1	5.258134e-04	8.347164e-05	1
1	rs6670776:1812828:G:A	1812828	2	3.126925e-04	4.519668e-05	1
1	rs6670941:1046162:A:G	1046162	6	2.516724e-05	4.428489e-06	1
1	rs6671356:1040026:T:C	1040026	3	9.011386e-04	1.318350e-04	1
1	rs6671424:1160665:G:A	1160665	9	5.862926e-04	8.923062e-05	1
1	rs6671609	1112982	1	4.648046e-04	5.365660e-05	1
1	rs6673257:1052108:A:G	1052108	8	-5.048739e-05	-8.616212e-06	1
1	rs6675798:1176597:T:C	1176597	14	4.986853e-04	7.297952e-05	1
1	rs6677020:920648:T:C	920648	14	2.233373e-04	3.764401e-05	1
1	rs6677131	920733	0	-2.131164e-04	-3.370173e-05	1
1	rs6678318:1030633:G:A	1030633	6	6.300816e-04	7.799674e-05	1
1	rs6680124:1521097:C:A	1521097	8	8.170362e-04	1.432641e-04	1
1	rs6680268:862383:C:T	862383	9	-4.676767e-04	-7.095011e-05	1
1	rs6682175	1934647	1	-6.182334e-05	-5.483314e-06	1
1	rs6683091:1053871:T:C	1053871	8	-3.518184e-05	-6.032354e-06	1
1	rs6685581	910438	0	-2.939886e-05	-5.043297e-06	1
1	rs66868065:1056348:G:A	1056348	15	7.625943e-04	1.104314e-04	1
1	rs6687065:1778469:A:G	1778469	4	6.948513e-04	6.509364e-05	1
1	rs6687563:1174954:T:C	1174954	11	2.548363e-04	3.611042e-05	1
1	rs6687681:1040794:G:A	1040794	4	7.487344e-04	1.037137e-04	1
1	rs6687776	1030565	1	7.380334e-04	9.421021e-05	1
1	rs6688000:1823922:A:G	1823922	7	2.238089e-04	3.286844e-05	1
1	rs6688470:1818239:G:A	1818239	1	5.909689e-04	5.327374e-05	1
1	rs6689308:1029805:A:G	1029805	11	4.706830e-04	5.598622e-05	1
1	rs6689813:1210963:T:C	1210963	13	1.015362e-03	1.801552e-04	1
1	rs6690067:1086773:A:G	1086773	11	2.617537e-04	4.135770e-05	1
1	rs6690956:1725760:C:T	1725760	13	-5.497921e-05	-5.962907e-06	1
1	rs6691649:1539582:G:A	1539582	13	-1.325159e-04	-1.312708e-05	1
1	rs6692959	1779036	2	3.293366e-04	4.745676e-05	1
1	rs6694487:1124819:C:T	1124819	3	3.680469e-05	5.167995e-06	1
1	rs6696609	903426	2	6.310823e-04	7.056030e-05	1
1	rs6696971	897738	0	-2.631371e-04	-3.778392e-05	1
1	rs6697379:1040985:C:G	1040985	3	9.011386e-04	1.318349e-04	1
1	rs6697886:1173611:G:A	1173611	16	6.854782e-04	9.537491e-05	1
1	rs6698368:1033994:C:T	1033994	9	5.027558e-04	6.020367e-05	1
1	rs6699750:1032954:A:G	1032954	8	6.518168e-04	8.066100e-05	1
1	rs6702072:1040940:A:C	1040940	3	9.011386e-04	1.318349e-04	1
1	rs67274836	884767	1	-3.433433e-04	-6.388829e-05	1
1	rs68142474	1010040	3	3.830979e-04	6.495692e-05	1
1	rs68185203:2009586:C:T	2009586	15	1.933986e-04	2.649406e-05	1
1	rs71509444:859404:C:G	859404	9	-4.191542e-04	-6.433496e-05	1
1	rs71511317:1830151:C:T	1830151	4	-6.771789e-04	-9.676979e-05	1
1	rs715643	1172907	0	4.063856e-04	6.964122e-05	1
1	rs71628924:876200:G:C	876200	6	-2.518028e-04	-4.748605e-05	1
1	rs71628926:900298:C:G	900298	12	-4.000083e-04	-7.736785e-05	1
1	rs71628928:1007222:G:T	1007222	11	-1.174384e-04	-1.543606e-05	1
1	rs71628940:1056269:C:T	1056269	8	7.959440e-04	1.294843e-04	1
1	rs71628941	1069653	0	-4.163078e-04	-4.548838e-05	1
1	rs71628956	1301388	2	1.404015e-04	1.658383e-05	1
1	rs71630945:1830627:T:A	1830627	4	-6.941669e-04	-9.985534e-05	1
1	rs72631889	851390	0	-3.456866e-04	-6.436195e-05	1
1	rs72631898	1116553	0	6.185780e-04	8.584377e-05	1
1	rs72631899	1181372	1	1.661114e-04	2.550324e-05	1
1	rs72631900:1197698:T:C	1197698	7	-2.535582e-04	-4.928186e-05	1
1	rs72634803	1270132	3	-5.106104e-05	-9.460547e-06	1
1	rs72634815	1549720	0	-1.040332e-03	-2.140441e-04	1
1	rs72634819:1596500:C:T	1596500	3	-1.215275e-03	-1.848245e-04	1
1	rs72634820	1597020	2	-1.214641e-03	-1.826157e-04	1
1	rs72634840	1687791	0	1.349783e-04	2.322983e-05	1
1	rs72634843:1694251:C:T	1694251	9	7.022985e-05	1.253235e-05	1
1	rs72634844:1695742:C:T	1695742	10	1.662676e-04	2.723686e-05	1
1	rs72634845:1704899:G:A	1704899	8	5.237534e-04	4.720124e-05	1
1	rs72634846:1704915:C:G	1704915	8	5.237534e-04	4.720123e-05	1
1	rs72634852	1776335	0	2.589075e-04	4.187121e-05	1
1	rs72634855:1792215:C:T	1792215	1	2.763493e-04	4.502620e-05	1
1	rs72634863:1833507:C:T	1833507	6	1.624088e-04	2.658581e-05	1
1	rs72636353	1954179	0	1.660097e-04	3.088078e-05	1
1	rs72890788:836924:G:A	836924	15	-7.578489e-05	-8.799242e-06	1
1	rs72892214:1048724:A:C	1048724	7	-5.055285e-06	-8.604589e-07	1
1	rs72892220:1050701:G:C	1050701	8	-3.972379e-05	-6.962322e-06	1
1	rs72892222:1051684:A:C	1051684	5	8.142834e-06	1.322586e-06	1
1	rs72892233:1056006:G:A	1056006	7	-3.583440e-05	-6.144170e-06	1
1	rs72894004	1109782	0	1.111596e-04	1.248291e-05	1
1	rs72894031:1135651:C:T	1135651	13	1.317558e-04	2.279548e-05	1
1	rs72894077	1196374	2	1.607757e-04	2.845577e-05	1
1	rs72896264:1302973:G:A	1302973	4	-3.621452e-06	-4.355862e-07	1
1	rs72902552:854429:G:A	854429	12	3.288680e-04	6.166822e-05	1
1	rs72909062:1707435:G:A	1707435	6	-5.819053e-04	-7.913740e-05	1
1	rs72910156:1036601:C:T	1036601	7	9.884654e-05	1.826351e-05	1
1	rs7364711:1503099:A:C	1503099	10	4.252385e-04	3.973372e-05	1
1	rs7366635:1490074:A:G	1490074	2	3.465823e-04	3.186847e-05	1
1	rs7367692:1503095:G:A	1503095	10	4.252385e-04	3.973370e-05	1
1	rs74045132:1091313:A:G	1091313	5	3.584477e-04	5.704117e-05	1
1	rs74045135:1091505:C:T	1091505	5	3.584477e-04	5.704117e-05	1
1	rs74045137:1091702:A:G	1091702	5	3.584477e-04	5.704117e-05	1
1	rs74045140:1091827:C:T	1091827	5	3.584477e-04	5.704117e-05	1
1	rs74045142	1092071	0	4.063813e-04	6.388661e-05	1
1	rs74045145:1092287:A:G	1092287	8	3.515996e-04	5.587691e-05	1
1	rs74045146:1092400:G:C	1092400	9	3.536872e-04	5.646975e-05	1
1	rs74045801:1549911:T:C	1549911	10	2.438466e-04	4.134888e-05	1
1	rs74046660:1210435:A:G	1210435	10	6.834622e-04	1.137479e-04	1
1	rs74046664:1215074:A:G	1215074	11	1.439384e-03	3.083538e-04	1
1	rs74046665:1215078:A:G	1215078	11	1.439384e-03	3.083537e-04	1
1	rs74047407	866938	0	-1.664060e-04	-1.811733e-05	1
1	rs74048009:1034721:T:C	1034721	11	3.606562e-04	4.278289e-05	1
1	rs74048016:1068280:C:G	1068280	12	-2.964103e-04	-5.643200e-05	1
1	rs7415847:1122319:C:T	1122319	0	2.011721e-04	2.522297e-05	1
1	rs7418389	1551927	1	-3.069196e-04	-3.118190e-05	1
1	rs742359:1715011:C:A	1715011	11	-3.126898e-05	-3.380852e-06	1
1	rs74350546:1157960:T:C	1157960	5	5.074558e-04	7.516499e-05	1
1	rs74355107:1152601:A:G	1152601	10	4.285543e-04	7.723161e-05	1
1	rs74372554	1969752	0	-1.340602e-05	-2.398337e-06	1
1	rs74374908:1157625:C:T	1157625	10	5.657740e-04	8.657484e-05	1
1	rs74460547	836684	0	1.819994e-04	3.392696e-05	1
1	rs74535970:1057524:C:T	1057524	9	5.136195e-04	7.520068e-05	1
1	rs745630:1854717:C:T	1854717	2	-4.289654e-04	-6.733346e-05	1
1	rs74564044	1239797	0	-3.586357e-06	-6.452681e-07	1
1	rs745910	1829482	0	-5.064532e-04	-6.752618e-05	1
1	rs74595907:1861441:T:C	1861441	1	-3.498056e-04	-5.401669e-05	1
1	rs74663170:1687284:G:A	1687284	13	-2.769889e-04	-5.312772e-05	1
1	rs74735770:1549750:C:A	1549750	7	6.316002e-04	1.312018e-04	1
1	rs74758268:1120621:T:C	1120621	12	-3.263821e-04	-6.295174e-05	1
1	rs74802917:1960388:C:T	1960388	12	1.953367e-04	3.713466e-05	1
1	rs74808088:1158975:A:C	1158975	2	5.706830e-04	8.572090e-05	1
1	rs74865318:1055901:C:A	1055901	9	5.540122e-04	8.217330e-05	1
1	rs74930764:1157991:G:A	1157991	6	5.634977e-04	8.528121e-05	1
1	rs74950664	1215260	4	1.027114e-04	1.846024e-05	1
1	rs74977732:1057422:G:C	1057422	8	7.959440e-04	1.294842e-04	1
1	rs74989427:1119796:C:T	1119796	2	-1.373337e-04	-2.606418e-05	1
1	rs75047691:1718435:C:G	1718435	11	-1.697578e-05	-3.218138e-06	1
1	rs75111672:1520752:T:A	1520752	14	8.343205e-04	1.477981e-04	1
1	rs7511905:1793786:A:C	1793786	2	4.269523e-04	6.334118e-05	1
1	rs75124586:1157564:G:A	1157564	10	5.657740e-04	8.657482e-05	1
1	rs75135491:1057508:C:G	1057508	9	5.540122e-04	8.217328e-05	1
1	rs7515814:1484970:C:G	1484970	6	3.874115e-04	3.622452e-05	1
1	rs7515915:764191:T:G	764191	14	5.000986e-04	6.805588e-05	1
1	rs75165450:1160226:A:G	1160226	4	6.235542e-04	9.580667e-05	1
1	rs7518083	1509156	0	-7.573229e-05	-7.869539e-06	1
1	rs7518545:769963:G:A	769963	11	8.541341e-04	1.431481e-04	1
1	rs7518814:1048501:G:A	1048501	7	5.524242e-04	7.312480e-05	1
1	rs75188282:1164687:G:C	1164687	8	5.990665e-04	9.243333e-05	1
1	rs75189781:1206861:T:C	1206861	9	3.350069e-04	6.427009e-05	1
1	rs7519613:1218852:G:T	1218852	9	5.574255e-04	1.019502e-04	1
1	rs7519699:1218890:G:C	1218890	9	5.682126e-04	1.048901e-04	1
1	rs7520996:1509034:T:C	1509034	13	7.129317e-04	7.224784e-05	1
1	rs75219155:1111870:G:A	1111870	2	-9.027751e-05	-1.686139e-05	1
1	rs75228711:1970129:T:G	1970129	5	1.589596e-04	2.954774e-05	1
1	rs7523549:879317:C:T	879317	11	-2.826236e-05	-4.559301e-06	1
1	rs7523728:1895177:C:T	1895177	5	2.841624e-04	3.229695e-05	1
1	rs7525092:1810090:C:T	1810090	8	-9.642433e-05	-1.042043e-05	1
1	rs7526236:1783584:G:A	1783584	10	4.877512e-05	5.233325e-06	1
1	rs7528416:1171249:T:C	1171249	7	4.852780e-04	7.455620e-05	1
1	rs752966:1856227:C:T	1856227	3	7.604412e-04	7.234352e-05	1
1	rs752967:1856370:G:A	1856370	1	-3.498056e-04	-5.401670e-05	1
1	rs7529918:1703303:G:A	1703303	12	5.145163e-04	4.657337e-05	1
1	rs75315239:1513693:G:T	1513693	9	4.658756e-04	8.725389e-05	1
1	rs7531583:1706160:A:G	1706160	7	6.280128e-04	7.213448e-05	1
1	rs7531938:1585597:A:G	1585597	0	1.316059e-03	1.926398e-04	1
1	rs7532034	1603163	1	5.887540e-04	6.251805e-05	1
1	rs7534617:1713869:T:G	1713869	11	-3.126898e-05	-3.380844e-06	1
1	rs7534657:1048571:A:G	1048571	7	5.524242e-04	7.312480e-05	1
1	rs7536568	1171683	2	7.123279e-04	1.118740e-04	1
1	rs7538773	1094979	0	-3.102566e-04	-2.823562e-05	1
1	rs7538862:1056715:C:T	1056715	12	8.412348e-04	1.230884e-04	1
1	rs7540009:1060235:G:A	1060235	7	-6.200027e-05	-1.123016e-05	1
1	rs7543799:1501466:G:A	1501466	9	4.140785e-04	3.834154e-05	1
1	rs7545694:1122468:T:C	1122468	7	3.787176e-04	4.060818e-05	1
1	rs75469826:1190206:G:A	1190206	11	-1.124969e-04	-2.055843e-05	1
1	rs7547316:1215796:A:G	1215796	10	-1.782647e-04	-3.209152e-05	1
1	rs7547329:1215849:A:T	1215849	11	-1.761228e-04	-3.169747e-05	1
1	rs7547403:1064670:C:G	1064670	13	2.326375e-04	4.318309e-05	1
1	rs7547516:1590327:A:G	1590327	9	1.497278e-03	2.501817e-04	1
1	rs7547878:917315:G:A	917315	15	-2.013077e-04	-2.394789e-05	1
1	rs75511034:1010259:G:A	1010259	2	-4.174660e-05	-7.175588e-06	1
1	rs7552460:1213930:T:C	1213930	8	-1.801729e-04	-3.244227e-05	1
1	rs7552586:1504560:T:A	1504560	10	3.971786e-04	3.685536e-05	1
1	rs7553429:1090557:A:C	1090557	5	3.584477e-04	5.704113e-05	1
1	rs7553640:1762014:T:C	1762014	7	5.114394e-04	8.267963e-05	1
1	rs7554569	1537437	1	5.116718e-04	6.237075e-05	1
1	rs75551395:865219:G:A	865219	13	-4.304937e-04	-5.124617e-05	1
1	rs75661872:1097724:A:G	1097724	3	-1.464100e-04	-2.523013e-05	1
1	rs75668831	1182905	2	-6.533182e-04	-1.250431e-04	1
1	rs75680022:1081953:A:G	1081953	4	-1.003557e-04	-1.714084e-05	1
1	rs75790500:874034:G:A	874034	7	1.883587e-04	3.436561e-05	1
1	rs75816936	1686081	1	1.199789e-04	2.082514e-05	1
1	rs75855294:1210300:C:G	1210300	9	3.121173e-04	5.750303e-05	1
1	rs75873837:1093855:T:C	1093855	2	-1.434856e-04	-2.471774e-05	1
1	rs75967767:1158948:A:G	1158948	3	5.628316e-04	8.433400e-05	1
1	rs75998592:1156655:G:A	1156655	10	3.146481e-04	4.616680e-05	1
1	rs76024681:1165361:A:G	1165361	8	5.990665e-04	9.243329e-05	1
1	rs76053780:1152731:G:A	1152731	6	3.928228e-04	7.040280e-05	1
1	rs76056412:1157974:A:G	1157974	5	5.074558e-04	7.516491e-05	1
1	rs760926:1646657:T:C	1646657	12	-1.880664e-04	-2.628670e-05	1
1	rs760927:1646789:T:C	1646789	9	-2.119805e-04	-2.870679e-05	1
1	rs760928:1647299:C:T	1647299	6	-4.046712e-04	-5.624844e-05	1
1	rs760929:1647301:G:A	1647301	6	-4.046712e-04	-5.624844e-05	1
1	rs76123672:1649094:T:C	1649094	7	-1.932784e-04	-2.596092e-05	1
1	rs76133100	1878764	2	-4.990877e-05	-7.811872e-06	1
1	rs76134022:1083047:C:T	1083047	4	-1.003557e-04	-1.714084e-05	1
1	rs76233940	942636	0	1.309290e-04	2.453978e-05	1
1	rs76294260:870651:C:T	870651	10	7.556156e-05	1.352966e-05	1
1	rs76342560:1179983:G:A	1179983	6	5.043212e-04	7.262941e-05	1
1	rs76385183	1886370	0	-2.211494e-04	-4.005712e-05	1
1	rs76413434:1111962:G:A	1111962	3	-1.561406e-04	-2.900988e-05	1
1	rs76456117:887059:G:A	887059	12	-3.080589e-05	-4.925768e-06	1
1	rs76467416	967000	0	1.277587e-04	2.366383e-05	1
1	rs76502131:1157959:C:T	1157959	6	5.634977e-04	8.528113e-05	1
1	rs76537763:1092589:G:A	1092589	9	3.536872e-04	5.646971e-05	1
1	rs76601697	1691840	3	-1.869324e-04	-2.722065e-05	1
1	rs76631953:797281:G:C	797281	9	5.519001e-04	9.512898e-05	1
1	rs76662808:1301442:T:C	1301442	8	-7.302007e-06	-8.762782e-07	1
1	rs76723341:872952:C:T	872952	5	6.863171e-05	1.295381e-05	1
1	rs76744376:1055797:A:G	1055797	8	7.959440e-04	1.294842e-04	1
1	rs76798288:1152080:G:C	1152080	7	7.393899e-05	1.404326e-05	1
1	rs76888271:1158357:A:G	1158357	5	5.569004e-04	8.381805e-05	1
1	rs76964081:867635:C:T	867635	14	-5.004546e-04	-6.127494e-05	1
1	rs77051049	1119546	0	4.827619e-05	8.845976e-06	1
1	rs77063733:1111987:C:T	1111987	2	-1.684923e-04	-3.153361e-05	1
1	rs77098784:907998:A:T	907998	12	1.174404e-04	2.237945e-05	1
1	rs77277598	1105721	1	-3.392373e-04	-5.188446e-05	1
1	rs77293210:1241746:T:C	1241746	12	2.043632e-04	3.647965e-05	1
1	rs77307711:1870761:T:G	1870761	12	-6.924615e-04	-1.253781e-04	1
1	rs77334480	1027888	1	-5.304346e-04	-1.061611e-04	1
1	rs77354509:1737895:G:A	1737895	7	-2.362867e-04	-3.549776e-05	1
1	rs77359280:902288:G:A	902288	15	-6.008977e-04	-1.150606e-04	1
1	rs77446382:1083827:T:C	1083827	4	-1.517943e-04	-2.617401e-05	1
1	rs77472198	1159024	1	5.008711e-04	7.332101e-05	1
1	rs77550145:1177019:T:C	1177019	12	3.348648e-04	4.773936e-05	1
1	rs77579483	870766	1	1.656288e-04	3.135245e-05	1
1	rs77641120	1239847	0	2.363995e-04	4.269545e-05	1
1	rs77658544:1484462:C:G	1484462	2	1.959940e-04	3.403044e-05	1
1	rs77661767	1510724	0	3.523396e-04	6.091453e-05	1
1	rs77668548	1164538	4	1.648420e-04	2.606831e-05	1
1	rs77696650:1165725:A:G	1165725	8	5.990665e-04	9.243325e-05	1
1	rs77787690	1712428	0	-1.162497e-04	-1.686325e-05	1
1	rs77791262	1092205	1	-8.534322e-05	-1.449095e-05	1
1	rs77812103:1543593:G:C	1543593	7	5.660114e-04	1.141485e-04	1
1	rs77819818:1165471:T:C	1165471	8	5.990665e-04	9.243324e-05	1
1	rs77942583	1912181	0	6.457446e-04	1.171231e-04	1
1	rs77950429	1120536	0	4.717186e-04	8.927293e-05	1
1	rs7796	1684169	1	4.473909e-04	3.958235e-05	1
1	rs77977351:1034200:T:C	1034200	9	5.027558e-04	6.020352e-05	1
1	rs77980035:1018598:A:G	1018598	3	-1.042310e-04	-1.797885e-05	1
1	rs77994686:1170982:C:A	1170982	14	5.767816e-04	9.088528e-05	1
1	rs78035253:1193852:T:C	1193852	10	3.101480e-04	6.103928e-05	1
1	rs78041054:1970602:C:T	1970602	7	-3.025594e-05	-5.633683e-06	1
1	rs78107697:1161866:C:T	1161866	13	8.203506e-04	1.411987e-04	1
1	rs78164078	921071	1	3.590771e-04	5.840689e-05	1
1	rs78275249:1302842:T:C	1302842	3	1.051359e-05	1.233877e-06	1
1	rs78339347:1697185:G:T	1697185	5	-2.115199e-04	-3.143370e-05	1
1	rs78344829:1084982:C:T	1084982	3	-1.430414e-04	-2.464102e-05	1
1	rs78368772	1667323	0	4.444934e-04	3.918446e-05	1
1	rs78446752:1183397:C:T	1183397	8	3.603864e-04	6.115102e-05	1
1	rs78479912	1151917	3	5.282814e-05	9.085043e-06	1
1	rs78548753:1163964:G:A	1163964	12	2.526532e-04	4.572016e-05	1
1	rs78555129	1178482	0	4.325996e-04	6.016321e-05	1
1	rs78596995:1157862:C:T	1157862	6	5.634977e-04	8.528107e-05	1
1	rs78656035	1555718	1	4.296947e-04	7.825372e-05	1
1	rs78717314:1124974:C:T	1124974	3	6.085348e-05	1.154914e-05	1
1	rs78734062:1085785:C:T	1085785	3	-1.430414e-04	-2.464102e-05	1
1	rs78807865:1858161:C:T	1858161	1	-4.295218e-04	-6.717681e-05	1
1	rs78814286:1882480:C:T	1882480	4	4.293583e-05	7.160252e-06	1
1	rs78913203:1161641:G:A	1161641	8	5.881091e-04	9.009753e-05	1
1	rs78919759:1446736:T:C	1446736	9	2.896961e-04	5.352812e-05	1
1	rs78975118:1092424:A:G	1092424	9	3.536872e-04	5.646970e-05	1
1	rs79028173:1159062:T:C	1159062	2	5.706830e-04	8.572074e-05	1
1	rs79051250:1882745:C:T	1882745	3	-1.524540e-05	-2.552286e-06	1
1	rs79079518:1534710:G:C	1534710	13	4.051189e-04	7.982484e-05	1
1	rs79118541:1157547:T:C	1157547	10	5.657740e-04	8.657467e-05	1
1	rs79211741:1034243:C:T	1034243	15	1.257995e-05	1.637095e-06	1
1	rs79225965:1501182:T:C	1501182	3	1.953141e-04	3.390993e-05	1
1	rs79242155:1160224:C:T	1160224	4	6.235542e-04	9.580651e-05	1
1	rs79251457:1094185:C:T	1094185	3	-1.464100e-04	-2.523014e-05	1
1	rs79281810:1157684:C:T	1157684	7	5.693791e-04	8.663306e-05	1
1	rs79295821	1110557	0	-3.581389e-04	-6.257550e-05	1
1	rs79297580:1880744:C:T	1880744	4	-9.860253e-06	-1.658755e-06	1
1	rs79339398:1157705:C:G	1157705	6	5.634977e-04	8.528103e-05	1
1	rs79361728:1156735:T:C	1156735	8	3.344800e-04	4.878718e-05	1
1	rs79361800:1177211:G:C	1177211	10	5.395625e-04	8.269799e-05	1
1	rs79366324:1557644:C:T	1557644	2	5.250183e-04	9.989753e-05	1
1	rs79367599:1158973:A:T	1158973	2	5.706830e-04	8.572070e-05	1
1	rs79370402:1718642:C:A	1718642	4	2.526533e-04	4.152804e-05	1
1	rs79391687:1875432:C:A	1875432	14	-3.760678e-04	-6.158031e-05	1
1	rs79429982:1513752:A:G	1513752	8	5.498003e-04	1.056447e-04	1
1	rs79471774:1303557:G:C	1303557	2	1.012956e-04	1.196207e-05	1
1	rs79493008:1165821:T:C	1165821	8	5.990665e-04	9.243315e-05	1
1	rs79543316:1084803:T:C	1084803	3	-1.430414e-04	-2.464103e-05	1
1	rs79561057:1157834:C:T	1157834	6	5.634977e-04	8.528100e-05	1
1	rs79585663:863138:A:C	863138	5	1.211414e-04	2.268412e-05	1
1	rs79596825:1216258:G:A	1216258	3	3.575907e-04	6.516766e-05	1
1	rs79648303:1112260:T:C	1112260	1	-6.741460e-05	-1.242904e-05	1
1	rs79727450:1979412:C:G	1979412	12	5.673085e-04	9.289691e-05	1
1	rs79774771:1170729:G:A	1170729	7	1.233426e-05	2.254527e-06	1
1	rs79797881:1199573:C:G	1199573	10	3.234112e-04	6.008262e-05	1
1	rs79875872:1157631:G:A	1157631	10	5.657740e-04	8.657462e-05	1
1	rs79890672:907609:T:C	907609	12	1.174404e-04	2.237946e-05	1
1	rs79893391:1164628:C:T	1164628	11	3.213711e-04	5.069247e-05	1
1	rs80025552:1214542:G:A	1214542	4	4.363573e-04	8.182118e-05	1
1	rs80042932:1144616:T:C	1144616	5	2.139329e-04	3.591911e-05	1
1	rs80057011:1121358:A:C	1121358	14	3.137587e-04	4.624128e-05	1
1	rs8014:990984:G:A	990984	10	7.035735e-04	1.191226e-04	1
1	rs80164470:1083056:G:A	1083056	3	-1.019929e-04	-1.742181e-05	1
1	rs80216842:1504671:G:C	1504671	5	2.793035e-04	4.845569e-05	1
1	rs80229541:1164540:G:T	1164540	8	5.990665e-04	9.243313e-05	1
1	rs80242057:1174263:G:A	1174263	3	4.496208e-04	6.853692e-05	1
1	rs80254000:1010118:C:A	1010118	2	-4.174660e-05	-7.175578e-06	1
1	rs8241:1431502:G:A	1431502	9	9.095442e-04	2.041803e-04	1
1	rs876029:1695574:G:T	1695574	7	1.884060e-04	2.699373e-05	1
1	rs915292:1792157:A:C	1792157	1	5.909689e-04	5.327371e-05	1
1	rs9329410:1039268:T:C	1039268	3	9.011386e-04	1.318347e-04	1
1	rs9331224:975702:A:G	975702	3	6.001817e-04	1.004873e-04	1
1	rs941529:1840606:G:A	1840606	16	-3.948512e-04	-5.292991e-05	1
1	rs941531:1832357:G:A	1832357	16	1.792423e-04	1.903142e-05	1
1	rs941532	1848734	0	2.319887e-04	4.071635e-05	1
1	rs941533:1889075:C:T	1889075	4	-1.772122e-04	-1.836586e-05	1
1	rs9439458	1451380	0	1.693971e-03	3.672981e-04	1
1	rs9439459:1451489:T:C	1451489	16	4.099342e-04	6.861819e-05	1
1	rs9439462	1462766	0	6.489207e-04	9.520101e-05	1
1	rs9439468:1499298:A:G	1499298	8	4.159311e-04	3.870893e-05	1
1	rs9439491:1638337:T:C	1638337	4	6.376344e-05	8.820649e-06	1
1	rs9442364:970215:G:C	970215	15	1.095661e-03	1.231755e-04	1
1	rs9442367:1009478:G:C	1009478	13	4.494425e-04	4.768810e-05	1
1	rs9442368:1010717:C:T	1010717	15	2.586348e-04	2.402486e-05	1
1	rs9442371:1018562:C:T	1018562	12	2.479102e-04	2.216836e-05	1
1	rs9442372	1018704	6	2.850729e-04	2.609356e-05	1
1	rs9442373	1062638	0	-1.670992e-04	-1.508352e-05	1
1	rs9442394	1006223	0	2.484370e-04	2.233447e-05	1
1	rs9442395:1018144:T:C	1018144	8	4.214273e-04	3.892075e-05	1
1	rs9442410:1553670:G:C	1553670	6	-1.999059e-04	-1.999761e-05	1
1	rs9442411	1619767	0	-2.862605e-04	-3.275486e-05	1
1	rs9442420:1543010:T:C	1543010	15	6.650497e-04	1.200175e-04	1
1	rs9442425:1554362:G:A	1554362	10	3.428757e-04	3.686073e-05	1
1	rs9442430:1548801:T:C	1548801	9	7.425252e-05	7.480736e-06	1
1	rs9442431:1548702:T:C	1548702	15	2.386392e-04	2.470203e-05	1
1	rs950122	846864	0	1.905894e-05	2.078447e-06	1
1	rs9651270:1031973:C:T	1031973	8	5.581065e-04	6.773966e-05	1
1	rs9651272:1032184:A:G	1032184	4	2.604879e-04	2.778647e-05	1
1	rs9651273	1031540	0	3.715533e-04	4.047498e-05	1
1	rs9659213:1129122:G:C	1129122	2	5.053506e-05	7.078203e-06	1
1	rs9659458:1127101:C:A	1127101	2	5.053506e-05	7.078201e-06	1
1	rs9659553:1154539:G:A	1154539	11	4.125837e-04	6.386458e-05	1
1	rs9659772:1130480:G:A	1130480	5	3.140547e-04	3.996082e-05	1
1	rs9659914:1062015:C:T	1062015	7	1.191220e-04	2.139405e-05	1
1	rs9660106:1797947:A:G	1797947	1	5.909689e-04	5.327371e-05	1
1	rs9660180:1723031:G:A	1723031	13	5.768091e-04	5.315824e-05	1
1	rs9660873:1131419:C:G	1131419	13	2.258041e-04	2.381444e-05	1
1	rs9661500:1590681:G:A	1590681	9	1.497278e-03	2.501815e-04	1
1	rs9697362:951322:C:T	951322	9	3.613483e-04	5.796935e-05	1
1	rs9697615:1894845:G:A	1894845	8	2.785147e-04	3.202875e-05	1
1	rs9697711:900972:T:G	900972	14	5.421739e-04	9.294168e-05	1
1	rs9697717:951330:G:A	951330	9	3.613483e-04	5.796935e-05	1
1	rs9726211:1551249:C:T	1551249	1	-2.846754e-04	-2.879981e-05	1
1	rs9727211:1130660:C:T	1130660	13	3.473084e-04	5.095497e-05	1
1	rs9727747:1134707:G:A	1134707	7	5.706936e-06	7.300486e-07	1
1	rs9777939:929190:A:G	929190	14	1.539437e-04	2.664466e-05	1
1	rs9786942:1759213:A:G	1759213	7	6.991205e-04	6.634504e-05	1
1	rs9786963:1759026:T:C	1759026	3	3.985324e-04	6.054291e-05	1
1	rs9803031	987200	0	2.015306e-04	2.452478e-05	1
1	rs9970652:1725626:C:T	1725626	7	-5.849909e-04	-7.967863e-05	1
