chr	rs	ps	n_miss	b	beta	gamma
19	rs1004526	58588849	0	1.702890e-04	3.503162e-06	1
19	rs1005050	58949579	0	-1.895950e-03	-4.070174e-05	1
19	rs101447	58720717	0	3.899915e-04	7.945332e-06	1
19	rs1014767	58528303	0	-7.401989e-05	-1.493235e-06	1
19	rs1015224	58724380	0	5.873899e-04	1.261935e-05	1
19	rs1019490	58610559	0	-2.473752e-04	-5.016895e-06	1
19	rs1020054	58987301	0	-2.385179e-04	-5.072928e-06	1
19	rs10401711	58624499	0	-2.508927e-04	-5.220256e-06	1
19	rs10402098	58624615	0	-2.508927e-04	-5.220255e-06	1
19	rs10402211	58652341	0	1.891932e-04	3.887006e-06	1
19	rs10402307	58624732	0	-3.032319e-04	-6.254592e-06	1
19	rs10402325	58913507	0	9.403550e-05	1.940802e-06	1
19	rs10403117	58744033	0	-8.226603e-04	-1.747378e-05	1
19	rs10404798	58628509	0	-2.508927e-04	-5.220254e-06	1
19	rs10405350	58628515	0	-4.841904e-04	-1.008522e-05	1
19	rs10405769	58917418	0	-7.643999e-04	-1.553661e-05	1
19	rs10406593	58917575	0	-4.134443e-04	-8.493636e-06	1
19	rs10407096	58887170	0	-1.036537e-03	-2.129289e-05	1
19	rs10407616	58896384	0	-8.594418e-04	-1.820220e-05	1
19	rs10407894	58625081	0	-2.508927e-04	-5.220252e-06	1
19	rs10409388	58604114	0	5.874590e-04	1.201984e-05	1
19	rs10411535	58708526	0	-1.245060e-03	-2.565488e-05	1
19	rs10411892	58923725	0	-4.134443e-04	-8.493636e-06	1
19	rs10412181	58814507	0	5.593003e-04	1.142009e-05	1
19	rs10412209	58629463	0	-1.562756e-04	-3.241596e-06	1
19	rs10412612	58632446	0	-2.508927e-04	-5.220250e-06	1
19	rs10415286	58720992	0	-5.737922e-04	-1.165562e-05	1
19	rs10415313	58675417	0	4.761230e-04	9.811455e-06	1
19	rs10416149	58964306	0	2.313835e-04	4.714026e-06	1
19	rs10417092	58915193	0	-2.153519e-04	-4.412987e-06	1
19	rs10417104	58923866	0	-7.196864e-04	-1.463752e-05	1
19	rs10419091	58723359	0	-1.604236e-03	-3.406955e-05	1
19	rs10419259	58630192	0	-2.719481e-04	-5.608919e-06	1
19	rs10420221	58794026	0	5.890325e-04	1.214139e-05	1
19	rs10420540	58521290	0	-1.586210e-04	-3.298662e-06	1
19	rs10420801	58609457	0	-4.907550e-05	-1.008478e-06	1
19	rs10421140	58609376	0	-3.902287e-04	-8.090421e-06	1
19	rs10421350	58609443	0	-4.907550e-05	-1.008477e-06	1
19	rs10422127	58609220	0	-2.028414e-04	-4.239180e-06	1
19	rs10422438	58523444	0	5.144478e-04	1.064726e-05	1
19	rs10422730	58618747	0	-2.363356e-04	-4.906498e-06	1
19	rs10423138	58928302	0	-7.643999e-04	-1.553660e-05	1
19	rs10423778	58627574	0	-2.889221e-04	-5.958326e-06	1
19	rs10424179	58627725	0	-2.889221e-04	-5.958326e-06	1
19	rs10425266	58694416	0	-9.086332e-04	-1.894865e-05	1
19	rs10425685	58703085	0	-9.086332e-04	-1.894865e-05	1
19	rs10469313	58892510	0	-7.878278e-04	-1.609585e-05	1
19	rs1051500	58944402	0	-7.643999e-04	-1.553660e-05	1
19	rs1057402	58580277	0	4.174277e-05	8.593728e-07	1
19	rs1064267	58597405	0	-2.326850e-03	-5.101216e-05	1
19	rs1077420	58968875	0	-1.982945e-04	-4.001418e-06	1
19	rs10775573	58614974	0	-2.473752e-04	-5.016889e-06	1
19	rs10775574	58615053	0	-2.473752e-04	-5.016889e-06	1
19	rs1080416	58559785	0	1.772909e-04	3.668862e-06	1
19	rs10853902	58614749	0	-2.473752e-04	-5.016888e-06	1
19	rs10853903	58714926	0	-7.548373e-04	-1.569772e-05	1
19	rs10853904	58885260	0	3.203775e-04	6.761761e-06	1
19	rs10878	58595676	0	-1.484687e-03	-3.138526e-05	1
19	rs1107399	58955556	0	-1.448011e-03	-3.053451e-05	1
19	rs11084528	58527472	0	1.459783e-05	2.951722e-07	1
19	rs11084531	58582586	0	-1.164691e-03	-2.403086e-05	1
19	rs11084532	58583939	0	-1.164691e-03	-2.403085e-05	1
19	rs11084534	58613950	0	-2.473752e-04	-5.016888e-06	1
19	rs11084535	58614035	0	-2.473752e-04	-5.016887e-06	1
19	rs11084537	58629227	0	-2.675878e-04	-5.589921e-06	1
19	rs11084538	58629238	0	-4.841904e-04	-1.008521e-05	1
19	rs11084542	58932099	0	-3.062421e-04	-6.336676e-06	1
19	rs11084543	58932701	0	-3.062421e-04	-6.336676e-06	1
19	rs11084544	58940127	0	-3.062421e-04	-6.336675e-06	1
19	rs11084545	58951693	0	-3.020179e-04	-6.103119e-06	1
19	rs111426967	58526736	0	7.776512e-04	1.651845e-05	1
19	rs111476488	58632584	0	-8.538682e-04	-1.784978e-05	1
19	rs111497992	58952247	0	4.169006e-04	8.916673e-06	1
19	rs111728832	58712814	0	7.780774e-05	1.666455e-06	1
19	rs111938040	58682195	0	2.995682e-04	6.405016e-06	1
19	rs111961880	58521852	0	1.399053e-04	2.976239e-06	1
19	rs112072625	58851928	0	3.082204e-04	6.505873e-06	1
19	rs112121304	58747493	0	-1.451305e-05	-3.067747e-07	1
19	rs1122955	58946203	0	-3.062421e-04	-6.336674e-06	1
19	rs112380274	58538047	0	8.916787e-04	1.912796e-05	1
19	rs112630877	58713159	0	-6.339612e-04	-1.350050e-05	1
19	rs112710702	58907700	0	1.799709e-04	3.846808e-06	1
19	rs112807223	58957572	0	1.629599e-04	3.488049e-06	1
19	rs112809147	58521822	0	6.722509e-04	1.426901e-05	1
19	rs112884174	58795474	0	6.875940e-04	1.417306e-05	1
19	rs112905868	58696543	0	-9.516721e-04	-1.988644e-05	1
19	rs112923015	58843344	0	3.082204e-04	6.505872e-06	1
19	rs113038922	58848825	4	2.686909e-04	5.715438e-06	1
19	rs113129007	58572389	0	1.342879e-04	2.874906e-06	1
19	rs113702420	58728671	0	5.873899e-04	1.261935e-05	1
19	rs113744797	58793000	0	7.759929e-04	1.667992e-05	1
19	rs113747485	58702661	0	-2.922578e-04	-6.189235e-06	1
19	rs113782954	58521588	0	4.360562e-04	9.017351e-06	1
19	rs113896797	58522122	0	5.136299e-04	1.061715e-05	1
19	rs113897676	58526091	1	7.025598e-04	1.488248e-05	1
19	rs113909979	58843146	0	3.082204e-04	6.505871e-06	1
19	rs113992190	58531244	0	6.722509e-04	1.426901e-05	1
19	rs114393548	58963349	0	-1.531553e-03	-3.234165e-05	1
19	rs115134660	58671275	0	-1.463551e-04	-3.110838e-06	1
19	rs11665688	58953762	0	-1.981383e-04	-4.101357e-06	1
19	rs11666156	58790359	0	-1.635997e-03	-3.409878e-05	1
19	rs11666227	58573559	0	-1.395324e-03	-2.896261e-05	1
19	rs11666303	58922502	0	-3.062421e-04	-6.336673e-06	1
19	rs11666477	58777937	0	-8.901976e-04	-1.823960e-05	1
19	rs11666502	58953826	0	-1.981383e-04	-4.101355e-06	1
19	rs11666610	58527828	0	9.945635e-05	2.009775e-06	1
19	rs11666716	58920952	0	-3.062421e-04	-6.336672e-06	1
19	rs11666928	58914231	0	-1.722011e-04	-3.556320e-06	1
19	rs11667482	58568958	0	-2.476296e-03	-5.297610e-05	1
19	rs11667581	58622193	0	-2.185123e-04	-4.431659e-06	1
19	rs11667723	58927489	0	-3.062421e-04	-6.336671e-06	1
19	rs11668071	58973141	0	-5.503352e-04	-1.182558e-05	1
19	rs11668350	58775813	0	-1.169936e-03	-2.424170e-05	1
19	rs11668420	58937836	0	-3.062421e-04	-6.336670e-06	1
19	rs11668757	58928299	0	-6.495202e-04	-1.349387e-05	1
19	rs11668785	58780089	0	-1.591036e-03	-3.319185e-05	1
19	rs11668789	58928309	0	-3.062421e-04	-6.336669e-06	1
19	rs11668814	58946833	0	-3.062421e-04	-6.336668e-06	1
19	rs11668821	58955813	0	-1.145960e-04	-2.370193e-06	1
19	rs11669093	58912795	0	-5.329103e-05	-1.121105e-06	1
19	rs11669305	58886431	0	-9.468859e-04	-1.993284e-05	1
19	rs11669347	58951632	0	-1.433568e-03	-3.025254e-05	1
19	rs11669373	58798685	0	-1.911236e-03	-4.026267e-05	1
19	rs11669378	58951686	0	-1.640554e-03	-3.484931e-05	1
19	rs11669665	58931885	2	-3.027052e-04	-6.264407e-06	1
19	rs11669741	58960481	0	-2.000749e-04	-4.036507e-06	1
19	rs11669829	58624120	0	-2.508927e-04	-5.220242e-06	1
19	rs11669919	58580394	0	-1.164691e-03	-2.403085e-05	1
19	rs11670035	58573649	0	-1.714259e-03	-3.601878e-05	1
19	rs11670075	58751393	0	-9.850327e-04	-2.030181e-05	1
19	rs11670322	58917125	0	-1.895950e-03	-4.070172e-05	1
19	rs11670347	58917040	0	-1.655569e-03	-3.527124e-05	1
19	rs11670764	58992896	0	-1.144729e-03	-2.357428e-05	1
19	rs11670848	58580962	0	-1.164691e-03	-2.403084e-05	1
19	rs11670871	58940514	0	-3.062421e-04	-6.336669e-06	1
19	rs11671033	58963669	0	3.422068e-04	7.122222e-06	1
19	rs11671113	58958087	0	-2.000749e-04	-4.036504e-06	1
19	rs11671199	58722673	0	-9.031665e-04	-1.883173e-05	1
19	rs11671477	58800346	0	-1.911236e-03	-4.026267e-05	1
19	rs11671486	58793064	0	-1.989448e-03	-4.207832e-05	1
19	rs11671591	58918337	0	-3.062421e-04	-6.336666e-06	1
19	rs11671725	58587046	0	-1.164691e-03	-2.403084e-05	1
19	rs11672258	58934685	0	-3.062421e-04	-6.336666e-06	1
19	rs11672379	58575800	0	1.206434e-03	2.494291e-05	1
19	rs11672645	58718698	0	-3.076485e-04	-6.314350e-06	1
19	rs11672765	58801758	0	-9.205345e-04	-1.877583e-05	1
19	rs11672773	58801784	0	-1.163620e-03	-2.386946e-05	1
19	rs11673069	58934918	0	-6.495202e-04	-1.349386e-05	1
19	rs11673436	58576358	0	-1.164691e-03	-2.403084e-05	1
19	rs11673550	58777337	0	-3.163717e-04	-6.400493e-06	1
19	rs11673557	58777390	0	-3.198556e-04	-6.475850e-06	1
19	rs11673703	58983549	0	-2.531283e-04	-5.342131e-06	1
19	rs116922203	58537659	0	5.475640e-04	1.174848e-05	1
19	rs116938565	58752980	0	1.953641e-04	4.149344e-06	1
19	rs117121674	58619217	0	2.562848e-05	5.487538e-07	1
19	rs117207849	58645844	0	2.215190e-04	4.748383e-06	1
19	rs117233340	58531540	0	2.901649e-04	6.212450e-06	1
19	rs117415600	58985438	0	1.266230e-04	2.709385e-06	1
19	rs117465682	58954770	0	1.266230e-04	2.709385e-06	1
19	rs117482759	58808414	0	1.255150e-04	2.689171e-06	1
19	rs117509647	58580355	0	-2.744017e-04	-5.857932e-06	1
19	rs117591817	58875573	0	-3.249968e-04	-6.982095e-06	1
19	rs117667229	58690935	0	-8.634643e-04	-1.855864e-05	1
19	rs117761389	58665641	0	-2.356006e-04	-5.047272e-06	1
19	rs117800501	58649809	0	-3.373766e-04	-7.217751e-06	1
19	rs117831716	58571600	0	5.451033e-05	1.164528e-06	1
19	rs117962485	58794158	0	2.659366e-04	5.711243e-06	1
19	rs118058287	58726678	0	1.528978e-04	3.256735e-06	1
19	rs118122480	58697975	0	4.106086e-04	8.823933e-06	1
19	rs118165397	58873238	0	-7.223736e-04	-1.541997e-05	1
19	rs11878198	58920302	0	-3.062421e-04	-6.336663e-06	1
19	rs11878203	58920050	0	-3.062421e-04	-6.336663e-06	1
19	rs11879192	58613591	0	-2.473752e-04	-5.016877e-06	1
19	rs11879575	58660968	0	-1.093359e-03	-2.298756e-05	1
19	rs11879748	58613819	0	-2.473752e-04	-5.016877e-06	1
19	rs11879808	58876517	0	5.279417e-04	1.113195e-05	1
19	rs11881000	58932788	0	-3.062421e-04	-6.336662e-06	1
19	rs11881126	58523990	0	-1.030822e-04	-2.079787e-06	1
19	rs11882439	58730564	0	-2.954509e-04	-6.083453e-06	1
19	rs11883119	58750511	0	1.507077e-04	3.196964e-06	1
19	rs11883136	58750671	0	1.953641e-04	4.149343e-06	1
19	rs12151036	58714235	0	-5.673663e-04	-1.176881e-05	1
19	rs12459294	58878494	0	3.486815e-04	7.353677e-06	1
19	rs12459340	58878484	0	-6.211347e-04	-1.264636e-05	1
19	rs12459664	58883817	0	3.203775e-04	6.761748e-06	1
19	rs12459668	58883897	0	-5.365057e-04	-1.142420e-05	1
19	rs12459942	58678797	0	-2.356006e-04	-5.047272e-06	1
19	rs12460016	58784640	0	2.069771e-03	4.466472e-05	1
19	rs12460050	58666109	0	-1.067232e-03	-2.221691e-05	1
19	rs12460553	58903304	0	-9.677961e-04	-1.994639e-05	1
19	rs12460623	58903574	0	-9.247573e-04	-1.904917e-05	1
19	rs12460974	58537461	0	-1.150731e-03	-2.379187e-05	1
19	rs12461217	58579927	0	1.097549e-03	2.265794e-05	1
19	rs12461356	58668553	0	-3.103290e-05	-6.345369e-07	1
19	rs12461832	58611210	0	-2.473752e-04	-5.016875e-06	1
19	rs12462307	58784732	0	-4.388314e-04	-8.985505e-06	1
19	rs12462497	58964424	0	5.496795e-05	1.156704e-06	1
19	rs12462787	58801360	0	-1.646347e-04	-3.416463e-06	1
19	rs12608795	58896477	0	-9.643115e-04	-1.994911e-05	1
19	rs12609270	58888787	0	-1.001432e-03	-2.049586e-05	1
19	rs12611047	58889108	0	-1.034015e-03	-2.123142e-05	1
19	rs1265953	58854566	0	-3.223930e-04	-6.803078e-06	1
19	rs1265954	58854600	0	-3.082204e-04	-6.505863e-06	1
19	rs1265955	58856812	0	-3.117043e-04	-6.582996e-06	1
19	rs1265956	58857131	0	-3.359128e-04	-7.065099e-06	1
19	rs1265957	58858676	0	-1.430507e-04	-3.054921e-06	1
19	rs1265961	58860387	0	-1.482251e-03	-3.134634e-05	1
19	rs1268538	58853363	0	3.082204e-04	6.505861e-06	1
19	rs12971534	58541508	0	1.987223e-04	4.129672e-06	1
19	rs12971923	58634625	0	-1.110688e-03	-2.308609e-05	1
19	rs12971940	58541514	0	1.705184e-04	3.546046e-06	1
19	rs12972034	58690818	0	-8.000583e-04	-1.654130e-05	1
19	rs12972054	58735053	0	-7.939346e-04	-1.646661e-05	1
19	rs12972438	58728126	0	-3.577496e-04	-7.339098e-06	1
19	rs12972443	58757870	0	-9.850327e-04	-2.030178e-05	1
19	rs12972884	58749797	0	-1.116406e-03	-2.306317e-05	1
19	rs12972898	58956888	0	-1.145960e-04	-2.370183e-06	1
19	rs12973189	58618974	0	8.471962e-05	1.721670e-06	1
19	rs12973218	58729931	0	-1.051921e-04	-2.154338e-06	1
19	rs12973231	58729904	0	-1.051921e-04	-2.154336e-06	1
19	rs12973458	58729973	0	-2.954509e-04	-6.083434e-06	1
19	rs12973718	58580615	0	-7.138116e-04	-1.490551e-05	1
19	rs12974045	58612080	1	-5.311820e-04	-1.076489e-05	1
19	rs12974312	58612154	0	-2.473752e-04	-5.016865e-06	1
19	rs12975369	58693418	0	-6.479699e-04	-1.338023e-05	1
19	rs12975659	58612122	0	-5.297484e-04	-1.109456e-05	1
19	rs12975995	58553864	0	-1.113305e-04	-2.300672e-06	1
19	rs12976331	58751639	0	-1.235694e-03	-2.567003e-05	1
19	rs12976771	58614336	0	-2.473752e-04	-5.016862e-06	1
19	rs12976842	58614404	0	-2.473752e-04	-5.016862e-06	1
19	rs12976966	58647516	0	-7.990516e-04	-1.669364e-05	1
19	rs12977251	58605521	0	-1.076282e-04	-2.176831e-06	1
19	rs12977390	58614604	0	-2.473752e-04	-5.016860e-06	1
19	rs12977592	58961056	0	1.331478e-03	2.756813e-05	1
19	rs12977863	58702050	0	-6.479699e-04	-1.338023e-05	1
19	rs12977929	58688430	0	-5.841395e-04	-1.203489e-05	1
19	rs12978129	58725724	0	-2.391055e-04	-4.900597e-06	1
19	rs12978139	58732605	0	-3.937174e-04	-8.118489e-06	1
19	rs12978152	58732656	0	4.544623e-04	9.287123e-06	1
19	rs12978231	58614357	0	-2.473752e-04	-5.016856e-06	1
19	rs12979108	58732779	0	-3.937174e-04	-8.118486e-06	1
19	rs12979415	58952608	0	-4.765171e-04	-1.020665e-05	1
19	rs12979906	58732532	0	1.360380e-03	2.821552e-05	1
19	rs12980120	58618223	0	-3.750976e-04	-7.827781e-06	1
19	rs12980208	58860812	0	-6.063466e-04	-1.283798e-05	1
19	rs12980211	58611169	0	-2.473752e-04	-5.016854e-06	1
19	rs12980299	58787473	0	-1.989448e-03	-4.207826e-05	1
19	rs12980623	58624996	0	-1.234995e-03	-2.600459e-05	1
19	rs12980697	58963488	0	-6.625561e-04	-1.377386e-05	1
19	rs12980907	58956326	0	-1.145960e-04	-2.370180e-06	1
19	rs12981083	58963468	0	-3.906054e-04	-8.097947e-06	1
19	rs12981092	58963475	0	-4.751155e-04	-9.855853e-06	1
19	rs12981338	58618736	0	3.325745e-04	6.755784e-06	1
19	rs12981417	58596956	0	-1.956755e-03	-4.229573e-05	1
19	rs12981649	58930043	0	-3.062421e-04	-6.336654e-06	1
19	rs12981684	58632144	0	-1.110688e-03	-2.308607e-05	1
19	rs12981875	58935130	0	-3.062421e-04	-6.336654e-06	1
19	rs12982505	58613285	0	-9.966278e-05	-2.032170e-06	1
19	rs12982863	58715418	0	-6.479699e-04	-1.338021e-05	1
19	rs12983138	58655373	0	-6.577727e-04	-1.337577e-05	1
19	rs12983165	58958435	0	-1.145960e-04	-2.370178e-06	1
19	rs12983169	58768177	0	-1.411884e-03	-2.950900e-05	1
19	rs12983679	58923736	0	-4.334423e-04	-8.977940e-06	1
19	rs12983701	58613499	0	-2.473752e-04	-5.016846e-06	1
19	rs12983728	58671267	0	-8.373348e-04	-1.750897e-05	1
19	rs12983843	58923618	0	-3.062421e-04	-6.336652e-06	1
19	rs12984015	58613031	0	-2.473752e-04	-5.016845e-06	1
19	rs12984254	58613113	0	-2.473752e-04	-5.016844e-06	1
19	rs12984878	58562150	0	2.959487e-04	6.122291e-06	1
19	rs12985394	58958585	0	-1.145960e-04	-2.370177e-06	1
19	rs12985543	58689072	0	-5.841395e-04	-1.203487e-05	1
19	rs12986027	58793596	0	-1.989448e-03	-4.207825e-05	1
19	rs12986378	58727821	0	-2.128659e-04	-4.361188e-06	1
19	rs12986387	58927215	0	-3.062421e-04	-6.336649e-06	1
19	rs13343526	58908150	0	-7.320549e-04	-1.543733e-05	1
19	rs13344679	58693697	0	-6.609221e-04	-1.372791e-05	1
19	rs13345808	58674696	0	2.987994e-04	6.148512e-06	1
19	rs13346342	58522715	0	-1.578031e-04	-3.286411e-06	1
19	rs13382065	58903698	0	-6.138727e-04	-1.259412e-05	1
19	rs139211863	58843003	0	3.082204e-04	6.505852e-06	1
19	rs140171882	58659248	0	-1.091672e-03	-2.295131e-05	1
19	rs140214515	58654197	0	1.866497e-04	3.997400e-06	1
19	rs140755790	58680275	0	-1.475058e-04	-3.131704e-06	1
19	rs141669549	58690674	0	-8.146662e-04	-1.704214e-05	1
19	rs141815249	58690989	0	-8.634643e-04	-1.855864e-05	1
19	rs142677013	58655817	0	1.256457e-04	2.684984e-06	1
19	rs143096975	58622408	0	-4.851224e-04	-1.038611e-05	1
19	rs143314212	58810770	0	5.087692e-04	1.088409e-05	1
19	rs143712775	58643218	0	-3.825129e-05	-8.150793e-07	1
19	rs144310654	58669338	0	-9.784509e-05	-2.098942e-06	1
19	rs144479077	58634823	0	-1.274967e-04	-2.735388e-06	1
19	rs144760313	58894031	0	1.313028e-04	2.789193e-06	1
19	rs1465789	58946056	0	-7.643999e-04	-1.553660e-05	1
19	rs1469087	58572979	0	-3.196915e-04	-6.715370e-06	1
19	rs147878006	58887658	0	4.480663e-04	9.479127e-06	1
19	rs148493024	58655648	0	-2.573943e-04	-5.510069e-06	1
19	rs148953731	58662865	0	1.513825e-04	3.212239e-06	1
19	rs149513825	58925379	0	1.266230e-04	2.709386e-06	1
19	rs149594935	58681857	0	2.742474e-04	5.832060e-06	1
19	rs149863732	58917068	0	-1.655569e-03	-3.527124e-05	1
19	rs150191918	58691030	0	-5.374198e-04	-1.150624e-05	1
19	rs150752046	58888366	0	-8.551973e-04	-1.830382e-05	1
19	rs150892142	58743405	0	8.035797e-04	1.726770e-05	1
19	rs1529329	58600048	0	1.752869e-03	3.749594e-05	1
19	rs1529958	58899466	0	5.075630e-04	1.032946e-05	1
19	rs1529959	58899342	0	7.938289e-05	1.605911e-06	1
19	rs1544796	58542425	0	-7.576060e-04	-1.602192e-05	1
19	rs1544888	58570912	0	1.760843e-03	3.703809e-05	1
19	rs1549279	58528621	0	-4.874936e-05	-9.825626e-07	1
19	rs1549491	58588434	0	2.968946e-04	6.115485e-06	1
19	rs1549492	58585248	0	1.634586e-04	3.361525e-06	1
19	rs1549493	58585367	0	5.460022e-05	1.123266e-06	1
19	rs1549495	58529518	0	9.945635e-05	2.009784e-06	1
19	rs157355	58692686	0	2.350912e-04	4.804677e-06	1
19	rs157357	58693870	0	1.481179e-03	3.175657e-05	1
19	rs157358	58643751	0	-1.848387e-04	-3.849244e-06	1
19	rs157360	58650058	0	-7.593575e-04	-1.578591e-05	1
19	rs157361	58676017	0	-9.162344e-04	-1.931579e-05	1
19	rs157362	58675894	0	8.393156e-04	1.764498e-05	1
19	rs157363	58675603	0	-9.162344e-04	-1.931579e-05	1
19	rs157364	58675220	0	-4.035068e-04	-8.197031e-06	1
19	rs157365	58674756	0	-2.132480e-04	-4.327090e-06	1
19	rs157366	58674526	0	-2.560010e-04	-5.201834e-06	1
19	rs157367	58674310	0	-1.511033e-03	-3.229563e-05	1
19	rs157369	58672078	0	2.789898e-04	5.679012e-06	1
19	rs157370	58671178	0	2.789898e-04	5.679012e-06	1
19	rs157371	58669973	0	1.544392e-04	3.143065e-06	1
19	rs157372	58668597	0	2.789898e-04	5.679013e-06	1
19	rs157373	58666990	0	1.116325e-03	2.351326e-05	1
19	rs157374	58666086	0	9.917740e-04	2.083533e-05	1
19	rs157375	58665001	0	1.116325e-03	2.351326e-05	1
19	rs157376	58663457	0	-2.464071e-04	-5.156717e-06	1
19	rs157378	58696697	0	5.088786e-04	1.039998e-05	1
19	rs157379	58696598	0	5.088786e-04	1.039998e-05	1
19	rs1592993	58555971	0	1.620876e-04	3.434554e-06	1
19	rs1592994	58555932	0	1.733497e-04	3.673479e-06	1
19	rs1592995	58555850	0	1.620876e-04	3.434555e-06	1
19	rs159667	58648359	0	6.080701e-05	1.236574e-06	1
19	rs159668	58643841	0	-1.848387e-04	-3.849240e-06	1
19	rs159670	58641777	0	-3.220992e-04	-6.696207e-06	1
19	rs159671	58641701	0	-4.411516e-04	-9.186270e-06	1
19	rs159672	58641686	0	1.006214e-03	2.117753e-05	1
19	rs159673	58641457	0	-4.411516e-04	-9.186269e-06	1
19	rs159674	58670181	0	-4.511697e-04	-9.463233e-06	1
19	rs159675	58668765	0	-7.567508e-04	-1.547884e-05	1
19	rs159676	58666427	0	-6.655380e-04	-1.358379e-05	1
19	rs159677	58665490	0	-6.355304e-04	-1.295541e-05	1
19	rs159678	58679085	0	-1.023406e-03	-2.161618e-05	1
19	rs159679	58661732	0	-5.527814e-04	-1.124995e-05	1
19	rs159680	58661581	0	1.116325e-03	2.351326e-05	1
19	rs159870	58549366	0	-1.118277e-03	-2.316675e-05	1
19	rs159871	58550281	0	-1.677396e-03	-3.532269e-05	1
19	rs159872	58547449	0	-1.641176e-03	-3.451310e-05	1
19	rs159873	58547516	0	-1.641176e-03	-3.451310e-05	1
19	rs159874	58548431	0	-7.911797e-04	-1.680532e-05	1
19	rs166343	58775182	0	-2.768168e-04	-5.599062e-06	1
19	rs166830	58658950	1	1.024369e-03	2.155334e-05	1
19	rs166831	58676446	0	-9.162344e-04	-1.931578e-05	1
19	rs169776	58550436	0	-7.911797e-04	-1.680532e-05	1
19	rs16988654	58837269	0	-4.449142e-04	-9.387897e-06	1
19	rs16988659	58840850	0	1.296465e-04	2.727565e-06	1
19	rs16988665	58840905	0	3.082204e-04	6.505850e-06	1
19	rs16988667	58842180	0	4.170788e-04	8.809827e-06	1
19	rs16988668	58850756	0	3.082204e-04	6.505849e-06	1
19	rs171851	58758900	0	1.125060e-03	2.360718e-05	1
19	rs171852	58754386	0	1.400270e-04	2.836386e-06	1
19	rs171853	58685051	0	6.346583e-04	1.304510e-05	1
19	rs171854	58666802	0	-1.567752e-03	-3.348352e-05	1
19	rs174280	58711922	0	6.685807e-04	1.371282e-05	1
19	rs174281	58735457	0	6.676222e-04	1.404789e-05	1
19	rs176981	58655580	0	-5.812358e-04	-1.208763e-05	1
19	rs17853924	58806686	0	4.150003e-05	8.811274e-07	1
19	rs1808397	58572356	0	1.625928e-03	3.407750e-05	1
19	rs1812874	58632506	0	-2.508927e-04	-5.220209e-06	1
19	rs181320759	58658446	0	-9.555651e-04	-2.005941e-05	1
19	rs181994	58746054	0	1.087905e-03	2.291112e-05	1
19	rs182055294	58526154	6	8.476900e-04	1.800173e-05	1
19	rs183304547	58609059	0	2.562848e-05	5.487516e-07	1
19	rs184128	58548760	0	-1.107674e-03	-2.298825e-05	1
19	rs185161330	58916579	1	-2.345246e-04	-4.869306e-06	1
19	rs185464	58776863	0	1.583857e-04	3.210385e-06	1
19	rs185791	58644371	0	-9.611257e-04	-2.002474e-05	1
19	rs1865960	58894235	0	1.576072e-04	3.317847e-06	1
19	rs187760	58775192	0	-2.768168e-04	-5.599059e-06	1
19	rs188370	58529192	0	1.699764e-03	3.583273e-05	1
19	rs188415	58616313	0	-3.482185e-04	-7.196698e-06	1
19	rs188486366	58526153	6	8.476900e-04	1.800173e-05	1
19	rs190729	58658029	0	1.028899e-04	2.087496e-06	1
19	rs190882	58529365	0	1.827453e-03	3.871007e-05	1
19	rs190975	58631968	0	-4.316696e-04	-9.262246e-06	1
19	rs193390	58548658	0	-1.452439e-03	-3.112036e-05	1
19	rs1968868	58678383	0	-1.142358e-03	-2.398809e-05	1
19	rs1974819	58656963	0	-1.392997e-03	-2.958318e-05	1
19	rs1974826	58590145	0	5.460022e-05	1.123268e-06	1
19	rs1985434	58764185	0	3.357822e-04	6.775244e-06	1
19	rs1987625	58632634	0	-2.675878e-04	-5.589888e-06	1
19	rs1987626	58632649	0	-2.508927e-04	-5.220205e-06	1
19	rs1993463	58786898	0	-2.630705e-04	-5.597947e-06	1
19	rs1993464	58786953	0	1.075700e-03	2.227515e-05	1
19	rs2011666	58990045	0	-1.721874e-03	-3.668119e-05	1
19	rs2013635	58646792	0	-1.059219e-03	-2.227387e-05	1
19	rs204216	58660769	0	1.116325e-03	2.351326e-05	1
19	rs2046357	58673534	0	-1.475058e-04	-3.131703e-06	1
19	rs2052733	58625864	0	-2.508927e-04	-5.220203e-06	1
19	rs2052734	58626005	0	-8.581257e-05	-1.777092e-06	1
19	rs2052735	58626112	0	-4.617816e-04	-9.617826e-06	1
19	rs2062251	58715682	0	-6.479699e-04	-1.338019e-05	1
19	rs2081578	58669335	0	-1.463551e-04	-3.110842e-06	1
19	rs2098685	58630409	0	-1.262365e-03	-2.669301e-05	1
19	rs2098686	58630043	0	-4.411516e-04	-9.186255e-06	1
19	rs2098687	58630023	0	-4.411516e-04	-9.186254e-06	1
19	rs2098717	58524390	0	-1.775793e-03	-3.884697e-05	1
19	rs2100610	58802349	0	-3.090945e-04	-6.596940e-06	1
19	rs2112825	58614156	0	-8.928235e-04	-1.871106e-05	1
19	rs211579	58615270	0	-6.386326e-04	-1.337434e-05	1
19	rs2124911	58696798	0	-6.479699e-04	-1.338019e-05	1
19	rs2168644	58788393	0	-1.989448e-03	-4.207822e-05	1
19	rs2229375	58578578	0	-1.164691e-03	-2.403084e-05	1
19	rs2229379	58579923	0	-8.820077e-04	-1.811869e-05	1
19	rs2241406	58549593	0	-4.760199e-04	-1.006116e-05	1
19	rs2241787	58906163	0	-1.906097e-04	-3.905630e-06	1
19	rs2258557	58596449	0	5.306062e-04	1.109285e-05	1
19	rs2260914	58598784	0	8.925325e-04	1.863890e-05	1
19	rs2287837	58598670	0	1.752869e-03	3.749594e-05	1
19	rs2288274	58572959	0	1.492492e-03	3.114436e-05	1
19	rs2289143	58904715	0	-6.777225e-04	-1.415057e-05	1
19	rs2304521	58988179	0	7.852034e-04	1.658285e-05	1
19	rs2375233	58617203	0	-1.033027e-03	-2.155482e-05	1
19	rs2375234	58633323	0	-2.508927e-04	-5.220195e-06	1
19	rs2375235	58634745	0	-4.411516e-04	-9.186248e-06	1
19	rs2375470	58864867	0	-8.596163e-04	-1.830614e-05	1
19	rs2431835	58647214	0	-1.157321e-03	-2.378097e-05	1
19	rs2445854	58777608	1	-9.044817e-04	-1.844174e-05	1
19	rs2445855	58785181	0	1.375417e-03	2.863246e-05	1
19	rs2445856	58701358	0	2.913800e-04	5.939153e-06	1
19	rs2445857	58708507	0	1.139476e-03	2.425174e-05	1
19	rs2445858	58708730	0	4.423881e-04	9.032544e-06	1
19	rs2445859	58734330	0	8.481797e-04	1.796673e-05	1
19	rs2449628	58781945	0	-9.908747e-05	-1.993306e-06	1
19	rs2449629	58781917	0	-4.024477e-04	-8.133842e-06	1
19	rs2449631	58781652	0	-3.130218e-04	-6.321623e-06	1
19	rs2449632	58781379	0	-9.908747e-05	-1.993302e-06	1
19	rs2449634	58795207	0	-3.494036e-04	-7.314343e-06	1
19	rs2449635	58785227	0	-8.455861e-04	-1.733698e-05	1
19	rs2449636	58785202	0	4.322755e-04	8.887906e-06	1
19	rs2449638	58735033	0	8.481797e-04	1.796673e-05	1
19	rs2449639	58777772	0	-1.107919e-03	-2.270164e-05	1
19	rs2547257	58610107	0	-3.638849e-04	-7.531084e-06	1
19	rs2547258	58638685	0	-7.708669e-04	-1.602576e-05	1
19	rs2547259	58637237	0	-4.411516e-04	-9.186244e-06	1
19	rs2547260	58635294	0	-4.383678e-04	-8.897160e-06	1
19	rs2547295	58617479	0	-2.508927e-04	-5.220188e-06	1
19	rs2547296	58622896	0	-4.841904e-04	-1.008515e-05	1
19	rs2547297	58623249	0	-2.508927e-04	-5.220186e-06	1
19	rs2547298	58626436	0	-2.508927e-04	-5.220185e-06	1
19	rs2547347	58627459	0	-2.508927e-04	-5.220184e-06	1
19	rs2547348	58626879	0	-2.508927e-04	-5.220183e-06	1
19	rs2547349	58626742	0	-2.508927e-04	-5.220182e-06	1
19	rs2547350	58622950	0	-3.354029e-04	-6.987267e-06	1
19	rs2547351	58620965	0	-2.508927e-04	-5.220180e-06	1
19	rs2547352	58610720	0	-4.708428e-04	-9.787784e-06	1
19	rs2547355	58635125	0	-4.411516e-04	-9.186233e-06	1
19	rs2547356	58635146	0	-4.411516e-04	-9.186232e-06	1
19	rs2547357	58636155	0	-4.411516e-04	-9.186231e-06	1
19	rs2547358	58636656	0	-2.508927e-04	-5.220176e-06	1
19	rs2547359	58637389	0	-4.411516e-04	-9.186229e-06	1
19	rs2547360	58638399	0	-9.611257e-04	-2.002470e-05	1
19	rs2554963	58625364	0	-1.005818e-03	-2.106400e-05	1
19	rs2554964	58625504	0	-4.492308e-04	-9.403463e-06	1
19	rs2554965	58625638	0	-4.841904e-04	-1.008514e-05	1
19	rs2554966	58627271	0	-2.508927e-04	-5.220170e-06	1
19	rs2554967	58627382	0	-2.675878e-04	-5.589856e-06	1
19	rs2554968	58627406	0	-3.750976e-04	-7.827723e-06	1
19	rs2554970	58636732	0	-8.538682e-04	-1.784977e-05	1
19	rs2554972	58636174	0	-2.508927e-04	-5.220167e-06	1
19	rs2554973	58631032	0	-4.411516e-04	-9.186220e-06	1
19	rs2554978	58609677	0	-1.875665e-04	-3.917023e-06	1
19	rs2554981	58620273	0	-7.856523e-04	-1.641085e-05	1
19	rs2554982	58620524	0	-4.841904e-04	-1.008513e-05	1
19	rs2554983	58620872	0	-2.508927e-04	-5.220164e-06	1
19	rs2554984	58621104	0	-4.841904e-04	-1.008513e-05	1
19	rs2554985	58621438	0	-3.764720e-04	-7.861223e-06	1
19	rs2554986	58621492	0	-3.750976e-04	-7.827715e-06	1
19	rs2554987	58622985	0	-2.508927e-04	-5.220160e-06	1
19	rs260413	58710468	0	1.139476e-03	2.425174e-05	1
19	rs260415	58715944	0	1.927995e-04	3.945757e-06	1
19	rs260416	58717025	0	1.917124e-03	4.161290e-05	1
19	rs260418	58720918	0	-9.591849e-04	-1.984887e-05	1
19	rs260419	58721952	0	1.111538e-03	2.367431e-05	1
19	rs260420	58731704	0	8.481797e-04	1.796672e-05	1
19	rs260421	58731390	0	2.642035e-04	5.393048e-06	1
19	rs260422	58729833	0	1.694975e-03	3.559103e-05	1
19	rs260424	58726569	0	3.749009e-04	7.937318e-06	1
19	rs260425	58735740	0	6.676222e-04	1.404788e-05	1
19	rs260426	58736177	0	5.302759e-04	1.114029e-05	1
19	rs260427	58736226	0	1.581796e-03	3.378691e-05	1
19	rs260428	58736625	0	7.431572e-04	1.565146e-05	1
19	rs260430	58737161	0	6.985008e-04	1.469539e-05	1
19	rs260432	58738273	0	6.985008e-04	1.469539e-05	1
19	rs260433	58738897	0	6.549800e-04	1.343348e-05	1
19	rs260434	58739039	0	6.532109e-04	1.371627e-05	1
19	rs260435	58739704	0	6.985008e-04	1.469539e-05	1
19	rs260436	58739710	0	5.082419e-04	1.066769e-05	1
19	rs260437	58739744	0	7.977701e-04	1.680584e-05	1
19	rs260438	58740339	0	6.985008e-04	1.469538e-05	1
19	rs260444	58745470	0	4.373692e-04	8.940320e-06	1
19	rs260446	58746861	0	1.649064e-03	3.534994e-05	1
19	rs260448	58764375	0	3.275260e-04	6.612154e-06	1
19	rs260449	58765459	0	1.768183e-04	3.581904e-06	1
19	rs260450	58766410	0	8.935466e-05	1.813080e-06	1
19	rs260451	58766550	0	1.768183e-04	3.581907e-06	1
19	rs260452	58766874	0	1.768183e-04	3.581908e-06	1
19	rs260453	58767151	0	1.768183e-04	3.581910e-06	1
19	rs260454	58767168	0	5.177848e-04	1.046209e-05	1
19	rs260455	58767492	0	1.169716e-03	2.460526e-05	1
19	rs260456	58767565	0	3.275260e-04	6.612161e-06	1
19	rs260457	58767697	0	1.768183e-04	3.581911e-06	1
19	rs260459	58768500	0	1.768183e-04	3.581913e-06	1
19	rs260460	58769790	6	6.020309e-04	1.293480e-05	1
19	rs260461	58770883	0	1.169716e-03	2.460526e-05	1
19	rs260462	58774071	0	-1.696456e-04	-3.428016e-06	1
19	rs260464	58774762	0	-2.768168e-04	-5.599035e-06	1
19	rs260465	58775486	0	-2.768168e-04	-5.599033e-06	1
19	rs260466	58775737	0	6.552417e-05	1.330718e-06	1
19	rs260467	58776215	0	7.678012e-06	1.662642e-07	1
19	rs260468	58776630	0	1.148492e-04	2.337009e-06	1
19	rs260469	58776765	0	7.678012e-06	1.662674e-07	1
19	rs260472	58807757	0	-5.087692e-04	-1.088409e-05	1
19	rs260473	58798137	0	-8.467388e-04	-1.735061e-05	1
19	rs260474	58798300	0	-1.036998e-03	-2.133616e-05	1
19	rs260475	58798490	0	6.532389e-05	1.332393e-06	1
19	rs260476	58798598	0	-8.467388e-04	-1.735061e-05	1
19	rs260477	58798628	0	-6.489526e-04	-1.325867e-05	1
19	rs260478	58751030	0	1.400270e-04	2.836430e-06	1
19	rs260482	58748274	0	9.980071e-04	2.101514e-05	1
19	rs260483	58748180	0	1.189640e-03	2.516974e-05	1
19	rs260484	58758451	0	3.353911e-04	6.772314e-06	1
19	rs260486	58753937	0	3.353911e-04	6.772314e-06	1
19	rs260487	58685347	0	9.342265e-04	1.937986e-05	1
19	rs260488	58686991	0	1.121080e-03	2.382885e-05	1
19	rs260491	58664447	0	-1.093359e-03	-2.298755e-05	1
19	rs260492	58668565	0	-1.143563e-03	-2.407269e-05	1
19	rs260493	58671334	0	-1.268114e-03	-2.678375e-05	1
19	rs260495	58794240	0	4.426683e-05	8.987469e-07	1
19	rs260496	58794033	0	1.716913e-04	3.522822e-06	1
19	rs260497	58792213	0	-1.109809e-03	-2.290242e-05	1
19	rs260498	58792190	0	-1.336503e-03	-2.773325e-05	1
19	rs260499	58791716	0	4.426683e-05	8.987448e-07	1
19	rs260500	58791213	0	-1.109809e-03	-2.290241e-05	1
19	rs260501	58790807	0	-1.129517e-03	-2.330999e-05	1
19	rs260502	58790784	0	4.426683e-05	8.987445e-07	1
19	rs260503	58790095	0	-1.109809e-03	-2.290241e-05	1
19	rs281061	58643376	1	-1.173410e-03	-2.454181e-05	1
19	rs281063	58651941	0	-6.646419e-04	-1.355295e-05	1
19	rs281064	58649998	0	-7.593575e-04	-1.578584e-05	1
19	rs281065	58645577	0	-1.044738e-04	-2.114462e-06	1
19	rs281066	58644840	0	-1.848387e-04	-3.849179e-06	1
19	rs281069	58659039	2	-7.980562e-04	-1.621648e-05	1
19	rs281070	58658691	0	-1.014259e-03	-2.070187e-05	1
19	rs281072	58657714	0	-6.643934e-04	-1.355983e-05	1
19	rs281073	58656418	0	-7.374078e-04	-1.504284e-05	1
19	rs281074	58656176	0	1.116325e-03	2.351326e-05	1
19	rs281075	58655106	0	1.116325e-03	2.351326e-05	1
19	rs281076	58654307	0	2.828902e-04	5.742990e-06	1
19	rs281077	58653376	0	-6.214576e-05	-1.261713e-06	1
19	rs281078	58653320	0	-4.463373e-04	-9.340869e-06	1
19	rs281079	58678388	0	-9.162344e-04	-1.931574e-05	1
19	rs281080	58700131	2	9.892439e-04	2.021740e-05	1
19	rs281081	58698915	0	2.055928e-04	4.193525e-06	1
19	rs28444973	58982044	0	-3.092852e-04	-6.563117e-06	1
19	rs28521102	58597905	0	1.606906e-04	3.447563e-06	1
19	rs28725494	58633618	0	-2.783733e-06	-5.797604e-08	1
19	rs28757810	58813720	0	-1.742102e-04	-3.561826e-06	1
19	rs28840697	58825728	0	9.261426e-04	1.970415e-05	1
19	rs2889031	58659115	1	-7.407319e-04	-1.498648e-05	1
19	rs2889128	58973929	0	-3.671960e-04	-7.456886e-06	1
19	rs292821	58531419	0	1.651694e-03	3.561046e-05	1
19	rs292826	58540860	0	-1.641176e-03	-3.451310e-05	1
19	rs292827	58544472	0	-1.783924e-03	-3.759862e-05	1
19	rs292828	58545133	0	-7.911797e-04	-1.680531e-05	1
19	rs292831	58529741	0	1.651694e-03	3.561045e-05	1
19	rs2930099	58779403	0	6.355090e-04	1.317424e-05	1
19	rs2930100	58747687	0	1.541892e-03	3.294445e-05	1
19	rs295345	58654195	0	-1.160441e-03	-2.442755e-05	1
19	rs295346	58616280	0	-7.856523e-04	-1.641085e-05	1
19	rs295347	58616256	0	-1.579597e-04	-3.254681e-06	1
19	rs299847	58680688	0	-6.296693e-04	-1.328481e-05	1
19	rs3087604	58813750	0	6.833031e-05	1.383229e-06	1
19	rs3088284	58929427	0	-3.062421e-04	-6.336628e-06	1
19	rs34003091	58662254	0	-8.908696e-04	-1.864694e-05	1
19	rs34006653	58731821	1	-4.833900e-04	-9.981858e-06	1
19	rs34023391	58913368	0	-5.780141e-04	-1.200256e-05	1
19	rs34114202	58599443	0	-1.895912e-03	-4.071519e-05	1
19	rs34152946	58923263	0	-3.062421e-04	-6.336627e-06	1
19	rs34188294	58919557	0	-5.838728e-05	-1.204065e-06	1
19	rs34230465	58943576	0	-3.062421e-04	-6.336626e-06	1
19	rs34370122	58546475	0	3.789957e-04	7.861980e-06	1
19	rs34380569	58648528	0	-9.454068e-04	-1.963010e-05	1
19	rs34421357	58835863	0	-5.199799e-04	-1.091882e-05	1
19	rs34469398	58677396	0	-3.863546e-04	-8.272147e-06	1
19	rs34503352	58651296	0	-8.908696e-04	-1.864693e-05	1
19	rs34511020	58921296	0	-3.062421e-04	-6.336625e-06	1
19	rs34526068	58658066	0	-1.014259e-03	-2.070186e-05	1
19	rs34541537	58912737	0	2.186779e-04	4.547861e-06	1
19	rs34602933	58886495	1	-1.428649e-03	-2.962890e-05	1
19	rs34648696	58554613	0	-4.740453e-04	-9.862286e-06	1
19	rs34702066	58582806	0	1.097549e-03	2.265794e-05	1
19	rs34873624	58943402	0	-3.062421e-04	-6.336625e-06	1
19	rs34914886	58774094	0	-6.128241e-04	-1.316199e-05	1
19	rs34947459	58655880	0	-1.093359e-03	-2.298754e-05	1
19	rs34990434	58550992	0	-1.113305e-04	-2.300637e-06	1
19	rs35081008	58662235	0	-8.908696e-04	-1.864693e-05	1
19	rs35117909	58912906	0	5.310898e-05	1.103572e-06	1
19	rs35138622	58912788	0	-3.127298e-04	-6.487069e-06	1
19	rs35220005	58550233	0	1.877867e-04	3.893325e-06	1
19	rs35269060	58933392	0	-6.220802e-04	-1.291227e-05	1
19	rs35358425	58599760	0	-2.144321e-03	-4.646267e-05	1
19	rs35394955	58954859	0	1.050449e-04	2.142279e-06	1
19	rs35466206	58943252	0	-3.062421e-04	-6.336624e-06	1
19	rs35511051	58665817	0	-1.037225e-03	-2.157949e-05	1
19	rs35652377	58929200	0	-3.062421e-04	-6.336623e-06	1
19	rs35711932	58658152	0	-6.355304e-04	-1.295536e-05	1
19	rs35713506	58954919	0	1.050449e-04	2.142279e-06	1
19	rs35740250	58694015	0	-5.341182e-04	-1.143951e-05	1
19	rs35747322	58544096	0	1.705184e-04	3.546091e-06	1
19	rs35782676	58926345	0	-2.334753e-04	-4.827489e-06	1
19	rs36057771	58836133	0	-5.199799e-04	-1.091882e-05	1
19	rs36090113	58912384	0	-1.816322e-04	-3.754680e-06	1
19	rs36098050	58652725	0	-8.908696e-04	-1.864692e-05	1
19	rs36100363	58710837	0	-6.479699e-04	-1.338013e-05	1
19	rs36111946	58836128	0	-6.365475e-04	-1.343821e-05	1
19	rs365040	58799529	0	-1.646347e-04	-3.416515e-06	1
19	rs365699	58799652	0	-1.616448e-03	-3.371418e-05	1
19	rs370335292	58658750	0	-1.152914e-03	-2.404797e-05	1
19	rs371120005	58658933	0	-1.058086e-03	-2.224391e-05	1
19	rs371149	58779654	0	-5.527226e-04	-1.122945e-05	1
19	rs373337854	58658806	0	1.027461e-04	2.175824e-06	1
19	rs374431	58790713	0	-1.129517e-03	-2.330998e-05	1
19	rs3745129	58637498	0	-1.044738e-04	-2.114442e-06	1
19	rs3745142	58836745	0	-6.365475e-04	-1.343821e-05	1
19	rs3752112	58992220	0	2.041819e-04	4.251148e-06	1
19	rs3764528	58977554	0	-6.047599e-04	-1.232287e-05	1
19	rs3764529	58945089	0	-3.062421e-04	-6.336620e-06	1
19	rs3764531	58929305	0	6.351461e-04	1.289014e-05	1
19	rs3764532	58929222	0	-3.062421e-04	-6.336619e-06	1
19	rs3764533	58929194	0	-7.196864e-04	-1.463749e-05	1
19	rs3764534	58929136	0	-7.643999e-04	-1.553660e-05	1
19	rs3764535	58929052	0	-6.125152e-04	-1.243084e-05	1
19	rs3764536	58896712	0	-8.770810e-04	-1.808202e-05	1
19	rs376460183	58658873	0	-4.404965e-04	-9.098902e-06	1
19	rs376570508	58658612	0	-1.037225e-03	-2.157949e-05	1
19	rs378452	58786520	0	-1.925568e-03	-4.061603e-05	1
19	rs379075	58785739	0	-2.391839e-03	-5.149233e-05	1
19	rs3794968	58986799	0	-1.608183e-04	-3.258287e-06	1
19	rs3794969	58986561	0	-2.385179e-04	-5.072927e-06	1
19	rs3794970	58986260	0	4.847856e-04	1.012620e-05	1
19	rs3794971	58985866	0	1.814254e-04	3.781727e-06	1
19	rs3794974	58897652	0	-1.758406e-03	-3.718859e-05	1
19	rs3794975	58895950	0	1.576072e-04	3.317828e-06	1
19	rs3810126	58610254	0	-2.473752e-04	-5.016782e-06	1
19	rs3826677	58919002	0	-1.895950e-03	-4.070171e-05	1
19	rs3826678	58918917	0	-1.895950e-03	-4.070171e-05	1
19	rs3826679	58918817	0	-1.895950e-03	-4.070171e-05	1
19	rs3826680	58918800	0	-1.895950e-03	-4.070171e-05	1
19	rs3826681	58918764	0	-3.062421e-04	-6.336616e-06	1
19	rs3826682	58918748	0	-3.062421e-04	-6.336615e-06	1
19	rs3826683	58918733	0	-3.062421e-04	-6.336615e-06	1
19	rs3826684	58918705	0	-3.062421e-04	-6.336614e-06	1
19	rs384702	58552801	0	-7.080870e-04	-1.503080e-05	1
19	rs3848524	58816529	0	-6.711709e-06	-1.438197e-07	1
19	rs3892385	58602870	0	-4.292410e-04	-9.164601e-06	1
19	rs390667	58733011	0	8.481797e-04	1.796671e-05	1
19	rs392644	58780503	0	-9.908747e-05	-1.993254e-06	1
19	rs392687	58779566	0	-1.016620e-03	-2.081159e-05	1
19	rs3953740	58659362	0	1.891932e-04	3.887020e-06	1
19	rs400733	58797344	0	-6.397530e-04	-1.306106e-05	1
19	rs401706	58733555	0	6.579209e-04	1.389794e-05	1
19	rs403408	58684407	0	-2.992789e-04	-6.073591e-06	1
19	rs4084852	58835255	0	-5.199799e-04	-1.091883e-05	1
19	rs414948	58738375	0	6.985008e-04	1.469537e-05	1
19	rs424114	58733641	0	8.481797e-04	1.796670e-05	1
19	rs425516	58781229	0	-2.062587e-04	-4.159945e-06	1
19	rs425605	58786623	0	-1.437237e-03	-2.986657e-05	1
19	rs427988	58779785	0	-9.908747e-05	-1.993245e-06	1
19	rs429770	58787836	0	2.042030e-04	4.209731e-06	1
19	rs431093	58786084	0	-2.023406e-03	-4.277208e-05	1
19	rs432181	58799781	0	-1.616448e-03	-3.371415e-05	1
19	rs432426	58780131	0	-3.130218e-04	-6.321565e-06	1
19	rs435442	58807827	0	-4.810768e-04	-1.030622e-05	1
19	rs437183	58799635	0	-1.616448e-03	-3.371415e-05	1
19	rs437229	58790675	0	-9.028234e-04	-1.854694e-05	1
19	rs4372790	58953693	0	-9.556195e-05	-1.923566e-06	1
19	rs439333	58783027	0	-2.062587e-04	-4.159929e-06	1
19	rs4444432	58715538	0	-6.479699e-04	-1.338011e-05	1
19	rs446075	58766735	0	1.768183e-04	3.581968e-06	1
19	rs448147	58778070	0	-5.356890e-04	-1.086500e-05	1
19	rs448403	58786146	0	-2.555640e-03	-5.533780e-05	1
19	rs4496257	58669456	0	1.153222e-04	2.368647e-06	1
19	rs449697	58787977	0	4.426683e-05	8.987327e-07	1
19	rs4524039	58625270	0	-4.240202e-04	-8.838997e-06	1
19	rs453737	58800252	0	-1.076697e-03	-2.214696e-05	1
19	rs45475596	58881109	0	4.934637e-04	1.042117e-05	1
19	rs45535435	58846866	0	3.082204e-04	6.505819e-06	1
19	rs45571742	58552111	0	-1.113305e-04	-2.300626e-06	1
19	rs45589034	58640964	0	-8.538682e-04	-1.784976e-05	1
19	rs45598236	58521433	0	6.722509e-04	1.426902e-05	1
19	rs45601339	58718247	0	9.615301e-04	2.058532e-05	1
19	rs45617039	58951096	0	-1.668253e-04	-3.447847e-06	1
19	rs4584938	58899303	0	-6.857526e-05	-1.405842e-06	1
19	rs4599020	58691998	0	-4.353623e-04	-8.940988e-06	1
19	rs4603677	58950721	0	-1.895950e-03	-4.070171e-05	1
19	rs4608428	58618579	0	-2.508927e-04	-5.220134e-06	1
19	rs4801246	58522534	0	1.901665e-03	4.041921e-05	1
19	rs4801247	58522561	0	1.434935e-03	2.985513e-05	1
19	rs4801250	58616674	0	-2.656781e-04	-5.494130e-06	1
19	rs4801251	58617042	0	-7.856523e-04	-1.641084e-05	1
19	rs4801252	58631676	0	-2.675878e-04	-5.589825e-06	1
19	rs4801262	58848116	0	-4.487018e-04	-9.550308e-06	1
19	rs4801267	58882384	0	-6.436770e-04	-1.371881e-05	1
19	rs4801269	58927916	0	-1.895950e-03	-4.070171e-05	1
19	rs4801270	58932762	0	-7.643999e-04	-1.553659e-05	1
19	rs4801271	58953449	0	-1.448011e-03	-3.053448e-05	1
19	rs4801272	58977463	0	-7.992359e-04	-1.633889e-05	1
19	rs4801541	58521224	0	-1.030822e-04	-2.079757e-06	1
19	rs4801542	58522974	0	5.144478e-04	1.064728e-05	1
19	rs4801543	58523804	0	5.144478e-04	1.064728e-05	1
19	rs4801544	58526202	0	-3.395307e-04	-7.085337e-06	1
19	rs4801546	58526387	0	6.097942e-04	1.261591e-05	1
19	rs4801547	58526742	0	-1.678570e-04	-3.494808e-06	1
19	rs4801548	58528978	0	-1.734762e-04	-3.605780e-06	1
19	rs4801555	58600977	0	1.565371e-03	3.322692e-05	1
19	rs4801559	58627808	0	-4.841904e-04	-1.008510e-05	1
19	rs4801562	58634756	0	-9.304879e-04	-1.942105e-05	1
19	rs4801564	58644826	0	-8.566519e-04	-1.752662e-05	1
19	rs4801565	58674249	0	-1.325524e-03	-2.803231e-05	1
19	rs4801566	58674788	0	-1.138874e-03	-2.394376e-05	1
19	rs4801567	58675005	0	-1.142358e-03	-2.398808e-05	1
19	rs4801572	58752932	0	1.953641e-04	4.149312e-06	1
19	rs4801573	58754058	0	1.953641e-04	4.149312e-06	1
19	rs4801574	58754102	0	1.953641e-04	4.149311e-06	1
19	rs4801576	58779342	0	-9.235877e-05	-1.971693e-06	1
19	rs4801577	58799044	0	-2.002361e-04	-4.269837e-06	1
19	rs4801578	58801599	0	-2.002361e-04	-4.269837e-06	1
19	rs4801579	58863449	0	-1.256285e-03	-2.680367e-05	1
19	rs4801581	58913312	0	-1.912885e-03	-4.025213e-05	1
19	rs4801583	58918405	0	-7.643999e-04	-1.553658e-05	1
19	rs4801584	58920702	0	-1.857708e-03	-3.977348e-05	1
19	rs4801585	58934305	0	-7.196864e-04	-1.463747e-05	1
19	rs4801586	58934528	0	-7.643999e-04	-1.553657e-05	1
19	rs4801587	58936679	0	-7.643999e-04	-1.553657e-05	1
19	rs4801588	58949046	0	-1.895950e-03	-4.070169e-05	1
19	rs4801589	58953398	0	-9.121650e-05	-1.834553e-06	1
19	rs4801590	58961813	0	-1.554184e-04	-3.134489e-06	1
19	rs4801591	58970099	0	-1.965072e-03	-4.225124e-05	1
19	rs4801593	58972252	0	-1.966087e-03	-4.227456e-05	1
19	rs4801595	58978517	0	-2.660467e-04	-5.403032e-06	1
19	rs495839	58545500	2	-5.645861e-04	-1.193740e-05	1
19	rs500286	58785900	0	-2.654910e-03	-5.783166e-05	1
19	rs523073	58647358	0	6.080701e-05	1.236628e-06	1
19	rs547045	58788236	0	6.733092e-04	1.382132e-05	1
19	rs548671	58801518	1	-1.220515e-03	-2.522666e-05	1
19	rs550471	58801687	0	-3.093916e-04	-6.380943e-06	1
19	rs551116	58684611	0	-2.992789e-04	-6.073587e-06	1
19	rs55633425	58948018	0	-3.246256e-04	-6.708892e-06	1
19	rs55633565	58530628	0	-4.508527e-04	-9.409596e-06	1
19	rs55697390	58674301	0	-2.302549e-04	-4.886211e-06	1
19	rs55734122	58733610	0	-3.878637e-04	-8.056595e-06	1
19	rs55827758	58842450	0	3.082204e-04	6.505813e-06	1
19	rs55833862	58637690	0	1.006214e-03	2.117752e-05	1
19	rs55857578	58914925	0	-6.594338e-05	-1.360976e-06	1
19	rs55875034	58983558	0	4.847856e-04	1.012621e-05	1
19	rs55945602	58632305	0	-9.610394e-04	-2.015913e-05	1
19	rs55959018	58935768	0	-1.895950e-03	-4.070168e-05	1
19	rs56065611	58520480	0	-1.030822e-04	-2.079760e-06	1
19	rs56066701	58841066	0	3.082204e-04	6.505812e-06	1
19	rs56121586	58585744	0	-1.164691e-03	-2.403085e-05	1
19	rs56161266	58816642	0	-2.513412e-04	-5.387150e-06	1
19	rs56236214	58817958	0	4.079807e-04	8.749575e-06	1
19	rs56273550	58611001	0	-7.718635e-05	-1.648593e-06	1
19	rs56290606	58919320	0	-1.973838e-04	-4.080416e-06	1
19	rs56292587	58919066	0	-1.973838e-04	-4.080416e-06	1
19	rs56332086	58917700	0	-3.062421e-04	-6.336598e-06	1
19	rs56394914	58882740	0	-5.008446e-04	-1.017658e-05	1
19	rs56395112	58577672	0	-1.397989e-03	-2.907179e-05	1
19	rs56654816	58845187	0	3.082204e-04	6.505812e-06	1
19	rs56688575	58851238	0	3.082204e-04	6.505811e-06	1
19	rs56725489	58830709	0	-4.408411e-04	-9.234606e-06	1
19	rs57140425	58709015	0	-2.922578e-04	-6.189255e-06	1
19	rs57201473	58851686	0	3.082204e-04	6.505810e-06	1
19	rs57656768	58648536	0	-3.522653e-04	-7.543754e-06	1
19	rs57760408	58821683	0	-6.351730e-04	-1.344995e-05	1
19	rs57785785	58815158	0	-1.250914e-04	-2.662156e-06	1
19	rs57797045	58534654	0	-8.029176e-04	-1.693580e-05	1
19	rs58071659	58784272	0	-1.959469e-04	-4.192585e-06	1
19	rs58231369	58754967	0	1.953641e-04	4.149309e-06	1
19	rs58371330	58823196	0	-8.268063e-04	-1.753083e-05	1
19	rs58412590	58887647	0	3.203775e-04	6.761708e-06	1
19	rs58509147	58840490	0	4.170788e-04	8.809787e-06	1
19	rs58576937	58577443	0	7.289718e-05	1.561919e-06	1
19	rs58617733	58842534	0	3.082204e-04	6.505809e-06	1
19	rs58899074	58611996	0	-2.473752e-04	-5.016779e-06	1
19	rs59054150	58850341	0	3.082204e-04	6.505809e-06	1
19	rs59114323	58649994	0	-8.798781e-04	-1.827008e-05	1
19	rs59238777	58625136	0	1.205420e-04	2.561176e-06	1
19	rs59401383	58882767	0	3.846053e-04	8.115187e-06	1
19	rs59678004	58813932	0	-2.455884e-04	-5.025553e-06	1
19	rs59874238	58841861	0	3.082204e-04	6.505808e-06	1
19	rs59894429	58577444	0	-1.397989e-03	-2.907179e-05	1
19	rs59908383	58828737	0	-4.769410e-04	-9.996354e-06	1
19	rs59925483	58672788	0	1.866497e-04	3.997387e-06	1
19	rs59967605	58835563	0	-5.199799e-04	-1.091884e-05	1
19	rs60075099	58831141	0	-5.935086e-04	-1.250404e-05	1
19	rs60245393	58842745	0	3.082204e-04	6.505807e-06	1
19	rs60296671	58843881	0	3.082204e-04	6.505806e-06	1
19	rs60329830	58755072	0	1.953641e-04	4.149308e-06	1
19	rs60348321	58841939	0	3.082204e-04	6.505806e-06	1
19	rs60404734	58812785	0	1.859831e-04	3.970226e-06	1
19	rs60818748	58842735	0	3.082204e-04	6.505805e-06	1
19	rs60973470	58779425	0	-2.038469e-04	-4.364374e-06	1
19	rs61096651	58845296	0	3.082204e-04	6.505805e-06	1
19	rs61219003	58842883	6	-4.462521e-04	-9.590448e-06	1
19	rs61301121	58745159	0	1.541699e-03	3.338593e-05	1
19	rs61460516	58851462	0	3.082204e-04	6.505804e-06	1
19	rs61468392	58823221	0	-6.351730e-04	-1.344996e-05	1
19	rs61514202	58844606	0	3.082204e-04	6.505803e-06	1
19	rs61521274	58830879	0	-4.769410e-04	-9.996358e-06	1
19	rs61566502	58581038	0	1.206434e-03	2.494290e-05	1
19	rs61635555	58834694	0	-6.365475e-04	-1.343823e-05	1
19	rs61745224	58723706	0	3.924932e-04	8.424986e-06	1
19	rs61746129	58879701	0	4.934637e-04	1.042116e-05	1
19	rs61746138	58879660	0	4.934637e-04	1.042116e-05	1
19	rs620297	58545433	0	-1.870642e-03	-3.950609e-05	1
19	rs62114175	58776480	0	1.148492e-04	2.337063e-06	1
19	rs62114176	58776483	0	7.678012e-06	1.663212e-07	1
19	rs62114178	58778451	0	-2.069357e-03	-4.401022e-05	1
19	rs62114179	58778512	0	-5.527226e-04	-1.122941e-05	1
19	rs62114183	58786176	0	4.466576e-04	9.242329e-06	1
19	rs62114208	58787115	0	3.093229e-04	6.390630e-06	1
19	rs62114212	58831966	0	-3.533565e-04	-7.339487e-06	1
19	rs62116004	58720201	0	-3.373720e-04	-6.926364e-06	1
19	rs62116017	58738767	0	-8.021907e-04	-1.664153e-05	1
19	rs62116373	58850206	0	7.623546e-05	1.635375e-06	1
19	rs62116378	58875268	0	2.398231e-04	5.053201e-06	1
19	rs62116379	58875335	0	2.398231e-04	5.053201e-06	1
19	rs62116380	58876618	0	3.486815e-04	7.353621e-06	1
19	rs62116381	58877385	0	3.486815e-04	7.353620e-06	1
19	rs62116383	58880761	0	4.934637e-04	1.042116e-05	1
19	rs62116384	58880884	0	3.018304e-04	6.356532e-06	1
19	rs62116388	58884162	0	3.203775e-04	6.761701e-06	1
19	rs62116389	58885267	0	-9.513592e-04	-2.038931e-05	1
19	rs62116432	58901227	0	-8.158989e-04	-1.678014e-05	1
19	rs62116437	58922551	0	-1.895950e-03	-4.070167e-05	1
19	rs62117593	58941915	0	-1.433568e-03	-3.025249e-05	1
19	rs62117594	58942709	0	-1.433568e-03	-3.025249e-05	1
19	rs62117596	58953099	0	-1.448011e-03	-3.053445e-05	1
19	rs62125248	58568181	0	-2.676651e-03	-5.784700e-05	1
19	rs62125894	58679627	0	-1.587529e-03	-3.386927e-05	1
19	rs62125914	58706186	0	-6.479699e-04	-1.338009e-05	1
19	rs62125917	58711509	0	-6.479699e-04	-1.338009e-05	1
19	rs62126787	58586371	0	-1.397989e-03	-2.907178e-05	1
19	rs62126791	58587777	0	-1.164691e-03	-2.403084e-05	1
19	rs62126796	58612051	1	-4.400617e-04	-9.145129e-06	1
19	rs63283	58740490	0	5.833745e-04	1.225271e-05	1
19	rs6510116	58604319	0	9.949303e-05	2.074767e-06	1
19	rs6510125	58637152	0	-2.783733e-06	-5.798398e-08	1
19	rs6510126	58675916	0	-1.142358e-03	-2.398808e-05	1
19	rs6510128	58761107	0	-8.292236e-04	-1.695580e-05	1
19	rs6510129	58761533	0	-8.292236e-04	-1.695580e-05	1
19	rs6510131	58776347	0	2.184089e-05	4.623364e-07	1
19	rs6510133	58801186	0	-1.161208e-03	-2.392433e-05	1
19	rs6510136	58824721	0	-1.132504e-04	-2.381156e-06	1
19	rs6510137	58864150	0	-8.407859e-04	-1.787420e-05	1
19	rs6510139	58885702	0	-9.942232e-04	-2.041434e-05	1
19	rs6510140	58885773	0	-7.433331e-04	-1.520149e-05	1
19	rs6510141	58885786	0	-6.738457e-04	-1.373299e-05	1
19	rs6510142	58885842	0	3.203775e-04	6.761698e-06	1
19	rs6510143	58885874	0	-5.365057e-04	-1.142417e-05	1
19	rs6510148	58924210	0	-4.134443e-04	-8.493638e-06	1
19	rs6510152	58953319	0	-2.814753e-04	-5.684364e-06	1
19	rs6510153	58975609	0	-2.385179e-04	-5.072923e-06	1
19	rs66616365	58667964	0	1.153222e-04	2.368649e-06	1
19	rs67047437	58676662	0	-3.261159e-04	-6.725684e-06	1
19	rs67781917	58524126	0	5.144478e-04	1.064729e-05	1
19	rs67825948	58525067	0	5.144478e-04	1.064729e-05	1
19	rs67978350	58894455	0	-3.358893e-04	-6.955920e-06	1
19	rs71333247	58559583	0	2.959487e-04	6.122346e-06	1
19	rs71333251	58738839	0	-7.098268e-04	-1.472264e-05	1
19	rs71333260	58922220	0	-3.062421e-04	-6.336593e-06	1
19	rs71354068	58531715	0	-3.685334e-04	-7.833035e-06	1
19	rs71355829	58551080	0	1.045883e-04	2.168335e-06	1
19	rs71355833	58657180	0	-1.037225e-03	-2.157947e-05	1
19	rs719009	58584722	0	-1.164691e-03	-2.403083e-05	1
19	rs719010	58584765	0	-1.164691e-03	-2.403083e-05	1
19	rs719011	58584841	0	-1.046951e-03	-2.153562e-05	1
19	rs723669	58563100	0	-1.069457e-03	-2.236346e-05	1
19	rs7245923	58874709	0	2.398231e-04	5.053192e-06	1
19	rs7246174	58765348	0	4.353645e-05	9.204974e-07	1
19	rs7246751	58804121	0	1.712711e-04	3.635043e-06	1
19	rs7248057	58774513	0	8.321135e-05	1.770118e-06	1
19	rs7248493	58711108	0	-3.196552e-04	-6.614685e-06	1
19	rs7248512	58716363	0	-8.281772e-04	-1.690465e-05	1
19	rs7249664	58586610	0	-3.428807e-04	-7.029018e-06	1
19	rs7250280	58713774	0	-6.776935e-04	-1.399879e-05	1
19	rs7250394	58930177	0	4.893776e-05	1.013738e-06	1
19	rs7250524	58611423	0	-2.473752e-04	-5.016771e-06	1
19	rs7250610	58611723	0	-2.964507e-04	-6.195948e-06	1
19	rs7250711	58611592	0	-2.473752e-04	-5.016770e-06	1
19	rs7250715	58611606	0	-3.312391e-04	-6.850366e-06	1
19	rs7250752	58893108	0	1.576072e-04	3.317802e-06	1
19	rs7250816	58581572	0	1.634586e-04	3.361509e-06	1
19	rs7250889	58900337	0	1.279184e-04	2.590387e-06	1
19	rs7251261	58629081	10	-3.766341e-04	-7.809523e-06	1
19	rs7251536	58620679	0	2.167422e-04	4.453042e-06	1
19	rs7251813	58893700	0	-1.192744e-03	-2.462078e-05	1
19	rs7252129	58657428	0	1.891932e-04	3.887027e-06	1
19	rs7252304	58629122	1	-3.711585e-04	-7.702521e-06	1
19	rs7252333	58900747	0	1.279184e-04	2.590383e-06	1
19	rs7253055	58793554	0	6.875940e-04	1.417293e-05	1
19	rs7253344	58779340	0	-7.314853e-04	-1.486927e-05	1
19	rs7253357	58779369	0	-5.527226e-04	-1.122940e-05	1
19	rs7254178	58979958	0	-2.385179e-04	-5.072924e-06	1
19	rs7254299	58884965	0	-3.296251e-04	-6.686669e-06	1
19	rs7254639	58876797	0	3.486815e-04	7.353609e-06	1
19	rs7255290	58583832	0	1.206434e-03	2.494288e-05	1
19	rs7255489	58879965	0	-3.927869e-04	-8.350188e-06	1
19	rs7255491	58901394	0	1.279184e-04	2.590380e-06	1
19	rs7255596	58879976	0	-3.927869e-04	-8.350188e-06	1
19	rs7255605	58584251	0	1.206434e-03	2.494288e-05	1
19	rs7255916	58880016	0	4.480663e-04	9.479083e-06	1
19	rs7256349	58718269	0	-3.076485e-04	-6.314165e-06	1
19	rs7256664	58600587	0	1.822955e-03	3.904163e-05	1
19	rs7256809	58880184	0	4.934637e-04	1.042115e-05	1
19	rs7256940	58880242	0	4.934637e-04	1.042114e-05	1
19	rs7256964	58882186	0	-8.854542e-04	-1.814782e-05	1
19	rs7257788	58788901	0	-2.002361e-04	-4.269840e-06	1
19	rs7257872	58928786	0	-4.134443e-04	-8.493637e-06	1
19	rs7257999	58964860	0	2.313835e-04	4.714089e-06	1
19	rs7258103	58627235	0	-2.889221e-04	-5.958320e-06	1
19	rs7258239	58734410	2	4.304008e-04	9.050732e-06	1
19	rs7259841	58951123	0	-3.020179e-04	-6.103073e-06	1
19	rs7260445	58571049	0	-4.163510e-04	-8.890778e-06	1
19	rs7260571	58925286	0	-7.643999e-04	-1.553655e-05	1
19	rs72629170	58876368	0	6.292582e-04	1.329618e-05	1
19	rs72629171	58880848	0	3.018304e-04	6.356517e-06	1
19	rs73056266	58702854	0	-1.992116e-04	-4.268394e-06	1
19	rs73056270	58709763	0	-1.992116e-04	-4.268394e-06	1
19	rs73056279	58726998	0	-7.749824e-04	-1.663486e-05	1
19	rs73056286	58750550	0	8.864190e-05	1.878553e-06	1
19	rs73056388	58584525	0	1.206434e-03	2.494288e-05	1
19	rs73058504	58589515	0	-1.164691e-03	-2.403082e-05	1
19	rs73060214	58846001	0	3.802253e-04	8.160260e-06	1
19	rs73060254	58899245	0	2.575240e-04	5.511397e-06	1
19	rs73060258	58902954	0	-3.358893e-04	-6.955913e-06	1
19	rs73060293	58923050	0	-3.062421e-04	-6.336587e-06	1
19	rs73062110	58936642	0	-6.495202e-04	-1.349378e-05	1
19	rs73064225	58974378	0	-1.722408e-03	-3.664897e-05	1
19	rs73071847	58548748	0	2.808631e-05	5.872708e-07	1
19	rs731259	58989424	0	4.847856e-04	1.012622e-05	1
19	rs731835	58898436	0	-3.425345e-05	-7.054958e-07	1
19	rs734379	58899182	0	6.053132e-05	1.218771e-06	1
19	rs734380	58898963	0	-1.280330e-03	-2.632582e-05	1
19	rs735507	58720360	0	-7.643266e-04	-1.582149e-05	1
19	rs73566790	58743866	0	1.650583e-03	3.585625e-05	1
19	rs73570604	58810827	0	1.559166e-03	3.350998e-05	1
19	rs73570633	58828121	0	-6.365475e-04	-1.343823e-05	1
19	rs73570653	58832874	0	-5.199799e-04	-1.091885e-05	1
19	rs73570658	58834522	0	-6.365475e-04	-1.343823e-05	1
19	rs73570691	58841364	0	3.082204e-04	6.505794e-06	1
19	rs73570694	58841515	0	3.082204e-04	6.505793e-06	1
19	rs73572621	58845441	0	3.082204e-04	6.505793e-06	1
19	rs73572630	58847132	0	1.993362e-04	4.209760e-06	1
19	rs73572641	58852541	0	3.082204e-04	6.505792e-06	1
19	rs7359845	58831819	0	-4.769410e-04	-9.996367e-06	1
19	rs7359922	58830261	0	-4.769410e-04	-9.996367e-06	1
19	rs73939627	58848734	0	2.999643e-04	6.341758e-06	1
19	rs7408188	58939389	0	-7.643999e-04	-1.553654e-05	1
19	rs7409473	58939165	0	-7.643999e-04	-1.553654e-05	1
19	rs74357328	58550617	0	-8.680043e-04	-1.873064e-05	1
19	rs74414988	58524349	0	6.722509e-04	1.426901e-05	1
19	rs74496797	58749776	0	1.953641e-04	4.149301e-06	1
19	rs74625788	58757001	0	1.953641e-04	4.149301e-06	1
19	rs74815034	58658965	0	-1.046432e-03	-2.178825e-05	1
19	rs74831398	58919814	0	-4.074275e-04	-8.708197e-06	1
19	rs75072205	58755366	0	3.042225e-04	6.464804e-06	1
19	rs7507609	58611111	0	8.386386e-05	1.703839e-06	1
19	rs7508106	58876115	0	-4.808314e-04	-1.023759e-05	1
19	rs751745	58722129	0	7.776488e-04	1.674314e-05	1
19	rs75196460	58952297	0	-2.998215e-04	-6.402767e-06	1
19	rs753530	58632768	0	-4.411516e-04	-9.186171e-06	1
19	rs75597	58720236	0	3.878937e-04	8.197378e-06	1
19	rs75814085	58993994	0	1.435709e-04	3.045345e-06	1
19	rs75904835	58810044	0	5.087692e-04	1.088407e-05	1
19	rs75999937	58924419	0	3.589768e-04	7.702904e-06	1
19	rs76652149	58524660	0	6.722509e-04	1.426901e-05	1
19	rs76795181	58684319	0	-1.965304e-04	-4.217135e-06	1
19	rs76798942	58653114	0	9.917740e-04	2.083531e-05	1
19	rs76938992	58877357	0	-4.041981e-04	-8.661933e-06	1
19	rs76958646	58562357	0	-4.172736e-04	-8.914901e-06	1
19	rs76963345	58743142	0	8.035797e-04	1.726769e-05	1
19	rs77140992	58521189	0	6.722509e-04	1.426901e-05	1
19	rs77193614	58820450	0	1.086739e-03	2.319319e-05	1
19	rs77222313	58533610	0	5.095711e-04	1.078936e-05	1
19	rs77235242	58929230	0	3.992935e-05	8.583358e-07	1
19	rs77262558	58684431	0	1.244951e-04	2.655546e-06	1
19	rs77377117	58742665	0	-4.985745e-04	-1.066543e-05	1
19	rs77498029	58993254	0	4.007365e-04	8.368034e-06	1
19	rs77755501	58915005	0	-1.832290e-04	-3.889691e-06	1
19	rs78202231	58668413	0	1.256457e-04	2.684984e-06	1
19	rs78282479	58682941	0	-1.475058e-04	-3.131711e-06	1
19	rs78293168	58755872	0	1.953641e-04	4.149300e-06	1
19	rs78487872	58855393	0	-3.255401e-04	-6.987976e-06	1
19	rs78560062	58662212	0	-1.200530e-03	-2.534106e-05	1
19	rs78604285	58712758	0	-8.188079e-04	-1.759385e-05	1
19	rs78664025	58695007	0	-5.374198e-04	-1.150626e-05	1
19	rs78968038	58658294	0	1.891932e-04	3.887028e-06	1
19	rs79132177	58701780	0	-2.922578e-04	-6.189261e-06	1
19	rs79135878	58642383	0	1.256457e-04	2.684984e-06	1
19	rs79192210	58561312	0	1.930281e-04	4.136998e-06	1
19	rs79208032	58556652	0	-8.104862e-04	-1.693185e-05	1
19	rs79222418	58664418	0	-8.908696e-04	-1.864688e-05	1
19	rs79259289	58752257	0	1.125060e-03	2.360712e-05	1
19	rs79282983	58898840	0	-3.775419e-04	-7.963829e-06	1
19	rs79287592	58789765	0	-9.977295e-06	-2.145704e-07	1
19	rs79463936	58755254	0	3.042225e-04	6.464803e-06	1
19	rs79481083	58820403	0	6.930244e-04	1.469305e-05	1
19	rs79562691	58745897	0	3.472574e-04	7.460559e-06	1
19	rs79894507	58699453	0	-8.188079e-04	-1.759385e-05	1
19	rs79955355	58665816	0	-2.356006e-04	-5.047273e-06	1
19	rs80090318	58702017	0	-2.922578e-04	-6.189262e-06	1
19	rs80153933	58526696	0	7.776512e-04	1.651843e-05	1
19	rs80298408	58807275	0	3.815369e-04	8.170984e-06	1
19	rs80320621	58816329	0	-6.711709e-06	-1.438254e-07	1
19	rs8099852	58895221	0	-1.485710e-03	-3.088945e-05	1
19	rs8100259	58932360	0	-1.895950e-03	-4.070165e-05	1
19	rs8100276	58534236	0	-8.029176e-04	-1.693579e-05	1
19	rs8100534	58534484	0	-8.029176e-04	-1.693579e-05	1
19	rs8100738	58581904	0	-1.164691e-03	-2.403082e-05	1
19	rs8100801	58892060	0	1.576072e-04	3.317791e-06	1
19	rs8101391	58892524	0	-7.281390e-04	-1.555416e-05	1
19	rs8102157	58589599	0	5.460022e-05	1.123248e-06	1
19	rs8102402	58892672	0	-7.281390e-04	-1.555416e-05	1
19	rs8102457	58926008	0	-4.134443e-04	-8.493626e-06	1
19	rs8103853	58577762	0	1.634586e-04	3.361504e-06	1
19	rs8104061	58795986	0	3.531837e-04	7.259884e-06	1
19	rs8104221	58905109	0	-1.125403e-03	-2.341102e-05	1
19	rs8104276	58603983	0	-2.018463e-04	-4.149065e-06	1
19	rs8105044	58796805	0	-1.911236e-03	-4.026236e-05	1
19	rs8105799	58761585	0	-8.292236e-04	-1.695578e-05	1
19	rs8105906	58791636	0	-2.002361e-04	-4.269841e-06	1
19	rs8105935	58821088	0	1.086739e-03	2.319319e-05	1
19	rs8106345	58888317	0	-4.822124e-04	-9.801209e-06	1
19	rs8106477	58888441	0	-8.980613e-04	-1.839824e-05	1
19	rs8107581	58809154	0	4.139703e-04	8.395186e-06	1
19	rs8107931	58636461	0	-2.508927e-04	-5.220116e-06	1
19	rs8108238	58757968	0	1.953641e-04	4.149299e-06	1
19	rs8108371	58730394	0	9.447444e-04	2.028071e-05	1
19	rs8108493	58730489	0	9.059180e-04	1.948246e-05	1
19	rs8109093	58833871	0	-5.199799e-04	-1.091885e-05	1
19	rs8109275	58629878	0	-4.411516e-04	-9.186167e-06	1
19	rs8109359	58629914	0	-4.411516e-04	-9.186166e-06	1
19	rs8109471	58621794	0	-2.508927e-04	-5.220113e-06	1
19	rs8109694	58621307	0	-3.764720e-04	-7.861181e-06	1
19	rs8109925	58623323	0	-2.508927e-04	-5.220111e-06	1
19	rs8109932	58903466	0	1.279184e-04	2.590359e-06	1
19	rs8109937	58584643	0	-1.164691e-03	-2.403082e-05	1
19	rs8110117	58600626	0	-1.589078e-03	-3.372943e-05	1
19	rs8110249	58824237	0	-4.031230e-04	-8.463079e-06	1
19	rs8110941	58824163	0	-7.757674e-04	-1.636101e-05	1
19	rs8111222	58750413	0	-9.363948e-04	-1.920327e-05	1
19	rs8111238	58667076	0	1.988645e-04	4.085198e-06	1
19	rs8111301	58750326	0	1.953641e-04	4.149299e-06	1
19	rs8111498	58749994	0	3.856229e-04	8.201151e-06	1
19	rs8112286	58752391	0	-5.249075e-05	-1.120628e-06	1
19	rs8112340	58759679	0	3.042483e-04	6.456976e-06	1
19	rs8112556	58886459	0	-5.365057e-04	-1.142417e-05	1
19	rs8113810	58932106	0	-7.643999e-04	-1.553654e-05	1
19	rs877796	58753615	0	-2.196738e-04	-4.657376e-06	1
19	rs877797	58753649	0	1.953641e-04	4.149298e-06	1
19	rs882609	58991479	0	-4.980436e-04	-1.013723e-05	1
19	rs882610	58991900	0	-7.985106e-04	-1.651858e-05	1
19	rs889158	58601981	0	6.468221e-04	1.322976e-05	1
19	rs889159	58584522	0	-8.801961e-04	-1.803497e-05	1
19	rs889160	58584434	0	5.808413e-05	1.194082e-06	1
19	rs889161	58584324	0	-1.164691e-03	-2.403082e-05	1
19	rs893179	58899056	0	2.938208e-04	5.969922e-06	1
19	rs893180	58865091	0	-7.977471e-04	-1.695391e-05	1
19	rs893181	58865082	0	-7.977471e-04	-1.695391e-05	1
19	rs893182	58865068	0	-7.977471e-04	-1.695391e-05	1
19	rs893183	58865054	0	-8.407859e-04	-1.787418e-05	1
19	rs893184	58864479	0	-8.407859e-04	-1.787418e-05	1
19	rs893185	58989495	0	-3.424265e-04	-6.960947e-06	1
19	rs893186	58969179	0	-5.763030e-05	-1.159325e-06	1
19	rs893187	58963018	0	-1.975128e-03	-4.243381e-05	1
19	rs893188	58962958	0	-1.531553e-03	-3.234156e-05	1
19	rs918544	58620103	0	-2.508927e-04	-5.220110e-06	1
19	rs918545	58620068	0	-2.508927e-04	-5.220109e-06	1
19	rs922929	58734596	0	6.579209e-04	1.389792e-05	1
19	rs922931	58734749	0	8.481797e-04	1.796668e-05	1
19	rs9304813	58931557	0	-7.196864e-04	-1.463741e-05	1
19	rs9304814	58951811	0	-7.373531e-05	-1.483378e-06	1
19	rs933670	58619847	0	4.990139e-04	1.053847e-05	1
19	rs9676281	58756728	0	8.819287e-05	1.872586e-06	1
19	rs9676287	58756655	0	1.953641e-04	4.149296e-06	1
19	rs9676487	58756869	0	8.819287e-05	1.872585e-06	1
19	rs971711	58632872	0	-3.764720e-04	-7.861178e-06	1
19	rs9749456	58882192	0	-5.602586e-05	-1.144503e-06	1
19	rs975947	58898193	0	-1.184168e-03	-2.430543e-05	1
19	rs9941466	58945962	0	-1.555856e-04	-3.314534e-06	1
