chr	rs	ps	n_miss	b	beta	gamma
16	rs10083738	29927702	0	-1.437038e-03	-1.530480e-04	1
16	rs10163301	29149596	0	1.322903e-03	2.172560e-04	1
16	rs10204	29826538	0	-6.090302e-04	-8.188176e-05	1
16	rs10445105	29999488	0	-2.766413e-04	-4.704469e-05	1
16	rs1045968	29826365	0	4.423759e-05	6.317977e-06	1
16	rs10499	28915527	0	6.534976e-04	6.529005e-05	1
16	rs1050881	29675928	0	1.194525e-04	2.086780e-05	1
16	rs10521145	28596884	0	-8.371201e-04	-1.359614e-04	1
16	rs1057451	29833488	0	6.090302e-04	8.188176e-05	1
16	rs1057452	29833714	0	3.890059e-04	5.671590e-05	1
16	rs1059491	28603655	0	-5.459253e-04	-5.310268e-05	1
16	rs1074629	28554148	0	-4.862246e-04	-9.733199e-05	1
16	rs1074631	28554108	0	-8.640186e-04	-8.720941e-05	1
16	rs10797300	28607196	0	-8.371201e-04	-1.359614e-04	1
16	rs10871449	29652488	0	-2.094570e-03	-2.515271e-04	1
16	rs10871451	29986205	0	4.227293e-04	3.933896e-05	1
16	rs10871481	29284112	0	4.631624e-04	4.759265e-05	1
16	rs11074908	28608356	0	-7.016972e-04	-1.063853e-04	1
16	rs11074911	28583865	0	-2.541282e-04	-2.456089e-05	1
16	rs1109520	29190758	0	-1.359666e-03	-1.662719e-04	1
16	rs1109521	29190753	0	-1.676564e-03	-2.231283e-04	1
16	rs111265045	30373233	0	6.553296e-04	8.016507e-05	1
16	rs11150561	29644794	0	-1.295081e-03	-1.424728e-04	1
16	rs11150563	29662903	0	-7.325339e-04	-6.844755e-05	1
16	rs11150564	29666736	0	-1.465780e-03	-1.464837e-04	1
16	rs11150574	29934819	0	-1.437038e-03	-1.530479e-04	1
16	rs11150575	29935066	0	-1.558828e-03	-1.696211e-04	1
16	rs11150576	29965496	0	-3.787277e-04	-3.535564e-05	1
16	rs11150577	29986525	0	-4.349635e-04	-4.089699e-05	1
16	rs11150579	30000330	0	-4.349635e-04	-4.089698e-05	1
16	rs11150580	30014564	0	-3.093180e-04	-2.897256e-05	1
16	rs11150581	30030699	0	-4.160158e-04	-4.390838e-05	1
16	rs11150582	30034127	0	1.097804e-03	1.892783e-04	1
16	rs11150583	30034189	0	4.222650e-04	4.092049e-05	1
16	rs11150585	30184286	0	2.957878e-03	4.788543e-04	1
16	rs11150586	30420851	0	1.425250e-03	1.689188e-04	1
16	rs11150609	28870596	0	-6.125866e-04	-5.848443e-05	1
16	rs11150623	28881001	0	8.255769e-05	7.921907e-06	1
16	rs11150675	28980531	0	-3.443985e-04	-3.321113e-05	1
16	rs11150696	29142826	0	6.237698e-04	8.954614e-05	1
16	rs11150712	29243047	0	-1.290196e-03	-1.657020e-04	1
16	rs11150713	29282753	0	6.620787e-04	8.024085e-05	1
16	rs111688805	30448522	0	-3.905660e-04	-5.933668e-05	1
16	rs111693583	28583610	0	-3.234276e-04	-3.106756e-05	1
16	rs111720341	28522590	0	-5.485303e-04	-9.655536e-05	1
16	rs111820348	28645127	0	3.117229e-04	3.078384e-05	1
16	rs111875922	28562479	0	8.952132e-05	1.885081e-05	1
16	rs112047757	28590862	0	-3.234276e-04	-3.106755e-05	1
16	rs112128999	29264813	0	-6.167982e-04	-7.862797e-05	1
16	rs112131656	29764539	0	4.637322e-05	5.684820e-06	1
16	rs112165220	29408955	0	6.609410e-04	1.202379e-04	1
16	rs112191041	28583362	0	-3.234276e-04	-3.106755e-05	1
16	rs112194055	30120942	0	-3.106370e-04	-5.716521e-05	1
16	rs112201399	29690177	0	7.805862e-04	1.569883e-04	1
16	rs112265026	29809181	0	1.454468e-04	2.626490e-05	1
16	rs112294239	30052868	0	-1.166092e-04	-2.140075e-05	1
16	rs112366001	28561785	1	-4.003232e-04	-3.864341e-05	1
16	rs112400041	29669780	0	1.390203e-04	2.325948e-05	1
16	rs112414374	30353586	0	7.277905e-04	1.185228e-04	1
16	rs112484223	29764728	0	9.344453e-05	1.127632e-05	1
16	rs112498248	29259987	0	-2.411826e-04	-2.834540e-05	1
16	rs112517029	28567754	0	-1.199379e-03	-2.449538e-04	1
16	rs112533759	30003756	0	1.228703e-04	2.337330e-05	1
16	rs112549897	29832950	0	3.748099e-04	6.574933e-05	1
16	rs112565029	30102391	0	-1.878168e-04	-3.802813e-05	1
16	rs112600506	29004363	0	-5.905503e-05	-1.009413e-05	1
16	rs112625256	29314477	0	9.211349e-04	1.517302e-04	1
16	rs112652568	29412437	0	4.841197e-04	8.511293e-05	1
16	rs112780074	29150174	0	5.359095e-04	7.424789e-05	1
16	rs112831778	28590989	0	-8.600753e-04	-8.651806e-05	1
16	rs1129003	30017283	0	1.801386e-03	3.978680e-04	1
16	rs112918513	29230177	0	7.876154e-04	1.306667e-04	1
16	rs1129700	29918034	0	-2.300981e-03	-3.308009e-04	1
16	rs112997245	30010353	0	1.836610e-03	4.152381e-04	1
16	rs113029997	28825100	0	-5.217311e-04	-4.989895e-05	1
16	rs113072320	30187226	0	1.209478e-03	2.162945e-04	1
16	rs113079736	28860183	0	-6.125866e-04	-5.848437e-05	1
16	rs113100612	29222962	0	-7.079423e-04	-7.896014e-05	1
16	rs113118899	29296414	0	5.811291e-04	8.616508e-05	1
16	rs113137773	29753314	0	3.433323e-05	4.906754e-06	1
16	rs113145245	29278701	0	9.489875e-04	1.435808e-04	1
16	rs1131543	28997997	0	4.438935e-04	5.088411e-05	1
16	rs113208333	28606160	0	-1.252387e-04	-1.190477e-05	1
16	rs113223003	29765012	0	-3.567437e-04	-5.171040e-05	1
16	rs1133238	30455458	0	1.179067e-04	2.024749e-05	1
16	rs113376800	29736698	0	3.547336e-04	4.567703e-05	1
16	rs113378736	29294130	0	6.724550e-04	9.649723e-05	1
16	rs113389983	29285085	0	9.489875e-04	1.435808e-04	1
16	rs11344	29910518	0	-1.120487e-04	-1.103127e-05	1
16	rs113443718	29892184	0	-6.254491e-04	-6.834348e-05	1
16	rs113458503	28973267	0	-4.388726e-04	-4.065375e-05	1
16	rs1134700	29709777	0	1.114744e-04	1.541404e-05	1
16	rs113478212	29596230	0	-8.615790e-04	-1.916810e-04	1
16	rs113592099	29751483	0	5.044264e-04	6.362212e-05	1
16	rs113753753	29891206	0	5.201162e-04	1.056931e-04	1
16	rs1137843	28977713	0	-4.359059e-04	-4.219699e-05	1
16	rs113826909	29747901	0	-5.504848e-05	-7.730460e-06	1
16	rs113834633	29662778	0	-3.167608e-04	-6.475927e-05	1
16	rs11401	28602991	0	-9.654241e-04	-1.423748e-04	1
16	rs1140239	30021402	0	-4.160158e-04	-4.390828e-05	1
16	rs114588746	30053597	0	8.785289e-04	1.511082e-04	1
16	rs114956645	28830288	0	1.024539e-03	2.009365e-04	1
16	rs115014474	28516823	0	-1.475943e-04	-2.622817e-05	1
16	rs11544328	30037128	0	4.222650e-04	4.092051e-05	1
16	rs11546678	29827681	0	8.487264e-04	1.337551e-04	1
16	rs11547490	28975662	0	-1.397022e-04	-2.759087e-05	1
16	rs115518563	30055603	0	8.551806e-04	1.526244e-04	1
16	rs115616784	29000446	0	-3.443985e-04	-3.321117e-05	1
16	rs11569775	28607526	0	-5.357225e-04	-1.039551e-04	1
16	rs11574550	29673970	0	6.093775e-04	9.127932e-05	1
16	rs11574551	29673995	0	7.136740e-04	1.112071e-04	1
16	rs115777649	29344781	0	3.447642e-04	6.178621e-05	1
16	rs116286717	29275779	0	1.385131e-03	2.275086e-04	1
16	rs11639897	28952638	0	-1.099764e-04	-1.100972e-05	1
16	rs11640105	29158075	0	-1.122846e-03	-1.344850e-04	1
16	rs11640805	29160996	0	-1.215513e-03	-1.477580e-04	1
16	rs11640950	30426001	0	-9.893967e-04	-1.330955e-04	1
16	rs11641216	28893532	0	-6.125866e-04	-5.848435e-05	1
16	rs11641378	29190130	0	-1.621990e-03	-2.156221e-04	1
16	rs11641732	29154294	0	-1.122846e-03	-1.344849e-04	1
16	rs11641843	29154548	0	-1.215513e-03	-1.477580e-04	1
16	rs11641853	28589719	0	-8.371201e-04	-1.359614e-04	1
16	rs11641922	29662638	0	-7.633896e-04	-7.158271e-05	1
16	rs11642046	29993108	0	2.739021e-04	2.518910e-05	1
16	rs11642399	30059593	0	6.699744e-04	6.580226e-05	1
16	rs11642430	30045789	0	-4.160158e-04	-4.390826e-05	1
16	rs11642449	28896015	0	-2.769848e-04	-2.688704e-05	1
16	rs11642612	30030195	0	-4.160158e-04	-4.390826e-05	1
16	rs11642638	28984945	0	-3.443985e-04	-3.321117e-05	1
16	rs11642676	30371655	0	-2.043146e-03	-2.795147e-04	1
16	rs11642692	29190237	0	-1.359666e-03	-1.662716e-04	1
16	rs11642720	29157143	0	-1.122846e-03	-1.344848e-04	1
16	rs11642727	28974240	0	-3.443985e-04	-3.321118e-05	1
16	rs11642740	30060655	0	-7.956564e-04	-8.782375e-05	1
16	rs11642837	29165747	0	-1.122846e-03	-1.344848e-04	1
16	rs11642933	29946708	0	-1.563831e-03	-1.703739e-04	1
16	rs11643582	29654705	0	-2.195445e-03	-2.742490e-04	1
16	rs11644151	28895660	0	8.392523e-04	1.027058e-04	1
16	rs11644176	29158254	0	-1.215513e-03	-1.477578e-04	1
16	rs11644273	29132010	0	-1.335606e-03	-1.656533e-04	1
16	rs11644442	29153897	0	-1.122846e-03	-1.344847e-04	1
16	rs11644459	30095236	0	6.262307e-04	6.231919e-05	1
16	rs11644622	29154350	0	-1.363019e-03	-1.712016e-04	1
16	rs11644791	28601186	0	-8.371201e-04	-1.359613e-04	1
16	rs11645118	29194175	0	-1.676564e-03	-2.231277e-04	1
16	rs11645143	28893409	1	-5.954180e-04	-5.659359e-05	1
16	rs11645306	28983936	0	3.408811e-04	3.550145e-05	1
16	rs11645581	30351624	0	-2.724401e-03	-4.940504e-04	1
16	rs11646118	29926471	0	-1.515603e-03	-3.247191e-04	1
16	rs11646127	29966277	0	-3.717761e-04	-3.475793e-05	1
16	rs11646130	30376959	0	-2.123661e-03	-2.988930e-04	1
16	rs11646140	29155480	0	-1.215513e-03	-1.477577e-04	1
16	rs11646318	29265508	0	5.559374e-04	7.703103e-05	1
16	rs11646576	29145862	0	-1.435351e-03	-1.828870e-04	1
16	rs11646653	28922149	0	8.973843e-05	8.994732e-06	1
16	rs11647753	29928115	0	-2.452893e-04	-2.269788e-05	1
16	rs11647881	28606173	0	-8.371201e-04	-1.359614e-04	1
16	rs11647900	29292055	0	-2.115008e-03	-7.264107e-04	1
16	rs11648430	29022557	0	-9.737150e-04	-9.057876e-05	1
16	rs11648675	29780731	0	-3.034825e-03	-6.470991e-04	1
16	rs11648963	29214950	0	-8.534937e-04	-9.714848e-05	1
16	rs11649149	30008644	0	1.049525e-03	1.012120e-04	1
16	rs11649274	30026469	0	-5.953596e-04	-6.368668e-05	1
16	rs11649499	29908433	0	-1.229878e-03	-1.898452e-04	1
16	rs11649612	29946670	0	-1.563831e-03	-1.703737e-04	1
16	rs11649671	29328594	0	1.094766e-03	2.540811e-04	1
16	rs116878064	30063549	0	7.167866e-04	1.310051e-04	1
16	rs116922328	29965785	0	7.347569e-04	1.336841e-04	1
16	rs117075401	29614830	0	6.353031e-04	1.389445e-04	1
16	rs117075874	28606423	0	-3.442415e-04	-6.251108e-05	1
16	rs117077416	29971913	0	5.268576e-05	9.912982e-06	1
16	rs117079286	28906666	0	4.710193e-04	8.630409e-05	1
16	rs117106225	30460283	0	1.966874e-04	3.816804e-05	1
16	rs1171214	29257432	0	-1.129644e-03	-2.126505e-04	1
16	rs117198781	28523937	0	-1.475943e-04	-2.622821e-05	1
16	rs117266893	29276374	0	-2.699885e-04	-4.063344e-05	1
16	rs117310634	29285034	0	-2.699885e-04	-4.063343e-05	1
16	rs117313280	28651893	0	3.612001e-04	3.629294e-05	1
16	rs117383236	29939177	0	5.846899e-04	1.200602e-04	1
16	rs117388875	29207035	0	-5.419333e-04	-1.043039e-04	1
16	rs117400114	29356326	0	3.532266e-04	5.957012e-05	1
16	rs117417282	29137508	0	5.642440e-04	1.099711e-04	1
16	rs117470737	28581727	0	4.388894e-04	9.195223e-05	1
16	rs117472293	29172837	0	-5.419333e-04	-1.043039e-04	1
16	rs117475154	28822819	0	-1.360027e-03	-3.402531e-04	1
16	rs117481765	28492306	0	-5.668138e-04	-1.126376e-04	1
16	rs117527829	30106982	0	4.488806e-04	9.031171e-05	1
16	rs117562643	29313383	0	-2.641007e-05	-5.063172e-06	1
16	rs117580044	28859861	0	4.595337e-04	8.480571e-05	1
16	rs117590634	29934113	0	-3.319772e-05	-6.982342e-06	1
16	rs117673009	29971781	0	1.379174e-04	2.757092e-05	1
16	rs117718914	29265493	0	-2.762714e-04	-5.404462e-05	1
16	rs117782601	29613511	0	-3.820757e-04	-6.741519e-05	1
16	rs117841027	28885725	0	-4.896477e-04	-1.056419e-04	1
16	rs117870157	29316133	0	1.363086e-04	2.619488e-05	1
16	rs117898009	28838018	0	5.694472e-04	1.057943e-04	1
16	rs117905809	29246098	0	2.238660e-04	4.542682e-05	1
16	rs117985404	28600021	0	-2.575961e-04	-5.185867e-05	1
16	rs118024944	28978833	0	-3.896581e-04	-7.558296e-05	1
16	rs118027139	29963812	0	-1.228381e-03	-2.516160e-04	1
16	rs118040062	29314466	0	1.363086e-04	2.619488e-05	1
16	rs118058081	29860299	0	2.832148e-04	6.030910e-05	1
16	rs118058279	28539519	0	-9.211082e-04	-1.993638e-04	1
16	rs118064647	28558444	0	1.228993e-05	2.504340e-06	1
16	rs118134830	28552552	0	-3.442415e-04	-6.251109e-05	1
16	rs11859512	28871853	0	-6.125866e-04	-5.848430e-05	1
16	rs11859871	29835440	0	6.090302e-04	8.188178e-05	1
16	rs11859981	29138143	0	6.237698e-04	8.954603e-05	1
16	rs11860294	29273758	0	2.859474e-04	2.941331e-05	1
16	rs11860513	28825420	0	-5.217311e-04	-4.989885e-05	1
16	rs11860782	29989739	0	1.092520e-03	2.051673e-04	1
16	rs11860935	30080780	0	8.551806e-04	1.526242e-04	1
16	rs11861040	29301166	0	-1.403091e-04	-1.480620e-05	1
16	rs11861132	28871860	0	-6.125866e-04	-5.848428e-05	1
16	rs11861174	28871989	0	-6.125866e-04	-5.848427e-05	1
16	rs11861297	29298364	0	-1.403091e-04	-1.480620e-05	1
16	rs11861511	29113641	0	4.925092e-04	6.931738e-05	1
16	rs11861842	30094180	0	8.785289e-04	1.511080e-04	1
16	rs11862055	29733712	0	2.493569e-04	3.220263e-05	1
16	rs11862091	29273501	0	2.456993e-04	2.498359e-05	1
16	rs11862099	29338534	0	1.354701e-04	2.415302e-05	1
16	rs11862319	29298280	0	-1.403091e-04	-1.480621e-05	1
16	rs11862691	30187851	0	1.232133e-03	1.883443e-04	1
16	rs11862806	30364071	0	-2.368267e-03	-3.253637e-04	1
16	rs11863083	30100789	0	1.021948e-03	1.883326e-04	1
16	rs11863129	30095492	0	8.785289e-04	1.511080e-04	1
16	rs11863145	29272255	0	2.600511e-04	2.671665e-05	1
16	rs11863150	30385503	0	1.499116e-03	1.637700e-04	1
16	rs11863174	30019375	0	1.326174e-03	1.343633e-04	1
16	rs11863286	29272644	0	2.600511e-04	2.671665e-05	1
16	rs11863370	28879484	0	-6.125866e-04	-5.848425e-05	1
16	rs11863619	29134064	0	6.640179e-04	9.623824e-05	1
16	rs11863731	29848932	0	4.423759e-05	6.318128e-06	1
16	rs11863734	29848946	0	6.090302e-04	8.188178e-05	1
16	rs11863748	29835588	0	4.423759e-05	6.318129e-06	1
16	rs11864107	28885931	0	-6.125866e-04	-5.848424e-05	1
16	rs11864149	29999225	0	1.092520e-03	2.051672e-04	1
16	rs11864180	29830829	0	4.423759e-05	6.318133e-06	1
16	rs11864422	29268820	0	1.273904e-03	1.454272e-04	1
16	rs11864642	30084276	0	8.785289e-04	1.511080e-04	1
16	rs11864750	28875204	0	-6.125866e-04	-5.848423e-05	1
16	rs11865101	29288501	0	3.392692e-04	3.444810e-05	1
16	rs11865379	29274056	0	2.859474e-04	2.941327e-05	1
16	rs11865525	29244432	0	-4.774585e-04	-5.613991e-05	1
16	rs11865661	29296666	0	4.407342e-04	4.478579e-05	1
16	rs11865711	29118679	0	8.068949e-04	1.196919e-04	1
16	rs11865716	30164488	0	2.729670e-03	4.054365e-04	1
16	rs11866084	30012922	0	1.484488e-03	2.978273e-04	1
16	rs11867026	30079450	0	8.785289e-04	1.511079e-04	1
16	rs11901	29984070	0	-4.349635e-04	-4.089661e-05	1
16	rs12050928	28982517	0	2.329697e-04	2.635866e-05	1
16	rs12102320	30178516	0	2.957878e-03	4.788519e-04	1
16	rs12102648	29105470	0	-4.651281e-05	-5.621280e-06	1
16	rs12102943	29014309	1	-2.976882e-04	-3.123679e-05	1
16	rs12148998	29085164	0	-1.360073e-03	-3.005187e-04	1
16	rs12325014	28860237	0	-6.125866e-04	-5.848418e-05	1
16	rs12325113	28848668	0	-9.890994e-04	-9.842046e-05	1
16	rs12325239	29894662	0	4.197523e-04	8.679295e-05	1
16	rs12325278	28848818	0	-6.125866e-04	-5.848416e-05	1
16	rs12325400	30023786	0	-4.160158e-04	-4.390802e-05	1
16	rs12325539	30033633	0	-5.187449e-04	-5.534001e-05	1
16	rs12373078	30187676	0	1.408847e-03	1.362624e-04	1
16	rs12373113	30187513	0	1.408847e-03	1.362623e-04	1
16	rs12443881	28841777	0	-1.244982e-03	-1.299935e-04	1
16	rs12444108	30027694	0	-2.404777e-05	-2.461589e-06	1
16	rs12444171	28845251	0	-6.125866e-04	-5.848413e-05	1
16	rs12444415	30118345	0	1.450405e-03	1.660713e-04	1
16	rs12444973	30107285	1	1.401414e-03	1.580283e-04	1
16	rs12444978	29924422	0	-1.437038e-03	-1.530470e-04	1
16	rs12445519	28606152	0	-3.705046e-04	-5.337982e-05	1
16	rs12445705	28609696	2	-1.140629e-03	-1.603723e-04	1
16	rs12445744	28588395	0	-5.459253e-04	-5.310232e-05	1
16	rs12445768	30089911	0	6.262307e-04	6.231925e-05	1
16	rs12445823	28588049	0	-5.459253e-04	-5.310231e-05	1
16	rs12445982	29982484	0	-4.349635e-04	-4.089652e-05	1
16	rs12446008	28644459	0	8.281919e-05	8.215977e-06	1
16	rs12446189	29011297	0	4.437634e-04	6.253144e-05	1
16	rs12446288	30388709	0	1.275779e-03	1.402406e-04	1
16	rs12446378	30043110	0	4.222650e-04	4.092060e-05	1
16	rs12446550	28543381	0	-3.858282e-04	-3.526339e-05	1
16	rs12446589	28870962	0	-1.244982e-03	-1.299934e-04	1
16	rs12447159	29610670	0	-2.623472e-04	-5.177407e-05	1
16	rs12447415	29682945	0	9.195175e-04	9.238512e-05	1
16	rs12447461	28582941	0	-3.017747e-04	-2.868889e-05	1
16	rs12447715	29152765	0	2.976304e-04	3.602979e-05	1
16	rs12447833	30390314	0	2.142197e-03	3.190043e-04	1
16	rs12447915	30089908	0	6.262307e-04	6.231926e-05	1
16	rs12448270	28541124	0	-6.863075e-04	-1.267914e-04	1
16	rs12448429	28588443	0	-3.234276e-04	-3.106723e-05	1
16	rs12448633	29400742	0	-6.333190e-04	-1.308441e-04	1
16	rs12448769	29672197	0	-1.072979e-03	-9.982561e-05	1
16	rs12449272	28962755	0	-2.807534e-04	-2.704066e-05	1
16	rs12596042	29934754	0	-1.326651e-03	-1.388355e-04	1
16	rs12596308	29691196	0	6.331782e-04	6.613996e-05	1
16	rs12596536	29402369	0	-6.501551e-04	-1.290156e-04	1
16	rs12596543	30029135	0	1.345122e-03	1.454978e-04	1
16	rs12596940	29692240	0	-3.481943e-04	-4.030175e-05	1
16	rs12597368	29645078	0	-1.295081e-03	-1.424727e-04	1
16	rs12597404	29152906	0	-1.122846e-03	-1.344845e-04	1
16	rs12597953	29189394	0	-1.676564e-03	-2.231275e-04	1
16	rs12598856	30029548	0	-1.331440e-04	-1.379872e-05	1
16	rs12599208	29153112	1	-1.367751e-03	-1.666832e-04	1
16	rs12599318	29692414	0	5.798737e-04	6.025512e-05	1
16	rs12691307	29939877	0	-1.800153e-03	-2.087431e-04	1
16	rs12716972	29936654	0	-1.356463e-03	-1.428522e-04	1
16	rs12716973	29937652	0	-1.558828e-03	-1.696199e-04	1
16	rs12716974	29944832	0	-1.563831e-03	-1.703731e-04	1
16	rs12716975	29950829	1	-1.565237e-03	-1.705853e-04	1
16	rs12717010	28957170	0	-4.391907e-04	-5.142040e-05	1
16	rs12851	30016977	0	1.121432e-03	2.107049e-04	1
16	rs12917712	29882490	0	4.591907e-04	4.694953e-05	1
16	rs12917921	29156976	0	-1.122846e-03	-1.344844e-04	1
16	rs12918652	29964357	0	-3.717761e-04	-3.475758e-05	1
16	rs12919022	30434509	0	1.192665e-03	2.361716e-04	1
16	rs12919058	28927818	0	-5.276810e-04	-5.210256e-05	1
16	rs12919612	29895303	0	4.057141e-05	3.890245e-06	1
16	rs12919683	29943367	0	-1.563831e-03	-1.703730e-04	1
16	rs12919889	29142372	0	-1.732182e-03	-2.405497e-04	1
16	rs12920185	30172025	0	1.180269e-03	1.740447e-04	1
16	rs12920514	28835900	0	9.455322e-04	1.127168e-04	1
16	rs12920760	29844279	0	4.423759e-05	6.318280e-06	1
16	rs12921440	30408765	0	1.071004e-03	1.124895e-04	1
16	rs12921608	29192526	0	-1.676564e-03	-2.231273e-04	1
16	rs12921723	30351842	0	-2.352075e-03	-3.643893e-04	1
16	rs12921753	30018720	0	-7.956564e-04	-8.782325e-05	1
16	rs12921944	29152340	0	-1.122846e-03	-1.344843e-04	1
16	rs12921996	30011618	0	-4.349635e-04	-4.089631e-05	1
16	rs12922100	30129936	0	7.300159e-04	1.439311e-04	1
16	rs12922496	29130999	0	-1.940528e-03	-2.829738e-04	1
16	rs12923163	28934139	0	-1.332323e-04	-1.496522e-05	1
16	rs12923394	29133896	0	-1.794545e-03	-2.538984e-04	1
16	rs12923534	30189297	0	1.232133e-03	1.883440e-04	1
16	rs12923643	28966835	0	-7.198719e-05	-1.266266e-05	1
16	rs12923760	29147462	0	-1.571569e-03	-2.075150e-04	1
16	rs12923886	29732022	0	-1.141707e-04	-2.234542e-05	1
16	rs12923895	29022380	0	-9.228272e-04	-8.350227e-05	1
16	rs12923999	29140410	0	7.149750e-04	1.589423e-04	1
16	rs12924041	29156139	0	-1.122846e-03	-1.344841e-04	1
16	rs12924167	29140524	0	6.237698e-04	8.954594e-05	1
16	rs12924622	30084052	0	6.262307e-04	6.231933e-05	1
16	rs12926100	30169472	0	1.066227e-03	1.538013e-04	1
16	rs12926138	29193056	0	-1.676564e-03	-2.231270e-04	1
16	rs12927033	29687168	0	1.761860e-04	1.918534e-05	1
16	rs12927190	30169393	0	2.652402e-03	3.838508e-04	1
16	rs12927318	29226741	0	-3.256174e-04	-3.416892e-05	1
16	rs12928404	28847246	0	-8.916291e-04	-8.490976e-05	1
16	rs12928610	30016022	0	1.036409e-03	9.917064e-05	1
16	rs12928632	29118255	0	-3.670189e-04	-3.268344e-05	1
16	rs12928754	29679989	0	8.855714e-04	9.556460e-05	1
16	rs12929333	29680389	0	-4.120824e-04	-4.267567e-05	1
16	rs12929818	29191328	0	-1.676564e-03	-2.231269e-04	1
16	rs12929826	29717884	0	-3.778794e-04	-4.298118e-05	1
16	rs12930146	29286610	0	3.742671e-04	3.794910e-05	1
16	rs12930239	29908777	0	2.296467e-04	2.236251e-05	1
16	rs12930787	30381303	0	-1.784906e-03	-2.268430e-04	1
16	rs12931589	28979297	0	4.482073e-04	4.961302e-05	1
16	rs12931955	30013066	0	1.366422e-03	1.387411e-04	1
16	rs12932023	29715852	0	1.765272e-04	3.465205e-05	1
16	rs12932306	29148307	0	-1.571569e-03	-2.075148e-04	1
16	rs12932310	29846133	0	9.679930e-05	1.354106e-05	1
16	rs12932680	29689845	0	1.371259e-03	2.556173e-04	1
16	rs12932691	29846729	0	3.890059e-04	5.671629e-05	1
16	rs12932818	29143427	0	1.145515e-03	2.282658e-04	1
16	rs12932957	29680256	0	1.119494e-03	1.255735e-04	1
16	rs12933229	29182190	0	-1.942294e-03	-2.822218e-04	1
16	rs12933498	29943459	0	-1.563831e-03	-1.703728e-04	1
16	rs12933548	29790709	0	6.789827e-04	1.027681e-04	1
16	rs12933575	30022564	0	9.282043e-04	9.273726e-05	1
16	rs12933766	29922011	0	-2.269139e-03	-3.192443e-04	1
16	rs12934200	29142415	0	-1.600921e-03	-2.134235e-04	1
16	rs12934920	28566933	0	-2.577438e-04	-3.856512e-05	1
16	rs12934948	29192289	0	-1.641566e-03	-2.161261e-04	1
16	rs12934960	28979263	0	4.482073e-04	4.961305e-05	1
16	rs12935265	29931028	0	3.020187e-04	6.300363e-05	1
16	rs12935321	28572021	0	-5.395275e-04	-8.050919e-05	1
16	rs12935500	30174984	0	1.180269e-03	1.740445e-04	1
16	rs12935701	30026748	0	-4.160158e-04	-4.390774e-05	1
16	rs12935834	29764461	0	5.815439e-05	6.887233e-06	1
16	rs13329884	29281054	0	7.800600e-04	8.207179e-05	1
16	rs13330019	29316224	0	1.727613e-03	2.615086e-04	1
16	rs13331170	28561982	0	-2.041145e-04	-1.982468e-05	1
16	rs13331487	28621679	0	-3.129117e-04	-5.751913e-05	1
16	rs13331691	28570050	0	-1.553883e-04	-2.795701e-05	1
16	rs13331733	29848417	0	4.423759e-05	6.318352e-06	1
16	rs13331798	29747291	0	5.218645e-04	6.765415e-05	1
16	rs13331817	30172627	0	2.766443e-03	4.178107e-04	1
16	rs13332078	29850705	0	1.095413e-04	1.532740e-05	1
16	rs13332660	29905882	0	-1.229878e-03	-1.898452e-04	1
16	rs13332927	28560344	0	-1.553883e-04	-2.795702e-05	1
16	rs13333093	30407269	0	1.071004e-03	1.124893e-04	1
16	rs13333583	29302116	0	-1.805572e-04	-1.882232e-05	1
16	rs13333675	29302353	0	-1.805572e-04	-1.882233e-05	1
16	rs13333760	29302523	0	-1.805572e-04	-1.882233e-05	1
16	rs13333866	29302751	0	-4.888502e-04	-5.483728e-05	1
16	rs13334660	30178281	0	1.232133e-03	1.883438e-04	1
16	rs13334779	29302037	0	-1.805572e-04	-1.882235e-05	1
16	rs13334820	29302136	0	-1.805572e-04	-1.882235e-05	1
16	rs13335021	29746830	0	5.218645e-04	6.765414e-05	1
16	rs13335878	29281267	0	4.631624e-04	4.759257e-05	1
16	rs13336311	28600277	0	-3.508017e-04	-6.452885e-05	1
16	rs13336980	29279020	0	4.631624e-04	4.759256e-05	1
16	rs13337460	29299409	0	2.975737e-04	3.475902e-05	1
16	rs13338599	29104927	0	-2.111030e-04	-2.244449e-05	1
16	rs13338912	29760347	0	2.417866e-04	2.933101e-05	1
16	rs13339053	28614801	0	-1.254532e-03	-2.652726e-04	1
16	rs13339070	29297315	6	1.990503e-04	2.290950e-05	1
16	rs1345885	29134874	0	-1.052229e-03	-1.196072e-04	1
16	rs1345886	29135029	0	-7.967556e-04	-8.795617e-05	1
16	rs1364270	29168052	0	3.453794e-04	4.193519e-05	1
16	rs137887650	29332059	0	-3.020550e-04	-5.651762e-05	1
16	rs137993956	29913708	0	7.714528e-05	1.589031e-05	1
16	rs138211469	29735979	0	8.409004e-05	1.112570e-05	1
16	rs138273920	29320074	0	-2.123246e-05	-4.066351e-06	1
16	rs138599723	29732960	0	8.409004e-05	1.112570e-05	1
16	rs138729861	30399088	0	1.095900e-03	2.283422e-04	1
16	rs138755187	29763892	0	-2.989493e-04	-5.092020e-05	1
16	rs138825134	29613456	0	-3.820757e-04	-6.741527e-05	1
16	rs138849409	29339409	0	3.122914e-04	5.675581e-05	1
16	rs138850578	29736312	1	-1.906056e-04	-2.547386e-05	1
16	rs139102754	28580031	0	-2.246077e-04	-4.420253e-05	1
16	rs139142574	29323824	0	-3.074827e-04	-5.808086e-05	1
16	rs139356180	28593131	0	-4.862246e-04	-9.733190e-05	1
16	rs139356318	30048461	0	-1.406586e-03	-3.148684e-04	1
16	rs139876505	29098499	0	1.377653e-03	3.069048e-04	1
16	rs139904690	29667021	0	7.996586e-04	1.662716e-04	1
16	rs139969273	28861624	0	5.694472e-04	1.057943e-04	1
16	rs140478766	29148476	0	1.377653e-03	3.069048e-04	1
16	rs140677174	29334964	0	-3.020550e-04	-5.651761e-05	1
16	rs140785784	29714172	0	-3.242593e-04	-4.407413e-05	1
16	rs141305120	30120522	0	1.522802e-03	3.245213e-04	1
16	rs141436390	29826014	0	4.618420e-04	9.924390e-05	1
16	rs141912061	29335386	0	-3.020550e-04	-5.651761e-05	1
16	rs142086495	29958635	0	3.186169e-04	6.656767e-05	1
16	rs142098164	29922723	0	6.912856e-05	1.438785e-05	1
16	rs142125746	29606607	0	-4.545747e-04	-9.245979e-05	1
16	rs142271886	28484047	0	-5.619139e-04	-1.137903e-04	1
16	rs142380960	28988500	0	2.671158e-04	4.795997e-05	1
16	rs142505175	28590157	0	-1.391258e-04	-2.568756e-05	1
16	rs142649835	28558966	0	-5.357225e-04	-1.039550e-04	1
16	rs142665962	28561185	0	-2.908113e-04	-5.640347e-05	1
16	rs142759638	29330786	0	-1.474486e-04	-2.663027e-05	1
16	rs143249661	30016820	0	-3.044561e-04	-5.954357e-05	1
16	rs143257664	29131933	0	7.149750e-04	1.589424e-04	1
16	rs143399275	28590978	0	-4.862246e-04	-9.733190e-05	1
16	rs143430033	29222972	0	3.764629e-04	7.508237e-05	1
16	rs143614346	29163043	0	3.764629e-04	7.508237e-05	1
16	rs143662876	29753188	0	3.986823e-06	7.140764e-07	1
16	rs143662976	29189418	0	1.538860e-03	3.838160e-04	1
16	rs143840454	29791575	0	-1.661852e-04	-3.361293e-05	1
16	rs143893157	29760427	0	-1.613303e-04	-2.303119e-05	1
16	rs144101542	29355989	0	-1.111772e-04	-1.912779e-05	1
16	rs144237376	30426319	0	3.947674e-04	7.051152e-05	1
16	rs144246384	29076387	1	3.738814e-04	3.824070e-05	1
16	rs144637766	29661941	0	1.000431e-03	2.168106e-04	1
16	rs144721815	29760405	0	2.671930e-04	5.618724e-05	1
16	rs144769215	29259479	0	6.116640e-04	1.331815e-04	1
16	rs144865761	30350114	0	3.094336e-04	5.528040e-05	1
16	rs145037259	29613205	0	1.355257e-04	2.387569e-05	1
16	rs145223727	29631927	0	7.266557e-04	1.406239e-04	1
16	rs145338730	29631150	0	-8.615790e-04	-1.916810e-04	1
16	rs145516392	29202034	0	-1.495798e-03	-2.410256e-04	1
16	rs145631601	29613904	0	-3.820757e-04	-6.741528e-05	1
16	rs145790611	28603263	0	-5.357225e-04	-1.039550e-04	1
16	rs145832035	29733357	0	8.409004e-05	1.112571e-05	1
16	rs146126857	28536805	0	-9.211082e-04	-1.993638e-04	1
16	rs146398705	29336775	0	-1.203618e-05	-2.203440e-06	1
16	rs146585275	29559005	5	1.065652e-03	2.041040e-04	1
16	rs146746415	29347453	0	6.616618e-04	1.227154e-04	1
16	rs146772260	29713946	0	7.626164e-05	1.506426e-05	1
16	rs147132314	29243324	0	-6.966925e-04	-8.592864e-05	1
16	rs147278356	29750550	0	-1.707824e-04	-2.438899e-05	1
16	rs147389183	28545437	0	-4.862246e-04	-9.733189e-05	1
16	rs147413292	28511206	0	2.577270e-04	4.568293e-05	1
16	rs147553474	30050605	0	4.362557e-04	7.994626e-05	1
16	rs147580758	29337506	0	-1.203618e-05	-2.203440e-06	1
16	rs147667954	29121426	0	-1.185758e-03	-2.551813e-04	1
16	rs147684209	28867061	0	-2.684095e-04	-2.479089e-05	1
16	rs147768264	29437178	0	6.609410e-04	1.202379e-04	1
16	rs147988288	29251704	0	-1.290196e-03	-1.657009e-04	1
16	rs148016441	28520076	0	-1.475943e-04	-2.622825e-05	1
16	rs148317558	29319614	0	-8.820874e-05	-1.676282e-05	1
16	rs148319768	29954615	0	6.211257e-04	1.283611e-04	1
16	rs148579588	29120577	0	9.615545e-04	1.555506e-04	1
16	rs148639118	30127786	0	6.912856e-05	1.438785e-05	1
16	rs148758831	29336851	0	-1.203618e-05	-2.203437e-06	1
16	rs148776955	30458271	0	2.199787e-04	4.510169e-05	1
16	rs148788997	30323168	0	-1.761847e-03	-3.903175e-04	1
16	rs149201347	29741932	2	-2.071565e-04	-3.241416e-05	1
16	rs149271	28506872	0	-5.996543e-04	-5.874355e-05	1
16	rs149278	28561581	0	-8.373696e-04	-8.190839e-05	1
16	rs149299	28485141	0	-1.435474e-03	-1.587733e-04	1
16	rs149301	28499659	5	-1.402019e-03	-1.678739e-04	1
16	rs149486782	29149504	0	-6.622762e-04	-1.288822e-04	1
16	rs150334812	29272321	0	6.969549e-04	9.804601e-05	1
16	rs150509203	29705064	0	-4.294119e-05	-8.838932e-06	1
16	rs150713896	29426017	0	6.609410e-04	1.202379e-04	1
16	rs150773264	30120692	0	1.471494e-03	3.075673e-04	1
16	rs150845792	29789489	0	1.672146e-04	3.347415e-05	1
16	rs151035219	30144009	0	-2.233828e-04	-4.353848e-05	1
16	rs151174	28508069	0	-7.209945e-04	-7.057013e-05	1
16	rs151178	28483061	0	-1.292228e-03	-1.360302e-04	1
16	rs151179	28487056	0	-1.329030e-03	-1.445283e-04	1
16	rs151180	28487213	3	-1.461474e-03	-1.603028e-04	1
16	rs151181	28490517	0	-1.032697e-03	-1.054694e-04	1
16	rs151182	28495752	0	-1.329030e-03	-1.445282e-04	1
16	rs151225	28553802	0	-8.371201e-04	-1.359614e-04	1
16	rs151226	28549823	0	-1.688713e-03	-1.864279e-04	1
16	rs151227	28549508	0	-8.371201e-04	-1.359614e-04	1
16	rs151228	28563026	0	-1.382912e-03	-1.440738e-04	1
16	rs151229	28584937	0	-8.371201e-04	-1.359614e-04	1
16	rs151230	28583215	0	-8.371201e-04	-1.359613e-04	1
16	rs151231	28582849	0	-1.578326e-03	-1.707145e-04	1
16	rs151232	28580333	0	-1.500912e-03	-1.570792e-04	1
16	rs151233	28506428	0	-2.961138e-04	-3.899498e-05	1
16	rs151301	28497059	0	-1.297022e-03	-1.382695e-04	1
16	rs151303	28492510	0	-1.329030e-03	-1.445281e-04	1
16	rs151320	28568678	0	-8.371201e-04	-1.359613e-04	1
16	rs151321	28555590	0	-1.688713e-03	-1.864278e-04	1
16	rs153104	28528310	0	-1.239353e-03	-2.410524e-04	1
16	rs153105	28527246	0	-1.239353e-03	-2.410524e-04	1
16	rs153106	28526897	0	-2.436338e-04	-2.244955e-05	1
16	rs153107	28525305	0	-1.239441e-03	-2.065151e-04	1
16	rs153108	28521721	0	-1.072908e-03	-1.727793e-04	1
16	rs153109	28519096	0	-3.912281e-04	-3.576900e-05	1
16	rs153110	28516719	0	-1.357244e-03	-2.295066e-04	1
16	rs153173	29239889	0	-1.743076e-03	-2.451124e-04	1
16	rs153175	29163890	0	-7.938922e-04	-8.162734e-05	1
16	rs153177	29169490	0	3.290961e-04	3.991548e-05	1
16	rs153180	29225431	0	-2.189547e-04	-2.041089e-05	1
16	rs1531973	29292442	0	2.237153e-05	2.269165e-06	1
16	rs1531974	29317096	0	2.830437e-03	5.231676e-04	1
16	rs153207	29244995	0	-1.107764e-03	-1.490099e-04	1
16	rs153208	29248084	0	-1.419267e-03	-1.651779e-04	1
16	rs153209	29251861	0	-3.560161e-04	-3.584987e-05	1
16	rs153210	29093963	0	-4.303200e-04	-3.983059e-05	1
16	rs153211	29093830	0	-4.727199e-04	-5.098374e-05	1
16	rs153212	29090858	0	1.033710e-03	1.388702e-04	1
16	rs153213	29234201	0	-6.327767e-04	-8.099654e-05	1
16	rs153214	29224464	0	-1.119001e-03	-1.154573e-04	1
16	rs153217	29215610	0	2.575285e-04	2.899782e-05	1
16	rs153219	29215298	0	5.563978e-04	6.391312e-05	1
16	rs153220	29213783	0	8.551351e-04	1.033078e-04	1
16	rs1540388	29127033	0	-3.154596e-04	-3.390964e-05	1
16	rs1540389	29127350	0	-1.231310e-03	-1.489656e-04	1
16	rs1611782	29152487	0	2.976304e-04	3.602976e-05	1
16	rs1611991	29151593	0	2.976304e-04	3.602976e-05	1
16	rs1624102	29123330	0	-4.763358e-04	-4.292192e-05	1
16	rs1625280	29131925	0	-3.647813e-04	-3.819139e-05	1
16	rs1627180	29138002	0	5.311099e-04	6.453088e-05	1
16	rs1627805	29138026	0	-7.967556e-04	-8.795609e-05	1
16	rs1627843	29138043	0	-7.967556e-04	-8.795608e-05	1
16	rs1627862	29132221	0	-4.166457e-04	-4.368144e-05	1
16	rs1628751	29138147	0	-7.967556e-04	-8.795606e-05	1
16	rs1628834	29132359	0	-3.647813e-04	-3.819134e-05	1
16	rs1630274	29132462	0	-3.647813e-04	-3.819134e-05	1
16	rs1630929	29117661	0	5.311099e-04	6.453090e-05	1
16	rs1633805	29724394	0	-2.979693e-04	-3.531432e-05	1
16	rs1633810	29721864	0	-3.218740e-04	-3.643599e-05	1
16	rs1641906	29150344	0	1.488032e-04	1.792704e-05	1
16	rs1641908	29151299	0	-8.252153e-04	-8.033426e-05	1
16	rs1641909	29151522	0	-8.252153e-04	-8.033424e-05	1
16	rs1641910	29153242	2	9.978970e-04	1.368445e-04	1
16	rs1641911	29153945	0	2.976304e-04	3.602980e-05	1
16	rs1641913	29154852	0	2.976304e-04	3.602980e-05	1
16	rs1641918	29160958	0	-7.267732e-04	-7.034470e-05	1
16	rs1641919	29161645	0	-7.267732e-04	-7.034469e-05	1
16	rs1641920	29162623	0	-7.267732e-04	-7.034467e-05	1
16	rs1641921	29163081	0	-7.774662e-04	-7.618079e-05	1
16	rs1641959	29212864	0	-6.349584e-04	-5.943839e-05	1
16	rs1641991	29116527	0	-4.141649e-04	-3.721444e-05	1
16	rs1641993	29119860	0	-8.785688e-04	-8.157066e-05	1
16	rs1641994	29119880	0	-4.141649e-04	-3.721442e-05	1
16	rs1641995	29120520	0	5.311099e-04	6.453097e-05	1
16	rs1641996	29124150	0	5.311099e-04	6.453097e-05	1
16	rs1641997	29124421	0	-3.251383e-04	-3.427167e-05	1
16	rs1641999	29127260	0	2.355910e-04	2.810149e-05	1
16	rs1642001	29130549	0	-3.647813e-04	-3.819124e-05	1
16	rs1642002	29132320	0	-3.647813e-04	-3.819123e-05	1
16	rs1642003	29134593	0	-7.967556e-04	-8.795592e-05	1
16	rs1642005	29135958	0	-7.967556e-04	-8.795591e-05	1
16	rs1642006	29136331	0	1.614057e-03	2.009867e-04	1
16	rs1642007	29136893	0	-7.967556e-04	-8.795590e-05	1
16	rs1642008	29137377	0	-7.967556e-04	-8.795589e-05	1
16	rs1642009	29137588	0	-7.967556e-04	-8.795588e-05	1
16	rs1642010	29138071	0	1.154880e-03	1.291915e-04	1
16	rs1642011	29138392	0	5.311099e-04	6.453098e-05	1
16	rs1642012	29139244	0	-7.967556e-04	-8.795587e-05	1
16	rs1642013	29139398	0	-5.066421e-04	-5.313835e-05	1
16	rs1642014	29139416	0	-7.967556e-04	-8.795585e-05	1
16	rs1642015	29139779	0	-7.967556e-04	-8.795584e-05	1
16	rs1642016	29140057	0	-7.967556e-04	-8.795583e-05	1
16	rs1642017	29140224	0	-7.967556e-04	-8.795582e-05	1
16	rs1642018	29140448	0	-7.967556e-04	-8.795581e-05	1
16	rs1642019	29140754	0	-7.967556e-04	-8.795580e-05	1
16	rs1642020	29142059	0	-7.967556e-04	-8.795579e-05	1
16	rs1642022	29142204	0	-7.967556e-04	-8.795578e-05	1
16	rs1642023	29143639	0	-7.967556e-04	-8.795577e-05	1
16	rs1642024	29143759	0	-7.967556e-04	-8.795576e-05	1
16	rs1642025	29147718	0	5.311099e-04	6.453102e-05	1
16	rs1642026	29148565	0	1.340190e-03	1.541242e-04	1
16	rs1642027	29149386	0	-7.050403e-04	-7.797669e-05	1
16	rs1646084	29139021	0	-7.967556e-04	-8.795575e-05	1
16	rs1646085	29139401	0	-7.967556e-04	-8.795574e-05	1
16	rs1646086	29139655	0	-1.255933e-03	-1.502199e-04	1
16	rs1646087	29139771	0	-7.967556e-04	-8.795571e-05	1
16	rs1646092	29212861	0	8.492162e-05	9.665434e-06	1
16	rs1646106	29166463	0	3.960724e-04	4.835102e-05	1
16	rs1646112	29154049	0	2.976304e-04	3.602991e-05	1
16	rs1646113	29153803	0	2.976304e-04	3.602991e-05	1
16	rs1646114	29153526	0	2.976304e-04	3.602991e-05	1
16	rs1646116	29152112	0	2.976304e-04	3.602991e-05	1
16	rs1646117	29152043	0	-8.252153e-04	-8.033397e-05	1
16	rs1646118	29150945	0	-8.252153e-04	-8.033395e-05	1
16	rs1646119	29150785	0	-8.252153e-04	-8.033393e-05	1
16	rs1646121	29144222	0	-5.737797e-04	-6.266042e-05	1
16	rs1646122	29143040	0	-7.967556e-04	-8.795566e-05	1
16	rs1646123	29142980	0	-7.967556e-04	-8.795565e-05	1
16	rs1646124	29142933	0	1.154880e-03	1.291916e-04	1
16	rs1646125	29142895	0	-7.967556e-04	-8.795564e-05	1
16	rs1646126	29142681	0	-7.967556e-04	-8.795563e-05	1
16	rs1646127	29142163	0	5.311099e-04	6.453107e-05	1
16	rs1646128	29141436	0	1.154880e-03	1.291916e-04	1
16	rs1646129	29140688	0	-7.967556e-04	-8.795563e-05	1
16	rs1646132	29113766	0	-7.310625e-04	-6.709497e-05	1
16	rs1646133	29113747	0	-7.310625e-04	-6.709496e-05	1
16	rs1646142	29117596	0	2.355910e-04	2.810160e-05	1
16	rs1646168	29128732	0	-4.166457e-04	-4.368103e-05	1
16	rs1646169	29128778	0	-3.647813e-04	-3.819094e-05	1
16	rs1646172	29129381	0	-3.647813e-04	-3.819094e-05	1
16	rs1646173	29130642	0	-3.647813e-04	-3.819093e-05	1
16	rs1646174	29130649	0	-3.647813e-04	-3.819092e-05	1
16	rs1646175	29131020	0	-3.647813e-04	-3.819091e-05	1
16	rs1646176	29131233	0	5.311099e-04	6.453110e-05	1
16	rs1646177	29131853	0	-6.601319e-04	-7.008114e-05	1
16	rs1646188	29133735	0	-7.967556e-04	-8.795554e-05	1
16	rs1646190	29136708	0	-7.967556e-04	-8.795553e-05	1
16	rs1646191	29136873	0	-7.967556e-04	-8.795552e-05	1
16	rs166148	29245857	0	-1.107764e-03	-1.490098e-04	1
16	rs166152	29156005	0	2.976304e-04	3.602998e-05	1
16	rs166153	29158597	0	-8.759083e-04	-8.639551e-05	1
16	rs166154	29160416	0	-7.267732e-04	-7.034428e-05	1
16	rs168778	29112626	0	-5.311099e-04	-6.453113e-05	1
16	rs168919	29301994	0	1.627782e-04	3.073392e-05	1
16	rs1690405	28620311	0	-3.571662e-04	-3.547876e-05	1
16	rs170978	29743033	0	-6.365612e-04	-7.548116e-05	1
16	rs17639997	28600282	0	-5.552414e-04	-1.008721e-04	1
16	rs17640009	28595700	0	-3.234276e-04	-3.106701e-05	1
16	rs17640225	29713066	0	-1.127385e-04	-1.531498e-05	1
16	rs17707300	28593347	0	-3.234276e-04	-3.106701e-05	1
16	rs17779364	29188221	0	-9.309027e-04	-1.321148e-04	1
16	rs17779818	29346790	0	1.227438e-03	1.479303e-04	1
16	rs17835978	29432712	0	-5.188945e-04	-1.040963e-04	1
16	rs17839551	30363382	0	9.359175e-04	1.198736e-04	1
16	rs17842268	29684180	0	1.423936e-03	1.612459e-04	1
16	rs17855750	28515228	0	-1.361087e-04	-2.397424e-05	1
16	rs180394	29715032	0	-2.177279e-04	-2.616196e-05	1
16	rs180701530	29609315	0	-5.828483e-04	-1.063424e-04	1
16	rs180743	28507644	0	-6.515187e-04	-6.360876e-05	1
16	rs180744	28508048	0	-6.515187e-04	-6.360875e-05	1
16	rs181195	28488369	0	-1.502043e-03	-1.682146e-04	1
16	rs181203	28512371	0	5.751754e-04	5.954275e-05	1
16	rs181204	28512524	0	9.001212e-04	9.930516e-05	1
16	rs181206	28513403	0	6.661283e-04	7.043973e-05	1
16	rs181207	28513530	0	9.485454e-04	1.044452e-04	1
16	rs181209	28514854	0	5.010437e-04	5.160795e-05	1
16	rs181522608	30062856	0	-4.586882e-05	-9.440168e-06	1
16	rs182433739	29420750	0	6.911023e-04	1.294804e-04	1
16	rs183186934	29606753	0	6.174644e-04	1.151445e-04	1
16	rs185202	29106324	0	5.311099e-04	6.453113e-05	1
16	rs185409	29404501	0	-6.501551e-04	-1.290157e-04	1
16	rs1872657	29307765	0	1.369583e-03	2.290374e-04	1
16	rs1872658	29307672	0	3.208313e-04	3.413650e-05	1
16	rs1872659	29304790	0	1.189026e-03	1.236445e-04	1
16	rs1872660	29304775	0	-1.805572e-04	-1.882244e-05	1
16	rs1872667	29299377	0	-1.403091e-04	-1.480655e-05	1
16	rs1872673	29320397	0	2.181666e-03	3.806625e-04	1
16	rs1872675	29320228	0	2.261143e-03	4.263595e-04	1
16	rs187570477	28604122	0	-4.862246e-04	-9.733183e-05	1
16	rs188304685	29939689	0	6.912856e-05	1.438784e-05	1
16	rs188708252	29881170	0	3.039897e-04	6.413156e-05	1
16	rs188742196	29336063	0	-3.020550e-04	-5.651756e-05	1
16	rs188899883	29624668	0	1.355257e-04	2.387563e-05	1
16	rs189278832	28539386	0	2.793969e-04	2.679625e-05	1
16	rs189757140	30180490	4	2.563304e-03	3.235386e-04	1
16	rs192245	29245739	0	-1.107764e-03	-1.490098e-04	1
16	rs192537440	29619215	0	-4.896797e-04	-1.044683e-04	1
16	rs193301319	29221971	0	7.394706e-04	1.672138e-04	1
16	rs193628	28582142	0	1.600038e-03	1.762473e-04	1
16	rs194045	29246102	0	-4.041971e-04	-5.022923e-05	1
16	rs1964299	29090804	0	-1.479310e-03	-1.841504e-04	1
16	rs1968751	28631759	0	-1.946643e-04	-1.781798e-05	1
16	rs1968752	28631585	0	-2.989609e-04	-2.770675e-05	1
16	rs1974875	29245881	0	-1.290196e-03	-1.657003e-04	1
16	rs1985680	30123216	0	1.494843e-03	3.010423e-04	1
16	rs1987471	28825866	0	-5.217311e-04	-4.989832e-05	1
16	rs1987472	28825777	0	-5.217311e-04	-4.989831e-05	1
16	rs199859689	29626836	0	-5.187274e-04	-1.087477e-04	1
16	rs199900182	29416563	0	6.609410e-04	1.202379e-04	1
16	rs200735808	29406242	0	6.609410e-04	1.202379e-04	1
16	rs200830445	29402846	0	-5.188945e-04	-1.040963e-04	1
16	rs2008514	28825605	0	-5.217311e-04	-4.989830e-05	1
16	rs201244608	29076044	5	3.572770e-04	3.494328e-05	1
16	rs201259820	29274607	0	1.048034e-03	1.511769e-04	1
16	rs201555010	29562640	0	6.771315e-04	1.309489e-04	1
16	rs201724537	29409881	0	6.609410e-04	1.202379e-04	1
16	rs201917490	29430680	0	-8.150256e-04	-1.695290e-04	1
16	rs202014106	28702943	3	-1.154765e-03	-1.702219e-04	1
16	rs2020407	29623593	0	-5.187274e-04	-1.087477e-04	1
16	rs202166863	29440457	0	-5.188945e-04	-1.040963e-04	1
16	rs2034874	28554699	0	-4.862246e-04	-9.733182e-05	1
16	rs2035974	29306908	0	1.067007e-03	1.360047e-04	1
16	rs2070962	28950432	0	-4.025428e-04	-3.862529e-05	1
16	rs2071342	28915433	0	-6.849074e-05	-6.502409e-06	1
16	rs2077031	28603168	0	-5.459253e-04	-5.310192e-05	1
16	rs2081199	28958754	0	6.328375e-05	5.642622e-06	1
16	rs2083237	30175509	0	1.269277e-03	1.196673e-04	1
16	rs2088727	28608142	1	-4.393878e-04	-8.828727e-05	1
16	rs2106480	28537971	0	-5.062884e-04	-4.719292e-05	1
16	rs2113272	29161934	0	-1.015939e-03	-1.071145e-04	1
16	rs2131750	29319678	0	2.849151e-03	6.177450e-04	1
16	rs2161704	29162036	0	-7.267732e-04	-7.034422e-05	1
16	rs2171222	29298533	0	-1.403091e-04	-1.480660e-05	1
16	rs2244752	29153808	0	2.976304e-04	3.602999e-05	1
16	rs2246441	29114352	0	-7.310625e-04	-6.709481e-05	1
16	rs2252323	29135394	0	-7.967556e-04	-8.795547e-05	1
16	rs2252590	29133132	2	-8.413959e-05	-7.619932e-06	1
16	rs2252599	29133000	2	-1.699027e-03	-1.813962e-04	1
16	rs2252605	29132962	2	-6.232663e-04	-6.652839e-05	1
16	rs2252609	29132865	0	5.934727e-04	7.139311e-05	1
16	rs2253253	29128185	0	3.647813e-04	3.819081e-05	1
16	rs2256528	29124661	0	-4.763358e-04	-4.292134e-05	1
16	rs2278557	30093779	0	-6.776327e-04	-7.349590e-05	1
16	rs2291400	29262688	0	-2.411826e-04	-2.834574e-05	1
16	rs2291401	29262601	0	-2.072273e-04	-2.282910e-05	1
16	rs2291937	28602449	0	-4.862246e-04	-9.733181e-05	1
16	rs2303255	29706444	0	-2.199857e-04	-3.010081e-05	1
16	rs231970	28567004	0	-8.371201e-04	-1.359612e-04	1
16	rs231971	28536519	0	-4.037152e-04	-7.138215e-05	1
16	rs231972	28538336	0	-7.479566e-04	-1.194708e-04	1
16	rs231974	28540322	0	-7.479566e-04	-1.194708e-04	1
16	rs231975	28547251	0	-8.994829e-04	-1.488160e-04	1
16	rs231976	28545587	0	-1.472748e-03	-1.553695e-04	1
16	rs231977	28542172	0	-1.118562e-03	-1.087303e-04	1
16	rs234889	28535812	0	-4.037152e-04	-7.138213e-05	1
16	rs235630	29743018	0	-6.365612e-04	-7.548112e-05	1
16	rs235631	29743529	0	-6.581666e-04	-7.991176e-05	1
16	rs235659	29788919	0	-1.701559e-03	-1.971206e-04	1
16	rs235663	29748325	0	-5.768147e-05	-8.151836e-06	1
16	rs2370277	29261174	0	-7.210947e-04	-9.302759e-05	1
16	rs2370291	29264508	0	-2.891479e-04	-3.244964e-05	1
16	rs2370299	29271946	0	2.600511e-04	2.671666e-05	1
16	rs2370302	29283348	0	-1.478678e-04	-1.484572e-05	1
16	rs2370336	29308255	0	9.688154e-04	1.186599e-04	1
16	rs2370534	29319603	0	-8.820874e-05	-1.676276e-05	1
16	rs2370535	29320022	0	2.501979e-03	4.423273e-04	1
16	rs240702	28531353	0	-2.974707e-04	-2.736725e-05	1
16	rs240703	28530623	0	-7.722810e-04	-1.595908e-04	1
16	rs240704	28529949	0	-1.875572e-04	-1.724713e-05	1
16	rs240705	28529716	0	-2.974707e-04	-2.736723e-05	1
16	rs240707	28524612	0	-2.437218e-04	-2.197019e-05	1
16	rs240708	28520576	0	1.856902e-04	1.711215e-05	1
16	rs240709	28513853	0	-1.465431e-03	-3.032344e-04	1
16	rs2411431	28653784	0	8.342094e-04	8.214367e-05	1
16	rs2430674	29124524	0	-4.763358e-04	-4.292132e-05	1
16	rs2430675	29128117	0	-5.311099e-04	-6.453116e-05	1
16	rs2442141	29088221	0	-1.209291e-03	-1.402656e-04	1
16	rs252243	29239828	0	-8.803911e-04	-1.125890e-04	1
16	rs252244	29240018	0	-1.236443e-03	-1.645292e-04	1
16	rs252245	29241010	0	-1.424661e-03	-2.077837e-04	1
16	rs252246	29241389	0	-7.210947e-04	-9.302760e-05	1
16	rs252247	29242488	0	-4.041971e-04	-5.022923e-05	1
16	rs252248	29243109	0	-1.107764e-03	-1.490098e-04	1
16	rs252249	29243425	0	-9.334488e-04	-1.214290e-04	1
16	rs252250	29244405	0	-1.107764e-03	-1.490098e-04	1
16	rs252251	29244537	0	-1.585222e-03	-1.914013e-04	1
16	rs252252	29245019	0	-1.107764e-03	-1.490098e-04	1
16	rs252253	29245171	0	-2.315402e-04	-2.917623e-05	1
16	rs252254	29246993	0	-7.210947e-04	-9.302760e-05	1
16	rs252255	29247800	0	-7.210947e-04	-9.302760e-05	1
16	rs252256	29248418	0	-1.971942e-03	-3.009734e-04	1
16	rs252257	29250312	0	-9.622773e-04	-1.036678e-04	1
16	rs252258	29251278	0	-3.560161e-04	-3.584989e-05	1
16	rs252259	29251923	0	1.769148e-04	3.405682e-05	1
16	rs252260	29252478	0	-3.560161e-04	-3.584990e-05	1
16	rs252261	29092109	0	-1.023662e-03	-1.090468e-04	1
16	rs252264	29105873	0	-7.310625e-04	-6.709472e-05	1
16	rs252265	29105123	0	-2.111030e-04	-2.244384e-05	1
16	rs252270	29102219	1	9.571406e-04	1.282486e-04	1
16	rs252272	29101402	0	1.097582e-03	1.497876e-04	1
16	rs252274	29097369	0	1.097582e-03	1.497876e-04	1
16	rs252275	29094925	0	1.523074e-04	1.377297e-05	1
16	rs252276	29094515	0	1.547831e-03	2.426741e-04	1
16	rs252277	29093432	0	-3.393671e-04	-3.104772e-05	1
16	rs252283	29164026	0	1.621498e-04	1.957689e-05	1
16	rs252285	29164976	0	3.419448e-04	4.846930e-05	1
16	rs252287	29165923	0	3.960724e-04	4.835113e-05	1
16	rs252289	29168094	0	3.960724e-04	4.835113e-05	1
16	rs252291	29169717	0	3.290961e-04	3.991571e-05	1
16	rs252303	29225489	0	-9.679760e-05	-9.098716e-06	1
16	rs252304	29224442	0	-2.116360e-05	-2.494390e-06	1
16	rs252305	29223485	0	-1.078753e-03	-1.112520e-04	1
16	rs252306	29222442	0	-7.986122e-04	-7.817022e-05	1
16	rs252308	29221318	0	-3.577469e-04	-3.344774e-05	1
16	rs252311	29217605	0	-7.073940e-04	-6.889126e-05	1
16	rs252312	29215274	0	-4.383543e-04	-4.138671e-05	1
16	rs252313	29214126	0	-2.393055e-03	-4.508498e-04	1
16	rs252314	29213635	0	-4.766561e-04	-5.675289e-05	1
16	rs252315	29210513	0	4.714520e-05	5.539671e-06	1
16	rs252316	29203732	0	1.882246e-04	2.136575e-05	1
16	rs252317	29202810	0	-8.133502e-04	-8.015680e-05	1
16	rs252323	29197960	0	6.997376e-04	8.502871e-05	1
16	rs252326	29194415	0	5.009289e-05	5.690134e-06	1
16	rs252328	29194228	0	5.009289e-05	5.690131e-06	1
16	rs252365	29205691	0	4.176724e-04	4.834716e-05	1
16	rs252475	29245333	0	1.107764e-03	1.490098e-04	1
16	rs252480	29250915	0	4.041971e-04	5.022922e-05	1
16	rs252491	29158794	0	-8.252153e-04	-8.033354e-05	1
16	rs252493	29159047	0	-8.252153e-04	-8.033352e-05	1
16	rs252494	29159061	0	-8.252153e-04	-8.033350e-05	1
16	rs252495	29159094	0	-8.252153e-04	-8.033348e-05	1
16	rs252496	29159435	0	-7.267732e-04	-7.034397e-05	1
16	rs252497	29159564	0	-7.267732e-04	-7.034395e-05	1
16	rs252498	29160376	0	-7.267732e-04	-7.034393e-05	1
16	rs2549974	29641013	0	-9.781837e-04	-1.011729e-04	1
16	rs2550178	29118406	0	-4.141649e-04	-3.721381e-05	1
16	rs257867	29413322	0	-5.188945e-04	-1.040964e-04	1
16	rs257869	29411526	0	-5.188945e-04	-1.040964e-04	1
16	rs257877	29298466	0	1.627782e-04	3.073393e-05	1
16	rs257878	29332380	0	8.828262e-05	1.762041e-05	1
16	rs257882	29318542	0	-5.451401e-05	-6.080986e-06	1
16	rs2630830	29335148	0	-3.020550e-04	-5.651753e-05	1
16	rs2630834	29255737	0	1.769148e-04	3.405684e-05	1
16	rs26528	28517709	0	-3.912281e-04	-3.576897e-05	1
16	rs27741	28504181	0	-5.855982e-04	-5.499286e-05	1
16	rs28372334	29278281	0	4.631624e-04	4.759266e-05	1
16	rs28395262	29347907	0	1.227438e-03	1.479301e-04	1
16	rs28403629	28854769	0	-6.125866e-04	-5.848369e-05	1
16	rs28410083	28631360	1	-3.267754e-04	-3.033359e-05	1
16	rs28420715	29297583	0	2.975737e-04	3.475891e-05	1
16	rs28433345	28883327	0	8.145549e-05	7.789733e-06	1
16	rs28449958	28528781	0	8.688780e-04	9.133795e-05	1
16	rs28452050	29317318	0	2.830437e-03	5.231666e-04	1
16	rs28469632	29278346	0	4.631624e-04	4.759264e-05	1
16	rs28478844	29301227	0	-1.403091e-04	-1.480674e-05	1
16	rs28480369	28627004	0	-3.797640e-04	-3.546719e-05	1
16	rs28488113	29298160	0	2.975737e-04	3.475889e-05	1
16	rs28490313	29640683	0	-1.295081e-03	-1.424723e-04	1
16	rs28493497	29280362	0	4.631624e-04	4.759263e-05	1
16	rs28517865	29914142	0	-2.215207e-03	-3.076444e-04	1
16	rs28548178	29296334	0	5.035275e-04	5.161228e-05	1
16	rs28587565	29278629	0	4.631624e-04	4.759262e-05	1
16	rs28599680	29860685	0	-2.046475e-04	-2.860214e-05	1
16	rs28605917	29282396	0	4.134612e-04	4.752484e-05	1
16	rs28616078	29306272	0	1.347688e-03	1.826641e-04	1
16	rs28627978	29280810	0	4.631624e-04	4.759261e-05	1
16	rs28635424	29278498	0	3.341906e-04	3.416612e-05	1
16	rs2864228	29193522	0	-1.676564e-03	-2.231253e-04	1
16	rs28642341	29278637	0	4.631624e-04	4.759261e-05	1
16	rs28646116	29259446	0	3.269353e-04	3.788391e-05	1
16	rs28663614	29659786	0	1.269577e-04	2.108770e-05	1
16	rs28676837	28627063	0	-3.797640e-04	-3.546719e-05	1
16	rs28681294	29282365	0	9.085858e-04	1.137955e-04	1
16	rs28693455	29248014	0	-9.765030e-04	-1.280598e-04	1
16	rs28698017	29276196	0	4.631624e-04	4.759260e-05	1
16	rs28698667	28533071	0	-6.417113e-04	-6.007689e-05	1
16	rs28709291	30083912	0	8.785289e-04	1.511072e-04	1
16	rs28729187	28626966	0	-3.797640e-04	-3.546720e-05	1
16	rs28742124	29269146	0	-8.346201e-04	-9.913007e-05	1
16	rs28772958	28535305	0	-5.062884e-04	-4.719287e-05	1
16	rs2887714	29292113	0	5.035275e-04	5.161225e-05	1
16	rs28877870	30168682	0	1.066227e-03	1.538008e-04	1
16	rs2887799	30163833	0	1.242983e-03	1.214719e-04	1
16	rs28888764	28829228	0	2.785908e-04	2.717149e-05	1
16	rs28970385	29281963	0	4.631624e-04	4.759259e-05	1
16	rs2904880	28944396	0	-5.551757e-05	-5.559615e-06	1
16	rs2909044	29110035	0	-7.310625e-04	-6.709449e-05	1
16	rs2925624	28618545	0	-1.346685e-04	-1.328084e-05	1
16	rs2927728	29646905	0	-1.471862e-03	-1.680479e-04	1
16	rs2934456	29358351	0	-1.735973e-03	-2.027860e-04	1
16	rs3088215	28853996	0	-6.125866e-04	-5.848364e-05	1
16	rs3194168	28603012	0	-8.371201e-04	-1.359612e-04	1
16	rs34049928	29983015	0	-1.536395e-04	-3.011793e-05	1
16	rs34127220	29842891	0	4.423759e-05	6.318573e-06	1
16	rs34166377	30183041	0	1.232133e-03	1.883435e-04	1
16	rs34201022	29188474	0	-1.676564e-03	-2.231253e-04	1
16	rs34205348	29668898	0	-1.145774e-03	-1.125270e-04	1
16	rs34222852	29859627	0	1.401208e-04	1.962219e-05	1
16	rs34261613	30430628	0	1.497612e-03	3.268399e-04	1
16	rs34286592	29820480	0	3.890059e-04	5.671657e-05	1
16	rs34395441	28508892	0	-9.718957e-04	-1.991361e-04	1
16	rs34413922	28572005	0	-2.908113e-04	-5.640338e-05	1
16	rs34427301	28921866	0	-5.839633e-05	-1.019000e-05	1
16	rs34437886	29156994	0	-1.122846e-03	-1.344828e-04	1
16	rs34564246	30135798	0	7.300159e-04	1.439313e-04	1
16	rs34596480	29863620	0	2.278870e-04	4.675024e-05	1
16	rs34652864	29189158	0	-1.676564e-03	-2.231252e-04	1
16	rs34666323	29133969	0	6.640179e-04	9.623781e-05	1
16	rs34714403	29842547	0	4.423759e-05	6.318585e-06	1
16	rs34745112	29261537	0	-1.290196e-03	-1.656998e-04	1
16	rs34763945	28950051	0	3.172137e-04	5.492402e-05	1
16	rs34792575	29273070	0	2.600511e-04	2.671661e-05	1
16	rs34833	28517905	0	-1.209650e-03	-2.265061e-04	1
16	rs34835	28499291	0	-1.024372e-03	-1.012360e-04	1
16	rs34836	28494823	0	-1.269051e-03	-1.308575e-04	1
16	rs34838	28494350	0	-1.294065e-03	-1.348312e-04	1
16	rs34839	28489346	0	-1.294065e-03	-1.348312e-04	1
16	rs34876189	30332203	0	-1.504074e-03	-4.043981e-04	1
16	rs34878107	29157326	0	-1.122846e-03	-1.344827e-04	1
16	rs35042042	29871730	0	-1.660302e-03	-3.266058e-04	1
16	rs35055037	29193705	0	-1.359666e-03	-1.662693e-04	1
16	rs35089016	30192359	0	1.658045e-03	3.503537e-04	1
16	rs35105141	30057148	0	-4.160158e-04	-4.390751e-05	1
16	rs35175818	28608746	0	-5.459253e-04	-5.310182e-05	1
16	rs35181256	29093132	0	-5.885621e-04	-5.450326e-05	1
16	rs35189546	29167368	0	-1.215513e-03	-1.477556e-04	1
16	rs35309968	29204338	0	3.919556e-04	7.679279e-05	1
16	rs35324093	29244747	0	-1.290196e-03	-1.656997e-04	1
16	rs35345720	29933603	0	-1.894777e-05	-3.298615e-06	1
16	rs35388821	29151237	0	5.202502e-04	6.864840e-05	1
16	rs35458038	29157660	0	-1.128422e-03	-1.318111e-04	1
16	rs35467921	30048553	0	-7.956564e-04	-8.782282e-05	1
16	rs35478648	30054613	0	5.594187e-04	1.020422e-04	1
16	rs35480350	30366039	0	-2.043146e-03	-2.795120e-04	1
16	rs35529295	29126007	0	7.149750e-04	1.589424e-04	1
16	rs35605010	30033428	0	7.908848e-04	7.913102e-05	1
16	rs35676868	29142969	0	-1.663284e-03	-2.255782e-04	1
16	rs35697633	29116957	0	-1.077631e-03	-1.222711e-04	1
16	rs35722494	29272970	0	2.600511e-04	2.671662e-05	1
16	rs35725751	28845584	0	1.079364e-03	1.316914e-04	1
16	rs3574	30411382	0	1.278558e-03	1.447239e-04	1
16	rs35763655	29124635	0	4.925092e-04	6.931688e-05	1
16	rs35900366	30199584	0	1.085441e-03	1.637328e-04	1
16	rs35901559	29829615	0	4.423759e-05	6.318611e-06	1
16	rs35979293	28944700	0	-2.448134e-04	-2.337274e-05	1
16	rs35983149	30174024	0	1.180269e-03	1.740440e-04	1
16	rs35985586	29093157	0	-1.077631e-03	-1.222711e-04	1
16	rs36028249	29118764	0	9.076696e-04	1.710400e-04	1
16	rs36050267	29115577	0	-4.141649e-04	-3.721360e-05	1
16	rs36069862	30186202	0	1.232133e-03	1.883433e-04	1
16	rs36122065	29115014	0	-1.409679e-03	-1.685844e-04	1
16	rs370228531	29275615	7	7.062216e-04	1.300099e-04	1
16	rs370559426	28656150	1	3.555484e-04	3.857076e-05	1
16	rs370590486	29120017	0	7.241199e-04	1.559763e-04	1
16	rs371085	29730246	0	-1.690134e-04	-2.154482e-05	1
16	rs373528142	29569181	2	9.319235e-04	2.061118e-04	1
16	rs3743963	28604686	0	-1.578326e-03	-1.707140e-04	1
16	rs375132703	28656244	3	3.898265e-05	4.652476e-06	1
16	rs3759987	29673903	0	6.093775e-04	9.127839e-05	1
16	rs3764275	29672982	0	8.092447e-04	1.252024e-04	1
16	rs3764289	29239829	0	-1.367468e-03	-1.788255e-04	1
16	rs376487988	28618469	0	-1.578816e-04	-2.693550e-05	1
16	rs3766	30368591	0	8.449646e-04	1.063850e-04	1
16	rs377567672	29275748	0	1.369700e-03	2.258991e-04	1
16	rs3785354	28550667	0	-6.563123e-04	-6.432847e-05	1
16	rs3809627	30103160	0	4.148590e-04	3.967539e-05	1
16	rs3814877	30042677	0	-4.329156e-04	-4.558544e-05	1
16	rs3814878	30041966	0	4.945116e-04	4.743546e-05	1
16	rs3814880	30017895	0	-4.349635e-04	-4.089584e-05	1
16	rs3814884	29994736	0	-4.844878e-04	-4.555363e-05	1
16	rs3815824	29852860	0	-2.046475e-04	-2.860206e-05	1
16	rs3844222	29283230	0	4.081107e-04	4.179178e-05	1
16	rs3851756	29253652	0	-1.971942e-03	-3.009730e-04	1
16	rs3851757	29259687	0	3.934934e-05	4.192869e-06	1
16	rs3851758	29260222	0	-2.411826e-04	-2.834596e-05	1
16	rs3851759	29264113	0	-3.231033e-04	-3.884199e-05	1
16	rs3851760	29264225	0	-2.891479e-04	-3.244993e-05	1
16	rs3851761	29268268	0	1.273904e-03	1.454271e-04	1
16	rs3851762	29268273	0	1.489459e-03	2.556301e-04	1
16	rs3851764	29271554	0	2.600511e-04	2.671661e-05	1
16	rs3851765	29271655	0	5.769487e-04	6.003607e-05	1
16	rs3851766	29272118	0	2.600511e-04	2.671660e-05	1
16	rs3851770	29274452	0	3.531394e-04	3.658294e-05	1
16	rs3851772	29278071	0	4.631624e-04	4.759258e-05	1
16	rs3851774	29279743	0	4.631624e-04	4.759257e-05	1
16	rs3851775	29279750	0	4.631624e-04	4.759257e-05	1
16	rs3851776	29280037	0	4.631624e-04	4.759257e-05	1
16	rs3851777	29285675	0	5.035275e-04	5.161221e-05	1
16	rs3859172	28566158	0	-4.788159e-04	-4.453919e-05	1
16	rs3862476	29687360	0	4.945130e-04	8.793829e-05	1
16	rs3863453	29274934	0	1.425966e-04	1.435334e-05	1
16	rs3863454	29274973	0	1.267122e-03	2.020158e-04	1
16	rs3863455	29275022	0	5.657405e-04	5.844239e-05	1
16	rs3863461	29276274	0	4.631624e-04	4.759256e-05	1
16	rs3863462	29276316	0	4.631624e-04	4.759255e-05	1
16	rs3863463	29276381	0	7.800600e-04	8.207171e-05	1
16	rs3863464	29276410	0	4.631624e-04	4.759255e-05	1
16	rs3888190	28889486	0	-6.125866e-04	-5.848359e-05	1
16	rs3889407	29271509	0	3.582429e-04	3.749899e-05	1
16	rs3891914	29274081	0	2.859474e-04	2.941322e-05	1
16	rs3891915	29274463	0	3.531394e-04	3.658289e-05	1
16	rs3898532	29273997	0	2.859474e-04	2.941321e-05	1
16	rs3922668	28992646	0	-8.082347e-05	-7.352243e-06	1
16	rs3924376	28925978	0	-4.550543e-06	-4.675180e-07	1
16	rs3924855	29954955	0	-1.361466e-03	-1.435322e-04	1
16	rs3935714	29042014	0	7.561664e-04	1.358453e-04	1
16	rs3935873	30018500	0	-4.349635e-04	-4.089580e-05	1
16	rs3976455	29861447	0	-2.046475e-04	-2.860204e-05	1
16	rs3986793	28583589	0	-4.862246e-04	-9.733174e-05	1
16	rs3987654	28647568	0	7.416311e-04	7.233176e-05	1
16	rs3987663	28651904	0	4.222147e-04	4.268057e-05	1
16	rs402720	29762882	0	-2.651348e-04	-3.063709e-05	1
16	rs4072401	28937275	0	-1.332323e-04	-1.496506e-05	1
16	rs4072402	28937259	0	-1.380033e-05	-1.365194e-06	1
16	rs4077410	29998200	0	1.366422e-03	1.387414e-04	1
16	rs40834	28510393	0	-8.360871e-04	-8.098929e-05	1
16	rs40835	28510455	0	-5.043568e-04	-7.064053e-05	1
16	rs40836	28510537	0	-5.328686e-04	-4.955925e-05	1
16	rs40837	28510845	0	-5.341051e-04	-4.933174e-05	1
16	rs41278162	28617361	0	-3.571662e-04	-3.547852e-05	1
16	rs41280854	30064471	0	4.551708e-04	9.259016e-05	1
16	rs41292378	30390677	0	3.404459e-05	6.508100e-06	1
16	rs4149398	28608938	0	-4.105023e-04	-3.964945e-05	1
16	rs4149399	28608816	0	-4.862246e-04	-9.733173e-05	1
16	rs4149406	28607070	0	-3.234276e-04	-3.106671e-05	1
16	rs4149409	28601802	0	-3.508017e-04	-6.452883e-05	1
16	rs423096	29730626	0	-3.342802e-04	-4.124474e-05	1
16	rs4232893	30423751	0	-8.643561e-05	-1.235200e-05	1
16	rs4238959	30038647	0	7.908848e-04	7.913104e-05	1
16	rs4238961	30380486	0	5.176359e-05	4.719493e-06	1
16	rs4247355	30392099	0	2.001540e-03	2.860415e-04	1
16	rs4258647	29287505	0	3.392692e-04	3.444805e-05	1
16	rs4281737	29642392	0	-1.295081e-03	-1.424722e-04	1
16	rs4283241	29988349	0	-8.324359e-05	-7.697381e-06	1
16	rs42861	28494421	0	-1.269051e-03	-1.308574e-04	1
16	rs4312332	29287936	0	3.392692e-04	3.444805e-05	1
16	rs4318227	29984839	0	-4.349635e-04	-4.089577e-05	1
16	rs4334325	29156282	0	-1.122846e-03	-1.344824e-04	1
16	rs4340343	30404484	0	1.088571e-03	1.156683e-04	1
16	rs4344767	30165139	0	1.785340e-03	1.877935e-04	1
16	rs4402589	29954654	0	-1.361466e-03	-1.435321e-04	1
16	rs4407079	29931899	0	-1.437038e-03	-1.530455e-04	1
16	rs4420550	29938820	0	-1.800153e-03	-2.087415e-04	1
16	rs4424923	29939293	0	-1.483256e-03	-1.596513e-04	1
16	rs4447459	29155672	0	-1.122846e-03	-1.344824e-04	1
16	rs4451951	28836205	0	-4.514611e-04	-4.256574e-05	1
16	rs4500754	30376691	0	4.782996e-04	7.293589e-05	1
16	rs4527039	29946945	0	-1.361466e-03	-1.435320e-04	1
16	rs45470995	28608749	0	-4.862246e-04	-9.733173e-05	1
16	rs4552048	29269826	0	1.273904e-03	1.454270e-04	1
16	rs4563056	29698606	0	1.631499e-03	2.713922e-04	1
16	rs4583255	29988941	0	-4.349635e-04	-4.089566e-05	1
16	rs4609871	29932064	0	-1.234673e-03	-1.276527e-04	1
16	rs4614756	29126906	0	4.925092e-04	6.931682e-05	1
16	rs4620996	29121113	0	5.311099e-04	6.453122e-05	1
16	rs4787455	28589455	0	-5.459253e-04	-5.310166e-05	1
16	rs4787456	28559573	0	-6.563123e-04	-6.432832e-05	1
16	rs4787457	28555400	0	-6.563123e-04	-6.432831e-05	1
16	rs4787458	28531287	0	-9.711588e-05	-9.204657e-06	1
16	rs4787460	28959477	8	-6.850354e-04	-7.105636e-05	1
16	rs4787461	29021852	0	-1.041074e-03	-1.087968e-04	1
16	rs4787466	29272099	0	6.969549e-04	9.804605e-05	1
16	rs4787467	29275842	0	1.369700e-03	2.258991e-04	1
16	rs4787480	29857316	0	-2.046475e-04	-2.860198e-05	1
16	rs4787483	29885447	0	-5.425180e-04	-5.579279e-05	1
16	rs4787484	29906546	0	-8.058029e-05	-8.133175e-06	1
16	rs4787486	29977562	0	1.324027e-05	1.223142e-06	1
16	rs4787488	29995803	0	1.366422e-03	1.387415e-04	1
16	rs4787489	29995880	0	-4.349635e-04	-4.089562e-05	1
16	rs4787491	30015337	0	1.350816e-03	1.374475e-04	1
16	rs4787492	30055549	0	8.380308e-04	8.399883e-05	1
16	rs4787495	30165725	0	1.586175e-03	1.607012e-04	1
16	rs4787642	30359408	0	-2.432579e-03	-3.873784e-04	1
16	rs4787643	30393660	0	1.959107e-03	2.713483e-04	1
16	rs4787644	30418119	0	2.886698e-04	4.157482e-05	1
16	rs4788061	28643300	0	5.087045e-04	5.104965e-05	1
16	rs4788073	28594549	0	-3.226397e-04	-3.070403e-05	1
16	rs4788074	28593597	0	-5.459253e-04	-5.310160e-05	1
16	rs4788076	28570005	0	-5.459253e-04	-5.310159e-05	1
16	rs4788077	28569764	0	-8.600753e-04	-8.651682e-05	1
16	rs4788078	28559981	0	-6.563123e-04	-6.432823e-05	1
16	rs4788080	28558081	0	-6.563123e-04	-6.432823e-05	1
16	rs4788081	28556147	0	-8.640186e-04	-8.720803e-05	1
16	rs4788083	28545449	0	-5.062884e-04	-4.719258e-05	1
16	rs4788084	28539848	0	-6.417113e-04	-6.007654e-05	1
16	rs4788085	28535003	0	-5.062884e-04	-4.719256e-05	1
16	rs4788095	28831359	0	-5.217311e-04	-4.989789e-05	1
16	rs4788099	28855727	0	-6.125866e-04	-5.848334e-05	1
16	rs4788100	28864673	0	-6.422903e-04	-6.206678e-05	1
16	rs4788101	28867804	0	-6.125866e-04	-5.848332e-05	1
16	rs4788102	28873398	0	-3.567035e-04	-3.329041e-05	1
16	rs4788111	28980693	0	-3.443985e-04	-3.321178e-05	1
16	rs4788112	28987518	0	-3.443985e-04	-3.321178e-05	1
16	rs4788113	28992000	0	-3.443985e-04	-3.321178e-05	1
16	rs4788116	29011438	0	-7.229601e-04	-8.340960e-05	1
16	rs4788117	29011464	0	-2.396439e-04	-2.536193e-05	1
16	rs4788118	29016390	0	-3.120707e-04	-4.567166e-05	1
16	rs4788119	29019356	0	-3.987480e-04	-4.752557e-05	1
16	rs4788122	29085693	0	4.744352e-04	7.883236e-05	1
16	rs4788138	29253744	0	-9.349348e-04	-9.867014e-05	1
16	rs4788139	29254070	0	-2.367146e-04	-2.339802e-05	1
16	rs4788140	29254781	0	-1.971942e-03	-3.009731e-04	1
16	rs4788141	29274290	0	1.409402e-03	2.260080e-04	1
16	rs4788142	29275571	4	1.554482e-03	3.496970e-04	1
16	rs4788143	29275901	0	1.369700e-03	2.258991e-04	1
16	rs4788148	29286147	0	5.035275e-04	5.161215e-05	1
16	rs4788172	29668253	0	6.592911e-05	1.031807e-05	1
16	rs4788173	29670736	0	3.486935e-04	5.793047e-05	1
16	rs4788185	29839893	0	4.423759e-05	6.318722e-06	1
16	rs4788186	29841225	0	-2.759944e-03	-5.258200e-04	1
16	rs4788187	29845685	0	6.090302e-04	8.188198e-05	1
16	rs4788188	29860863	0	3.601451e-04	4.621752e-05	1
16	rs4788189	29921211	0	-2.084174e-03	-2.738685e-04	1
16	rs4788190	29948401	0	-1.574792e-03	-1.719642e-04	1
16	rs4788195	29960593	0	-4.332566e-04	-4.004890e-05	1
16	rs4788196	29967434	0	-3.717761e-04	-3.475686e-05	1
16	rs4788197	29970834	0	-2.700778e-05	-2.481253e-06	1
16	rs4788199	29970857	0	6.781962e-04	6.229929e-05	1
16	rs4788200	29971265	0	-3.787277e-04	-3.535418e-05	1
16	rs4788201	29972690	0	-3.787277e-04	-3.535417e-05	1
16	rs4788202	29978003	0	1.324027e-05	1.223241e-06	1
16	rs4788203	29978827	0	-1.739057e-04	-1.577335e-05	1
16	rs4788204	29995218	0	2.739021e-04	2.519024e-05	1
16	rs4788207	30010274	0	1.366422e-03	1.387417e-04	1
16	rs4788209	30013266	0	-4.349635e-04	-4.089550e-05	1
16	rs4788210	30013674	0	-4.349635e-04	-4.089549e-05	1
16	rs4788211	30015565	0	1.049525e-03	1.012128e-04	1
16	rs4788212	30034469	0	4.222650e-04	4.092094e-05	1
16	rs4788213	30034524	0	4.222650e-04	4.092093e-05	1
16	rs4788215	30047930	0	4.222650e-04	4.092093e-05	1
16	rs4788216	30048077	0	4.222650e-04	4.092092e-05	1
16	rs4788217	30051312	0	4.222650e-04	4.092092e-05	1
16	rs4788218	30055750	0	-7.956564e-04	-8.782245e-05	1
16	rs4788219	30063646	0	7.908848e-04	7.913121e-05	1
16	rs4788220	30063780	0	7.908848e-04	7.913120e-05	1
16	rs4788409	30393771	0	1.911961e-03	2.645524e-04	1
16	rs4788410	30396805	0	2.189343e-03	3.265765e-04	1
16	rs4788411	30396815	0	1.959107e-03	2.713479e-04	1
16	rs4788412	30405726	0	6.425480e-04	7.819739e-05	1
16	rs4788413	30410445	0	2.189343e-03	3.265763e-04	1
16	rs480400	28574615	0	-1.382912e-03	-1.440729e-04	1
16	rs4843799	29157234	0	-1.122846e-03	-1.344824e-04	1
16	rs4992888	29259096	0	-5.580802e-04	-6.726577e-05	1
16	rs4993636	29293055	0	5.035275e-04	5.161212e-05	1
16	rs5009662	29155845	0	-1.122846e-03	-1.344824e-04	1
16	rs5013201	30404522	0	1.095900e-03	2.283423e-04	1
16	rs5013247	29307041	0	1.067007e-03	1.360042e-04	1
16	rs5026091	29273620	0	5.244536e-04	5.359781e-05	1
16	rs5026093	29273735	0	2.456993e-04	2.498344e-05	1
16	rs5026096	29273786	0	2.859474e-04	2.941315e-05	1
16	rs5029446	29297706	0	-1.403091e-04	-1.480702e-05	1
16	rs5029449	29297793	0	3.651223e-05	3.837091e-06	1
16	rs508022	28573963	0	-8.371201e-04	-1.359612e-04	1
16	rs554206	28576369	0	-8.371201e-04	-1.359612e-04	1
16	rs55662298	29288820	0	-3.146540e-05	-3.227553e-06	1
16	rs55678597	30118232	0	1.494843e-03	3.010417e-04	1
16	rs55680018	29288704	0	-1.370943e-04	-1.403061e-05	1
16	rs55680039	30048962	0	-9.938831e-05	-1.907206e-05	1
16	rs55710189	29207939	0	7.609587e-04	1.248929e-04	1
16	rs55719896	28846866	0	-6.125866e-04	-5.848325e-05	1
16	rs55732292	29039660	0	1.311920e-03	2.537941e-04	1
16	rs55736310	29240017	0	-7.718159e-04	-1.299166e-04	1
16	rs55736766	29269252	0	-1.298209e-03	-1.692023e-04	1
16	rs55740063	29258996	0	-5.580802e-04	-6.726580e-05	1
16	rs55754126	29299928	0	2.975737e-04	3.475877e-05	1
16	rs55762054	30015249	0	6.204783e-04	9.214356e-05	1
16	rs55764428	29287123	0	3.392692e-04	3.444799e-05	1
16	rs55779019	29267834	0	-5.794912e-04	-7.199526e-05	1
16	rs55780732	29261698	0	-2.411826e-04	-2.834605e-05	1
16	rs55788822	29287062	0	3.392692e-04	3.444799e-05	1
16	rs55792032	28599411	0	-3.234276e-04	-3.106642e-05	1
16	rs55816101	29293621	0	-3.475511e-05	-4.042569e-06	1
16	rs55816166	29180008	0	-9.309027e-04	-1.321152e-04	1
16	rs55830740	28847149	0	-6.125866e-04	-5.848323e-05	1
16	rs55903157	29994398	0	-2.670005e-05	-5.262490e-06	1
16	rs55918844	29287222	0	3.392692e-04	3.444799e-05	1
16	rs55963273	29296589	0	-4.042176e-05	-4.092475e-06	1
16	rs55991577	28843025	0	-6.125866e-04	-5.848322e-05	1
16	rs56000057	29595921	0	7.266557e-04	1.406238e-04	1
16	rs56031255	29306955	0	4.666334e-04	5.736842e-05	1
16	rs56040780	28861881	0	-6.125866e-04	-5.848321e-05	1
16	rs56096128	29184346	0	9.348635e-04	1.390457e-04	1
16	rs56106502	29617167	0	1.355257e-04	2.387560e-05	1
16	rs56108370	29294350	0	-6.445882e-05	-7.623545e-06	1
16	rs56135456	29267951	0	-5.794912e-04	-7.199526e-05	1
16	rs56143494	29257009	0	3.934934e-05	4.192719e-06	1
16	rs56143700	30360998	0	4.442624e-04	9.314681e-05	1
16	rs56152301	29278582	0	4.631624e-04	4.759244e-05	1
16	rs56159078	29170454	0	-1.179602e-04	-1.910960e-05	1
16	rs56162440	29141853	0	-2.120700e-03	-3.318341e-04	1
16	rs56169261	28619178	0	-6.239359e-04	-6.377531e-05	1
16	rs56183743	30007325	0	1.484488e-03	2.978256e-04	1
16	rs56186137	28825953	0	-5.217311e-04	-4.989775e-05	1
16	rs56187809	29297643	0	-3.475511e-05	-4.042576e-06	1
16	rs56188385	29286983	0	3.392692e-04	3.444799e-05	1
16	rs56209193	28585636	0	-3.234276e-04	-3.106639e-05	1
16	rs56212525	29269271	0	-1.298209e-03	-1.692024e-04	1
16	rs56234416	29297454	1	9.324990e-06	9.107201e-07	1
16	rs56270796	29122741	0	-1.471850e-03	-1.845063e-04	1
16	rs56272201	28580685	0	-8.600753e-04	-8.651659e-05	1
16	rs56272859	29142566	0	6.237698e-04	8.954545e-05	1
16	rs56326379	28619241	0	-1.578816e-04	-2.693539e-05	1
16	rs56329348	30030092	0	3.807278e-04	7.217988e-05	1
16	rs56341237	29243884	0	-7.240351e-04	-8.916952e-05	1
16	rs56354901	28523144	0	9.438552e-04	1.028860e-04	1
16	rs56357328	29303737	0	-3.475511e-05	-4.042583e-06	1
16	rs56358680	28843118	0	-6.125866e-04	-5.848319e-05	1
16	rs56377705	29301302	0	-1.557402e-04	-1.666267e-05	1
16	rs56396270	28580829	0	-5.459253e-04	-5.310136e-05	1
16	rs56399904	30166183	0	2.343447e-03	3.002757e-04	1
16	rs56404918	28846840	0	-6.125866e-04	-5.848317e-05	1
16	rs56766083	29272842	0	5.769487e-04	6.003589e-05	1
16	rs56933819	28940916	0	3.753496e-04	3.364217e-05	1
16	rs57312298	30012691	0	1.484488e-03	2.978256e-04	1
16	rs57519568	29354770	0	1.168718e-04	1.844023e-05	1
16	rs57601653	29290980	0	-1.370943e-04	-1.403063e-05	1
16	rs57615206	30014034	0	1.484488e-03	2.978255e-04	1
16	rs57840023	29265279	0	-6.218010e-05	-7.466636e-06	1
16	rs57884885	29272820	0	2.600511e-04	2.671643e-05	1
16	rs58005809	29252470	0	-1.290196e-03	-1.656994e-04	1
16	rs58047105	29273019	0	2.600511e-04	2.671644e-05	1
16	rs58307916	29218966	0	-8.919250e-04	-1.021293e-04	1
16	rs58332563	29266340	0	1.582094e-03	2.781085e-04	1
16	rs58354524	29354782	0	2.208730e-04	3.566347e-05	1
16	rs58475855	29299203	0	-3.475511e-05	-4.042592e-06	1
16	rs58483534	30131301	0	1.590485e-03	3.272093e-04	1
16	rs58579888	29291300	0	5.035275e-04	5.161206e-05	1
16	rs58727628	29266471	0	1.582094e-03	2.781084e-04	1
16	rs59086095	29210257	0	-4.193092e-04	-4.482195e-05	1
16	rs59364995	29258092	0	3.650786e-04	4.177549e-05	1
16	rs59419098	30010363	1	1.830567e-03	4.128989e-04	1
16	rs59432882	29102563	0	-7.396313e-05	-9.981554e-06	1
16	rs59576480	29286920	0	2.237153e-05	2.269082e-06	1
16	rs59823182	29272110	0	-3.329146e-04	-4.026317e-05	1
16	rs59933097	29282400	0	4.134612e-04	4.752467e-05	1
16	rs60350735	29268210	0	1.598509e-03	2.893632e-04	1
16	rs60548676	29291112	0	1.866299e-04	1.895498e-05	1
16	rs60683614	29999993	0	1.092520e-03	2.051660e-04	1
16	rs60779366	29130953	0	-1.781650e-03	-2.495538e-04	1
16	rs60799184	29110135	0	-1.119565e-03	-1.284519e-04	1
16	rs60978850	30010475	0	1.801386e-03	3.978647e-04	1
16	rs61364777	29038582	0	7.960285e-04	1.272604e-04	1
16	rs61737565	28855522	0	-6.125866e-04	-5.848315e-05	1
16	rs61738759	28509509	0	-2.160572e-04	-3.820846e-05	1
16	rs61764220	30127888	0	-9.823822e-05	-2.002493e-05	1
16	rs61978578	30408961	0	1.095900e-03	2.283423e-04	1
16	rs62031560	28605915	0	-3.234276e-04	-3.106634e-05	1
16	rs62031562	28609329	0	-5.459253e-04	-5.310133e-05	1
16	rs62031607	28631530	0	-3.131345e-04	-2.955143e-05	1
16	rs62034318	28527221	0	9.957196e-04	1.092213e-04	1
16	rs62034319	28532188	0	-3.919867e-04	-3.581647e-05	1
16	rs62034321	28534038	0	-6.417113e-04	-6.007627e-05	1
16	rs62034322	28535834	0	2.793969e-04	2.679692e-05	1
16	rs62034323	28536473	0	-6.417113e-04	-6.007625e-05	1
16	rs62034324	28536762	0	-6.417113e-04	-6.007624e-05	1
16	rs62034325	28538640	0	2.793969e-04	2.679695e-05	1
16	rs62034326	28539293	0	-6.041125e-04	-5.614066e-05	1
16	rs62034350	28562256	0	-5.459253e-04	-5.310125e-05	1
16	rs62034351	28565489	0	-8.600753e-04	-8.651642e-05	1
16	rs62034355	28581038	0	-8.600753e-04	-8.651641e-05	1
16	rs62034358	28587597	0	-5.459253e-04	-5.310122e-05	1
16	rs62034359	28600091	0	-5.459253e-04	-5.310122e-05	1
16	rs62035308	29086987	0	-3.071216e-04	-5.208446e-05	1
16	rs62035311	29090699	0	-1.700215e-04	-2.314227e-05	1
16	rs62035313	29094002	0	-2.496019e-04	-4.153911e-05	1
16	rs62035316	29098418	0	5.729751e-05	7.746725e-06	1
16	rs62035317	29099071	0	-2.496019e-04	-4.153911e-05	1
16	rs62035486	29253866	0	-5.307377e-04	-6.409663e-05	1
16	rs62035487	29254402	0	-5.307377e-04	-6.409663e-05	1
16	rs62035492	29259109	0	-5.307377e-04	-6.409662e-05	1
16	rs62035493	29259207	0	3.650786e-04	4.177546e-05	1
16	rs62035494	29259775	0	-5.580802e-04	-6.726586e-05	1
16	rs62035498	29267352	0	-5.794912e-04	-7.199529e-05	1
16	rs62035501	29268270	0	-3.329146e-04	-4.026318e-05	1
16	rs62035503	29268396	0	-5.109596e-04	-6.280640e-05	1
16	rs62035580	29344604	0	1.046975e-03	1.215393e-04	1
16	rs62035581	29344690	0	1.565901e-03	2.050086e-04	1
16	rs62035582	29344835	0	1.223796e-03	1.472891e-04	1
16	rs62035945	29167081	0	-1.681144e-04	-2.727990e-05	1
16	rs62036613	28823097	0	-8.982439e-04	-8.898676e-05	1
16	rs62036614	28824685	0	-8.982439e-04	-8.898674e-05	1
16	rs62036616	28826307	0	-9.559381e-04	-9.550772e-05	1
16	rs62036617	28827498	0	-5.217311e-04	-4.989754e-05	1
16	rs62036618	28828834	1	-5.061048e-04	-4.835653e-05	1
16	rs62036620	28833097	0	-5.217311e-04	-4.989753e-05	1
16	rs62036621	28833299	0	-5.217311e-04	-4.989752e-05	1
16	rs62036623	28839735	0	-1.244982e-03	-1.299918e-04	1
16	rs62036624	28839930	0	-5.432871e-04	-5.137891e-05	1
16	rs62036626	28844284	0	-6.125866e-04	-5.848294e-05	1
16	rs62036657	28844365	0	-6.125866e-04	-5.848293e-05	1
16	rs62036658	28850371	0	-9.018061e-04	-8.858879e-05	1
16	rs62037275	29281487	0	3.036966e-04	3.147391e-05	1
16	rs62037276	29281496	0	3.036966e-04	3.147390e-05	1
16	rs62037283	29285187	0	1.394382e-04	1.422737e-05	1
16	rs62037317	29291124	0	-1.370943e-04	-1.403064e-05	1
16	rs62037323	29297094	0	-2.556368e-04	-3.863108e-05	1
16	rs62037328	29300794	0	2.975737e-04	3.475874e-05	1
16	rs62037329	29301022	0	-3.475511e-05	-4.042583e-06	1
16	rs62037332	29301809	0	-1.805572e-04	-1.882302e-05	1
16	rs62037333	29301819	0	-1.805572e-04	-1.882303e-05	1
16	rs62037334	29301896	0	-1.805572e-04	-1.882303e-05	1
16	rs62037363	28865042	0	-6.125866e-04	-5.848291e-05	1
16	rs62037364	28868695	0	-5.368242e-04	-5.028375e-05	1
16	rs62037365	28868962	0	-7.844971e-04	-7.583782e-05	1
16	rs62037366	28871657	0	-1.244982e-03	-1.299917e-04	1
16	rs62037367	28874547	0	-6.125866e-04	-5.848287e-05	1
16	rs62037369	28883841	0	-9.890994e-04	-9.841884e-05	1
16	rs62037371	28890131	0	-6.125866e-04	-5.848285e-05	1
16	rs62037373	28893295	0	8.145549e-05	7.790294e-06	1
16	rs62037412	28917746	0	1.681687e-04	1.586764e-05	1
16	rs62037421	28954408	0	-4.025428e-04	-3.862581e-05	1
16	rs62037422	28963012	0	-6.381000e-04	-6.270384e-05	1
16	rs62037423	28964716	0	-3.443985e-04	-3.321204e-05	1
16	rs62037427	29002706	0	-4.543120e-04	-4.459371e-05	1
16	rs62038177	29195695	0	-1.035669e-03	-1.482033e-04	1
16	rs62038185	29211174	0	-1.607154e-03	-2.634588e-04	1
16	rs62038186	29211398	0	-1.607154e-03	-2.634588e-04	1
16	rs62038208	29224870	0	-1.145672e-03	-1.627626e-04	1
16	rs62038210	29230210	0	-5.138759e-04	-8.076814e-05	1
16	rs62038224	29247919	0	-6.893409e-04	-8.304826e-05	1
16	rs62038226	29249437	0	-5.307377e-04	-6.409664e-05	1
16	rs62038227	29249549	0	-5.307377e-04	-6.409663e-05	1
16	rs62038228	29252252	0	-5.307377e-04	-6.409663e-05	1
16	rs62038967	29305726	0	1.067007e-03	1.360041e-04	1
16	rs62038969	29307683	0	4.666334e-04	5.736840e-05	1
16	rs62038970	29309914	4	3.004090e-04	4.912856e-05	1
16	rs62038973	29310960	0	4.666334e-04	5.736840e-05	1
16	rs62038974	29310994	0	7.501095e-04	9.206408e-05	1
16	rs62038975	29311190	0	7.501095e-04	9.206408e-05	1
16	rs62038976	29314400	0	1.362261e-03	2.084458e-04	1
16	rs62038977	29319954	0	2.279953e-03	4.054110e-04	1
16	rs62054860	29720349	0	-4.481175e-05	-5.715636e-06	1
16	rs62054862	29723193	0	1.265485e-04	1.661593e-05	1
16	rs62054863	29723815	0	1.104409e-04	1.434583e-05	1
16	rs62054867	29726088	0	1.265485e-04	1.661592e-05	1
16	rs62054874	29734427	0	8.409004e-05	1.112576e-05	1
16	rs62054875	29735902	0	8.409004e-05	1.112576e-05	1
16	rs62054877	29738423	0	4.261782e-04	5.587013e-05	1
16	rs62054880	29740557	0	8.409004e-05	1.112576e-05	1
16	rs62054881	29740571	0	1.056954e-04	1.440632e-05	1
16	rs62054903	29750555	0	3.473542e-04	7.199550e-05	1
16	rs62054904	29757134	0	3.473542e-04	7.199550e-05	1
16	rs62055376	30164758	1	1.787609e-03	1.873268e-04	1
16	rs62055459	30398408	0	1.816975e-03	2.303775e-04	1
16	rs62056369	29823905	0	3.473542e-04	7.199550e-05	1
16	rs62056371	29834954	0	4.423759e-05	6.318834e-06	1
16	rs62056375	29857901	0	1.401208e-04	1.962248e-05	1
16	rs62057680	29986627	0	4.897167e-04	7.843183e-05	1
16	rs62057756	30117253	0	-4.483311e-04	-4.743208e-05	1
16	rs62059020	29669910	0	-1.254192e-03	-1.256483e-04	1
16	rs62059023	29681707	0	1.095367e-03	1.136362e-04	1
16	rs62059024	29681734	0	9.350848e-04	9.486344e-05	1
16	rs62059025	29692277	0	8.562105e-04	8.641176e-05	1
16	rs62060162	29710492	0	-1.288460e-04	-1.729601e-05	1
16	rs62060163	29710682	0	-1.288460e-04	-1.729601e-05	1
16	rs62060164	29711801	0	-1.474380e-04	-1.992167e-05	1
16	rs62060166	29713913	0	-1.127385e-04	-1.531485e-05	1
16	rs62060167	29715145	0	-3.242593e-04	-4.407400e-05	1
16	rs62639718	29281661	0	3.036966e-04	3.147387e-05	1
16	rs62639719	29281756	0	3.329821e-04	3.240848e-05	1
16	rs62639720	29281814	0	-1.550980e-04	-1.779557e-05	1
16	rs62639721	29281841	0	1.515113e-04	1.530600e-05	1
16	rs634395	29719579	0	-6.220146e-04	-7.124792e-05	1
16	rs634977	29733308	0	-5.971011e-04	-6.828048e-05	1
16	rs637460	29805803	0	7.512838e-04	1.468177e-04	1
16	rs645946	29734314	0	-8.827434e-04	-1.084301e-04	1
16	rs648559	29740645	0	-6.365612e-04	-7.548071e-05	1
16	rs6498089	28629300	0	-3.797640e-04	-3.546777e-05	1
16	rs6565169	29692692	0	7.218465e-04	7.647659e-05	1
16	rs6565173	29974167	0	-3.787277e-04	-3.535393e-05	1
16	rs6565174	30111904	0	1.316730e-03	2.513388e-04	1
16	rs6565176	30174926	0	2.766443e-03	4.178061e-04	1
16	rs6565180	30361341	0	-2.045399e-03	-2.515474e-04	1
16	rs6565182	30374381	0	-2.123661e-03	-2.988882e-04	1
16	rs6565183	30382755	1	-1.484787e-03	-1.617571e-04	1
16	rs6565229	28872598	0	-6.125866e-04	-5.848279e-05	1
16	rs6565259	28898793	0	3.996185e-04	3.821342e-05	1
16	rs6565261	28903656	0	4.895836e-04	5.568667e-05	1
16	rs6565293	28933248	0	1.271553e-04	1.280779e-05	1
16	rs6565300	28993049	0	3.673838e-04	3.847913e-05	1
16	rs6565375	29317861	0	2.830437e-03	5.231648e-04	1
16	rs66467443	30050494	2	4.475944e-04	4.311451e-05	1
16	rs66818723	29887215	0	-5.425180e-04	-5.579247e-05	1
16	rs66957695	29114514	0	-1.130193e-03	-1.312222e-04	1
16	rs67218159	30050505	0	2.165669e-04	2.051521e-05	1
16	rs67396493	29314454	0	9.211349e-04	1.517300e-04	1
16	rs67479058	28970852	0	-3.724138e-04	-5.443816e-05	1
16	rs67575668	29669560	0	1.390203e-04	2.325888e-05	1
16	rs67817011	30179098	0	1.804736e-03	3.932314e-04	1
16	rs67822311	29093939	0	-1.527902e-03	-1.899279e-04	1
16	rs67846049	29191344	0	-1.676564e-03	-2.231243e-04	1
16	rs67966242	29215824	0	-1.196647e-03	-1.458791e-04	1
16	rs68024357	29128937	0	-1.231310e-03	-1.489637e-04	1
16	rs6839	28617128	0	-1.346685e-04	-1.328017e-05	1
16	rs710410	28603342	0	-1.024263e-03	-1.069067e-04	1
16	rs71277298	29732886	0	-1.141707e-04	-2.234512e-05	1
16	rs71383744	29008330	0	-7.198719e-05	-1.266258e-05	1
16	rs71383755	29204636	0	1.483661e-03	4.002178e-04	1
16	rs71383756	29225035	0	-2.737530e-04	-2.863370e-05	1
16	rs71383757	29227937	0	-5.105660e-06	-5.271187e-07	1
16	rs71387642	29095150	0	3.919556e-04	7.679304e-05	1
16	rs71387647	29161822	0	-1.215513e-03	-1.477548e-04	1
16	rs71387648	29201069	0	3.919556e-04	7.679305e-05	1
16	rs71387656	29297762	0	2.260008e-04	4.405902e-05	1
16	rs71389428	29842632	0	4.423759e-05	6.318872e-06	1
16	rs71389435	29907027	0	1.402909e-04	2.696688e-05	1
16	rs71389462	30326963	0	1.647932e-03	3.893813e-04	1
16	rs71391316	28601175	0	1.857893e-05	3.745766e-06	1
16	rs71391317	28607630	0	1.857893e-05	3.745766e-06	1
16	rs7140	28995757	0	3.673838e-04	3.847915e-05	1
16	rs7184075	29287841	0	2.237153e-05	2.269010e-06	1
16	rs7184288	29935052	0	2.903605e-04	2.737302e-05	1
16	rs7184597	28921809	0	4.662512e-04	4.771135e-05	1
16	rs7184953	29315879	0	1.712182e-03	2.633645e-04	1
16	rs7185232	28933468	0	-1.380033e-05	-1.365726e-06	1
16	rs7185289	29303041	0	-3.552748e-04	-4.259919e-05	1
16	rs7185357	30443785	0	-6.228828e-04	-1.069885e-04	1
16	rs7185941	29267117	0	3.002992e-04	3.121734e-05	1
16	rs7186573	28587389	0	-3.234276e-04	-3.106601e-05	1
16	rs7186597	29292314	0	2.237153e-05	2.269000e-06	1
16	rs7186784	29018610	0	-7.531458e-04	-9.539146e-05	1
16	rs7187333	28865916	0	-1.244982e-03	-1.299916e-04	1
16	rs7187575	28990101	0	3.408811e-04	3.550015e-05	1
16	rs7187604	28565953	0	-5.459253e-04	-5.310097e-05	1
16	rs7187776	28857645	0	-8.633559e-04	-8.398003e-05	1
16	rs7188071	28917644	0	2.769848e-04	2.688558e-05	1
16	rs7188093	29190050	0	-1.676564e-03	-2.231242e-04	1
16	rs7188570	29314999	0	1.727613e-03	2.615078e-04	1
16	rs7188661	29287978	0	2.237153e-05	2.268996e-06	1
16	rs7188755	28956464	0	6.328375e-05	5.641698e-06	1
16	rs7189056	29122047	0	-1.015269e-03	-1.140743e-04	1
16	rs7189093	29288252	0	2.237153e-05	2.268995e-06	1
16	rs7189265	29288308	0	3.392692e-04	3.444787e-05	1
16	rs7189550	29911260	0	-3.538657e-05	-3.493548e-06	1
16	rs7189750	29911416	0	-3.538657e-05	-3.493544e-06	1
16	rs7189870	29735063	0	8.409004e-05	1.112573e-05	1
16	rs7189927	28913787	0	2.769848e-04	2.688558e-05	1
16	rs7190126	29267092	0	1.273904e-03	1.454267e-04	1
16	rs7190132	29752794	0	5.044264e-04	6.362140e-05	1
16	rs7190185	29962352	0	-1.763628e-04	-1.621573e-05	1
16	rs7190456	29264848	0	-7.566306e-05	-9.021963e-06	1
16	rs7190532	29302798	0	-1.805572e-04	-1.882319e-05	1
16	rs7190771	28590030	1	-5.434421e-04	-5.286958e-05	1
16	rs7190932	29303037	0	-2.091756e-04	-2.211447e-05	1
16	rs7191083	29303083	0	-2.091756e-04	-2.211448e-05	1
16	rs7191618	28565667	0	-4.788159e-04	-4.453839e-05	1
16	rs7191849	30023157	0	9.282043e-04	9.273751e-05	1
16	rs7192443	29118975	0	-1.409679e-03	-1.685839e-04	1
16	rs7192601	28614488	0	-5.554979e-04	-5.403051e-05	1
16	rs7192833	29317811	0	2.830437e-03	5.231641e-04	1
16	rs7193274	28872788	0	9.802699e-04	1.210763e-04	1
16	rs7193402	28586127	0	-5.459253e-04	-5.310094e-05	1
16	rs7193414	29005895	0	-5.905503e-05	-1.009497e-05	1
16	rs7193532	29962802	0	-3.787277e-04	-3.535382e-05	1
16	rs7193733	28875482	0	-6.125866e-04	-5.848270e-05	1
16	rs7193756	29749904	0	5.044264e-04	6.362138e-05	1
16	rs7194487	29262119	0	-1.971942e-03	-3.009733e-04	1
16	rs7195050	29711343	0	1.757877e-04	2.192964e-05	1
16	rs7195182	30169761	0	3.177475e-03	5.732796e-04	1
16	rs7195477	29288634	0	2.237153e-05	2.268954e-06	1
16	rs7195557	29683587	0	8.572306e-04	8.968399e-05	1
16	rs7195596	29749599	0	5.044264e-04	6.362136e-05	1
16	rs7196737	29287441	0	2.237153e-05	2.268953e-06	1
16	rs7196973	29118865	0	-1.409679e-03	-1.685839e-04	1
16	rs7197001	30155031	0	2.525885e-03	3.510483e-04	1
16	rs7197665	29585848	0	7.266557e-04	1.406237e-04	1
16	rs7198549	29657542	0	-6.541372e-04	-6.500284e-05	1
16	rs7198606	28875122	0	-6.125866e-04	-5.848266e-05	1
16	rs7200220	29314555	0	2.540418e-03	4.099570e-04	1
16	rs7200437	28931953	0	-3.172917e-04	-3.547315e-05	1
16	rs7201384	29924905	0	-1.356463e-03	-1.428501e-04	1
16	rs7201518	30082508	0	7.929977e-04	8.082870e-05	1
16	rs7201519	29859977	0	-2.046475e-04	-2.860172e-05	1
16	rs7201546	29020294	0	2.301638e-04	3.079766e-05	1
16	rs7201780	30147265	0	2.551204e-03	3.974882e-04	1
16	rs7201797	29287496	0	2.237153e-05	2.268937e-06	1
16	rs7201929	28871966	0	9.802699e-04	1.210763e-04	1
16	rs7201971	29290799	0	2.237153e-05	2.268935e-06	1
16	rs7202271	30022656	0	1.801386e-03	3.978640e-04	1
16	rs7202714	30177807	0	2.888208e-04	2.623269e-05	1
16	rs7202802	29289240	0	-3.720351e-04	-4.239694e-05	1
16	rs7202948	28558289	0	-5.892030e-04	-5.508541e-05	1
16	rs7203173	29244914	0	-5.580802e-04	-6.726605e-05	1
16	rs7203224	30061754	0	8.785289e-04	1.511064e-04	1
16	rs7203240	29268585	0	-8.346201e-04	-9.913077e-05	1
16	rs7203359	30400307	0	2.142197e-03	3.189996e-04	1
16	rs7203494	29288540	0	2.237153e-05	2.268924e-06	1
16	rs7203688	29288617	0	3.392692e-04	3.444779e-05	1
16	rs7203712	29716569	0	2.104872e-04	2.681878e-05	1
16	rs7203872	29288675	0	2.237153e-05	2.268920e-06	1
16	rs7204265	29270304	0	1.451817e-03	2.510909e-04	1
16	rs7204334	29303244	0	-2.091756e-04	-2.211457e-05	1
16	rs7204748	29267517	0	1.441077e-03	2.426187e-04	1
16	rs7204797	29968015	0	-2.700778e-05	-2.480829e-06	1
16	rs7204838	29270649	0	-1.151518e-03	-1.450554e-04	1
16	rs7204852	30040178	0	4.222650e-04	4.092102e-05	1
16	rs7205278	29754683	0	5.044264e-04	6.362132e-05	1
16	rs7205323	28865892	0	-6.125866e-04	-5.848261e-05	1
16	rs7205802	30114124	0	1.277661e-03	1.407181e-04	1
16	rs7206214	28919341	0	6.534976e-04	6.528797e-05	1
16	rs7206427	29258842	0	-2.411826e-04	-2.834631e-05	1
16	rs7206544	29192661	0	-1.359666e-03	-1.662685e-04	1
16	rs7206553	29255243	0	3.650786e-04	4.177520e-05	1
16	rs7206859	29293869	0	2.237153e-05	2.268912e-06	1
16	rs72483435	29752368	0	3.433323e-05	4.906918e-06	1
16	rs72622204	28579082	0	-4.862246e-04	-9.733158e-05	1
16	rs72622205	28585621	0	-4.862246e-04	-9.733158e-05	1
16	rs72622206	28591579	0	-4.862246e-04	-9.733158e-05	1
16	rs72622207	28591755	0	-4.862246e-04	-9.733157e-05	1
16	rs72622208	28605147	0	-4.862246e-04	-9.733157e-05	1
16	rs72791208	30035806	0	-1.871061e-04	-3.749081e-05	1
16	rs72791222	30059792	0	1.783313e-04	3.339014e-05	1
16	rs72791226	30091251	0	-9.823822e-05	-2.002495e-05	1
16	rs72791231	30111922	0	1.464889e-04	2.714533e-05	1
16	rs72791250	30349065	0	3.094336e-04	5.528018e-05	1
16	rs72791266	30458954	0	3.253422e-04	5.101867e-05	1
16	rs72791878	28531285	0	-6.006791e-04	-1.188872e-04	1
16	rs72791888	28551803	0	-2.003866e-04	-4.147625e-05	1
16	rs72791892	28568130	0	-5.357225e-04	-1.039545e-04	1
16	rs72793807	28651732	0	3.612001e-04	3.629416e-05	1
16	rs72793809	28832382	0	-5.217311e-04	-4.989715e-05	1
16	rs72793811	28839392	0	-9.890994e-04	-9.841848e-05	1
16	rs72793812	28840381	0	-8.279739e-04	-8.047920e-05	1
16	rs72793828	28935580	0	-2.521088e-04	-5.294729e-05	1
16	rs72795939	29210154	0	-5.445230e-04	-9.200806e-05	1
16	rs72795950	29234586	0	-1.369931e-04	-2.136197e-05	1
16	rs72798106	29658573	0	-2.196584e-03	-2.739928e-04	1
16	rs72798151	29933890	0	-1.757850e-04	-3.320756e-05	1
16	rs729956	29128512	0	-3.414648e-04	-3.585641e-05	1
16	rs73524459	29266200	0	5.559374e-04	7.703101e-05	1
16	rs73526294	29652229	0	-1.764191e-05	-2.952342e-06	1
16	rs73530179	30107781	0	1.237413e-03	1.358311e-04	1
16	rs73532550	30190487	0	1.147331e-03	1.600802e-04	1
16	rs73532600	30398677	7	2.614393e-03	4.008663e-04	1
16	rs73535886	29027425	1	-9.635315e-04	-9.059529e-05	1
16	rs735645	29242115	0	-1.971942e-03	-3.009733e-04	1
16	rs7359380	29902414	0	-8.058029e-05	-8.132759e-06	1
16	rs7359397	28885659	0	-9.890994e-04	-9.841843e-05	1
16	rs74017608	29327055	0	-2.405942e-04	-4.276572e-05	1
16	rs74017612	29335171	0	-6.044058e-06	-1.095856e-06	1
16	rs74017619	29437092	0	-5.188945e-04	-1.040965e-04	1
16	rs7404778	29083429	0	2.523884e-04	4.135780e-05	1
16	rs74249933	29751163	0	5.044264e-04	6.362130e-05	1
16	rs743590	28608230	0	-3.234276e-04	-3.106581e-05	1
16	rs74400203	30036049	0	8.785289e-04	1.511064e-04	1
16	rs74451468	30146257	0	1.333100e-03	2.804125e-04	1
16	rs74657328	29224228	0	3.919556e-04	7.679313e-05	1
16	rs74767856	30095734	0	1.045296e-03	1.857018e-04	1
16	rs74893465	29749194	0	3.433323e-05	4.906932e-06	1
16	rs74899071	28562377	0	-4.862246e-04	-9.733155e-05	1
16	rs749253	29241309	0	-2.245874e-03	-3.713568e-04	1
16	rs74949322	28506109	0	4.325702e-06	8.908866e-07	1
16	rs74974765	28832565	0	-5.728794e-04	-1.069599e-04	1
16	rs7498372	29910725	0	4.697781e-04	4.624769e-05	1
16	rs7498555	28893571	0	-9.890994e-04	-9.841840e-05	1
16	rs7498603	28882424	0	-6.125866e-04	-5.848251e-05	1
16	rs7498665	28883241	0	-6.125866e-04	-5.848250e-05	1
16	rs7499337	28872354	0	-1.244982e-03	-1.299912e-04	1
16	rs7499878	28868464	0	9.455322e-04	1.127166e-04	1
16	rs7500073	29274563	0	3.531394e-04	3.658257e-05	1
16	rs7500321	28977020	0	7.121521e-04	7.712456e-05	1
16	rs75009327	28875738	0	4.595337e-04	8.480523e-05	1
16	rs75177050	29161090	0	-2.006968e-04	-3.604435e-05	1
16	rs75227850	28555894	0	-5.357225e-04	-1.039545e-04	1
16	rs75281532	29607027	0	-4.545747e-04	-9.246001e-05	1
16	rs753130	29319599	0	2.282747e-03	4.081685e-04	1
16	rs7542	30125840	0	2.267305e-03	3.080607e-04	1
16	rs75422760	29748442	0	1.239118e-04	1.780563e-05	1
16	rs75460591	30392011	0	-4.828827e-04	-1.017862e-04	1
16	rs75539558	28595810	0	-6.940165e-04	-6.938704e-05	1
16	rs75549506	29933739	0	-1.311760e-03	-2.811452e-04	1
16	rs75721735	30079724	0	8.785289e-04	1.511063e-04	1
16	rs75738775	28513827	0	-1.475943e-04	-2.622855e-05	1
16	rs75771	29241928	0	-1.971942e-03	-3.009733e-04	1
16	rs75814811	29269862	0	1.451817e-03	2.510909e-04	1
16	rs75832891	30171625	0	8.314622e-04	1.334193e-04	1
16	rs76001209	29301974	0	-1.805572e-04	-1.882333e-05	1
16	rs76007774	28550269	0	-2.818787e-04	-5.047855e-05	1
16	rs76106647	30388890	0	2.666208e-05	5.427784e-06	1
16	rs762633	28608341	0	-5.459253e-04	-5.310071e-05	1
16	rs762634	28603335	0	-1.009515e-03	-1.047841e-04	1
16	rs76264759	29628208	0	-5.187274e-04	-1.087477e-04	1
16	rs76308645	29213135	0	7.394706e-04	1.672140e-04	1
16	rs76369024	29301967	0	-1.805572e-04	-1.882333e-05	1
16	rs76436263	29264833	0	-7.545570e-05	-8.997741e-06	1
16	rs76445101	29751561	0	5.044264e-04	6.362129e-05	1
16	rs76507221	29199269	0	7.394706e-04	1.672140e-04	1
16	rs76569227	28564991	0	-4.862246e-04	-9.733154e-05	1
16	rs76662516	28496014	0	-6.758993e-04	-1.441455e-04	1
16	rs76712312	29976076	0	1.278810e-04	2.403774e-05	1
16	rs76764777	28534196	0	-9.211082e-04	-1.993633e-04	1
16	rs767812	29316092	0	1.223421e-03	2.251912e-04	1
16	rs76834203	30156068	1	1.285131e-03	2.446410e-04	1
16	rs76840156	29965436	0	-3.044561e-04	-5.954364e-05	1
16	rs7698	30125800	0	1.471494e-03	3.075658e-04	1
16	rs77000650	29749969	0	3.433323e-05	4.906945e-06	1
16	rs77003191	28974698	0	1.210753e-04	2.524329e-05	1
16	rs77016006	30354216	0	6.553296e-04	8.016541e-05	1
16	rs77017255	29296898	0	6.724550e-04	9.649836e-05	1
16	rs77042391	30138432	0	-4.187962e-04	-8.394236e-05	1
16	rs77070948	30019821	0	9.541264e-04	1.822092e-04	1
16	rs77422319	29039112	0	9.625127e-04	1.810126e-04	1
16	rs77462351	29264820	0	-4.362105e-04	-5.281611e-05	1
16	rs77465505	29084241	0	-2.270570e-04	-3.869828e-05	1
16	rs77535137	28565445	0	-2.908113e-04	-5.640319e-05	1
16	rs77595156	28488943	0	-2.696937e-04	-4.632139e-05	1
16	rs77663651	29750851	0	1.036327e-04	1.488318e-05	1
16	rs77679610	30462291	0	-2.793241e-05	-5.458334e-06	1
16	rs77685267	30192435	0	1.144350e-03	2.009363e-04	1
16	rs77689392	30424412	0	6.912856e-05	1.438770e-05	1
16	rs77730873	30046763	0	-1.340417e-04	-2.706730e-05	1
16	rs77794588	29133007	1	-2.842622e-05	-4.838641e-06	1
16	rs77871165	30405895	0	-6.306605e-04	-1.220369e-04	1
16	rs78008308	30014976	0	-3.044561e-04	-5.954363e-05	1
16	rs78048980	29324276	0	-2.637006e-04	-4.271903e-05	1
16	rs78055730	29584446	0	-3.754052e-04	-7.202502e-05	1
16	rs78102288	28562642	0	3.230000e-04	5.526561e-05	1
16	rs78114333	29260000	0	6.116552e-04	6.944614e-05	1
16	rs78210758	30063191	0	8.551806e-04	1.526227e-04	1
16	rs78225763	28519693	0	-8.801747e-08	-1.926272e-08	1
16	rs78244732	29764804	0	-3.567437e-04	-5.171035e-05	1
16	rs78363733	30030333	0	1.092520e-03	2.051654e-04	1
16	rs78417606	29874855	0	-1.106217e-03	-2.643669e-04	1
16	rs78520265	29750947	0	3.433323e-05	4.906949e-06	1
16	rs78564187	30131777	0	1.494843e-03	3.010406e-04	1
16	rs78613234	28839425	0	-6.125866e-04	-5.848243e-05	1
16	rs78721020	28532499	0	-9.211082e-04	-1.993633e-04	1
16	rs78722125	28987857	0	-4.472338e-04	-8.138669e-05	1
16	rs78807581	30014975	0	-3.044561e-04	-5.954363e-05	1
16	rs79043334	29671016	0	-3.548500e-04	-6.709885e-05	1
16	rs79046494	28527326	0	9.957196e-04	1.092220e-04	1
16	rs79077329	28499121	0	-6.758993e-04	-1.441455e-04	1
16	rs79186913	29113775	0	-1.472041e-03	-1.784321e-04	1
16	rs79317729	28523248	0	-8.801747e-08	-1.926582e-08	1
16	rs79323299	30137608	0	6.912856e-05	1.438770e-05	1
16	rs79437555	29353130	0	-2.488183e-04	-5.224782e-05	1
16	rs79512505	30194328	0	1.299558e-03	2.418165e-04	1
16	rs79619339	30058313	0	1.783313e-04	3.339013e-05	1
16	rs79623117	30190891	0	3.860651e-04	7.416028e-05	1
16	rs79654572	29153247	0	-1.420617e-03	-1.818589e-04	1
16	rs79658697	29008509	0	2.671158e-04	4.795959e-05	1
16	rs79722818	28559261	0	-2.908113e-04	-5.640318e-05	1
16	rs79758803	29753925	0	3.433323e-05	4.906952e-06	1
16	rs79780529	28587165	0	3.874348e-04	6.915592e-05	1
16	rs79850259	28552692	0	-4.862246e-04	-9.733153e-05	1
16	rs79867441	29950820	0	1.006877e-03	1.834754e-04	1
16	rs79912905	28568215	0	-2.908113e-04	-5.640318e-05	1
16	rs80000693	30362813	0	6.912856e-05	1.438770e-05	1
16	rs80179197	29060011	0	1.789674e-04	1.760362e-05	1
16	rs80225586	30406410	0	3.094336e-04	5.528017e-05	1
16	rs80247256	28558457	0	-4.862246e-04	-9.733152e-05	1
16	rs80260207	30134251	0	6.912856e-05	1.438770e-05	1
16	rs80273739	29933901	0	7.506448e-04	1.575516e-04	1
16	rs80282267	30059960	0	6.211257e-04	1.283615e-04	1
16	rs80344130	28534448	0	-9.211082e-04	-1.993633e-04	1
16	rs8043811	29764279	0	4.637322e-05	5.683853e-06	1
16	rs8043883	30044581	0	4.222650e-04	4.092099e-05	1
16	rs8044407	29154849	0	-1.363019e-03	-1.711980e-04	1
16	rs8045252	30422415	0	-9.893967e-04	-1.330930e-04	1
16	rs8045276	29025978	0	-4.592918e-04	-4.477780e-05	1
16	rs8045351	29737351	0	1.894668e-04	2.486130e-05	1
16	rs8045570	30422565	0	-5.329553e-04	-6.727043e-05	1
16	rs8045689	28988269	0	3.408811e-04	3.549987e-05	1
16	rs8046258	29267784	0	6.969549e-04	9.804597e-05	1
16	rs8046271	28541394	0	-6.417113e-04	-6.007558e-05	1
16	rs8046445	30386262	0	1.132785e-03	1.207715e-04	1
16	rs8046545	28915217	0	4.741537e-04	4.668452e-05	1
16	rs8046764	29260696	0	-3.205047e-04	-3.843560e-05	1
16	rs8047140	29922988	0	8.545144e-04	1.212905e-04	1
16	rs8047315	29216457	0	-8.400606e-04	-9.541576e-05	1
16	rs8047453	29257145	0	-2.411826e-04	-2.834633e-05	1
16	rs8047777	29151923	0	-1.122846e-03	-1.344816e-04	1
16	rs8048139	30166626	0	1.607801e-03	1.629649e-04	1
16	rs8048433	29931593	0	1.933977e-04	1.787635e-05	1
16	rs8048750	29266272	0	4.010686e-04	4.112998e-05	1
16	rs8049052	29272871	0	2.600511e-04	2.671620e-05	1
16	rs8049108	30376486	0	-2.136352e-03	-2.715959e-04	1
16	rs8049399	29279209	0	4.631624e-04	4.759219e-05	1
16	rs8049739	28632288	0	-2.989609e-04	-2.770761e-05	1
16	rs8049837	30089438	0	8.785289e-04	1.511061e-04	1
16	rs8050132	29265186	0	2.111691e-04	2.833223e-05	1
16	rs8050576	29919792	0	-2.269139e-03	-3.192421e-04	1
16	rs8051721	30047920	0	8.551806e-04	1.526226e-04	1
16	rs8051833	29896390	0	1.912589e-04	1.896234e-05	1
16	rs8052502	29929728	0	-1.437038e-03	-1.530438e-04	1
16	rs8053114	29319922	0	2.501979e-03	4.423252e-04	1
16	rs8053518	29692132	0	-4.854052e-04	-5.596866e-05	1
16	rs8054074	29016132	0	-9.388810e-04	-8.900927e-05	1
16	rs8054172	29655864	0	-2.205341e-03	-2.742939e-04	1
16	rs8054272	29692224	0	8.920524e-04	9.674498e-05	1
16	rs8054337	29279597	0	4.631624e-04	4.759218e-05	1
16	rs8054507	30046042	0	4.222650e-04	4.092101e-05	1
16	rs8054556	29958216	0	-3.641280e-04	-3.388536e-05	1
16	rs8055138	28891465	0	-6.125866e-04	-5.848239e-05	1
16	rs8055413	29323508	0	-2.864457e-04	-5.286184e-05	1
16	rs8055762	29323692	0	-2.864457e-04	-5.286184e-05	1
16	rs8055867	29958215	0	8.731509e-04	1.552923e-04	1
16	rs8055982	28881202	0	-6.125866e-04	-5.848238e-05	1
16	rs8056114	29266333	0	-5.794912e-04	-7.199543e-05	1
16	rs8056216	30009589	0	1.905683e-03	4.446384e-04	1
16	rs8056419	29318077	0	-3.683257e-04	-5.613158e-05	1
16	rs8056535	29960468	0	-4.332566e-04	-4.004822e-05	1
16	rs8056890	28897452	0	-2.110169e-05	-2.022230e-06	1
16	rs8057063	29012393	0	-8.144675e-04	-9.374634e-05	1
16	rs8057141	29279028	0	1.832863e-03	2.371261e-04	1
16	rs8057332	29279114	0	4.631624e-04	4.759216e-05	1
16	rs8057425	30182541	0	2.957878e-03	4.788412e-04	1
16	rs8057883	29279402	0	4.631624e-04	4.759214e-05	1
16	rs8058049	29684572	0	1.475800e-03	1.684603e-04	1
16	rs8058242	29018407	0	-5.337823e-04	-4.938890e-05	1
16	rs8058765	30013457	0	1.484488e-03	2.978242e-04	1
16	rs8058824	29828710	0	4.423759e-05	6.319071e-06	1
16	rs8059516	29257291	0	-2.411826e-04	-2.834636e-05	1
16	rs8059619	29925445	0	-1.437038e-03	-1.530436e-04	1
16	rs8060295	29266170	0	-3.401979e-04	-4.143681e-05	1
16	rs8060345	29023105	0	-6.733876e-04	-6.038156e-05	1
16	rs8060511	30101596	0	7.929977e-04	8.082872e-05	1
16	rs8060534	28941480	0	-3.338646e-04	-3.634910e-05	1
16	rs8060853	30403858	0	2.142197e-03	3.189985e-04	1
16	rs8061029	29272747	0	2.600511e-04	2.671614e-05	1
16	rs8061590	28895130	0	-2.761557e-04	-2.591453e-05	1
16	rs8061634	29833414	0	4.423759e-05	6.319077e-06	1
16	rs8061772	30119525	0	1.582774e-03	2.921167e-04	1
16	rs8061773	29746166	0	5.218645e-04	6.765366e-05	1
16	rs8061877	28856819	0	9.455322e-04	1.127165e-04	1
16	rs8062082	29672582	0	8.144184e-04	1.400892e-04	1
16	rs8062405	28837906	0	-4.649024e-04	-4.330239e-05	1
16	rs8062695	29284412	0	4.631624e-04	4.759212e-05	1
16	rs8062730	29279180	1	7.158653e-04	7.442336e-05	1
16	rs8063282	29257288	0	3.650786e-04	4.177511e-05	1
16	rs8063490	29257435	0	3.650786e-04	4.177510e-05	1
16	rs8063720	30174531	0	1.055674e-03	1.505289e-04	1
16	rs8063942	30455434	0	-6.228828e-04	-1.069888e-04	1
16	rs8335	29869748	0	2.827256e-04	4.708146e-05	1
16	rs871886	29318553	0	1.965849e-03	3.097407e-04	1
16	rs871887	29318619	0	1.965849e-03	3.097407e-04	1
16	rs871888	29318906	0	2.144117e-03	3.605347e-04	1
16	rs889567	29144706	0	-7.050403e-04	-7.797599e-05	1
16	rs889682	29145543	0	-7.569047e-04	-8.409630e-05	1
16	rs889684	29128811	0	-3.647813e-04	-3.819041e-05	1
16	rs889685	29128990	0	-3.647813e-04	-3.819040e-05	1
16	rs889686	29193424	0	-1.676564e-03	-2.231236e-04	1
16	rs889687	29193375	0	-1.676564e-03	-2.231236e-04	1
16	rs889688	29193338	0	-1.676564e-03	-2.231235e-04	1
16	rs930392	30194840	0	2.920694e-03	4.625967e-04	1
16	rs9319595	29149645	0	1.322903e-03	2.172540e-04	1
16	rs9319596	29149660	0	1.322903e-03	2.172540e-04	1
16	rs9708958	28922743	0	4.662512e-04	4.771085e-05	1
16	rs9746702	28903188	0	-6.849074e-05	-6.503284e-06	1
16	rs9783783	30078492	0	5.279925e-04	5.207771e-05	1
16	rs9888967	30407979	0	1.278558e-03	1.447220e-04	1
16	rs9921268	29280801	0	3.036966e-04	3.147372e-05	1
16	rs9921711	30394541	0	1.911961e-03	2.645497e-04	1
16	rs9921783	29839449	0	4.423759e-05	6.319099e-06	1
16	rs9922041	30110467	0	1.277661e-03	1.407181e-04	1
16	rs9922666	29698625	0	-1.669233e-04	-1.863952e-05	1
16	rs9923079	28546620	0	-3.508017e-04	-6.452883e-05	1
16	rs9923341	29698710	0	-4.320860e-04	-4.959215e-05	1
16	rs9923649	29832138	0	4.423759e-05	6.319101e-06	1
16	rs9924308	30154740	0	2.525885e-03	3.510460e-04	1
16	rs9924471	28591530	0	-1.187922e-03	-1.851772e-04	1
16	rs9924619	29016528	0	5.297034e-04	7.289474e-05	1
16	rs9924686	30003076	0	-4.349635e-04	-4.089466e-05	1
16	rs9925102	29983148	0	-4.299554e-05	-3.954327e-06	1
16	rs9925602	29004399	0	6.977217e-04	8.013823e-05	1
16	rs9925915	29993686	0	2.739021e-04	2.519094e-05	1
16	rs9926245	28555706	0	-7.846163e-04	-7.459089e-05	1
16	rs9926308	29022130	0	-6.285124e-04	-6.252048e-05	1
16	rs9928448	30072530	0	6.262307e-04	6.231970e-05	1
16	rs9929088	29001460	0	9.748320e-05	1.008526e-05	1
16	rs9929198	28644980	0	7.787484e-04	7.534434e-05	1
16	rs9929456	29015149	0	-8.841269e-04	-1.118941e-04	1
16	rs9929469	29281066	0	3.036966e-04	3.147371e-05	1
16	rs9929925	29763764	0	7.971600e-05	9.633093e-06	1
16	rs9931989	28906084	0	2.769848e-04	2.688513e-05	1
16	rs9932193	30068469	0	8.216441e-04	8.298048e-05	1
16	rs9932196	29983119	0	-4.299554e-05	-3.954322e-06	1
16	rs9932416	29682494	0	1.157630e-03	1.296746e-04	1
16	rs9932605	30092048	0	9.884110e-04	1.027908e-04	1
16	rs9932653	29865673	0	-2.046475e-04	-2.860153e-05	1
16	rs9932702	29982961	0	-5.706250e-05	-5.231356e-06	1
16	rs9933198	28888409	0	8.392523e-04	1.027058e-04	1
16	rs9933310	29690904	0	4.230362e-04	4.017373e-05	1
16	rs9933358	30182074	0	3.238881e-04	4.430660e-05	1
16	rs9933431	29280425	0	6.205942e-04	6.617576e-05	1
16	rs9934360	29588933	0	-1.628752e-04	-2.752584e-05	1
16	rs9934724	29303629	0	-2.091756e-04	-2.211476e-05	1
16	rs9935557	29283463	0	3.036966e-04	3.147370e-05	1
16	rs9936065	30409699	0	7.169464e-04	1.431091e-04	1
16	rs9936474	29932691	0	-1.437038e-03	-1.530433e-04	1
16	rs9936496	29758793	0	1.892249e-04	2.294474e-05	1
16	rs9937596	28555157	0	-3.508017e-04	-6.452883e-05	1
16	rs9937600	29277513	1	6.169799e-04	6.242609e-05	1
16	rs9937676	28969480	0	-8.082347e-05	-7.353343e-06	1
16	rs9938630	29837108	0	6.492782e-04	8.949618e-05	1
16	rs9939514	29855731	0	-2.046475e-04	-2.860152e-05	1
16	rs9939774	30068354	0	-6.776327e-04	-7.349460e-05	1
16	rs9940440	29684788	0	9.195175e-04	9.238568e-05	1
16	rs9940962	29703334	0	-1.034802e-04	-1.419812e-05	1
16	rs9972693	28859802	0	-6.125866e-04	-5.848223e-05	1
16	rs9972768	28861734	0	-6.125866e-04	-5.848222e-05	1
