chr	rs	ps	n_miss	b	beta	gamma
19	rs1004526	58588849	0	1.424171e-03	1.833670e-04	1
19	rs1005050	58949579	0	3.081457e-05	3.487592e-06	1
19	rs101447	58720717	0	2.285953e-03	3.562232e-04	1
19	rs1014767	58528303	0	2.806311e-04	2.866241e-05	1
19	rs1015224	58724380	0	2.381393e-04	3.298766e-05	1
19	rs1019490	58610559	0	-5.686226e-04	-5.951989e-05	1
19	rs1020054	58987301	0	7.398832e-04	1.029872e-04	1
19	rs10401711	58624499	0	7.026299e-04	8.619220e-05	1
19	rs10402098	58624615	0	7.026299e-04	8.619220e-05	1
19	rs10402211	58652341	0	6.566861e-04	7.384819e-05	1
19	rs10402307	58624732	0	1.787740e-04	1.983619e-05	1
19	rs10402325	58913507	0	-5.686245e-04	-6.503417e-05	1
19	rs10403117	58744033	0	-6.535768e-04	-8.552088e-05	1
19	rs10404798	58628509	0	7.026299e-04	8.619219e-05	1
19	rs10405350	58628515	0	4.260829e-04	5.046441e-05	1
19	rs10405769	58917418	0	8.793492e-04	9.353366e-05	1
19	rs10406593	58917575	0	1.267166e-03	1.563316e-04	1
19	rs10407096	58887170	0	-1.046171e-03	-1.171526e-04	1
19	rs10407616	58896384	0	3.716629e-04	4.652474e-05	1
19	rs10407894	58625081	0	7.026299e-04	8.619219e-05	1
19	rs10409388	58604114	0	1.661895e-04	1.733660e-05	1
19	rs10410171	59097308	0	-3.823416e-04	-3.974498e-05	1
19	rs10411535	58708526	0	2.617157e-04	2.699344e-05	1
19	rs10411892	58923725	0	1.267166e-03	1.563316e-04	1
19	rs10412181	58814507	0	1.645537e-03	2.111938e-04	1
19	rs10412209	58629463	0	6.019124e-04	7.245458e-05	1
19	rs10412612	58632446	0	7.026299e-04	8.619218e-05	1
19	rs10413586	59071321	0	2.017380e-04	2.072522e-05	1
19	rs10414125	59064327	0	8.023181e-04	1.099633e-04	1
19	rs10415286	58720992	0	3.643044e-04	3.743094e-05	1
19	rs10415313	58675417	0	9.194062e-04	1.076158e-04	1
19	rs10416149	58964306	0	1.135255e-03	1.283860e-04	1
19	rs10417092	58915193	0	1.046595e-03	1.238588e-04	1
19	rs10417104	58923866	0	9.856342e-04	1.073243e-04	1
19	rs10419091	58723359	0	1.604060e-03	2.238763e-04	1
19	rs10419259	58630192	0	3.036670e-04	3.386828e-05	1
19	rs10420221	58794026	0	2.675114e-06	2.861338e-07	1
19	rs10420540	58521290	0	8.435768e-04	1.049879e-04	1
19	rs10420801	58609457	0	1.181415e-03	1.472576e-04	1
19	rs10421140	58609376	0	9.227321e-04	1.129104e-04	1
19	rs10421350	58609443	0	1.181415e-03	1.472576e-04	1
19	rs10422127	58609220	0	5.241200e-04	6.468786e-05	1
19	rs10422438	58523444	0	4.369295e-04	4.955180e-05	1
19	rs10422730	58618747	0	3.975467e-04	4.693807e-05	1
19	rs10423138	58928302	0	8.793492e-04	9.353356e-05	1
19	rs10423778	58627574	0	3.531221e-04	3.949330e-05	1
19	rs10424179	58627725	0	3.531221e-04	3.949329e-05	1
19	rs10425266	58694416	0	1.054547e-03	1.303111e-04	1
19	rs10425685	58703085	0	1.054547e-03	1.303111e-04	1
19	rs10432292	59036273	0	-6.436317e-04	-8.431511e-05	1
19	rs10448	59093239	0	-2.905933e-04	-2.998330e-05	1
19	rs10469313	58892510	0	-9.506811e-04	-1.044776e-04	1
19	rs1051500	58944402	0	8.793492e-04	9.353353e-05	1
19	rs1057402	58580277	0	1.197716e-03	1.454797e-04	1
19	rs1058144	59075115	0	5.917208e-04	7.511820e-05	1
19	rs1064267	58597405	0	-4.768905e-05	-5.457037e-06	1
19	rs1077420	58968875	0	1.312966e-03	1.494130e-04	1
19	rs10775573	58614974	0	-5.686226e-04	-5.951985e-05	1
19	rs10775574	58615053	0	-5.686226e-04	-5.951985e-05	1
19	rs1080416	58559785	0	-1.530989e-03	-2.068813e-04	1
19	rs10853902	58614749	0	-5.686226e-04	-5.951984e-05	1
19	rs10853903	58714926	0	1.500180e-03	2.033502e-04	1
19	rs10853904	58885260	0	2.007705e-04	2.556895e-05	1
19	rs10878	58595676	0	-1.561750e-04	-1.763259e-05	1
19	rs1107399	58955556	0	2.676509e-04	3.017633e-05	1
19	rs11084528	58527472	0	-9.764614e-04	-1.055821e-04	1
19	rs11084531	58582586	0	-3.423697e-04	-3.601898e-05	1
19	rs11084532	58583939	0	-3.423697e-04	-3.601898e-05	1
19	rs11084534	58613950	0	-5.686226e-04	-5.951983e-05	1
19	rs11084535	58614035	0	-5.686226e-04	-5.951982e-05	1
19	rs11084537	58629227	0	6.365588e-04	7.897981e-05	1
19	rs11084538	58629238	0	4.260829e-04	5.046443e-05	1
19	rs11084542	58932099	0	-2.815320e-04	-3.204061e-05	1
19	rs11084543	58932701	0	-2.815320e-04	-3.204061e-05	1
19	rs11084544	58940127	0	-2.815320e-04	-3.204061e-05	1
19	rs11084545	58951693	0	1.099180e-03	1.207950e-04	1
19	rs111426967	58526736	0	-3.844058e-04	-4.941783e-05	1
19	rs111476488	58632584	0	4.596813e-04	5.397624e-05	1
19	rs111497992	58952247	0	-1.997481e-04	-2.718094e-05	1
19	rs111728832	58712814	0	2.729495e-04	3.813337e-05	1
19	rs111785442	59088450	0	7.414222e-04	1.033684e-04	1
19	rs111938040	58682195	0	-1.307539e-04	-1.786545e-05	1
19	rs111961880	58521852	0	1.741396e-04	2.301307e-05	1
19	rs112047932	59096384	0	-4.908343e-04	-6.783825e-05	1
19	rs112072625	58851928	0	3.021152e-04	3.866767e-05	1
19	rs112121304	58747493	0	1.129245e-04	1.448391e-05	1
19	rs1122955	58946203	0	-2.815320e-04	-3.204062e-05	1
19	rs112380274	58538047	0	5.796661e-04	7.935898e-05	1
19	rs112404933	59051273	4	6.017334e-04	7.531548e-05	1
19	rs112495529	59086341	0	4.402215e-04	5.682896e-05	1
19	rs112630877	58713159	0	-6.530854e-04	-8.824745e-05	1
19	rs112710702	58907700	0	-1.637677e-04	-2.240083e-05	1
19	rs112807223	58957572	0	-2.866023e-04	-3.966451e-05	1
19	rs112809147	58521822	0	-2.475840e-04	-3.172939e-05	1
19	rs112884174	58795474	0	8.951882e-05	9.730640e-06	1
19	rs112905868	58696543	0	1.055433e-03	1.313625e-04	1
19	rs112923015	58843344	0	3.021152e-04	3.866767e-05	1
19	rs113038922	58848825	4	3.301621e-04	4.420757e-05	1
19	rs113128193	59054938	0	-4.330679e-04	-5.937193e-05	1
19	rs113129007	58572389	0	2.381873e-04	3.277177e-05	1
19	rs113234672	59044327	0	5.736592e-04	7.476610e-05	1
19	rs113267181	59018390	0	-2.890958e-04	-3.223552e-05	1
19	rs113368366	59098134	0	3.610796e-04	4.476843e-05	1
19	rs113630669	59008097	9	-4.447484e-05	-4.937735e-06	1
19	rs113702420	58728671	0	2.381393e-04	3.298766e-05	1
19	rs113742427	59035589	0	-2.756455e-04	-3.071737e-05	1
19	rs113744797	58793000	0	1.269257e-04	1.728661e-05	1
19	rs113747485	58702661	0	-5.522895e-04	-7.271042e-05	1
19	rs113782954	58521588	0	3.358551e-04	3.785028e-05	1
19	rs113896796	58999674	0	-3.003048e-04	-4.187553e-05	1
19	rs113896797	58522122	0	5.959928e-04	6.802886e-05	1
19	rs113897676	58526091	1	-1.176266e-04	-1.480951e-05	1
19	rs113909979	58843146	0	3.021152e-04	3.866766e-05	1
19	rs113992190	58531244	0	-2.475840e-04	-3.172939e-05	1
19	rs114393548	58963349	0	2.860634e-04	3.208002e-05	1
19	rs11486499	59017417	0	-1.697849e-04	-1.733384e-05	1
19	rs115134660	58671275	0	-3.730370e-04	-4.965085e-05	1
19	rs11545185	59028585	0	-2.890364e-05	-3.323886e-06	1
19	rs11665688	58953762	0	-3.097032e-04	-3.554640e-05	1
19	rs11666156	58790359	0	-3.986811e-04	-4.143203e-05	1
19	rs11666227	58573559	0	-2.097328e-04	-2.193233e-05	1
19	rs11666303	58922502	0	-2.815320e-04	-3.204061e-05	1
19	rs11666477	58777937	0	-7.272811e-05	-7.549704e-06	1
19	rs11666502	58953826	0	-3.097032e-04	-3.554640e-05	1
19	rs11666610	58527828	0	-5.622070e-04	-5.751652e-05	1
19	rs11666716	58920952	0	-2.815320e-04	-3.204061e-05	1
19	rs11666790	59033341	0	-8.247807e-05	-8.492667e-06	1
19	rs11666928	58914231	0	-3.700556e-04	-4.204478e-05	1
19	rs11667482	58568958	0	-3.985425e-04	-3.957468e-05	1
19	rs11667581	58622193	0	-5.448560e-04	-5.698288e-05	1
19	rs11667723	58927489	0	-2.815320e-04	-3.204061e-05	1
19	rs11668071	58973141	0	1.140737e-04	1.578904e-05	1
19	rs11668201	59003632	0	1.030686e-04	1.193499e-05	1
19	rs11668350	58775813	0	-7.212148e-04	-8.005940e-05	1
19	rs11668420	58937836	0	-2.815320e-04	-3.204061e-05	1
19	rs11668757	58928299	0	2.441999e-05	2.769143e-06	1
19	rs11668785	58780089	0	-9.487481e-04	-1.054864e-04	1
19	rs11668789	58928309	0	-2.815320e-04	-3.204061e-05	1
19	rs11668814	58946833	0	-2.815320e-04	-3.204061e-05	1
19	rs11668821	58955813	0	-3.281157e-04	-3.772483e-05	1
19	rs11669093	58912795	0	9.010346e-04	1.209692e-04	1
19	rs11669127	59003830	0	3.340861e-04	3.916907e-05	1
19	rs11669305	58886431	0	1.149248e-03	1.524124e-04	1
19	rs11669345	59062259	0	1.260890e-04	1.449225e-05	1
19	rs11669347	58951632	0	2.506450e-04	2.841482e-05	1
19	rs11669373	58798685	0	-4.055477e-04	-4.229983e-05	1
19	rs11669378	58951686	0	1.052396e-04	1.187436e-05	1
19	rs11669464	58998901	0	-5.153938e-05	-6.050264e-06	1
19	rs11669526	58998914	0	-5.153938e-05	-6.050265e-06	1
19	rs11669665	58931885	2	-2.261062e-04	-2.569869e-05	1
19	rs11669741	58960481	0	9.851556e-04	1.060784e-04	1
19	rs11669829	58624120	0	7.026299e-04	8.619221e-05	1
19	rs11669919	58580394	0	-3.423697e-04	-3.601898e-05	1
19	rs11670035	58573649	0	-3.182376e-04	-3.377420e-05	1
19	rs11670075	58751393	0	-4.787650e-04	-5.166431e-05	1
19	rs11670192	59017640	0	-3.015746e-04	-3.468762e-05	1
19	rs11670322	58917125	0	3.081457e-05	3.487455e-06	1
19	rs11670347	58917040	0	-7.871679e-05	-9.011496e-06	1
19	rs11670764	58992896	0	3.610100e-05	3.745330e-06	1
19	rs11670848	58580962	0	-3.423697e-04	-3.601898e-05	1
19	rs11670864	59030580	0	2.147143e-04	2.471599e-05	1
19	rs11670871	58940514	0	-2.815320e-04	-3.204062e-05	1
19	rs11671033	58963669	0	-1.217025e-04	-1.414338e-05	1
19	rs11671092	59009109	0	-2.020542e-04	-2.387023e-05	1
19	rs11671113	58958087	0	9.851556e-04	1.060784e-04	1
19	rs11671199	58722673	0	1.988278e-03	3.101368e-04	1
19	rs11671477	58800346	0	-4.055477e-04	-4.229981e-05	1
19	rs11671486	58793064	0	-1.522929e-04	-1.577434e-05	1
19	rs11671591	58918337	0	-2.815320e-04	-3.204062e-05	1
19	rs11671725	58587046	0	-3.423697e-04	-3.601898e-05	1
19	rs11672212	59018821	0	6.216968e-04	8.356233e-05	1
19	rs11672258	58934685	0	-2.815320e-04	-3.204062e-05	1
19	rs11672379	58575800	0	1.540085e-03	1.934645e-04	1
19	rs11672609	59006924	0	-1.444830e-04	-1.719617e-05	1
19	rs11672614	59006984	0	-1.444830e-04	-1.719617e-05	1
19	rs11672645	58718698	0	-1.675654e-03	-2.295838e-04	1
19	rs11672730	59007203	0	-1.444830e-04	-1.719617e-05	1
19	rs11672765	58801758	0	6.943984e-04	7.299166e-05	1
19	rs11672773	58801784	0	6.237671e-04	6.521830e-05	1
19	rs11673069	58934918	0	2.441999e-05	2.769138e-06	1
19	rs11673101	58995053	0	9.469756e-05	1.121140e-05	1
19	rs11673436	58576358	0	-3.423697e-04	-3.601897e-05	1
19	rs11673465	59038895	0	3.717217e-04	4.261289e-05	1
19	rs11673550	58777337	0	-6.242447e-04	-6.503341e-05	1
19	rs11673557	58777390	0	-5.493102e-04	-5.704205e-05	1
19	rs11673703	58983549	0	-1.767740e-04	-2.254686e-05	1
19	rs116922203	58537659	0	1.735899e-04	2.383070e-05	1
19	rs116938565	58752980	0	-4.737929e-04	-6.396155e-05	1
19	rs117121674	58619217	0	2.456475e-04	3.451642e-05	1
19	rs117207849	58645844	0	4.037144e-04	5.688254e-05	1
19	rs117233340	58531540	0	1.768101e-04	2.427450e-05	1
19	rs117316552	59087901	0	-4.908343e-04	-6.783826e-05	1
19	rs117415600	58985438	0	5.978356e-04	8.491534e-05	1
19	rs117465682	58954770	0	5.978356e-04	8.491534e-05	1
19	rs117482759	58808414	0	-3.537213e-04	-4.948600e-05	1
19	rs117509647	58580355	0	3.661758e-05	4.948590e-06	1
19	rs117591817	58875573	0	1.561914e-04	2.187239e-05	1
19	rs117625253	59097933	0	2.862143e-04	3.909739e-05	1
19	rs117667229	58690935	0	-1.932815e-04	-2.610271e-05	1
19	rs117761389	58665641	0	-2.433141e-04	-3.369208e-05	1
19	rs117800501	58649809	0	-8.166396e-05	-1.111462e-05	1
19	rs117831716	58571600	0	-1.390120e-04	-1.912219e-05	1
19	rs117962485	58794158	0	-3.710998e-04	-5.253148e-05	1
19	rs118058287	58726678	0	-6.168763e-04	-8.556729e-05	1
19	rs118098469	59027453	0	1.726171e-04	2.351977e-05	1
19	rs118122480	58697975	0	5.532357e-05	7.730926e-06	1
19	rs118165397	58873238	0	4.055938e-04	5.395566e-05	1
19	rs11878198	58920302	0	-2.815320e-04	-3.204062e-05	1
19	rs11878203	58920050	0	-2.815320e-04	-3.204062e-05	1
19	rs11879192	58613591	0	-5.686226e-04	-5.951976e-05	1
19	rs11879575	58660968	0	3.932048e-04	4.615448e-05	1
19	rs11879748	58613819	0	-5.686226e-04	-5.951975e-05	1
19	rs11879808	58876517	0	3.537427e-05	4.411531e-06	1
19	rs11881000	58932788	0	-2.815320e-04	-3.204062e-05	1
19	rs11881126	58523990	0	-1.001702e-03	-1.077955e-04	1
19	rs11882226	59064636	0	5.905619e-04	7.860702e-05	1
19	rs11882439	58730564	0	-1.762995e-03	-2.522881e-04	1
19	rs11883119	58750511	0	-3.225913e-04	-4.294144e-05	1
19	rs11883136	58750671	0	-4.737929e-04	-6.396155e-05	1
19	rs12052202	59048311	0	-3.245010e-04	-4.293464e-05	1
19	rs12151036	58714235	0	1.354117e-03	1.773637e-04	1
19	rs12459294	58878494	0	2.978167e-04	3.790977e-05	1
19	rs12459340	58878484	0	-6.664588e-04	-7.004139e-05	1
19	rs12459664	58883817	0	2.007705e-04	2.556896e-05	1
19	rs12459668	58883897	0	-7.883113e-05	-1.036140e-05	1
19	rs12459942	58678797	0	-2.433141e-04	-3.369208e-05	1
19	rs12460016	58784640	0	6.880038e-04	8.034570e-05	1
19	rs12460050	58666109	0	-1.392105e-03	-1.792930e-04	1
19	rs12460553	58903304	0	-2.765786e-04	-2.930035e-05	1
19	rs12460623	58903574	0	-2.774641e-04	-2.943452e-05	1
19	rs12460974	58537461	0	1.347958e-03	1.632316e-04	1
19	rs12461217	58579927	0	1.751842e-03	2.337642e-04	1
19	rs12461356	58668553	0	4.076013e-04	4.353096e-05	1
19	rs12461832	58611210	0	-5.686226e-04	-5.951973e-05	1
19	rs12462307	58784732	0	-4.970184e-04	-5.398122e-05	1
19	rs12462495	59089792	0	-5.066832e-04	-7.035497e-05	1
19	rs12462497	58964424	0	5.008530e-05	6.470556e-06	1
19	rs12462787	58801360	0	4.958072e-04	5.664041e-05	1
19	rs12608795	58896477	0	-7.652128e-04	-8.622230e-05	1
19	rs12609270	58888787	0	-9.244924e-04	-9.982185e-05	1
19	rs12611047	58889108	0	-1.093922e-03	-1.231737e-04	1
19	rs1265953	58854566	0	-4.036432e-04	-5.186149e-05	1
19	rs1265954	58854600	0	-3.021152e-04	-3.866763e-05	1
19	rs1265955	58856812	0	-2.271807e-04	-2.904787e-05	1
19	rs1265956	58857131	0	-3.034423e-04	-3.802049e-05	1
19	rs1265957	58858676	0	8.993844e-05	1.224190e-05	1
19	rs1265961	58860387	0	1.584919e-03	2.199805e-04	1
19	rs1268538	58853363	0	3.021152e-04	3.866761e-05	1
19	rs12971534	58541508	0	-1.302994e-03	-1.723087e-04	1
19	rs12971923	58634625	0	-1.108065e-03	-1.329280e-04	1
19	rs12971940	58541514	0	-1.411519e-03	-1.916754e-04	1
19	rs12972034	58690818	0	-1.224815e-03	-1.511481e-04	1
19	rs12972054	58735053	0	-1.605436e-03	-2.200360e-04	1
19	rs12972201	59035989	0	-6.436317e-04	-8.431502e-05	1
19	rs12972400	59036000	0	-2.539833e-04	-3.381662e-05	1
19	rs12972438	58728126	0	-1.721865e-03	-2.369201e-04	1
19	rs12972443	58757870	0	-4.787650e-04	-5.166419e-05	1
19	rs12972597	59036021	0	-3.478863e-04	-4.609685e-05	1
19	rs12972636	59036119	0	-3.478863e-04	-4.609685e-05	1
19	rs12972884	58749797	0	-5.128421e-04	-5.532297e-05	1
19	rs12972898	58956888	0	-3.281157e-04	-3.772484e-05	1
19	rs12972962	59036017	0	-2.539833e-04	-3.381661e-05	1
19	rs12973189	58618974	0	-7.236301e-04	-7.634826e-05	1
19	rs12973218	58729931	0	-1.485563e-03	-1.974464e-04	1
19	rs12973231	58729904	0	-1.485563e-03	-1.974464e-04	1
19	rs12973458	58729973	0	-1.762995e-03	-2.522877e-04	1
19	rs12973718	58580615	0	-1.300494e-03	-1.738535e-04	1
19	rs12974045	58612080	1	-9.664230e-04	-1.040042e-04	1
19	rs12974312	58612154	0	-5.686226e-04	-5.951965e-05	1
19	rs12975369	58693418	0	-1.235103e-03	-1.538235e-04	1
19	rs12975659	58612122	0	3.362451e-04	4.063927e-05	1
19	rs12975995	58553864	0	-1.138270e-03	-1.439614e-04	1
19	rs12976331	58751639	0	-3.602434e-04	-3.896879e-05	1
19	rs12976771	58614336	0	-5.686226e-04	-5.951964e-05	1
19	rs12976842	58614404	0	-5.686226e-04	-5.951963e-05	1
19	rs12976966	58647516	0	-1.091463e-03	-1.394516e-04	1
19	rs12977251	58605521	0	-5.236052e-04	-5.454825e-05	1
19	rs12977390	58614604	0	-5.686226e-04	-5.951961e-05	1
19	rs12977592	58961056	0	6.990922e-04	7.519155e-05	1
19	rs12977863	58702050	0	-1.235103e-03	-1.538235e-04	1
19	rs12977929	58688430	0	-1.247861e-03	-1.546364e-04	1
19	rs12978129	58725724	0	-1.633356e-03	-2.211250e-04	1
19	rs12978139	58732605	0	-1.662590e-03	-2.315184e-04	1
19	rs12978152	58732656	0	-1.208859e-03	-1.415705e-04	1
19	rs12978231	58614357	0	-5.686226e-04	-5.951958e-05	1
19	rs12979108	58732779	0	-1.662590e-03	-2.315183e-04	1
19	rs12979415	58952608	0	-4.579454e-04	-6.366927e-05	1
19	rs12979906	58732532	0	-1.056991e-03	-1.196070e-04	1
19	rs12980120	58618223	0	6.188865e-04	7.582071e-05	1
19	rs12980208	58860812	0	-9.696635e-05	-1.228385e-05	1
19	rs12980211	58611169	0	-5.686226e-04	-5.951957e-05	1
19	rs12980299	58787473	0	-1.522929e-04	-1.577406e-05	1
19	rs12980430	59002009	0	1.179199e-03	1.392204e-04	1
19	rs12980623	58624996	0	-6.343254e-04	-7.524316e-05	1
19	rs12980697	58963488	0	-2.087253e-04	-2.373692e-05	1
19	rs12980907	58956326	0	-3.281157e-04	-3.772481e-05	1
19	rs12981083	58963468	0	-8.545844e-05	-9.696723e-06	1
19	rs12981092	58963475	0	-2.769205e-05	-3.140945e-06	1
19	rs12981338	58618736	0	-7.521662e-04	-7.993508e-05	1
19	rs12981417	58596956	0	-2.699545e-06	-2.970182e-07	1
19	rs12981649	58930043	0	-2.815320e-04	-3.204060e-05	1
19	rs12981684	58632144	0	-1.108065e-03	-1.329277e-04	1
19	rs12981875	58935130	0	-2.815320e-04	-3.204060e-05	1
19	rs12982505	58613285	0	-5.581383e-04	-6.002012e-05	1
19	rs12982863	58715418	0	-1.235103e-03	-1.538233e-04	1
19	rs12983138	58655373	0	-4.904098e-04	-5.079127e-05	1
19	rs12983165	58958435	0	-3.281157e-04	-3.772481e-05	1
19	rs12983169	58768177	0	-5.870607e-04	-6.498032e-05	1
19	rs12983679	58923736	0	-1.741721e-04	-1.973032e-05	1
19	rs12983701	58613499	0	-5.686226e-04	-5.951951e-05	1
19	rs12983728	58671267	0	-1.037481e-03	-1.314532e-04	1
19	rs12983843	58923618	0	-2.815320e-04	-3.204059e-05	1
19	rs12984015	58613031	0	-5.686226e-04	-5.951950e-05	1
19	rs12984254	58613113	0	-5.686226e-04	-5.951949e-05	1
19	rs12984878	58562150	0	-1.622143e-03	-2.242697e-04	1
19	rs12985394	58958585	0	-3.281157e-04	-3.772480e-05	1
19	rs12985543	58689072	0	-1.247861e-03	-1.546362e-04	1
19	rs12986027	58793596	0	-1.522929e-04	-1.577399e-05	1
19	rs12986378	58727821	0	-1.701124e-03	-2.345134e-04	1
19	rs12986387	58927215	0	-2.815320e-04	-3.204058e-05	1
19	rs13343526	58908150	0	3.665393e-04	4.530448e-05	1
19	rs13344155	59085666	0	5.917208e-04	7.511801e-05	1
19	rs13344679	58693697	0	1.060042e-03	1.311481e-04	1
19	rs13345808	58674696	0	7.853972e-04	9.027897e-05	1
19	rs13346342	58522715	0	6.845135e-04	8.416675e-05	1
19	rs13382065	58903698	0	-1.280638e-04	-1.356117e-05	1
19	rs139211863	58843003	0	3.021152e-04	3.866753e-05	1
19	rs140171882	58659248	0	4.633119e-04	5.465625e-05	1
19	rs140214515	58654197	0	8.385920e-05	1.160475e-05	1
19	rs140755790	58680275	0	-3.066613e-04	-4.031336e-05	1
19	rs141669549	58690674	0	6.426931e-04	7.696257e-05	1
19	rs141815249	58690989	0	-1.932815e-04	-2.610275e-05	1
19	rs141887102	59077031	0	1.260890e-04	1.449221e-05	1
19	rs142677013	58655817	0	-4.757781e-04	-6.608541e-05	1
19	rs143096975	58622408	0	-3.435895e-05	-4.660525e-06	1
19	rs143314212	58810770	0	2.085594e-04	2.829700e-05	1
19	rs143712775	58643218	0	-4.012082e-04	-5.404939e-05	1
19	rs144310654	58669338	0	-6.599873e-05	-9.157356e-06	1
19	rs144479077	58634823	0	-2.714853e-04	-3.805941e-05	1
19	rs144760313	58894031	0	-4.984981e-04	-6.663789e-05	1
19	rs144929606	59015873	0	-2.354229e-04	-2.619373e-05	1
19	rs146262068	59077090	0	6.790513e-04	9.130600e-05	1
19	rs1465789	58946056	0	8.793492e-04	9.353314e-05	1
19	rs1469087	58572979	0	-2.299521e-04	-2.850790e-05	1
19	rs147878006	58887658	0	2.095794e-04	2.682763e-05	1
19	rs148493024	58655648	0	-4.642524e-05	-6.357929e-06	1
19	rs148953731	58662865	0	-2.893464e-04	-3.832187e-05	1
19	rs149513825	58925379	0	5.978356e-04	8.491532e-05	1
19	rs149594935	58681857	0	-6.090756e-05	-8.050263e-06	1
19	rs149863732	58917068	0	-7.871679e-05	-9.011595e-06	1
19	rs150191918	58691030	0	1.970852e-04	2.672885e-05	1
19	rs150752046	58888366	0	6.437582e-04	8.786360e-05	1
19	rs150892142	58743405	0	4.814829e-04	6.663110e-05	1
19	rs150997678	59052967	4	2.925333e-04	3.978106e-05	1
19	rs151265692	59019648	0	-3.389562e-05	-4.622754e-06	1
19	rs1529329	58600048	0	8.122992e-06	9.272366e-07	1
19	rs1529958	58899466	0	-1.735926e-04	-1.796356e-05	1
19	rs1529959	58899342	0	-8.772673e-05	-9.201858e-06	1
19	rs1544796	58542425	0	-5.564844e-04	-7.098599e-05	1
19	rs1544888	58570912	0	1.210622e-03	1.420956e-04	1
19	rs1549279	58528621	0	2.723263e-04	2.791545e-05	1
19	rs1549491	58588434	0	1.172756e-03	1.439846e-04	1
19	rs1549492	58585248	0	1.394409e-03	1.780637e-04	1
19	rs1549493	58585367	0	1.308453e-03	1.641412e-04	1
19	rs1549495	58529518	0	-5.622070e-04	-5.751639e-05	1
19	rs1550812	59090423	0	-4.391106e-04	-5.641062e-05	1
19	rs1550813	59090227	0	3.011275e-04	3.112305e-05	1
19	rs157355	58692686	0	6.103346e-04	6.643452e-05	1
19	rs157357	58693870	0	3.419271e-04	4.211222e-05	1
19	rs157358	58643751	0	8.963191e-04	1.139287e-04	1
19	rs157360	58650058	0	6.044091e-04	7.042984e-05	1
19	rs157361	58676017	0	7.434110e-04	9.346943e-05	1
19	rs157362	58675894	0	7.702432e-04	9.646530e-05	1
19	rs157363	58675603	0	7.434110e-04	9.346943e-05	1
19	rs157364	58675220	0	-9.742794e-04	-1.069758e-04	1
19	rs157365	58674756	0	-6.968468e-04	-7.401995e-05	1
19	rs157366	58674526	0	-6.676181e-04	-7.128271e-05	1
19	rs157367	58674310	0	3.814678e-04	4.599500e-05	1
19	rs157369	58672078	0	-2.876597e-04	-2.987129e-05	1
19	rs157370	58671178	0	-2.876597e-04	-2.987128e-05	1
19	rs157371	58669973	0	-3.358665e-04	-3.491684e-05	1
19	rs157372	58668597	0	-2.876597e-04	-2.987125e-05	1
19	rs157373	58666990	0	7.498209e-04	9.173042e-05	1
19	rs157374	58666086	0	7.016141e-04	8.540168e-05	1
19	rs157375	58665001	0	7.498209e-04	9.173042e-05	1
19	rs157376	58663457	0	7.080640e-04	8.957998e-05	1
19	rs157378	58696697	0	9.517572e-04	1.068009e-04	1
19	rs157379	58696598	0	9.517572e-04	1.068009e-04	1
19	rs1592993	58555971	0	1.953675e-04	2.487425e-05	1
19	rs1592994	58555932	0	1.669635e-04	2.128727e-05	1
19	rs1592995	58555850	0	1.953675e-04	2.487425e-05	1
19	rs159667	58648359	0	-7.189102e-04	-7.629436e-05	1
19	rs159668	58643841	0	8.963191e-04	1.139287e-04	1
19	rs159670	58641777	0	5.233328e-04	6.245998e-05	1
19	rs159671	58641701	0	4.251973e-04	5.041549e-05	1
19	rs159672	58641686	0	7.455902e-04	9.200751e-05	1
19	rs159673	58641457	0	4.251973e-04	5.041549e-05	1
19	rs159674	58670181	0	7.168646e-04	9.079079e-05	1
19	rs159675	58668765	0	-3.412063e-04	-3.569502e-05	1
19	rs159676	58666427	0	-2.991709e-04	-3.111942e-05	1
19	rs159677	58665490	0	-3.315944e-04	-3.440515e-05	1
19	rs159678	58679085	0	7.275620e-04	9.115290e-05	1
19	rs159679	58661732	0	-7.183405e-05	-7.373049e-06	1
19	rs159680	58661581	0	7.498209e-04	9.173043e-05	1
19	rs159870	58549366	0	7.686662e-04	8.589881e-05	1
19	rs159871	58550281	0	6.372473e-04	7.033777e-05	1
19	rs159872	58547449	0	6.609735e-04	7.308201e-05	1
19	rs159873	58547516	0	6.609735e-04	7.308201e-05	1
19	rs159874	58548431	0	-1.571036e-04	-1.997392e-05	1
19	rs166343	58775182	0	-5.501957e-04	-5.699293e-05	1
19	rs166830	58658950	1	3.041518e-04	3.597961e-05	1
19	rs166831	58676446	0	7.434110e-04	9.346945e-05	1
19	rs169776	58550436	0	-1.571036e-04	-1.997392e-05	1
19	rs16988654	58837269	0	3.149998e-04	3.958631e-05	1
19	rs16988659	58840850	0	1.302776e-04	1.651840e-05	1
19	rs16988665	58840905	0	3.021152e-04	3.866751e-05	1
19	rs16988667	58842180	0	3.880712e-04	4.980526e-05	1
19	rs16988668	58850756	0	3.021152e-04	3.866751e-05	1
19	rs171851	58758900	0	6.992878e-04	8.319660e-05	1
19	rs171852	58754386	0	2.205228e-04	2.204681e-05	1
19	rs171853	58685051	0	6.969501e-05	7.465665e-06	1
19	rs171854	58666802	0	3.334011e-04	3.954645e-05	1
19	rs174280	58711922	0	1.093353e-03	1.264678e-04	1
19	rs174281	58735457	0	1.013419e-03	1.348396e-04	1
19	rs176981	58655580	0	1.582400e-04	1.822015e-05	1
19	rs17853924	58806686	0	-1.366101e-04	-1.816652e-05	1
19	rs1808397	58572356	0	1.212707e-03	1.432276e-04	1
19	rs1812874	58632506	0	7.026299e-04	8.619240e-05	1
19	rs181320759	58658446	0	2.262367e-04	2.652613e-05	1
19	rs181994	58746054	0	7.256924e-04	8.889271e-05	1
19	rs182055294	58526154	6	-4.357953e-04	-5.575669e-05	1
19	rs183304547	58609059	0	2.456475e-04	3.451642e-05	1
19	rs184128	58548760	0	6.853265e-04	7.668435e-05	1
19	rs185161330	58916579	1	-3.988371e-04	-4.661387e-05	1
19	rs185464	58776863	0	-7.229291e-04	-7.583570e-05	1
19	rs185791	58644371	0	3.610109e-04	4.093520e-05	1
19	rs1865960	58894235	0	1.765330e-04	2.246456e-05	1
19	rs1867726	59084306	0	2.242838e-05	2.463844e-06	1
19	rs1867727	59084181	0	-1.229770e-04	-1.355833e-05	1
19	rs187760	58775192	0	-5.501957e-04	-5.699292e-05	1
19	rs188370	58529192	0	2.621956e-04	2.822918e-05	1
19	rs188415	58616313	0	1.115738e-03	1.385176e-04	1
19	rs188486366	58526153	6	-4.357953e-04	-5.575669e-05	1
19	rs190729	58658029	0	-6.254390e-04	-6.548282e-05	1
19	rs190882	58529365	0	2.710045e-04	2.921533e-05	1
19	rs190975	58631968	0	5.151049e-04	7.302900e-05	1
19	rs193390	58548658	0	-4.636882e-04	-5.763348e-05	1
19	rs1968868	58678383	0	8.330266e-04	1.007514e-04	1
19	rs1974819	58656963	0	3.570240e-04	4.235015e-05	1
19	rs1974826	58590145	0	1.308453e-03	1.641412e-04	1
19	rs1985434	58764185	0	-3.569259e-04	-3.555266e-05	1
19	rs1987625	58632634	0	6.365588e-04	7.897997e-05	1
19	rs1987626	58632649	0	7.026299e-04	8.619240e-05	1
19	rs1993463	58786898	0	-3.759703e-05	-4.958391e-06	1
19	rs1993464	58786953	0	4.761690e-04	5.203962e-05	1
19	rs2003104	59020597	0	-7.141453e-05	-9.479171e-06	1
19	rs2011666	58990045	0	-7.349592e-05	-8.307929e-06	1
19	rs2013635	58646792	0	4.990163e-04	5.935713e-05	1
19	rs2033711	58999350	1	1.211044e-03	1.371686e-04	1
19	rs204216	58660769	0	7.498209e-04	9.173044e-05	1
19	rs2046357	58673534	0	-3.066613e-04	-4.031335e-05	1
19	rs2052733	58625864	0	7.026299e-04	8.619240e-05	1
19	rs2052734	58626005	0	9.502031e-04	1.203311e-04	1
19	rs2052735	58626112	0	3.688460e-04	4.357205e-05	1
19	rs2062251	58715682	0	-1.235103e-03	-1.538230e-04	1
19	rs2081578	58669335	0	-3.730370e-04	-4.965085e-05	1
19	rs2098685	58630409	0	3.375444e-04	3.984188e-05	1
19	rs2098686	58630043	0	4.251973e-04	5.041548e-05	1
19	rs2098687	58630023	0	4.251973e-04	5.041547e-05	1
19	rs2098717	58524390	0	-1.181658e-04	-1.523155e-05	1
19	rs2100610	58802349	0	4.326921e-05	5.810908e-06	1
19	rs2112825	58614156	0	8.909035e-04	1.108921e-04	1
19	rs211579	58615270	0	5.480014e-04	6.675685e-05	1
19	rs2124911	58696798	0	-1.235103e-03	-1.538230e-04	1
19	rs2168644	58788393	0	-1.522929e-04	-1.577392e-05	1
19	rs2228162	59074429	0	5.736592e-04	7.476590e-05	1
19	rs2229375	58578578	0	-3.423697e-04	-3.601911e-05	1
19	rs2229379	58579923	0	-2.660875e-04	-2.813684e-05	1
19	rs2241406	58549593	0	-2.943580e-04	-3.754883e-05	1
19	rs2241787	58906163	0	-2.426090e-05	-2.552926e-06	1
19	rs2258557	58596449	0	-1.425075e-04	-1.678943e-05	1
19	rs2260914	58598784	0	1.671332e-04	1.901682e-05	1
19	rs2287837	58598670	0	8.122992e-06	9.272509e-07	1
19	rs2288274	58572959	0	1.434360e-03	1.771578e-04	1
19	rs2289143	58904715	0	9.785610e-04	1.233412e-04	1
19	rs2304521	58988179	0	1.162319e-03	1.607534e-04	1
19	rs2305119	59067623	0	6.997482e-04	7.904832e-05	1
19	rs2305120	59059729	0	-4.988328e-04	-6.632540e-05	1
19	rs2305122	59056752	0	1.290652e-04	1.486757e-05	1
19	rs2375233	58617203	0	3.381298e-04	3.829154e-05	1
19	rs2375234	58633323	0	7.026299e-04	8.619238e-05	1
19	rs2375235	58634745	0	4.251973e-04	5.041546e-05	1
19	rs2375470	58864867	0	-5.905499e-05	-7.546706e-06	1
19	rs2396991	59078073	0	4.744430e-04	6.506442e-05	1
19	rs2431835	58647214	0	1.001722e-03	1.102178e-04	1
19	rs2445854	58777608	1	-3.357750e-04	-3.415405e-05	1
19	rs2445855	58785181	0	7.725067e-04	8.582863e-05	1
19	rs2445856	58701358	0	9.347048e-04	1.040720e-04	1
19	rs2445857	58708507	0	2.411312e-04	2.989662e-05	1
19	rs2445858	58708730	0	9.568416e-04	1.071560e-04	1
19	rs2445859	58734330	0	4.537312e-04	5.743049e-05	1
19	rs2449628	58781945	0	-2.533712e-04	-2.563961e-05	1
19	rs2449629	58781917	0	-1.283651e-04	-1.286863e-05	1
19	rs2449631	58781652	0	-3.179993e-04	-3.205920e-05	1
19	rs2449632	58781379	0	-2.533712e-04	-2.563960e-05	1
19	rs2449634	58795207	0	-8.753074e-05	-1.052727e-05	1
19	rs2449635	58785227	0	5.291974e-04	5.638086e-05	1
19	rs2449636	58785202	0	6.695804e-04	7.593432e-05	1
19	rs2449638	58735033	0	4.537312e-04	5.743049e-05	1
19	rs2449639	58777772	0	1.578910e-05	1.605538e-06	1
19	rs2547257	58610107	0	8.557754e-04	1.025957e-04	1
19	rs2547258	58638685	0	6.384435e-04	7.457820e-05	1
19	rs2547259	58637237	0	4.251973e-04	5.041546e-05	1
19	rs2547260	58635294	0	1.613933e-04	1.652640e-05	1
19	rs2547295	58617479	0	7.026299e-04	8.619237e-05	1
19	rs2547296	58622896	0	4.260829e-04	5.046460e-05	1
19	rs2547297	58623249	0	7.026299e-04	8.619236e-05	1
19	rs2547298	58626436	0	7.026299e-04	8.619236e-05	1
19	rs2547347	58627459	0	7.026299e-04	8.619236e-05	1
19	rs2547348	58626879	0	7.026299e-04	8.619235e-05	1
19	rs2547349	58626742	0	7.026299e-04	8.619235e-05	1
19	rs2547350	58622950	0	7.603963e-04	9.406283e-05	1
19	rs2547351	58620965	0	7.026299e-04	8.619234e-05	1
19	rs2547352	58610720	0	1.232392e-03	1.612512e-04	1
19	rs2547355	58635125	0	4.251973e-04	5.041543e-05	1
19	rs2547356	58635146	0	4.251973e-04	5.041542e-05	1
19	rs2547357	58636155	0	4.251973e-04	5.041542e-05	1
19	rs2547358	58636656	0	7.026299e-04	8.619233e-05	1
19	rs2547359	58637389	0	4.251973e-04	5.041542e-05	1
19	rs2547360	58638399	0	3.610109e-04	4.093514e-05	1
19	rs2554963	58625364	0	1.018826e-03	1.272257e-04	1
19	rs2554964	58625504	0	5.635159e-04	6.949821e-05	1
19	rs2554965	58625638	0	4.260829e-04	5.046456e-05	1
19	rs2554966	58627271	0	7.026299e-04	8.619232e-05	1
19	rs2554967	58627382	0	6.365588e-04	7.897988e-05	1
19	rs2554968	58627406	0	6.188865e-04	7.582068e-05	1
19	rs2554970	58636732	0	4.596813e-04	5.397593e-05	1
19	rs2554972	58636174	0	7.026299e-04	8.619230e-05	1
19	rs2554973	58631032	0	4.251973e-04	5.041539e-05	1
19	rs2554978	58609677	0	4.010359e-04	4.887095e-05	1
19	rs2554981	58620273	0	9.067525e-04	1.122363e-04	1
19	rs2554982	58620524	0	4.260829e-04	5.046453e-05	1
19	rs2554983	58620872	0	7.026299e-04	8.619229e-05	1
19	rs2554984	58621104	0	4.260829e-04	5.046453e-05	1
19	rs2554985	58621438	0	8.483150e-04	1.072129e-04	1
19	rs2554986	58621492	0	6.188865e-04	7.582065e-05	1
19	rs2554987	58622985	0	7.026299e-04	8.619228e-05	1
19	rs260413	58710468	0	2.411312e-04	2.989661e-05	1
19	rs260415	58715944	0	3.851202e-04	4.158419e-05	1
19	rs260416	58717025	0	7.567031e-04	9.522892e-05	1
19	rs260418	58720918	0	1.656495e-03	2.212350e-04	1
19	rs260419	58721952	0	-2.398329e-05	-2.991012e-06	1
19	rs260420	58731704	0	4.537312e-04	5.743047e-05	1
19	rs260421	58731390	0	-1.486292e-03	-1.842614e-04	1
19	rs260422	58729833	0	-4.428446e-04	-4.717942e-05	1
19	rs260424	58726569	0	1.708117e-04	2.203515e-05	1
19	rs260425	58735740	0	1.013419e-03	1.348395e-04	1
19	rs260426	58736177	0	7.796388e-04	1.002429e-04	1
19	rs260427	58736226	0	1.360141e-03	1.864513e-04	1
19	rs260428	58736625	0	9.748805e-04	1.286049e-04	1
19	rs260430	58737161	0	1.126082e-03	1.523842e-04	1
19	rs260432	58738273	0	1.126082e-03	1.523842e-04	1
19	rs260433	58738897	0	-4.764700e-04	-5.126206e-05	1
19	rs260434	58739039	0	7.811518e-04	9.919422e-05	1
19	rs260435	58739704	0	1.126082e-03	1.523841e-04	1
19	rs260436	58739710	0	8.486495e-04	1.097532e-04	1
19	rs260437	58739744	0	1.273510e-03	1.773364e-04	1
19	rs260438	58740339	0	1.126082e-03	1.523841e-04	1
19	rs260444	58745470	0	-1.760387e-03	-2.345367e-04	1
19	rs260446	58746861	0	7.014466e-04	8.641087e-05	1
19	rs260448	58764375	0	-5.517796e-04	-5.581427e-05	1
19	rs260449	58765459	0	-2.291883e-04	-2.297799e-05	1
19	rs260450	58766410	0	-2.165638e-04	-2.164421e-05	1
19	rs260451	58766550	0	-2.291883e-04	-2.297798e-05	1
19	rs260452	58766874	0	-2.291883e-04	-2.297798e-05	1
19	rs260453	58767151	0	-2.291883e-04	-2.297798e-05	1
19	rs260454	58767168	0	-2.743470e-04	-2.722360e-05	1
19	rs260455	58767492	0	5.480862e-04	6.470126e-05	1
19	rs260456	58767565	0	-5.517796e-04	-5.581425e-05	1
19	rs260457	58767697	0	-2.291883e-04	-2.297797e-05	1
19	rs260459	58768500	0	-2.291883e-04	-2.297797e-05	1
19	rs260460	58769790	6	5.193978e-05	7.158316e-06	1
19	rs260461	58770883	0	5.480862e-04	6.470126e-05	1
19	rs260462	58774071	0	-5.343468e-04	-5.546648e-05	1
19	rs260464	58774762	0	-5.501957e-04	-5.699283e-05	1
19	rs260465	58775486	0	-5.501957e-04	-5.699283e-05	1
19	rs260466	58775737	0	-8.247829e-04	-8.738423e-05	1
19	rs260467	58776215	0	-4.003378e-04	-4.092911e-05	1
19	rs260468	58776630	0	-3.844889e-04	-3.940440e-05	1
19	rs260469	58776765	0	-4.003378e-04	-4.092910e-05	1
19	rs260472	58807757	0	-2.085594e-04	-2.829700e-05	1
19	rs260473	58798137	0	1.003830e-04	1.046869e-05	1
19	rs260474	58798300	0	-1.770496e-04	-1.849627e-05	1
19	rs260475	58798490	0	4.084890e-04	4.634346e-05	1
19	rs260476	58798598	0	1.003830e-04	1.046870e-05	1
19	rs260477	58798628	0	8.431947e-05	8.807204e-06	1
19	rs260478	58751030	0	2.205228e-04	2.204694e-05	1
19	rs260482	58748274	0	4.158730e-04	4.994862e-05	1
19	rs260483	58748180	0	4.638770e-04	5.600079e-05	1
19	rs260484	58758451	0	-2.532700e-04	-2.519196e-05	1
19	rs260486	58753937	0	-2.532700e-04	-2.519196e-05	1
19	rs260487	58685347	0	-6.105889e-05	-6.693278e-06	1
19	rs260488	58686991	0	1.784212e-05	2.181504e-06	1
19	rs260491	58664447	0	3.932048e-04	4.615416e-05	1
19	rs260492	58668565	0	4.177888e-04	4.912093e-05	1
19	rs260493	58671334	0	3.695819e-04	4.336667e-05	1
19	rs260495	58794240	0	7.806415e-06	8.700646e-07	1
19	rs260496	58794033	0	1.184167e-04	1.315988e-05	1
19	rs260497	58792213	0	6.278601e-05	6.596534e-06	1
19	rs260498	58792190	0	-1.952521e-04	-2.052548e-05	1
19	rs260499	58791716	0	7.806415e-06	8.700638e-07	1
19	rs260500	58791213	0	6.278601e-05	6.596542e-06	1
19	rs260501	58790807	0	-4.984668e-05	-5.214103e-06	1
19	rs260502	58790784	0	7.806415e-06	8.700650e-07	1
19	rs260503	58790095	0	6.278601e-05	6.596550e-06	1
19	rs281061	58643376	1	3.394868e-04	3.825747e-05	1
19	rs281063	58651941	0	-1.830632e-04	-1.888255e-05	1
19	rs281064	58649998	0	6.044091e-04	7.042976e-05	1
19	rs281065	58645577	0	-3.624743e-04	-3.728223e-05	1
19	rs281066	58644840	0	8.963191e-04	1.139286e-04	1
19	rs281069	58659039	2	-3.229847e-04	-3.260505e-05	1
19	rs281070	58658691	0	-2.815028e-04	-2.841823e-05	1
19	rs281072	58657714	0	-3.553610e-04	-3.706810e-05	1
19	rs281073	58656418	0	-3.306595e-04	-3.416827e-05	1
19	rs281074	58656176	0	7.498209e-04	9.173041e-05	1
19	rs281075	58655106	0	7.498209e-04	9.173041e-05	1
19	rs281076	58654307	0	-7.067322e-04	-7.503821e-05	1
19	rs281077	58653376	0	-7.889856e-04	-8.469716e-05	1
19	rs281078	58653320	0	3.250918e-04	3.932011e-05	1
19	rs281079	58678388	0	7.434110e-04	9.346938e-05	1
19	rs281080	58700131	2	3.548884e-04	3.616228e-05	1
19	rs281081	58698915	0	8.277183e-04	9.135778e-05	1
19	rs28444973	58982044	0	-3.873662e-05	-4.989983e-06	1
19	rs28521102	58597905	0	2.046635e-04	2.860612e-05	1
19	rs28575910	59072396	0	8.203797e-04	1.094483e-04	1
19	rs28699075	59069214	0	4.744430e-04	6.506442e-05	1
19	rs28725494	58633618	0	2.638040e-04	2.918231e-05	1
19	rs28757810	58813720	0	1.812797e-03	2.447256e-04	1
19	rs28821001	59018503	0	8.997092e-04	1.013613e-04	1
19	rs28840697	58825728	0	1.310645e-03	1.923900e-04	1
19	rs2889031	58659115	1	-5.545719e-05	-5.457788e-06	1
19	rs2889128	58973929	0	1.047478e-03	1.172066e-04	1
19	rs2889129	59019664	0	6.397584e-04	8.754072e-05	1
19	rs292821	58531419	0	-1.126603e-04	-1.374169e-05	1
19	rs292826	58540860	0	6.609735e-04	7.308200e-05	1
19	rs292827	58544472	0	2.926912e-04	3.106706e-05	1
19	rs292828	58545133	0	-1.571036e-04	-1.997388e-05	1
19	rs292831	58529741	0	-1.126603e-04	-1.374169e-05	1
19	rs2930099	58779403	0	-7.980257e-05	-8.988152e-06	1
19	rs2930100	58747687	0	6.855976e-04	8.443340e-05	1
19	rs295345	58654195	0	3.934076e-04	4.607403e-05	1
19	rs295346	58616280	0	9.067525e-04	1.122363e-04	1
19	rs295347	58616256	0	1.393171e-03	1.816057e-04	1
19	rs299847	58680688	0	6.734345e-04	8.659324e-05	1
19	rs3087604	58813750	0	1.901299e-03	2.633737e-04	1
19	rs3088284	58929427	0	-2.815320e-04	-3.204058e-05	1
19	rs3211055	59094453	0	-2.905933e-04	-2.998352e-05	1
19	rs34003091	58662254	0	-1.051492e-03	-1.335529e-04	1
19	rs34006653	58731821	1	-1.418772e-03	-1.861157e-04	1
19	rs34023391	58913368	0	-1.843915e-04	-2.099407e-05	1
19	rs34114202	58599443	0	-5.163969e-05	-5.853274e-06	1
19	rs34152946	58923263	0	-2.815320e-04	-3.204058e-05	1
19	rs34188294	58919557	0	-3.100682e-04	-3.536337e-05	1
19	rs34230465	58943576	0	-2.815320e-04	-3.204058e-05	1
19	rs34282528	59076749	0	-3.165027e-04	-4.174341e-05	1
19	rs34370122	58546475	0	-8.472291e-04	-1.020521e-04	1
19	rs34380569	58648528	0	-1.464500e-03	-1.917770e-04	1
19	rs34415062	59023166	0	-5.589021e-04	-6.557287e-05	1
19	rs34421357	58835863	0	5.680762e-04	7.043689e-05	1
19	rs34469398	58677396	0	-5.795147e-04	-8.186079e-05	1
19	rs34488713	58996454	0	-2.639005e-04	-3.470779e-05	1
19	rs34503352	58651296	0	-1.051492e-03	-1.335529e-04	1
19	rs34511020	58921296	0	-2.815320e-04	-3.204058e-05	1
19	rs34526068	58658066	0	-2.815028e-04	-2.841816e-05	1
19	rs34541537	58912737	0	3.204473e-04	3.750693e-05	1
19	rs34602933	58886495	1	-7.687409e-04	-8.273841e-05	1
19	rs34648696	58554613	0	-1.120638e-03	-1.437293e-04	1
19	rs34702066	58582806	0	1.751842e-03	2.337640e-04	1
19	rs34873624	58943402	0	-2.815320e-04	-3.204059e-05	1
19	rs34914886	58774094	0	-4.535629e-04	-6.350058e-05	1
19	rs34947459	58655880	0	3.932048e-04	4.615410e-05	1
19	rs3499	59093484	0	-4.785447e-04	-4.992101e-05	1
19	rs34990434	58550992	0	-1.138270e-03	-1.439610e-04	1
19	rs35081008	58662235	0	-1.051492e-03	-1.335528e-04	1
19	rs35117909	58912906	0	-2.679159e-04	-3.071358e-05	1
19	rs35138622	58912788	0	-2.015494e-04	-2.312524e-05	1
19	rs35219954	59001641	0	1.326071e-03	1.638348e-04	1
19	rs35220005	58550233	0	-7.748814e-04	-9.244767e-05	1
19	rs35269060	58933392	0	-4.132795e-04	-4.731852e-05	1
19	rs35350976	59023174	0	-3.785766e-04	-4.384922e-05	1
19	rs35358425	58599760	0	-2.191265e-04	-2.479336e-05	1
19	rs35394955	58954859	0	-3.791895e-04	-3.994308e-05	1
19	rs35430780	59028162	0	-4.697397e-05	-6.287601e-06	1
19	rs35466206	58943252	0	-2.815320e-04	-3.204059e-05	1
19	rs35511051	58665817	0	-1.424529e-03	-1.849071e-04	1
19	rs35631681	58999840	4	-1.565431e-04	-1.858462e-05	1
19	rs35652377	58929200	0	-2.815320e-04	-3.204059e-05	1
19	rs35711932	58658152	0	-3.315944e-04	-3.440511e-05	1
19	rs35713506	58954919	0	-3.791895e-04	-3.994307e-05	1
19	rs35740250	58694015	0	-5.198388e-04	-7.249909e-05	1
19	rs35747322	58544096	0	-1.411519e-03	-1.916748e-04	1
19	rs35782676	58926345	0	-2.979525e-04	-3.388848e-05	1
19	rs35983901	59016790	0	-7.111991e-05	-8.208004e-06	1
19	rs36057771	58836133	0	5.680762e-04	7.043688e-05	1
19	rs36090113	58912384	0	-4.817692e-04	-5.551229e-05	1
19	rs36098050	58652725	0	-1.051492e-03	-1.335528e-04	1
19	rs36100363	58710837	0	-1.235103e-03	-1.538226e-04	1
19	rs36111946	58836128	0	2.669958e-04	3.317204e-05	1
19	rs36115826	59009166	0	-2.325169e-04	-3.045403e-05	1
19	rs365040	58799529	0	4.958072e-04	5.664028e-05	1
19	rs365699	58799652	0	3.278291e-04	3.410509e-05	1
19	rs370335292	58658750	0	-1.540246e-03	-2.054246e-04	1
19	rs371120005	58658933	0	3.147784e-04	3.690932e-05	1
19	rs371149	58779654	0	-5.743786e-04	-6.000230e-05	1
19	rs373337854	58658806	0	-2.766234e-04	-3.614913e-05	1
19	rs374431	58790713	0	-4.984668e-05	-5.214040e-06	1
19	rs3745129	58637498	0	-3.624743e-04	-3.728201e-05	1
19	rs3745142	58836745	0	2.669958e-04	3.317204e-05	1
19	rs3752108	59094709	0	-2.905933e-04	-2.998355e-05	1
19	rs3752109	59082605	0	-2.328828e-05	-2.569570e-06	1
19	rs3752111	59082368	0	-5.066832e-04	-7.035502e-05	1
19	rs3752112	58992220	0	6.650805e-06	7.717703e-07	1
19	rs3764528	58977554	0	1.016150e-03	1.133189e-04	1
19	rs3764529	58945089	0	-2.815320e-04	-3.204059e-05	1
19	rs3764531	58929305	0	-3.028992e-04	-3.065888e-05	1
19	rs3764532	58929222	0	-2.815320e-04	-3.204059e-05	1
19	rs3764533	58929194	0	9.856342e-04	1.073237e-04	1
19	rs3764534	58929136	0	8.793492e-04	9.353284e-05	1
19	rs3764535	58929052	0	1.001483e-03	1.089637e-04	1
19	rs3764536	58896712	0	-4.469833e-04	-4.840235e-05	1
19	rs376460183	58658873	0	-1.419183e-03	-1.869021e-04	1
19	rs376570508	58658612	0	-1.424529e-03	-1.849069e-04	1
19	rs378452	58786520	0	-3.798494e-04	-3.969041e-05	1
19	rs379075	58785739	0	-2.066976e-04	-2.141160e-05	1
19	rs3794963	59071051	0	7.178098e-04	7.973214e-05	1
19	rs3794964	59070916	0	7.178098e-04	7.973213e-05	1
19	rs3794965	59069353	0	3.011275e-04	3.112284e-05	1
19	rs3794966	59068996	0	1.260890e-04	1.449212e-05	1
19	rs3794968	58986799	0	1.137194e-03	1.292011e-04	1
19	rs3794969	58986561	0	7.398832e-04	1.029873e-04	1
19	rs3794970	58986260	0	-1.146815e-04	-1.350184e-05	1
19	rs3794971	58985866	0	1.032463e-05	1.208000e-06	1
19	rs3794974	58897652	0	-5.686994e-04	-6.284648e-05	1
19	rs3794975	58895950	0	1.765330e-04	2.246462e-05	1
19	rs3810125	59066730	0	-5.744925e-04	-7.599609e-05	1
19	rs3810126	58610254	0	-5.686226e-04	-5.951916e-05	1
19	rs3816328	59061357	0	-4.330679e-04	-5.937201e-05	1
19	rs3816329	59058693	0	3.088370e-04	3.539702e-05	1
19	rs3826677	58919002	0	3.081457e-05	3.487183e-06	1
19	rs3826678	58918917	0	3.081457e-05	3.487177e-06	1
19	rs3826679	58918817	0	3.081457e-05	3.487172e-06	1
19	rs3826680	58918800	0	3.081457e-05	3.487167e-06	1
19	rs3826681	58918764	0	-2.815320e-04	-3.204062e-05	1
19	rs3826682	58918748	0	-2.815320e-04	-3.204062e-05	1
19	rs3826683	58918733	0	-2.815320e-04	-3.204062e-05	1
19	rs3826684	58918705	0	-2.815320e-04	-3.204062e-05	1
19	rs384702	58552801	0	-2.557937e-04	-3.279141e-05	1
19	rs3848524	58816529	0	9.020384e-04	1.233311e-04	1
19	rs3875104	59102379	0	3.011275e-04	3.112280e-05	1
19	rs3892385	58602870	0	2.356007e-04	3.177145e-05	1
19	rs390667	58733011	0	4.537312e-04	5.743040e-05	1
19	rs392644	58780503	0	-2.533712e-04	-2.563939e-05	1
19	rs392687	58779566	0	-7.378801e-04	-7.823658e-05	1
19	rs3953740	58659362	0	6.566861e-04	7.384785e-05	1
19	rs3997357	59044566	0	5.573482e-04	6.015646e-05	1
19	rs400733	58797344	0	2.457885e-04	2.567452e-05	1
19	rs401706	58733555	0	1.762986e-04	2.201938e-05	1
19	rs403408	58684407	0	-8.605471e-04	-9.288665e-05	1
19	rs4084852	58835255	0	5.680762e-04	7.043685e-05	1
19	rs414948	58738375	0	1.126082e-03	1.523841e-04	1
19	rs424114	58733641	0	4.537312e-04	5.743039e-05	1
19	rs425516	58781229	0	-2.692202e-04	-2.717961e-05	1
19	rs425605	58786623	0	1.357582e-04	1.417021e-05	1
19	rs427988	58779785	0	-2.533712e-04	-2.563936e-05	1
19	rs429770	58787836	0	-6.569190e-05	-7.418430e-06	1
19	rs431093	58786084	0	-9.913290e-05	-1.015234e-05	1
19	rs432181	58799781	0	3.278291e-04	3.410519e-05	1
19	rs432426	58780131	0	-3.179993e-04	-3.205896e-05	1
19	rs435442	58807827	0	-2.072323e-04	-2.838650e-05	1
19	rs437183	58799635	0	3.278291e-04	3.410520e-05	1
19	rs437229	58790675	0	2.081914e-04	2.189823e-05	1
19	rs4372790	58953693	0	8.294050e-04	8.739090e-05	1
19	rs439333	58783027	0	-2.692202e-04	-2.717956e-05	1
19	rs4444432	58715538	0	-1.235103e-03	-1.538224e-04	1
19	rs446075	58766735	0	-2.291883e-04	-2.297773e-05	1
19	rs448147	58778070	0	-5.064842e-04	-5.225160e-05	1
19	rs448403	58786146	0	-9.686688e-05	-9.878840e-06	1
19	rs4496257	58669456	0	7.806383e-04	8.906944e-05	1
19	rs449697	58787977	0	7.806415e-06	8.700584e-07	1
19	rs4524039	58625270	0	5.443579e-04	6.560024e-05	1
19	rs453737	58800252	0	1.877013e-04	1.952074e-05	1
19	rs45454797	59066391	0	-2.317646e-04	-3.254573e-05	1
19	rs45475596	58881109	0	2.261719e-04	2.863121e-05	1
19	rs45535435	58846866	0	3.021152e-04	3.866741e-05	1
19	rs45571742	58552111	0	-1.138270e-03	-1.439609e-04	1
19	rs45589034	58640964	0	4.596813e-04	5.397575e-05	1
19	rs45598236	58521433	0	-2.475840e-04	-3.172936e-05	1
19	rs45601339	58718247	0	-1.795802e-04	-2.341522e-05	1
19	rs45617039	58951096	0	-2.413563e-04	-2.744189e-05	1
19	rs4584938	58899303	0	-3.364926e-04	-3.628885e-05	1
19	rs4599020	58691998	0	-1.371994e-03	-1.732915e-04	1
19	rs4603677	58950721	0	3.081457e-05	3.487130e-06	1
19	rs4608428	58618579	0	7.026299e-04	8.619240e-05	1
19	rs4756	59074653	0	7.178098e-04	7.973209e-05	1
19	rs4801246	58522534	0	8.718901e-05	9.381672e-06	1
19	rs4801247	58522561	0	-3.231660e-04	-3.404428e-05	1
19	rs4801250	58616674	0	9.709389e-04	1.187933e-04	1
19	rs4801251	58617042	0	9.067525e-04	1.122361e-04	1
19	rs4801252	58631676	0	6.365588e-04	7.897994e-05	1
19	rs4801262	58848116	0	1.173840e-04	1.543339e-05	1
19	rs4801267	58882384	0	-9.468007e-05	-1.241344e-05	1
19	rs4801269	58927916	0	3.081457e-05	3.487126e-06	1
19	rs4801270	58932762	0	8.793492e-04	9.353268e-05	1
19	rs4801271	58953449	0	2.676509e-04	3.017593e-05	1
19	rs4801272	58977463	0	9.294003e-04	1.024185e-04	1
19	rs4801273	59000273	0	1.065562e-03	1.172478e-04	1
19	rs4801274	59010593	0	7.402250e-04	1.000695e-04	1
19	rs4801275	59021049	0	6.216968e-04	8.356252e-05	1
19	rs4801541	58521224	0	-1.001702e-03	-1.077952e-04	1
19	rs4801542	58522974	0	4.369295e-04	4.955167e-05	1
19	rs4801543	58523804	0	4.369295e-04	4.955167e-05	1
19	rs4801544	58526202	0	7.233199e-04	8.948761e-05	1
19	rs4801546	58526387	0	3.840936e-04	4.309235e-05	1
19	rs4801547	58526742	0	7.684994e-04	9.532437e-05	1
19	rs4801548	58528978	0	8.428381e-04	1.045764e-04	1
19	rs4801555	58600977	0	-2.391752e-04	-2.732685e-05	1
19	rs4801559	58627808	0	4.260829e-04	5.046464e-05	1
19	rs4801562	58634756	0	3.167761e-04	3.624461e-05	1
19	rs4801564	58644826	0	7.234852e-04	7.754978e-05	1
19	rs4801565	58674249	0	6.742329e-04	8.107108e-05	1
19	rs4801566	58674788	0	7.580921e-04	9.146158e-05	1
19	rs4801567	58675005	0	8.330266e-04	1.007511e-04	1
19	rs4801572	58752932	0	-4.737929e-04	-6.396167e-05	1
19	rs4801573	58754058	0	-4.737929e-04	-6.396167e-05	1
19	rs4801574	58754102	0	-4.737929e-04	-6.396167e-05	1
19	rs4801576	58779342	0	6.727572e-05	9.056053e-06	1
19	rs4801577	58799044	0	1.292253e-04	1.732880e-05	1
19	rs4801578	58801599	0	1.292253e-04	1.732880e-05	1
19	rs4801579	58863449	0	-4.722370e-04	-5.916779e-05	1
19	rs4801581	58913312	0	-4.809258e-04	-5.006998e-05	1
19	rs4801583	58918405	0	8.793492e-04	9.353261e-05	1
19	rs4801584	58920702	0	-7.641858e-06	-8.742862e-07	1
19	rs4801585	58934305	0	9.856342e-04	1.073234e-04	1
19	rs4801586	58934528	0	8.793492e-04	9.353258e-05	1
19	rs4801587	58936679	0	8.793492e-04	9.353256e-05	1
19	rs4801588	58949046	0	3.081457e-05	3.487061e-06	1
19	rs4801589	58953398	0	1.071112e-03	1.165265e-04	1
19	rs4801590	58961813	0	8.339540e-04	8.823162e-05	1
19	rs4801591	58970099	0	8.999959e-05	1.014996e-05	1
19	rs4801593	58972252	0	-2.370434e-05	-2.686858e-06	1
19	rs4801595	58978517	0	1.377898e-03	1.646907e-04	1
19	rs4801599	58995728	0	1.291529e-03	1.503041e-04	1
19	rs4801602	59025685	0	6.397584e-04	8.754074e-05	1
19	rs4801605	59050873	7	7.598708e-05	8.021489e-06	1
19	rs4801610	59091928	0	-3.245010e-04	-4.293447e-05	1
19	rs4801611	59092122	0	3.011275e-04	3.112263e-05	1
19	rs4801613	59096403	0	4.744430e-04	6.506435e-05	1
19	rs4801614	59096950	0	3.011275e-04	3.112262e-05	1
19	rs4801615	59097229	0	-3.823416e-04	-3.974552e-05	1
19	rs495839	58545500	2	7.301418e-05	9.210707e-06	1
19	rs500286	58785900	0	-2.442947e-04	-2.511864e-05	1
19	rs523073	58647358	0	-7.189102e-04	-7.629380e-05	1
19	rs547045	58788236	0	4.217642e-04	4.566908e-05	1
19	rs548671	58801518	1	5.740825e-05	5.999164e-06	1
19	rs550471	58801687	0	-2.276173e-04	-2.500518e-05	1
19	rs551116	58684611	0	-8.605471e-04	-9.288655e-05	1
19	rs55633425	58948018	0	-4.321288e-04	-4.925974e-05	1
19	rs55633565	58530628	0	6.193154e-04	7.538245e-05	1
19	rs55652736	59007566	0	-1.462062e-04	-1.742462e-05	1
19	rs55691818	59033518	0	2.231380e-04	2.564257e-05	1
19	rs55697390	58674301	0	-5.664217e-04	-7.560410e-05	1
19	rs55716128	59048754	0	1.260890e-04	1.449203e-05	1
19	rs55734122	58733610	0	2.025328e-03	3.273337e-04	1
19	rs55800631	59085089	0	2.527420e-04	2.601894e-05	1
19	rs55827758	58842450	0	3.021152e-04	3.866739e-05	1
19	rs55833862	58637690	0	7.455902e-04	9.200754e-05	1
19	rs55857578	58914925	0	-3.660513e-04	-4.187588e-05	1
19	rs55875034	58983558	0	-1.146815e-04	-1.350191e-05	1
19	rs55928441	59009674	0	-2.020542e-04	-2.387049e-05	1
19	rs55945602	58632305	0	4.438323e-04	5.244859e-05	1
19	rs55959018	58935768	0	3.081457e-05	3.487005e-06	1
19	rs55987239	59085045	0	1.260890e-04	1.449203e-05	1
19	rs56026876	59006157	0	-1.043716e-04	-1.201563e-05	1
19	rs56065611	58520480	0	-1.001702e-03	-1.077951e-04	1
19	rs56066701	58841066	0	3.021152e-04	3.866739e-05	1
19	rs56121586	58585744	0	-3.423697e-04	-3.601916e-05	1
19	rs56161266	58816642	0	-3.105675e-04	-4.333035e-05	1
19	rs56225452	59024646	0	-1.569235e-04	-1.802007e-05	1
19	rs56236214	58817958	0	-6.615003e-05	-9.113189e-06	1
19	rs56243535	59006150	0	3.340861e-04	3.916893e-05	1
19	rs56268519	59045904	0	5.285853e-04	5.674730e-05	1
19	rs56273550	58611001	0	-7.134782e-04	-1.021057e-04	1
19	rs56290606	58919320	0	-1.955760e-04	-2.216934e-05	1
19	rs56292587	58919066	0	-1.955760e-04	-2.216934e-05	1
19	rs56332086	58917700	0	-2.815320e-04	-3.204068e-05	1
19	rs56390031	58998327	0	-8.443827e-05	-9.545003e-06	1
19	rs56394914	58882740	0	-1.021578e-03	-1.118400e-04	1
19	rs56395112	58577672	0	-6.189168e-04	-6.702637e-05	1
19	rs56654816	58845187	0	3.021152e-04	3.866739e-05	1
19	rs56688575	58851238	0	3.021152e-04	3.866739e-05	1
19	rs56725489	58830709	0	4.924165e-04	6.000425e-05	1
19	rs57140425	58709015	0	-5.522895e-04	-7.271049e-05	1
19	rs57201473	58851686	0	3.021152e-04	3.866738e-05	1
19	rs57656768	58648536	0	-3.636387e-04	-5.035802e-05	1
19	rs57760408	58821683	0	3.756724e-05	4.719121e-06	1
19	rs57785785	58815158	0	6.548738e-04	9.016624e-05	1
19	rs57797045	58534654	0	2.372570e-04	2.898122e-05	1
19	rs58071659	58784272	0	-1.700816e-04	-2.332430e-05	1
19	rs58231369	58754967	0	-4.737929e-04	-6.396169e-05	1
19	rs58371330	58823196	0	-1.043685e-05	-1.305629e-06	1
19	rs58412590	58887647	0	2.007705e-04	2.556909e-05	1
19	rs58509147	58840490	0	3.880712e-04	4.980512e-05	1
19	rs58576937	58577443	0	-5.158757e-04	-7.340227e-05	1
19	rs58617733	58842534	0	3.021152e-04	3.866738e-05	1
19	rs58899074	58611996	0	-5.686226e-04	-5.951900e-05	1
19	rs59054150	58850341	0	3.021152e-04	3.866737e-05	1
19	rs59114323	58649994	0	-1.415576e-03	-1.846573e-04	1
19	rs59238777	58625136	0	-6.832467e-04	-9.385954e-05	1
19	rs59401383	58882767	0	1.402158e-04	1.774245e-05	1
19	rs59460131	59101970	0	5.736592e-04	7.476576e-05	1
19	rs59678004	58813932	0	1.836596e-03	2.514292e-04	1
19	rs59874238	58841861	0	3.021152e-04	3.866737e-05	1
19	rs59894429	58577444	0	-6.189168e-04	-6.702637e-05	1
19	rs59908383	58828737	0	5.671906e-04	6.971256e-05	1
19	rs59925483	58672788	0	8.385920e-05	1.160481e-05	1
19	rs59967605	58835563	0	5.680762e-04	7.043677e-05	1
19	rs60075099	58831141	0	2.661102e-04	3.276824e-05	1
19	rs60245393	58842745	0	3.021152e-04	3.866736e-05	1
19	rs60296671	58843881	0	3.021152e-04	3.866735e-05	1
19	rs60329830	58755072	0	-4.737929e-04	-6.396170e-05	1
19	rs60348321	58841939	0	3.021152e-04	3.866735e-05	1
19	rs60404734	58812785	0	4.034224e-04	5.552419e-05	1
19	rs60818748	58842735	0	3.021152e-04	3.866735e-05	1
19	rs60973470	58779425	0	-1.598622e-04	-2.198957e-05	1
19	rs61012884	59085161	0	-3.156586e-04	-3.994071e-05	1
19	rs61022167	59071380	0	5.917208e-04	7.511778e-05	1
19	rs61096651	58845296	0	3.021152e-04	3.866735e-05	1
19	rs61219003	58842883	6	-6.796438e-05	-9.467507e-06	1
19	rs61301121	58745159	0	1.162234e-03	1.670913e-04	1
19	rs61460516	58851462	0	3.021152e-04	3.866734e-05	1
19	rs61468392	58823221	0	3.756724e-05	4.719088e-06	1
19	rs61514202	58844606	0	3.021152e-04	3.866734e-05	1
19	rs61521274	58830879	0	5.671906e-04	6.971252e-05	1
19	rs61566502	58581038	0	1.540085e-03	1.934643e-04	1
19	rs61635555	58834694	0	2.669958e-04	3.317195e-05	1
19	rs61745224	58723706	0	1.301695e-04	1.808537e-05	1
19	rs61746129	58879701	0	2.261719e-04	2.863125e-05	1
19	rs61746138	58879660	0	2.261719e-04	2.863125e-05	1
19	rs620297	58545433	0	4.825661e-05	5.053159e-06	1
19	rs62114175	58776480	0	-3.844889e-04	-3.940410e-05	1
19	rs62114176	58776483	0	-4.003378e-04	-4.092879e-05	1
19	rs62114178	58778451	0	-9.112862e-04	-1.014299e-04	1
19	rs62114179	58778512	0	-5.743786e-04	-6.000207e-05	1
19	rs62114183	58786176	0	6.221116e-05	7.031416e-06	1
19	rs62114208	58787115	0	1.831228e-04	2.077335e-05	1
19	rs62114212	58831966	0	-2.708466e-04	-3.148385e-05	1
19	rs62114660	59033674	0	-6.436317e-04	-8.431470e-05	1
19	rs62114663	59035557	0	-4.988328e-04	-6.632529e-05	1
19	rs62114668	59072371	0	-3.245010e-04	-4.293446e-05	1
19	rs62116004	58720201	0	-1.532951e-03	-2.023822e-04	1
19	rs62116017	58738767	0	-1.800290e-03	-2.606203e-04	1
19	rs62116373	58850206	0	9.539688e-05	1.333892e-05	1
19	rs62116378	58875268	0	2.118607e-04	2.692704e-05	1
19	rs62116379	58875335	0	2.118607e-04	2.692705e-05	1
19	rs62116380	58876618	0	2.978167e-04	3.790983e-05	1
19	rs62116381	58877385	0	2.978167e-04	3.790983e-05	1
19	rs62116383	58880761	0	2.261719e-04	2.863125e-05	1
19	rs62116384	58880884	0	1.781678e-04	2.246611e-05	1
19	rs62116388	58884162	0	2.007705e-04	2.556909e-05	1
19	rs62116389	58885267	0	6.604217e-04	9.005823e-05	1
19	rs62116432	58901227	0	-1.915081e-04	-2.027603e-05	1
19	rs62116437	58922551	0	3.081457e-05	3.486988e-06	1
19	rs62117593	58941915	0	2.506450e-04	2.841433e-05	1
19	rs62117594	58942709	0	2.506450e-04	2.841433e-05	1
19	rs62117596	58953099	0	2.676509e-04	3.017578e-05	1
19	rs62117599	58994650	0	-3.602287e-05	-3.687917e-06	1
19	rs62117658	59015297	0	-1.923262e-04	-2.535687e-05	1
19	rs62125248	58568181	0	-7.039427e-04	-7.156016e-05	1
19	rs62125894	58679627	0	5.351463e-04	6.378420e-05	1
19	rs62125914	58706186	0	-1.235103e-03	-1.538221e-04	1
19	rs62125917	58711509	0	-1.235103e-03	-1.538221e-04	1
19	rs62126787	58586371	0	-6.189168e-04	-6.702637e-05	1
19	rs62126791	58587777	0	-3.423697e-04	-3.601916e-05	1
19	rs62126796	58612051	1	1.223953e-03	1.599370e-04	1
19	rs63283	58740490	0	8.080647e-04	1.037069e-04	1
19	rs6510116	58604319	0	7.802553e-04	9.371787e-05	1
19	rs6510125	58637152	0	2.638040e-04	2.918221e-05	1
19	rs6510126	58675916	0	8.330266e-04	1.007510e-04	1
19	rs6510128	58761107	0	-1.026607e-03	-1.148400e-04	1
19	rs6510129	58761533	0	-1.026607e-03	-1.148400e-04	1
19	rs6510131	58776347	0	-1.476112e-04	-2.009942e-05	1
19	rs6510133	58801186	0	2.454676e-04	2.553150e-05	1
19	rs6510136	58824721	0	1.003405e-03	1.330284e-04	1
19	rs6510137	58864150	0	-1.362021e-04	-1.730576e-05	1
19	rs6510139	58885702	0	-8.781939e-04	-9.618002e-05	1
19	rs6510140	58885773	0	-8.179536e-04	-8.909168e-05	1
19	rs6510141	58885786	0	-6.774234e-04	-7.144300e-05	1
19	rs6510142	58885842	0	2.007705e-04	2.556910e-05	1
19	rs6510143	58885874	0	-7.883113e-05	-1.036124e-05	1
19	rs6510148	58924210	0	1.267166e-03	1.563302e-04	1
19	rs6510152	58953319	0	7.936791e-04	8.333621e-05	1
19	rs6510153	58975609	0	7.398832e-04	1.029873e-04	1
19	rs66616365	58667964	0	7.806383e-04	8.906941e-05	1
19	rs67047437	58676662	0	5.967857e-04	6.798377e-05	1
19	rs67781917	58524126	0	4.369295e-04	4.955164e-05	1
19	rs67825948	58525067	0	4.369295e-04	4.955163e-05	1
19	rs67978350	58894455	0	-6.618546e-05	-7.513948e-06	1
19	rs71333247	58559583	0	-1.622143e-03	-2.242689e-04	1
19	rs71333251	58738839	0	-1.899714e-03	-2.860554e-04	1
19	rs71333260	58922220	0	-2.815320e-04	-3.204067e-05	1
19	rs71354068	58531715	0	-5.764178e-06	-7.541721e-07	1
19	rs71355829	58551080	0	-1.161316e-03	-1.463911e-04	1
19	rs71355833	58657180	0	-1.424529e-03	-1.849065e-04	1
19	rs719009	58584722	0	-3.423697e-04	-3.601918e-05	1
19	rs719010	58584765	0	-3.423697e-04	-3.601917e-05	1
19	rs719011	58584841	0	-3.102318e-04	-3.253246e-05	1
19	rs723669	58563100	0	-1.758767e-03	-2.553870e-04	1
19	rs7245923	58874709	0	2.118607e-04	2.692705e-05	1
19	rs7246174	58765348	0	-3.384402e-04	-4.555976e-05	1
19	rs7246751	58804121	0	2.162103e-04	2.853370e-05	1
19	rs7248057	58774513	0	-2.306901e-04	-3.130049e-05	1
19	rs7248493	58711108	0	1.359612e-03	1.783304e-04	1
19	rs7248512	58716363	0	8.482489e-04	9.162554e-05	1
19	rs7248800	59079257	0	5.604763e-04	5.925656e-05	1
19	rs7249664	58586610	0	8.382484e-04	9.523312e-05	1
19	rs7249714	59058083	0	-7.820483e-04	-8.519794e-05	1
19	rs7249841	59058199	0	-4.391106e-04	-5.641054e-05	1
19	rs7250280	58713774	0	-1.092401e-03	-1.324282e-04	1
19	rs7250394	58930177	0	1.486997e-03	1.914254e-04	1
19	rs7250524	58611423	0	-5.686226e-04	-5.951889e-05	1
19	rs7250610	58611723	0	6.127922e-04	7.594696e-05	1
19	rs7250711	58611592	0	-5.686226e-04	-5.951888e-05	1
19	rs7250715	58611606	0	3.863235e-04	4.384708e-05	1
19	rs7250752	58893108	0	1.765330e-04	2.246469e-05	1
19	rs7250816	58581572	0	1.394409e-03	1.780633e-04	1
19	rs7250889	58900337	0	-1.105322e-04	-1.150858e-05	1
19	rs7251261	58629081	10	2.288200e-04	2.633602e-05	1
19	rs7251536	58620679	0	2.429605e-04	2.669524e-05	1
19	rs7251813	58893700	0	-4.005594e-04	-4.195538e-05	1
19	rs7252129	58657428	0	6.566861e-04	7.384777e-05	1
19	rs7252304	58629122	1	5.336167e-04	6.286387e-05	1
19	rs7252333	58900747	0	-1.105322e-04	-1.150857e-05	1
19	rs7253055	58793554	0	8.951882e-05	9.730003e-06	1
19	rs7253066	59080198	0	5.917208e-04	7.511771e-05	1
19	rs7253344	58779340	0	-3.000583e-04	-3.046654e-05	1
19	rs7253357	58779369	0	-5.743786e-04	-6.000196e-05	1
19	rs7253433	59041723	0	6.594011e-04	7.252588e-05	1
19	rs7254178	58979958	0	7.398832e-04	1.029873e-04	1
19	rs7254299	58884965	0	-8.742180e-04	-9.344649e-05	1
19	rs7254639	58876797	0	2.978167e-04	3.790984e-05	1
19	rs7255068	59052105	0	8.734469e-04	1.216728e-04	1
19	rs7255290	58583832	0	1.540085e-03	1.934642e-04	1
19	rs7255489	58879965	0	-3.443977e-05	-4.520869e-06	1
19	rs7255491	58901394	0	-1.105322e-04	-1.150855e-05	1
19	rs7255596	58879976	0	-3.443977e-05	-4.520867e-06	1
19	rs7255605	58584251	0	1.540085e-03	1.934642e-04	1
19	rs7255916	58880016	0	2.095794e-04	2.682781e-05	1
19	rs7256349	58718269	0	-1.675654e-03	-2.295812e-04	1
19	rs7256664	58600587	0	-1.522506e-04	-1.734382e-05	1
19	rs7256809	58880184	0	2.261719e-04	2.863127e-05	1
19	rs7256940	58880242	0	2.261719e-04	2.863127e-05	1
19	rs7256964	58882186	0	-9.767019e-04	-1.086197e-04	1
19	rs7257669	59064939	0	7.178098e-04	7.973184e-05	1
19	rs7257788	58788901	0	1.292253e-04	1.732876e-05	1
19	rs7257872	58928786	0	1.267166e-03	1.563301e-04	1
19	rs7257999	58964860	0	1.135255e-03	1.283846e-04	1
19	rs7258103	58627235	0	3.531221e-04	3.949287e-05	1
19	rs7258239	58734410	2	1.297422e-04	1.604250e-05	1
19	rs7259841	58951123	0	1.099180e-03	1.207936e-04	1
19	rs7260445	58571049	0	3.174429e-04	4.303136e-05	1
19	rs7260571	58925286	0	8.793492e-04	9.353216e-05	1
19	rs72629170	58876368	0	4.535550e-05	5.680294e-06	1
19	rs72629171	58880848	0	1.781678e-04	2.246613e-05	1
19	rs73056266	58702854	0	-2.295317e-05	-3.175449e-06	1
19	rs73056270	58709763	0	-2.295317e-05	-3.175449e-06	1
19	rs73056279	58726998	0	1.010471e-04	1.363093e-05	1
19	rs73056286	58750550	0	1.982982e-04	2.615263e-05	1
19	rs73056388	58584525	0	1.540085e-03	1.934641e-04	1
19	rs73058504	58589515	0	-3.423697e-04	-3.601917e-05	1
19	rs73060214	58846001	0	-5.271889e-04	-7.509396e-05	1
19	rs73060254	58899245	0	-1.583642e-04	-2.171232e-05	1
19	rs73060258	58902954	0	-6.618546e-05	-7.513965e-06	1
19	rs73060293	58923050	0	-2.815320e-04	-3.204069e-05	1
19	rs73062110	58936642	0	2.441999e-05	2.769119e-06	1
19	rs73064225	58974378	0	1.361125e-04	1.527542e-05	1
19	rs73064302	58994588	0	9.469756e-05	1.121124e-05	1
19	rs73066206	58995042	0	1.382229e-05	1.557815e-06	1
19	rs73066211	58997079	0	-1.765455e-04	-2.081507e-05	1
19	rs73066226	59008213	0	-2.147553e-04	-2.507577e-05	1
19	rs73066228	59013196	0	-3.607321e-04	-4.293222e-05	1
19	rs73066236	59027481	0	1.625977e-04	2.092040e-05	1
19	rs73066244	59033153	0	-3.506181e-04	-3.921776e-05	1
19	rs73066245	59038884	0	8.559983e-04	1.134774e-04	1
19	rs73066251	59050356	0	1.831839e-04	2.021837e-05	1
19	rs73068312	59054288	0	5.622813e-06	6.154009e-07	1
19	rs73068321	59072020	0	-3.124453e-05	-3.445891e-06	1
19	rs73068325	59079096	0	1.260890e-04	1.449198e-05	1
19	rs73068327	59079334	0	-3.124453e-05	-3.445894e-06	1
19	rs73068329	59080325	0	-1.416634e-07	-1.918506e-08	1
19	rs73068335	59089308	0	2.585947e-04	3.007391e-05	1
19	rs73068339	59090263	0	2.242838e-05	2.463500e-06	1
19	rs73068342	59091717	0	2.242838e-05	2.463498e-06	1
19	rs73071847	58548748	0	-1.098094e-03	-1.379705e-04	1
19	rs731259	58989424	0	-1.146815e-04	-1.350195e-05	1
19	rs731835	58898436	0	-6.941248e-04	-7.803849e-05	1
19	rs734379	58899182	0	-2.533690e-04	-2.650309e-05	1
19	rs734380	58898963	0	5.513278e-04	5.697226e-05	1
19	rs735278	59083594	0	7.178098e-04	7.973181e-05	1
19	rs735507	58720360	0	2.008470e-03	3.054132e-04	1
19	rs73562704	59073613	0	8.203797e-04	1.094480e-04	1
19	rs73566790	58743866	0	9.504781e-04	1.309049e-04	1
19	rs73570604	58810827	0	8.416891e-04	1.089517e-04	1
19	rs73570633	58828121	0	2.669958e-04	3.317192e-05	1
19	rs73570653	58832874	0	5.680762e-04	7.043669e-05	1
19	rs73570658	58834522	0	2.669958e-04	3.317192e-05	1
19	rs73570691	58841364	0	3.021152e-04	3.866727e-05	1
19	rs73570694	58841515	0	3.021152e-04	3.866727e-05	1
19	rs73572621	58845441	0	3.021152e-04	3.866727e-05	1
19	rs73572630	58847132	0	5.138714e-04	6.744424e-05	1
19	rs73572641	58852541	0	3.021152e-04	3.866726e-05	1
19	rs7359845	58831819	0	5.671906e-04	6.971245e-05	1
19	rs7359922	58830261	0	5.671906e-04	6.971245e-05	1
19	rs73939627	58848734	0	1.072615e-04	1.375671e-05	1
19	rs7408188	58939389	0	8.793492e-04	9.353211e-05	1
19	rs7409473	58939165	0	8.793492e-04	9.353209e-05	1
19	rs74357328	58550617	0	-5.937635e-04	-8.458820e-05	1
19	rs74414988	58524349	0	-2.475840e-04	-3.172933e-05	1
19	rs74496797	58749776	0	-4.737929e-04	-6.396174e-05	1
19	rs74625788	58757001	0	-4.737929e-04	-6.396174e-05	1
19	rs74733770	59027672	0	2.862143e-04	3.909742e-05	1
19	rs74815034	58658965	0	-1.176676e-03	-1.454410e-04	1
19	rs74831398	58919814	0	-5.659632e-04	-7.879826e-05	1
19	rs75072205	58755366	0	-3.878368e-04	-5.184566e-05	1
19	rs7507609	58611111	0	-9.549461e-04	-1.032854e-04	1
19	rs7508106	58876115	0	-3.371890e-04	-4.490003e-05	1
19	rs751745	58722129	0	5.155719e-04	7.259799e-05	1
19	rs75196460	58952297	0	-8.583170e-04	-1.242443e-04	1
19	rs75217180	59055112	0	-4.391106e-04	-5.641051e-05	1
19	rs753530	58632768	0	4.251973e-04	5.041560e-05	1
19	rs75597	58720236	0	5.562745e-05	7.070411e-06	1
19	rs75672965	59063157	0	-6.400088e-04	-8.986024e-05	1
19	rs75814085	58993994	0	-4.970021e-04	-6.680226e-05	1
19	rs75904835	58810044	0	2.085594e-04	2.829699e-05	1
19	rs75999937	58924419	0	2.263993e-04	3.156162e-05	1
19	rs76652149	58524660	0	-2.475840e-04	-3.172933e-05	1
19	rs76783065	59075668	0	1.726171e-04	2.351984e-05	1
19	rs76795181	58684319	0	-1.046470e-04	-1.463376e-05	1
19	rs76798942	58653114	0	7.016141e-04	8.540177e-05	1
19	rs76938992	58877357	0	-3.822792e-04	-5.322402e-05	1
19	rs76958646	58562357	0	-4.422231e-04	-6.060534e-05	1
19	rs76963345	58743142	0	4.814829e-04	6.663093e-05	1
19	rs77101457	59076912	0	8.023181e-04	1.099629e-04	1
19	rs77140992	58521189	0	-2.475840e-04	-3.172932e-05	1
19	rs77193614	58820450	0	1.222743e-03	1.755523e-04	1
19	rs77222313	58533610	0	-1.334688e-04	-1.699921e-05	1
19	rs77235242	58929230	0	-8.592012e-05	-1.192743e-05	1
19	rs77262558	58684431	0	-4.094025e-04	-5.601816e-05	1
19	rs77358356	59065154	0	1.726171e-04	2.351984e-05	1
19	rs77377117	58742665	0	2.076884e-04	2.809073e-05	1
19	rs77498029	58993254	0	-2.112544e-04	-2.499549e-05	1
19	rs77537775	59083268	0	2.352346e-04	3.258022e-05	1
19	rs77659740	59056991	0	-4.908343e-04	-6.783834e-05	1
19	rs77688534	59043748	0	-5.066832e-04	-7.035502e-05	1
19	rs77755501	58915005	0	-3.438099e-04	-4.554435e-05	1
19	rs77999299	59095570	0	-5.066832e-04	-7.035502e-05	1
19	rs78202231	58668413	0	-4.757781e-04	-6.608533e-05	1
19	rs78282402	59008259	0	2.121274e-04	2.925384e-05	1
19	rs78282479	58682941	0	-3.066613e-04	-4.031328e-05	1
19	rs78293168	58755872	0	-4.737929e-04	-6.396174e-05	1
19	rs78397785	59080070	0	-5.066832e-04	-7.035502e-05	1
19	rs78487872	58855393	0	-1.760594e-04	-2.458171e-05	1
19	rs78560062	58662212	0	3.773559e-04	4.459049e-05	1
19	rs78604285	58712758	0	-3.444831e-04	-4.702321e-05	1
19	rs78664025	58695007	0	1.970852e-04	2.672881e-05	1
19	rs78968038	58658294	0	6.566861e-04	7.384773e-05	1
19	rs7910	59093464	0	-2.905933e-04	-2.998394e-05	1
19	rs79132177	58701780	0	-5.522895e-04	-7.271051e-05	1
19	rs79135878	58642383	0	-4.757781e-04	-6.608533e-05	1
19	rs79192210	58561312	0	3.605317e-04	5.046562e-05	1
19	rs79208032	58556652	0	-1.602819e-03	-2.286962e-04	1
19	rs79222418	58664418	0	-1.051492e-03	-1.335522e-04	1
19	rs79259289	58752257	0	6.992878e-04	8.319649e-05	1
19	rs79282983	58898840	0	-5.231167e-04	-6.737865e-05	1
19	rs79287592	58789765	0	4.066579e-04	5.512665e-05	1
19	rs79463936	58755254	0	-3.878368e-04	-5.184566e-05	1
19	rs79481083	58820403	0	1.214399e-03	1.748615e-04	1
19	rs79562691	58745897	0	-2.191783e-04	-3.076038e-05	1
19	rs79639614	59070578	0	-8.999688e-04	-1.233250e-04	1
19	rs79894507	58699453	0	-3.444831e-04	-4.702321e-05	1
19	rs79955355	58665816	0	-2.433141e-04	-3.369206e-05	1
19	rs80090318	58702017	0	-5.522895e-04	-7.271051e-05	1
19	rs80153933	58526696	0	-3.844058e-04	-4.941782e-05	1
19	rs80298408	58807275	0	-8.931890e-05	-1.219459e-05	1
19	rs80320621	58816329	0	9.020384e-04	1.233311e-04	1
19	rs80330258	59010439	0	-2.866023e-04	-3.966453e-05	1
19	rs8099852	58895221	0	-2.089702e-04	-2.161392e-05	1
19	rs8100253	59087479	0	3.123013e-04	3.878221e-05	1
19	rs8100259	58932360	0	3.081457e-05	3.486816e-06	1
19	rs8100276	58534236	0	2.372570e-04	2.898116e-05	1
19	rs8100534	58534484	0	2.372570e-04	2.898116e-05	1
19	rs8100738	58581904	0	-3.423697e-04	-3.601918e-05	1
19	rs8100801	58892060	0	1.765330e-04	2.246473e-05	1
19	rs8101391	58892524	0	-1.268352e-04	-1.673636e-05	1
19	rs8102157	58589599	0	1.308453e-03	1.641407e-04	1
19	rs8102402	58892672	0	-1.268352e-04	-1.673636e-05	1
19	rs8102457	58926008	0	1.267166e-03	1.563299e-04	1
19	rs8102541	59091380	0	-2.117957e-04	-2.175269e-05	1
19	rs8103813	59072684	0	1.260890e-04	1.449195e-05	1
19	rs8103853	58577762	0	1.394409e-03	1.780631e-04	1
19	rs8104061	58795986	0	-1.664969e-04	-1.826713e-05	1
19	rs8104221	58905109	0	-4.531116e-04	-5.014562e-05	1
19	rs8104276	58603983	0	1.907943e-04	2.126392e-05	1
19	rs8105044	58796805	0	-4.055477e-04	-4.229868e-05	1
19	rs8105799	58761585	0	-1.026607e-03	-1.148399e-04	1
19	rs8105906	58791636	0	1.292253e-04	1.732875e-05	1
19	rs8105935	58821088	0	1.222743e-03	1.755523e-04	1
19	rs8106345	58888317	0	-6.294193e-04	-6.586504e-05	1
19	rs8106379	59094136	0	5.736592e-04	7.476561e-05	1
19	rs8106477	58888441	0	-8.948574e-04	-9.800576e-05	1
19	rs8107581	58809154	0	2.829746e-04	2.870174e-05	1
19	rs8107931	58636461	0	7.026299e-04	8.619251e-05	1
19	rs8108238	58757968	0	-4.737929e-04	-6.396174e-05	1
19	rs8108371	58730394	0	-1.585546e-04	-2.106948e-05	1
19	rs8108493	58730489	0	1.518680e-04	2.048036e-05	1
19	rs8109093	58833871	0	5.680762e-04	7.043665e-05	1
19	rs8109275	58629878	0	4.251973e-04	5.041561e-05	1
19	rs8109359	58629914	0	4.251973e-04	5.041560e-05	1
19	rs8109471	58621794	0	7.026299e-04	8.619251e-05	1
19	rs8109694	58621307	0	8.483150e-04	1.072131e-04	1
19	rs8109925	58623323	0	7.026299e-04	8.619250e-05	1
19	rs8109932	58903466	0	-1.105322e-04	-1.150844e-05	1
19	rs8109937	58584643	0	-3.423697e-04	-3.601919e-05	1
19	rs8110117	58600626	0	-2.015787e-04	-2.288913e-05	1
19	rs8110135	58998464	0	1.034282e-03	1.218993e-04	1
19	rs8110249	58824237	0	4.169704e-04	5.129341e-05	1
19	rs8110595	59095126	0	3.011275e-04	3.112227e-05	1
19	rs8110941	58824163	0	2.417192e-04	2.949588e-05	1
19	rs8111222	58750413	0	-1.042456e-03	-1.174677e-04	1
19	rs8111238	58667076	0	7.622258e-04	8.675818e-05	1
19	rs8111301	58750326	0	-4.737929e-04	-6.396174e-05	1
19	rs8111498	58749994	0	-1.963603e-04	-2.598379e-05	1
19	rs8112286	58752391	0	-4.452567e-04	-5.935080e-05	1
19	rs8112340	58759679	0	-6.855491e-04	-9.367015e-05	1
19	rs8112556	58886459	0	-7.883113e-05	-1.036118e-05	1
19	rs8113810	58932106	0	8.793492e-04	9.353200e-05	1
19	rs873104	59065952	0	2.242838e-05	2.463464e-06	1
19	rs877796	58753615	0	-9.434193e-04	-1.317227e-04	1
19	rs877797	58753649	0	-4.737929e-04	-6.396175e-05	1
19	rs880162	59013134	0	9.939504e-04	1.168498e-04	1
19	rs882609	58991479	0	1.285953e-03	1.504539e-04	1
19	rs882610	58991900	0	1.372810e-03	1.749331e-04	1
19	rs889158	58601981	0	1.881273e-04	1.954064e-05	1
19	rs889159	58584522	0	-1.925118e-04	-2.004420e-05	1
19	rs889160	58584434	0	1.233519e-03	1.515026e-04	1
19	rs889161	58584324	0	-3.423697e-04	-3.601920e-05	1
19	rs893179	58899056	0	-1.333180e-04	-1.386159e-05	1
19	rs893180	58865091	0	-1.370876e-04	-1.746239e-05	1
19	rs893181	58865082	0	-1.370876e-04	-1.746238e-05	1
19	rs893182	58865068	0	-1.370876e-04	-1.746238e-05	1
19	rs893183	58865054	0	-1.362021e-04	-1.730567e-05	1
19	rs893184	58864479	0	-1.362021e-04	-1.730567e-05	1
19	rs893185	58989495	0	9.268780e-04	1.024727e-04	1
19	rs893186	58969179	0	1.065887e-03	1.168382e-04	1
19	rs893187	58963018	0	8.529586e-05	9.558383e-06	1
19	rs893188	58962958	0	2.860634e-04	3.207924e-05	1
19	rs895374	59066918	0	2.474546e-04	2.556374e-05	1
19	rs918544	58620103	0	7.026299e-04	8.619251e-05	1
19	rs918545	58620068	0	7.026299e-04	8.619251e-05	1
19	rs922929	58734596	0	1.762986e-04	2.201932e-05	1
19	rs922931	58734749	0	4.537312e-04	5.743031e-05	1
19	rs9304813	58931557	0	9.856342e-04	1.073227e-04	1
19	rs9304814	58951811	0	1.256976e-03	1.432631e-04	1
19	rs933670	58619847	0	5.559866e-04	7.141097e-05	1
19	rs9636162	59019452	0	3.630954e-04	4.937080e-05	1
19	rs9676281	58756728	0	-4.896418e-04	-6.688759e-05	1
19	rs9676287	58756655	0	-4.737929e-04	-6.396175e-05	1
19	rs9676487	58756869	0	-4.896418e-04	-6.688759e-05	1
19	rs971711	58632872	0	8.483150e-04	1.072131e-04	1
19	rs9749456	58882192	0	-9.157183e-04	-9.856718e-05	1
19	rs975947	58898193	0	5.346643e-04	5.536315e-05	1
19	rs9797792	59019531	0	-1.884489e-04	-2.142536e-05	1
19	rs9941466	58945962	0	3.047551e-04	4.116459e-05	1
