chr	rs	ps	n_miss	b	beta	gamma
17	rs1006149	3945278	0	-9.715841e-05	-1.909088e-06	1
17	rs1006954	3947533	0	6.732113e-04	1.328894e-05	1
17	rs1043587	4067552	0	-3.037385e-04	-6.081537e-06	1
17	rs1043592	4067315	0	-5.518155e-04	-1.101880e-05	1
17	rs10438721	4363062	0	-4.542544e-04	-8.928961e-06	1
17	rs1045738	4172943	0	7.290579e-04	1.409207e-05	1
17	rs1045845	4441885	0	-9.007649e-05	-1.731030e-06	1
17	rs1049523	4060482	0	-1.547170e-04	-2.981123e-06	1
17	rs10521127	3978268	0	2.445267e-04	4.751845e-06	1
17	rs10521129	4008820	0	4.941688e-04	9.634299e-06	1
17	rs10521130	4110024	0	-4.591958e-04	-8.814335e-06	1
17	rs1052617	3909404	0	6.781481e-05	1.290362e-06	1
17	rs10775383	4075158	0	-2.046618e-04	-3.916418e-06	1
17	rs10852863	4453815	0	5.158691e-04	1.011399e-05	1
17	rs1105936	3910613	0	1.759907e-04	3.392669e-06	1
17	rs11078481	4027036	0	-4.297984e-04	-8.366928e-06	1
17	rs11078482	4028700	0	-4.297984e-04	-8.366926e-06	1
17	rs11078483	4049484	0	-2.222659e-04	-4.291829e-06	1
17	rs11078484	4055828	0	-4.975436e-04	-9.804144e-06	1
17	rs11078485	4141536	0	-1.792409e-04	-3.433213e-06	1
17	rs11078490	4154426	0	2.091924e-04	4.029486e-06	1
17	rs11078491	4156190	0	-1.531745e-04	-3.029463e-06	1
17	rs11078493	4182724	0	2.351076e-04	4.501173e-06	1
17	rs11078499	4273231	0	-4.080189e-04	-7.892778e-06	1
17	rs11078500	4275246	0	-3.482897e-04	-6.733751e-06	1
17	rs11078505	4315504	0	-3.724687e-04	-7.127613e-06	1
17	rs11078508	4334113	0	-6.263638e-04	-1.213791e-05	1
17	rs11078512	4398442	0	9.722306e-05	1.886741e-06	1
17	rs111227323	4021915	0	-6.612021e-04	-1.319390e-05	1
17	rs111473646	4296640	0	-3.909396e-04	-7.820999e-06	1
17	rs111597737	4433823	0	4.675749e-04	9.305337e-06	1
17	rs111645294	4300871	0	-2.382696e-04	-4.732473e-06	1
17	rs111812018	4311151	0	-2.269078e-04	-4.540700e-06	1
17	rs111838059	4021775	0	-6.612021e-04	-1.319390e-05	1
17	rs111903374	4300013	0	-2.492544e-04	-4.977382e-06	1
17	rs111932923	4031702	1	5.798909e-04	1.141084e-05	1
17	rs112035964	4384513	0	2.857649e-04	5.736863e-06	1
17	rs112042428	4148156	0	2.969360e-05	5.933585e-07	1
17	rs112117734	4031737	0	5.002966e-04	9.847561e-06	1
17	rs112169510	4076997	0	7.154084e-05	1.430439e-06	1
17	rs112273575	4063535	1	4.997757e-04	9.845024e-06	1
17	rs112325941	4310222	0	-1.049647e-04	-1.998414e-06	1
17	rs112404978	4097333	1	-4.216235e-05	-8.436356e-07	1
17	rs112542351	4114542	0	4.387064e-05	8.770168e-07	1
17	rs112550681	4381077	0	2.857649e-04	5.736863e-06	1
17	rs112593168	4328747	0	-2.881648e-05	-5.605618e-07	1
17	rs112663348	4062570	0	6.597283e-04	1.300965e-05	1
17	rs112693225	4324564	0	2.573780e-05	5.109120e-07	1
17	rs112702345	4311214	1	-3.548775e-04	-7.124175e-06	1
17	rs112766826	4030423	0	-6.675543e-04	-1.331716e-05	1
17	rs112799678	4324569	0	-2.531993e-05	-4.930442e-07	1
17	rs113165274	4312475	0	-2.695879e-04	-5.405097e-06	1
17	rs113369742	4023347	0	-2.119942e-04	-4.235231e-06	1
17	rs113547729	4024824	0	-2.119942e-04	-4.235231e-06	1
17	rs113565276	4328200	0	5.688704e-04	1.116693e-05	1
17	rs113615473	4381008	0	2.857649e-04	5.736863e-06	1
17	rs113672542	4031504	0	-6.675543e-04	-1.331716e-05	1
17	rs113705749	4009653	0	-8.297306e-05	-1.648345e-06	1
17	rs113709670	3888546	0	6.441873e-05	1.289183e-06	1
17	rs113757819	4423564	0	-1.060194e-03	-2.146041e-05	1
17	rs113872668	4372126	1	4.611410e-04	9.232657e-06	1
17	rs113872868	4125005	0	2.969360e-05	5.933580e-07	1
17	rs113979411	4298658	0	-3.909396e-04	-7.820998e-06	1
17	rs114022201	4345073	0	-3.216733e-04	-6.313762e-06	1
17	rs114238398	4071727	0	-5.109049e-04	-1.019018e-05	1
17	rs114267571	4347650	0	-4.629811e-04	-9.108526e-06	1
17	rs114488390	4345188	0	-3.216733e-04	-6.313761e-06	1
17	rs114582898	4046268	0	-5.795636e-04	-1.154680e-05	1
17	rs115347706	4324744	0	2.573780e-05	5.109128e-07	1
17	rs115923090	3906503	0	-3.575872e-04	-7.109742e-06	1
17	rs116058147	4325285	0	2.573780e-05	5.109130e-07	1
17	rs116168544	3875957	0	-3.647305e-04	-7.238477e-06	1
17	rs11649789	4415826	0	1.065129e-03	2.088445e-05	1
17	rs11649854	4158788	0	2.372756e-04	4.546786e-06	1
17	rs11649893	4449710	0	2.829270e-04	5.532045e-06	1
17	rs11649972	4063196	0	-8.449711e-04	-1.655782e-05	1
17	rs11650023	4012850	0	-2.627652e-04	-5.019297e-06	1
17	rs11650544	4398544	0	2.473107e-04	4.807373e-06	1
17	rs11650720	4127360	0	-1.924491e-04	-3.680223e-06	1
17	rs11650792	4136273	0	-1.653519e-04	-3.165322e-06	1
17	rs11651767	4073398	0	-6.609554e-04	-1.270141e-05	1
17	rs11652060	4010412	0	-2.627652e-04	-5.019294e-06	1
17	rs11652102	4426379	0	5.824204e-05	1.144016e-06	1
17	rs11652131	4328959	0	4.357102e-04	8.313974e-06	1
17	rs11652554	4338964	0	-1.023839e-04	-1.965470e-06	1
17	rs11652572	4052449	0	-6.640605e-05	-1.326302e-06	1
17	rs11652848	4421557	0	8.722706e-04	1.712598e-05	1
17	rs11652928	4150841	0	1.518572e-05	2.966657e-07	1
17	rs11653163	4025501	0	3.084751e-05	5.931053e-07	1
17	rs11653420	4370833	0	-7.374936e-04	-1.457148e-05	1
17	rs11654273	4179756	0	2.351076e-04	4.501179e-06	1
17	rs11654774	4252684	0	1.633791e-05	3.283092e-07	1
17	rs11655342	4356375	0	2.904878e-04	5.557558e-06	1
17	rs11656547	4417258	0	1.262207e-03	2.488632e-05	1
17	rs11656664	4202177	0	2.351076e-04	4.501179e-06	1
17	rs11656703	4329052	0	4.357102e-04	8.313972e-06	1
17	rs11656838	4417251	0	5.875581e-04	1.145001e-05	1
17	rs11657001	4028148	0	-4.297984e-04	-8.366916e-06	1
17	rs11657464	4400333	0	5.467352e-05	1.049537e-06	1
17	rs11657568	4335621	0	-6.820512e-04	-1.324355e-05	1
17	rs11657779	4335389	0	-7.697332e-04	-1.497471e-05	1
17	rs11657818	4335480	0	-6.532347e-04	-1.286534e-05	1
17	rs11657923	4418339	0	1.445607e-03	2.873806e-05	1
17	rs11658341	4037173	0	3.084751e-05	5.931064e-07	1
17	rs11658367	4138553	0	1.518572e-05	2.966677e-07	1
17	rs11658574	4309543	0	2.050138e-04	3.901609e-06	1
17	rs116924511	4285389	0	6.681415e-04	1.343696e-05	1
17	rs117002379	4309214	0	-6.439618e-05	-1.287005e-06	1
17	rs117056846	4419742	0	4.093684e-04	8.195353e-06	1
17	rs117069347	4416869	0	-6.110742e-05	-1.214539e-06	1
17	rs117070722	4375096	0	-2.570874e-04	-5.090061e-06	1
17	rs117086361	4325280	0	2.573780e-05	5.109158e-07	1
17	rs117128211	4458515	0	-1.627290e-04	-3.258472e-06	1
17	rs117177350	4355336	0	-1.183333e-04	-2.335694e-06	1
17	rs117269830	4289767	0	-5.747920e-04	-1.157842e-05	1
17	rs117435079	4343676	0	4.071009e-04	8.068557e-06	1
17	rs117442243	4421937	0	-8.532507e-04	-1.721101e-05	1
17	rs117465610	4355362	0	-1.183333e-04	-2.335694e-06	1
17	rs117501868	4069900	0	3.210274e-04	6.384771e-06	1
17	rs117516148	4078547	0	-6.150762e-04	-1.229613e-05	1
17	rs117535725	4342392	0	-1.199965e-04	-2.358506e-06	1
17	rs117634650	4216715	0	4.263674e-04	8.508059e-06	1
17	rs117693734	3903503	0	-3.575872e-04	-7.109742e-06	1
17	rs117695160	4217345	0	-6.238996e-04	-1.257190e-05	1
17	rs117737945	4356713	0	-2.947249e-04	-5.837168e-06	1
17	rs117738178	4020432	0	-1.479496e-04	-2.961340e-06	1
17	rs117750063	3964462	0	-1.517524e-05	-3.039877e-07	1
17	rs117770728	4332978	0	-6.119201e-04	-1.220789e-05	1
17	rs117775285	3956130	0	-2.490571e-04	-4.990164e-06	1
17	rs117790724	4458635	0	-6.079107e-04	-1.222838e-05	1
17	rs117810464	3954731	0	-7.703697e-04	-1.546549e-05	1
17	rs117847045	4325296	0	2.573780e-05	5.109164e-07	1
17	rs117892910	4459400	0	1.215529e-04	2.435282e-06	1
17	rs117931419	4312892	0	3.279259e-04	6.549271e-06	1
17	rs117974600	4347022	0	1.743671e-04	3.473506e-06	1
17	rs117992185	3888227	0	-6.093558e-04	-1.219795e-05	1
17	rs118017571	3921118	0	5.463702e-04	1.087397e-05	1
17	rs118055580	4343451	0	1.376293e-05	2.741934e-07	1
17	rs118102462	4379585	0	2.138563e-04	4.267622e-06	1
17	rs118107953	4425216	0	-7.642124e-04	-1.539052e-05	1
17	rs118109300	4419689	0	-8.532507e-04	-1.721101e-05	1
17	rs118123280	4060233	0	5.804890e-04	1.167715e-05	1
17	rs118135015	4038175	0	-2.522397e-04	-5.048949e-06	1
17	rs118154138	3918942	0	1.975412e-04	3.954838e-06	1
17	rs118180354	4305660	0	-4.137764e-04	-8.296469e-06	1
17	rs11867484	3905251	0	2.343776e-04	4.535934e-06	1
17	rs11868068	4185327	0	-1.817654e-04	-3.505905e-06	1
17	rs11868330	3922422	0	9.360748e-04	1.854935e-05	1
17	rs11868498	4213245	0	-1.196822e-04	-2.306381e-06	1
17	rs11868923	4032748	0	6.300183e-04	1.240282e-05	1
17	rs11870158	4233359	0	-1.196822e-04	-2.306381e-06	1
17	rs11870809	4128478	0	-1.951040e-05	-3.823743e-07	1
17	rs11870828	3872976	0	3.214714e-04	6.243444e-06	1
17	rs11871473	3871323	0	5.159575e-04	9.931942e-06	1
17	rs11871538	3946835	0	6.732113e-04	1.328893e-05	1
17	rs12103497	4415942	0	1.455096e-03	2.963519e-05	1
17	rs12103847	4405619	0	1.186816e-03	2.376941e-05	1
17	rs12449512	4324361	0	-6.585808e-04	-1.265077e-05	1
17	rs12450394	4216874	0	-4.741159e-05	-9.481698e-07	1
17	rs12450845	3972784	0	-2.723110e-04	-5.303033e-06	1
17	rs12450955	4077980	0	5.590695e-04	1.094370e-05	1
17	rs12451492	4105059	0	1.776858e-04	3.546040e-06	1
17	rs12452393	3985427	0	2.479917e-04	4.819230e-06	1
17	rs12452569	4023667	2	3.639887e-04	7.090760e-06	1
17	rs12453376	4032785	0	2.069083e-04	4.024986e-06	1
17	rs12453576	3881293	0	-7.053087e-05	-1.373240e-06	1
17	rs12453798	4017079	0	5.005210e-04	9.760027e-06	1
17	rs12453940	4235975	0	6.438237e-05	1.241079e-06	1
17	rs12600470	4191323	0	2.666097e-04	5.101523e-06	1
17	rs12600527	4214543	0	2.883149e-04	5.526361e-06	1
17	rs12600640	4398389	0	6.168959e-05	1.201753e-06	1
17	rs12600975	4177336	0	2.351076e-04	4.501180e-06	1
17	rs12601473	4326040	0	2.573780e-05	5.109168e-07	1
17	rs12601629	4150480	0	2.092416e-04	4.033786e-06	1
17	rs12601630	4335080	0	-4.123743e-05	-8.055994e-07	1
17	rs12601771	4108822	0	-2.801667e-04	-5.364359e-06	1
17	rs12601877	4388610	0	-1.216523e-04	-2.418097e-06	1
17	rs12601931	3986097	0	-1.712035e-04	-3.329757e-06	1
17	rs12601956	4312066	0	4.422076e-04	8.721395e-06	1
17	rs12601993	4151421	0	5.721999e-05	1.096887e-06	1
17	rs12602232	4394552	0	-1.682169e-04	-3.344483e-06	1
17	rs12602456	4273483	0	8.783932e-05	1.695592e-06	1
17	rs12602653	4336811	0	-2.176290e-04	-4.283069e-06	1
17	rs12602873	4333976	0	-4.123743e-05	-8.055989e-07	1
17	rs12602879	4133394	0	-2.834121e-04	-5.431948e-06	1
17	rs12603448	3949934	0	-2.516649e-04	-4.896497e-06	1
17	rs12603519	4458790	0	5.743663e-04	1.145866e-05	1
17	rs12603692	4213217	0	2.351076e-04	4.501182e-06	1
17	rs12709336	4145818	0	2.092416e-04	4.033784e-06	1
17	rs12709337	4203284	0	-3.069777e-04	-5.923905e-06	1
17	rs12935850	4056003	0	-1.547170e-04	-2.981106e-06	1
17	rs12936047	3870672	0	3.497876e-04	6.893872e-06	1
17	rs12936490	4129614	0	6.046334e-04	1.167872e-05	1
17	rs12937318	4212594	0	-6.759871e-05	-1.354510e-06	1
17	rs12937366	4301026	2	4.663790e-04	9.139979e-06	1
17	rs12937759	4245305	0	-2.351076e-04	-4.501183e-06	1
17	rs12938597	3961200	0	-2.003921e-04	-3.901554e-06	1
17	rs12938796	4044343	0	-1.044121e-04	-2.036297e-06	1
17	rs12939302	4131801	0	-1.605979e-04	-3.072165e-06	1
17	rs12939483	3903734	0	6.317027e-04	1.261505e-05	1
17	rs12939728	4035841	0	6.427517e-04	1.236257e-05	1
17	rs12939802	3933904	0	-2.516649e-04	-4.896496e-06	1
17	rs12940450	4063734	0	4.994481e-05	9.774878e-07	1
17	rs12940782	3992712	0	2.069083e-04	4.024986e-06	1
17	rs12941363	4065623	0	2.691594e-04	5.264761e-06	1
17	rs12941687	4298387	0	6.487801e-04	1.276046e-05	1
17	rs12942345	3951712	0	5.339657e-04	1.063497e-05	1
17	rs12942513	4016721	0	8.479075e-05	1.657087e-06	1
17	rs12942675	3952474	0	-2.820532e-05	-5.433831e-07	1
17	rs12942967	3921834	0	9.053140e-05	1.771287e-06	1
17	rs12943517	4083923	0	9.360549e-04	1.826778e-05	1
17	rs12944289	4254687	0	-6.759871e-05	-1.354510e-06	1
17	rs12944366	4298248	0	7.564034e-06	1.368728e-07	1
17	rs12944876	4145774	0	4.788950e-05	9.190100e-07	1
17	rs12945048	4159244	0	5.848990e-04	1.132998e-05	1
17	rs12945381	4064164	0	-7.635463e-04	-1.492024e-05	1
17	rs12945402	4214268	0	-1.196822e-04	-2.306385e-06	1
17	rs12945537	3895701	0	-7.467432e-05	-1.448795e-06	1
17	rs12945710	4316617	0	-2.481109e-04	-4.862929e-06	1
17	rs12945901	4300998	0	3.842724e-04	7.515039e-06	1
17	rs12946187	4301082	0	1.313150e-04	2.554790e-06	1
17	rs12947172	4035834	4	3.463816e-04	6.741388e-06	1
17	rs12947597	3999199	0	1.027371e-04	2.001005e-06	1
17	rs12948116	4117988	0	5.822866e-05	1.145170e-06	1
17	rs12948298	4092968	6	8.205010e-05	1.646276e-06	1
17	rs12948775	4094658	0	-5.498557e-05	-1.084387e-06	1
17	rs12950048	4215748	0	-2.238535e-04	-4.321160e-06	1
17	rs12950310	4001980	0	2.069083e-04	4.024986e-06	1
17	rs12950597	4329138	0	4.357102e-04	8.313968e-06	1
17	rs12950730	3994225	0	-2.088219e-04	-4.073688e-06	1
17	rs12951359	3921731	0	-1.734343e-05	-3.312708e-07	1
17	rs12951812	4362164	0	-5.898660e-04	-1.162629e-05	1
17	rs12952341	4385503	0	-2.187007e-03	-4.486085e-05	1
17	rs13341034	3926828	0	8.319036e-04	1.646092e-05	1
17	rs13341876	3950979	0	6.732113e-04	1.328892e-05	1
17	rs1351231	4433600	0	-3.089922e-04	-6.027753e-06	1
17	rs1377807	4045440	0	6.782327e-04	1.311371e-05	1
17	rs137947024	3943227	0	7.884805e-06	1.571765e-07	1
17	rs137993560	4372634	0	-1.183333e-04	-2.335693e-06	1
17	rs138187943	4040896	0	3.601598e-04	7.155643e-06	1
17	rs138231393	4448104	0	2.358749e-04	4.733767e-06	1
17	rs139138840	4346428	0	-3.216733e-04	-6.313757e-06	1
17	rs139309121	4325179	0	2.573780e-05	5.109185e-07	1
17	rs139772280	4026282	0	6.300183e-04	1.240281e-05	1
17	rs139950483	4249759	0	-4.280334e-04	-8.523161e-06	1
17	rs140394255	4327983	0	-2.881648e-05	-5.605545e-07	1
17	rs140668956	4056318	0	-5.109049e-04	-1.019018e-05	1
17	rs140697574	4327899	0	-2.881648e-05	-5.605542e-07	1
17	rs140745447	4000428	0	-6.612021e-04	-1.319390e-05	1
17	rs141174280	4203791	0	3.692527e-04	7.354905e-06	1
17	rs141182408	3875001	0	-5.029507e-04	-1.001184e-05	1
17	rs141604101	3893682	0	5.463702e-04	1.087397e-05	1
17	rs141662791	3869489	0	2.588084e-04	5.056997e-06	1
17	rs141674900	3896132	0	2.904050e-04	5.777749e-06	1
17	rs141879116	4055069	0	-5.109049e-04	-1.019018e-05	1
17	rs142244708	4346515	0	-3.216733e-04	-6.313757e-06	1
17	rs142355740	4374907	0	-4.314879e-04	-8.563036e-06	1
17	rs142409219	4444591	0	-1.162715e-03	-2.360932e-05	1
17	rs142930007	3918888	0	1.737107e-04	3.376759e-06	1
17	rs143216135	4272282	0	-2.244266e-04	-4.455338e-06	1
17	rs143308033	4444597	0	-1.162715e-03	-2.360932e-05	1
17	rs143466085	3942636	0	-7.703697e-04	-1.546549e-05	1
17	rs143666030	4345688	0	-3.216733e-04	-6.313757e-06	1
17	rs1437808	4175846	0	7.290579e-04	1.409209e-05	1
17	rs144660786	3869563	0	3.921318e-04	7.722018e-06	1
17	rs144714755	4326661	0	-1.709048e-04	-3.357722e-06	1
17	rs144792379	4327303	0	9.820304e-06	1.981487e-07	1
17	rs144892035	4425426	0	-7.642124e-04	-1.539052e-05	1
17	rs145046537	4337950	0	-3.923451e-04	-7.703461e-06	1
17	rs145245010	4004004	0	-6.612021e-04	-1.319390e-05	1
17	rs145641538	4338634	0	-2.651190e-04	-5.229101e-06	1
17	rs146117260	4049703	0	-5.109049e-04	-1.019018e-05	1
17	rs146456390	4031987	0	6.300183e-04	1.240280e-05	1
17	rs146466629	4093671	0	3.567382e-04	7.101209e-06	1
17	rs146782494	4420681	0	-8.532507e-04	-1.721101e-05	1
17	rs146946310	4050886	0	-6.150762e-04	-1.229612e-05	1
17	rs147280028	4327808	0	-2.881648e-05	-5.605531e-07	1
17	rs147646464	4402190	8	6.134400e-04	1.215151e-05	1
17	rs147962622	4425430	0	-7.642124e-04	-1.539052e-05	1
17	rs148362611	3939886	0	3.657971e-04	7.337561e-06	1
17	rs148547193	4425433	0	-7.642124e-04	-1.539052e-05	1
17	rs148922258	4371217	0	-1.183333e-04	-2.335691e-06	1
17	rs149391790	4327218	0	9.820304e-06	1.981496e-07	1
17	rs149445029	4372885	0	-1.183333e-04	-2.335691e-06	1
17	rs149449768	4324665	0	2.573780e-05	5.109208e-07	1
17	rs149490652	4138057	0	2.969360e-05	5.933561e-07	1
17	rs149761001	4347170	0	-2.937274e-04	-5.765488e-06	1
17	rs150105582	4345787	0	-3.216733e-04	-6.313755e-06	1
17	rs151273548	3898800	0	-6.093558e-04	-1.219795e-05	1
17	rs16942507	3876082	0	4.969592e-04	9.816097e-06	1
17	rs16942516	3879253	0	2.240998e-04	4.415190e-06	1
17	rs16942519	3879901	0	6.895212e-04	1.355945e-05	1
17	rs16942523	3880228	0	3.085815e-04	6.082620e-06	1
17	rs16942572	4351998	0	1.054643e-03	2.096920e-05	1
17	rs16953649	3928080	0	5.463702e-04	1.087397e-05	1
17	rs16953678	3961617	0	6.300183e-04	1.240280e-05	1
17	rs16953763	4071245	0	-1.629351e-04	-3.246323e-06	1
17	rs16953766	4072707	0	7.154084e-05	1.430437e-06	1
17	rs16953837	4153580	0	5.301153e-04	1.057585e-05	1
17	rs16953866	4182859	0	-1.817654e-04	-3.505913e-06	1
17	rs16953890	4207824	0	-3.280247e-04	-6.337114e-06	1
17	rs16953929	4347470	0	-2.937274e-04	-5.765488e-06	1
17	rs17175885	3916729	0	-6.650249e-04	-1.330464e-05	1
17	rs17175962	3936043	0	7.012823e-06	1.258201e-07	1
17	rs17176065	3961854	0	-9.197868e-05	-1.839765e-06	1
17	rs17176079	3973694	0	-7.703697e-04	-1.546549e-05	1
17	rs17176181	4007650	0	-6.612021e-04	-1.319390e-05	1
17	rs17176322	4056376	0	-2.578691e-04	-4.933604e-06	1
17	rs17176350	4061278	0	-6.187798e-04	-1.236040e-05	1
17	rs17223566	4327506	0	-2.881648e-05	-5.605517e-07	1
17	rs17710668	3880546	0	-2.492005e-05	-4.795758e-07	1
17	rs17763551	3882309	0	-4.948388e-05	-9.624095e-07	1
17	rs17763879	4007691	0	-6.612021e-04	-1.319390e-05	1
17	rs17764053	4083220	0	-5.109049e-04	-1.019017e-05	1
17	rs17764245	4213583	0	-4.741159e-05	-9.481694e-07	1
17	rs17764251	4214005	0	1.769144e-04	3.390865e-06	1
17	rs180904821	4254124	0	-6.759871e-05	-1.354510e-06	1
17	rs1821860	4134119	0	3.605425e-04	6.970912e-06	1
17	rs186103539	4337940	0	-2.848918e-04	-5.587667e-06	1
17	rs1866175	4205335	0	-9.699842e-06	-1.896292e-07	1
17	rs1866176	4205445	0	2.351076e-04	4.501191e-06	1
17	rs1871348	4458302	0	3.939445e-04	7.691933e-06	1
17	rs1878331	3914729	0	6.250782e-04	1.224095e-05	1
17	rs1878332	3904446	0	1.387865e-05	2.607996e-07	1
17	rs190834298	4337941	0	-2.848918e-04	-5.587667e-06	1
17	rs1966700	4086166	0	5.590695e-04	1.094370e-05	1
17	rs1979208	4002728	0	-4.297984e-04	-8.366891e-06	1
17	rs1982177	4119994	0	-5.568121e-05	-1.060882e-06	1
17	rs1992158	4057101	0	-7.331708e-04	-1.433279e-05	1
17	rs2005251	4161649	0	2.042011e-04	3.915538e-06	1
17	rs2006757	4187324	0	-1.196822e-04	-2.306390e-06	1
17	rs2006762	4187399	0	-1.243965e-04	-2.395347e-06	1
17	rs2020118	4088291	0	6.803886e-04	1.343100e-05	1
17	rs2033742	4084033	1	-8.173305e-04	-1.571064e-05	1
17	rs2053254	4140669	0	-2.482201e-04	-4.771909e-06	1
17	rs2053255	4221236	0	-1.196822e-04	-2.306391e-06	1
17	rs2053256	4108648	0	5.504715e-04	1.062512e-05	1
17	rs2054037	4014368	0	-6.612021e-04	-1.319389e-05	1
17	rs2054038	4014391	0	4.629850e-04	8.897472e-06	1
17	rs2054040	4048206	0	-2.222659e-04	-4.291800e-06	1
17	rs2100437	4041044	0	-4.973474e-04	-9.711282e-06	1
17	rs2123842	4017434	0	6.780924e-04	1.340410e-05	1
17	rs2123844	4015214	6	-8.733763e-04	-1.753622e-05	1
17	rs2123845	3965808	0	-7.372563e-04	-1.478315e-05	1
17	rs2168018	3934238	0	-3.254396e-04	-6.213482e-06	1
17	rs2176324	3943543	0	8.408876e-05	1.616566e-06	1
17	rs2247194	3921307	0	1.244169e-04	2.369467e-06	1
17	rs2254021	3935310	0	-4.481621e-04	-8.578271e-06	1
17	rs2264857	3933025	0	-3.254396e-04	-6.213484e-06	1
17	rs2271717	3959731	0	-2.720347e-04	-5.434074e-06	1
17	rs2278524	4081975	0	8.716061e-04	1.698511e-05	1
17	rs2290437	3923115	0	-2.565965e-04	-4.981117e-06	1
17	rs2290438	3923129	0	3.902784e-04	7.612036e-06	1
17	rs2290439	3924306	0	-4.013040e-04	-7.777794e-06	1
17	rs2290440	3935875	0	7.012823e-06	1.258119e-07	1
17	rs2304585	4200262	0	-4.559792e-04	-9.079372e-06	1
17	rs2304586	4098998	0	1.150381e-03	2.260059e-05	1
17	rs2306270	4457580	0	7.848767e-04	1.561282e-05	1
17	rs2325879	4041725	0	-4.297984e-04	-8.366881e-06	1
17	rs2325880	4132016	0	2.134960e-05	4.147889e-07	1
17	rs2325881	4166804	0	2.037670e-04	3.905823e-06	1
17	rs2325901	4117072	0	5.822866e-05	1.145175e-06	1
17	rs2325978	4154730	0	2.777535e-04	5.347260e-06	1
17	rs2325988	4199284	0	-1.722006e-04	-3.312216e-06	1
17	rs2325995	4406456	0	1.062359e-03	2.107539e-05	1
17	rs2326064	4400846	0	5.235080e-04	1.010134e-05	1
17	rs2466942	3979403	0	-9.705895e-04	-1.944137e-05	1
17	rs2466944	3922203	0	2.673152e-04	5.097673e-06	1
17	rs2603025	3996964	0	3.084751e-05	5.931353e-07	1
17	rs2603027	3944768	0	-5.345275e-04	-1.023267e-05	1
17	rs2603029	3941396	0	-5.345275e-04	-1.023267e-05	1
17	rs2603034	3981837	0	1.023967e-04	1.958512e-06	1
17	rs2603037	3986314	0	1.023967e-04	1.958513e-06	1
17	rs2676266	3972900	0	-2.035042e-04	-3.888089e-06	1
17	rs2676267	3972896	0	-2.035042e-04	-3.888089e-06	1
17	rs2676275	3868171	0	2.712315e-04	5.353786e-06	1
17	rs2676276	3919981	0	1.244169e-04	2.369459e-06	1
17	rs2727060	3989968	0	3.084751e-05	5.931385e-07	1
17	rs2727061	3985832	0	1.023967e-04	1.958515e-06	1
17	rs2727062	3982348	0	9.740545e-04	1.950524e-05	1
17	rs2727064	3934101	0	-3.254396e-04	-6.213492e-06	1
17	rs2727065	3941244	0	-5.415403e-04	-1.044940e-05	1
17	rs2727067	3997843	0	3.084751e-05	5.931388e-07	1
17	rs2727072	3918585	0	-2.023022e-04	-3.885017e-06	1
17	rs2727074	3994670	0	3.084751e-05	5.931387e-07	1
17	rs2727075	3994170	0	3.084751e-05	5.931391e-07	1
17	rs28370529	4419021	0	-8.532507e-04	-1.721101e-05	1
17	rs28376285	4066947	0	-4.915873e-04	-9.726908e-06	1
17	rs28384085	3935878	0	7.012823e-06	1.258074e-07	1
17	rs28407844	4018739	0	5.886435e-04	1.162476e-05	1
17	rs28429252	4331755	0	-5.659169e-04	-1.095321e-05	1
17	rs28433411	4419600	0	-7.532864e-04	-1.516603e-05	1
17	rs28447233	4043868	0	6.300183e-04	1.240278e-05	1
17	rs28454154	4031577	0	6.300183e-04	1.240278e-05	1
17	rs28473709	4357940	0	2.319580e-04	4.588303e-06	1
17	rs28481302	4011527	0	8.479075e-05	1.657085e-06	1
17	rs28516899	3944604	0	6.732113e-04	1.328889e-05	1
17	rs28522557	4302207	0	-4.064856e-04	-8.123088e-06	1
17	rs28558625	4357824	0	2.319580e-04	4.588303e-06	1
17	rs28580153	4187011	0	4.191722e-04	8.070283e-06	1
17	rs28588075	4039187	0	6.300183e-04	1.240278e-05	1
17	rs28595873	4017153	0	6.300183e-04	1.240278e-05	1
17	rs28642705	3919948	0	9.360748e-04	1.854930e-05	1
17	rs28651755	4031518	0	6.300183e-04	1.240278e-05	1
17	rs28671390	4276124	0	-6.109708e-04	-1.181884e-05	1
17	rs28672765	3967169	0	2.609204e-05	5.109149e-07	1
17	rs28684925	4039315	1	7.705197e-04	1.522876e-05	1
17	rs28713601	3869350	1	6.837623e-05	1.312627e-06	1
17	rs28756069	4177201	0	2.351076e-04	4.501209e-06	1
17	rs2875768	4012780	0	-6.612021e-04	-1.319389e-05	1
17	rs28864167	4114196	0	4.489174e-05	8.965843e-07	1
17	rs3087605	4060579	0	7.137865e-04	1.412569e-05	1
17	rs333116	4396110	0	-3.112406e-04	-5.924931e-06	1
17	rs333126	4385616	0	-1.109085e-03	-2.157861e-05	1
17	rs333131	4382864	0	7.134936e-04	1.399502e-05	1
17	rs333132	4381748	0	6.792126e-05	1.331648e-06	1
17	rs333133	4379847	0	-2.931044e-04	-5.734829e-06	1
17	rs333134	4379578	0	9.235529e-04	1.826209e-05	1
17	rs34014959	4051592	0	2.744224e-04	5.352246e-06	1
17	rs34146634	4028939	0	-4.297984e-04	-8.366864e-06	1
17	rs34150407	4423219	0	9.020353e-04	1.776480e-05	1
17	rs34188453	4090196	0	4.541530e-04	8.774218e-06	1
17	rs34213341	4005144	0	3.963497e-04	7.727528e-06	1
17	rs34336747	4335645	0	-7.519628e-04	-1.460893e-05	1
17	rs34344004	4267225	2	-5.533454e-04	-1.067672e-05	1
17	rs34348519	4094140	0	1.180808e-03	2.321793e-05	1
17	rs34356467	3978531	0	2.479917e-04	4.819232e-06	1
17	rs34357603	4008760	0	5.005210e-04	9.760027e-06	1
17	rs34377654	3990201	0	2.005561e-04	3.900889e-06	1
17	rs34453556	3940179	0	-8.306050e-05	-1.663644e-06	1
17	rs34464833	4251344	0	-2.026066e-04	-4.017583e-06	1
17	rs34499321	4226057	0	-1.196822e-04	-2.306406e-06	1
17	rs34507364	4309446	0	2.582758e-04	5.083130e-06	1
17	rs34540447	3994413	0	2.069083e-04	4.024986e-06	1
17	rs34615715	4278871	0	-8.370033e-04	-1.631503e-05	1
17	rs34756703	4229201	0	-5.979785e-04	-1.156136e-05	1
17	rs34767676	4048572	0	2.592194e-04	5.144209e-06	1
17	rs34859684	3982628	0	3.425173e-05	6.714209e-07	1
17	rs34955193	4178080	0	2.351076e-04	4.501210e-06	1
17	rs35010221	4168656	0	-3.307194e-04	-6.522159e-06	1
17	rs35043376	4444164	0	6.481087e-04	1.273213e-05	1
17	rs35048765	4215509	0	2.351076e-04	4.501209e-06	1
17	rs35050090	4048218	0	8.802213e-05	1.719845e-06	1
17	rs35074337	4309077	0	2.172770e-04	4.138182e-06	1
17	rs35102200	4320624	0	1.746977e-04	3.437872e-06	1
17	rs35102999	3892700	0	-7.467432e-05	-1.448792e-06	1
17	rs35103069	4108063	0	-2.801667e-04	-5.364325e-06	1
17	rs35139288	4025014	0	-4.542938e-04	-8.790533e-06	1
17	rs35175562	3983927	0	1.023967e-04	1.958522e-06	1
17	rs35239906	4025837	0	5.167933e-05	1.008972e-06	1
17	rs35284780	3947588	0	2.878612e-04	5.744465e-06	1
17	rs35321558	3892909	0	-7.467432e-05	-1.448791e-06	1
17	rs35338217	4063602	1	-6.975437e-04	-1.362883e-05	1
17	rs35384808	4335636	0	-6.820512e-04	-1.324353e-05	1
17	rs35451246	4194646	2	-2.607457e-04	-5.024004e-06	1
17	rs35466443	4219014	0	-2.385935e-04	-4.605330e-06	1
17	rs35513053	4226346	0	1.176183e-04	2.259298e-06	1
17	rs35514092	4183041	2	1.460834e-04	2.827775e-06	1
17	rs35542848	4028546	0	2.626844e-04	5.214460e-06	1
17	rs35571432	4028942	0	-3.160457e-06	-5.883965e-08	1
17	rs35578550	3996470	0	-2.088219e-04	-4.073684e-06	1
17	rs35586982	4001993	0	2.069083e-04	4.024990e-06	1
17	rs35618711	4229258	0	2.746479e-04	5.320037e-06	1
17	rs35632375	4104439	0	2.330036e-04	4.487957e-06	1
17	rs35751906	4337283	0	-6.532347e-04	-1.286534e-05	1
17	rs35852805	3892563	0	-7.467432e-05	-1.448791e-06	1
17	rs35948050	3970219	0	-7.703697e-04	-1.546549e-05	1
17	rs35977026	4036528	0	-2.088219e-04	-4.073684e-06	1
17	rs36019144	3987499	0	-1.677386e-04	-3.262973e-06	1
17	rs36054194	3900280	0	-1.862685e-04	-3.610005e-06	1
17	rs373403358	4345618	1	-6.133844e-04	-1.211195e-05	1
17	rs3744671	4109722	0	2.531492e-04	5.041908e-06	1
17	rs3760193	4460445	0	-8.810478e-04	-1.738380e-05	1
17	rs3760194	4459209	0	-1.155550e-03	-2.298441e-05	1
17	rs3760471	4069735	0	4.994481e-05	9.774912e-07	1
17	rs377266567	4267686	0	-3.926133e-04	-7.801731e-06	1
17	rs3809849	4458598	0	-1.433396e-03	-2.865391e-05	1
17	rs3809850	4343197	0	-1.324768e-04	-2.604870e-06	1
17	rs3809851	4343187	0	-1.324768e-04	-2.604870e-06	1
17	rs3809852	4343150	0	-1.199965e-04	-2.358501e-06	1
17	rs3816480	4076615	0	-8.073020e-04	-1.619869e-05	1
17	rs3816689	4383790	0	3.182093e-04	6.248102e-06	1
17	rs3826518	4343265	0	-1.324768e-04	-2.604870e-06	1
17	rs3890146	4161737	0	1.000299e-04	1.918230e-06	1
17	rs3894202	3922623	0	5.205242e-04	1.012848e-05	1
17	rs3931097	4083769	0	-2.046618e-04	-3.916366e-06	1
17	rs3931098	4095696	2	3.136682e-04	6.052393e-06	1
17	rs3931099	4095741	1	1.206919e-04	2.322639e-06	1
17	rs3966810	4249467	0	5.756378e-05	1.108756e-06	1
17	rs4080245	4376663	0	2.073135e-04	3.977514e-06	1
17	rs4239044	4329809	0	4.554478e-04	8.685396e-06	1
17	rs4239045	4329942	0	4.357102e-04	8.313959e-06	1
17	rs4239046	4330947	0	4.772274e-04	9.104485e-06	1
17	rs4239047	4422090	0	8.233070e-04	1.608203e-05	1
17	rs4284685	4117199	0	4.132532e-04	7.972897e-06	1
17	rs4322703	4187940	0	-2.434895e-04	-4.700205e-06	1
17	rs4328477	4011602	0	-3.118379e-05	-6.156529e-07	1
17	rs4354990	4326494	0	-4.359261e-04	-8.505217e-06	1
17	rs4357975	4191788	0	-1.511844e-04	-2.911318e-06	1
17	rs4456561	4224840	0	-4.723795e-04	-9.107874e-06	1
17	rs4464134	4240175	0	-2.351076e-04	-4.501211e-06	1
17	rs4467121	4031256	0	6.300183e-04	1.240277e-05	1
17	rs4467138	4224736	0	-1.196822e-04	-2.306406e-06	1
17	rs4496220	4385099	0	-3.109132e-04	-5.943870e-06	1
17	rs4500776	4107098	0	7.479468e-04	1.445770e-05	1
17	rs4508454	4198650	0	3.801636e-04	7.375328e-06	1
17	rs4523991	4326508	0	-9.633863e-05	-1.852278e-06	1
17	rs4567758	4050001	1	-7.865830e-05	-1.502266e-06	1
17	rs4573968	4147047	0	2.526677e-04	4.875312e-06	1
17	rs4790167	4001389	0	4.769419e-05	9.158365e-07	1
17	rs4790168	4022457	0	3.084751e-05	5.931523e-07	1
17	rs4790169	4022665	0	3.084751e-05	5.931527e-07	1
17	rs4790171	4022899	0	3.084751e-05	5.931532e-07	1
17	rs4790175	4058337	0	-8.299934e-05	-1.594497e-06	1
17	rs4790176	4059334	0	-7.331708e-04	-1.433276e-05	1
17	rs4790185	4115617	0	-3.272958e-04	-6.273870e-06	1
17	rs4790188	4156276	0	2.372756e-04	4.546843e-06	1
17	rs4790194	4354492	0	1.479343e-03	2.930604e-05	1
17	rs4790196	4377593	0	-1.371315e-04	-2.642777e-06	1
17	rs4790197	4377947	0	5.833867e-04	1.125387e-05	1
17	rs4790198	4377979	0	1.587868e-04	3.048454e-06	1
17	rs4790201	4430209	0	4.822302e-04	9.505368e-06	1
17	rs4790551	3886083	0	-3.936424e-05	-7.879110e-07	1
17	rs4790552	3923366	0	-2.565965e-04	-4.981113e-06	1
17	rs4790553	3939189	0	-4.154217e-04	-8.050512e-06	1
17	rs4790554	3944254	0	-1.388986e-03	-2.744985e-05	1
17	rs4790557	4000419	0	3.084751e-05	5.931539e-07	1
17	rs4790559	4010478	0	-2.627652e-04	-5.019244e-06	1
17	rs4790562	4021692	0	3.084751e-05	5.931548e-07	1
17	rs4790564	4030757	0	-4.297984e-04	-8.366852e-06	1
17	rs4790566	4032762	0	-4.297984e-04	-8.366850e-06	1
17	rs4790568	4033568	0	-4.297984e-04	-8.366849e-06	1
17	rs4790573	4052969	0	-1.244468e-04	-2.400803e-06	1
17	rs4790576	4055041	0	-2.046618e-04	-3.916356e-06	1
17	rs4790579	4066404	0	-2.350373e-04	-4.495981e-06	1
17	rs4790581	4066657	0	-1.481707e-04	-2.839221e-06	1
17	rs4790587	4090060	0	-8.460943e-04	-1.636528e-05	1
17	rs4790590	4096882	0	-6.264894e-04	-1.203528e-05	1
17	rs4790592	4099519	0	1.266341e-04	2.498058e-06	1
17	rs4790594	4137919	0	-1.792409e-04	-3.433150e-06	1
17	rs4790598	4156620	0	4.414342e-04	8.497786e-06	1
17	rs4790599	4164632	0	1.331044e-04	2.549551e-06	1
17	rs4790600	4166022	0	1.000299e-04	1.918245e-06	1
17	rs4790601	4166382	0	4.694440e-04	9.040041e-06	1
17	rs4790602	4172117	0	2.351076e-04	4.501222e-06	1
17	rs4790603	4179295	0	5.790880e-04	1.143393e-05	1
17	rs4790609	4211603	0	7.102270e-04	1.369443e-05	1
17	rs4790611	4225303	0	-2.494432e-04	-4.915450e-06	1
17	rs4790613	4232084	0	-2.883149e-04	-5.526400e-06	1
17	rs4790614	4232206	0	-2.351076e-04	-4.501221e-06	1
17	rs4790618	4325475	0	-5.249645e-04	-1.025493e-05	1
17	rs4790619	4325518	0	-3.224455e-04	-6.181129e-06	1
17	rs4790620	4327958	0	2.427318e-04	4.653165e-06	1
17	rs4790621	4327990	0	2.715483e-04	5.172025e-06	1
17	rs4790622	4327993	0	2.427318e-04	4.653163e-06	1
17	rs4790624	4328415	0	-8.622560e-05	-1.660058e-06	1
17	rs4790631	4366900	0	-5.898660e-04	-1.162628e-05	1
17	rs4790632	4367793	0	-4.958325e-04	-9.755397e-06	1
17	rs4790633	4371630	0	7.798378e-04	1.542464e-05	1
17	rs4790634	4375507	0	1.313297e-04	2.567637e-06	1
17	rs4790639	4422129	0	6.165383e-04	1.203481e-05	1
17	rs4989108	4336839	0	-7.519628e-04	-1.460892e-05	1
17	rs55637058	4181636	0	2.610414e-05	5.056375e-07	1
17	rs55650132	4358500	0	-1.183333e-04	-2.335687e-06	1
17	rs55752933	4165348	0	1.331044e-04	2.549552e-06	1
17	rs55871131	4406205	0	-1.556628e-03	-3.152178e-05	1
17	rs55936016	4215901	0	2.814387e-04	5.386274e-06	1
17	rs55959226	4374738	0	-3.246428e-05	-6.358917e-07	1
17	rs56005249	4349508	0	1.962989e-03	4.048768e-05	1
17	rs56050239	4096362	0	-4.321157e-04	-8.291821e-06	1
17	rs56063404	4357484	0	-1.183333e-04	-2.335687e-06	1
17	rs56158347	4357496	0	-1.183333e-04	-2.335686e-06	1
17	rs56172839	4129908	0	4.158698e-04	8.325985e-06	1
17	rs56181316	4429042	0	-1.303690e-03	-2.615582e-05	1
17	rs56214424	4362284	0	6.201528e-04	1.209633e-05	1
17	rs56282261	4359083	0	5.252221e-04	1.021042e-05	1
17	rs56788731	4437791	0	5.157241e-04	1.025988e-05	1
17	rs56832408	4376151	0	-2.687030e-04	-5.379405e-06	1
17	rs57328648	4382896	0	-1.608281e-04	-3.219060e-06	1
17	rs57370701	4302790	0	-4.388579e-04	-8.735927e-06	1
17	rs57441567	4383364	0	-1.608281e-04	-3.219060e-06	1
17	rs57491051	4352341	0	5.181208e-05	1.033251e-06	1
17	rs57625058	3914513	0	-4.998242e-05	-9.670532e-07	1
17	rs57839296	4344945	0	-3.216733e-04	-6.313753e-06	1
17	rs57865115	3881240	0	7.404048e-04	1.454034e-05	1
17	rs58063639	3914997	0	-4.654789e-04	-9.226424e-06	1
17	rs58150038	4434471	0	-5.747222e-05	-1.136302e-06	1
17	rs58219313	4309914	0	-1.114317e-06	-1.459279e-08	1
17	rs58258896	4415972	0	-3.408843e-04	-6.541296e-06	1
17	rs58357241	3996641	0	-2.088219e-04	-4.073684e-06	1
17	rs58472777	4437477	0	5.717461e-04	1.139195e-05	1
17	rs58484379	4309901	0	-1.114317e-06	-1.459209e-08	1
17	rs58569101	3873357	0	3.173865e-04	6.164572e-06	1
17	rs58625333	4015997	0	-1.670333e-04	-3.214975e-06	1
17	rs58695167	4127581	0	-1.696172e-04	-3.238721e-06	1
17	rs58971952	4347300	0	-2.937274e-04	-5.765486e-06	1
17	rs59565187	4377767	0	-2.570874e-04	-5.090055e-06	1
17	rs59893548	4383234	0	-1.608281e-04	-3.219060e-06	1
17	rs59939764	4325418	0	2.573780e-05	5.109279e-07	1
17	rs59967373	4333499	0	-6.263638e-04	-1.213788e-05	1
17	rs60158517	4422543	0	-1.060194e-03	-2.146041e-05	1
17	rs61287301	4333579	0	-6.263638e-04	-1.213788e-05	1
17	rs61313914	3873367	0	3.173865e-04	6.164571e-06	1
17	rs61442612	3961019	0	-3.082669e-04	-6.002842e-06	1
17	rs61450748	4347378	0	-2.937274e-04	-5.765485e-06	1
17	rs62064368	4103051	0	1.789915e-04	3.566152e-06	1
17	rs62064370	4105865	1	2.395521e-04	4.609429e-06	1
17	rs62064396	4161870	0	-1.508590e-04	-2.912633e-06	1
17	rs62064453	4228947	0	4.456430e-04	8.881534e-06	1
17	rs62064454	4233907	0	4.456430e-04	8.881534e-06	1
17	rs62064861	4361443	0	5.656244e-04	1.113106e-05	1
17	rs62064882	4368843	0	-5.381766e-04	-1.059702e-05	1
17	rs62064884	4371647	0	5.656244e-04	1.113106e-05	1
17	rs62064885	4371879	0	5.656244e-04	1.113106e-05	1
17	rs62064889	4380320	0	1.007266e-03	1.993146e-05	1
17	rs62064892	4387335	0	-1.814684e-04	-3.615178e-06	1
17	rs62064958	4442088	0	-1.162715e-03	-2.360932e-05	1
17	rs62064959	4444402	0	-1.155594e-03	-2.342957e-05	1
17	rs62066097	4311089	0	-3.176564e-04	-6.073013e-06	1
17	rs62066105	4325573	0	-4.286258e-04	-8.425662e-06	1
17	rs62066107	4326664	0	2.984192e-04	5.725960e-06	1
17	rs62066136	4331497	0	-9.488092e-04	-1.832411e-05	1
17	rs62066137	4331520	0	-6.263638e-04	-1.213787e-05	1
17	rs62066138	4331541	0	-6.263638e-04	-1.213787e-05	1
17	rs62066144	4333277	0	-4.101151e-04	-8.053663e-06	1
17	rs62066148	4338514	0	-2.651190e-04	-5.229089e-06	1
17	rs62066149	4338633	0	-2.651190e-04	-5.229089e-06	1
17	rs62066150	4338832	0	3.403651e-05	6.743316e-07	1
17	rs62066154	4339956	0	-3.152581e-04	-6.207449e-06	1
17	rs62066155	4341976	0	-3.152581e-04	-6.207449e-06	1
17	rs62066360	4445085	0	-1.162715e-03	-2.360932e-05	1
17	rs62066476	4061936	0	6.597283e-04	1.300958e-05	1
17	rs62066479	4062879	0	6.597283e-04	1.300958e-05	1
17	rs62066481	4063799	0	6.597283e-04	1.300958e-05	1
17	rs62066533	4065611	0	6.901038e-04	1.359182e-05	1
17	rs62066534	4066885	0	6.901038e-04	1.359182e-05	1
17	rs62066535	4066905	0	7.054289e-04	1.389560e-05	1
17	rs62067385	4342047	0	-1.199965e-04	-2.358496e-06	1
17	rs62067386	4342092	0	-1.199965e-04	-2.358496e-06	1
17	rs62067387	4342095	0	-1.199965e-04	-2.358496e-06	1
17	rs62067388	4342621	0	-1.199965e-04	-2.358495e-06	1
17	rs62067389	4342712	0	-1.199965e-04	-2.358495e-06	1
17	rs62067396	4349200	0	-4.955771e-04	-9.801165e-06	1
17	rs62067397	4358862	0	6.443751e-04	1.274653e-05	1
17	rs62071002	3998120	0	6.300183e-04	1.240275e-05	1
17	rs62071004	4005576	0	6.300183e-04	1.240275e-05	1
17	rs62071005	4007761	0	6.300183e-04	1.240275e-05	1
17	rs62071006	4019911	0	5.886435e-04	1.162473e-05	1
17	rs62071007	4020029	0	8.734456e-04	1.725542e-05	1
17	rs62071043	4028708	0	6.300183e-04	1.240274e-05	1
17	rs62071046	4033265	0	6.300183e-04	1.240274e-05	1
17	rs62071047	4035809	0	5.203170e-04	1.022007e-05	1
17	rs62071740	3890447	0	2.703936e-04	5.382752e-06	1
17	rs62072175	4039431	0	5.881015e-04	1.155282e-05	1
17	rs62072176	4042138	0	6.300183e-04	1.240274e-05	1
17	rs62072178	4044499	0	6.300183e-04	1.240274e-05	1
17	rs62072179	4048312	0	2.744224e-04	5.352212e-06	1
17	rs62072180	4049595	0	2.744224e-04	5.352211e-06	1
17	rs62072181	4049809	0	2.744224e-04	5.352210e-06	1
17	rs62072182	4050848	0	2.744224e-04	5.352210e-06	1
17	rs62072183	4051180	0	2.744224e-04	5.352209e-06	1
17	rs62072386	3896168	0	-1.862685e-04	-3.610004e-06	1
17	rs62072388	3899567	0	-7.467432e-05	-1.448786e-06	1
17	rs62072392	3910125	0	-7.394547e-05	-1.433979e-06	1
17	rs62072397	3940464	0	7.773825e-04	1.537727e-05	1
17	rs62072400	3942678	0	7.773825e-04	1.537727e-05	1
17	rs62072401	3943503	0	6.732113e-04	1.328884e-05	1
17	rs62072434	3949459	0	6.732113e-04	1.328884e-05	1
17	rs62072435	3962848	0	6.300183e-04	1.240273e-05	1
17	rs62072436	3964118	0	1.772621e-05	3.466865e-07	1
17	rs6416879	4371070	0	5.117910e-04	1.007583e-05	1
17	rs6502762	3872264	0	6.989878e-04	1.350344e-05	1
17	rs6502763	3875816	0	7.793276e-04	1.512861e-05	1
17	rs6502764	3901502	0	1.387865e-05	2.607403e-07	1
17	rs6502765	3901814	0	6.020980e-05	1.144146e-06	1
17	rs6502766	3902163	0	-1.089048e-04	-2.109278e-06	1
17	rs6502768	3991184	0	6.300183e-04	1.240273e-05	1
17	rs6502769	4006795	0	-6.612021e-04	-1.319389e-05	1
17	rs6502770	4007314	0	4.629850e-04	8.897416e-06	1
17	rs6502771	4022299	0	6.300183e-04	1.240272e-05	1
17	rs6502773	4100591	0	2.246288e-05	4.422606e-07	1
17	rs6502777	4162694	0	-2.260215e-04	-4.355179e-06	1
17	rs6502778	4230667	0	-4.600745e-04	-8.886999e-06	1
17	rs6502779	4238324	0	-2.351076e-04	-4.501238e-06	1
17	rs6502780	4244514	0	-2.351076e-04	-4.501237e-06	1
17	rs6502782	4272893	0	-2.179482e-04	-4.170857e-06	1
17	rs6502784	4328402	0	-2.346713e-05	-4.557323e-07	1
17	rs6502785	4351345	0	2.837316e-04	5.604102e-06	1
17	rs6502786	4351396	0	3.519357e-04	6.957965e-06	1
17	rs6502787	4354257	0	1.182758e-03	2.316909e-05	1
17	rs6502788	4354348	0	1.479343e-03	2.930603e-05	1
17	rs66488531	4279489	0	-8.370033e-04	-1.631505e-05	1
17	rs66493857	4178196	0	2.351076e-04	4.501236e-06	1
17	rs67005107	3991943	0	2.069083e-04	4.024998e-06	1
17	rs67533014	3993910	0	2.069083e-04	4.024998e-06	1
17	rs67572826	4031457	0	-2.511661e-04	-4.902270e-06	1
17	rs67639913	4246638	0	6.438237e-05	1.241033e-06	1
17	rs67799070	4305758	0	4.919774e-04	9.701083e-06	1
17	rs67815988	3998312	0	2.069083e-04	4.024998e-06	1
17	rs67831913	4184856	0	2.604708e-04	5.039330e-06	1
17	rs67859719	3948091	0	-1.187783e-03	-2.337025e-05	1
17	rs68060817	3995188	0	-2.088219e-04	-4.073674e-06	1
17	rs68061490	4324035	0	-1.488973e-04	-2.903610e-06	1
17	rs711177	3926110	0	-5.259277e-04	-1.040034e-05	1
17	rs711178	3922918	0	2.490908e-06	4.353974e-08	1
17	rs71366585	3905548	0	-4.727890e-05	-9.461811e-07	1
17	rs71366590	4006685	1	2.606865e-04	5.072507e-06	1
17	rs71366593	4094695	1	1.659810e-04	3.306178e-06	1
17	rs719387	3978031	0	4.297984e-04	8.366811e-06	1
17	rs719388	3977889	0	6.780924e-04	1.340403e-05	1
17	rs7207198	3875272	0	3.459278e-04	6.739048e-06	1
17	rs7207359	4310639	0	-3.176564e-04	-6.073001e-06	1
17	rs7207552	3896807	0	-3.575872e-04	-7.109737e-06	1
17	rs7207619	3988199	0	6.300183e-04	1.240272e-05	1
17	rs7207689	4416294	0	3.425506e-04	6.560350e-06	1
17	rs7207986	3979949	0	1.769338e-04	3.441755e-06	1
17	rs7208181	3930770	0	-4.095283e-04	-7.936285e-06	1
17	rs7208304	4118649	0	-1.142668e-04	-2.182488e-06	1
17	rs7208454	3875629	0	7.793276e-04	1.512861e-05	1
17	rs7208820	4049093	0	2.744224e-04	5.352196e-06	1
17	rs7209045	3971095	0	-7.703697e-04	-1.546548e-05	1
17	rs7209439	4076406	0	7.154084e-05	1.430429e-06	1
17	rs7209818	4316478	0	-3.354095e-04	-6.576105e-06	1
17	rs7209832	3930696	0	-4.095283e-04	-7.936284e-06	1
17	rs7210336	3870786	0	8.342585e-05	1.608450e-06	1
17	rs7210596	4064529	0	-7.635463e-04	-1.492014e-05	1
17	rs7210829	4372579	0	4.543875e-04	8.937845e-06	1
17	rs7210965	4346533	0	-3.216733e-04	-6.313753e-06	1
17	rs7211078	4450823	0	-6.078799e-04	-1.182985e-05	1
17	rs7211542	4374569	0	1.947623e-04	3.814874e-06	1
17	rs7211833	4265235	0	5.679170e-05	1.093465e-06	1
17	rs7211888	3919106	0	2.068240e-04	4.022727e-06	1
17	rs7211955	4280433	0	-8.804294e-04	-1.719011e-05	1
17	rs7212079	4064776	0	6.026767e-04	1.184598e-05	1
17	rs7212158	3915151	0	-1.112867e-04	-2.127918e-06	1
17	rs7212159	3905470	0	-1.089048e-04	-2.109273e-06	1
17	rs7212168	4024640	0	5.167933e-05	1.008985e-06	1
17	rs7212203	4346955	0	-2.937274e-04	-5.765486e-06	1
17	rs7212563	4378331	0	1.962311e-05	3.813167e-07	1
17	rs7212774	4033479	0	6.300183e-04	1.240271e-05	1
17	rs7213058	3922255	0	3.267190e-04	6.365082e-06	1
17	rs7213487	3936529	0	-6.186163e-04	-1.202772e-05	1
17	rs7213504	3936554	0	-6.186163e-04	-1.202772e-05	1
17	rs7213688	3871591	0	1.661698e-04	3.213527e-06	1
17	rs7213885	4018489	0	3.963497e-04	7.727545e-06	1
17	rs7214170	4378082	0	2.540256e-04	4.882889e-06	1
17	rs7214224	4320544	0	1.480422e-04	2.840997e-06	1
17	rs7214270	4416674	0	3.425506e-04	6.560348e-06	1
17	rs7214284	4027152	0	6.300183e-04	1.240271e-05	1
17	rs7214460	3880491	0	7.467570e-04	1.467068e-05	1
17	rs7214726	4250912	0	5.620672e-04	1.112471e-05	1
17	rs7214779	4027411	0	6.300183e-04	1.240271e-05	1
17	rs7214979	3873526	0	7.129289e-04	1.415205e-05	1
17	rs7215068	3880818	0	7.404048e-04	1.454030e-05	1
17	rs7215084	3880148	0	4.731975e-04	9.066968e-06	1
17	rs7215140	3924313	0	1.820115e-04	3.534375e-06	1
17	rs7215249	4372716	0	5.357541e-04	1.055346e-05	1
17	rs7215309	4278263	0	-7.772252e-04	-1.508169e-05	1
17	rs7215742	4347121	0	-2.937274e-04	-5.765487e-06	1
17	rs7215798	4007666	0	5.005210e-04	9.760046e-06	1
17	rs7215854	4346659	0	-3.216733e-04	-6.313753e-06	1
17	rs7215974	4278664	0	-7.772252e-04	-1.508169e-05	1
17	rs7216025	4346807	0	-3.216733e-04	-6.313753e-06	1
17	rs7216130	4207243	0	-3.280247e-04	-6.337155e-06	1
17	rs7216134	4170005	0	2.351076e-04	4.501242e-06	1
17	rs7216298	4038093	0	6.300183e-04	1.240271e-05	1
17	rs7216304	4038105	0	6.300183e-04	1.240271e-05	1
17	rs7216330	4102387	0	-5.091386e-04	-9.786498e-06	1
17	rs7216360	3919479	0	1.737107e-04	3.376674e-06	1
17	rs7216444	3985116	9	6.914968e-04	1.363575e-05	1
17	rs7216966	4177649	0	-2.878919e-04	-5.550298e-06	1
17	rs7217281	4375360	0	1.313297e-04	2.567629e-06	1
17	rs7217789	3971514	0	-7.372563e-04	-1.478314e-05	1
17	rs7217919	4034292	0	7.863483e-04	1.549705e-05	1
17	rs7218401	4040529	0	-6.445572e-04	-1.287160e-05	1
17	rs7218574	4034680	0	6.300183e-04	1.240270e-05	1
17	rs7218702	3974514	0	-7.738346e-04	-1.552925e-05	1
17	rs7218837	4033565	0	6.300183e-04	1.240270e-05	1
17	rs7218900	4054051	0	7.853273e-04	1.552654e-05	1
17	rs7219103	4083599	0	6.669443e-04	1.307852e-05	1
17	rs7219132	3877483	0	8.203945e-04	1.594303e-05	1
17	rs7219165	4033741	0	6.300183e-04	1.240270e-05	1
17	rs7219372	3877971	0	4.743318e-04	9.275922e-06	1
17	rs7219437	4050138	0	5.929319e-04	1.148830e-05	1
17	rs7219694	3934278	0	7.012823e-06	1.257280e-07	1
17	rs7219904	4084029	0	7.567935e-04	1.466177e-05	1
17	rs7219998	4034456	0	6.300183e-04	1.240269e-05	1
17	rs7220006	4034471	0	6.300183e-04	1.240269e-05	1
17	rs7220105	3878021	0	4.664205e-04	9.106967e-06	1
17	rs7220306	4038120	0	6.300183e-04	1.240269e-05	1
17	rs7220337	3974430	0	6.300183e-04	1.240269e-05	1
17	rs7220497	4034713	0	6.300183e-04	1.240269e-05	1
17	rs7221387	4029647	0	6.300183e-04	1.240269e-05	1
17	rs7221452	4375342	0	1.313297e-04	2.567628e-06	1
17	rs7221546	3911450	0	6.781481e-05	1.290252e-06	1
17	rs7221574	4007543	0	5.005210e-04	9.760050e-06	1
17	rs7221595	4007594	0	5.005210e-04	9.760050e-06	1
17	rs7221723	4347887	0	9.917759e-05	1.953241e-06	1
17	rs7221959	4112549	0	2.969360e-05	5.933454e-07	1
17	rs7221995	4008352	0	6.300183e-04	1.240268e-05	1
17	rs7222167	3874854	0	5.017519e-04	9.800457e-06	1
17	rs7222362	4218344	0	-1.196822e-04	-2.306439e-06	1
17	rs7222392	4008021	0	6.300183e-04	1.240268e-05	1
17	rs7222515	4029991	0	6.300183e-04	1.240268e-05	1
17	rs7222603	4112922	0	4.387064e-05	8.770033e-07	1
17	rs7222860	4066223	0	6.901038e-04	1.359176e-05	1
17	rs7223218	3877392	0	4.743318e-04	9.275910e-06	1
17	rs7223569	3987293	0	6.300183e-04	1.240268e-05	1
17	rs7223599	4123170	0	2.626972e-04	5.052574e-06	1
17	rs7223923	3987849	0	6.300183e-04	1.240268e-05	1
17	rs7224388	4226795	0	2.638776e-04	5.077134e-06	1
17	rs7224662	4034731	0	6.300183e-04	1.240268e-05	1
17	rs7224685	4014384	0	1.130539e-03	2.208300e-05	1
17	rs7224706	4123899	0	-3.550245e-04	-6.809776e-06	1
17	rs7225422	3875210	0	3.786798e-04	7.454025e-06	1
17	rs7225453	3960620	0	-3.082669e-04	-6.002821e-06	1
17	rs7226139	4310280	0	-4.215068e-04	-8.074091e-06	1
17	rs7226289	4310386	0	-3.176564e-04	-6.072984e-06	1
17	rs72821813	4384824	0	-2.063360e-04	-4.136193e-06	1
17	rs72827365	3995572	0	6.188467e-06	1.232739e-07	1
17	rs72829375	4191295	0	-2.370244e-04	-4.736838e-06	1
17	rs72829383	4214895	0	-4.559792e-04	-9.079366e-06	1
17	rs72829385	4217151	0	-2.562441e-04	-5.132774e-06	1
17	rs72829386	4217482	0	-4.701562e-04	-9.359819e-06	1
17	rs72829388	4223213	0	-4.559792e-04	-9.079365e-06	1
17	rs72829392	4232007	0	-4.656247e-04	-9.269387e-06	1
17	rs72829396	4245738	0	3.379096e-05	6.806911e-07	1
17	rs72829401	4266738	0	-3.828940e-04	-7.411149e-06	1
17	rs72829402	4268341	0	-4.559792e-04	-9.079365e-06	1
17	rs72830093	4434345	0	3.447079e-04	6.912973e-06	1
17	rs72831330	4339554	0	-4.174447e-04	-8.186861e-06	1
17	rs729534	4380198	0	-1.608281e-04	-3.219061e-06	1
17	rs729535	4380308	0	5.270829e-05	1.001150e-06	1
17	rs730661	3869210	4	-3.965941e-04	-7.698532e-06	1
17	rs730662	3869263	0	3.433731e-05	6.553370e-07	1
17	rs73316808	4307539	0	-3.132589e-04	-6.218035e-06	1
17	rs73316816	4308873	0	-2.661408e-04	-5.330747e-06	1
17	rs73316820	4309282	0	-4.237938e-04	-8.501716e-06	1
17	rs73322630	4310695	0	-2.695879e-04	-5.405094e-06	1
17	rs73323811	4365191	0	-3.463796e-04	-6.801516e-06	1
17	rs73323818	4368142	0	-4.542544e-04	-8.928955e-06	1
17	rs73330982	3882932	0	7.404048e-04	1.454027e-05	1
17	rs73330983	3882944	0	7.404048e-04	1.454027e-05	1
17	rs73335842	4435235	0	5.754155e-05	1.140824e-06	1
17	rs73335846	4438287	0	5.054130e-04	1.006354e-05	1
17	rs733622	4181122	0	2.351076e-04	4.501261e-06	1
17	rs73972071	4063431	2	-1.514206e-03	-3.017662e-05	1
17	rs74453759	4041356	0	-6.399667e-04	-1.276507e-05	1
17	rs74458278	4210164	0	8.897608e-05	1.760263e-06	1
17	rs74463681	4036814	0	-6.675543e-04	-1.331714e-05	1
17	rs74476047	4110085	0	2.969360e-05	5.933437e-07	1
17	rs74476560	4075231	0	-6.150762e-04	-1.229611e-05	1
17	rs74498987	4151603	0	-5.817719e-04	-1.161816e-05	1
17	rs74514747	4344762	0	-3.216733e-04	-6.313755e-06	1
17	rs74531603	4329773	0	-4.123743e-05	-8.055810e-07	1
17	rs74592437	4439356	0	-1.162715e-03	-2.360932e-05	1
17	rs74622661	4183049	0	4.642161e-04	9.215256e-06	1
17	rs74629342	4355650	0	-1.183333e-04	-2.335684e-06	1
17	rs74666636	4382185	0	2.857649e-04	5.736862e-06	1
17	rs74687364	4366338	0	-1.183333e-04	-2.335684e-06	1
17	rs74693699	4188866	0	-1.647129e-04	-3.258519e-06	1
17	rs74695038	3878564	0	4.303692e-04	8.475742e-06	1
17	rs74728796	4024018	0	-6.612021e-04	-1.319388e-05	1
17	rs747360	4005521	0	-1.893193e-04	-3.769694e-06	1
17	rs74737121	4034308	0	-1.479496e-04	-2.961335e-06	1
17	rs747678	4404141	0	1.610254e-04	3.192660e-06	1
17	rs74789530	4056046	0	-5.109049e-04	-1.019016e-05	1
17	rs74811538	4344048	0	-6.817941e-04	-1.344101e-05	1
17	rs74877944	3930521	0	-7.703697e-04	-1.546548e-05	1
17	rs74887186	4016096	0	-2.119942e-04	-4.235224e-06	1
17	rs74899799	3922437	0	-6.093558e-04	-1.219794e-05	1
17	rs74900424	4113760	0	-1.531745e-04	-3.029445e-06	1
17	rs74948765	4324292	0	1.067694e-05	2.148948e-07	1
17	rs74965902	4061635	0	-5.109049e-04	-1.019016e-05	1
17	rs74970819	4081423	0	-5.109049e-04	-1.019016e-05	1
17	rs749736	4406470	0	1.062359e-03	2.107541e-05	1
17	rs749739	4406973	0	-6.801117e-04	-1.348528e-05	1
17	rs74974530	4010419	0	-6.612021e-04	-1.319388e-05	1
17	rs75000081	4341773	0	-3.152581e-04	-6.207449e-06	1
17	rs7503427	3881649	0	7.404048e-04	1.454027e-05	1
17	rs7504064	4154376	0	5.824109e-05	1.118122e-06	1
17	rs75075518	4439366	0	-1.243203e-03	-2.528156e-05	1
17	rs75116690	3962399	0	-7.703697e-04	-1.546548e-05	1
17	rs751670	4446457	0	3.248057e-04	6.364767e-06	1
17	rs75195523	4258331	0	-6.701232e-05	-1.340757e-06	1
17	rs75203661	4359712	0	7.985665e-04	1.579127e-05	1
17	rs75205432	3897914	0	-6.093558e-04	-1.219793e-05	1
17	rs75208195	4404575	0	8.617465e-05	1.726831e-06	1
17	rs75237019	4356132	0	-1.183333e-04	-2.335683e-06	1
17	rs75249501	3952845	0	-2.720347e-04	-5.434070e-06	1
17	rs75256091	3878245	0	-5.064156e-04	-1.007697e-05	1
17	rs75285223	3948495	0	-3.131017e-04	-6.262429e-06	1
17	rs75320759	3901650	0	-6.093558e-04	-1.219793e-05	1
17	rs75444313	4330160	0	-4.123743e-05	-8.055802e-07	1
17	rs75446125	3972093	0	-7.372563e-04	-1.478314e-05	1
17	rs75603355	4328127	0	6.671749e-05	1.315982e-06	1
17	rs75606534	4345893	0	-3.216733e-04	-6.313754e-06	1
17	rs75669552	3968734	0	-7.372563e-04	-1.478314e-05	1
17	rs75700852	4343555	0	9.865430e-05	1.950324e-06	1
17	rs75761890	3874473	0	-4.789575e-04	-9.514728e-06	1
17	rs75784051	4369319	0	-1.183333e-04	-2.335683e-06	1
17	rs75785618	3892491	0	-3.575872e-04	-7.109730e-06	1
17	rs75800572	4416037	0	-1.199071e-03	-2.415257e-05	1
17	rs75825153	4327717	0	-2.881648e-05	-5.605353e-07	1
17	rs75830769	4033301	0	-6.170231e-04	-1.229188e-05	1
17	rs75848161	4072279	0	-5.109049e-04	-1.019016e-05	1
17	rs75900067	4390143	0	-1.316855e-05	-2.625424e-07	1
17	rs75932023	4200647	0	6.860487e-05	1.371075e-06	1
17	rs75981786	3921602	0	-6.093558e-04	-1.219793e-05	1
17	rs75997571	4457617	0	4.200587e-04	8.365383e-06	1
17	rs76061991	4041463	0	-4.357750e-04	-8.685053e-06	1
17	rs76124470	4363115	0	-1.183333e-04	-2.335683e-06	1
17	rs76124986	4169286	0	-4.741159e-05	-9.481645e-07	1
17	rs76255472	3910809	0	-5.106807e-05	-1.018933e-06	1
17	rs76290623	4356079	0	-1.183333e-04	-2.335682e-06	1
17	rs76296375	4107710	0	4.387064e-05	8.770020e-07	1
17	rs76341560	4165566	0	-6.474891e-04	-1.295733e-05	1
17	rs76341803	4325150	0	-4.286258e-04	-8.425656e-06	1
17	rs76345349	4225075	0	-3.342046e-04	-6.691057e-06	1
17	rs76379310	4346227	0	-3.216733e-04	-6.313753e-06	1
17	rs76401897	3885894	0	-5.416313e-04	-1.084035e-05	1
17	rs76481447	4060383	0	-1.436557e-04	-2.868837e-06	1
17	rs76518065	3897583	0	-3.575872e-04	-7.109728e-06	1
17	rs76563627	3994002	0	-6.577371e-04	-1.312946e-05	1
17	rs76603137	4110156	0	2.969360e-05	5.933434e-07	1
17	rs76628486	4005342	0	-1.479496e-04	-2.961335e-06	1
17	rs76655185	4269345	0	-4.186777e-04	-8.058542e-06	1
17	rs76714610	4217707	0	-3.566669e-04	-7.142634e-06	1
17	rs76741565	4344539	0	-3.216733e-04	-6.313753e-06	1
17	rs76819625	4355741	0	-1.183333e-04	-2.335682e-06	1
17	rs76877587	4366342	0	-1.183333e-04	-2.335682e-06	1
17	rs76886609	4062261	2	-7.887885e-04	-1.583432e-05	1
17	rs76897384	4371665	0	5.599154e-04	1.122059e-05	1
17	rs76915951	4378105	0	-2.174302e-04	-4.355819e-06	1
17	rs77015906	4346212	0	-3.216733e-04	-6.313753e-06	1
17	rs77106352	4343385	0	-1.199965e-04	-2.358494e-06	1
17	rs77109391	4369224	0	-1.183333e-04	-2.335682e-06	1
17	rs77164297	4024121	0	-6.675543e-04	-1.331714e-05	1
17	rs77200406	4210162	0	8.897608e-05	1.760263e-06	1
17	rs77246175	4072761	0	-8.253518e-04	-1.659800e-05	1
17	rs77299470	4330462	0	-4.123743e-05	-8.055785e-07	1
17	rs77301121	4324362	0	1.067694e-05	2.148970e-07	1
17	rs77302896	4343946	0	-6.817941e-04	-1.344101e-05	1
17	rs77305494	4370323	0	-1.183333e-04	-2.335681e-06	1
17	rs77328111	3898908	0	-6.093558e-04	-1.219793e-05	1
17	rs77367817	4021069	0	-6.612021e-04	-1.319388e-05	1
17	rs77483673	4416635	0	-6.110742e-05	-1.214541e-06	1
17	rs77586265	3899595	0	2.904050e-04	5.777696e-06	1
17	rs77649793	3922129	0	-6.093558e-04	-1.219793e-05	1
17	rs77672908	4324884	0	2.573780e-05	5.109365e-07	1
17	rs77715061	4039800	0	-3.559953e-04	-7.029174e-06	1
17	rs77781604	3982937	0	-9.513965e-04	-1.891866e-05	1
17	rs77781816	3956320	0	1.371817e-04	2.751414e-06	1
17	rs77820912	4043252	0	-4.357750e-04	-8.685050e-06	1
17	rs77838037	4149377	0	-5.817719e-04	-1.161815e-05	1
17	rs77872063	4328762	0	-2.881648e-05	-5.605335e-07	1
17	rs77876138	4412720	0	1.075520e-03	2.167748e-05	1
17	rs77988554	4084817	0	-5.109049e-04	-1.019015e-05	1
17	rs78025872	4355581	0	-1.183333e-04	-2.335681e-06	1
17	rs78057571	4324134	0	-3.210596e-04	-6.326922e-06	1
17	rs78058218	4368451	0	-1.183333e-04	-2.335681e-06	1
17	rs78103463	4062774	0	-5.109049e-04	-1.019015e-05	1
17	rs78108103	4373922	0	2.857649e-04	5.736863e-06	1
17	rs78116121	4360016	0	5.771669e-04	1.136413e-05	1
17	rs78119913	4079001	0	-5.109049e-04	-1.019015e-05	1
17	rs78150716	4056826	0	-6.150762e-04	-1.229610e-05	1
17	rs781820	3976075	0	-1.023967e-04	-1.958593e-06	1
17	rs781823	3966280	0	-2.035042e-04	-3.888169e-06	1
17	rs781824	3966243	0	-8.532624e-04	-1.706415e-05	1
17	rs781825	3966064	0	-2.035042e-04	-3.888170e-06	1
17	rs781826	3963832	0	-2.805271e-04	-5.356926e-06	1
17	rs781827	3962965	0	-2.805271e-04	-5.356926e-06	1
17	rs781831	3947644	0	-5.345275e-04	-1.023275e-05	1
17	rs781832	3946227	0	-4.950381e-04	-9.482924e-06	1
17	rs781838	3970176	0	-8.532624e-04	-1.706415e-05	1
17	rs781839	3961489	0	-2.741749e-04	-5.238819e-06	1
17	rs78183947	4344025	0	-8.908820e-04	-1.764139e-05	1
17	rs781840	3960552	0	-3.753749e-04	-7.184036e-06	1
17	rs781842	3958955	0	-2.805271e-04	-5.356927e-06	1
17	rs781845	3958341	0	-2.035042e-04	-3.888171e-06	1
17	rs781846	3958200	0	-8.943293e-04	-1.791841e-05	1
17	rs781847	3958194	0	-2.805271e-04	-5.356928e-06	1
17	rs781848	3958105	0	-2.805271e-04	-5.356928e-06	1
17	rs781850	3957124	0	-2.741749e-04	-5.238821e-06	1
17	rs781852	3953102	0	-1.056113e-04	-2.018044e-06	1
17	rs781853	3953083	0	-9.925910e-05	-1.898074e-06	1
17	rs781854	3951557	0	-1.011322e-03	-1.965039e-05	1
17	rs781858	3922748	0	-9.272317e-04	-1.796838e-05	1
17	rs781859	3923331	0	2.490908e-06	4.350442e-08	1
17	rs781863	3927162	0	8.915514e-05	1.714978e-06	1
17	rs78269879	4092386	0	1.071420e-04	2.140920e-06	1
17	rs78297137	4085322	0	-5.109049e-04	-1.019015e-05	1
17	rs78304436	4135656	0	2.969360e-05	5.933430e-07	1
17	rs78307177	4063036	0	-5.109049e-04	-1.019015e-05	1
17	rs78313623	4340677	0	-3.152581e-04	-6.207446e-06	1
17	rs78413523	4360424	0	7.985665e-04	1.579127e-05	1
17	rs78539221	4370553	0	-1.183333e-04	-2.335680e-06	1
17	rs78566339	3899077	0	-6.093558e-04	-1.219793e-05	1
17	rs78587276	4167867	0	-5.864653e-04	-1.174391e-05	1
17	rs78591827	4379953	0	1.706191e-05	3.418930e-07	1
17	rs78613183	4046929	2	-3.403475e-04	-6.760726e-06	1
17	rs78788452	4334321	0	8.952709e-05	1.772334e-06	1
17	rs78795688	4374079	0	-3.609378e-04	-7.156155e-06	1
17	rs78800959	4055757	0	-5.109049e-04	-1.019015e-05	1
17	rs78806449	3981290	0	-7.407213e-04	-1.484709e-05	1
17	rs78871641	4090202	0	1.071420e-04	2.140920e-06	1
17	rs78897022	4149395	0	-5.817719e-04	-1.161815e-05	1
17	rs78994804	4330974	0	-4.123743e-05	-8.055766e-07	1
17	rs79003551	4010718	0	-6.612021e-04	-1.319387e-05	1
17	rs79020684	4345985	0	-3.216733e-04	-6.313751e-06	1
17	rs79058840	3977427	0	-7.703697e-04	-1.546547e-05	1
17	rs79104573	4041685	0	3.936424e-05	7.879086e-07	1
17	rs79140852	4021191	0	-6.675543e-04	-1.331713e-05	1
17	rs79191686	4065304	0	-3.566669e-04	-7.142633e-06	1
17	rs79222290	4062897	0	-5.109049e-04	-1.019015e-05	1
17	rs79241891	4123410	0	2.969360e-05	5.933428e-07	1
17	rs79314782	3972176	0	-7.372563e-04	-1.478313e-05	1
17	rs79348521	3905056	0	-6.093558e-04	-1.219793e-05	1
17	rs79366918	3976901	0	-7.738346e-04	-1.552923e-05	1
17	rs79448132	4134598	0	2.969360e-05	5.933428e-07	1
17	rs79455226	3901887	0	-3.575872e-04	-7.109722e-06	1
17	rs79555385	4059489	0	-5.109049e-04	-1.019015e-05	1
17	rs79633250	4137363	0	2.969360e-05	5.933428e-07	1
17	rs79700582	4063014	0	6.597283e-04	1.300950e-05	1
17	rs79710268	3871100	0	2.840455e-04	5.554453e-06	1
17	rs79734736	4138867	0	2.969360e-05	5.933427e-07	1
17	rs79794925	4008657	0	-6.612021e-04	-1.319387e-05	1
17	rs79924248	3882646	0	6.775059e-04	1.341282e-05	1
17	rs79941024	3899600	0	-6.093558e-04	-1.219792e-05	1
17	rs79969075	4092369	0	1.071420e-04	2.140920e-06	1
17	rs79974364	4326213	0	2.573780e-05	5.109378e-07	1
17	rs80008187	4077540	0	1.975412e-04	3.954844e-06	1
17	rs80048946	4021150	0	-6.612021e-04	-1.319387e-05	1
17	rs80050569	4425665	0	-7.642124e-04	-1.539052e-05	1
17	rs80063675	4104813	0	2.969360e-05	5.933426e-07	1
17	rs80097237	4136283	0	2.969360e-05	5.933426e-07	1
17	rs80261572	4056605	0	-4.693619e-04	-9.347391e-06	1
17	rs80286251	4089605	0	1.071420e-04	2.140920e-06	1
17	rs80297600	4326156	0	5.939938e-04	1.163044e-05	1
17	rs8064596	4271792	0	-2.179482e-04	-4.170881e-06	1
17	rs8064599	4331971	0	-6.263638e-04	-1.213786e-05	1
17	rs8064712	4039857	0	6.300183e-04	1.240266e-05	1
17	rs8064762	4340886	0	-4.629960e-04	-9.089155e-06	1
17	rs8064913	4328424	0	-2.881648e-05	-5.605317e-07	1
17	rs8065054	3979907	0	6.300183e-04	1.240266e-05	1
17	rs8065185	3979982	0	6.300183e-04	1.240266e-05	1
17	rs8065280	4231352	0	-1.196822e-04	-2.306444e-06	1
17	rs8065494	4039616	0	7.145503e-04	1.409554e-05	1
17	rs8065643	4145160	0	7.311967e-05	1.458700e-06	1
17	rs8065660	4000858	0	2.069083e-04	4.025007e-06	1
17	rs8065673	3979576	0	6.300183e-04	1.240265e-05	1
17	rs8065781	3900911	0	-6.093558e-04	-1.219792e-05	1
17	rs8066238	3876037	0	8.203945e-04	1.594299e-05	1
17	rs8066272	3900528	0	1.387865e-05	2.607001e-07	1
17	rs8066298	3997516	0	2.069083e-04	4.025008e-06	1
17	rs8066337	4048081	0	3.612890e-04	7.027356e-06	1
17	rs8066352	3979616	0	6.300183e-04	1.240265e-05	1
17	rs8066378	3996334	0	2.069083e-04	4.025008e-06	1
17	rs8066416	4328322	0	-2.881648e-05	-5.605311e-07	1
17	rs8066429	4277672	0	-7.772252e-04	-1.508172e-05	1
17	rs8066446	4101198	0	8.480798e-04	1.650061e-05	1
17	rs8066580	3996494	0	2.069083e-04	4.025008e-06	1
17	rs8066707	3996550	0	2.005561e-04	3.900909e-06	1
17	rs8066746	4151820	0	-1.772066e-04	-3.528427e-06	1
17	rs8066776	4328581	0	-2.881648e-05	-5.605308e-07	1
17	rs8066855	4256278	0	-2.351076e-04	-4.501266e-06	1
17	rs8067333	3997504	0	-4.606460e-04	-8.914423e-06	1
17	rs8067594	4052566	0	-5.109049e-04	-1.019015e-05	1
17	rs8067721	4332698	3	-6.696079e-04	-1.299084e-05	1
17	rs8067816	4256877	0	6.438237e-05	1.241012e-06	1
17	rs8067977	4256243	0	-2.351076e-04	-4.501265e-06	1
17	rs8068010	4332120	0	-6.263638e-04	-1.213786e-05	1
17	rs8068319	4331793	0	-6.263638e-04	-1.213786e-05	1
17	rs8068429	4156160	0	-1.839335e-04	-3.547983e-06	1
17	rs8068460	4404574	0	-1.557350e-03	-3.150047e-05	1
17	rs8068536	4332476	0	-4.123743e-05	-8.055736e-07	1
17	rs8068543	4027972	0	6.300183e-04	1.240265e-05	1
17	rs8068577	4325923	0	2.715483e-04	5.172007e-06	1
17	rs8068630	4331975	0	-6.263638e-04	-1.213786e-05	1
17	rs8068804	3985864	0	8.716578e-04	1.686926e-05	1
17	rs8068887	4332691	2	-1.759159e-04	-3.388091e-06	1
17	rs8068947	3976439	0	6.300183e-04	1.240265e-05	1
17	rs8069078	4000468	0	2.210853e-04	4.301272e-06	1
17	rs8069102	4390529	0	1.050432e-03	2.083218e-05	1
17	rs8069466	3906875	0	6.250782e-04	1.224081e-05	1
17	rs8069469	3976784	0	6.300183e-04	1.240264e-05	1
17	rs8069643	3971237	0	2.609204e-05	5.109450e-07	1
17	rs8069766	4325937	0	-3.224455e-04	-6.181121e-06	1
17	rs8069769	4162965	0	1.345167e-04	2.577289e-06	1
17	rs8070006	4329281	0	5.753870e-06	1.111771e-07	1
17	rs8070037	4039569	0	5.261679e-04	1.033998e-05	1
17	rs8070100	3901265	0	5.939486e-04	1.165399e-05	1
17	rs8070159	4073447	0	7.091199e-04	1.372813e-05	1
17	rs8070203	3876148	0	-1.243017e-04	-2.386471e-06	1
17	rs8070577	3988150	0	4.013832e-04	7.817213e-06	1
17	rs8070665	4039955	0	6.300183e-04	1.240264e-05	1
17	rs8070737	3981066	0	-1.677386e-04	-3.262947e-06	1
17	rs8070786	4379067	0	6.792126e-05	1.331642e-06	1
17	rs8071406	3894871	0	-3.575872e-04	-7.109719e-06	1
17	rs8071596	4157057	0	7.000336e-05	1.337094e-06	1
17	rs8071738	4165956	0	3.710482e-04	7.358526e-06	1
17	rs8071809	3939632	0	-6.186163e-04	-1.202771e-05	1
17	rs8072247	3903120	0	3.132277e-04	6.185180e-06	1
17	rs8072251	4212108	0	2.351076e-04	4.501270e-06	1
17	rs8072296	4261050	0	-2.351076e-04	-4.501270e-06	1
17	rs8072738	4132166	0	4.387064e-05	8.769993e-07	1
17	rs8072805	3932016	0	-1.376947e-04	-2.698353e-06	1
17	rs8072924	4326360	0	-5.071942e-04	-9.905888e-06	1
17	rs8073322	4354293	0	7.493963e-04	1.482121e-05	1
17	rs8073532	4391714	0	2.892177e-04	5.778576e-06	1
17	rs8073862	4217500	0	-1.196822e-04	-2.306450e-06	1
17	rs8073872	4332965	0	-6.263638e-04	-1.213785e-05	1
17	rs8074058	4156129	0	2.372756e-04	4.546923e-06	1
17	rs8074189	4334409	0	-5.628043e-04	-1.090393e-05	1
17	rs8074454	3981148	0	8.780099e-04	1.700877e-05	1
17	rs8074770	4242178	0	-3.280247e-04	-6.337179e-06	1
17	rs8074860	3986657	0	2.445267e-04	4.751875e-06	1
17	rs8075039	4330161	0	-3.224455e-04	-6.181121e-06	1
17	rs8075310	4254487	2	-3.027372e-04	-5.849336e-06	1
17	rs8075429	3907308	0	6.781481e-05	1.290225e-06	1
17	rs8075562	3916823	0	3.764381e-04	7.331989e-06	1
17	rs8075601	3872399	0	3.492001e-04	6.783344e-06	1
17	rs8075754	3916278	0	3.764381e-04	7.331988e-06	1
17	rs8076592	4053943	0	-2.222659e-04	-4.291674e-06	1
17	rs8076743	3916537	0	-7.394547e-05	-1.433960e-06	1
17	rs8076857	3894796	0	-3.575872e-04	-7.109719e-06	1
17	rs8077174	4043545	0	6.300183e-04	1.240264e-05	1
17	rs8077342	3920432	0	1.737107e-04	3.376631e-06	1
17	rs8077986	3902951	0	-7.467432e-05	-1.448769e-06	1
17	rs8078058	4331078	0	-3.496682e-04	-6.865456e-06	1
17	rs8078081	4327367	0	-4.286258e-04	-8.425650e-06	1
17	rs8078211	4135273	0	2.969360e-05	5.933401e-07	1
17	rs8078296	4057527	0	-5.109049e-04	-1.019015e-05	1
17	rs8078345	4251876	0	-1.580847e-04	-3.024467e-06	1
17	rs8078354	4376832	0	2.073135e-04	3.977511e-06	1
17	rs8078425	3904415	0	2.343776e-04	4.535790e-06	1
17	rs8078629	3983964	0	2.445267e-04	4.751877e-06	1
17	rs8078744	4377095	0	2.429147e-04	4.664901e-06	1
17	rs8079258	3996380	0	6.300183e-04	1.240263e-05	1
17	rs8079595	4151867	0	2.969360e-05	5.933400e-07	1
17	rs8079619	4047637	0	4.625995e-04	9.032141e-06	1
17	rs8079766	3938215	0	-3.458652e-04	-6.659485e-06	1
17	rs8079786	4380224	0	-4.171082e-04	-8.264073e-06	1
17	rs8079863	4371121	0	5.656244e-04	1.113105e-05	1
17	rs8080327	4047741	0	2.744224e-04	5.352142e-06	1
17	rs8080452	4157997	0	-2.260215e-04	-4.355226e-06	1
17	rs8081260	3981937	0	2.445267e-04	4.751878e-06	1
17	rs8081282	3981981	0	6.300183e-04	1.240263e-05	1
17	rs8081417	3902650	0	4.830601e-04	9.281914e-06	1
17	rs8081713	4271994	0	-4.186777e-04	-8.058556e-06	1
17	rs8081739	4043636	0	5.333849e-04	1.049919e-05	1
17	rs8081968	3984117	0	8.681928e-04	1.680438e-05	1
17	rs8082036	3882613	0	3.172451e-04	6.061461e-06	1
17	rs8082227	3991563	0	-2.088219e-04	-4.073661e-06	1
17	rs8082381	4389267	0	2.814852e-04	5.619591e-06	1
17	rs8082425	3991706	0	2.069083e-04	4.025011e-06	1
17	rs8082483	4000849	0	8.557296e-05	1.665291e-06	1
17	rs812996	3965674	0	-2.035042e-04	-3.888195e-06	1
17	rs8261	4067415	0	-8.703808e-04	-1.733165e-05	1
17	rs86946	4382260	0	6.792126e-05	1.331642e-06	1
17	rs882847	4382729	0	-1.956533e-05	-3.770047e-07	1
17	rs882890	4360895	0	1.982018e-04	3.786891e-06	1
17	rs884250	4351640	0	3.519357e-04	6.957960e-06	1
17	rs884251	4351787	0	3.519357e-04	6.957960e-06	1
17	rs893380	4198034	0	4.506743e-04	8.673112e-06	1
17	rs897023	4005172	0	-2.627652e-04	-5.019156e-06	1
17	rs897026	3980318	0	-1.023967e-04	-1.958619e-06	1
17	rs897027	4052290	0	2.744224e-04	5.352137e-06	1
17	rs899454	4406149	0	1.700899e-03	3.466659e-05	1
17	rs903579	4360532	0	-5.099975e-04	-9.804575e-06	1
17	rs9303185	4212894	0	2.228026e-04	4.277515e-06	1
17	rs938624	3914484	0	1.759907e-04	3.392493e-06	1
17	rs938626	3904542	0	2.343776e-04	4.535782e-06	1
17	rs952079	4319606	0	-8.553492e-04	-1.650196e-05	1
17	rs954524	4355173	0	1.119274e-03	2.193414e-05	1
17	rs965515	4038149	0	2.069083e-04	4.025011e-06	1
17	rs965516	4038014	0	-4.297984e-04	-8.366714e-06	1
17	rs968114	3935370	0	7.012823e-06	1.256819e-07	1
17	rs968115	3935223	0	7.773825e-04	1.537717e-05	1
17	rs9889598	4336687	0	-8.866608e-04	-1.729755e-05	1
17	rs9889686	4300160	0	5.409053e-04	1.061615e-05	1
17	rs9889739	4242389	0	6.423804e-04	1.275812e-05	1
17	rs9889800	4035820	1	5.299379e-04	1.040866e-05	1
17	rs9889867	4363939	0	-4.542544e-04	-8.928950e-06	1
17	rs9890170	4114292	0	1.396804e-05	2.742688e-07	1
17	rs9890230	3908905	0	6.250782e-04	1.224079e-05	1
17	rs9890303	4035336	0	6.300183e-04	1.240262e-05	1
17	rs9890383	3878567	0	3.443686e-04	6.707394e-06	1
17	rs9890496	4323336	0	6.538963e-04	1.273422e-05	1
17	rs9890881	4012739	0	6.300183e-04	1.240262e-05	1
17	rs9890941	4410693	0	-7.532864e-04	-1.516602e-05	1
17	rs9891059	4300706	0	3.842724e-04	7.514943e-06	1
17	rs9891113	3881130	0	4.652862e-04	8.915335e-06	1
17	rs9891940	3913998	1	5.735692e-04	1.122625e-05	1
17	rs9892252	3942367	0	7.773825e-04	1.537716e-05	1
17	rs9892386	4030955	0	6.300183e-04	1.240262e-05	1
17	rs9892466	3969527	0	6.561103e-04	1.263225e-05	1
17	rs9892743	4419876	0	-4.233992e-04	-8.456891e-06	1
17	rs9892804	3970218	0	6.300183e-04	1.240261e-05	1
17	rs9893302	3970408	0	6.300183e-04	1.240261e-05	1
17	rs9893691	4185624	0	2.279879e-04	4.368036e-06	1
17	rs9894282	3958282	0	7.223043e-04	1.424491e-05	1
17	rs9894290	4298553	0	6.169461e-04	1.214331e-05	1
17	rs9894540	3909081	0	6.250782e-04	1.224078e-05	1
17	rs9894697	4416638	0	2.870215e-04	5.525071e-06	1
17	rs9894769	4298707	3	7.546170e-04	1.497235e-05	1
17	rs9895176	4416157	0	-8.532507e-04	-1.721100e-05	1
17	rs9895252	3909383	0	6.250782e-04	1.224078e-05	1
17	rs9895575	3909564	0	5.244163e-04	1.027725e-05	1
17	rs9895903	3870462	0	-2.553621e-04	-5.120145e-06	1
17	rs9896111	4407712	0	1.086514e-03	2.165122e-05	1
17	rs9896963	3966591	0	2.609204e-05	5.109495e-07	1
17	rs9897057	4219252	0	4.068672e-04	7.847868e-06	1
17	rs9897059	4374275	0	1.811384e-04	3.546288e-06	1
17	rs9897516	3923718	0	9.360748e-04	1.854914e-05	1
17	rs9897747	4298926	0	-1.180811e-04	-2.308366e-06	1
17	rs9897753	4036862	0	6.300183e-04	1.240261e-05	1
17	rs9898010	4404070	0	1.220867e-03	2.462032e-05	1
17	rs9898062	4374062	0	5.325424e-04	1.048967e-05	1
17	rs9898457	4429147	0	-1.843265e-03	-3.763307e-05	1
17	rs9898936	4131754	0	3.809298e-04	7.350383e-06	1
17	rs9898961	4420182	0	-8.532507e-04	-1.721100e-05	1
17	rs9899108	4036725	0	7.678911e-04	1.515910e-05	1
17	rs9899237	4277927	0	-5.959336e-04	-1.150837e-05	1
17	rs9899313	4036805	0	6.300183e-04	1.240260e-05	1
17	rs9899558	4429590	0	-1.825494e-03	-3.719467e-05	1
17	rs9899585	4419941	0	-8.532507e-04	-1.721100e-05	1
17	rs9899913	4332454	0	-6.263638e-04	-1.213785e-05	1
17	rs9899942	4349132	0	1.800504e-03	3.610298e-05	1
17	rs9899999	4325239	0	-9.633863e-05	-1.852289e-06	1
17	rs9900067	4429853	0	-1.825494e-03	-3.719466e-05	1
17	rs9900322	4429265	0	-1.502520e-03	-3.011551e-05	1
17	rs9900421	3973021	0	6.300183e-04	1.240260e-05	1
17	rs9900435	4031305	0	6.300183e-04	1.240260e-05	1
17	rs9900637	3951975	0	5.165317e-04	9.896227e-06	1
17	rs9900661	3962450	0	-1.140351e-04	-2.202823e-06	1
17	rs9900999	4416980	0	3.425506e-04	6.560329e-06	1
17	rs9901620	4165741	0	6.146637e-04	1.191450e-05	1
17	rs9901660	3955602	0	7.397173e-04	1.456018e-05	1
17	rs9901991	4447559	0	-7.321181e-04	-1.470014e-05	1
17	rs9902801	3885504	0	-3.392511e-04	-6.793896e-06	1
17	rs9903584	4298940	0	5.090713e-04	9.999523e-06	1
17	rs9904017	3879493	0	-4.140725e-04	-8.251154e-06	1
17	rs9904222	4056542	0	7.137865e-04	1.412554e-05	1
17	rs9904360	4337802	0	-9.232547e-04	-1.801173e-05	1
17	rs9904583	4417481	0	-8.532507e-04	-1.721100e-05	1
17	rs9905309	4036550	0	6.300183e-04	1.240260e-05	1
17	rs9905631	4056399	0	6.597283e-04	1.300944e-05	1
17	rs9905742	4443075	0	-1.162715e-03	-2.360931e-05	1
17	rs9905748	3968639	0	4.206133e-05	8.209370e-07	1
17	rs9905803	4036752	0	6.300183e-04	1.240259e-05	1
17	rs9905832	3968296	0	5.886435e-04	1.162459e-05	1
17	rs9906064	4308647	0	5.921478e-04	1.163181e-05	1
17	rs9906080	4032167	0	6.300183e-04	1.240259e-05	1
17	rs9906111	4335043	0	-6.263638e-04	-1.213784e-05	1
17	rs9906524	4111727	0	2.661170e-04	5.128943e-06	1
17	rs9906760	4278835	0	-7.772252e-04	-1.508175e-05	1
17	rs9907224	4451545	0	-7.179105e-04	-1.441651e-05	1
17	rs9907342	4031386	0	6.300183e-04	1.240259e-05	1
17	rs9907369	4120494	0	1.895776e-04	3.648165e-06	1
17	rs9907835	4011194	0	6.300183e-04	1.240259e-05	1
17	rs9908148	4041469	0	6.300183e-04	1.240259e-05	1
17	rs9908232	4032356	0	6.300183e-04	1.240259e-05	1
17	rs9908377	4120933	0	2.330036e-04	4.487857e-06	1
17	rs9908412	4016711	0	5.886435e-04	1.162459e-05	1
17	rs9908546	4025884	0	6.300183e-04	1.240258e-05	1
17	rs9908855	4300074	0	5.409053e-04	1.061612e-05	1
17	rs9908863	4300082	0	5.409053e-04	1.061612e-05	1
17	rs9908942	3868919	0	-3.090471e-05	-6.043462e-07	1
17	rs9909196	4143438	0	2.526677e-04	4.875219e-06	1
17	rs9909229	3907211	0	6.782855e-04	1.328045e-05	1
17	rs9909518	3924050	0	9.360748e-04	1.854912e-05	1
17	rs9909751	4299256	0	-1.003108e-04	-1.962041e-06	1
17	rs9909779	3868905	0	-3.090471e-05	-6.043491e-07	1
17	rs9909816	4300497	0	5.090713e-04	9.999512e-06	1
17	rs9910462	3972725	0	6.300183e-04	1.240258e-05	1
17	rs9910749	4448236	0	-5.038747e-04	-1.005517e-05	1
17	rs9911475	4146311	0	2.516466e-04	4.850781e-06	1
17	rs9911792	3968331	0	6.300183e-04	1.240258e-05	1
17	rs9912246	4388334	0	9.396251e-06	1.870357e-07	1
17	rs9912501	3881345	0	8.065037e-04	1.553206e-05	1
17	rs9912524	4184219	0	2.351076e-04	4.501311e-06	1
17	rs9912870	3969351	0	6.300183e-04	1.240258e-05	1
17	rs9913077	4153807	0	5.824109e-05	1.118071e-06	1
17	rs9913489	4184641	0	2.351076e-04	4.501311e-06	1
17	rs9914106	4066833	0	9.141545e-04	1.772012e-05	1
17	rs9914203	3899643	0	1.701402e-04	3.390789e-06	1
17	rs9914759	4032245	0	6.300183e-04	1.240257e-05	1
17	rs9915261	3868738	0	-3.090471e-05	-6.043539e-07	1
17	rs9915287	3868768	0	-3.090471e-05	-6.043545e-07	1
17	rs9915670	4143290	0	2.526677e-04	4.875212e-06	1
17	rs9915840	4100157	0	2.246288e-05	4.422826e-07	1
17	rs9915922	4083242	0	7.637313e-04	1.483076e-05	1
17	rs9916429	4424196	0	-8.532507e-04	-1.721100e-05	1
17	rs9916457	3929659	0	-3.876445e-04	-7.492829e-06	1
17	rs9916478	4424965	0	2.297165e-04	4.549591e-06	1
17	rs9916799	4323989	0	6.506689e-04	1.249308e-05	1
17	rs9989438	4271309	0	2.254111e-05	4.368986e-07	1
17	rs9989459	4271238	0	-5.142116e-04	-9.908489e-06	1
