chr	rs	ps	n_miss	b	beta	gamma
19	rs1004526	58588849	0	-9.910858e-06	-6.702266e-06	1
19	rs101447	58720717	0	-2.397505e-04	-1.693766e-04	1
19	rs1014767	58528303	0	-2.484979e-04	-1.744140e-04	1
19	rs1015224	58724380	0	4.393025e-05	3.240276e-05	1
19	rs1019490	58610559	0	8.118699e-05	5.377262e-05	1
19	rs10401711	58624499	0	6.949965e-05	4.857046e-05	1
19	rs10402098	58624615	0	6.949965e-05	4.857046e-05	1
19	rs10402211	58652341	0	-1.709483e-04	-1.190693e-04	1
19	rs10402307	58624732	0	-1.534834e-04	-1.070089e-04	1
19	rs10404798	58628509	0	6.949965e-05	4.857046e-05	1
19	rs10405350	58628515	0	1.283204e-04	9.057598e-05	1
19	rs10407894	58625081	0	6.949965e-05	4.857046e-05	1
19	rs10409388	58604114	0	2.319655e-04	1.631696e-04	1
19	rs10411535	58708526	0	8.338691e-05	5.533485e-05	1
19	rs10412209	58629463	0	7.811631e-05	5.451212e-05	1
19	rs10412612	58632446	0	6.949965e-05	4.857046e-05	1
19	rs10415286	58720992	0	1.777800e-04	1.208025e-04	1
19	rs10415313	58675417	0	-1.187986e-04	-8.158067e-05	1
19	rs10419091	58723359	0	-1.214118e-04	-8.451873e-05	1
19	rs10419259	58630192	0	-1.682830e-04	-1.179645e-04	1
19	rs10420540	58521290	0	-5.401731e-05	-3.761511e-05	1
19	rs10420801	58609457	0	-5.591055e-05	-3.818556e-05	1
19	rs10421140	58609376	0	6.132757e-05	4.230753e-05	1
19	rs10421350	58609443	0	-5.591055e-05	-3.818556e-05	1
19	rs10422127	58609220	0	1.395438e-05	9.788464e-06	1
19	rs10422438	58523444	0	6.550500e-05	4.483609e-05	1
19	rs10422730	58618747	0	1.405995e-04	9.957614e-05	1
19	rs10423778	58627574	0	-1.566579e-04	-1.093529e-04	1
19	rs10424179	58627725	0	-1.566579e-04	-1.093529e-04	1
19	rs10425266	58694416	0	-1.572038e-04	-1.105977e-04	1
19	rs10425685	58703085	0	-1.572038e-04	-1.105977e-04	1
19	rs1057402	58580277	0	6.602337e-05	4.468639e-05	1
19	rs1064267	58597405	0	-1.116087e-04	-7.792752e-05	1
19	rs10775573	58614974	0	8.118699e-05	5.377262e-05	1
19	rs10775574	58615053	0	8.118699e-05	5.377262e-05	1
19	rs1080416	58559785	0	-6.079760e-05	-4.160677e-05	1
19	rs10853902	58614749	0	8.118699e-05	5.377262e-05	1
19	rs10853903	58714926	0	-2.271320e-04	-1.647287e-04	1
19	rs10878	58595676	0	-1.060206e-04	-7.341819e-05	1
19	rs11084528	58527472	0	-2.348987e-04	-1.631706e-04	1
19	rs11084531	58582586	0	1.808469e-04	1.243142e-04	1
19	rs11084532	58583939	0	1.808469e-04	1.243142e-04	1
19	rs11084534	58613950	0	8.118699e-05	5.377262e-05	1
19	rs11084535	58614035	0	8.118699e-05	5.377262e-05	1
19	rs11084537	58629227	0	1.042008e-05	7.292851e-06	1
19	rs11084538	58629238	0	1.283204e-04	9.057598e-05	1
19	rs111426967	58526736	0	6.636400e-05	4.766869e-05	1
19	rs111476488	58632584	0	1.907779e-04	1.371955e-04	1
19	rs111728832	58712814	0	2.914474e-06	2.149857e-06	1
19	rs111938040	58682195	0	-2.879956e-05	-2.114101e-05	1
19	rs111961880	58521852	0	4.884412e-05	3.548522e-05	1
19	rs112380274	58538047	0	-7.484668e-05	-5.472375e-05	1
19	rs112630877	58713159	0	-6.240283e-05	-4.519433e-05	1
19	rs112809147	58521822	0	1.046654e-04	7.588757e-05	1
19	rs112905868	58696543	0	-1.443830e-04	-1.013933e-04	1
19	rs113129007	58572389	0	4.028118e-05	2.963128e-05	1
19	rs113747485	58702661	0	-6.292753e-05	-4.533588e-05	1
19	rs113782954	58521588	0	1.008985e-04	6.952344e-05	1
19	rs113896797	58522122	0	5.064812e-05	3.451070e-05	1
19	rs113897676	58526091	1	7.413573e-05	5.314379e-05	1
19	rs113992190	58531244	0	1.046654e-04	7.588757e-05	1
19	rs115134660	58671275	0	-3.112974e-05	-2.255508e-05	1
19	rs11666227	58573559	0	1.646656e-04	1.124685e-04	1
19	rs11666610	58527828	0	-2.425972e-04	-1.686215e-04	1
19	rs11667482	58568958	0	2.612806e-05	1.691448e-05	1
19	rs11667581	58622193	0	6.633062e-05	4.384668e-05	1
19	rs11669829	58624120	0	6.949965e-05	4.857046e-05	1
19	rs11669919	58580394	0	1.808469e-04	1.243142e-04	1
19	rs11670035	58573649	0	1.973547e-04	1.371674e-04	1
19	rs11670848	58580962	0	1.808469e-04	1.243142e-04	1
19	rs11671199	58722673	0	-2.512146e-04	-1.846149e-04	1
19	rs11671725	58587046	0	1.808469e-04	1.243142e-04	1
19	rs11672379	58575800	0	-1.148236e-04	-7.738229e-05	1
19	rs11672645	58718698	0	3.336998e-04	2.558480e-04	1
19	rs11673436	58576358	0	1.808469e-04	1.243142e-04	1
19	rs116922203	58537659	0	8.498891e-05	6.293967e-05	1
19	rs117121674	58619217	0	-5.138112e-05	-3.811408e-05	1
19	rs117207849	58645844	0	-6.398719e-05	-4.743246e-05	1
19	rs117233340	58531540	0	7.562094e-05	5.590122e-05	1
19	rs117509647	58580355	0	4.893677e-05	3.587026e-05	1
19	rs117667229	58690935	0	-1.431971e-05	-1.045354e-05	1
19	rs117761389	58665641	0	3.311593e-05	2.439685e-05	1
19	rs117800501	58649809	0	9.777600e-05	7.244646e-05	1
19	rs117831716	58571600	0	-1.157596e-04	-8.646529e-05	1
19	rs118122480	58697975	0	-5.183659e-05	-3.845412e-05	1
19	rs11879192	58613591	0	8.118699e-05	5.377262e-05	1
19	rs11879575	58660968	0	2.814331e-04	2.129454e-04	1
19	rs11879748	58613819	0	8.118699e-05	5.377262e-05	1
19	rs11881126	58523990	0	-1.891690e-04	-1.282013e-04	1
19	rs12151036	58714235	0	-2.196189e-04	-1.586626e-04	1
19	rs12459942	58678797	0	3.311593e-05	2.439685e-05	1
19	rs12460050	58666109	0	1.704792e-04	1.194312e-04	1
19	rs12460974	58537461	0	2.194763e-04	1.541179e-04	1
19	rs12461217	58579927	0	-1.200245e-04	-8.117503e-05	1
19	rs12461356	58668553	0	-2.065184e-04	-1.442161e-04	1
19	rs12461832	58611210	0	8.118699e-05	5.377262e-05	1
19	rs12971534	58541508	0	-6.256727e-05	-4.329070e-05	1
19	rs12971923	58634625	0	1.831376e-04	1.282727e-04	1
19	rs12971940	58541514	0	-3.518638e-05	-2.428857e-05	1
19	rs12972034	58690818	0	3.093490e-04	2.330089e-04	1
19	rs12973189	58618974	0	2.198140e-04	1.520136e-04	1
19	rs12973718	58580615	0	-1.025617e-04	-7.178226e-05	1
19	rs12974045	58612080	1	3.775147e-05	2.468980e-05	1
19	rs12974312	58612154	0	8.118699e-05	5.377262e-05	1
19	rs12975369	58693418	0	3.261025e-04	2.493014e-04	1
19	rs12975659	58612122	0	8.409718e-05	5.930324e-05	1
19	rs12975995	58553864	0	-2.830513e-05	-1.943734e-05	1
19	rs12976771	58614336	0	8.118699e-05	5.377262e-05	1
19	rs12976842	58614404	0	8.118699e-05	5.377262e-05	1
19	rs12976966	58647516	0	2.086357e-04	1.514597e-04	1
19	rs12977251	58605521	0	1.311319e-04	8.784197e-05	1
19	rs12977390	58614604	0	8.118699e-05	5.377262e-05	1
19	rs12977863	58702050	0	3.261025e-04	2.493014e-04	1
19	rs12977929	58688430	0	2.742151e-04	2.017822e-04	1
19	rs12978231	58614357	0	8.118699e-05	5.377262e-05	1
19	rs12980120	58618223	0	6.359478e-05	4.453462e-05	1
19	rs12980211	58611169	0	8.118699e-05	5.377262e-05	1
19	rs12980623	58624996	0	2.508795e-04	1.855865e-04	1
19	rs12981338	58618736	0	2.320931e-04	1.617615e-04	1
19	rs12981417	58596956	0	-5.361657e-05	-3.719903e-05	1
19	rs12981684	58632144	0	1.831376e-04	1.282727e-04	1
19	rs12982505	58613285	0	7.430582e-05	4.970397e-05	1
19	rs12982863	58715418	0	3.261025e-04	2.493014e-04	1
19	rs12983138	58655373	0	-2.038679e-05	-1.338779e-05	1
19	rs12983701	58613499	0	8.118699e-05	5.377262e-05	1
19	rs12983728	58671267	0	2.393631e-04	1.766116e-04	1
19	rs12984015	58613031	0	8.118699e-05	5.377262e-05	1
19	rs12984254	58613113	0	8.118699e-05	5.377262e-05	1
19	rs12984878	58562150	0	-5.868728e-05	-4.014397e-05	1
19	rs12985543	58689072	0	2.742151e-04	2.017822e-04	1
19	rs13344679	58693697	0	-1.419129e-04	-9.933214e-05	1
19	rs13345808	58674696	0	-1.347100e-04	-9.292807e-05	1
19	rs13346342	58522715	0	-3.916043e-05	-2.730852e-05	1
19	rs140171882	58659248	0	2.312612e-04	1.698885e-04	1
19	rs140214515	58654197	0	9.127601e-06	6.725521e-06	1
19	rs140755790	58680275	0	-8.011232e-05	-5.824921e-05	1
19	rs141669549	58690674	0	-8.045158e-05	-5.597126e-05	1
19	rs141815249	58690989	0	-1.431971e-05	-1.045354e-05	1
19	rs142677013	58655817	0	-5.361036e-05	-3.940583e-05	1
19	rs143096975	58622408	0	9.538125e-05	7.055371e-05	1
19	rs143712775	58643218	0	-2.034237e-05	-1.478182e-05	1
19	rs144310654	58669338	0	-1.269459e-05	-9.365862e-06	1
19	rs144479077	58634823	0	4.390330e-05	3.249933e-05	1
19	rs1469087	58572979	0	-1.399979e-04	-1.013140e-04	1
19	rs148493024	58655648	0	9.224584e-05	6.841926e-05	1
19	rs148953731	58662865	0	1.212507e-04	8.929401e-05	1
19	rs149594935	58681857	0	1.138869e-05	8.260183e-06	1
19	rs150191918	58691030	0	4.146572e-05	3.036955e-05	1
19	rs1529329	58600048	0	-6.861334e-05	-4.744028e-05	1
19	rs1544796	58542425	0	-5.412676e-05	-3.850514e-05	1
19	rs1544888	58570912	0	-1.671483e-04	-1.145874e-04	1
19	rs1549279	58528621	0	-2.329014e-04	-1.623922e-04	1
19	rs1549491	58588434	0	-5.021527e-05	-3.410679e-05	1
19	rs1549492	58585248	0	-5.578454e-05	-3.783254e-05	1
19	rs1549493	58585367	0	-1.152346e-05	-7.790993e-06	1
19	rs1549495	58529518	0	-2.425972e-04	-1.686215e-04	1
19	rs157355	58692686	0	1.046279e-04	7.061203e-05	1
19	rs157357	58693870	0	2.974624e-05	2.097107e-05	1
19	rs157358	58643751	0	1.759484e-05	1.227450e-05	1
19	rs157360	58650058	0	1.486872e-04	1.043700e-04	1
19	rs157361	58676017	0	3.103306e-05	2.174625e-05	1
19	rs157362	58675894	0	-1.842514e-05	-1.286781e-05	1
19	rs157363	58675603	0	3.103306e-05	2.174625e-05	1
19	rs157364	58675220	0	1.082118e-04	7.210628e-05	1
19	rs157365	58674756	0	6.221190e-05	4.112525e-05	1
19	rs157366	58674526	0	1.883242e-04	1.293316e-04	1
19	rs157367	58674310	0	1.006558e-04	7.108996e-05	1
19	rs157369	58672078	0	1.276662e-04	8.583274e-05	1
19	rs157370	58671178	0	1.276662e-04	8.583274e-05	1
19	rs157371	58669973	0	1.270040e-04	8.532973e-05	1
19	rs157372	58668597	0	1.276662e-04	8.583274e-05	1
19	rs157373	58666990	0	-1.116969e-04	-7.850133e-05	1
19	rs157374	58666086	0	-1.123591e-04	-7.900312e-05	1
19	rs157375	58665001	0	-1.116969e-04	-7.850133e-05	1
19	rs157376	58663457	0	1.319934e-04	9.463729e-05	1
19	rs157378	58696697	0	6.344881e-05	4.232245e-05	1
19	rs157379	58696598	0	6.344881e-05	4.232245e-05	1
19	rs1592993	58555971	0	-1.595211e-04	-1.174495e-04	1
19	rs1592994	58555932	0	-1.479928e-04	-1.085998e-04	1
19	rs1592995	58555850	0	-1.595211e-04	-1.174495e-04	1
19	rs159667	58648359	0	8.045381e-05	5.326898e-05	1
19	rs159668	58643841	0	1.759484e-05	1.227450e-05	1
19	rs159670	58641777	0	1.074497e-04	7.541751e-05	1
19	rs159671	58641701	0	1.154996e-04	8.127107e-05	1
19	rs159672	58641686	0	-9.705216e-05	-6.820084e-05	1
19	rs159673	58641457	0	1.154996e-04	8.127107e-05	1
19	rs159674	58670181	0	7.951831e-05	5.628468e-05	1
19	rs159675	58668765	0	3.009069e-04	2.200713e-04	1
19	rs159676	58666427	0	2.895455e-04	2.098577e-04	1
19	rs159677	58665490	0	3.156278e-04	2.323974e-04	1
19	rs159678	58679085	0	2.512225e-05	1.758755e-05	1
19	rs159679	58661732	0	3.228026e-04	2.386651e-04	1
19	rs159680	58661581	0	-1.116969e-04	-7.850133e-05	1
19	rs159870	58549366	0	6.973724e-05	4.692238e-05	1
19	rs159871	58550281	0	-8.861958e-06	-5.935555e-06	1
19	rs159872	58547449	0	3.925417e-05	2.632750e-05	1
19	rs159873	58547516	0	3.925417e-05	2.632750e-05	1
19	rs159874	58548431	0	-7.353946e-05	-5.288503e-05	1
19	rs166830	58658950	1	-8.444782e-05	-5.911052e-05	1
19	rs166831	58676446	0	3.103306e-05	2.174625e-05	1
19	rs169776	58550436	0	-7.353946e-05	-5.288503e-05	1
19	rs171853	58685051	0	1.054645e-04	7.153444e-05	1
19	rs171854	58666802	0	2.680715e-04	2.022666e-04	1
19	rs174280	58711922	0	6.808578e-05	4.558504e-05	1
19	rs176981	58655580	0	1.349266e-04	9.487342e-05	1
19	rs1808397	58572356	0	-1.697364e-04	-1.167295e-04	1
19	rs1812874	58632506	0	6.949965e-05	4.857046e-05	1
19	rs181320759	58658446	0	2.469212e-04	1.835179e-04	1
19	rs182055294	58526154	6	4.669768e-05	3.335239e-05	1
19	rs183304547	58609059	0	-5.138112e-05	-3.811408e-05	1
19	rs184128	58548760	0	2.897094e-05	1.948585e-05	1
19	rs185791	58644371	0	1.064276e-04	7.356192e-05	1
19	rs188370	58529192	0	-3.198465e-04	-2.403200e-04	1
19	rs188415	58616313	0	-1.511154e-05	-1.031730e-05	1
19	rs188486366	58526153	6	4.669768e-05	3.335239e-05	1
19	rs190729	58658029	0	6.928162e-05	4.571254e-05	1
19	rs190882	58529365	0	-2.704393e-04	-1.967232e-04	1
19	rs190975	58631968	0	2.877648e-05	2.122245e-05	1
19	rs193390	58548658	0	5.837717e-05	4.128555e-05	1
19	rs1968868	58678383	0	8.220871e-05	5.693168e-05	1
19	rs1974819	58656963	0	2.944643e-04	2.258986e-04	1
19	rs1974826	58590145	0	-1.152346e-05	-7.790993e-06	1
19	rs1987625	58632634	0	1.042008e-05	7.292850e-06	1
19	rs1987626	58632649	0	6.949965e-05	4.857046e-05	1
19	rs2013635	58646792	0	2.553776e-04	1.905568e-04	1
19	rs204216	58660769	0	-1.116969e-04	-7.850133e-05	1
19	rs2046357	58673534	0	-8.011232e-05	-5.824921e-05	1
19	rs2052733	58625864	0	6.949965e-05	4.857046e-05	1
19	rs2052734	58626005	0	4.455882e-05	3.101077e-05	1
19	rs2052735	58626112	0	1.391801e-04	9.861369e-05	1
19	rs2062251	58715682	0	3.261025e-04	2.493014e-04	1
19	rs2081578	58669335	0	-3.112974e-05	-2.255508e-05	1
19	rs2098685	58630409	0	2.480702e-04	1.845812e-04	1
19	rs2098686	58630043	0	1.154996e-04	8.127107e-05	1
19	rs2098687	58630023	0	1.154996e-04	8.127107e-05	1
19	rs2098717	58524390	0	1.011280e-04	7.353268e-05	1
19	rs2112825	58614156	0	4.700699e-05	3.262841e-05	1
19	rs211579	58615270	0	7.889624e-05	5.541573e-05	1
19	rs2124911	58696798	0	3.261025e-04	2.493014e-04	1
19	rs2229375	58578578	0	1.808469e-04	1.243142e-04	1
19	rs2229379	58579923	0	1.644039e-04	1.126976e-04	1
19	rs2241406	58549593	0	-1.661911e-05	-1.187006e-05	1
19	rs2258557	58596449	0	7.169801e-05	5.009868e-05	1
19	rs2260914	58598784	0	-5.614326e-05	-3.862678e-05	1
19	rs2287837	58598670	0	-6.861334e-05	-4.744028e-05	1
19	rs2288274	58572959	0	-1.753056e-04	-1.207891e-04	1
19	rs2375233	58617203	0	1.341048e-04	9.339422e-05	1
19	rs2375234	58633323	0	6.949965e-05	4.857046e-05	1
19	rs2375235	58634745	0	1.154996e-04	8.127107e-05	1
19	rs2431835	58647214	0	8.645089e-05	5.729481e-05	1
19	rs2445856	58701358	0	6.987837e-05	4.656018e-05	1
19	rs2445857	58708507	0	3.027094e-05	2.143493e-05	1
19	rs2445858	58708730	0	5.346320e-05	3.557841e-05	1
19	rs2547257	58610107	0	-1.057279e-05	-7.235104e-06	1
19	rs2547258	58638685	0	6.042770e-05	4.152138e-05	1
19	rs2547259	58637237	0	1.154996e-04	8.127107e-05	1
19	rs2547260	58635294	0	2.859353e-04	2.057217e-04	1
19	rs2547295	58617479	0	6.949965e-05	4.857046e-05	1
19	rs2547296	58622896	0	1.283204e-04	9.057597e-05	1
19	rs2547297	58623249	0	6.949965e-05	4.857046e-05	1
19	rs2547298	58626436	0	6.949965e-05	4.857046e-05	1
19	rs2547347	58627459	0	6.949965e-05	4.857046e-05	1
19	rs2547348	58626879	0	6.949965e-05	4.857046e-05	1
19	rs2547349	58626742	0	6.949965e-05	4.857046e-05	1
19	rs2547350	58622950	0	4.821132e-05	3.361185e-05	1
19	rs2547351	58620965	0	6.949965e-05	4.857046e-05	1
19	rs2547352	58610720	0	7.580048e-06	5.229269e-06	1
19	rs2547355	58635125	0	1.154996e-04	8.127107e-05	1
19	rs2547356	58635146	0	1.154996e-04	8.127107e-05	1
19	rs2547357	58636155	0	1.154996e-04	8.127107e-05	1
19	rs2547358	58636656	0	6.949965e-05	4.857046e-05	1
19	rs2547359	58637389	0	1.154996e-04	8.127107e-05	1
19	rs2547360	58638399	0	1.064276e-04	7.356192e-05	1
19	rs2554963	58625364	0	9.003787e-05	6.253413e-05	1
19	rs2554964	58625504	0	2.824302e-05	1.979287e-05	1
19	rs2554965	58625638	0	1.283204e-04	9.057597e-05	1
19	rs2554966	58627271	0	6.949965e-05	4.857046e-05	1
19	rs2554967	58627382	0	1.042008e-05	7.292849e-06	1
19	rs2554968	58627406	0	6.359478e-05	4.453462e-05	1
19	rs2554970	58636732	0	1.907779e-04	1.371955e-04	1
19	rs2554972	58636174	0	6.949965e-05	4.857046e-05	1
19	rs2554973	58631032	0	1.154996e-04	8.127107e-05	1
19	rs2554978	58609677	0	3.047739e-05	2.137333e-05	1
19	rs2554981	58620273	0	5.291780e-05	3.665045e-05	1
19	rs2554982	58620524	0	1.283204e-04	9.057597e-05	1
19	rs2554983	58620872	0	6.949965e-05	4.857046e-05	1
19	rs2554984	58621104	0	1.283204e-04	9.057597e-05	1
19	rs2554985	58621438	0	5.219138e-06	3.641586e-06	1
19	rs2554986	58621492	0	6.359478e-05	4.453462e-05	1
19	rs2554987	58622985	0	6.949965e-05	4.857046e-05	1
19	rs260413	58710468	0	3.027094e-05	2.143493e-05	1
19	rs260415	58715944	0	-1.137652e-05	-7.613528e-06	1
19	rs260416	58717025	0	2.820125e-05	1.975327e-05	1
19	rs260418	58720918	0	-1.169073e-04	-7.971443e-05	1
19	rs260419	58721952	0	7.235055e-05	5.162750e-05	1
19	rs260487	58685347	0	7.666492e-05	5.218736e-05	1
19	rs260488	58686991	0	9.923687e-05	7.087216e-05	1
19	rs260491	58664447	0	2.814331e-04	2.129454e-04	1
19	rs260492	58668565	0	2.557024e-04	1.904279e-04	1
19	rs260493	58671334	0	2.550402e-04	1.899498e-04	1
19	rs281061	58643376	1	9.183869e-05	6.314823e-05	1
19	rs281063	58651941	0	3.220486e-04	2.382060e-04	1
19	rs281064	58649998	0	1.486872e-04	1.043700e-04	1
19	rs281065	58645577	0	8.608545e-05	5.700517e-05	1
19	rs281066	58644840	0	1.759484e-05	1.227450e-05	1
19	rs281069	58659039	2	3.227161e-04	2.359947e-04	1
19	rs281070	58658691	0	3.662976e-04	2.771312e-04	1
19	rs281072	58657714	0	3.304842e-04	2.463860e-04	1
19	rs281073	58656418	0	3.190320e-04	2.350532e-04	1
19	rs281074	58656176	0	-1.116969e-04	-7.850133e-05	1
19	rs281075	58655106	0	-1.116969e-04	-7.850133e-05	1
19	rs281076	58654307	0	8.089859e-05	5.360486e-05	1
19	rs281077	58653376	0	2.512276e-05	1.655021e-05	1
19	rs281078	58653320	0	1.446795e-04	1.037245e-04	1
19	rs281079	58678388	0	3.103306e-05	2.174625e-05	1
19	rs281080	58700131	2	1.083377e-05	7.089203e-06	1
19	rs281081	58698915	0	1.081223e-04	7.274545e-05	1
19	rs28521102	58597905	0	-6.617926e-06	-4.887816e-06	1
19	rs28725494	58633618	0	-1.704357e-04	-1.192720e-04	1
19	rs2889031	58659115	1	2.630977e-04	1.838141e-04	1
19	rs292821	58531419	0	-4.846546e-05	-3.420996e-05	1
19	rs292826	58540860	0	3.925417e-05	2.632750e-05	1
19	rs292827	58544472	0	6.560619e-05	4.390002e-05	1
19	rs292828	58545133	0	-7.353946e-05	-5.288503e-05	1
19	rs292831	58529741	0	-4.846546e-05	-3.420996e-05	1
19	rs295345	58654195	0	2.697195e-04	2.023908e-04	1
19	rs295346	58616280	0	5.291780e-05	3.665045e-05	1
19	rs295347	58616256	0	-6.111148e-05	-4.177679e-05	1
19	rs299847	58680688	0	8.370391e-05	5.973151e-05	1
19	rs34003091	58662254	0	2.276912e-04	1.669517e-04	1
19	rs34114202	58599443	0	-7.458035e-05	-5.146523e-05	1
19	rs34370122	58546475	0	-2.687694e-05	-1.844506e-05	1
19	rs34380569	58648528	0	1.775060e-04	1.246977e-04	1
19	rs34469398	58677396	0	6.346058e-05	4.681697e-05	1
19	rs34503352	58651296	0	2.276912e-04	1.669517e-04	1
19	rs34526068	58658066	0	3.662976e-04	2.771312e-04	1
19	rs34648696	58554613	0	-3.451377e-06	-2.382451e-06	1
19	rs34702066	58582806	0	-1.200245e-04	-8.117503e-05	1
19	rs34947459	58655880	0	2.814331e-04	2.129454e-04	1
19	rs34990434	58550992	0	-2.830513e-05	-1.943734e-05	1
19	rs35081008	58662235	0	2.276912e-04	1.669517e-04	1
19	rs35220005	58550233	0	-1.185661e-04	-8.261264e-05	1
19	rs35358425	58599760	0	-8.639008e-05	-5.956839e-05	1
19	rs35511051	58665817	0	1.965614e-04	1.392241e-04	1
19	rs35711932	58658152	0	3.156278e-04	2.323974e-04	1
19	rs35740250	58694015	0	1.096822e-04	8.150880e-05	1
19	rs35747322	58544096	0	-3.518638e-05	-2.428857e-05	1
19	rs36098050	58652725	0	2.276912e-04	1.669517e-04	1
19	rs36100363	58710837	0	3.261025e-04	2.493014e-04	1
19	rs370335292	58658750	0	1.949488e-04	1.379600e-04	1
19	rs371120005	58658933	0	2.102696e-04	1.530506e-04	1
19	rs373337854	58658806	0	-2.980537e-05	-2.149629e-05	1
19	rs3745129	58637498	0	8.608545e-05	5.700516e-05	1
19	rs376460183	58658873	0	1.737284e-04	1.225600e-04	1
19	rs376570508	58658612	0	1.965614e-04	1.392241e-04	1
19	rs3810126	58610254	0	8.118699e-05	5.377262e-05	1
19	rs384702	58552801	0	-6.087508e-05	-4.376299e-05	1
19	rs3892385	58602870	0	-1.069815e-04	-7.906391e-05	1
19	rs3953740	58659362	0	-1.709483e-04	-1.190693e-04	1
19	rs403408	58684407	0	1.393676e-04	9.360353e-05	1
19	rs4444432	58715538	0	3.261025e-04	2.493014e-04	1
19	rs4496257	58669456	0	-1.753886e-04	-1.223956e-04	1
19	rs4524039	58625270	0	4.531351e-05	3.155248e-05	1
19	rs45571742	58552111	0	-2.830513e-05	-1.943734e-05	1
19	rs45589034	58640964	0	1.907779e-04	1.371955e-04	1
19	rs45598236	58521433	0	1.046654e-04	7.588757e-05	1
19	rs45601339	58718247	0	-6.060784e-05	-4.388289e-05	1
19	rs4599020	58691998	0	3.100227e-04	2.329857e-04	1
19	rs4608428	58618579	0	6.949965e-05	4.857046e-05	1
19	rs4801246	58522534	0	-3.359291e-04	-2.558913e-04	1
19	rs4801247	58522561	0	-2.775927e-04	-2.006645e-04	1
19	rs4801250	58616674	0	6.198976e-05	4.265015e-05	1
19	rs4801251	58617042	0	5.291780e-05	3.665044e-05	1
19	rs4801252	58631676	0	1.042008e-05	7.292848e-06	1
19	rs4801541	58521224	0	-1.891690e-04	-1.282013e-04	1
19	rs4801542	58522974	0	6.550500e-05	4.483609e-05	1
19	rs4801543	58523804	0	6.550500e-05	4.483609e-05	1
19	rs4801544	58526202	0	-3.406051e-05	-2.375533e-05	1
19	rs4801546	58526387	0	4.649122e-05	3.165597e-05	1
19	rs4801547	58526742	0	-1.987278e-05	-1.383249e-05	1
19	rs4801548	58528978	0	-5.900741e-06	-4.091060e-06	1
19	rs4801555	58600977	0	-1.177628e-04	-8.205390e-05	1
19	rs4801559	58627808	0	1.283204e-04	9.057597e-05	1
19	rs4801562	58634756	0	2.239466e-04	1.625272e-04	1
19	rs4801564	58644826	0	2.034218e-05	1.342935e-05	1
19	rs4801565	58674249	0	1.165835e-04	8.179152e-05	1
19	rs4801566	58674788	0	1.257111e-04	8.820052e-05	1
19	rs4801567	58675005	0	8.220871e-05	5.693168e-05	1
19	rs495839	58545500	2	-1.199888e-04	-8.698902e-05	1
19	rs523073	58647358	0	8.045381e-05	5.326898e-05	1
19	rs551116	58684611	0	1.393676e-04	9.360353e-05	1
19	rs55633565	58530628	0	-2.932250e-05	-2.040985e-05	1
19	rs55697390	58674301	0	-8.728709e-05	-6.343522e-05	1
19	rs55833862	58637690	0	-9.705216e-05	-6.820084e-05	1
19	rs55945602	58632305	0	1.848671e-04	1.329965e-04	1
19	rs56065611	58520480	0	-1.891690e-04	-1.282013e-04	1
19	rs56121586	58585744	0	1.808469e-04	1.243142e-04	1
19	rs56273550	58611001	0	1.058024e-05	7.760014e-06	1
19	rs56395112	58577672	0	2.396677e-04	1.699498e-04	1
19	rs57140425	58709015	0	-6.292753e-05	-4.533588e-05	1
19	rs57656768	58648536	0	3.952529e-05	2.906584e-05	1
19	rs57797045	58534654	0	9.428340e-06	6.633186e-06	1
19	rs58576937	58577443	0	9.050465e-05	6.742065e-05	1
19	rs58899074	58611996	0	8.118699e-05	5.377262e-05	1
19	rs59114323	58649994	0	1.902733e-04	1.347359e-04	1
19	rs59238777	58625136	0	3.852854e-05	2.794891e-05	1
19	rs59894429	58577444	0	2.396677e-04	1.699498e-04	1
19	rs59925483	58672788	0	9.127601e-06	6.725522e-06	1
19	rs61566502	58581038	0	-1.148236e-04	-7.738229e-05	1
19	rs61745224	58723706	0	2.067289e-05	1.525700e-05	1
19	rs620297	58545433	0	6.532259e-05	4.360427e-05	1
19	rs62116004	58720201	0	3.106032e-04	2.341268e-04	1
19	rs62125248	58568181	0	1.286542e-04	8.470152e-05	1
19	rs62125894	58679627	0	1.439280e-04	1.020007e-04	1
19	rs62125914	58706186	0	3.261025e-04	2.493014e-04	1
19	rs62125917	58711509	0	3.261025e-04	2.493014e-04	1
19	rs62126787	58586371	0	2.396677e-04	1.699498e-04	1
19	rs62126791	58587777	0	1.808469e-04	1.243142e-04	1
19	rs62126796	58612051	1	7.015287e-07	4.840034e-07	1
19	rs6510116	58604319	0	-1.615083e-04	-1.143399e-04	1
19	rs6510125	58637152	0	-1.704357e-04	-1.192720e-04	1
19	rs6510126	58675916	0	8.220871e-05	5.693168e-05	1
19	rs66616365	58667964	0	-1.753886e-04	-1.223956e-04	1
19	rs67047437	58676662	0	-9.426933e-05	-6.464499e-05	1
19	rs67781917	58524126	0	6.550500e-05	4.483609e-05	1
19	rs67825948	58525067	0	6.550500e-05	4.483609e-05	1
19	rs71333247	58559583	0	-5.868728e-05	-4.014398e-05	1
19	rs71354068	58531715	0	4.840981e-05	3.511857e-05	1
19	rs71355829	58551080	0	-6.343903e-05	-4.360537e-05	1
19	rs71355833	58657180	0	1.965614e-04	1.392241e-04	1
19	rs719009	58584722	0	1.808469e-04	1.243142e-04	1
19	rs719010	58584765	0	1.808469e-04	1.243142e-04	1
19	rs719011	58584841	0	2.162235e-04	1.508652e-04	1
19	rs723669	58563100	0	4.604403e-05	3.156431e-05	1
19	rs7248493	58711108	0	-2.043280e-04	-1.465398e-04	1
19	rs7248512	58716363	0	3.923814e-07	2.581623e-07	1
19	rs7249664	58586610	0	1.054276e-04	7.164803e-05	1
19	rs7250280	58713774	0	3.030058e-04	2.278224e-04	1
19	rs7250524	58611423	0	8.118699e-05	5.377262e-05	1
19	rs7250610	58611723	0	2.527645e-05	1.771063e-05	1
19	rs7250711	58611592	0	8.118699e-05	5.377262e-05	1
19	rs7250715	58611606	0	-1.517972e-04	-1.063110e-04	1
19	rs7250816	58581572	0	-5.578454e-05	-3.783254e-05	1
19	rs7251261	58629081	10	1.620937e-04	1.149101e-04	1
19	rs7251536	58620679	0	-1.444114e-04	-9.989948e-05	1
19	rs7252129	58657428	0	-1.709483e-04	-1.190693e-04	1
19	rs7252304	58629122	1	1.498472e-04	1.059366e-04	1
19	rs7255290	58583832	0	-1.148236e-04	-7.738228e-05	1
19	rs7255605	58584251	0	-1.148236e-04	-7.738228e-05	1
19	rs7256349	58718269	0	3.336998e-04	2.558480e-04	1
19	rs7256664	58600587	0	-1.020948e-04	-7.085102e-05	1
19	rs7258103	58627235	0	-1.566579e-04	-1.093529e-04	1
19	rs7260445	58571049	0	-2.542314e-05	-1.855595e-05	1
19	rs73056266	58702854	0	2.573048e-05	1.897226e-05	1
19	rs73056270	58709763	0	2.573048e-05	1.897226e-05	1
19	rs73056388	58584525	0	-1.148236e-04	-7.738228e-05	1
19	rs73058504	58589515	0	1.808469e-04	1.243142e-04	1
19	rs73071847	58548748	0	-1.033800e-05	-7.095602e-06	1
19	rs735507	58720360	0	-1.833771e-04	-1.289932e-04	1
19	rs74357328	58550617	0	8.007999e-05	5.938530e-05	1
19	rs74414988	58524349	0	1.046654e-04	7.588757e-05	1
19	rs74815034	58658965	0	2.137333e-04	1.527562e-04	1
19	rs7507609	58611111	0	2.329842e-04	1.619120e-04	1
19	rs751745	58722129	0	-2.069693e-06	-1.521295e-06	1
19	rs753530	58632768	0	1.154996e-04	8.127106e-05	1
19	rs75597	58720236	0	4.114274e-05	2.948289e-05	1
19	rs76652149	58524660	0	1.046654e-04	7.588757e-05	1
19	rs76795181	58684319	0	-2.553020e-05	-1.889279e-05	1
19	rs76798942	58653114	0	-1.123591e-04	-7.900312e-05	1
19	rs76958646	58562357	0	6.834505e-05	5.015903e-05	1
19	rs77140992	58521189	0	1.046654e-04	7.588757e-05	1
19	rs77222313	58533610	0	1.027509e-04	7.440187e-05	1
19	rs77262558	58684431	0	-1.025929e-04	-7.585019e-05	1
19	rs78202231	58668413	0	-5.361036e-05	-3.940583e-05	1
19	rs78282479	58682941	0	-8.011232e-05	-5.824921e-05	1
19	rs78560062	58662212	0	2.755223e-04	2.083284e-04	1
19	rs78604285	58712758	0	-2.739996e-05	-2.003756e-05	1
19	rs78664025	58695007	0	4.146572e-05	3.036955e-05	1
19	rs78968038	58658294	0	-1.709483e-04	-1.190693e-04	1
19	rs79132177	58701780	0	-6.292753e-05	-4.533588e-05	1
19	rs79135878	58642383	0	-5.361036e-05	-3.940583e-05	1
19	rs79192210	58561312	0	3.795923e-06	2.796732e-06	1
19	rs79208032	58556652	0	1.310502e-05	9.039490e-06	1
19	rs79222418	58664418	0	2.276912e-04	1.669517e-04	1
19	rs79894507	58699453	0	-2.739996e-05	-2.003756e-05	1
19	rs79955355	58665816	0	3.311593e-05	2.439685e-05	1
19	rs80090318	58702017	0	-6.292753e-05	-4.533588e-05	1
19	rs80153933	58526696	0	6.636400e-05	4.766869e-05	1
19	rs8100276	58534236	0	9.428340e-06	6.633185e-06	1
19	rs8100534	58534484	0	9.428340e-06	6.633185e-06	1
19	rs8100738	58581904	0	1.808469e-04	1.243142e-04	1
19	rs8102157	58589599	0	-1.152346e-05	-7.790992e-06	1
19	rs8103853	58577762	0	-5.578454e-05	-3.783254e-05	1
19	rs8104276	58603983	0	-1.441423e-04	-1.003220e-04	1
19	rs8107931	58636461	0	6.949965e-05	4.857046e-05	1
19	rs8109275	58629878	0	1.154996e-04	8.127106e-05	1
19	rs8109359	58629914	0	1.154996e-04	8.127106e-05	1
19	rs8109471	58621794	0	6.949965e-05	4.857046e-05	1
19	rs8109694	58621307	0	5.219138e-06	3.641585e-06	1
19	rs8109925	58623323	0	6.949965e-05	4.857046e-05	1
19	rs8109937	58584643	0	1.808469e-04	1.243142e-04	1
19	rs8110117	58600626	0	-6.818782e-05	-4.694300e-05	1
19	rs8111238	58667076	0	-1.376344e-04	-9.477477e-05	1
19	rs889158	58601981	0	2.161732e-04	1.505621e-04	1
19	rs889159	58584522	0	2.026691e-04	1.403681e-04	1
19	rs889160	58584434	0	3.197891e-05	2.159630e-05	1
19	rs889161	58584324	0	1.808469e-04	1.243142e-04	1
19	rs918544	58620103	0	6.949965e-05	4.857046e-05	1
19	rs918545	58620068	0	6.949965e-05	4.857046e-05	1
19	rs933670	58619847	0	8.102382e-05	5.803026e-05	1
19	rs971711	58632872	0	5.219138e-06	3.641585e-06	1
