chr	rs	ps	n_miss	b	beta	gamma
11	rs1003483	2167543	0	-1.452541e-03	-1.427204e-05	1
11	rs1003484	2167618	0	-5.578723e-04	-5.424125e-06	1
11	rs1004446	2170143	0	1.180823e-03	1.153160e-05	1
11	rs1005135	2539890	0	-1.803989e-03	-1.806012e-05	1
11	rs10082642	1901937	0	-3.214968e-04	-3.191745e-06	1
11	rs1011476	2299035	0	-1.609566e-04	-1.567877e-06	1
11	rs10160580	2363308	0	8.353726e-04	8.260155e-06	1
11	rs1024163	2611446	0	-2.366830e-05	-2.335553e-07	1
11	rs1024381	2611982	0	4.301667e-04	4.221332e-06	1
11	rs1029409	2309898	0	9.685827e-04	9.425964e-06	1
11	rs1033122	1942575	0	-1.989925e-04	-1.906373e-06	1
11	rs10400376	2542605	0	-2.058751e-03	-2.082874e-05	1
11	rs10430833	2574708	0	-3.222187e-05	-3.143922e-07	1
11	rs10430888	2650481	0	-4.215336e-05	-4.142088e-07	1
11	rs10430889	2651593	0	-2.213646e-04	-2.180750e-06	1
11	rs10437602	2376963	0	2.184812e-04	2.166240e-06	1
11	rs10437603	2377417	0	3.727417e-04	3.697022e-06	1
11	rs10458927	1837135	0	-4.165272e-04	-4.025042e-06	1
11	rs1063316	2418193	0	-3.635955e-04	-3.617632e-06	1
11	rs1065687	2152639	0	-7.059213e-04	-7.034444e-06	1
11	rs10734182	2250930	0	5.219630e-04	5.081289e-06	1
11	rs10734191	2341002	0	-1.258983e-04	-1.224450e-06	1
11	rs10734233	2643878	0	-9.917381e-05	-9.736572e-07	1
11	rs10734623	1889249	0	-1.260459e-03	-1.227933e-05	1
11	rs10734645	2073378	1	1.363735e-03	1.332765e-05	1
11	rs10734646	2073444	1	1.398002e-03	1.368013e-05	1
11	rs10741539	2241846	0	3.048218e-04	3.031648e-06	1
11	rs10741553	2269221	0	-4.962994e-04	-4.773759e-06	1
11	rs10741556	2272989	0	-2.531521e-04	-2.458406e-06	1
11	rs10741561	2300181	0	-2.649935e-04	-2.557991e-06	1
11	rs10741643	2539722	0	-1.983092e-03	-1.998680e-05	1
11	rs10741670	2648291	0	-3.619725e-04	-3.568516e-06	1
11	rs10742994	1810188	0	1.629656e-04	1.572417e-06	1
11	rs10743001	1817969	0	7.538200e-04	7.299061e-06	1
11	rs10743028	1875991	0	9.006449e-04	8.774599e-06	1
11	rs10743110	2073476	1	1.398002e-03	1.368013e-05	1
11	rs10743111	2074576	0	4.397979e-04	4.300233e-06	1
11	rs10743112	2075736	0	4.397979e-04	4.300233e-06	1
11	rs10743122	2107025	0	5.847591e-04	5.726170e-06	1
11	rs10743134	2150304	0	4.845445e-04	4.702544e-06	1
11	rs10743152	2195981	0	1.306877e-03	1.283756e-05	1
11	rs10743176	2225626	0	-2.314196e-04	-2.261726e-06	1
11	rs10743180	2229573	0	-2.015068e-04	-1.960564e-06	1
11	rs10743181	2229759	0	-3.644907e-04	-3.567596e-06	1
11	rs10743182	2229782	0	-2.199013e-04	-2.140753e-06	1
11	rs1076173	2270567	0	3.201498e-04	3.071826e-06	1
11	rs10765826	2241321	0	1.037531e-03	1.007179e-05	1
11	rs10765834	2246648	0	-3.013841e-05	-2.983511e-07	1
11	rs10765849	2256031	0	1.148207e-03	1.117819e-05	1
11	rs10765878	2277442	0	-9.158033e-05	-8.847031e-07	1
11	rs10765887	2287356	0	-7.165301e-04	-7.146218e-06	1
11	rs10765896	2303480	0	-2.649935e-04	-2.557992e-06	1
11	rs10765897	2303558	0	-2.649935e-04	-2.557992e-06	1
11	rs10765899	2304088	0	-1.214830e-04	-1.172174e-06	1
11	rs10765900	2304194	0	-2.649935e-04	-2.557992e-06	1
11	rs10765901	2304204	0	-1.214830e-04	-1.172174e-06	1
11	rs10765902	2304279	0	-2.649935e-04	-2.557992e-06	1
11	rs10765903	2304502	0	3.383667e-04	3.234275e-06	1
11	rs10765944	2348194	0	-1.735105e-04	-1.692142e-06	1
11	rs10766212	2633152	0	-1.345665e-03	-1.311539e-05	1
11	rs10766218	2638081	0	-9.466473e-04	-9.150429e-06	1
11	rs10766236	2649697	0	1.514257e-06	1.618099e-08	1
11	rs10766242	2651614	1	-2.027500e-04	-1.996423e-06	1
11	rs10769753	1816622	0	5.563275e-04	5.376363e-06	1
11	rs10769814	1876955	0	-4.420732e-04	-4.258169e-06	1
11	rs10769945	1985127	9	1.582868e-03	1.538442e-05	1
11	rs10770045	2075252	0	4.397979e-04	4.300233e-06	1
11	rs10770048	2075577	0	6.190091e-04	6.065107e-06	1
11	rs10770058	2086132	0	4.397979e-04	4.300232e-06	1
11	rs10770063	2093897	0	1.128211e-03	1.096033e-05	1
11	rs10770069	2102033	0	1.088505e-03	1.056263e-05	1
11	rs10770094	2128685	0	8.090117e-04	7.895313e-06	1
11	rs10770125	2169014	0	-1.452541e-03	-1.427204e-05	1
11	rs10770141	2193840	0	6.471975e-04	6.268162e-06	1
11	rs10770142	2194420	0	1.294824e-03	1.271959e-05	1
11	rs10770143	2195267	0	1.170883e-03	1.145560e-05	1
11	rs1079714	2760741	0	-7.765938e-05	-7.670964e-07	1
11	rs10831548	2237393	0	4.920429e-04	4.762056e-06	1
11	rs10831549	2237506	0	8.879218e-04	8.625954e-06	1
11	rs10831551	2238288	0	-7.891378e-05	-7.809811e-07	1
11	rs10831570	2242612	0	1.665286e-04	1.643861e-06	1
11	rs10831574	2243891	0	-5.099663e-04	-4.899521e-06	1
11	rs10831599	2249928	0	5.480006e-04	5.377458e-06	1
11	rs10831633	2267936	0	-6.488995e-04	-6.419911e-06	1
11	rs10831637	2269447	0	-1.158491e-03	-1.126861e-05	1
11	rs10831659	2280165	0	-6.569402e-04	-6.478401e-06	1
11	rs10831662	2282436	0	-2.477537e-04	-2.448917e-06	1
11	rs10831668	2288412	0	-7.165301e-04	-7.146218e-06	1
11	rs10831677	2294680	0	2.564475e-04	2.541093e-06	1
11	rs10831683	2299990	0	-3.132497e-04	-3.054169e-06	1
11	rs10831695	2303296	0	-2.649935e-04	-2.557993e-06	1
11	rs10831697	2303867	0	-2.649935e-04	-2.557993e-06	1
11	rs10831698	2303881	0	-2.649935e-04	-2.557993e-06	1
11	rs10831699	2304393	0	-2.649935e-04	-2.557993e-06	1
11	rs10831700	2304422	0	-2.649935e-04	-2.557993e-06	1
11	rs10831703	2304554	0	-2.649935e-04	-2.557993e-06	1
11	rs10831706	2306026	0	-1.263196e-04	-1.240845e-06	1
11	rs10831737	2326129	0	5.791347e-04	5.716207e-06	1
11	rs10831813	2356188	0	4.566945e-04	4.528216e-06	1
11	rs10831846	2367377	0	1.688780e-04	1.670914e-06	1
11	rs10831898	2384752	0	2.868829e-04	2.843205e-06	1
11	rs10831902	2388038	0	2.577138e-04	2.523103e-06	1
11	rs10832004	2438448	0	-7.383701e-04	-7.211439e-06	1
11	rs10832126	2498133	0	-1.175700e-03	-1.140274e-05	1
11	rs10832131	2501653	0	-8.144203e-04	-7.814455e-06	1
11	rs10832134	2502486	0	-8.537144e-04	-8.216634e-06	1
11	rs10832352	2620836	0	3.149625e-04	3.086950e-06	1
11	rs10832405	2648519	0	-1.776970e-04	-1.749400e-06	1
11	rs10832430	2654673	0	-1.813025e-03	-1.809371e-05	1
11	rs10839668	1810799	0	1.839476e-04	1.773799e-06	1
11	rs10839670	1812367	0	-9.143412e-04	-8.942270e-06	1
11	rs10839675	1813541	0	5.563275e-04	5.376363e-06	1
11	rs10839687	1816095	0	5.806277e-04	5.612640e-06	1
11	rs10839742	1832838	0	-1.002653e-04	-9.821101e-07	1
11	rs10839743	1833193	1	-1.169025e-04	-1.124896e-06	1
11	rs10839756	1841555	0	4.084936e-05	4.019639e-07	1
11	rs10839771	1850075	0	-4.688280e-04	-4.606917e-06	1
11	rs10839772	1850324	0	-5.293663e-04	-5.206701e-06	1
11	rs10839819	1876186	0	1.458119e-03	1.436662e-05	1
11	rs10839821	1876595	0	1.458119e-03	1.436662e-05	1
11	rs10839934	1907133	0	7.541347e-05	7.284584e-07	1
11	rs10840195	2040623	0	2.050546e-03	2.054392e-05	1
11	rs10840250	2064896	0	8.793697e-04	8.558494e-06	1
11	rs10840267	2075149	0	4.397979e-04	4.300231e-06	1
11	rs10840275	2077486	0	1.128211e-03	1.096033e-05	1
11	rs10840288	2084014	0	4.397979e-04	4.300231e-06	1
11	rs10840289	2084913	0	9.742683e-04	9.461311e-06	1
11	rs10840297	2087727	0	1.031164e-04	1.003447e-06	1
11	rs10840299	2089861	0	4.397979e-04	4.300230e-06	1
11	rs10840303	2092983	0	1.128211e-03	1.096033e-05	1
11	rs10840366	2124435	0	2.631143e-04	2.538212e-06	1
11	rs10840371	2130454	0	8.090117e-04	7.895311e-06	1
11	rs10840372	2132954	0	-4.511276e-04	-4.346535e-06	1
11	rs10840374	2133709	0	-4.553252e-04	-4.390669e-06	1
11	rs10840389	2149367	0	-5.178348e-05	-5.026050e-07	1
11	rs10840390	2149413	0	4.708731e-04	4.651511e-06	1
11	rs10840391	2149659	0	4.708731e-04	4.651511e-06	1
11	rs10840490	2193817	0	1.349081e-04	1.318599e-06	1
11	rs10840491	2194390	0	1.933187e-04	1.894008e-06	1
11	rs10840495	2195837	0	1.333882e-03	1.312617e-05	1
11	rs10840496	2195844	0	1.306877e-03	1.283756e-05	1
11	rs10840500	2196910	0	4.699305e-04	4.518915e-06	1
11	rs10840516	2209967	0	7.053806e-04	6.904690e-06	1
11	rs10840521	2212580	0	9.747476e-05	9.710285e-07	1
11	rs10840523	2213452	0	3.773218e-04	3.631462e-06	1
11	rs10840546	2220754	0	-7.436859e-04	-7.313848e-06	1
11	rs10840584	2228618	0	-5.356509e-05	-5.185120e-07	1
11	rs10840588	2229645	0	4.418687e-05	4.299025e-07	1
11	rs10840596	2231356	0	-3.234891e-04	-3.196108e-06	1
11	rs10840608	2235973	0	4.358713e-05	4.312447e-07	1
11	rs10840609	2235999	0	4.358713e-05	4.312447e-07	1
11	rs1088977	2393452	0	-1.593476e-03	-1.588150e-05	1
11	rs1088978	2394130	0	-1.593476e-03	-1.588150e-05	1
11	rs1088980	2374867	0	-9.482432e-04	-9.224137e-06	1
11	rs1088981	2375761	0	-1.066150e-03	-1.053097e-05	1
11	rs1088982	2375816	0	-1.166724e-03	-1.138591e-05	1
11	rs1088984	2377581	0	-9.684354e-04	-9.554782e-06	1
11	rs1088985	2377852	0	-8.141748e-04	-8.012508e-06	1
11	rs1088986	2377862	0	-6.844378e-04	-6.709735e-06	1
11	rs1088987	2379196	0	-5.482731e-04	-5.363272e-06	1
11	rs1088988	2380470	0	-9.325494e-04	-9.195364e-06	1
11	rs1088989	2381055	0	-9.325494e-04	-9.195363e-06	1
11	rs1088990	2381771	0	-9.325494e-04	-9.195363e-06	1
11	rs1088992	2382517	0	-8.641477e-04	-8.519664e-06	1
11	rs1088993	2382631	0	-8.641477e-04	-8.519664e-06	1
11	rs1092608	1914859	0	-1.695358e-04	-1.623379e-06	1
11	rs11021702	2236088	0	-3.013841e-05	-2.983509e-07	1
11	rs11021704	2236653	0	9.180602e-04	8.964089e-06	1
11	rs11021705	2236689	0	9.180602e-04	8.964089e-06	1
11	rs11021706	2236750	0	9.180602e-04	8.964088e-06	1
11	rs11021707	2236885	0	9.180602e-04	8.964088e-06	1
11	rs11021732	2241272	0	1.313288e-03	1.284469e-05	1
11	rs11021743	2242311	0	-3.013841e-05	-2.983509e-07	1
11	rs11021801	2246228	0	1.471799e-05	1.437119e-07	1
11	rs11021832	2255246	0	-2.961106e-04	-2.837352e-06	1
11	rs11021840	2256371	0	1.838341e-04	1.806190e-06	1
11	rs11021848	2257373	0	-1.790357e-04	-1.781642e-06	1
11	rs11021859	2260854	0	9.790333e-04	9.502491e-06	1
11	rs11021861	2261338	0	-3.013841e-05	-2.983510e-07	1
11	rs11021869	2261795	0	-6.488995e-04	-6.419911e-06	1
11	rs11021918	2269190	0	-3.013841e-05	-2.983510e-07	1
11	rs11021919	2269604	0	-6.488995e-04	-6.419911e-06	1
11	rs11021937	2272049	0	3.244997e-04	3.186588e-06	1
11	rs11021938	2272054	0	3.244997e-04	3.186587e-06	1
11	rs11021950	2274212	0	2.103471e-04	2.063317e-06	1
11	rs11021967	2278937	0	5.338145e-05	5.090240e-07	1
11	rs11021973	2280630	0	6.454321e-04	6.345200e-06	1
11	rs11021978	2281649	0	-7.165301e-04	-7.146218e-06	1
11	rs11021979	2282077	0	-7.165301e-04	-7.146218e-06	1
11	rs11021984	2282360	0	3.050487e-04	3.007173e-06	1
11	rs11021988	2282733	0	-4.091865e-04	-4.060828e-06	1
11	rs11021998	2284316	0	-7.165301e-04	-7.146218e-06	1
11	rs11021999	2284609	0	-7.165301e-04	-7.146218e-06	1
11	rs11022010	2287957	0	-7.165301e-04	-7.146218e-06	1
11	rs11022026	2292969	0	-5.247879e-05	-5.063103e-07	1
11	rs11022045	2294715	0	1.859338e-04	1.831237e-06	1
11	rs11022046	2295129	0	1.859338e-04	1.831237e-06	1
11	rs11022048	2295223	0	1.859338e-04	1.831237e-06	1
11	rs11022157	2322829	0	-3.218324e-04	-3.112897e-06	1
11	rs11022258	2338240	0	-8.842313e-04	-8.625340e-06	1
11	rs11022259	2338256	0	-2.287009e-04	-2.237153e-06	1
11	rs11022289	2345417	0	-3.051490e-04	-2.978239e-06	1
11	rs11022291	2345621	0	-3.051490e-04	-2.978239e-06	1
11	rs11022330	2352237	0	3.874798e-04	3.842243e-06	1
11	rs11022457	2377752	0	3.727417e-04	3.697022e-06	1
11	rs11022484	2388433	0	2.577138e-04	2.523102e-06	1
11	rs11022617	2419572	0	-4.785865e-04	-4.745511e-06	1
11	rs11022696	2430252	0	-2.936526e-04	-2.928634e-06	1
11	rs11022774	2449571	0	1.517614e-03	1.508774e-05	1
11	rs11022821	2457350	0	-5.681927e-04	-5.672372e-06	1
11	rs11022835	2460491	0	1.021019e-03	1.012005e-05	1
11	rs11022837	2460729	0	1.147113e-03	1.139494e-05	1
11	rs11022922	2479195	0	1.759187e-03	1.753166e-05	1
11	rs11022996	2502326	0	-8.144203e-04	-7.814452e-06	1
11	rs11022998	2502582	0	-8.144203e-04	-7.814451e-06	1
11	rs11023094	2527361	0	-8.455286e-04	-8.260997e-06	1
11	rs11023096	2528003	0	-5.656209e-04	-5.513427e-06	1
11	rs11023179	2543498	2	-8.934802e-04	-8.632040e-06	1
11	rs11023261	2572796	0	2.490857e-04	2.481703e-06	1
11	rs11023267	2574180	0	9.056706e-04	8.985692e-06	1
11	rs11023420	2621098	0	-2.736228e-04	-2.689405e-06	1
11	rs11023425	2622150	0	3.202998e-04	3.132442e-06	1
11	rs11023535	2648624	0	3.326020e-05	3.255431e-07	1
11	rs11023536	2648726	0	-5.177065e-04	-5.108878e-06	1
11	rs11023540	2649810	0	1.738681e-04	1.693025e-06	1
11	rs11023673	2678804	0	2.991286e-04	2.947347e-06	1
11	rs11023738	2699051	0	4.619982e-04	4.593208e-06	1
11	rs11023793	2709733	0	-8.776542e-04	-8.604245e-06	1
11	rs11023827	2715724	0	-8.124711e-04	-8.090125e-06	1
11	rs11023831	2717051	0	3.659086e-06	3.521038e-08	1
11	rs11023834	2719605	0	-6.097808e-04	-6.059598e-06	1
11	rs11023855	2729184	0	-1.846316e-04	-1.831075e-06	1
11	rs11023936	2755552	0	5.657967e-04	5.485332e-06	1
11	rs11023937	2755573	0	5.419159e-04	5.249629e-06	1
11	rs11023994	2775967	0	8.988429e-04	8.903724e-06	1
11	rs11023996	2776448	0	-5.740666e-04	-5.634688e-06	1
11	rs11023999	2778083	0	1.910075e-03	1.905674e-05	1
11	rs11041117	1811119	0	-5.841825e-04	-5.656505e-06	1
11	rs11041153	1819479	0	-2.410486e-04	-2.371627e-06	1
11	rs11041226	1831436	0	-4.441838e-04	-4.291493e-06	1
11	rs11041232	1832636	0	-6.318978e-04	-6.117009e-06	1
11	rs11041233	1832936	0	4.084936e-05	4.019643e-07	1
11	rs11041240	1834923	0	4.084936e-05	4.019643e-07	1
11	rs11041252	1836057	0	4.084936e-05	4.019643e-07	1
11	rs11041255	1836317	0	9.301476e-05	9.265069e-07	1
11	rs11041257	1836370	0	-3.480460e-04	-3.395969e-06	1
11	rs11041266	1837691	0	-5.108048e-04	-4.946315e-06	1
11	rs11041282	1839218	0	4.084936e-05	4.019644e-07	1
11	rs11041287	1840789	0	4.084936e-05	4.019645e-07	1
11	rs11041289	1840922	0	-5.184302e-04	-5.022673e-06	1
11	rs11041294	1841827	0	-1.562698e-04	-1.523486e-06	1
11	rs11041302	1844896	0	-4.142230e-04	-4.048034e-06	1
11	rs11041314	1846601	0	3.789185e-05	3.727672e-07	1
11	rs11041315	1846692	0	3.789185e-05	3.727673e-07	1
11	rs11041318	1847189	0	-4.142230e-04	-4.048034e-06	1
11	rs11041323	1848273	0	-2.850238e-04	-2.796643e-06	1
11	rs11041476	1875067	0	-1.753224e-03	-1.743052e-05	1
11	rs11041481	1876554	0	1.458119e-03	1.436662e-05	1
11	rs11041487	1877274	0	-1.645552e-03	-1.630026e-05	1
11	rs11041501	1879944	0	1.264837e-03	1.250220e-05	1
11	rs11041540	1885026	0	-6.824625e-04	-6.716965e-06	1
11	rs11041553	1888955	0	-3.065945e-04	-3.046938e-06	1
11	rs11041615	1900765	0	3.036301e-04	2.973353e-06	1
11	rs11041665	1906815	0	2.545108e-05	2.454080e-07	1
11	rs11041676	1907940	0	7.541347e-05	7.284586e-07	1
11	rs11041692	1911115	0	4.260608e-04	4.221831e-06	1
11	rs11041941	1961869	0	8.763192e-04	8.485872e-06	1
11	rs11042391	2063598	0	9.881531e-04	9.625599e-06	1
11	rs11042399	2065330	0	-2.226463e-04	-2.191495e-06	1
11	rs11042407	2066970	0	1.147010e-03	1.132686e-05	1
11	rs11042449	2076798	0	4.397979e-04	4.300230e-06	1
11	rs11042455	2078638	0	4.397979e-04	4.300230e-06	1
11	rs11042456	2078742	0	6.267822e-04	6.135483e-06	1
11	rs11042465	2080254	0	4.397979e-04	4.300229e-06	1
11	rs11042545	2107107	0	-3.408410e-04	-3.325006e-06	1
11	rs11042560	2108689	0	-3.408410e-04	-3.325006e-06	1
11	rs11042607	2121817	0	9.529925e-04	9.331728e-06	1
11	rs11042626	2124463	0	9.505165e-04	9.312300e-06	1
11	rs11042628	2124902	0	3.529222e-04	3.406538e-06	1
11	rs11042654	2133759	0	-4.553252e-04	-4.390669e-06	1
11	rs11042699	2140929	0	5.743524e-04	5.579841e-06	1
11	rs11042700	2140946	0	-3.822473e-04	-3.680281e-06	1
11	rs11042735	2147076	0	3.279635e-04	3.234635e-06	1
11	rs11042736	2147337	2	5.510823e-04	5.346463e-06	1
11	rs11042738	2148855	0	4.845445e-04	4.702540e-06	1
11	rs11042751	2149864	0	-2.674720e-05	-2.593447e-07	1
11	rs11042753	2149995	0	3.783467e-04	3.732934e-06	1
11	rs11042774	2153136	1	-1.223257e-03	-1.192784e-05	1
11	rs11042965	2195288	0	4.699305e-04	4.518918e-06	1
11	rs11042966	2195538	0	1.306877e-03	1.283756e-05	1
11	rs11042976	2198259	0	1.611609e-04	1.548644e-06	1
11	rs11042978	2198418	0	2.231091e-04	2.142886e-06	1
11	rs11042982	2199963	0	-1.208252e-04	-1.179061e-06	1
11	rs11043001	2203045	0	7.363016e-05	7.197286e-07	1
11	rs11043030	2209698	0	-1.927546e-04	-1.897275e-06	1
11	rs11043034	2210407	0	2.929330e-04	2.906161e-06	1
11	rs11043047	2215228	0	4.945153e-04	4.761550e-06	1
11	rs11043063	2217400	0	2.584384e-04	2.548475e-06	1
11	rs11043069	2220652	0	-6.029781e-04	-5.972079e-06	1
11	rs11043076	2223474	0	-9.498235e-04	-9.405911e-06	1
11	rs11043129	2232055	0	-3.872783e-04	-3.827720e-06	1
11	rs11043132	2232624	0	-4.920552e-04	-4.810025e-06	1
11	rs11043133	2232665	0	-4.920552e-04	-4.810025e-06	1
11	rs11043134	2232682	0	-4.920552e-04	-4.810024e-06	1
11	rs11043140	2233951	0	-9.410578e-05	-9.081741e-07	1
11	rs11043142	2234042	0	-9.410578e-05	-9.081740e-07	1
11	rs11043143	2234093	0	-6.132975e-04	-6.016301e-06	1
11	rs11043147	2234169	0	-5.805191e-05	-5.593386e-07	1
11	rs1110724	2754582	0	6.234362e-04	6.116129e-06	1
11	rs111229068	2563450	0	-4.613477e-05	-4.543620e-07	1
11	rs111379907	2360950	0	4.743909e-04	4.697523e-06	1
11	rs111380538	2208513	0	3.707362e-04	3.674832e-06	1
11	rs111418711	1820870	0	-1.243294e-04	-1.224939e-06	1
11	rs111447604	2321279	0	-1.792365e-05	-1.765138e-07	1
11	rs111457219	1820955	0	-1.243294e-04	-1.224939e-06	1
11	rs1114926	2301275	0	3.383667e-04	3.234269e-06	1
11	rs111649592	1890844	0	-2.409347e-04	-2.399262e-06	1
11	rs111655093	2363474	0	4.068376e-04	4.030082e-06	1
11	rs111655717	2560785	0	2.088723e-04	2.064868e-06	1
11	rs111667698	2382213	0	1.670150e-04	1.648652e-06	1
11	rs1116714	2617782	0	3.668962e-04	3.581723e-06	1
11	rs1116715	2618110	0	5.643317e-05	5.523534e-07	1
11	rs111708473	2367621	0	4.068376e-04	4.030082e-06	1
11	rs111791202	2369787	0	2.706728e-04	2.677429e-06	1
11	rs111815403	2553341	0	-7.218540e-04	-7.201414e-06	1
11	rs111826047	2292242	0	-8.526949e-04	-8.513907e-06	1
11	rs111884779	2378597	0	4.959169e-05	4.881956e-07	1
11	rs1119488	2663088	0	-1.042380e-04	-1.023374e-06	1
11	rs112057962	2371014	0	2.753471e-04	2.720621e-06	1
11	rs112088589	1927789	0	-2.371430e-04	-2.361420e-06	1
11	rs112106242	2560770	0	2.088723e-04	2.064868e-06	1
11	rs112141251	2376704	0	4.959169e-05	4.881955e-07	1
11	rs112193996	2609632	0	1.254877e-04	1.249331e-06	1
11	rs112313627	1820707	0	1.322945e-03	1.320519e-05	1
11	rs112336409	2374170	0	4.959169e-05	4.881954e-07	1
11	rs112344603	2486699	0	4.432127e-04	4.390370e-06	1
11	rs112425312	2771080	0	8.988429e-04	8.903724e-06	1
11	rs112425794	1868097	0	-4.299549e-05	-4.277334e-07	1
11	rs1124699	2164990	0	-8.551800e-04	-8.489233e-06	1
11	rs112547201	2648208	0	4.342132e-05	4.307953e-07	1
11	rs112592107	2136211	0	9.610622e-05	9.542342e-07	1
11	rs112757947	2390072	0	2.346698e-04	2.325367e-06	1
11	rs112773180	2379257	0	4.959169e-05	4.881954e-07	1
11	rs112873218	1960119	0	-1.809420e-04	-1.777535e-06	1
11	rs112899037	2770992	0	-3.203510e-04	-3.135388e-06	1
11	rs112901624	2379124	0	4.959169e-05	4.881954e-07	1
11	rs112907808	1907610	0	2.176565e-05	2.098642e-07	1
11	rs113172702	2307555	0	2.066090e-05	2.045561e-07	1
11	rs113197807	2278201	0	-4.600367e-04	-4.546425e-06	1
11	rs113255961	2506605	0	1.222568e-03	1.214627e-05	1
11	rs113369546	2770982	0	-3.203510e-04	-3.135388e-06	1
11	rs113441481	2356701	0	4.790652e-04	4.738872e-06	1
11	rs113499987	2342158	0	3.829705e-05	3.814277e-07	1
11	rs113616808	2371018	0	2.753471e-04	2.720620e-06	1
11	rs113648183	1835999	0	1.773347e-03	1.810764e-05	1
11	rs113669149	1902953	0	2.890501e-04	2.876460e-06	1
11	rs113698256	2490739	0	4.432127e-04	4.390370e-06	1
11	rs113828537	2220057	0	-6.050285e-04	-5.998214e-06	1
11	rs113883473	2341848	0	1.878143e-04	1.855041e-06	1
11	rs113894883	2279118	0	8.060071e-05	7.919879e-07	1
11	rs113945618	2210658	0	4.509649e-04	4.401709e-06	1
11	rs113951596	2364801	0	4.068376e-04	4.030082e-06	1
11	rs114001917	1939694	0	3.666961e-04	3.656808e-06	1
11	rs114055065	2534127	0	1.984156e-04	1.975681e-06	1
11	rs114162603	2289128	0	-8.526949e-04	-8.513907e-06	1
11	rs114263649	2121359	0	7.167233e-05	7.099041e-07	1
11	rs114278107	2077056	0	-5.414712e-04	-5.290323e-06	1
11	rs114925068	2282255	0	4.347579e-04	4.330017e-06	1
11	rs11493163	2643084	0	-1.034011e-03	-1.022378e-05	1
11	rs114933670	1890076	0	-6.074762e-06	-5.968100e-08	1
11	rs11499976	2380738	0	1.612654e-04	1.596750e-06	1
11	rs115129911	1937981	0	-2.076602e-04	-2.064598e-06	1
11	rs11517725	2344894	0	-3.051490e-04	-2.978239e-06	1
11	rs115259312	1892946	0	-2.909654e-04	-2.889718e-06	1
11	rs11529115	2343628	0	-3.051490e-04	-2.978239e-06	1
11	rs11529116	2343769	0	-3.051490e-04	-2.978238e-06	1
11	rs11529117	2343777	0	-3.051490e-04	-2.978238e-06	1
11	rs11529118	2343866	0	-3.051490e-04	-2.978238e-06	1
11	rs11529508	2218495	0	-6.050285e-04	-5.998214e-06	1
11	rs11529572	2625861	0	9.576279e-04	9.373967e-06	1
11	rs115426406	2111990	0	-1.970091e-04	-1.956464e-06	1
11	rs11545725	1902793	1	5.175093e-04	5.117038e-06	1
11	rs11554947	2329995	0	-2.006149e-05	-1.932582e-07	1
11	rs115640247	2777435	0	2.302342e-04	2.293582e-06	1
11	rs11564680	2265246	0	4.962994e-04	4.773765e-06	1
11	rs11564681	2263025	0	5.904691e-04	5.685249e-06	1
11	rs11564684	2262325	0	5.350912e-04	5.150619e-06	1
11	rs11564688	2256281	0	5.494559e-04	5.290006e-06	1
11	rs11564689	2256240	0	-6.736629e-04	-6.668191e-06	1
11	rs11564691	2214039	0	2.498695e-04	2.428468e-06	1
11	rs11564699	2213585	0	-2.024757e-04	-2.005488e-06	1
11	rs11564700	2213579	0	2.498695e-04	2.428468e-06	1
11	rs11564701	2213492	0	2.498695e-04	2.428468e-06	1
11	rs11564703	2207209	0	-4.086029e-04	-3.918387e-06	1
11	rs11564704	2207194	0	-4.086029e-04	-3.918387e-06	1
11	rs11564711	2194062	0	4.735986e-04	4.554185e-06	1
11	rs11564713	2191709	0	-4.197854e-04	-4.054537e-06	1
11	rs11564717	2186889	0	5.000323e-04	4.991480e-06	1
11	rs11564723	2178267	0	3.247018e-04	3.222975e-06	1
11	rs11564724	2177429	0	9.205716e-04	9.176283e-06	1
11	rs11564727	2172257	0	1.836784e-04	1.826565e-06	1
11	rs115894051	2557931	0	8.543780e-04	8.538941e-06	1
11	rs11600133	1896843	0	-1.079472e-03	-1.065501e-05	1
11	rs11600952	2101283	0	-3.990601e-04	-3.897476e-06	1
11	rs11600968	2093065	0	-5.344704e-04	-5.220355e-06	1
11	rs11600971	2343441	0	-3.773766e-04	-3.685212e-06	1
11	rs11601537	2437502	0	-7.958150e-04	-7.773839e-06	1
11	rs11602144	2438372	0	-5.745407e-04	-5.596070e-06	1
11	rs11602416	2209676	0	-3.765921e-04	-3.609050e-06	1
11	rs11602585	2101345	0	-5.226774e-04	-5.075529e-06	1
11	rs11602798	1876228	0	5.765126e-04	5.600721e-06	1
11	rs11603101	2232814	0	-4.920552e-04	-4.810023e-06	1
11	rs11603218	2132428	0	-1.196327e-04	-1.190703e-06	1
11	rs116033749	1919269	0	-2.471895e-04	-2.462406e-06	1
11	rs11604893	2242540	0	3.527889e-04	3.386607e-06	1
11	rs11605072	2436733	0	-1.019297e-03	-9.996132e-06	1
11	rs11606404	2241215	0	1.202611e-03	1.172445e-05	1
11	rs11607369	2440560	0	-1.812339e-04	-1.751969e-06	1
11	rs11607893	1819030	0	-6.419144e-05	-6.234360e-07	1
11	rs116185088	1939037	0	3.666961e-04	3.656808e-06	1
11	rs116549635	2291050	0	-8.526949e-04	-8.513907e-06	1
11	rs116624254	1977651	9	-2.445662e-04	-2.429419e-06	1
11	rs116862756	2123710	0	-3.669054e-04	-3.658404e-06	1
11	rs116915405	2231001	0	2.490263e-04	2.474688e-06	1
11	rs116953923	2298186	0	3.711650e-04	3.699106e-06	1
11	rs117017419	2536447	0	1.984156e-04	1.975681e-06	1
11	rs117021869	2422034	0	7.317323e-05	7.249469e-07	1
11	rs117029470	1886660	0	9.645304e-05	9.587153e-07	1
11	rs117071645	2095878	0	1.152160e-04	1.145234e-06	1
11	rs117091272	1977240	9	-1.452138e-04	-1.438095e-06	1
11	rs117212336	2116314	0	5.068348e-05	5.035456e-07	1
11	rs117226797	2225185	0	2.569819e-04	2.561349e-06	1
11	rs117253123	2255249	0	-2.333498e-04	-2.323472e-06	1
11	rs117259562	2568765	0	-1.719492e-05	-1.718199e-07	1
11	rs117305030	2545420	0	1.984156e-04	1.975681e-06	1
11	rs117375634	2408146	0	7.429986e-05	7.360832e-07	1
11	rs117403190	2151841	1	4.207846e-04	4.165955e-06	1
11	rs117466090	1941033	0	-2.906669e-04	-2.894411e-06	1
11	rs117520198	2212843	0	2.242698e-05	2.213078e-07	1
11	rs117553614	2013454	10	1.061415e-04	1.056693e-06	1
11	rs117587169	2207224	0	1.832666e-04	1.825330e-06	1
11	rs117600357	2325192	0	-3.955213e-04	-3.939030e-06	1
11	rs117619867	1957794	0	-1.220949e-04	-1.213079e-06	1
11	rs117634812	2375577	0	1.023782e-05	1.010773e-07	1
11	rs117662044	2228978	0	-7.779541e-05	-7.751279e-07	1
11	rs117693013	2198479	0	5.577531e-04	5.540457e-06	1
11	rs117708787	2626072	0	-8.412140e-04	-8.428435e-06	1
11	rs117737404	2366093	0	-9.582047e-05	-9.505331e-07	1
11	rs117739978	2228098	0	-3.234891e-04	-3.196107e-06	1
11	rs117741629	2547468	0	1.984156e-04	1.975681e-06	1
11	rs117893171	2631758	0	1.860483e-05	1.853435e-07	1
11	rs117895267	2248200	0	4.839811e-04	4.767019e-06	1
11	rs117922301	1881074	0	-2.931420e-04	-2.913845e-06	1
11	rs117939040	2540578	0	1.984156e-04	1.975681e-06	1
11	rs117996750	2117063	0	-3.132572e-04	-3.118945e-06	1
11	rs118001540	2133442	0	-7.006835e-05	-6.964106e-07	1
11	rs118027258	2359163	0	-5.530643e-05	-5.412412e-07	1
11	rs118038234	2429856	0	-7.135607e-06	-6.990627e-08	1
11	rs118137099	2216116	0	1.832666e-04	1.825330e-06	1
11	rs11819945	2279309	0	-6.050846e-04	-5.968908e-06	1
11	rs11820026	2586682	0	3.813034e-04	3.788807e-06	1
11	rs11820059	2280098	0	-4.091865e-04	-4.060830e-06	1
11	rs11820624	2345432	0	4.354077e-04	4.310215e-06	1
11	rs11821100	2491604	0	1.427589e-03	1.418757e-05	1
11	rs11821325	2775121	0	8.988429e-04	8.903724e-06	1
11	rs11821527	2282870	0	-4.091865e-04	-4.060830e-06	1
11	rs11821551	2283027	0	-4.554682e-04	-4.532175e-06	1
11	rs11821581	2279399	0	-3.573309e-04	-3.546342e-06	1
11	rs11822186	2586885	0	5.949781e-04	5.929625e-06	1
11	rs11822454	2275287	0	4.689153e-04	4.597190e-06	1
11	rs11822631	2620534	0	2.619968e-04	2.564073e-06	1
11	rs11823023	2552769	0	-1.882857e-04	-1.840566e-06	1
11	rs11823629	1950647	0	-2.629704e-04	-2.566224e-06	1
11	rs11824286	2472055	0	7.477080e-04	7.339799e-06	1
11	rs11825579	2076043	0	-4.432237e-05	-4.354442e-07	1
11	rs11825597	2774561	0	1.234999e-03	1.229336e-05	1
11	rs11826219	2576397	0	-2.532836e-04	-2.517045e-06	1
11	rs11826831	1810621	0	8.163888e-04	8.130785e-06	1
11	rs11826873	2541165	0	-2.369192e-04	-2.315478e-06	1
11	rs11828243	2352844	0	4.743909e-04	4.697522e-06	1
11	rs11828404	2574845	0	7.290412e-04	7.242676e-06	1
11	rs12221520	2584917	0	6.302476e-04	6.177553e-06	1
11	rs12222609	2297093	1	-4.105374e-04	-4.042660e-06	1
11	rs12224088	2217358	0	-5.714908e-04	-5.674298e-06	1
11	rs12224967	2321284	1	-6.072413e-04	-5.866921e-06	1
11	rs12272733	2106729	0	-5.472866e-04	-5.425211e-06	1
11	rs12273083	1925694	0	6.889632e-04	6.624917e-06	1
11	rs12273963	2296176	0	-3.341802e-05	-3.289016e-07	1
11	rs12274567	2474956	0	-4.806735e-04	-4.745127e-06	1
11	rs12276159	2237474	0	-3.013841e-05	-2.983509e-07	1
11	rs12276321	2143313	0	9.075555e-05	8.948778e-07	1
11	rs12276721	2225974	0	-3.234891e-04	-3.196107e-06	1
11	rs12276847	2323022	0	-3.218324e-04	-3.112895e-06	1
11	rs12277489	2386269	0	2.868829e-04	2.843205e-06	1
11	rs12277672	2619963	0	2.803115e-04	2.728839e-06	1
11	rs12278109	2268695	0	-3.013841e-05	-2.983509e-07	1
11	rs12279024	2620190	0	2.803115e-04	2.728839e-06	1
11	rs12279951	2269671	0	-3.013841e-05	-2.983509e-07	1
11	rs12280926	2430390	0	1.032449e-04	1.027800e-06	1
11	rs12280952	2488873	0	1.725902e-03	1.730000e-05	1
11	rs12282068	2258686	0	2.624659e-04	2.525264e-06	1
11	rs12282231	2295628	0	-3.341802e-05	-3.289016e-07	1
11	rs12282361	2295852	0	-3.341802e-05	-3.289015e-07	1
11	rs12282937	2598552	0	-1.311520e-04	-1.266351e-06	1
11	rs12283619	2528718	0	1.286792e-04	1.274358e-06	1
11	rs12283789	2289424	0	2.307082e-04	2.271483e-06	1
11	rs12284746	2277229	0	-2.634882e-04	-2.602323e-06	1
11	rs12287110	2771120	0	-3.203510e-04	-3.135387e-06	1
11	rs12288422	2500159	0	2.455967e-04	2.429238e-06	1
11	rs12288463	2470093	0	-1.043085e-03	-1.033730e-05	1
11	rs12288640	1881978	0	-4.661319e-04	-4.628546e-06	1
11	rs12288980	2082423	0	4.064523e-04	3.969818e-06	1
11	rs12289134	2295826	0	-7.708564e-05	-7.597907e-07	1
11	rs12289730	2528983	0	3.081400e-04	3.066492e-06	1
11	rs12290802	2121754	0	1.219888e-04	1.175610e-06	1
11	rs12290942	2386148	0	1.429484e-04	1.398470e-06	1
11	rs12291776	1891241	0	-3.196691e-04	-3.175772e-06	1
11	rs12292054	1818457	0	7.538200e-04	7.299064e-06	1
11	rs12292212	2222913	0	-5.189583e-05	-5.118116e-07	1
11	rs12292286	2457147	0	-5.681927e-04	-5.672372e-06	1
11	rs12296050	2489342	0	1.820631e-03	1.822616e-05	1
11	rs12360772	1899962	0	-2.540617e-04	-2.486569e-06	1
11	rs12361938	2233522	0	-4.340033e-04	-4.289229e-06	1
11	rs12361974	2253319	0	1.460579e-04	1.437675e-06	1
11	rs12363029	2233796	0	-4.340033e-04	-4.289229e-06	1
11	rs12365075	2250672	0	-6.488995e-04	-6.419911e-06	1
11	rs12365147	2083709	0	3.882773e-04	3.791435e-06	1
11	rs12365197	2648581	0	-5.755169e-04	-5.660052e-06	1
11	rs12366178	2258786	0	2.062463e-04	2.025578e-06	1
11	rs12416967	1891905	0	3.606524e-04	3.544997e-06	1
11	rs12417261	1900441	0	-3.942844e-04	-3.916403e-06	1
11	rs12417332	2167187	0	1.076015e-04	1.050985e-06	1
11	rs12417933	2288303	0	1.536418e-04	1.498071e-06	1
11	rs12418076	2689100	0	-7.379501e-04	-7.301533e-06	1
11	rs12418303	2209413	0	2.286434e-04	2.239245e-06	1
11	rs12418543	1894163	0	1.250680e-03	1.222050e-05	1
11	rs12418686	2107122	0	-3.408410e-04	-3.325005e-06	1
11	rs12419393	1951526	0	-4.396553e-04	-4.295910e-06	1
11	rs12419444	2209658	0	2.242698e-05	2.213078e-07	1
11	rs12420273	1949846	0	-1.547646e-04	-1.508105e-06	1
11	rs12420709	1957246	0	-2.693811e-04	-2.665094e-06	1
11	rs12420721	2237667	0	9.139594e-04	8.929769e-06	1
11	rs12573965	2681632	0	5.054153e-04	4.987432e-06	1
11	rs12574151	2681118	0	2.991286e-04	2.947347e-06	1
11	rs12575355	2566118	0	8.526315e-04	8.453330e-06	1
11	rs12575480	2107655	0	-3.408410e-04	-3.325005e-06	1
11	rs12575785	2108794	0	-8.881275e-04	-8.674079e-06	1
11	rs12576156	2498818	0	1.545263e-03	1.545588e-05	1
11	rs12576239	2502319	0	1.410254e-03	1.407576e-05	1
11	rs12576481	2448714	0	-3.295452e-04	-3.273315e-06	1
11	rs12708355	2217850	0	-1.134420e-04	-1.103105e-06	1
11	rs12789600	2782348	0	1.327654e-03	1.318113e-05	1
11	rs12792651	2063051	0	1.082949e-03	1.060394e-05	1
11	rs12797350	2776524	0	-2.106073e-04	-2.094676e-06	1
11	rs12797641	2625062	0	8.164724e-04	7.984252e-06	1
11	rs12797765	2343506	0	-3.051490e-04	-2.978237e-06	1
11	rs12799224	2343516	0	-3.051490e-04	-2.978237e-06	1
11	rs12799862	2625126	0	6.029457e-04	5.897172e-06	1
11	rs12801583	2504321	0	5.169199e-05	5.107398e-07	1
11	rs12801875	1888341	0	-5.379624e-04	-5.281502e-06	1
11	rs12802552	1896511	0	7.024584e-04	6.878309e-06	1
11	rs12804860	2777935	0	1.961902e-04	1.919175e-06	1
11	rs12806495	2068776	0	1.147010e-03	1.132686e-05	1
11	rs12807061	2325901	0	7.310690e-04	7.226048e-06	1
11	rs129072	2745420	0	1.363461e-03	1.356759e-05	1
11	rs138284862	1893107	2	5.051791e-04	4.994711e-06	1
11	rs138776338	2140707	0	1.859825e-04	1.835596e-06	1
11	rs139402741	2389670	0	-1.556816e-04	-1.551449e-06	1
11	rs1398255	1845845	0	-1.498221e-04	-1.468517e-06	1
11	rs139921606	2109585	0	4.885268e-04	4.863907e-06	1
11	rs141497267	2148612	0	-3.445595e-04	-3.432647e-06	1
11	rs142314057	1821985	0	-1.243294e-04	-1.224938e-06	1
11	rs142665764	1810908	0	3.953194e-04	3.936679e-06	1
11	rs142787963	2374314	0	4.959169e-05	4.881950e-07	1
11	rs143057327	2105673	0	1.152160e-04	1.145234e-06	1
11	rs143889176	2409617	0	-2.070944e-04	-2.058402e-06	1
11	rs144586870	2104159	0	-5.182064e-04	-5.146731e-06	1
11	rs144733801	2102978	0	-5.955602e-04	-5.909011e-06	1
11	rs1459825	2689546	0	-5.355091e-05	-5.235501e-07	1
11	rs147148482	2486753	0	3.508086e-04	3.490225e-06	1
11	rs147239461	1986402	9	-3.606766e-04	-3.585398e-06	1
11	rs147295758	2361059	0	5.239420e-04	5.189589e-06	1
11	rs148414697	2145924	0	2.110945e-04	2.100612e-06	1
11	rs148749891	2165476	0	-4.334480e-04	-4.315287e-06	1
11	rs148980993	1932647	0	3.874065e-04	3.865164e-06	1
11	rs149007178	1828308	0	1.635232e-04	1.608578e-06	1
11	rs149027915	2104098	0	-5.182064e-04	-5.146731e-06	1
11	rs149658560	2767262	0	-7.822875e-05	-7.785377e-07	1
11	rs1501466	2320884	0	8.670461e-04	8.484576e-06	1
11	rs1501467	2324692	0	-4.252968e-04	-4.120207e-06	1
11	rs1501470	2365888	0	1.688780e-04	1.670914e-06	1
11	rs150224635	1809553	0	4.238910e-05	4.190307e-07	1
11	rs150340979	2151342	0	2.198949e-04	2.189994e-06	1
11	rs151212	2690293	0	8.100027e-05	7.791406e-07	1
11	rs151214	2681439	0	-1.195034e-04	-1.189144e-06	1
11	rs151216	2680815	0	2.977120e-04	2.929261e-06	1
11	rs151291	2774839	0	-1.272011e-04	-1.231204e-06	1
11	rs151292	2775308	0	-5.252404e-04	-5.154804e-06	1
11	rs1548427	2282725	2	9.368653e-05	9.205386e-07	1
11	rs1548428	2282904	0	-6.359294e-04	-6.254646e-06	1
11	rs1604343	2371400	0	2.184812e-04	2.166241e-06	1
11	rs16924843	2605189	0	2.394685e-05	2.366342e-07	1
11	rs16927166	1956104	0	3.750628e-04	3.731663e-06	1
11	rs16927576	1836796	0	4.084936e-05	4.019652e-07	1
11	rs16927578	1837080	0	-4.764836e-04	-4.607610e-06	1
11	rs16927579	1842250	0	4.084936e-05	4.019653e-07	1
11	rs16928049	2284928	0	-2.168460e-05	-2.133348e-07	1
11	rs16928078	2320013	0	1.269535e-03	1.260761e-05	1
11	rs16928079	2320558	0	1.066447e-03	1.053791e-05	1
11	rs16928081	2320966	0	-1.994006e-04	-1.971683e-06	1
11	rs16928084	2322954	0	1.066447e-03	1.053791e-05	1
11	rs16928120	2350742	0	2.748398e-04	2.694931e-06	1
11	rs16928242	2421531	0	-1.443114e-04	-1.428125e-06	1
11	rs16928297	2486120	0	1.947169e-03	1.958588e-05	1
11	rs16928363	2533291	0	-7.592431e-04	-7.562908e-06	1
11	rs16928366	2537260	0	-7.993016e-04	-7.807161e-06	1
11	rs16928538	2698634	0	-3.571110e-04	-3.555752e-06	1
11	rs16928561	2715455	0	-9.779602e-05	-9.696601e-07	1
11	rs170762	2672237	0	3.619725e-04	3.568515e-06	1
11	rs17173834	1911439	0	5.843854e-04	5.769785e-06	1
11	rs1717769	1878462	0	1.454434e-03	1.432950e-05	1
11	rs17247103	1843421	0	-1.077021e-04	-1.048895e-06	1
11	rs17247136	1844221	0	-4.142230e-04	-4.048034e-06	1
11	rs17247254	1846972	0	-4.142230e-04	-4.048033e-06	1
11	rs17247318	1849248	0	-5.298650e-04	-5.180870e-06	1
11	rs17248845	2280751	0	2.950952e-04	2.928760e-06	1
11	rs17659078	2284590	0	5.170994e-05	5.039796e-07	1
11	rs17737404	2270342	0	-2.333498e-04	-2.323472e-06	1
11	rs17737713	2283459	0	-1.675763e-04	-1.647877e-06	1
11	rs17739786	2423623	0	2.661501e-04	2.639817e-06	1
11	rs17835310	1837050	0	-3.071967e-04	-2.967293e-06	1
11	rs17880206	2167641	0	-5.827548e-04	-5.795358e-06	1
11	rs17883577	2169773	0	4.922578e-04	4.872133e-06	1
11	rs17885652	2167303	0	8.507142e-04	8.305603e-06	1
11	rs179406	2526201	0	-1.124571e-04	-1.083596e-06	1
11	rs179407	2526898	0	1.158628e-03	1.160056e-05	1
11	rs179428	2550509	0	1.111039e-03	1.091162e-05	1
11	rs179429	2550730	0	2.097622e-04	2.048079e-06	1
11	rs179430	2550975	0	2.069337e-04	2.022806e-06	1
11	rs179431	2552148	0	9.271938e-04	9.036673e-06	1
11	rs179486	2590497	0	-3.337284e-04	-3.263088e-06	1
11	rs1806911	1897440	0	-4.355539e-04	-4.321506e-06	1
11	rs180797863	2352740	0	4.068376e-04	4.030081e-06	1
11	rs1815029	1834218	0	-3.157463e-04	-3.077380e-06	1
11	rs182564433	2353559	3	1.590298e-03	1.605344e-05	1
11	rs1858963	2270703	0	-3.013841e-05	-2.983508e-07	1
11	rs1859080	2456473	0	1.147113e-03	1.139494e-05	1
11	rs185958163	2279129	0	4.347579e-04	4.330016e-06	1
11	rs186376420	2770905	1	-3.579906e-04	-3.505518e-06	1
11	rs186539184	1926382	6	-2.667316e-04	-2.657237e-06	1
11	rs186928460	2409964	2	2.441591e-04	2.421395e-06	1
11	rs1875427	2372336	0	8.874418e-05	8.772596e-07	1
11	rs1877444	1861225	0	-1.276320e-03	-1.262041e-05	1
11	rs187877160	2355818	0	4.743909e-04	4.697522e-06	1
11	rs1879667	1880782	0	-3.182441e-04	-3.156036e-06	1
11	rs188839109	2323089	0	-1.293035e-05	-1.282463e-07	1
11	rs189137	2679310	0	6.691061e-04	6.598022e-06	1
11	rs189204687	1893326	0	2.198233e-04	2.190902e-06	1
11	rs189852986	2353931	0	2.451674e-04	2.421670e-06	1
11	rs190913994	1893764	1	-1.078669e-04	-1.068411e-06	1
11	rs1971929	2773371	0	-3.733209e-04	-3.656895e-06	1
11	rs1973765	1898664	0	-5.279806e-04	-5.105279e-06	1
11	rs1983255	1836032	0	3.912320e-04	3.785907e-06	1
11	rs1985624	1896777	0	8.900281e-04	8.725626e-06	1
11	rs200035703	2565522	3	-9.003499e-04	-9.006715e-06	1
11	rs2001487	1877512	0	1.454434e-03	1.432950e-05	1
11	rs2001488	1877519	0	3.283416e-04	3.194914e-06	1
11	rs200985622	2208823	0	-9.235111e-04	-9.199650e-06	1
11	rs2011750	2534483	0	-9.718244e-04	-9.520445e-06	1
11	rs2011766	2534262	0	-1.115642e-03	-1.096197e-05	1
11	rs2012360	2531765	0	-2.312151e-03	-2.353775e-05	1
11	rs2012618	2531256	0	-2.018549e-03	-2.034605e-05	1
11	rs2014073	2440805	0	-1.401010e-04	-1.354996e-06	1
11	rs2014292	2440518	0	-7.254771e-05	-7.032218e-07	1
11	rs2019938	2402747	0	-1.102248e-03	-1.081301e-05	1
11	rs2072072	2290196	0	7.796916e-05	7.516732e-07	1
11	rs2074013	2281231	0	-6.569402e-04	-6.478403e-06	1
11	rs2074021	2323528	0	7.169733e-04	7.083570e-06	1
11	rs2074022	2324041	0	5.175727e-04	5.142089e-06	1
11	rs2074236	2439621	0	-7.254771e-05	-7.032222e-07	1
11	rs2074238	2484803	0	8.838977e-05	8.705511e-07	1
11	rs2074239	2485092	0	1.815161e-03	1.821869e-05	1
11	rs2075873	2482555	0	1.310602e-04	1.297595e-06	1
11	rs2077078	2322136	0	1.066447e-03	1.053791e-05	1
11	rs2077113	2326657	0	6.981759e-04	6.903385e-06	1
11	rs2079046	2498678	0	-2.084353e-04	-2.068840e-06	1
11	rs2089908	1873950	0	7.203988e-04	7.027709e-06	1
11	rs2089909	1874266	0	6.561886e-04	6.389524e-06	1
11	rs2089910	1874404	0	6.561886e-04	6.389524e-06	1
11	rs2097618	2531474	0	-9.910352e-04	-9.582676e-06	1
11	rs2097686	2383401	0	-8.641477e-04	-8.519659e-06	1
11	rs2106201	2617058	0	2.710195e-04	2.647013e-06	1
11	rs2106202	2617108	0	2.839970e-04	2.767190e-06	1
11	rs2106465	2637318	0	-1.161342e-03	-1.127303e-05	1
11	rs2106603	2299577	0	-2.649935e-04	-2.557997e-06	1
11	rs2106604	2341157	0	-2.620630e-04	-2.558504e-06	1
11	rs2106606	2357563	0	-1.231629e-04	-1.194641e-06	1
11	rs2137320	1884342	0	-3.806603e-04	-3.671790e-06	1
11	rs2137322	1917354	0	-1.219961e-03	-1.187611e-05	1
11	rs2139976	1836208	0	-2.711853e-04	-2.617068e-06	1
11	rs2157760	2615600	0	4.198619e-04	4.105075e-06	1
11	rs2157761	2526154	0	-2.129542e-04	-2.104270e-06	1
11	rs2157980	2360072	0	-1.192267e-03	-1.167532e-05	1
11	rs2173887	2357128	0	-6.613429e-04	-6.440396e-06	1
11	rs2173888	2357108	0	-1.869520e-04	-1.818593e-06	1
11	rs2188197	2568711	0	9.419088e-04	9.353720e-06	1
11	rs2230949	2154188	0	5.316090e-04	5.265121e-06	1
11	rs2234278	2423913	0	-7.092928e-04	-7.076010e-06	1
11	rs2234279	2424541	0	-2.808802e-04	-2.777884e-06	1
11	rs2234290	2323619	0	7.446142e-04	7.188555e-06	1
11	rs2234297	2330077	0	-2.203407e-04	-2.154924e-06	1
11	rs2234307	2337650	0	-1.841748e-04	-1.834846e-06	1
11	rs2234308	2337693	0	5.977063e-04	5.887618e-06	1
11	rs2234310	2338038	0	1.878143e-04	1.855039e-06	1
11	rs2234315	2339041	0	1.878143e-04	1.855039e-06	1
11	rs2237859	2328364	0	6.546246e-04	6.461646e-06	1
11	rs2237860	2328693	0	3.590158e-04	3.562469e-06	1
11	rs2237861	2328707	0	3.047017e-04	3.021877e-06	1
11	rs2237862	2328795	0	3.090655e-04	3.054628e-06	1
11	rs2237864	2529779	0	-1.420947e-03	-1.404876e-05	1
11	rs2237866	2530162	0	-1.458826e-03	-1.442836e-05	1
11	rs2237867	2536363	0	-4.098467e-04	-4.019216e-06	1
11	rs2237868	2536525	0	-7.592431e-04	-7.562909e-06	1
11	rs2237869	2537751	0	-2.369192e-04	-2.315477e-06	1
11	rs2237871	2538103	0	-2.384740e-04	-2.336142e-06	1
11	rs2237872	2538257	0	-3.905342e-04	-3.821415e-06	1
11	rs2237874	2761999	0	2.935965e-04	2.923725e-06	1
11	rs2237877	2766234	0	-2.264334e-04	-2.224608e-06	1
11	rs2237878	2766282	0	-5.720432e-04	-5.658453e-06	1
11	rs2239681	2167981	0	6.122722e-05	5.984552e-07	1
11	rs2244891	2319355	0	-5.309502e-04	-5.151219e-06	1
11	rs2251711	2331053	0	3.565573e-04	3.535689e-06	1
11	rs2271439	1901467	0	-6.024775e-04	-5.897222e-06	1
11	rs2271440	1902954	0	-3.816005e-04	-3.790454e-06	1
11	rs2283148	2409250	0	-1.523967e-03	-1.508087e-05	1
11	rs2283150	2544148	0	-2.095786e-03	-2.121947e-05	1
11	rs2283151	2544236	0	-2.076482e-03	-2.087247e-05	1
11	rs2283152	2544871	0	-2.006304e-03	-2.011673e-05	1
11	rs2283156	2568970	0	8.593093e-04	8.534829e-06	1
11	rs2283158	2569734	0	9.419088e-04	9.353720e-06	1
11	rs2283159	2569903	0	-1.095067e-03	-1.099856e-05	1
11	rs2283161	2569989	0	9.896011e-04	9.827477e-06	1
11	rs2283164	2579163	0	-1.163421e-03	-1.165869e-05	1
11	rs2283168	2580212	0	1.455574e-04	1.404628e-06	1
11	rs2283171	2595287	0	6.494759e-04	6.269814e-06	1
11	rs2283175	2612561	0	-1.839067e-04	-1.807192e-06	1
11	rs2283177	2612871	0	1.879262e-04	1.872443e-06	1
11	rs2283178	2613430	0	4.942966e-04	4.853514e-06	1
11	rs2283194	2722667	0	-4.000853e-05	-3.971465e-07	1
11	rs2283200	2729340	0	-4.980233e-05	-4.941068e-07	1
11	rs2283208	2743859	0	-9.059204e-04	-8.783522e-06	1
11	rs2283210	2747905	0	2.564850e-05	2.557508e-07	1
11	rs2283220	2755548	0	5.644526e-04	5.473137e-06	1
11	rs2283221	2755580	0	5.657967e-04	5.485332e-06	1
11	rs2283222	2755601	0	5.657967e-04	5.485332e-06	1
11	rs2285567	2288803	0	6.157046e-05	5.853169e-07	1
11	rs2285568	2321899	0	-1.792365e-05	-1.765132e-07	1
11	rs2292473	1950906	0	2.068919e-04	2.020100e-06	1
11	rs2299617	2547106	0	-4.808623e-04	-4.765770e-06	1
11	rs2299618	2614722	0	4.046786e-04	3.971243e-06	1
11	rs2301698	2437425	0	8.400303e-04	8.145121e-06	1
11	rs231341	2679050	0	4.020806e-04	3.953671e-06	1
11	rs231342	2678867	0	2.614727e-04	2.568775e-06	1
11	rs231343	2678653	0	2.963283e-04	2.916250e-06	1
11	rs231344	2677361	0	2.213646e-04	2.180748e-06	1
11	rs231345	2677000	0	1.428414e-04	1.403762e-06	1
11	rs231346	2676639	0	2.834493e-04	2.787707e-06	1
11	rs231347	2674436	0	9.917381e-05	9.736558e-07	1
11	rs231348	2673681	0	2.397817e-04	2.356740e-06	1
11	rs231349	2672821	0	3.183049e-04	3.136002e-06	1
11	rs231362	2691471	0	-3.884183e-04	-3.747196e-06	1
11	rs231364	2682676	0	5.312714e-04	5.254081e-06	1
11	rs231844	2737029	0	1.850443e-03	1.892395e-05	1
11	rs231845	2736683	0	1.316644e-03	1.319593e-05	1
11	rs231846	2736601	0	1.423052e-03	1.436224e-05	1
11	rs231847	2736183	0	1.085800e-04	1.042283e-06	1
11	rs231879	2761382	0	-2.213699e-04	-2.178083e-06	1
11	rs231880	2759090	0	5.093464e-04	4.927593e-06	1
11	rs231901	2731185	0	1.252274e-03	1.253110e-05	1
11	rs231914	2749376	0	1.324323e-03	1.295364e-05	1
11	rs231918	2742925	0	1.571850e-03	1.575369e-05	1
11	rs2412055	2667663	0	-1.700939e-04	-1.671712e-06	1
11	rs2412114	2305186	0	-5.523167e-04	-5.347185e-06	1
11	rs2412115	2305141	0	-3.312863e-04	-3.200495e-06	1
11	rs2412116	2305083	0	1.285633e-04	1.224327e-06	1
11	rs2412117	2305012	0	-3.312863e-04	-3.200495e-06	1
11	rs2412118	2304979	0	-4.747968e-04	-4.594500e-06	1
11	rs2412119	2304800	0	-2.649935e-04	-2.557998e-06	1
11	rs2521240	2373102	0	-1.166724e-03	-1.138589e-05	1
11	rs2521259	2306339	0	-4.337666e-04	-4.170943e-06	1
11	rs2521267	2319933	0	-3.403297e-04	-3.261960e-06	1
11	rs2521270	2325108	0	5.791347e-04	5.716207e-06	1
11	rs2521271	2325868	0	7.310690e-04	7.226048e-06	1
11	rs2521272	2327151	0	5.791347e-04	5.716207e-06	1
11	rs2521273	2330400	0	3.565573e-04	3.535690e-06	1
11	rs2521274	2330479	0	3.565573e-04	3.535690e-06	1
11	rs2521275	2330563	0	-2.841299e-04	-2.784014e-06	1
11	rs2521276	2330977	0	3.565573e-04	3.535690e-06	1
11	rs2521278	2331096	0	3.565573e-04	3.535690e-06	1
11	rs2521279	2331214	0	3.565573e-04	3.535690e-06	1
11	rs2521280	2331307	0	7.166660e-05	7.101984e-07	1
11	rs2521281	2331444	0	-3.049522e-04	-2.991843e-06	1
11	rs2521282	2339737	0	-1.406364e-04	-1.365998e-06	1
11	rs2521283	2341572	0	-1.406364e-04	-1.365998e-06	1
11	rs2521284	2341677	0	-1.406364e-04	-1.365998e-06	1
11	rs2521285	2341836	0	-5.077014e-04	-4.931547e-06	1
11	rs2521286	2341971	0	-1.406364e-04	-1.365997e-06	1
11	rs2521287	2342356	0	-1.053610e-03	-1.028990e-05	1
11	rs2521288	2342763	0	-2.620630e-04	-2.558500e-06	1
11	rs2521289	2343016	0	-5.799290e-04	-5.633913e-06	1
11	rs2521291	2344876	0	-3.051490e-04	-2.978230e-06	1
11	rs2521292	2345948	0	-3.469736e-04	-3.381086e-06	1
11	rs2521294	2348778	0	-2.419740e-04	-2.363279e-06	1
11	rs2521295	2348860	0	-1.328705e-03	-1.319917e-05	1
11	rs2521296	2348907	0	-2.172106e-04	-2.121226e-06	1
11	rs2521297	2349756	0	-1.044960e-03	-1.019650e-05	1
11	rs2521298	2349795	0	-1.089473e-03	-1.062674e-05	1
11	rs2521300	2359132	0	-1.228153e-03	-1.202939e-05	1
11	rs2522006	2552382	0	9.748638e-04	9.509214e-06	1
11	rs2585	2150444	0	2.435422e-04	2.356591e-06	1
11	rs2651779	2344270	0	-3.051490e-04	-2.978227e-06	1
11	rs2651780	2345261	0	-3.842614e-04	-3.750375e-06	1
11	rs2651781	2345677	0	-3.051490e-04	-2.978227e-06	1
11	rs2651783	2345890	0	-3.469736e-04	-3.381083e-06	1
11	rs2651784	2347549	0	-1.982739e-04	-1.932687e-06	1
11	rs2651791	2358554	0	-2.317440e-04	-2.257269e-06	1
11	rs2651792	2358027	0	-6.376698e-04	-6.205928e-06	1
11	rs2651793	2357771	0	-1.083686e-03	-1.057709e-05	1
11	rs2651794	2356769	0	-1.278372e-04	-1.239694e-06	1
11	rs2651795	2356603	0	-1.278372e-04	-1.239694e-06	1
11	rs2651797	2354598	0	-8.233337e-04	-7.993445e-06	1
11	rs2651800	2352748	0	-1.083686e-03	-1.057709e-05	1
11	rs2651802	2350322	0	-1.142900e-03	-1.119303e-05	1
11	rs2651803	2349462	0	-1.044960e-03	-1.019650e-05	1
11	rs2651804	2348619	0	-2.419740e-04	-2.363274e-06	1
11	rs2651807	2378840	0	-6.844378e-04	-6.709717e-06	1
11	rs2651811	2376637	0	-8.458005e-04	-8.341731e-06	1
11	rs2651817	2371054	0	-8.446230e-04	-8.193834e-06	1
11	rs2651819	2327188	0	5.791347e-04	5.716210e-06	1
11	rs2651821	2330930	0	3.565573e-04	3.535693e-06	1
11	rs2651823	2321650	0	7.391166e-04	7.149681e-06	1
11	rs2651838	2319531	0	9.112812e-04	8.841991e-06	1
11	rs2651842	2401665	0	-1.544700e-03	-1.537060e-05	1
11	rs2651843	2341732	0	-5.077014e-04	-4.931536e-06	1
11	rs2651844	2341861	0	-5.077014e-04	-4.931535e-06	1
11	rs2668848	2003020	9	1.937482e-03	1.910519e-05	1
11	rs2668858	1957021	0	4.643427e-04	4.538218e-06	1
11	rs2668870	1942170	0	3.411947e-04	3.377921e-06	1
11	rs2685284	1878073	0	1.454434e-03	1.432950e-05	1
11	rs2734510	1948961	0	-4.882917e-04	-4.719958e-06	1
11	rs2735466	2002975	9	1.899327e-03	1.869125e-05	1
11	rs2741963	2552379	1	3.702072e-04	3.617439e-06	1
11	rs28454099	2354215	0	-1.098698e-03	-1.072077e-05	1
11	rs28482372	1962586	0	-1.400381e-04	-1.393792e-06	1
11	rs28574682	2148157	1	1.212891e-04	1.172230e-06	1
11	rs28730663	2549061	0	-7.965668e-04	-7.953886e-06	1
11	rs28971510	1914975	0	-1.695358e-04	-1.623375e-06	1
11	rs2898889	2295768	0	-5.247879e-05	-5.063215e-07	1
11	rs2937373	2358621	0	-3.169224e-04	-3.098992e-06	1
11	rs3168310	2152541	0	6.169906e-06	5.503312e-08	1
11	rs3213221	2157044	0	-9.749745e-05	-9.406593e-07	1
11	rs3213225	2156536	0	-3.065500e-04	-2.961126e-06	1
11	rs3213229	2155876	0	6.956201e-04	6.901113e-06	1
11	rs3213232	2154964	0	6.766651e-04	6.705624e-06	1
11	rs34273392	2472744	0	-4.518659e-04	-4.457680e-06	1
11	rs34350821	2438963	0	-5.260269e-05	-5.163683e-07	1
11	rs34364959	2432666	0	4.576383e-05	4.500209e-07	1
11	rs34740827	1834306	0	7.579464e-04	7.405317e-06	1
11	rs34847331	2501159	0	-8.144203e-04	-7.814441e-06	1
11	rs34861825	2782581	0	1.002396e-03	9.903151e-06	1
11	rs34960665	2571476	0	-1.310126e-04	-1.282150e-06	1
11	rs34989321	2232544	0	-4.084682e-04	-4.047735e-06	1
11	rs35197079	2464044	0	1.036818e-03	1.026216e-05	1
11	rs35241556	1891886	0	-3.196691e-04	-3.175771e-06	1
11	rs35321559	2772723	0	-4.100090e-04	-4.083116e-06	1
11	rs35421868	2611039	0	2.147278e-05	2.096422e-07	1
11	rs35469749	2652671	0	2.336847e-05	2.314863e-07	1
11	rs35506085	2165576	0	-5.962068e-04	-5.829281e-06	1
11	rs35574774	2527629	0	-9.258231e-04	-9.081878e-06	1
11	rs35889184	2692506	0	3.490070e-04	3.474729e-06	1
11	rs35955303	2509638	0	1.193792e-03	1.184210e-05	1
11	rs36008556	2610805	0	-2.797167e-05	-2.749407e-07	1
11	rs36047616	2501253	0	-8.144203e-04	-7.814440e-06	1
11	rs364930	2720835	1	-8.585555e-04	-8.547580e-06	1
11	rs369617453	2354579	0	4.566945e-04	4.528215e-06	1
11	rs3741204	2169908	0	9.597214e-04	9.331884e-06	1
11	rs3741205	2169884	0	-2.786433e-04	-2.710361e-06	1
11	rs3741206	2169864	0	-1.351691e-03	-1.330162e-05	1
11	rs3741210	2169540	0	3.367708e-04	3.271205e-06	1
11	rs3741211	2169110	0	1.094480e-03	1.067405e-05	1
11	rs3741222	1946092	0	6.054842e-04	5.880732e-06	1
11	rs3741229	1857930	0	-8.982133e-04	-8.716882e-06	1
11	rs3741230	1857762	0	3.258154e-05	3.210817e-07	1
11	rs377756542	2354283	0	4.566945e-04	4.528215e-06	1
11	rs3781952	1949187	0	-5.637070e-04	-5.516688e-06	1
11	rs3781953	1949184	0	-5.198057e-04	-5.024885e-06	1
11	rs3781956	1945884	0	-4.318150e-04	-4.163758e-06	1
11	rs3781957	1945807	0	-1.402099e-04	-1.393735e-06	1
11	rs3781961	1907687	0	7.541347e-05	7.284591e-07	1
11	rs3781962	1907609	0	9.260120e-06	9.330113e-08	1
11	rs3781963	1907422	0	-6.748014e-05	-6.623096e-07	1
11	rs3802971	2152052	0	9.647016e-05	9.489263e-07	1
11	rs3815062	2428675	0	-1.216146e-04	-1.190663e-06	1
11	rs3817197	1906174	0	7.541347e-05	7.284594e-07	1
11	rs3817198	1909006	0	4.066912e-05	3.912886e-07	1
11	rs3819506	2528324	0	-3.936457e-04	-3.823648e-06	1
11	rs3842729	2184336	0	9.796951e-04	9.664808e-06	1
11	rs3842748	2181395	0	-1.662541e-03	-1.650442e-05	1
11	rs3842752	2181073	0	1.247649e-03	1.237238e-05	1
11	rs3842754	2180845	0	9.644747e-04	9.501561e-06	1
11	rs3842755	2180796	0	1.009325e-03	9.946714e-06	1
11	rs3842756	2180772	0	1.009325e-03	9.946714e-06	1
11	rs3842762	2179313	0	9.205716e-04	9.176284e-06	1
11	rs3889336	2710238	0	-3.571110e-04	-3.555751e-06	1
11	rs3892553	2440508	0	-3.332991e-06	-3.673181e-08	1
11	rs3934904	2220940	0	-1.323108e-04	-1.305448e-06	1
11	rs3944148	2563137	0	1.177703e-03	1.175434e-05	1
11	rs3986598	2440496	0	-1.845669e-04	-1.788621e-06	1
11	rs3986599	2439542	0	2.720520e-04	2.624958e-06	1
11	rs4072824	2187439	0	2.723011e-04	2.630155e-06	1
11	rs4073823	2231363	0	-1.332273e-04	-1.316687e-06	1
11	rs4076054	2231341	0	-4.411077e-04	-4.309881e-06	1
11	rs4076542	2237219	0	8.879218e-04	8.625946e-06	1
11	rs4077456	2230152	0	-2.166001e-04	-2.107426e-06	1
11	rs4077457	2230354	0	-2.166001e-04	-2.107425e-06	1
11	rs41282926	2593959	0	-5.705904e-04	-5.685805e-06	1
11	rs4130433	2262357	0	1.802087e-04	1.754157e-06	1
11	rs4130434	2262147	0	8.424348e-04	8.146731e-06	1
11	rs422314	2755346	0	2.658639e-05	2.519056e-07	1
11	rs422316	2755334	0	3.870736e-04	3.735006e-06	1
11	rs4244809	2164333	0	-3.851122e-04	-3.754774e-06	1
11	rs4244810	2440041	0	-5.216494e-04	-5.040509e-06	1
11	rs4261262	2148896	0	4.845445e-04	4.702538e-06	1
11	rs4261263	2148771	0	-1.443099e-04	-1.392554e-06	1
11	rs4264135	1920285	0	-9.272870e-04	-9.019262e-06	1
11	rs4271371	2651410	0	-2.213646e-04	-2.180748e-06	1
11	rs4320932	2171601	0	-4.496652e-05	-4.371849e-07	1
11	rs4320954	2254644	0	3.189008e-04	3.135978e-06	1
11	rs4335552	2262440	0	1.022644e-03	1.002384e-05	1
11	rs4337018	2505442	0	7.645535e-05	7.555896e-07	1
11	rs4341514	2141603	0	-3.822473e-04	-3.680281e-06	1
11	rs4393314	2249854	0	-3.262490e-04	-3.134596e-06	1
11	rs4430511	2250889	0	3.189008e-04	3.135978e-06	1
11	rs4438011	2123408	0	-6.603183e-05	-6.387517e-07	1
11	rs4483573	2122284	0	3.526021e-04	3.421240e-06	1
11	rs4506651	2259087	0	3.226505e-04	3.105846e-06	1
11	rs4515944	1836097	0	-3.556714e-04	-3.473903e-06	1
11	rs4578370	2505733	0	2.168894e-04	2.143460e-06	1
11	rs4592397	2129578	0	1.311798e-04	1.298269e-06	1
11	rs4595544	2250713	0	3.527889e-04	3.386615e-06	1
11	rs4601751	2126229	0	9.066356e-04	8.869325e-06	1
11	rs463337	2670379	0	2.834493e-04	2.787707e-06	1
11	rs463535	2781670	0	3.455118e-04	3.377055e-06	1
11	rs4644645	2250149	0	2.082241e-04	2.045084e-06	1
11	rs466597	2670865	0	2.397817e-04	2.356739e-06	1
11	rs474016	1878574	0	1.454434e-03	1.432950e-05	1
11	rs4752759	1818095	0	-2.167883e-04	-2.096180e-06	1
11	rs4752760	1819312	0	-1.807769e-04	-1.747616e-06	1
11	rs477476	1873482	0	6.707163e-04	6.544885e-06	1
11	rs484955	1858262	0	1.059755e-03	1.054828e-05	1
11	rs491040	1956338	0	-2.456872e-04	-2.377704e-06	1
11	rs4929955	2087412	0	1.128211e-03	1.096032e-05	1
11	rs4929957	2128309	0	2.543094e-04	2.451128e-06	1
11	rs4929958	2146053	0	5.743524e-04	5.579838e-06	1
11	rs4929963	2169660	0	4.213289e-04	4.186755e-06	1
11	rs4929964	2197132	0	1.168801e-03	1.145370e-05	1
11	rs4929965	2197286	0	4.685860e-04	4.524543e-06	1
11	rs4929966	2197436	0	-1.125797e-03	-1.109381e-05	1
11	rs4929968	2277688	0	-5.314106e-05	-5.174730e-07	1
11	rs4929970	2294899	0	-1.872835e-04	-1.826744e-06	1
11	rs4929971	2298259	0	-4.587730e-04	-4.520644e-06	1
11	rs4929972	2300717	0	-1.214830e-04	-1.172185e-06	1
11	rs4929973	2300747	0	-4.587730e-04	-4.520644e-06	1
11	rs4929974	2300801	0	-1.214830e-04	-1.172185e-06	1
11	rs4929975	2319303	0	6.349557e-04	6.211296e-06	1
11	rs4929976	2319505	0	1.251611e-03	1.236497e-05	1
11	rs4929980	2435931	0	1.222021e-03	1.194807e-05	1
11	rs4929982	2435956	0	1.499158e-03	1.477489e-05	1
11	rs4929986	2459715	0	1.194506e-03	1.185708e-05	1
11	rs4929999	2622853	0	-2.444493e-04	-2.402753e-06	1
11	rs4930002	2646320	0	-1.650482e-04	-1.640219e-06	1
11	rs4930005	2690531	0	-1.503054e-04	-1.463199e-06	1
11	rs4930006	2690653	0	7.877704e-05	7.809985e-07	1
11	rs4930030	2087220	0	1.128211e-03	1.096032e-05	1
11	rs4930031	2087911	0	4.397979e-04	4.300228e-06	1
11	rs4930032	2088229	0	1.024297e-03	9.963423e-06	1
11	rs4930034	2096707	0	1.223863e-03	1.190389e-05	1
11	rs4930035	2099854	0	1.223863e-03	1.190389e-05	1
11	rs4930039	2135590	0	2.894617e-04	2.803631e-06	1
11	rs4930043	2189983	0	-3.225584e-04	-3.122302e-06	1
11	rs4930044	2196349	0	1.168801e-03	1.145370e-05	1
11	rs4930045	2196424	0	1.362525e-03	1.339948e-05	1
11	rs4930046	2197148	0	4.699305e-04	4.518928e-06	1
11	rs4930051	2237567	0	7.187406e-04	6.962463e-06	1
11	rs4930052	2237589	0	-3.013841e-05	-2.983513e-07	1
11	rs4930054	2239964	0	6.926448e-04	6.889743e-06	1
11	rs4930055	2240160	0	6.926448e-04	6.889743e-06	1
11	rs4930057	2249238	0	1.177532e-04	1.161483e-06	1
11	rs4930058	2263913	0	6.663500e-05	6.473368e-07	1
11	rs4930059	2266487	0	1.802087e-04	1.754156e-06	1
11	rs4930063	2283007	0	8.060071e-05	7.919859e-07	1
11	rs4930064	2283039	0	8.060071e-05	7.919859e-07	1
11	rs4930065	2287692	0	2.307082e-04	2.271480e-06	1
11	rs4930066	2294908	0	-1.872835e-04	-1.826744e-06	1
11	rs4930067	2297586	0	-6.561335e-05	-6.330955e-07	1
11	rs4930068	2297615	0	-9.252412e-05	-8.929620e-07	1
11	rs4930069	2297856	0	-4.587730e-04	-4.520644e-06	1
11	rs4930070	2297876	0	-4.587730e-04	-4.520644e-06	1
11	rs4930071	2300682	0	-2.649935e-04	-2.558002e-06	1
11	rs4930072	2302584	0	-2.649935e-04	-2.558002e-06	1
11	rs4930073	2302734	0	-2.649935e-04	-2.558002e-06	1
11	rs4930077	2319488	0	1.048523e-03	1.030877e-05	1
11	rs4930080	2334039	0	4.903772e-04	4.848170e-06	1
11	rs4930081	2339822	0	8.491847e-04	8.369201e-06	1
11	rs4930084	2352526	0	8.753447e-04	8.615678e-06	1
11	rs4930090	2372177	0	-8.236084e-04	-7.999236e-06	1
11	rs4930091	2372356	0	-1.295680e-03	-1.265170e-05	1
11	rs4930102	2435809	0	1.059700e-03	1.032151e-05	1
11	rs4930128	2598790	0	1.348518e-03	1.323740e-05	1
11	rs4930129	2619390	0	3.448960e-04	3.378958e-06	1
11	rs4930130	2619630	0	-6.309050e-05	-6.188443e-07	1
11	rs4930131	2619796	0	3.254526e-04	3.170439e-06	1
11	rs4930137	2630594	0	9.597705e-04	9.382707e-06	1
11	rs4930148	2717312	0	-4.541063e-04	-4.493866e-06	1
11	rs4930149	2736026	0	1.407429e-03	1.414822e-05	1
11	rs4980378	1962279	0	-1.879619e-03	-1.868266e-05	1
11	rs4980379	1888614	0	-2.050611e-04	-1.978081e-06	1
11	rs4980383	1902097	0	-9.951210e-04	-9.680559e-06	1
11	rs4980384	1901847	0	-5.302935e-04	-5.254633e-06	1
11	rs4980385	1895918	0	4.614652e-04	4.524810e-06	1
11	rs4980386	1895708	0	-3.072258e-04	-2.965614e-06	1
11	rs4980387	1893851	0	6.557208e-04	6.348122e-06	1
11	rs4980388	1893104	5	1.234621e-03	1.215595e-05	1
11	rs4980389	1892585	0	-3.368743e-04	-3.253158e-06	1
11	rs4980391	1889102	0	-4.994598e-04	-4.929904e-06	1
11	rs4980392	1883855	0	-7.130696e-04	-6.888274e-06	1
11	rs4980393	1883829	0	-7.130696e-04	-6.888274e-06	1
11	rs4980398	1870211	0	-1.204729e-03	-1.180540e-05	1
11	rs501124	1890810	0	-6.087116e-04	-5.968288e-06	1
11	rs5013907	1899899	0	2.076422e-04	2.046955e-06	1
11	rs509239	1885117	0	-6.333176e-04	-6.096980e-06	1
11	rs513735	1956212	0	4.643427e-04	4.538218e-06	1
11	rs517101	1912296	0	3.802583e-05	3.693507e-07	1
11	rs536462	1902635	0	4.787511e-04	4.760916e-06	1
11	rs540710	1947575	0	2.562928e-04	2.472134e-06	1
11	rs542362	1947425	0	3.520720e-06	3.599805e-08	1
11	rs542605	1912726	0	-3.977533e-05	-3.767375e-07	1
11	rs548195	1913377	0	2.184006e-04	2.170316e-06	1
11	rs548566	2782648	0	2.526003e-05	2.451131e-07	1
11	rs55645121	2131693	0	2.860133e-04	2.824218e-06	1
11	rs55648810	2324347	0	7.534793e-04	7.376801e-06	1
11	rs55699011	1890743	0	-5.925878e-04	-5.895242e-06	1
11	rs55719860	2307650	0	8.977440e-07	6.520073e-09	1
11	rs55724810	2259499	0	2.062463e-04	2.025577e-06	1
11	rs55751358	2275125	0	1.615717e-04	1.583971e-06	1
11	rs55763223	2773108	0	-3.844104e-04	-3.770366e-06	1
11	rs55766040	2210430	0	-7.790298e-05	-7.704428e-07	1
11	rs55766538	2272717	0	2.195811e-04	2.154073e-06	1
11	rs55786794	2723367	0	3.659086e-06	3.520968e-08	1
11	rs55840650	1879326	0	-1.652604e-03	-1.637536e-05	1
11	rs55842337	1831979	0	-3.157463e-04	-3.077380e-06	1
11	rs55888004	2134709	0	-1.927041e-04	-1.910896e-06	1
11	rs55896160	2435545	0	-3.306076e-04	-3.210339e-06	1
11	rs55896250	2146904	0	6.038662e-05	5.946220e-07	1
11	rs55930300	2292080	0	5.120060e-05	5.009790e-07	1
11	rs55936910	2260076	0	2.596316e-04	2.556222e-06	1
11	rs55947401	2352407	0	4.743909e-04	4.697518e-06	1
11	rs55970134	1835021	0	-3.157463e-04	-3.077380e-06	1
11	rs55992644	2126553	0	7.167233e-05	7.099074e-07	1
11	rs56012103	2273557	0	1.615717e-04	1.583970e-06	1
11	rs56014530	1876157	0	-1.652604e-03	-1.637536e-05	1
11	rs56024612	1905653	0	4.996150e-05	4.935834e-07	1
11	rs56122367	1952004	0	-4.396553e-04	-4.295909e-06	1
11	rs56147274	2147533	0	4.708731e-04	4.651517e-06	1
11	rs56204981	2094852	0	-5.657399e-04	-5.505617e-06	1
11	rs56209304	2594824	0	7.353682e-04	7.285388e-06	1
11	rs562434	1892930	0	-1.720513e-05	-1.621458e-07	1
11	rs56271700	2567176	0	3.494801e-04	3.455717e-06	1
11	rs56295849	1832020	0	-3.157463e-04	-3.077380e-06	1
11	rs56311539	1816728	0	-1.155505e-04	-1.138922e-06	1
11	rs56314930	2561132	0	2.088723e-04	2.064868e-06	1
11	rs56344095	1873232	0	-1.958051e-03	-1.953611e-05	1
11	rs56377341	2208668	0	2.286434e-04	2.239245e-06	1
11	rs56398609	2295849	0	-2.387769e-04	-2.330989e-06	1
11	rs56403874	2478432	0	1.631759e-03	1.619233e-05	1
11	rs56742943	2358080	0	4.743909e-04	4.697518e-06	1
11	rs567602	1880476	0	-1.163377e-04	-1.115816e-06	1
11	rs56900433	2352326	0	4.743909e-04	4.697518e-06	1
11	rs569550	1887068	0	-3.581317e-04	-3.454248e-06	1
11	rs571122	1880811	0	-1.742557e-04	-1.671272e-06	1
11	rs57209236	1892343	0	-4.175030e-04	-4.149205e-06	1
11	rs57214763	1891974	0	-9.485669e-05	-9.398419e-07	1
11	rs57292968	2130717	0	-3.372482e-04	-3.325065e-06	1
11	rs57344881	1856344	0	-1.702196e-04	-1.683497e-06	1
11	rs576603	1914139	0	-3.004467e-04	-2.886127e-06	1
11	rs57670354	1896935	0	-4.355539e-04	-4.321506e-06	1
11	rs57739880	2319797	0	1.251611e-03	1.236497e-05	1
11	rs57927529	1942973	0	6.362026e-06	6.413238e-08	1
11	rs57986402	2505002	0	-2.331987e-04	-2.314908e-06	1
11	rs58272422	2447037	0	-1.808484e-04	-1.796900e-06	1
11	rs58282058	1919655	0	-1.942084e-04	-1.930075e-06	1
11	rs585088	1956365	0	4.643427e-04	4.538219e-06	1
11	rs58558735	2491261	0	1.824797e-03	1.830093e-05	1
11	rs58562468	2152755	0	4.971251e-04	4.922236e-06	1
11	rs58573134	2271975	0	1.615717e-04	1.583970e-06	1
11	rs58590102	2358155	0	4.743909e-04	4.697518e-06	1
11	rs587074	1881071	0	-1.742557e-04	-1.671272e-06	1
11	rs58762251	2289199	0	-6.219867e-04	-6.109311e-06	1
11	rs587961	1881256	0	-4.924998e-04	-4.752042e-06	1
11	rs588321	1896957	0	-4.533653e-04	-4.381928e-06	1
11	rs58833930	2325997	0	1.127655e-03	1.117854e-05	1
11	rs58897260	2278110	0	2.103471e-04	2.063315e-06	1
11	rs58956504	2697454	0	-5.133149e-04	-5.084329e-06	1
11	rs58978317	2120805	0	2.807284e-04	2.770080e-06	1
11	rs58978657	2558640	0	2.088723e-04	2.064868e-06	1
11	rs59038522	2108997	0	-5.701638e-05	-5.622328e-07	1
11	rs59142021	2299978	0	-4.587730e-04	-4.520644e-06	1
11	rs592373	1890990	0	-1.990984e-03	-1.989142e-05	1
11	rs59671532	2085855	0	-1.539427e-04	-1.515855e-06	1
11	rs59732535	2526663	0	-2.388298e-04	-2.361447e-06	1
11	rs59777294	2783196	0	2.302342e-04	2.293581e-06	1
11	rs599774	1878636	0	1.454434e-03	1.432950e-05	1
11	rs60009089	2493362	0	8.577068e-04	8.542113e-06	1
11	rs60013742	2270902	0	2.103471e-04	2.063315e-06	1
11	rs60042129	2214016	0	2.498695e-04	2.428464e-06	1
11	rs60056002	2713548	0	-3.008801e-04	-2.968550e-06	1
11	rs60289008	2233262	0	-4.340033e-04	-4.289230e-06	1
11	rs60299329	2391244	0	7.962653e-05	7.859019e-07	1
11	rs603073	1877847	0	1.453031e-03	1.431584e-05	1
11	rs60503252	1926217	0	-1.942084e-04	-1.930075e-06	1
11	rs60835808	2279249	0	-2.477537e-04	-2.448917e-06	1
11	rs60918750	2238974	0	-6.619875e-04	-6.528410e-06	1
11	rs60923266	1999705	7	-4.524255e-04	-4.514961e-06	1
11	rs60955897	2352356	0	9.558488e-04	9.459508e-06	1
11	rs60999241	2110046	0	7.795278e-05	7.749743e-07	1
11	rs61022788	2572331	0	-1.069579e-03	-1.073379e-05	1
11	rs61031373	2360146	0	4.743909e-04	4.697518e-06	1
11	rs61231348	1999664	8	-4.515851e-04	-4.506532e-06	1
11	rs61260209	1931412	0	-1.004578e-04	-9.986998e-07	1
11	rs61308983	2130605	0	7.266121e-05	7.188090e-07	1
11	rs61433759	1919208	0	8.029757e-05	7.945462e-07	1
11	rs61509816	2563634	0	-9.776905e-04	-9.796078e-06	1
11	rs61744929	2325427	0	-5.667940e-04	-5.651822e-06	1
11	rs61867114	1839675	0	4.084936e-05	4.019672e-07	1
11	rs61867115	1839910	0	4.084936e-05	4.019672e-07	1
11	rs61867116	1840045	0	-2.034932e-04	-1.994673e-06	1
11	rs61867117	1843217	0	4.084936e-05	4.019673e-07	1
11	rs61867118	1843295	0	4.084936e-05	4.019674e-07	1
11	rs61868361	2065765	0	9.243640e-04	8.986879e-06	1
11	rs61868362	2065900	0	9.243640e-04	8.986879e-06	1
11	rs61868760	1876867	0	-1.652604e-03	-1.637536e-05	1
11	rs61868761	1876945	0	-1.652604e-03	-1.637536e-05	1
11	rs61868776	1890321	0	1.213070e-03	1.193484e-05	1
11	rs61868778	1891319	0	8.900281e-04	8.725618e-06	1
11	rs61868779	1891587	0	4.367942e-04	4.333933e-06	1
11	rs61868780	1894039	0	3.519281e-04	3.489925e-06	1
11	rs61868797	1900701	0	-3.208353e-04	-3.142230e-06	1
11	rs61868799	1905880	0	3.784226e-05	3.765688e-07	1
11	rs61868801	1907421	0	4.951204e-04	4.861221e-06	1
11	rs61868802	1925953	0	-7.277125e-04	-7.059942e-06	1
11	rs61868803	1930201	0	-9.827929e-05	-9.752551e-07	1
11	rs61868804	1932889	0	3.689770e-05	3.664970e-07	1
11	rs61868805	1938884	0	-1.536089e-04	-1.526467e-06	1
11	rs61868806	1941395	0	-1.227941e-04	-1.220707e-06	1
11	rs61868808	1949836	0	-2.010400e-04	-2.002688e-06	1
11	rs61869053	1818627	0	-9.136792e-04	-8.995700e-06	1
11	rs61870801	2689876	0	5.288461e-04	5.255634e-06	1
11	rs61870825	2727052	0	-1.430144e-04	-1.418541e-06	1
11	rs61871274	2207877	0	3.232878e-04	3.165011e-06	1
11	rs61871470	2524968	0	4.622765e-04	4.609539e-06	1
11	rs61871514	2598864	0	-1.051202e-04	-1.039093e-06	1
11	rs61871515	2601830	0	9.841326e-05	9.722646e-07	1
11	rs61871517	2603319	0	1.977652e-04	1.959165e-06	1
11	rs61871560	2320349	0	8.670461e-04	8.484557e-06	1
11	rs61871577	2327511	0	8.594641e-04	8.550840e-06	1
11	rs61871602	2341320	0	7.744049e-04	7.692826e-06	1
11	rs61871633	2366260	0	9.867583e-04	9.838289e-06	1
11	rs61872472	2775246	0	5.574564e-04	5.557307e-06	1
11	rs61873063	2280211	0	-6.569402e-04	-6.478407e-06	1
11	rs61873064	2284519	0	2.709077e-05	2.678317e-07	1
11	rs61873085	2292550	0	4.699902e-04	4.619249e-06	1
11	rs61873114	2318393	0	6.062603e-04	5.967320e-06	1
11	rs61873115	2318964	0	6.349557e-04	6.211293e-06	1
11	rs61873488	2455798	0	1.147113e-03	1.139493e-05	1
11	rs61873489	2456275	0	3.589494e-05	3.565137e-07	1
11	rs620315	1902475	0	3.875207e-04	3.745608e-06	1
11	rs620330	1902485	0	3.340217e-04	3.269057e-06	1
11	rs621679	1902768	1	4.102952e-04	3.963985e-06	1
11	rs622173	1886147	0	-8.317821e-04	-8.224718e-06	1
11	rs62636895	2217945	0	-1.323108e-04	-1.305449e-06	1
11	rs629781	1911890	0	2.184006e-04	2.170316e-06	1
11	rs629990	1950302	0	4.917826e-04	4.809354e-06	1
11	rs6356	2190951	0	-4.197854e-04	-4.054531e-06	1
11	rs6357	2188238	0	-5.042511e-04	-4.890178e-06	1
11	rs643753	1949470	0	-2.838240e-04	-2.732981e-06	1
11	rs6578246	2245345	0	6.926448e-04	6.889743e-06	1
11	rs6578247	2250850	0	6.926448e-04	6.889743e-06	1
11	rs6578248	2251049	0	6.926448e-04	6.889743e-06	1
11	rs6578249	2262545	0	3.737440e-04	3.657816e-06	1
11	rs6578250	2262639	0	3.737440e-04	3.657816e-06	1
11	rs6578252	2270241	0	-6.072831e-04	-6.005398e-06	1
11	rs6578255	2283011	0	5.580427e-04	5.479704e-06	1
11	rs6578256	2283017	0	5.580427e-04	5.479704e-06	1
11	rs6578257	2283089	0	5.092674e-04	4.997304e-06	1
11	rs6578259	2298375	0	1.948562e-04	1.863234e-06	1
11	rs6578270	2537548	0	-1.829477e-03	-1.833151e-05	1
11	rs6578853	1853586	0	-3.182463e-04	-3.099123e-06	1
11	rs6578952	1947789	0	5.095240e-04	4.946002e-06	1
11	rs6578973	2090336	0	2.930281e-04	2.859503e-06	1
11	rs6578974	2095733	0	1.065228e-04	1.047978e-06	1
11	rs6578975	2095799	0	-8.927982e-04	-8.710753e-06	1
11	rs6578976	2095968	0	-7.092854e-04	-6.898885e-06	1
11	rs6578977	2101804	0	-5.226774e-04	-5.075522e-06	1
11	rs6578979	2111509	0	6.173650e-04	6.051869e-06	1
11	rs6578985	2138139	0	5.743524e-04	5.579836e-06	1
11	rs6578986	2138152	0	7.535637e-04	7.334433e-06	1
11	rs6578987	2141586	0	5.743524e-04	5.579836e-06	1
11	rs6578993	2201163	0	-9.866685e-05	-9.687470e-07	1
11	rs6578997	2220414	0	-1.323108e-04	-1.305449e-06	1
11	rs6578999	2231774	0	-3.980324e-04	-3.894503e-06	1
11	rs6579000	2232042	0	-4.920552e-04	-4.810018e-06	1
11	rs6579002	2232229	0	-5.772437e-04	-5.659345e-06	1
11	rs6579003	2232310	0	-5.096904e-04	-4.993870e-06	1
11	rs66754298	2233485	0	-4.920552e-04	-4.810018e-06	1
11	rs67186729	2233549	0	-5.805191e-05	-5.593315e-07	1
11	rs67225004	2211162	0	7.213916e-04	7.056535e-06	1
11	rs673791	1885025	0	-8.329362e-04	-8.048813e-06	1
11	rs67379609	2233630	0	-5.805191e-05	-5.593313e-07	1
11	rs67439072	2449620	0	6.336080e-05	6.219739e-07	1
11	rs67482701	2188436	0	-4.027178e-04	-3.900224e-06	1
11	rs676581	1873367	0	6.707163e-04	6.544885e-06	1
11	rs67664751	2081917	0	-5.344704e-04	-5.220348e-06	1
11	rs67751613	2472775	0	-5.932608e-04	-5.856299e-06	1
11	rs67798996	2233603	0	-5.805191e-05	-5.593312e-07	1
11	rs67832597	2472124	0	-4.379917e-04	-4.317562e-06	1
11	rs67957462	2212448	0	3.482044e-04	3.386262e-06	1
11	rs680	2153634	0	-8.320774e-05	-8.117107e-07	1
11	rs68037604	2212487	0	3.482044e-04	3.386262e-06	1
11	rs68066405	2208369	0	1.458228e-03	1.445064e-05	1
11	rs686722	1891722	0	-4.196849e-05	-4.012807e-07	1
11	rs688601	1891284	0	7.785666e-05	7.562232e-07	1
11	rs708152	2384348	0	-8.641477e-04	-8.519644e-06	1
11	rs708153	2384492	0	-7.344107e-04	-7.211730e-06	1
11	rs708154	2396666	0	-8.025294e-04	-7.894752e-06	1
11	rs708155	2396995	0	-1.593476e-03	-1.588148e-05	1
11	rs7101841	1808906	0	6.684471e-04	6.643923e-06	1
11	rs7102138	2659025	0	-1.586089e-04	-1.553562e-06	1
11	rs7102385	2092999	0	-2.233586e-04	-2.211229e-06	1
11	rs7102920	1917872	0	1.173395e-03	1.140829e-05	1
11	rs7104239	2238805	0	5.049362e-04	4.847169e-06	1
11	rs7104786	2306168	0	1.066194e-04	1.029336e-06	1
11	rs7104842	2624592	0	9.368938e-04	9.161235e-06	1
11	rs7105073	2695042	0	6.598297e-05	6.525918e-07	1
11	rs7105456	2446951	0	8.876890e-04	8.540891e-06	1
11	rs7105460	2507136	0	2.168894e-04	2.143459e-06	1
11	rs7105710	1918083	0	1.217062e-03	1.184143e-05	1
11	rs7106063	2506962	0	-6.800131e-05	-6.754734e-07	1
11	rs7107076	2094303	0	-7.578291e-04	-7.384561e-06	1
11	rs7107385	2214804	0	2.737845e-04	2.682546e-06	1
11	rs7107390	2214811	0	1.441900e-04	1.400772e-06	1
11	rs7107701	2149625	0	4.845445e-04	4.702535e-06	1
11	rs7107784	2215089	0	-1.655411e-04	-1.597027e-06	1
11	rs7108035	2665682	0	3.636983e-05	3.588207e-07	1
11	rs7108478	2628804	0	7.284896e-04	7.124963e-06	1
11	rs7108526	1811058	0	5.806277e-04	5.612642e-06	1
11	rs7108898	2330518	0	2.814775e-04	2.785605e-06	1
11	rs7109219	2233041	0	-5.805191e-05	-5.593308e-07	1
11	rs7109339	2140530	0	-4.505472e-05	-4.367057e-07	1
11	rs7109371	2726096	0	-1.430144e-04	-1.418541e-06	1
11	rs7109474	2233219	0	-4.920552e-04	-4.810017e-06	1
11	rs7109523	2247267	0	-6.768074e-05	-6.482232e-07	1
11	rs7109777	2233451	0	-5.805191e-05	-5.593305e-07	1
11	rs7110269	2353193	0	3.874798e-04	3.842242e-06	1
11	rs7110663	2470750	0	6.820683e-04	6.709843e-06	1
11	rs7110836	2212765	0	3.482044e-04	3.386261e-06	1
11	rs7111341	2213166	0	3.482044e-04	3.386261e-06	1
11	rs7111447	2163932	0	8.112260e-04	8.053314e-06	1
11	rs7111503	2097671	0	-1.664773e-04	-1.644877e-06	1
11	rs7112097	2268012	0	-9.785082e-05	-9.742679e-07	1
11	rs7112452	2140578	0	-3.822473e-04	-3.680283e-06	1
11	rs7112534	2218981	0	-1.037652e-04	-1.015252e-06	1
11	rs7112690	2386615	0	1.893121e-04	1.853005e-06	1
11	rs7112859	1877071	0	1.410795e-03	1.389192e-05	1
11	rs7112919	2330596	0	5.260797e-05	5.178563e-07	1
11	rs7112959	2233609	0	-5.805191e-05	-5.593302e-07	1
11	rs7113338	1816798	0	-2.883594e-04	-2.798738e-06	1
11	rs7113485	2145768	0	5.743524e-04	5.579836e-06	1
11	rs7114418	2228709	0	2.699240e-04	2.616657e-06	1
11	rs7114836	2229012	0	-2.015068e-04	-1.960552e-06	1
11	rs7114923	2296012	0	1.407099e-04	1.340923e-06	1
11	rs7115054	2140255	0	5.743524e-04	5.579835e-06	1
11	rs7115640	2194914	0	1.165397e-03	1.144666e-05	1
11	rs7115906	2510418	0	-2.083281e-04	-2.070703e-06	1
11	rs7116014	2378682	0	3.727417e-04	3.697020e-06	1
11	rs7116047	2386636	0	2.577138e-04	2.523090e-06	1
11	rs7116122	1959215	0	5.804423e-04	5.785347e-06	1
11	rs7117738	2142298	0	-4.505472e-05	-4.367062e-07	1
11	rs7118103	1830635	0	-3.157463e-04	-3.077379e-06	1
11	rs7118939	2646620	0	-3.619725e-04	-3.568514e-06	1
11	rs7119029	2385429	0	2.868829e-04	2.843202e-06	1
11	rs7119260	1956779	0	3.750628e-04	3.731659e-06	1
11	rs7119275	2194810	0	1.130338e-03	1.107360e-05	1
11	rs7119884	2552285	0	-5.649189e-05	-5.631049e-07	1
11	rs7120123	2373144	0	2.184812e-04	2.166240e-06	1
11	rs7120258	1938523	0	2.675490e-04	2.644325e-06	1
11	rs7121039	2232911	0	-4.920552e-04	-4.810016e-06	1
11	rs7121070	2065099	0	9.243640e-04	8.986877e-06	1
11	rs7121197	2213258	0	3.482044e-04	3.386261e-06	1
11	rs7121452	2233234	0	-4.920552e-04	-4.810016e-06	1
11	rs7122025	1816837	0	-4.049449e-04	-3.920655e-06	1
11	rs7122214	2544468	0	-1.173546e-03	-1.165567e-05	1
11	rs7122318	2544487	0	-7.592431e-04	-7.562911e-06	1
11	rs7122407	2238886	0	1.983672e-07	5.600931e-10	1
11	rs7122680	1875124	0	1.207360e-03	1.179643e-05	1
11	rs7122937	2486550	0	1.426824e-03	1.411587e-05	1
11	rs7123180	2232272	0	-5.772437e-04	-5.659343e-06	1
11	rs7123299	2232344	0	-5.298511e-04	-5.193333e-06	1
11	rs7123312	2232359	0	-5.772437e-04	-5.659343e-06	1
11	rs7123418	2232378	0	-5.772437e-04	-5.659343e-06	1
11	rs7124729	2218817	0	5.012633e-04	4.898696e-06	1
11	rs7124833	2665580	0	3.636983e-05	3.588207e-07	1
11	rs7125026	2233617	0	-5.805191e-05	-5.593293e-07	1
11	rs7125284	2214640	0	2.286434e-04	2.239244e-06	1
11	rs7125325	2066031	0	9.243640e-04	8.986876e-06	1
11	rs7126234	2244318	0	-5.099663e-04	-4.899500e-06	1
11	rs7126629	2228952	0	-2.015068e-04	-1.960552e-06	1
11	rs7126660	2353140	0	-1.526005e-04	-1.479899e-06	1
11	rs7126800	2202668	0	-2.408059e-04	-2.359531e-06	1
11	rs7126857	2229111	0	-2.015068e-04	-1.960551e-06	1
11	rs7127162	2229360	0	-2.229558e-05	-2.140872e-07	1
11	rs7127599	2233365	0	-4.920552e-04	-4.810015e-06	1
11	rs7127887	1830673	0	-3.157463e-04	-3.077379e-06	1
11	rs7128097	2195045	0	1.075680e-03	1.049760e-05	1
11	rs7128369	2387361	0	1.005680e-04	9.901863e-07	1
11	rs7129293	2212858	0	3.482044e-04	3.386260e-06	1
11	rs7130222	2090456	0	-7.312686e-04	-7.091298e-06	1
11	rs71455920	2226789	6	-7.481727e-04	-7.316732e-06	1
11	rs71455921	2233635	0	-5.805191e-05	-5.593286e-07	1
11	rs71473716	2726379	0	-3.403628e-05	-3.392999e-07	1
11	rs71476688	2773405	0	-4.100090e-04	-4.083117e-06	1
11	rs71476689	2775399	0	1.027636e-04	1.023247e-06	1
11	rs715178	2288602	0	8.719771e-05	8.591300e-07	1
11	rs715179	2288900	0	1.135633e-05	1.123047e-07	1
11	rs718579	2497501	0	-7.914534e-04	-7.599657e-06	1
11	rs72479400	1907117	0	-1.463221e-04	-1.438793e-06	1
11	rs72479402	2080612	0	-5.344704e-04	-5.220347e-06	1
11	rs72482703	2099684	7	-5.529143e-04	-5.417767e-06	1
11	rs726220	2276694	0	-3.019274e-04	-2.932805e-06	1
11	rs72636997	2310033	0	-1.081878e-03	-1.086026e-05	1
11	rs72636999	2529790	0	-1.444376e-03	-1.436754e-05	1
11	rs72843905	1840686	0	-3.556714e-04	-3.473901e-06	1
11	rs72843910	1845042	0	-2.763391e-04	-2.745881e-06	1
11	rs72843914	1849349	0	-5.298650e-04	-5.180868e-06	1
11	rs72843928	1867936	0	-4.808653e-04	-4.771318e-06	1
11	rs72843943	1887518	0	-1.154208e-03	-1.140312e-05	1
11	rs72843945	1889406	0	-3.065945e-04	-3.046937e-06	1
11	rs72843946	1890571	0	-1.342647e-03	-1.332653e-05	1
11	rs72843951	1896404	0	-1.216110e-03	-1.203210e-05	1
11	rs72843956	1899775	0	-1.278973e-03	-1.268591e-05	1
11	rs72843957	1901165	0	-6.067665e-04	-6.016157e-06	1
11	rs72843959	1906291	0	2.545108e-05	2.454094e-07	1
11	rs72844107	2252493	0	-5.108476e-04	-5.086047e-06	1
11	rs72844110	2254333	0	-5.108476e-04	-5.086047e-06	1
11	rs72844119	2269112	0	3.189008e-04	3.135977e-06	1
11	rs72844136	2283497	0	-1.675763e-04	-1.647879e-06	1
11	rs72844139	2286348	0	1.004853e-04	9.795787e-07	1
11	rs72844141	2286960	0	-6.365733e-05	-6.332066e-07	1
11	rs72844143	2287484	0	1.988460e-05	1.957422e-07	1
11	rs72845741	2357894	0	4.634035e-04	4.599991e-06	1
11	rs72846724	1915558	0	1.515364e-03	1.486181e-05	1
11	rs72846727	1931121	0	-5.655219e-04	-5.627597e-06	1
11	rs72846728	1934655	0	-1.004578e-04	-9.986996e-07	1
11	rs72846734	1950657	0	-1.553032e-04	-1.544256e-06	1
11	rs72846736	1951565	0	-1.553032e-04	-1.544256e-06	1
11	rs72846739	1951972	0	-1.553032e-04	-1.544256e-06	1
11	rs72846743	1958016	0	-1.553032e-04	-1.544256e-06	1
11	rs72846755	1992590	9	-5.858715e-05	-5.776403e-07	1
11	rs72847655	2540508	0	1.187727e-04	1.179479e-06	1
11	rs72847656	2541172	0	-4.395089e-04	-4.337416e-06	1
11	rs72847658	2541645	0	-2.369192e-04	-2.315477e-06	1
11	rs72847663	2550766	0	9.658120e-05	9.598633e-07	1
11	rs72847666	2553197	0	2.339604e-04	2.327482e-06	1
11	rs72847667	2553323	0	2.339604e-04	2.327482e-06	1
11	rs72847668	2555962	0	1.057216e-05	1.056861e-07	1
11	rs72847670	2557765	0	-3.315920e-04	-3.273254e-06	1
11	rs72847671	2557825	0	-3.315920e-04	-3.273254e-06	1
11	rs72847673	2559041	0	2.088723e-04	2.064868e-06	1
11	rs72847674	2559307	0	1.311893e-04	1.296419e-06	1
11	rs72847675	2559737	0	2.088723e-04	2.064869e-06	1
11	rs72847676	2559946	0	2.088723e-04	2.064869e-06	1
11	rs72847677	2562622	0	2.088723e-04	2.064869e-06	1
11	rs72847679	2565775	0	3.494801e-04	3.455718e-06	1
11	rs72849261	2063133	0	-4.498739e-04	-4.430608e-06	1
11	rs72850242	2644014	0	-7.121141e-04	-7.018689e-06	1
11	rs72850276	2699860	0	-4.209002e-04	-4.192084e-06	1
11	rs72850281	2717020	0	-2.568963e-04	-2.556599e-06	1
11	rs72850292	2741358	0	-7.885752e-04	-7.851025e-06	1
11	rs72850295	2744447	0	-7.885752e-04	-7.851025e-06	1
11	rs72850975	1808283	0	4.238910e-05	4.190323e-07	1
11	rs72850976	1811297	0	-1.492203e-04	-1.469567e-06	1
11	rs72850978	1818173	0	-1.155505e-04	-1.138921e-06	1
11	rs72850979	1820339	0	-1.243294e-04	-1.224936e-06	1
11	rs72850982	1822488	0	-5.519076e-05	-5.485442e-07	1
11	rs72850984	1824460	0	-6.366192e-04	-6.313948e-06	1
11	rs72850986	1826996	0	-5.519076e-05	-5.485442e-07	1
11	rs72851023	2130620	0	2.401159e-04	2.383350e-06	1
11	rs72851024	2130928	0	3.293387e-04	3.276916e-06	1
11	rs72853954	2221765	0	1.212583e-04	1.187658e-06	1
11	rs72853956	2222271	0	1.844230e-04	1.836071e-06	1
11	rs72853963	2224664	0	-9.300699e-05	-9.106106e-07	1
11	rs729979	2539107	0	-1.632616e-03	-1.622423e-05	1
11	rs731909	2408624	0	-6.294294e-04	-6.172817e-06	1
11	rs73398031	2063846	0	-1.963479e-03	-1.979282e-05	1
11	rs73398033	2067320	0	-1.905991e-03	-1.917168e-05	1
11	rs73398035	2068968	0	-5.561386e-04	-5.540195e-06	1
11	rs73398037	2070333	0	-2.288276e-03	-2.337470e-05	1
11	rs73398059	2082990	0	-6.884131e-04	-6.679144e-06	1
11	rs73398080	2094599	0	-7.578291e-04	-7.384559e-06	1
11	rs73398082	2095273	0	-4.941041e-04	-4.818643e-06	1
11	rs73398088	2096919	0	-4.078390e-04	-3.979982e-06	1
11	rs73401971	2134246	0	7.498286e-04	7.403720e-06	1
11	rs73404428	2292218	0	3.926122e-04	3.896509e-06	1
11	rs73404640	2577254	0	-3.208369e-04	-3.189970e-06	1
11	rs73404645	2577577	0	-2.771986e-04	-2.755126e-06	1
11	rs73404647	2577610	0	-2.771986e-04	-2.755126e-06	1
11	rs73404673	2589615	0	7.840320e-04	7.821668e-06	1
11	rs73404678	2591667	0	6.896944e-04	6.877453e-06	1
11	rs73404679	2592373	0	8.691187e-04	8.688742e-06	1
11	rs73404683	2595544	0	6.853145e-04	6.833595e-06	1
11	rs73406785	2332726	0	2.814775e-04	2.785605e-06	1
11	rs734094	2323220	0	-2.376947e-04	-2.277600e-06	1
11	rs734095	2323198	0	1.024483e-03	1.013276e-05	1
11	rs73410935	1875289	0	6.029493e-04	5.981488e-06	1
11	rs73410970	1903426	0	5.083074e-04	5.035294e-06	1
11	rs73413025	1948702	0	6.986096e-04	6.799896e-06	1
11	rs73413038	1955546	0	3.750628e-04	3.731659e-06	1
11	rs73417589	2478867	0	1.345934e-03	1.328521e-05	1
11	rs73419519	2506504	0	1.349365e-03	1.341489e-05	1
11	rs73419557	2534336	0	-6.366689e-04	-6.320782e-06	1
11	rs73419568	2538897	0	1.984156e-04	1.975679e-06	1
11	rs73419593	2542899	0	2.719322e-04	2.702184e-06	1
11	rs73419595	2542921	0	2.719322e-04	2.702184e-06	1
11	rs73421608	2547185	0	1.346264e-04	1.339259e-06	1
11	rs734351	2156213	0	1.662197e-04	1.603775e-06	1
11	rs735955	1943120	0	-1.713506e-04	-1.647340e-06	1
11	rs736610	2538592	0	-4.005845e-05	-3.892493e-07	1
11	rs7394773	1815090	0	-3.483939e-04	-3.362453e-06	1
11	rs7394876	2249031	0	8.033214e-04	7.994336e-06	1
11	rs739541	2285859	0	-1.540926e-05	-1.511831e-07	1
11	rs739543	2286243	0	-4.302516e-05	-4.193002e-07	1
11	rs739544	2271122	0	2.157633e-04	2.076853e-06	1
11	rs739545	2271323	0	-2.531521e-04	-2.458411e-06	1
11	rs7395734	2231694	0	-4.920552e-04	-4.810015e-06	1
11	rs7395920	1964312	0	1.830093e-03	1.815518e-05	1
11	rs7396048	2285009	0	7.888458e-05	7.507988e-07	1
11	rs7396152	1824116	0	1.774216e-03	1.793376e-05	1
11	rs7396243	2205892	0	-4.086029e-04	-3.918371e-06	1
11	rs7396447	2211677	0	4.945153e-04	4.761568e-06	1
11	rs7396526	2294415	0	-1.349697e-06	-1.379459e-08	1
11	rs739673	2420500	0	4.503111e-05	4.388696e-07	1
11	rs739675	2462001	0	1.103083e-03	1.092032e-05	1
11	rs739676	2462012	0	1.014712e-03	1.003724e-05	1
11	rs7396800	2257333	0	3.189008e-04	3.135977e-06	1
11	rs7397025	2283608	0	-1.675763e-04	-1.647879e-06	1
11	rs74047618	1885225	0	-1.445884e-04	-1.440234e-06	1
11	rs74047629	1894814	0	-4.355539e-04	-4.321506e-06	1
11	rs74047632	1904399	0	5.769348e-04	5.746042e-06	1
11	rs74047681	1942684	0	-2.764185e-05	-2.704751e-07	1
11	rs74048147	2072719	0	-1.482367e-04	-1.462474e-06	1
11	rs74048151	2074376	0	-4.432237e-05	-4.354440e-07	1
11	rs74048154	2076311	0	-4.432237e-05	-4.354440e-07	1
11	rs74048155	2077310	0	-3.007124e-04	-2.968382e-06	1
11	rs74048157	2078005	0	-7.909826e-04	-7.856462e-06	1
11	rs74048159	2082061	1	-2.958087e-04	-2.919902e-06	1
11	rs74048162	2086270	0	-3.007124e-04	-2.968381e-06	1
11	rs74048164	2086561	0	-7.136288e-04	-7.103671e-06	1
11	rs74048169	2091639	0	-2.233586e-04	-2.211229e-06	1
11	rs74048171	2093603	0	-7.578291e-04	-7.384558e-06	1
11	rs74048172	2094347	0	-7.136288e-04	-7.103671e-06	1
11	rs74048174	2094762	0	-7.136288e-04	-7.103671e-06	1
11	rs74048176	2096908	0	-8.670479e-04	-8.463691e-06	1
11	rs74048181	2107742	0	-4.123174e-04	-4.091946e-06	1
11	rs74048187	2111568	0	-3.773201e-04	-3.753772e-06	1
11	rs74048188	2113165	0	-3.773201e-04	-3.753772e-06	1
11	rs74048198	2118282	0	7.167233e-05	7.099098e-07	1
11	rs74048200	2120298	0	-5.159945e-04	-5.084830e-06	1
11	rs74048201	2121638	0	-1.075389e-04	-1.060695e-06	1
11	rs74048205	2318624	0	7.359200e-04	7.235806e-06	1
11	rs74048208	2320210	0	1.048523e-03	1.030876e-05	1
11	rs74048209	2320224	0	1.048523e-03	1.030876e-05	1
11	rs74048265	2340973	0	3.178660e-04	3.126803e-06	1
11	rs74048650	2538325	0	-2.384740e-04	-2.336140e-06	1
11	rs74050024	2040128	2	7.041782e-05	6.976111e-07	1
11	rs74050049	2064769	0	-1.905991e-03	-1.917168e-05	1
11	rs74050056	2072097	0	-7.846647e-04	-7.784182e-06	1
11	rs74050103	2124269	0	7.167233e-05	7.099100e-07	1
11	rs74050108	2130104	0	1.311798e-04	1.298272e-06	1
11	rs74050111	2136957	0	5.303807e-04	5.243263e-06	1
11	rs74050116	2142184	0	1.859825e-04	1.835603e-06	1
11	rs74050358	2357194	0	4.743909e-04	4.697518e-06	1
11	rs74050359	2357227	0	4.743909e-04	4.697517e-06	1
11	rs74050360	2357368	0	4.743909e-04	4.697517e-06	1
11	rs74050361	2357465	0	4.743909e-04	4.697517e-06	1
11	rs74050541	2430020	0	1.616867e-04	1.600761e-06	1
11	rs74327570	2077866	0	1.039143e-04	1.026476e-06	1
11	rs74347575	1890829	0	-3.196691e-04	-3.175772e-06	1
11	rs743647	2683938	0	-6.344473e-04	-6.313895e-06	1
11	rs74392867	2537748	0	-7.712953e-04	-7.690103e-06	1
11	rs74393603	2578255	0	-6.059596e-04	-6.017457e-06	1
11	rs74446674	2121355	0	-1.075389e-04	-1.060695e-06	1
11	rs74501871	2665357	0	-6.081017e-05	-5.999623e-07	1
11	rs74583240	1819560	0	-1.155505e-04	-1.138921e-06	1
11	rs74606400	2449413	0	-9.149845e-04	-9.146557e-06	1
11	rs74623003	2766825	0	-4.417364e-04	-4.404543e-06	1
11	rs74686312	1875363	0	2.481710e-04	2.466913e-06	1
11	rs74716015	2395599	0	1.647529e-05	1.613425e-07	1
11	rs74776955	1902923	0	2.573512e-04	2.560804e-06	1
11	rs7478680	2223360	0	-9.498235e-04	-9.405911e-06	1
11	rs7478847	2301198	0	-1.214830e-04	-1.172190e-06	1
11	rs7479065	2068717	0	-3.388700e-04	-3.314789e-06	1
11	rs7479936	2187455	0	-8.371421e-05	-8.023373e-07	1
11	rs7480120	2224958	0	1.691138e-04	1.640464e-06	1
11	rs7480143	2225023	0	-9.498235e-04	-9.405911e-06	1
11	rs7480196	2145223	0	5.743524e-04	5.579835e-06	1
11	rs7480235	2240416	0	-2.961106e-04	-2.837331e-06	1
11	rs7481129	2230460	0	-3.271143e-04	-3.192210e-06	1
11	rs7481622	1824076	0	1.713677e-03	1.726576e-05	1
11	rs7481661	1840954	0	-2.262600e-04	-2.184831e-06	1
11	rs7481707	2279710	0	-5.763395e-04	-5.624515e-06	1
11	rs7482506	2236254	0	6.926448e-04	6.889744e-06	1
11	rs7482782	2097954	0	-5.743163e-04	-5.581044e-06	1
11	rs7482821	2098122	0	-1.229096e-04	-1.212032e-06	1
11	rs7482841	1830754	0	-4.091593e-06	-3.775846e-08	1
11	rs7482891	2197112	0	9.843295e-04	9.598498e-06	1
11	rs7482894	2121264	0	2.724642e-05	2.611006e-07	1
11	rs7483211	2244181	0	-3.013841e-05	-2.983513e-07	1
11	rs7483477	1920255	0	-8.763653e-04	-8.557350e-06	1
11	rs74872739	1883939	0	2.481710e-04	2.466913e-06	1
11	rs74899747	2537654	0	9.928737e-05	9.835299e-07	1
11	rs74911255	2319621	0	-1.792365e-05	-1.765128e-07	1
11	rs74911495	2449379	0	-7.423018e-04	-7.391561e-06	1
11	rs75029415	2255147	5	7.630451e-04	7.547238e-06	1
11	rs75035036	1828987	0	-5.717558e-05	-5.693439e-07	1
11	rs75098480	2349673	0	-6.607291e-04	-6.598026e-06	1
11	rs75252417	2233060	0	-4.340033e-04	-4.289230e-06	1
11	rs75294921	2726528	0	-5.630558e-04	-5.595371e-06	1
11	rs753135	2440108	0	-3.332991e-06	-3.673550e-08	1
11	rs753136	2440119	0	-3.332991e-06	-3.673575e-08	1
11	rs753137	2440223	0	-7.254771e-05	-7.032279e-07	1
11	rs753138	2440276	0	-3.332991e-06	-3.673623e-08	1
11	rs75345846	2426857	0	9.766608e-05	9.723602e-07	1
11	rs75392110	2599360	0	-2.199409e-04	-2.180182e-06	1
11	rs75395881	2365582	0	4.068376e-04	4.030077e-06	1
11	rs75414884	2717937	0	-3.856411e-04	-3.814445e-06	1
11	rs75421421	2509047	0	1.180223e-03	1.168655e-05	1
11	rs75449946	2354181	0	4.814579e-04	4.773145e-06	1
11	rs75458755	2559044	0	2.088723e-04	2.064868e-06	1
11	rs75506054	2096158	0	7.005114e-05	6.972189e-07	1
11	rs75560722	2706877	0	4.549802e-04	4.517123e-06	1
11	rs75574677	2337272	0	1.878143e-04	1.855035e-06	1
11	rs75587420	2525998	0	1.139304e-04	1.126448e-06	1
11	rs75643572	2706790	0	4.549802e-04	4.517123e-06	1
11	rs75666374	1881628	0	2.481710e-04	2.466913e-06	1
11	rs75670474	2563110	0	3.886283e-04	3.839923e-06	1
11	rs756914	2388747	0	2.577138e-04	2.523089e-06	1
11	rs756915	2388861	0	2.577138e-04	2.523088e-06	1
11	rs756916	2389633	0	2.577138e-04	2.523088e-06	1
11	rs756921	2322415	0	7.122990e-04	7.036006e-06	1
11	rs756922	2322561	0	7.169733e-04	7.083575e-06	1
11	rs756923	2322662	0	5.354964e-04	5.282107e-06	1
11	rs756924	2323029	0	5.175727e-04	5.142093e-06	1
11	rs756925	2328948	0	-7.191708e-05	-7.019494e-07	1
11	rs756926	2329078	0	3.047017e-04	3.021881e-06	1
11	rs756927	2329119	0	3.047017e-04	3.021881e-06	1
11	rs757085	2538981	0	-1.632616e-03	-1.622423e-05	1
11	rs757088	2440749	0	-1.401010e-04	-1.355003e-06	1
11	rs757090	2440908	0	5.456656e-04	5.267363e-06	1
11	rs757091	2440989	0	-7.338574e-05	-7.115843e-07	1
11	rs757092	2499178	0	-8.464228e-04	-8.160148e-06	1
11	rs757409	1975106	8	-2.092053e-03	-2.093235e-05	1
11	rs75778708	1955377	0	3.750628e-04	3.731658e-06	1
11	rs75794341	2331597	0	-5.067399e-06	-5.110467e-08	1
11	rs75822747	2569037	0	3.561368e-04	3.540823e-06	1
11	rs75893162	2451281	0	-1.231815e-03	-1.240063e-05	1
11	rs75956732	2361947	0	2.497834e-04	2.476450e-06	1
11	rs75966923	1880730	0	4.198825e-04	4.174763e-06	1
11	rs76003132	2590951	0	8.436306e-04	8.433225e-06	1
11	rs76063739	2563997	0	1.534948e-04	1.526363e-06	1
11	rs76085728	1890821	0	-3.196691e-04	-3.175772e-06	1
11	rs76101706	2696958	0	-4.285943e-04	-4.243010e-06	1
11	rs76102571	1890971	0	2.203501e-04	2.170482e-06	1
11	rs76160678	2277990	0	-7.429025e-04	-7.374636e-06	1
11	rs76167901	1958780	0	3.029069e-04	3.017742e-06	1
11	rs76186186	1893919	0	-1.303687e-03	-1.293676e-05	1
11	rs76230762	2364558	0	9.930073e-04	9.813536e-06	1
11	rs76248223	2342712	0	3.874798e-04	3.842242e-06	1
11	rs76275146	2247371	0	-6.488995e-04	-6.419909e-06	1
11	rs76296735	2416898	0	-3.020698e-04	-3.003026e-06	1
11	rs76361611	2212584	0	3.482044e-04	3.386260e-06	1
11	rs76374648	2134283	0	2.110945e-04	2.100612e-06	1
11	rs76395194	2321250	0	-1.792365e-05	-1.765129e-07	1
11	rs76458215	1941867	0	-1.216683e-04	-1.209972e-06	1
11	rs76497132	2650720	0	2.420654e-04	2.394639e-06	1
11	rs76547628	2077271	0	-5.344704e-04	-5.220343e-06	1
11	rs76755549	2636191	0	2.195419e-04	2.186095e-06	1
11	rs76767344	2718237	0	-5.208532e-04	-5.168982e-06	1
11	rs76775887	1891953	0	-1.206063e-03	-1.192883e-05	1
11	rs76782422	1900670	0	-2.184006e-04	-2.170315e-06	1
11	rs76872295	2418861	0	7.932585e-04	7.905332e-06	1
11	rs76874768	2703695	0	2.730965e-04	2.714959e-06	1
11	rs76909371	1948325	0	1.144851e-04	1.115320e-06	1
11	rs77007065	2319730	0	-1.792365e-05	-1.765129e-07	1
11	rs77009498	2367970	0	4.068376e-04	4.030076e-06	1
11	rs77059665	2543017	0	-7.592431e-04	-7.562912e-06	1
11	rs77124198	2120123	0	-8.110249e-04	-8.089903e-06	1
11	rs77179140	2371580	0	2.753471e-04	2.720614e-06	1
11	rs77251226	2378181	0	4.959169e-05	4.881890e-07	1
11	rs77294061	2734176	0	-8.815844e-04	-8.798788e-06	1
11	rs77307322	2537091	0	-2.384740e-04	-2.336140e-06	1
11	rs77369403	2390064	0	2.099064e-04	2.080618e-06	1
11	rs77411016	2297086	0	-3.584820e-04	-3.568766e-06	1
11	rs77413927	1909788	0	2.391177e-04	2.378122e-06	1
11	rs77583848	2540170	0	1.984156e-04	1.975679e-06	1
11	rs77625359	2616384	0	-6.495541e-04	-6.473611e-06	1
11	rs77721152	2627118	0	9.831381e-05	9.781832e-07	1
11	rs77728001	2538466	0	-1.401915e-04	-1.386115e-06	1
11	rs77753127	2420811	0	-1.775415e-04	-1.763478e-06	1
11	rs77909323	2190355	0	1.516685e-04	1.509160e-06	1
11	rs77926599	2271304	0	-6.455704e-04	-6.387815e-06	1
11	rs78140146	2172805	0	1.931141e-04	1.913192e-06	1
11	rs78183364	2574324	0	2.696927e-04	2.677530e-06	1
11	rs78205490	2366108	0	4.068376e-04	4.030076e-06	1
11	rs78228403	2090748	0	1.039143e-04	1.026476e-06	1
11	rs78310724	1867974	0	-3.452933e-04	-3.433085e-06	1
11	rs78311622	1881251	0	-9.170354e-05	-9.152387e-07	1
11	rs78353778	1949425	0	-1.161739e-04	-1.156935e-06	1
11	rs78354622	1868164	0	-2.234225e-04	-2.225392e-06	1
11	rs78396389	2209620	0	2.929330e-04	2.906158e-06	1
11	rs78472940	1876260	0	2.481710e-04	2.466913e-06	1
11	rs78481925	2452643	0	-1.055625e-03	-1.059073e-05	1
11	rs78533632	2393015	0	9.301203e-04	9.294815e-06	1
11	rs78599729	2751315	0	-2.064083e-04	-2.055493e-06	1
11	rs78662878	1945174	0	1.672944e-04	1.666471e-06	1
11	rs78704061	2764919	0	-4.876256e-04	-4.851269e-06	1
11	rs7873	2150697	0	2.011336e-04	1.979653e-06	1
11	rs78805413	2131018	0	-1.146518e-03	-1.149389e-05	1
11	rs78844589	2365138	0	4.068376e-04	4.030076e-06	1
11	rs78861098	2127869	0	7.167233e-05	7.099104e-07	1
11	rs78926062	2530835	0	2.335613e-04	2.324389e-06	1
11	rs78932744	2444732	0	4.808894e-04	4.783449e-06	1
11	rs78934618	2236297	0	3.443418e-04	3.431799e-06	1
11	rs78952134	1941996	0	1.776560e-04	1.730965e-06	1
11	rs79041867	2223842	0	-4.143485e-04	-4.095117e-06	1
11	rs79050743	1886443	0	-6.074762e-06	-5.968119e-08	1
11	rs79148737	2376336	0	4.959169e-05	4.881889e-07	1
11	rs79188432	2339635	0	7.769571e-04	7.662449e-06	1
11	rs7924489	2107854	0	5.847591e-04	5.726172e-06	1
11	rs7924768	2108072	0	5.847591e-04	5.726172e-06	1
11	rs7924846	2564409	0	1.037095e-03	1.032075e-05	1
11	rs7924915	2536131	0	-5.608275e-04	-5.560625e-06	1
11	rs7924946	2776809	0	1.129077e-03	1.121992e-05	1
11	rs7925515	2073913	0	5.246640e-04	5.135338e-06	1
11	rs7925655	2104138	0	5.959560e-04	5.846546e-06	1
11	rs7926624	2129030	0	1.162995e-04	1.149258e-06	1
11	rs7929293	2281779	0	6.454321e-04	6.345193e-06	1
11	rs7929314	1880596	0	-1.971469e-03	-1.975911e-05	1
11	rs79295543	2542553	0	-7.712953e-04	-7.690103e-06	1
11	rs7929804	2640824	0	-1.288920e-03	-1.252728e-05	1
11	rs7930994	1845920	0	-3.373622e-04	-3.258609e-06	1
11	rs7931848	2270029	0	-5.724478e-04	-5.662517e-06	1
11	rs7932087	1838366	0	4.084936e-05	4.019681e-07	1
11	rs7932594	2111243	0	6.285618e-04	6.168638e-06	1
11	rs7932822	2111406	0	6.285618e-04	6.168638e-06	1
11	rs7932949	2111531	0	6.173650e-04	6.051869e-06	1
11	rs7932964	2070570	0	-2.215627e-03	-2.255823e-05	1
11	rs79337391	1962463	0	-1.400381e-04	-1.393792e-06	1
11	rs7933888	2122617	0	6.565876e-04	6.397861e-06	1
11	rs7933983	2106428	0	9.826165e-04	9.518209e-06	1
11	rs7934551	1876717	0	1.454434e-03	1.432949e-05	1
11	rs7934636	2622146	0	3.332773e-04	3.249308e-06	1
11	rs7935483	2329423	0	3.047017e-04	3.021881e-06	1
11	rs7935491	2107761	0	5.359241e-04	5.230130e-06	1
11	rs7936109	2286454	0	6.315013e-05	5.997106e-07	1
11	rs7936654	2618012	0	3.034403e-04	2.971584e-06	1
11	rs7936748	2133958	0	2.377694e-05	2.367085e-07	1
11	rs7937265	1947800	0	1.144851e-04	1.115320e-06	1
11	rs7937388	2723142	0	-1.078194e-04	-1.065782e-06	1
11	rs7937711	2642808	0	-7.041352e-05	-6.971262e-07	1
11	rs7937915	2214388	0	2.498695e-04	2.428462e-06	1
11	rs7938807	2728068	0	-1.846316e-04	-1.831075e-06	1
11	rs7939031	2350209	0	8.667752e-04	8.546879e-06	1
11	rs7939542	2485486	0	1.815161e-03	1.821868e-05	1
11	rs7939695	2728090	0	-1.846316e-04	-1.831075e-06	1
11	rs7939857	2110067	0	1.111772e-03	1.079804e-05	1
11	rs7940104	2567816	0	8.699934e-04	8.612872e-06	1
11	rs7940500	2721394	0	2.719620e-04	2.698103e-06	1
11	rs7941286	1834062	0	4.084936e-05	4.019681e-07	1
11	rs7941377	2700161	0	1.291745e-04	1.278269e-06	1
11	rs7941585	2281501	0	6.454321e-04	6.345192e-06	1
11	rs7941969	2260543	0	6.926448e-04	6.889744e-06	1
11	rs7942309	1828941	0	7.861029e-04	7.753255e-06	1
11	rs7942492	2585979	0	6.759212e-04	6.724921e-06	1
11	rs7943060	1879101	0	-1.805183e-03	-1.798954e-05	1
11	rs7944966	2640419	0	-6.048077e-04	-5.915191e-06	1
11	rs7945093	2640720	0	-4.351794e-04	-4.244452e-06	1
11	rs7945251	2215856	0	-1.867148e-04	-1.850467e-06	1
11	rs7946543	2220558	0	-1.820349e-04	-1.793192e-06	1
11	rs7947138	2214467	0	1.441900e-04	1.400771e-06	1
11	rs7947797	2508273	0	1.193792e-03	1.184209e-05	1
11	rs7947972	2626305	0	8.170200e-04	7.977220e-06	1
11	rs7947990	2622591	0	1.367342e-05	1.335807e-07	1
11	rs7948014	1845782	0	3.789185e-05	3.727702e-07	1
11	rs7948458	2172830	0	-1.852286e-04	-1.808415e-06	1
11	rs7948952	2776240	0	8.988429e-04	8.903724e-06	1
11	rs7949013	2101692	0	-1.236174e-04	-1.218105e-06	1
11	rs7949152	2269704	0	-7.548676e-04	-7.283009e-06	1
11	rs7949253	2253079	0	7.186299e-04	6.990357e-06	1
11	rs7949715	2292384	0	3.926122e-04	3.896508e-06	1
11	rs7949873	2292520	0	6.766686e-04	6.710907e-06	1
11	rs7949935	2247686	0	-3.013841e-05	-2.983515e-07	1
11	rs7949938	2247694	0	-3.013841e-05	-2.983515e-07	1
11	rs7949976	2286651	0	-7.575752e-05	-7.462853e-07	1
11	rs7951141	2097561	0	1.223863e-03	1.190388e-05	1
11	rs7951664	2654518	0	-1.042380e-04	-1.023372e-06	1
11	rs7952222	2532444	0	-2.113735e-03	-2.138797e-05	1
11	rs7952363	1833975	0	4.084936e-05	4.019681e-07	1
11	rs79608083	1899612	0	-4.993140e-04	-4.952267e-06	1
11	rs79616871	2353815	10	-1.790864e-04	-1.736284e-06	1
11	rs79630929	2559846	0	2.088723e-04	2.064869e-06	1
11	rs79696944	2283950	0	-7.165301e-04	-7.146221e-06	1
11	rs79782185	2078679	0	7.005114e-05	6.972189e-07	1
11	rs79794187	2225631	0	-3.234891e-04	-3.196107e-06	1
11	rs79794499	2346432	0	2.516035e-04	2.487656e-06	1
11	rs800115	2361095	0	-2.317440e-04	-2.257258e-06	1
11	rs800116	2361624	0	-2.939016e-04	-2.866240e-06	1
11	rs800117	2362790	0	-6.062986e-04	-5.938862e-06	1
11	rs800118	2362960	0	-5.425094e-04	-5.308168e-06	1
11	rs800120	2363350	0	-1.466435e-03	-1.447500e-05	1
11	rs800121	2363625	0	-1.059597e-03	-1.039730e-05	1
11	rs800122	2363658	0	-6.062986e-04	-5.938860e-06	1
11	rs800123	2364234	0	-1.620695e-03	-1.607437e-05	1
11	rs800124	2364384	0	-1.620695e-03	-1.607437e-05	1
11	rs800125	2364549	0	-1.345282e-03	-1.323510e-05	1
11	rs800126	2365581	0	-7.682379e-04	-7.448428e-06	1
11	rs800127	2366241	0	-9.371159e-04	-9.076239e-06	1
11	rs800131	2390777	0	-4.203009e-04	-4.027370e-06	1
11	rs800132	2391061	0	6.633003e-04	6.587434e-06	1
11	rs800133	2391704	0	-8.025294e-04	-7.894748e-06	1
11	rs800135	2392437	0	-1.593476e-03	-1.588148e-05	1
11	rs800138	2396291	0	-1.593476e-03	-1.588148e-05	1
11	rs800139	2333124	0	-9.319638e-04	-9.125070e-06	1
11	rs800142	2385071	0	-8.641477e-04	-8.519636e-06	1
11	rs800143	2367222	0	-1.494881e-04	-1.443201e-06	1
11	rs800144	2368156	0	-7.682379e-04	-7.448425e-06	1
11	rs800145	2368299	0	-9.371159e-04	-9.076235e-06	1
11	rs800146	2368983	0	-5.563257e-04	-5.392760e-06	1
11	rs800147	2368995	0	-7.682379e-04	-7.448423e-06	1
11	rs800148	2369233	0	-1.494881e-04	-1.443198e-06	1
11	rs800149	2370723	0	-6.276878e-04	-6.162921e-06	1
11	rs800150	2371219	0	-5.610000e-04	-5.434000e-06	1
11	rs800151	2371351	0	-2.856529e-04	-2.771661e-06	1
11	rs800152	2371390	0	-5.610000e-04	-5.433999e-06	1
11	rs800153	2373515	0	-9.684354e-04	-9.554746e-06	1
11	rs800154	2373786	0	-8.386984e-04	-8.240430e-06	1
11	rs800156	2376436	0	-9.684354e-04	-9.554745e-06	1
11	rs800157	2376602	0	-9.684354e-04	-9.554745e-06	1
11	rs800158	2378447	0	-8.141748e-04	-8.012472e-06	1
11	rs800159	2378678	0	-7.340295e-04	-7.159773e-06	1
11	rs800160	2380134	0	-9.325494e-04	-9.195326e-06	1
11	rs800161	2382010	0	-8.349786e-04	-8.157555e-06	1
11	rs800162	2382187	0	-8.641477e-04	-8.519630e-06	1
11	rs800163	2382969	0	-8.099145e-04	-7.983936e-06	1
11	rs800334	2409173	0	-6.294294e-04	-6.172810e-06	1
11	rs800337	2473311	0	-6.794460e-04	-6.659853e-06	1
11	rs800340	2458393	0	1.282160e-04	1.274338e-06	1
11	rs800343	2429617	0	4.108616e-04	4.058968e-06	1
11	rs800344	2429653	0	6.775024e-04	6.712582e-06	1
11	rs800347	2430597	0	-1.314452e-03	-1.289196e-05	1
11	rs800349	2414702	0	-1.236042e-03	-1.216536e-05	1
11	rs800350	2415964	0	-1.662304e-03	-1.649565e-05	1
11	rs80056995	2533209	0	-8.350845e-04	-8.332551e-06	1
11	rs80102379	2634177	0	7.893406e-05	7.857415e-07	1
11	rs80120162	2332694	0	5.093447e-04	5.031213e-06	1
11	rs80293987	2078745	0	-7.909826e-04	-7.856462e-06	1
11	rs808963	2332037	0	-2.038655e-04	-1.991754e-06	1
11	rs810021	1914819	0	-1.695358e-04	-1.623365e-06	1
11	rs84178	2774374	0	9.485181e-04	9.364865e-06	1
11	rs868330	2136605	0	5.743524e-04	5.579834e-06	1
11	rs868331	2136794	0	5.743524e-04	5.579834e-06	1
11	rs868332	2136841	0	3.293387e-04	3.276918e-06	1
11	rs869227	1877438	0	1.454434e-03	1.432949e-05	1
11	rs869586	1844550	0	-3.373622e-04	-3.258608e-06	1
11	rs869587	1844594	0	-4.142230e-04	-4.048031e-06	1
11	rs873997	2440450	0	-7.254771e-05	-7.032318e-07	1
11	rs873998	2440466	0	-7.254771e-05	-7.032320e-07	1
11	rs874185	2534075	0	-6.834924e-04	-6.551989e-06	1
11	rs882880	1849469	0	-2.850238e-04	-2.796639e-06	1
11	rs886276	2439651	0	-3.332991e-06	-3.674080e-08	1
11	rs886277	2439767	0	-3.332991e-06	-3.674105e-08	1
11	rs886278	2439876	0	9.069768e-05	8.719389e-07	1
11	rs907603	1849333	0	-2.850238e-04	-2.796639e-06	1
11	rs907604	1849354	0	2.701431e-04	2.614433e-06	1
11	rs907608	1857243	0	-3.563080e-04	-3.502717e-06	1
11	rs907609	1857270	0	-4.983651e-04	-4.884893e-06	1
11	rs907611	1874072	0	-1.737935e-03	-1.725826e-05	1
11	rs907612	1874221	0	-1.101227e-03	-1.070683e-05	1
11	rs907613	1874292	0	-1.739985e-03	-1.729082e-05	1
11	rs907614	1877533	0	-4.420732e-04	-4.258169e-06	1
11	rs909116	1941946	0	-2.990100e-04	-2.870059e-06	1
11	rs909413	2534057	0	-1.072004e-03	-1.052277e-05	1
11	rs939685	1834254	0	-3.157463e-04	-3.077377e-06	1
11	rs960225	1952089	0	-1.012564e-04	-9.948079e-07	1
11	rs962902	2352225	0	-1.540638e-04	-1.499848e-06	1
11	rs962903	2352341	0	-1.835779e-04	-1.790784e-06	1
11	rs9633910	1875511	0	6.487884e-04	6.322242e-06	1
11	rs9645650	2777982	0	1.786645e-03	1.776882e-05	1
11	rs9666604	2697595	0	-4.184587e-04	-4.124591e-06	1
11	rs9667035	1907653	0	4.385162e-04	4.359445e-06	1
11	rs9667408	2656571	0	1.390474e-04	1.354440e-06	1
11	rs9667790	2340478	0	-9.028554e-04	-8.803540e-06	1
11	rs9734938	2133923	0	-4.553252e-04	-4.390670e-06	1
11	rs9783374	2340619	0	-2.128639e-04	-2.071154e-06	1
11	rs9783395	2340733	1	-1.124568e-03	-1.096876e-05	1
11	rs9888189	2770777	4	-4.917717e-04	-4.827353e-06	1
