chr	rs	ps	n_miss	b	beta	gamma
12	rs1001127	6601743	0	2.186290e-04	7.371785e-05	1
12	rs10160866	6014627	0	5.258345e-05	4.026461e-05	1
12	rs10161036	6005072	0	5.258345e-05	4.026461e-05	1
12	rs10161529	6013122	0	-6.913434e-05	-5.418809e-05	1
12	rs1017101	6574301	0	-3.434120e-04	-1.232651e-04	1
12	rs10219599	6113138	0	-2.072025e-04	-1.086273e-04	1
12	rs1034969	6573856	0	-5.939133e-04	-2.621761e-04	1
12	rs1043262	6639088	0	-2.686805e-05	-8.765576e-06	1
12	rs1043271	6640676	1	-6.567834e-04	-3.181583e-04	1
12	rs1043282	6640976	0	1.340562e-04	6.000953e-05	1
12	rs10437831	6620779	0	8.594584e-05	2.722747e-05	1
12	rs10444482	6800827	0	-2.437923e-04	-4.918325e-04	1
12	rs1045452	6572048	0	4.297889e-05	1.171674e-05	1
12	rs1045546	6567907	0	1.484521e-04	6.642575e-05	1
12	rs1045548	6570966	0	2.230530e-04	6.161157e-05	1
12	rs1045553	6747295	0	-3.283598e-04	-1.227666e-04	1
12	rs10466905	6502832	0	-9.629862e-05	-3.983995e-05	1
12	rs1047776	6948692	0	1.133057e-03	6.146367e-04	1
12	rs1047792	6649099	0	2.072794e-04	8.209695e-05	1
12	rs1048402	6601175	0	-2.063336e-04	-6.129892e-05	1
12	rs10492096	6580582	0	1.594771e-04	7.097147e-05	1
12	rs10492097	6394678	0	1.252912e-03	1.761817e-03	1
12	rs1050629	6857289	0	-4.170855e-04	-8.852605e-04	1
12	rs1053523	6094784	0	-2.657111e-04	-1.761127e-04	1
12	rs1056968	6528629	0	5.241206e-04	1.672329e-04	1
12	rs1057510	6683287	0	1.977761e-04	7.603229e-05	1
12	rs1060619	6644781	0	2.230912e-04	7.195202e-05	1
12	rs1060620	6644722	0	3.045318e-04	1.012920e-04	1
12	rs1060621	6644696	0	1.401750e-04	5.414858e-05	1
12	rs1063857	6153514	0	-2.804530e-04	-8.633492e-05	1
12	rs1065691	6646320	0	4.095417e-04	1.443742e-04	1
12	rs10735058	6617372	0	1.909262e-04	6.527337e-05	1
12	rs10735059	6625130	0	3.525660e-04	1.168337e-04	1
12	rs10744696	6168834	0	-4.186931e-04	-1.311661e-04	1
12	rs10744700	6297863	0	-3.230542e-04	-1.090794e-04	1
12	rs10744702	6349127	0	-8.244567e-04	-3.304289e-04	1
12	rs10744705	6498695	0	2.762943e-04	3.399796e-04	1
12	rs10744706	6503218	0	6.715142e-04	3.258977e-04	1
12	rs10744709	6617351	0	1.909262e-04	6.527335e-05	1
12	rs10744710	6617559	0	2.781632e-04	9.844103e-05	1
12	rs1075835	6905417	0	-4.111243e-04	-1.867627e-04	1
12	rs1075836	6905550	0	-9.756453e-05	-3.184118e-05	1
12	rs1075837	6905608	0	-2.611180e-05	-8.370634e-06	1
12	rs1075838	6905715	0	-2.611180e-05	-8.370632e-06	1
12	rs1076415	6289938	0	-1.703667e-04	-5.162482e-05	1
12	rs10774384	6008714	0	1.454523e-04	4.316469e-05	1
12	rs10774387	6063429	0	-1.866725e-04	-6.870360e-05	1
12	rs10774388	6065324	0	6.790538e-05	2.743780e-05	1
12	rs10774394	6238593	0	-7.036863e-04	-2.897819e-04	1
12	rs10774407	6286080	0	-4.873082e-04	-1.640441e-04	1
12	rs10774409	6288322	0	-2.029467e-04	-5.804210e-05	1
12	rs10774411	6299423	0	-3.262528e-04	-1.029076e-04	1
12	rs10774412	6299448	0	-5.355044e-05	-1.592604e-05	1
12	rs10774413	6299813	0	-4.010201e-04	-1.275145e-04	1
12	rs10774415	6300246	0	-3.070053e-04	-9.660296e-05	1
12	rs10774424	6380357	0	1.074995e-03	7.167830e-04	1
12	rs10774431	6535649	0	3.267864e-04	9.559244e-05	1
12	rs10774432	6565750	0	2.546309e-04	7.222115e-05	1
12	rs10774435	6616120	0	2.938282e-04	1.136349e-04	1
12	rs10774436	6629266	0	-1.921790e-05	-6.136010e-06	1
12	rs10774437	6655450	0	2.956318e-04	9.237234e-05	1
12	rs10774438	6699865	0	-3.615917e-06	-1.391791e-06	1
12	rs10774440	6757401	0	1.957941e-04	2.026525e-04	1
12	rs10774442	6829472	0	5.229803e-04	1.743174e-04	1
12	rs10774443	6848212	0	3.368072e-04	2.146022e-04	1
12	rs10774445	6850528	0	6.734295e-05	3.342003e-05	1
12	rs10774448	6907289	0	-3.421338e-04	-1.950812e-04	1
12	rs10849356	5995106	0	1.758711e-05	5.194548e-06	1
12	rs10849361	6065751	0	6.790538e-05	2.743779e-05	1
12	rs10849363	6066357	0	1.124076e-04	2.918498e-05	1
12	rs10849365	6080534	0	1.151889e-03	1.145827e-03	1
12	rs10849367	6087011	0	-2.970343e-05	-2.069711e-05	1
12	rs10849368	6087099	6	-8.610530e-05	-7.439256e-05	1
12	rs10849369	6088665	0	-7.356149e-05	-5.424231e-05	1
12	rs10849370	6088877	0	-7.356149e-05	-5.424230e-05	1
12	rs10849375	6100611	0	-7.356149e-05	-5.424230e-05	1
12	rs10849376	6102907	0	-7.356149e-05	-5.424230e-05	1
12	rs10849377	6104554	0	-7.356149e-05	-5.424229e-05	1
12	rs10849380	6185309	0	3.097694e-04	2.764287e-04	1
12	rs10849392	6243869	0	-3.612422e-04	-1.099396e-04	1
12	rs10849410	6280732	0	-8.530743e-04	-3.901595e-04	1
12	rs10849411	6285818	0	-3.965695e-04	-1.305448e-04	1
12	rs10849413	6285867	0	-4.873082e-04	-1.640439e-04	1
12	rs10849414	6286370	0	-4.873082e-04	-1.640439e-04	1
12	rs10849426	6362158	0	3.310768e-04	3.177895e-04	1
12	rs10849431	6375865	0	2.581226e-04	1.907021e-04	1
12	rs10849432	6385727	0	-1.540733e-04	-8.040625e-05	1
12	rs10849433	6406904	0	7.171881e-04	2.781871e-04	1
12	rs10849434	6407044	0	6.863882e-04	2.695509e-04	1
12	rs10849436	6409619	0	1.891896e-04	6.340353e-05	1
12	rs10849438	6412036	0	2.152318e-04	1.260832e-04	1
12	rs10849439	6415331	0	-9.958187e-04	-1.142109e-03	1
12	rs10849441	6435571	0	2.351433e-04	6.485482e-05	1
12	rs10849449	6498662	0	3.265346e-04	9.651651e-05	1
12	rs10849451	6524679	0	2.640873e-04	7.397692e-05	1
12	rs10849452	6525121	0	2.640873e-04	7.397692e-05	1
12	rs10849453	6528252	0	-2.409189e-04	-6.930527e-05	1
12	rs10849454	6534654	0	-4.155341e-04	-1.527018e-04	1
12	rs10849462	6575992	0	1.484521e-04	6.642573e-05	1
12	rs10849465	6580365	0	4.512986e-04	1.457598e-04	1
12	rs10849466	6582278	0	-3.368343e-05	-9.371344e-06	1
12	rs10849468	6596695	0	1.095381e-04	3.591951e-05	1
12	rs10849469	6605811	0	1.340562e-04	6.000943e-05	1
12	rs10849470	6606493	0	1.340562e-04	6.000942e-05	1
12	rs10849471	6610118	0	1.340562e-04	6.000941e-05	1
12	rs10849472	6610300	0	1.340562e-04	6.000940e-05	1
12	rs10849474	6610726	0	1.340562e-04	6.000939e-05	1
12	rs10849475	6615202	0	1.340562e-04	6.000939e-05	1
12	rs10849477	6616087	0	1.340562e-04	6.000938e-05	1
12	rs10849478	6621251	0	-4.811034e-05	-1.404352e-05	1
12	rs10849479	6624806	0	2.654451e-04	1.264037e-04	1
12	rs10849480	6629113	0	-3.073429e-04	-7.417103e-05	1
12	rs10849481	6633621	0	2.432396e-04	9.488854e-05	1
12	rs10849482	6635274	0	2.209047e-04	8.584774e-05	1
12	rs10849483	6635374	0	2.209047e-04	8.584773e-05	1
12	rs10849484	6637941	0	2.209047e-04	8.584772e-05	1
12	rs10849485	6640267	0	2.465571e-04	7.121490e-05	1
12	rs10849487	6653762	0	2.659207e-04	9.623520e-05	1
12	rs10849488	6654050	0	3.627362e-04	1.168629e-04	1
12	rs10849492	6720795	0	-2.561488e-05	-9.240799e-06	1
12	rs10849493	6754518	0	-1.384468e-04	-1.374598e-04	1
12	rs10849503	6850713	0	6.734295e-05	3.342002e-05	1
12	rs10849504	6850911	0	3.840813e-04	2.724509e-04	1
12	rs10849505	6850916	0	6.734295e-05	3.342001e-05	1
12	rs10849506	6851193	0	-4.127583e-05	-2.135470e-05	1
12	rs10849507	6851562	0	-4.127583e-05	-2.135470e-05	1
12	rs10849508	6851638	0	2.754625e-04	1.874163e-04	1
12	rs10849509	6851649	0	-4.127583e-05	-2.135471e-05	1
12	rs10849510	6851758	0	2.754625e-04	1.874163e-04	1
12	rs10849511	6851813	0	2.754625e-04	1.874162e-04	1
12	rs10849517	6907026	0	-5.071930e-04	-3.770273e-04	1
12	rs10849523	6923286	0	2.836723e-04	2.713201e-04	1
12	rs11063911	6018550	0	5.258345e-05	4.026455e-05	1
12	rs11063915	6028729	5	-8.227137e-04	-3.288439e-04	1
12	rs11063926	6043944	0	-1.457871e-04	-5.209789e-05	1
12	rs11063927	6044019	0	-6.476395e-05	-6.311392e-05	1
12	rs11063928	6044932	0	-6.476395e-05	-6.311392e-05	1
12	rs11063929	6045104	0	-6.476395e-05	-6.311392e-05	1
12	rs11063930	6045211	0	-6.476395e-05	-6.311393e-05	1
12	rs11063932	6045482	0	-6.476395e-05	-6.311393e-05	1
12	rs11063933	6045905	0	-6.476395e-05	-6.311393e-05	1
12	rs11063934	6045922	0	-6.476395e-05	-6.311393e-05	1
12	rs11063935	6046166	0	-6.476395e-05	-6.311394e-05	1
12	rs11063936	6046202	0	-6.476395e-05	-6.311394e-05	1
12	rs11063937	6046409	0	-6.476395e-05	-6.311394e-05	1
12	rs11063938	6047921	0	-6.476395e-05	-6.311395e-05	1
12	rs11063939	6048005	0	-6.476395e-05	-6.311395e-05	1
12	rs11063943	6048659	0	-3.192485e-04	-2.082525e-04	1
12	rs11063944	6049343	0	-3.134953e-04	-1.704391e-04	1
12	rs11063945	6049381	0	-3.134953e-04	-1.704391e-04	1
12	rs11063946	6051044	0	-5.225133e-04	-1.604950e-04	1
12	rs11063947	6051318	0	-1.525768e-04	-5.469990e-05	1
12	rs11063951	6056668	0	2.296377e-04	8.417958e-05	1
12	rs11063953	6065070	0	3.485595e-04	1.315404e-04	1
12	rs11063954	6067209	0	-1.281949e-04	-1.056263e-04	1
12	rs11063956	6067634	0	3.485595e-04	1.315404e-04	1
12	rs11063962	6076781	0	-3.002592e-04	-2.521553e-04	1
12	rs11063963	6077216	0	2.434559e-04	3.109009e-04	1
12	rs11063969	6093282	0	-7.356149e-05	-5.424228e-05	1
12	rs11063970	6093287	0	-7.356149e-05	-5.424228e-05	1
12	rs11063971	6093300	0	-7.356149e-05	-5.424227e-05	1
12	rs11063972	6093486	0	-7.356149e-05	-5.424227e-05	1
12	rs11063973	6093711	0	-7.356149e-05	-5.424227e-05	1
12	rs11063974	6094937	0	-7.356149e-05	-5.424226e-05	1
12	rs11063975	6097337	0	-1.445778e-04	-1.114093e-04	1
12	rs11063976	6097895	0	-2.660150e-06	-1.880381e-06	1
12	rs11063977	6097946	0	-7.356149e-05	-5.424225e-05	1
12	rs11063981	6111927	0	2.115380e-05	1.497818e-05	1
12	rs11063982	6113139	0	-1.274639e-04	-9.575342e-05	1
12	rs11063993	6135366	0	-1.743766e-04	-1.297725e-04	1
12	rs11064001	6142807	0	-1.743766e-04	-1.297725e-04	1
12	rs11064005	6150066	0	-6.423771e-05	-7.866675e-05	1
12	rs11064009	6160041	0	-1.097684e-04	-1.233253e-04	1
12	rs11064018	6195675	0	3.188942e-04	1.800118e-04	1
12	rs11064019	6196300	0	3.188942e-04	1.800118e-04	1
12	rs11064020	6196314	0	3.188942e-04	1.800118e-04	1
12	rs11064021	6196413	0	3.188942e-04	1.800118e-04	1
12	rs11064022	6196444	0	3.899106e-04	2.320969e-04	1
12	rs11064024	6202049	0	-9.312579e-04	-4.111836e-04	1
12	rs11064046	6248585	0	-5.061848e-04	-1.776700e-04	1
12	rs11064076	6286671	0	-3.965695e-04	-1.305447e-04	1
12	rs11064078	6294210	0	-4.602092e-04	-1.689433e-04	1
12	rs11064079	6295614	0	-3.230542e-04	-1.090791e-04	1
12	rs11064080	6295644	0	-3.850910e-04	-1.366443e-04	1
12	rs11064081	6295701	0	-3.850910e-04	-1.366443e-04	1
12	rs11064082	6295905	0	-3.850910e-04	-1.366442e-04	1
12	rs11064098	6343123	0	6.441582e-05	4.944452e-05	1
12	rs11064110	6361004	0	1.193503e-04	1.089882e-04	1
12	rs11064111	6362362	0	3.651948e-05	2.589062e-05	1
12	rs11064113	6364639	0	3.651948e-05	2.589062e-05	1
12	rs11064115	6367229	0	3.184499e-04	2.834606e-04	1
12	rs11064116	6367415	0	3.184499e-04	2.834606e-04	1
12	rs11064117	6367552	0	2.093590e-04	1.815390e-04	1
12	rs11064123	6380978	0	1.074995e-03	7.167821e-04	1
12	rs11064124	6381507	0	6.765291e-04	5.558310e-04	1
12	rs11064130	6401379	0	1.374629e-03	2.501607e-03	1
12	rs11064131	6404952	0	4.383942e-04	3.092396e-04	1
12	rs11064153	6488450	0	-2.409130e-04	-8.929641e-05	1
12	rs11064156	6490381	0	2.522742e-04	6.347272e-05	1
12	rs11064159	6502361	0	7.848520e-04	4.394760e-04	1
12	rs11064160	6502708	0	8.359882e-04	7.967957e-04	1
12	rs11064180	6523249	0	1.031022e-04	2.762558e-05	1
12	rs11064181	6523724	0	2.640873e-04	7.397695e-05	1
12	rs11064182	6527237	0	1.031022e-04	2.762559e-05	1
12	rs11064185	6531223	0	-3.130491e-04	-8.885415e-05	1
12	rs11064186	6532015	0	-3.246855e-04	-9.211030e-05	1
12	rs11064192	6549564	0	-1.375173e-04	-4.020733e-05	1
12	rs11064210	6576721	0	1.364302e-04	6.111455e-05	1
12	rs11064213	6580376	0	3.304419e-04	1.314004e-04	1
12	rs11064214	6580854	0	2.703161e-04	1.259906e-04	1
12	rs11064218	6586261	0	2.792316e-04	1.314200e-04	1
12	rs11064220	6592574	2	1.035484e-04	4.029513e-05	1
12	rs11064221	6595559	0	-1.986683e-04	-5.874260e-05	1
12	rs11064222	6595844	1	-2.649624e-04	-7.793675e-05	1
12	rs11064223	6596326	0	2.186290e-04	7.371752e-05	1
12	rs11064224	6596430	0	2.186290e-04	7.371751e-05	1
12	rs11064226	6597787	0	-2.063336e-04	-6.129887e-05	1
12	rs11064227	6598043	0	1.361340e-04	5.299138e-05	1
12	rs11064231	6604415	0	2.209047e-04	8.584769e-05	1
12	rs11064233	6607898	0	-3.669795e-04	-1.163936e-04	1
12	rs11064234	6608051	0	1.340562e-04	6.000937e-05	1
12	rs11064237	6614156	0	-3.283591e-04	-1.018947e-04	1
12	rs11064239	6615612	0	1.538003e-04	5.829766e-05	1
12	rs11064241	6623097	0	3.386754e-04	9.741170e-05	1
12	rs11064242	6625311	0	-4.808361e-04	-1.641134e-04	1
12	rs11064245	6631725	0	-5.461533e-04	-1.962093e-04	1
12	rs11064246	6653118	0	2.659207e-04	9.623513e-05	1
12	rs11064247	6653584	0	-1.904186e-04	-2.931902e-04	1
12	rs11064248	6654336	0	3.589086e-04	1.367717e-04	1
12	rs11064249	6654604	0	2.956318e-04	9.237205e-05	1
12	rs11064250	6655149	0	2.659207e-04	9.623509e-05	1
12	rs11064252	6662744	0	-2.677686e-04	-4.380745e-04	1
12	rs11064254	6668724	0	4.084500e-04	2.218521e-04	1
12	rs11064255	6669257	0	4.353499e-04	2.412717e-04	1
12	rs11064262	6689398	0	-2.812594e-04	-3.997934e-04	1
12	rs11064265	6694304	0	-2.677686e-04	-4.380745e-04	1
12	rs11064266	6694655	0	2.238482e-04	1.056707e-04	1
12	rs11064268	6695278	0	-3.615917e-06	-1.391904e-06	1
12	rs11064270	6695988	0	-2.677686e-04	-4.380745e-04	1
12	rs11064272	6700146	0	2.514416e-04	1.145594e-04	1
12	rs11064276	6706982	0	-3.324739e-04	-5.566222e-04	1
12	rs11064281	6721425	0	3.068591e-04	1.398150e-04	1
12	rs11064282	6721547	0	-4.572552e-05	-4.068767e-05	1
12	rs11064295	6743450	0	-5.376425e-05	-2.115714e-05	1
12	rs11064296	6744829	0	2.131440e-04	9.774402e-05	1
12	rs11064300	6758403	0	2.981268e-04	3.092837e-04	1
12	rs11064303	6762870	0	-1.993675e-04	-3.580861e-04	1
12	rs11064306	6764030	0	4.381625e-04	1.539070e-04	1
12	rs11064316	6801001	0	-2.437923e-04	-4.918321e-04	1
12	rs11064323	6812100	0	-2.437923e-04	-4.918321e-04	1
12	rs11064333	6834213	0	1.579223e-04	9.166480e-05	1
12	rs11064334	6835536	0	4.239489e-04	3.093598e-04	1
12	rs11064335	6841813	0	2.719493e-04	1.788607e-04	1
12	rs11064336	6844246	0	3.137873e-04	2.205451e-04	1
12	rs11064337	6845793	0	6.734295e-05	3.341994e-05	1
12	rs11064338	6846045	0	3.137873e-04	2.205451e-04	1
12	rs11064339	6847418	0	6.734295e-05	3.341993e-05	1
12	rs11064340	6847681	0	6.734295e-05	3.341993e-05	1
12	rs11064342	6847809	0	2.006881e-05	9.492802e-06	1
12	rs11064343	6847895	0	-1.128579e-04	-5.195968e-05	1
12	rs11064344	6847985	0	3.368072e-04	2.146020e-04	1
12	rs11064345	6848002	0	3.368072e-04	2.146020e-04	1
12	rs11064349	6849190	0	6.645322e-06	3.339694e-06	1
12	rs11064350	6849355	0	6.734295e-05	3.341991e-05	1
12	rs11064351	6849365	0	3.840813e-04	2.724507e-04	1
12	rs11064352	6849491	0	8.409221e-05	4.224865e-05	1
12	rs11064355	6851736	0	2.051685e-04	1.410825e-04	1
12	rs11064356	6852447	0	1.986501e-04	1.319044e-04	1
12	rs11064357	6852574	0	3.246214e-04	2.381759e-04	1
12	rs11064358	6853766	0	2.000298e-04	9.292365e-05	1
12	rs11064360	6855240	0	1.693381e-04	7.716382e-05	1
12	rs11064369	6866827	0	-1.061282e-03	-7.250183e-04	1
12	rs11064370	6868482	0	4.370542e-04	1.247287e-04	1
12	rs11064371	6868500	0	3.166367e-04	8.409953e-05	1
12	rs11064372	6868590	0	4.370542e-04	1.247287e-04	1
12	rs11064386	6896318	0	-2.506403e-04	-1.412299e-04	1
12	rs11064391	6897527	2	-1.578474e-04	-6.286539e-05	1
12	rs11064392	6898392	0	-2.506403e-04	-1.412299e-04	1
12	rs11064393	6899582	0	-3.167188e-04	-1.817741e-04	1
12	rs11064394	6906834	0	-5.943642e-04	-4.963823e-04	1
12	rs11064432	6968741	0	8.456562e-04	9.627885e-04	1
12	rs111311858	6815049	0	-2.077712e-04	-1.441086e-04	1
12	rs111443469	6213840	0	-1.579453e-04	-1.853555e-04	1
12	rs111547369	6742859	0	-1.310069e-04	-1.781704e-04	1
12	rs111571849	6758837	0	1.785252e-04	1.379454e-04	1
12	rs111628420	6049749	0	-3.623441e-04	-5.339210e-04	1
12	rs111811755	6002797	0	3.844275e-04	1.640762e-04	1
12	rs112161653	6414767	0	2.174310e-05	2.554418e-05	1
12	rs112255740	6852542	0	-3.167384e-04	-5.961911e-04	1
12	rs11227	6840371	0	2.249718e-05	6.370436e-06	1
12	rs112284808	6268754	0	-9.249484e-05	-8.162491e-05	1
12	rs112463032	6253038	0	9.620302e-05	1.155803e-04	1
12	rs112481081	6268733	0	-9.249484e-05	-8.162490e-05	1
12	rs112484799	6268767	0	-9.249484e-05	-8.162490e-05	1
12	rs112489230	6282693	0	-9.021046e-05	-1.461273e-04	1
12	rs112523274	6812302	0	-2.077712e-04	-1.441086e-04	1
12	rs112542578	6850819	0	-3.167384e-04	-5.961911e-04	1
12	rs112651654	6491280	0	-1.339324e-04	-1.895163e-04	1
12	rs112667902	6814296	0	-2.077712e-04	-1.441085e-04	1
12	rs112748569	6473620	0	-1.613419e-04	-2.226997e-04	1
12	rs112803957	6040061	0	-3.361989e-04	-4.907615e-04	1
12	rs112814955	6225931	0	-3.889569e-05	-3.312007e-05	1
12	rs112826761	6640910	0	-1.138144e-05	-1.412338e-05	1
12	rs112936609	6791077	0	-1.726811e-04	-2.050870e-04	1
12	rs113081282	6230544	0	2.091920e-04	3.323556e-04	1
12	rs113089859	6371668	0	2.037007e-04	3.510270e-04	1
12	rs113104597	6703172	0	-3.530679e-05	-1.712215e-05	1
12	rs113244573	6684385	0	-3.063625e-05	-5.313172e-05	1
12	rs113281544	6688517	0	3.288580e-04	1.663374e-04	1
12	rs113324349	6850725	0	6.734295e-05	3.341987e-05	1
12	rs113331457	6810131	0	-2.077712e-04	-1.441085e-04	1
12	rs113404207	6221848	0	-3.213840e-04	-3.347151e-04	1
12	rs113451139	6397308	0	7.733475e-04	5.716261e-04	1
12	rs113454053	6400591	9	5.372891e-04	3.067148e-04	1
12	rs113559360	6422052	0	2.057198e-04	3.726344e-04	1
12	rs113737586	6755121	0	-2.870227e-04	-4.327416e-04	1
12	rs113756914	6797472	0	5.244265e-05	9.152561e-05	1
12	rs113839140	6268746	0	-9.249484e-05	-8.162488e-05	1
12	rs114168938	6070083	0	-3.040573e-04	-3.099072e-04	1
12	rs114249506	6206316	0	-2.643298e-04	-2.811053e-04	1
12	rs114446920	6064363	0	-3.040573e-04	-3.099072e-04	1
12	rs114522003	6028534	0	1.618035e-04	1.654291e-04	1
12	rs114724388	6850459	0	-3.167384e-04	-5.961911e-04	1
12	rs114976192	6203533	0	-3.073029e-04	-3.258411e-04	1
12	rs11503137	6759116	0	2.862487e-04	3.003412e-04	1
12	rs11534812	6116982	0	1.010895e-04	1.399161e-04	1
12	rs115373837	6206543	0	-2.643298e-04	-2.811053e-04	1
12	rs11539542	6709059	0	9.072620e-05	4.764022e-05	1
12	rs11539543	6707526	0	1.414924e-04	7.593440e-05	1
12	rs11542844	6464581	0	-2.429136e-04	-1.475829e-04	1
12	rs11545053	6602645	0	-2.435884e-04	-7.322828e-05	1
12	rs11545054	6602732	0	-2.822089e-04	-8.630345e-05	1
12	rs11545055	6602696	0	-2.822089e-04	-8.630344e-05	1
12	rs115462318	6822544	0	-3.836069e-05	-2.519299e-05	1
12	rs115483248	6203480	0	-3.073029e-04	-3.258411e-04	1
12	rs115517017	6538823	0	2.361272e-04	1.865648e-04	1
12	rs11559082	6602367	0	1.361340e-04	5.299127e-05	1
12	rs11568225	6328113	0	-1.592518e-04	-1.283020e-04	1
12	rs11568240	6332926	0	3.258562e-04	6.557300e-04	1
12	rs11568283	6327437	0	1.620873e-04	2.785564e-04	1
12	rs11568284	6331487	0	-8.120173e-05	-8.496370e-05	1
12	rs11568285	6331489	0	-8.120173e-05	-8.496369e-05	1
12	rs11568287	6337041	0	1.025527e-04	1.420530e-04	1
12	rs11569357	6553336	0	3.512959e-04	4.252602e-04	1
12	rs11569358	6553504	0	3.512959e-04	4.252602e-04	1
12	rs11569359	6553604	0	-8.239930e-04	-4.494056e-04	1
12	rs11569361	6553806	1	-5.396316e-04	-2.507809e-04	1
12	rs11569377	6557541	0	3.257308e-04	3.592865e-04	1
12	rs11608428	6826848	0	3.380926e-05	2.188090e-05	1
12	rs11608666	6178126	0	1.708258e-04	2.598877e-04	1
12	rs11608767	6596807	0	-2.063336e-04	-6.129873e-05	1
12	rs11608814	6597129	0	-1.745029e-04	-5.114612e-05	1
12	rs11609728	6139692	0	-5.050371e-04	-2.601076e-04	1
12	rs11609816	6824541	0	2.415440e-05	1.475665e-05	1
12	rs11609820	6824614	0	1.654046e-05	1.099558e-05	1
12	rs11610189	6612114	0	-3.283591e-04	-1.018946e-04	1
12	rs11610190	6029976	0	7.546669e-04	5.929137e-04	1
12	rs11610207	6030048	0	7.546669e-04	5.929135e-04	1
12	rs11610322	6390413	0	1.045433e-03	1.266739e-03	1
12	rs11610549	6621641	0	-2.303945e-04	-6.669732e-05	1
12	rs11610712	6612883	0	-4.894334e-04	-1.718545e-04	1
12	rs11610774	6596336	0	-2.063336e-04	-6.129869e-05	1
12	rs11610787	6819084	0	8.480406e-05	5.464201e-05	1
12	rs11610821	6596772	0	-2.063336e-04	-6.129868e-05	1
12	rs11611587	5999882	0	3.844275e-04	1.640762e-04	1
12	rs11611855	6502260	0	1.100302e-04	2.938545e-05	1
12	rs11612258	6360683	0	-1.065588e-03	-5.969381e-04	1
12	rs11612361	6824706	0	3.617633e-05	2.184376e-05	1
12	rs11612401	6136968	0	-6.771514e-04	-4.120161e-04	1
12	rs11613774	6039623	0	7.284285e-04	5.345108e-04	1
12	rs11613839	6142153	0	-6.396097e-04	-3.691967e-04	1
12	rs11614343	6603413	0	-2.822089e-04	-8.630335e-05	1
12	rs11614477	6005299	0	4.256756e-04	1.969801e-04	1
12	rs11614534	6595025	0	-2.090444e-04	-6.199462e-05	1
12	rs11614545	6144325	0	-6.716620e-04	-3.881101e-04	1
12	rs11614570	6013138	0	2.616300e-04	1.005099e-04	1
12	rs11614609	6595443	0	-1.677132e-04	-4.919488e-05	1
12	rs11614716	6904146	0	-5.820654e-04	-2.443507e-04	1
12	rs11614912	6148555	0	-6.864123e-04	-4.432103e-04	1
12	rs11615001	6144520	0	-6.864123e-04	-4.432101e-04	1
12	rs11615182	6141996	0	-6.716620e-04	-3.881099e-04	1
12	rs11615534	6409706	0	4.613025e-04	3.306391e-04	1
12	rs11615628	6903631	0	-5.586150e-04	-2.298629e-04	1
12	rs11615664	6029847	0	7.546669e-04	5.929133e-04	1
12	rs11615666	6029894	0	7.546669e-04	5.929132e-04	1
12	rs11615946	6811611	0	-2.077712e-04	-1.441085e-04	1
12	rs11616188	6502742	0	7.937629e-05	2.083454e-05	1
12	rs116338948	6372577	0	6.054071e-05	9.665684e-05	1
12	rs116858650	6841765	0	-2.207474e-04	-2.838070e-04	1
12	rs116874789	6034400	0	-1.686317e-05	-2.112935e-05	1
12	rs116891650	6154304	0	-3.515381e-04	-6.457143e-04	1
12	rs116908884	6052658	0	-5.070676e-05	-8.843569e-05	1
12	rs116975956	6739441	0	-1.993675e-04	-3.580861e-04	1
12	rs116979198	6611613	0	1.495777e-04	1.357011e-04	1
12	rs117054975	6376428	0	4.650435e-04	7.034284e-04	1
12	rs117060086	6023716	0	-4.670197e-05	-7.108792e-05	1
12	rs117158372	6068895	0	-2.545778e-04	-2.914817e-04	1
12	rs117201340	6826336	0	4.914164e-05	5.800765e-05	1
12	rs117238872	6405746	0	4.146362e-04	8.338649e-04	1
12	rs117240847	6612576	0	-6.912584e-05	-1.053180e-04	1
12	rs117266687	6221398	0	-3.213840e-04	-3.347150e-04	1
12	rs117267920	6079908	0	-8.887566e-05	-1.579194e-04	1
12	rs117271422	6819272	0	2.857309e-04	3.501590e-04	1
12	rs117409748	6749947	0	-2.762532e-04	-3.947953e-04	1
12	rs117471807	6785945	0	1.698969e-04	2.813021e-04	1
12	rs117508554	6355163	0	-2.446563e-04	-5.525034e-04	1
12	rs117531641	6286087	0	-2.843616e-04	-3.478471e-04	1
12	rs117533088	6818252	0	3.744640e-05	2.697227e-05	1
12	rs117542912	6221399	0	-3.213840e-04	-3.347150e-04	1
12	rs117551058	6662661	0	-1.281866e-04	-2.346654e-04	1
12	rs117590443	6841764	0	-2.207474e-04	-2.838070e-04	1
12	rs117603936	6001671	0	-2.338304e-04	-3.837912e-04	1
12	rs117609117	6300972	0	-3.397040e-04	-4.503126e-04	1
12	rs117640469	6732130	0	1.723865e-04	2.340253e-04	1
12	rs117660359	6476559	0	-3.099927e-04	-7.089691e-04	1
12	rs117671134	6519382	0	-2.902399e-04	-4.766965e-04	1
12	rs117731790	6132671	0	2.335299e-04	4.194632e-04	1
12	rs117761448	6323140	0	-2.140317e-04	-4.122321e-04	1
12	rs117765687	6541070	0	1.539296e-04	1.543250e-04	1
12	rs117766816	6054200	0	2.798310e-04	4.519392e-04	1
12	rs117820614	6624738	0	1.363274e-04	2.185070e-04	1
12	rs117856975	6168076	0	-2.695969e-05	-3.630840e-05	1
12	rs117864785	6405745	0	4.146362e-04	8.338648e-04	1
12	rs117937728	6062002	0	-2.545778e-04	-2.914817e-04	1
12	rs117962564	6765989	0	-2.677528e-05	-3.146325e-05	1
12	rs117966544	6862292	0	1.397651e-04	1.894782e-04	1
12	rs117969050	6397988	0	4.815767e-04	1.208904e-03	1
12	rs118078062	6802779	0	-1.799957e-04	-3.484984e-04	1
12	rs118080174	6840057	0	-3.196966e-04	-4.243722e-04	1
12	rs118104888	6675080	0	1.363274e-04	2.185070e-04	1
12	rs118113362	6185079	0	7.225215e-06	1.312151e-05	1
12	rs118133042	6772076	0	-1.877407e-04	-2.191255e-04	1
12	rs118138505	6390642	0	5.614008e-04	2.043840e-03	1
12	rs118139043	6374769	0	2.166684e-04	2.868664e-04	1
12	rs11829480	6205320	0	-8.622244e-05	-8.243859e-05	1
12	rs11829713	6202859	0	-2.323878e-04	-1.631959e-04	1
12	rs11830385	6091388	0	-3.321483e-04	-2.364736e-04	1
12	rs11830706	6412860	0	5.823537e-04	6.319368e-04	1
12	rs11831214	6490158	0	-1.467938e-04	-1.114323e-04	1
12	rs11831220	6490235	0	-1.467938e-04	-1.114323e-04	1
12	rs11831244	6490316	0	-1.467938e-04	-1.114323e-04	1
12	rs11831297	6490609	0	-1.467938e-04	-1.114323e-04	1
12	rs11831426	6368905	0	1.577248e-04	1.300187e-04	1
12	rs11831449	6154469	0	-2.804530e-04	-8.633474e-05	1
12	rs11831514	6921244	0	2.836723e-04	2.713199e-04	1
12	rs11831706	6490293	0	-4.558087e-05	-3.468863e-05	1
12	rs11833291	6490033	0	-1.467938e-04	-1.114323e-04	1
12	rs11833796	6699547	0	2.514416e-04	1.145593e-04	1
12	rs11834074	6667564	0	-3.324739e-04	-5.566224e-04	1
12	rs11834945	6693713	0	-3.324739e-04	-5.566224e-04	1
12	rs11835719	6401412	0	5.727285e-04	1.602963e-03	1
12	rs11836708	6194657	0	-1.871326e-04	-1.504638e-04	1
12	rs11836843	6202818	0	-2.323878e-04	-1.631959e-04	1
12	rs11837434	6203155	0	-3.742767e-04	-4.089754e-04	1
12	rs11838266	6088785	0	-3.321483e-04	-2.364736e-04	1
12	rs12099542	6103998	0	1.084456e-04	1.048182e-04	1
12	rs12099908	6713636	0	2.755897e-04	1.300368e-04	1
12	rs12227716	6522914	0	-8.026750e-06	-2.641063e-06	1
12	rs12228763	6521808	0	2.904265e-04	8.139466e-05	1
12	rs12229187	6531927	0	-3.060235e-04	-1.077148e-04	1
12	rs12229469	6927158	0	6.910204e-04	2.267909e-04	1
12	rs12229492	6867152	0	-9.498512e-04	-1.377444e-03	1
12	rs12230340	6530818	0	-3.120139e-04	-8.852328e-05	1
12	rs12231078	6373573	0	2.581226e-04	1.907023e-04	1
12	rs12231295	6530819	0	-2.760577e-04	-7.644835e-05	1
12	rs12296430	6503500	0	-1.409959e-04	-5.975736e-05	1
12	rs12296592	6757768	0	1.584898e-04	7.350532e-05	1
12	rs12297442	6062889	0	3.485595e-04	1.315403e-04	1
12	rs12297684	6007071	0	-6.913434e-05	-5.418824e-05	1
12	rs12298161	6504207	0	1.440367e-04	1.842949e-04	1
12	rs12298980	6434625	0	2.378541e-04	6.610814e-05	1
12	rs12300705	6453265	0	3.776168e-04	5.555534e-04	1
12	rs12301255	6008816	0	-6.913434e-05	-5.418825e-05	1
12	rs12301294	6398359	0	7.713350e-04	5.055478e-04	1
12	rs12301367	6009024	0	-6.913434e-05	-5.418825e-05	1
12	rs12303027	6795760	0	8.186923e-05	4.021568e-05	1
12	rs12303649	5998330	0	-4.676722e-04	-2.504192e-04	1
12	rs12303734	6046490	0	-6.476395e-05	-6.311419e-05	1
12	rs12304975	6512942	0	1.570634e-04	2.103103e-04	1
12	rs12305250	6388273	0	5.009159e-04	2.730806e-04	1
12	rs12305465	6505896	0	1.020502e-04	1.362025e-04	1
12	rs12305676	6064446	0	-2.361519e-04	-8.404398e-05	1
12	rs12306554	6763673	0	1.633770e-04	1.630393e-04	1
12	rs12307335	6138385	0	-1.743766e-04	-1.297726e-04	1
12	rs12308152	6008861	0	-6.913434e-05	-5.418824e-05	1
12	rs12310690	6185029	0	-2.264462e-04	-1.222691e-04	1
12	rs12310847	6295957	0	-3.850910e-04	-1.366440e-04	1
12	rs12310862	6296003	0	-3.850910e-04	-1.366440e-04	1
12	rs12310984	6594787	0	-2.090444e-04	-6.199459e-05	1
12	rs12311033	6594853	0	-2.063336e-04	-6.129861e-05	1
12	rs12311866	6504037	0	1.440367e-04	1.842949e-04	1
12	rs12311981	6504188	0	1.440367e-04	1.842949e-04	1
12	rs12312834	6597927	0	-1.044042e-04	-3.018342e-05	1
12	rs12313899	6877858	0	-2.726970e-06	-6.268816e-07	1
12	rs12314345	6008880	0	-6.913434e-05	-5.418824e-05	1
12	rs12314557	6009297	0	5.258345e-05	4.026442e-05	1
12	rs12316584	6552048	0	3.488289e-04	4.334936e-04	1
12	rs12316639	6508471	2	2.470892e-06	3.899013e-06	1
12	rs12316668	6582330	0	-1.545401e-04	-4.399282e-05	1
12	rs12316748	6508659	0	1.020502e-04	1.362025e-04	1
12	rs12317039	6005333	0	5.258345e-05	4.026442e-05	1
12	rs12317079	6202462	0	-7.549163e-04	-2.848659e-04	1
12	rs12317523	6063142	0	2.990800e-04	1.067781e-04	1
12	rs12317635	5998367	0	-4.676722e-04	-2.504192e-04	1
12	rs12319292	6170299	0	4.240103e-04	2.782943e-04	1
12	rs12319392	6170486	0	4.240103e-04	2.782943e-04	1
12	rs12319598	6064549	0	-2.361519e-04	-8.404399e-05	1
12	rs12319859	6539491	0	2.826713e-04	1.879244e-04	1
12	rs12320367	6012462	0	-6.913434e-05	-5.418824e-05	1
12	rs12321015	6505636	0	7.693234e-05	8.516235e-05	1
12	rs12321069	6505647	0	7.693234e-05	8.516235e-05	1
12	rs12321102	6755194	0	1.032877e-04	8.294417e-05	1
12	rs12322098	6043237	0	-6.476395e-05	-6.311420e-05	1
12	rs12322266	6475082	0	4.606179e-04	1.791772e-04	1
12	rs12322386	6046501	0	-6.476395e-05	-6.311421e-05	1
12	rs12322472	6849643	0	3.840813e-04	2.724505e-04	1
12	rs12322604	6717645	0	3.068591e-04	1.398149e-04	1
12	rs12366600	6151653	0	-2.147783e-04	-2.539496e-04	1
12	rs12366887	6151366	0	-2.147783e-04	-2.539496e-04	1
12	rs12366917	6151578	0	-2.147783e-04	-2.539496e-04	1
12	rs12367254	6151846	0	-2.147783e-04	-2.539496e-04	1
12	rs12367255	6151878	0	-2.147783e-04	-2.539496e-04	1
12	rs12367467	6049568	0	-3.796005e-04	-2.565913e-04	1
12	rs12367882	6359872	0	-4.749650e-04	-6.470302e-04	1
12	rs12368045	6151522	0	-2.147783e-04	-2.539496e-04	1
12	rs12368063	6040563	0	-1.686529e-04	-6.158951e-05	1
12	rs12368267	6071516	0	6.790538e-05	2.743766e-05	1
12	rs12368360	6565718	0	1.484521e-04	6.642548e-05	1
12	rs12369177	6073520	0	1.149690e-03	1.191382e-03	1
12	rs12369647	6533032	0	-1.987342e-04	-1.910767e-04	1
12	rs12369967	6627356	0	-2.686805e-05	-8.765859e-06	1
12	rs12370390	6610443	0	9.399718e-05	3.424332e-05	1
12	rs12371081	6042669	0	-3.192485e-04	-2.082524e-04	1
12	rs12371184	6632925	0	2.046192e-04	7.637640e-05	1
12	rs12371825	6151902	0	-2.147783e-04	-2.539496e-04	1
12	rs12372459	6866355	0	3.261908e-04	1.836728e-04	1
12	rs12372572	6620623	0	2.209047e-04	8.584745e-05	1
12	rs12372671	6849428	0	3.137873e-04	2.205448e-04	1
12	rs12372694	6035744	0	-3.192485e-04	-2.082524e-04	1
12	rs12422771	6580273	0	1.594771e-04	7.097116e-05	1
12	rs12423482	6070845	0	-2.545778e-04	-2.914817e-04	1
12	rs12425927	6647828	0	-2.086891e-04	-1.421360e-04	1
12	rs12426815	6580314	0	2.756291e-04	1.119660e-04	1
12	rs12427239	6590626	0	2.041302e-05	7.774406e-06	1
12	rs12427243	6848892	0	-3.196966e-04	-4.243723e-04	1
12	rs12578573	6842959	0	6.542574e-04	2.225116e-04	1
12	rs12579603	6102125	0	2.985105e-04	9.613631e-05	1
12	rs12579898	6476583	0	4.606179e-04	1.791771e-04	1
12	rs12580729	6599507	0	-1.745029e-04	-5.114595e-05	1
12	rs12580835	6049784	0	-5.225133e-04	-1.604945e-04	1
12	rs12581183	6476252	0	4.606179e-04	1.791771e-04	1
12	rs12581986	6407737	0	2.399558e-04	8.192827e-05	1
12	rs12810167	6596499	0	-2.063336e-04	-6.129854e-05	1
12	rs12810426	6144138	0	-6.917535e-04	-4.349998e-04	1
12	rs12812284	6526617	0	1.031022e-04	2.762559e-05	1
12	rs12813891	6594255	0	-3.959262e-04	-1.294824e-04	1
12	rs12814720	6294417	0	-3.530528e-04	-1.200146e-04	1
12	rs12815397	6294390	0	-3.530528e-04	-1.200146e-04	1
12	rs12816221	6430737	0	3.672560e-04	1.011473e-04	1
12	rs12816349	6709945	0	-7.082523e-04	-3.468236e-04	1
12	rs12817054	6597321	0	-2.063336e-04	-6.129850e-05	1
12	rs12817967	6545994	0	-2.944965e-04	-8.389090e-05	1
12	rs12818921	6600471	0	-1.144159e-04	-3.270451e-05	1
12	rs12819922	6064692	0	3.485595e-04	1.315402e-04	1
12	rs12821018	6430776	0	3.218085e-04	8.636894e-05	1
12	rs12822404	6430745	0	3.672560e-04	1.011473e-04	1
12	rs12822586	6598122	0	-2.063336e-04	-6.129848e-05	1
12	rs12826041	6227630	0	-1.155828e-03	-7.770092e-04	1
12	rs12829220	6074650	0	-2.316191e-04	-3.319397e-04	1
12	rs12831467	6995686	0	6.622247e-04	2.190668e-04	1
12	rs12831864	6062379	0	1.381135e-04	3.862783e-05	1
12	rs12964	6572191	0	4.337069e-05	1.181871e-05	1
12	rs1319389	6592023	0	2.131233e-04	6.328081e-05	1
12	rs13306614	6464784	0	-3.238055e-05	-5.360354e-05	1
12	rs13306621	6473030	0	-5.633203e-05	-7.572590e-05	1
12	rs13402	6862174	0	1.944569e-04	9.691476e-05	1
12	rs13842	6572561	0	4.427106e-05	1.196830e-05	1
12	rs138605118	6512559	0	1.020502e-04	1.362026e-04	1
12	rs138731227	6536587	0	7.403239e-04	4.430917e-04	1
12	rs138891567	6848947	0	-3.167384e-04	-5.961911e-04	1
12	rs138899113	6395053	0	4.815767e-04	1.208904e-03	1
12	rs139129663	6688846	0	9.072620e-05	4.764016e-05	1
12	rs139431235	6208787	0	-2.481989e-04	-2.257137e-04	1
12	rs139727584	6071943	0	-2.545778e-04	-2.914818e-04	1
12	rs140021828	6851444	0	-3.167384e-04	-5.961911e-04	1
12	rs140093587	6395910	0	4.815767e-04	1.208904e-03	1
12	rs140573351	6852931	0	-1.590955e-04	-2.133986e-04	1
12	rs140661902	6809318	0	-1.257945e-04	-1.488680e-04	1
12	rs140709663	6623008	0	2.303728e-04	2.277677e-04	1
12	rs141040328	6150487	0	-2.147783e-04	-2.539496e-04	1
12	rs141061100	5995197	0	-2.848252e-04	-5.302432e-04	1
12	rs141230209	6741258	0	1.425012e-04	2.030333e-04	1
12	rs141864201	6851309	0	-3.167384e-04	-5.961911e-04	1
12	rs141937196	6848750	0	-2.207474e-04	-2.838070e-04	1
12	rs141950953	6785232	0	-1.726811e-04	-2.050869e-04	1
12	rs142183819	6410851	0	4.146362e-04	8.338642e-04	1
12	rs142266502	6365368	0	4.093636e-04	6.594767e-04	1
12	rs142332705	6860562	0	-1.121286e-04	-1.276617e-04	1
12	rs142710889	6197572	0	-1.081490e-04	-7.800517e-05	1
12	rs143328932	6541127	0	2.629563e-06	3.262506e-06	1
12	rs143730239	6377095	0	3.353640e-04	4.562007e-04	1
12	rs143860788	6192635	0	-1.431312e-04	-1.102435e-04	1
12	rs144003097	6212510	8	2.950438e-05	4.296674e-05	1
12	rs144055655	6828739	0	5.207595e-04	3.906559e-04	1
12	rs144100949	6565871	0	6.788754e-05	7.810240e-05	1
12	rs144169955	6850235	0	-3.167384e-04	-5.961910e-04	1
12	rs144517833	6003493	0	-2.515785e-05	-2.156221e-05	1
12	rs144850263	6850101	0	-3.167384e-04	-5.961910e-04	1
12	rs144864394	6040577	0	-2.531433e-04	-1.449285e-04	1
12	rs145066428	6400796	3	2.918508e-04	6.430755e-04	1
12	rs145596238	6403109	0	4.795642e-04	7.742593e-04	1
12	rs145710745	6834540	0	-2.690471e-04	-4.273070e-04	1
12	rs145780917	6693526	0	1.159848e-05	2.106401e-05	1
12	rs145848488	6285803	0	-2.843616e-04	-3.478469e-04	1
12	rs146094919	6662485	0	1.493930e-04	2.534511e-04	1
12	rs146111161	6909973	0	3.766293e-04	8.866495e-04	1
12	rs146242455	6541358	0	1.539296e-04	1.543249e-04	1
12	rs146256301	6632816	0	2.548900e-04	4.131978e-04	1
12	rs146307771	6395942	0	4.815767e-04	1.208903e-03	1
12	rs146416192	6614741	0	-1.527625e-06	-2.309745e-06	1
12	rs146756575	6108044	0	-3.171602e-04	-5.229711e-04	1
12	rs1468603	6427052	0	3.353768e-05	8.091944e-06	1
12	rs146902162	6828798	0	5.207595e-04	3.906558e-04	1
12	rs146983427	6615199	0	-3.044201e-04	-4.540449e-04	1
12	rs147231096	6388104	0	5.323429e-04	1.648709e-03	1
12	rs147714617	6605299	0	-3.044201e-04	-4.540449e-04	1
12	rs148252326	6337076	0	6.054071e-05	9.665685e-05	1
12	rs148297017	6157651	0	-1.097684e-04	-1.233252e-04	1
12	rs148412980	6537033	1	7.029348e-04	4.024291e-04	1
12	rs148464148	6387842	0	5.676773e-04	1.856923e-03	1
12	rs148871353	6364352	0	2.093590e-04	1.815389e-04	1
12	rs149093296	6594883	0	1.361340e-04	5.299103e-05	1
12	rs149309764	6841555	0	3.040792e-04	2.226243e-04	1
12	rs149521873	6395871	0	4.815767e-04	1.208903e-03	1
12	rs149834229	6396652	0	4.815767e-04	1.208902e-03	1
12	rs149914060	6650179	1	-1.316688e-05	-2.065289e-05	1
12	rs150169197	6822847	0	-7.866520e-05	-5.535113e-05	1
12	rs150216194	6825615	0	3.744640e-05	2.697223e-05	1
12	rs150374567	6850705	0	-3.167384e-04	-5.961910e-04	1
12	rs150378883	6210873	0	-2.481989e-04	-2.257137e-04	1
12	rs150686823	6851428	0	-3.167384e-04	-5.961909e-04	1
12	rs150738444	6508319	0	1.020502e-04	1.362026e-04	1
12	rs151273781	6029065	0	-2.207087e-04	-3.413168e-04	1
12	rs1558324	6289219	0	-6.219212e-05	-1.745641e-05	1
12	rs1558325	6289108	0	-6.219212e-05	-1.745640e-05	1
12	rs1558326	6289092	0	-6.219212e-05	-1.745639e-05	1
12	rs1558327	6289067	0	-6.219212e-05	-1.745639e-05	1
12	rs1558328	6288834	0	-4.386805e-04	-1.448630e-04	1
12	rs1558333	6675055	0	-4.413824e-04	-2.854118e-04	1
12	rs1558334	6601825	0	-1.677132e-04	-4.919468e-05	1
12	rs1558335	6601834	0	-2.063336e-04	-6.129842e-05	1
12	rs1558519	6153738	0	-2.804530e-04	-8.633466e-05	1
12	rs1610055	6195368	0	3.188942e-04	1.800118e-04	1
12	rs1610056	6195397	0	3.188942e-04	1.800118e-04	1
12	rs1639123	6714668	0	1.271494e-04	4.506130e-05	1
12	rs16928082	6396156	0	1.252912e-03	1.761795e-03	1
12	rs16932500	6394730	0	7.205688e-04	4.194433e-04	1
12	rs16932501	6402187	0	1.252912e-03	1.761790e-03	1
12	rs16932505	6402273	0	1.252912e-03	1.761785e-03	1
12	rs16932506	6402340	0	7.733475e-04	5.716217e-04	1
12	rs170048	6150764	0	-2.134534e-04	-1.749757e-04	1
12	rs1734114	6713450	0	1.176079e-04	4.312005e-05	1
12	rs1734116	6715593	0	1.594459e-04	6.092031e-05	1
12	rs1734117	6721707	0	1.420875e-04	5.203190e-05	1
12	rs17419697	6147786	0	-5.956082e-04	-3.251957e-04	1
12	rs17491320	6102533	0	-4.470261e-04	-3.638115e-04	1
12	rs17491334	6103844	0	-5.141305e-04	-4.540457e-04	1
12	rs17516063	6898182	0	-2.506403e-04	-1.412297e-04	1
12	rs17724452	6025488	0	7.546669e-04	5.929131e-04	1
12	rs17724464	6025584	0	7.365511e-04	5.642436e-04	1
12	rs17724494	6027292	0	7.546669e-04	5.929128e-04	1
12	rs17724506	6028023	0	7.546669e-04	5.929126e-04	1
12	rs177702	6094845	0	-2.241063e-04	-7.769011e-05	1
12	rs17786382	6025054	0	7.546669e-04	5.929124e-04	1
12	rs17786394	6026090	0	7.546669e-04	5.929123e-04	1
12	rs17786400	6026151	0	7.546669e-04	5.929121e-04	1
12	rs17786412	6026314	0	7.546669e-04	5.929119e-04	1
12	rs17786442	6029460	0	7.546669e-04	5.929118e-04	1
12	rs17788043	6692672	0	1.159848e-05	2.106404e-05	1
12	rs17788055	6693012	0	1.405904e-05	1.276492e-05	1
12	rs17790300	6685188	0	-2.677686e-04	-4.380749e-04	1
12	rs1800375	6174423	0	-8.252611e-05	-3.436002e-05	1
12	rs1800376	6174414	0	8.925523e-05	3.598224e-05	1
12	rs1800377	6173433	0	-4.372185e-04	-3.192390e-04	1
12	rs1800378	6172202	0	-1.169724e-03	-7.682244e-04	1
12	rs1800379	6167196	0	7.980215e-04	3.556110e-04	1
12	rs1800382	6128388	0	-1.124668e-05	-2.042455e-05	1
12	rs1800384	6127919	0	-1.077912e-04	-6.691969e-05	1
12	rs1800385	6127891	0	-1.185176e-04	-7.483198e-05	1
12	rs1800387	6182828	0	7.244314e-04	1.191832e-03	1
12	rs1800693	6440009	0	-5.562731e-04	-1.807031e-04	1
12	rs1803621	6647109	0	3.718317e-04	1.280802e-04	1
12	rs1803622	6647453	0	4.095417e-04	1.443736e-04	1
12	rs1814249	6231022	0	-1.239899e-03	-8.998536e-04	1
12	rs183356	6150824	0	-2.134534e-04	-1.749757e-04	1
12	rs185627928	6582890	0	4.125602e-04	4.236627e-04	1
12	rs185699757	6071752	1	-2.730672e-04	-3.395791e-04	1
12	rs1860364	6194243	0	-1.901513e-04	-5.901167e-05	1
12	rs1860365	6147110	0	-6.283898e-04	-3.434944e-04	1
12	rs1860366	6147008	0	-5.956082e-04	-3.251956e-04	1
12	rs1860367	6146843	0	-6.864123e-04	-4.432090e-04	1
12	rs1860415	6142678	0	-6.716620e-04	-3.881089e-04	1
12	rs1860416	6142841	0	-6.396097e-04	-3.691953e-04	1
12	rs186182306	6150606	0	-2.526994e-04	-2.653258e-04	1
12	rs186355289	6354158	0	1.620873e-04	2.785558e-04	1
12	rs187346860	6848234	0	-4.496651e-04	-9.705341e-04	1
12	rs1882545	6885410	0	-1.459955e-03	-2.404443e-03	1
12	rs1882547	6839218	0	-1.752341e-04	-5.190404e-05	1
12	rs1882548	6838903	0	1.061110e-04	4.920638e-05	1
12	rs1882549	6836542	0	-1.979854e-04	-6.626245e-05	1
12	rs1882550	6876161	0	5.593037e-05	1.296493e-05	1
12	rs1882553	6747578	0	-2.029151e-04	-7.594828e-05	1
12	rs188613052	6251548	0	1.927694e-04	3.433130e-04	1
12	rs188616	6150758	0	-2.134534e-04	-1.749756e-04	1
12	rs189055457	6849252	9	-3.568379e-04	-7.680529e-04	1
12	rs190161412	6738312	0	-2.006333e-04	-2.803025e-04	1
12	rs190922658	6825595	0	-2.175928e-04	-3.220473e-04	1
12	rs191827900	6196609	0	2.162767e-04	1.132027e-04	1
12	rs1922452	6896194	0	-2.299881e-05	-6.755922e-06	1
12	rs192294847	6406152	0	4.146362e-04	8.338628e-04	1
12	rs1981669	6598898	0	-2.063336e-04	-6.129851e-05	1
12	rs1984541	6292072	0	-2.942146e-04	-9.148002e-05	1
12	rs1985851	6047720	0	-5.225133e-04	-1.604940e-04	1
12	rs1986755	6551492	0	-2.901929e-04	-8.406423e-05	1
12	rs1990326	6057911	0	1.381135e-04	3.862755e-05	1
12	rs1990384	6342921	0	-1.220599e-03	-8.544589e-04	1
12	rs1990385	6394635	0	1.252912e-03	1.761779e-03	1
12	rs1990386	6394443	0	7.588141e-04	4.686478e-04	1
12	rs1990491	6169546	0	4.240103e-04	2.782940e-04	1
12	rs1997510	6871891	0	4.438320e-04	1.292421e-04	1
12	rs2005829	6190529	0	2.225040e-04	1.295409e-04	1
12	rs2008134	6588445	0	-1.507415e-04	-4.476396e-05	1
12	rs2009527	6569545	0	-2.310528e-04	-8.260145e-05	1
12	rs2027796	6900613	0	3.580035e-04	1.149784e-04	1
12	rs2041375	6473549	0	2.080029e-04	7.021281e-05	1
12	rs2041384	6562285	0	-1.111770e-04	-3.831100e-05	1
12	rs2041385	6562293	0	-1.111770e-04	-3.831099e-05	1
12	rs2041386	6562538	0	1.484521e-04	6.642544e-05	1
12	rs2041387	6562823	0	-2.913675e-04	-1.072827e-04	1
12	rs2041388	6562836	0	-5.086234e-05	-1.734985e-05	1
12	rs2058220	6201490	0	-2.323878e-04	-1.631963e-04	1
12	rs2058222	6201769	4	-1.426258e-04	-1.083011e-04	1
12	rs2058223	6202608	0	-1.035921e-03	-5.944066e-04	1
12	rs2058288	6578872	0	-4.781923e-04	-1.893000e-04	1
12	rs2058473	6093926	0	3.441377e-04	1.137187e-04	1
12	rs2070883	6094495	0	-7.356149e-05	-5.424249e-05	1
12	rs2070884	6094390	0	-7.356149e-05	-5.424249e-05	1
12	rs2070885	6094152	0	-7.356149e-05	-5.424249e-05	1
12	rs2070886	6094065	0	-4.057097e-04	-1.802777e-04	1
12	rs2070887	6093952	0	2.914581e-05	2.098007e-05	1
12	rs2072370	6345080	0	-8.244567e-04	-3.304294e-04	1
12	rs2072372	6344600	0	-7.758290e-04	-2.903636e-04	1
12	rs2072373	6631888	0	2.388104e-04	1.023671e-04	1
12	rs2072374	6637845	0	-2.007834e-05	-6.544784e-06	1
12	rs2072375	6575044	0	-5.939133e-04	-2.621751e-04	1
12	rs2072376	6579812	0	5.075157e-04	1.719154e-04	1
12	rs2072377	6580228	0	1.756695e-04	7.935039e-05	1
12	rs2072378	6580249	0	-4.849820e-04	-1.926419e-04	1
12	rs2079866	6563848	0	-5.086234e-05	-1.734978e-05	1
12	rs2079867	6622111	0	1.841364e-04	6.285084e-05	1
12	rs2079868	6622346	0	3.732924e-05	1.174648e-05	1
12	rs2103397	6835485	0	-2.581798e-04	-8.634584e-05	1
12	rs2109118	6194655	0	-6.107862e-04	-1.828889e-04	1
12	rs2109122	6171265	0	4.240103e-04	2.782939e-04	1
12	rs2109408	6293825	0	-3.530528e-04	-1.200141e-04	1
12	rs2109426	6589522	0	-2.118393e-04	-7.131129e-05	1
12	rs2109427	6592082	0	1.745029e-04	5.114597e-05	1
12	rs2109430	6613076	0	-1.570416e-04	-4.630973e-05	1
12	rs2159521	6349328	0	-5.390723e-04	-1.625105e-04	1
12	rs216290	6151597	0	1.324889e-06	7.603893e-07	1
12	rs216291	6151873	0	6.699963e-05	1.940164e-05	1
12	rs216292	6152976	0	6.699963e-05	1.940164e-05	1
12	rs216293	6153659	0	6.699963e-05	1.940163e-05	1
12	rs216294	6153750	0	-1.786475e-04	-1.546558e-04	1
12	rs216295	6154206	0	-1.062970e-04	-8.054951e-05	1
12	rs216296	6154670	0	-1.786475e-04	-1.546558e-04	1
12	rs216297	6155218	0	-3.280276e-04	-3.005919e-04	1
12	rs216298	6156477	0	-2.134534e-04	-1.749756e-04	1
12	rs216299	6156635	0	-2.134534e-04	-1.749755e-04	1
12	rs216301	6157988	0	-2.134534e-04	-1.749755e-04	1
12	rs216302	6158022	0	-2.134534e-04	-1.749755e-04	1
12	rs216303	6159045	0	-2.134534e-04	-1.749755e-04	1
12	rs216304	6159537	0	-1.461536e-04	-1.147595e-04	1
12	rs216305	6121078	0	5.046241e-04	1.564920e-04	1
12	rs216306	6122103	0	4.439825e-04	1.246241e-04	1
12	rs216313	6129264	0	5.864402e-04	1.012348e-03	1
12	rs216314	6136580	0	-1.273313e-04	-1.092434e-04	1
12	rs216315	6136914	0	-1.273313e-04	-1.092434e-04	1
12	rs216318	6139261	0	-1.273313e-04	-1.092434e-04	1
12	rs216320	6143356	0	-1.273313e-04	-1.092434e-04	1
12	rs216321	6143984	0	-1.273313e-04	-1.092434e-04	1
12	rs216322	6144897	0	5.443307e-04	2.420539e-04	1
12	rs216323	6145109	0	5.443307e-04	2.420539e-04	1
12	rs216324	6145225	0	-1.273313e-04	-1.092434e-04	1
12	rs216325	6145529	0	5.122784e-04	2.247631e-04	1
12	rs216327	6146149	0	5.122784e-04	2.247631e-04	1
12	rs216328	6146483	0	5.122784e-04	2.247631e-04	1
12	rs216329	6146507	0	5.122784e-04	2.247630e-04	1
12	rs216335	6148005	0	-1.273313e-04	-1.092434e-04	1
12	rs216339	6149284	0	-1.273313e-04	-1.092434e-04	1
12	rs216800	6107946	0	-2.369743e-04	-7.224300e-05	1
12	rs216801	6108513	0	-4.145498e-04	-1.249478e-04	1
12	rs216802	6109103	0	-6.233401e-04	-2.084658e-04	1
12	rs216803	6109902	0	-5.815850e-04	-1.859088e-04	1
12	rs216804	6111411	0	-4.793511e-04	-1.458748e-04	1
12	rs216805	6111476	0	-2.802520e-04	-8.621613e-05	1
12	rs216806	6111525	0	-5.549659e-04	-1.780961e-04	1
12	rs216807	6112456	0	-6.943033e-04	-2.504389e-04	1
12	rs216809	6114283	0	-5.311023e-04	-1.724116e-04	1
12	rs216811	6115274	0	-4.767926e-04	-1.733312e-04	1
12	rs216852	6084191	0	-1.112027e-04	-2.840209e-05	1
12	rs216855	6085513	0	-1.413616e-05	-4.582912e-06	1
12	rs216857	6086936	0	1.080419e-04	2.884971e-05	1
12	rs216859	6087531	0	-2.430544e-04	-1.183864e-04	1
12	rs216860	6089068	0	-4.760747e-04	-1.652539e-04	1
12	rs216861	6089112	0	-4.179563e-04	-2.185223e-04	1
12	rs216862	6089156	5	-4.552728e-04	-1.958800e-04	1
12	rs216866	6090825	0	-5.125634e-04	-2.320850e-04	1
12	rs216867	6091000	0	-2.430544e-04	-1.183864e-04	1
12	rs216868	6091164	0	-4.359083e-04	-1.484776e-04	1
12	rs216870	6093048	0	1.566697e-04	4.232685e-05	1
12	rs216872	6093540	0	-4.253906e-04	-1.436076e-04	1
12	rs216873	6095274	0	-1.023885e-04	-3.523159e-05	1
12	rs216874	6095757	0	-1.759500e-04	-8.247346e-05	1
12	rs216875	6095901	0	-1.759500e-04	-8.247345e-05	1
12	rs216876	6096256	0	-3.420927e-04	-1.680164e-04	1
12	rs216877	6096294	0	-3.420927e-04	-1.680164e-04	1
12	rs216878	6096383	0	-3.420927e-04	-1.680163e-04	1
12	rs216879	6096655	0	-4.579733e-04	-2.365125e-04	1
12	rs216880	6096691	0	-4.579733e-04	-2.365125e-04	1
12	rs216881	6096712	0	-5.385369e-04	-3.050351e-04	1
12	rs216882	6096816	0	-4.579733e-04	-2.365124e-04	1
12	rs216883	6097657	0	-5.311743e-04	-2.363611e-04	1
12	rs216884	6097828	0	-1.126268e-03	-7.290372e-04	1
12	rs216885	6097955	0	-9.258486e-04	-4.424955e-04	1
12	rs216886	6097965	0	-8.035203e-04	-3.186385e-04	1
12	rs216887	6098452	0	-9.559961e-04	-4.500778e-04	1
12	rs216888	6098857	0	-9.559961e-04	-4.500776e-04	1
12	rs216889	6099453	0	-7.312195e-04	-2.606924e-04	1
12	rs216890	6099538	0	-9.559961e-04	-4.500772e-04	1
12	rs216893	6100485	0	-9.559961e-04	-4.500770e-04	1
12	rs216894	6100577	0	-9.052299e-04	-4.047852e-04	1
12	rs216895	6100595	0	-9.052299e-04	-4.047850e-04	1
12	rs216896	6100796	0	-8.722588e-04	-3.852829e-04	1
12	rs216897	6102607	0	-9.052299e-04	-4.047847e-04	1
12	rs216898	6102764	0	-4.907988e-04	-1.492012e-04	1
12	rs216901	6104868	0	-8.246663e-04	-3.393903e-04	1
12	rs216902	6105387	0	-2.632616e-04	-7.372122e-05	1
12	rs216903	6105499	0	-5.998897e-04	-1.947881e-04	1
12	rs216904	6106018	0	-3.105358e-04	-8.901953e-05	1
12	rs216905	6106255	0	-5.824639e-04	-2.821226e-04	1
12	rs2178691	6836913	0	-1.979854e-04	-6.626232e-05	1
12	rs2178692	6836051	0	-1.979854e-04	-6.626231e-05	1
12	rs2178695	6857000	0	-1.923440e-04	-7.911371e-05	1
12	rs2192205	6092562	0	-7.356149e-05	-5.424214e-05	1
12	rs2236773	6092035	0	-7.356149e-05	-5.424213e-05	1
12	rs2238102	6197468	0	-2.527833e-04	-8.191098e-05	1
12	rs2238103	6194183	0	-4.702009e-05	-1.271383e-05	1
12	rs2238104	6187665	0	-1.400469e-03	-1.297280e-03	1
12	rs2238105	6182234	0	4.208624e-04	1.655749e-04	1
12	rs2238109	6153967	0	-2.804530e-04	-8.633438e-05	1
12	rs2238110	6080577	0	1.151889e-03	1.145818e-03	1
12	rs2238112	6079880	0	-3.789471e-05	-6.582539e-05	1
12	rs2239138	6082558	0	1.227048e-03	1.452882e-03	1
12	rs2239140	6200443	0	-9.177447e-04	-3.672648e-04	1
12	rs2239142	6199078	0	-9.400928e-04	-3.892965e-04	1
12	rs2239144	6196183	0	3.188942e-04	1.800119e-04	1
12	rs2239145	6195996	0	3.188942e-04	1.800119e-04	1
12	rs2239146	6195710	0	3.188942e-04	1.800119e-04	1
12	rs2239147	6195527	0	3.188942e-04	1.800119e-04	1
12	rs2239148	6194816	0	2.300305e-04	1.233648e-04	1
12	rs2239150	6194585	0	-5.648488e-05	-2.035274e-05	1
12	rs2239151	6194579	0	-5.648488e-05	-2.035274e-05	1
12	rs2239154	6185891	0	-1.240249e-03	-8.767105e-04	1
12	rs2239156	6180582	0	-3.182598e-04	-1.835623e-04	1
12	rs2239157	6179467	0	4.869885e-05	2.027831e-05	1
12	rs2239158	6172393	0	2.247545e-04	6.517498e-05	1
12	rs2239162	6151670	0	-2.706024e-04	-9.751581e-05	1
12	rs2240866	6578140	0	-5.939133e-04	-2.621750e-04	1
12	rs2240867	6578469	0	4.952897e-04	2.481434e-04	1
12	rs2240869	6603473	0	1.340562e-04	6.000919e-05	1
12	rs2240871	6639981	0	1.340562e-04	6.000918e-05	1
12	rs2240872	6648269	0	2.810342e-04	9.483202e-05	1
12	rs2240873	6648290	0	2.072794e-04	8.209666e-05	1
12	rs2240874	6648513	0	4.095417e-04	1.443732e-04	1
12	rs2240875	6649540	0	3.045318e-04	1.012912e-04	1
12	rs2243750	6567787	0	-2.687628e-04	-9.775653e-05	1
12	rs2243977	6569983	0	-2.310528e-04	-8.260130e-05	1
12	rs2244083	6570539	0	-2.310528e-04	-8.260129e-05	1
12	rs2247890	6580941	0	-4.849820e-04	-1.926418e-04	1
12	rs2250246	6553016	0	1.523194e-04	3.811557e-05	1
12	rs2259931	6719894	0	3.068591e-04	1.398149e-04	1
12	rs2267967	6671799	0	-2.677686e-04	-4.380753e-04	1
12	rs2267968	6679743	0	-2.677686e-04	-4.380753e-04	1
12	rs2267970	6691559	0	-2.677686e-04	-4.380753e-04	1
12	rs2267973	6714106	0	-3.324739e-04	-5.566234e-04	1
12	rs2267974	6715527	0	-2.677686e-04	-4.380753e-04	1
12	rs2268016	6320386	0	-7.501042e-04	-2.867889e-04	1
12	rs2269359	6993653	0	8.161106e-04	4.621060e-01	1
12	rs2270151	6060960	0	2.570595e-05	1.100660e-05	1
12	rs2270152	6061069	0	-2.288719e-04	-8.790365e-05	1
12	rs2270174	6606012	0	-3.283591e-04	-1.018957e-04	1
12	rs2270175	6630627	0	2.388104e-04	1.023670e-04	1
12	rs2270177	6651681	0	3.709305e-04	1.422265e-04	1
12	rs2282690	6670398	0	-3.324739e-04	-5.566218e-04	1
12	rs2283332	6174729	0	-3.289569e-04	-2.621593e-04	1
12	rs2283335	6157394	0	-2.133486e-04	-6.522041e-05	1
12	rs2284325	6704213	0	-3.615917e-06	-1.392715e-06	1
12	rs2284346	6348600	0	-9.153042e-04	-4.075775e-04	1
12	rs2284347	6348146	0	-6.848889e-04	-2.404629e-04	1
12	rs2284348	6321862	0	-3.630412e-04	-9.908921e-05	1
12	rs2286596	6553055	0	-5.753120e-04	-2.364302e-04	1
12	rs2286598	6552516	0	-4.132412e-04	-1.290458e-04	1
12	rs2286600	6482786	0	-1.480455e-04	-3.304915e-05	1
12	rs2286646	6061491	0	-2.288719e-04	-8.790365e-05	1
12	rs2286721	6562065	0	1.756695e-04	7.935056e-05	1
12	rs2286725	6658860	0	-2.677686e-04	-4.380736e-04	1
12	rs2286729	6873818	0	3.050310e-04	2.309935e-04	1
12	rs2286730	6839913	0	3.821109e-04	2.580910e-04	1
12	rs2286731	6837643	0	2.249718e-05	6.370959e-06	1
12	rs2286937	6090892	0	-7.356149e-05	-5.424203e-05	1
12	rs2286938	6091205	0	-7.356149e-05	-5.424202e-05	1
12	rs2301333	6880996	0	9.475302e-05	8.446729e-05	1
12	rs2302255	6493911	0	-8.570850e-05	-1.272007e-04	1
12	rs2302365	6884244	0	-1.264929e-03	-1.608335e-03	1
12	rs2302366	6862259	0	-1.039300e-03	-6.391360e-04	1
12	rs2302368	6859797	0	-1.020721e-03	-5.613535e-04	1
12	rs2302369	6859729	0	1.207223e-04	5.153754e-05	1
12	rs2302370	6859308	0	-1.020721e-03	-5.613535e-04	1
12	rs2302371	6858126	0	2.028378e-04	9.434192e-05	1
12	rs2362479	6026354	0	5.014456e-04	2.445580e-04	1
12	rs2362481	6049161	0	-3.166594e-04	-8.614596e-05	1
12	rs2362482	6058913	0	8.392046e-05	6.423821e-05	1
12	rs2362483	6058920	0	8.392046e-05	6.423821e-05	1
12	rs2363877	6292461	0	-3.530528e-04	-1.200138e-04	1
12	rs2363878	6292975	0	-3.530528e-04	-1.200137e-04	1
12	rs2364480	6495275	0	7.546891e-04	4.201208e-04	1
12	rs2364482	6502131	0	-1.716498e-04	-7.311546e-05	1
12	rs2364486	6524348	0	3.476668e-04	2.587708e-04	1
12	rs2364487	6526934	0	1.031022e-04	2.762543e-05	1
12	rs2364491	6535887	0	-6.687066e-04	-2.571735e-04	1
12	rs2364494	6551364	0	-2.628430e-04	-7.431594e-05	1
12	rs2364508	6652799	0	3.709305e-04	1.422265e-04	1
12	rs2365089	6870834	0	4.682024e-04	1.365536e-04	1
12	rs2365092	6870877	0	4.682024e-04	1.365536e-04	1
12	rs2365100	6835081	0	2.249718e-05	6.370991e-06	1
12	rs2365101	6760811	0	1.874079e-04	2.035003e-04	1
12	rs2365102	6760950	0	1.957941e-04	2.026521e-04	1
12	rs2365104	6785343	0	1.290779e-04	8.281856e-05	1
12	rs2365566	6817264	0	-7.866520e-05	-5.535220e-05	1
12	rs2365567	6843847	0	-2.527383e-05	-7.417010e-06	1
12	rs24177	6094082	0	-4.253906e-04	-1.436064e-04	1
12	rs2515733	6897652	0	8.855459e-06	2.658894e-06	1
12	rs2532484	6583403	0	1.314812e-04	3.769391e-05	1
12	rs2532485	6583099	0	1.314812e-04	3.769390e-05	1
12	rs2532486	6582699	0	1.352663e-04	3.785003e-05	1
12	rs2532488	6592568	0	2.844936e-04	8.326017e-05	1
12	rs2532490	6577329	0	-5.939133e-04	-2.621723e-04	1
12	rs2532491	6576859	0	-3.791876e-05	-1.037416e-05	1
12	rs2532494	6591581	0	1.927103e-04	5.506531e-05	1
12	rs2532495	6569062	0	2.169209e-04	6.061622e-05	1
12	rs2532496	6564448	0	-1.866132e-04	-6.647373e-05	1
12	rs2532497	6564210	0	-5.086234e-05	-1.734837e-05	1
12	rs2532498	6563698	0	2.546309e-04	7.222188e-05	1
12	rs2532499	6563255	0	2.546309e-04	7.222187e-05	1
12	rs2532500	6562810	0	2.546309e-04	7.222186e-05	1
12	rs2532501	6562753	0	2.546309e-04	7.222185e-05	1
12	rs2532506	6593527	0	2.063336e-04	6.129969e-05	1
12	rs2532513	6589171	0	1.745029e-04	5.114699e-05	1
12	rs2532514	6588972	0	1.927103e-04	5.506526e-05	1
12	rs2532515	6586728	0	-1.863709e-04	-5.346856e-05	1
12	rs2532518	6586321	0	-1.863709e-04	-5.346857e-05	1
12	rs2532519	6586136	0	-4.849820e-04	-1.926398e-04	1
12	rs2532520	6585610	0	-1.931606e-04	-5.606811e-05	1
12	rs2532521	6585504	0	-1.931606e-04	-5.606811e-05	1
12	rs2532522	6584265	0	-1.931606e-04	-5.606812e-05	1
12	rs2534698	6562931	0	2.546309e-04	7.222182e-05	1
12	rs2534709	6568572	0	-2.687628e-04	-9.775503e-05	1
12	rs2534710	6570163	0	3.111896e-04	8.864953e-05	1
12	rs2534711	6570821	0	-3.081463e-04	-1.146226e-04	1
12	rs2534712	6572549	0	4.427106e-05	1.196936e-05	1
12	rs2534713	6572587	0	-4.027922e-04	-1.539211e-04	1
12	rs2534714	6573061	0	-5.939133e-04	-2.621723e-04	1
12	rs2534715	6573146	0	-5.939133e-04	-2.621723e-04	1
12	rs2534716	6573716	0	-5.939133e-04	-2.621722e-04	1
12	rs2534717	6573749	0	-5.939133e-04	-2.621722e-04	1
12	rs2534718	6575191	0	6.030927e-04	1.353508e-03	1
12	rs2534719	6554429	0	4.687737e-04	2.510659e-04	1
12	rs2534721	6580144	0	-3.418844e-04	-1.281001e-04	1
12	rs2534722	6581230	0	4.937021e-06	1.369059e-06	1
12	rs2534723	6581805	0	-1.545401e-04	-4.399192e-05	1
12	rs2534724	6583387	0	9.286078e-05	2.639414e-05	1
12	rs25680	6554628	0	7.179051e-04	5.327720e-04	1
12	rs2707209	6905264	0	6.556401e-07	2.171938e-07	1
12	rs2707210	6902002	0	8.912140e-05	2.237280e-05	1
12	rs2707211	6901823	0	3.188995e-04	9.667077e-05	1
12	rs2707212	6901134	0	3.580035e-04	1.149790e-04	1
12	rs2707213	6901082	0	-2.945274e-04	-1.319723e-04	1
12	rs28435996	6396206	0	1.252912e-03	1.761751e-03	1
12	rs2854871	6133079	0	-1.659660e-04	-1.229227e-04	1
12	rs2855534	6898521	0	-5.685457e-05	-1.755952e-05	1
12	rs2855537	6899181	0	-2.945274e-04	-1.319723e-04	1
12	rs2855538	6899508	0	9.223895e-06	2.827999e-06	1
12	rs2857227	6899528	0	9.223895e-06	2.828001e-06	1
12	rs2857229	6900616	0	2.897789e-04	8.620751e-05	1
12	rs2857230	6901077	0	3.287604e-05	7.975968e-06	1
12	rs2857232	6903989	1	1.521235e-04	4.584416e-05	1
12	rs2857234	6905181	0	-9.756453e-05	-3.184086e-05	1
12	rs2857237	6906828	0	7.985605e-05	2.502045e-05	1
12	rs28630679	6141588	1	-8.354791e-04	-6.266174e-04	1
12	rs2885517	6050320	0	-6.301547e-04	-2.080734e-04	1
12	rs2886086	6526672	0	6.714600e-05	1.814220e-05	1
12	rs2886087	6526744	0	5.765464e-05	1.518323e-05	1
12	rs2886089	6535981	0	-3.394192e-04	-9.884310e-05	1
12	rs2886090	6551899	0	-2.460708e-04	-7.124920e-05	1
12	rs28866502	6681209	0	1.977761e-04	7.603097e-05	1
12	rs28920471	6915160	0	3.720222e-05	2.841449e-05	1
12	rs3095130	6593394	0	1.677132e-04	4.919586e-05	1
12	rs3136549	6551874	0	6.256261e-04	4.443302e-04	1
12	rs3136550	6552284	0	-6.994295e-04	-3.132988e-04	1
12	rs3136551	6553860	0	1.896685e-05	2.094837e-05	1
12	rs3180589	6602422	0	-2.822089e-04	-8.630445e-05	1
12	rs3181290	6334374	0	-1.229793e-04	-2.134708e-04	1
12	rs3181295	6344174	0	-7.879372e-04	-3.248548e-04	1
12	rs3181300	6345199	0	-1.044930e-03	-6.106713e-04	1
12	rs3181301	6345784	0	-1.049011e-03	-5.944528e-04	1
12	rs33978901	6140659	0	-4.547673e-04	-1.119447e-03	1
12	rs34119293	6506878	1	2.205544e-04	5.624122e-05	1
12	rs34230288	6103094	0	-3.705245e-04	-7.799763e-04	1
12	rs34235693	6037386	0	-2.988572e-04	-1.937750e-04	1
12	rs34278370	6627975	0	-7.039816e-04	-1.035598e-03	1
12	rs34350637	6823202	0	6.212452e-05	3.879302e-05	1
12	rs34444862	6105396	0	-3.705245e-04	-7.799763e-04	1
12	rs34668268	6077639	0	-2.731342e-04	-1.578375e-04	1
12	rs34807506	6546260	0	-2.771073e-04	-7.895642e-05	1
12	rs34863790	6690909	0	-1.993675e-04	-3.580857e-04	1
12	rs34865569	6613284	0	-3.202081e-04	-9.850107e-05	1
12	rs35032612	6299131	0	-6.412140e-05	-9.422339e-05	1
12	rs35041216	6475897	0	4.606179e-04	1.791759e-04	1
12	rs35277580	6294534	0	-3.530528e-04	-1.200136e-04	1
12	rs35365059	6167118	0	-2.922165e-04	-2.267744e-04	1
12	rs35881119	6177803	0	2.328204e-04	4.385121e-04	1
12	rs35926634	6066686	0	2.364275e-04	8.679501e-05	1
12	rs36007563	6205767	0	-4.069161e-04	-8.861365e-04	1
12	rs36018751	6667090	0	-2.764809e-04	-3.158343e-04	1
12	rs36045653	6681668	0	-3.324739e-04	-5.566221e-04	1
12	rs36060358	6294588	0	-3.530528e-04	-1.200136e-04	1
12	rs36205633	6453212	0	2.519104e-04	2.523231e-04	1
12	rs368624729	6399346	0	3.777636e-04	8.520059e-04	1
12	rs371329394	6399373	0	2.669246e-04	5.056586e-04	1
12	rs3741901	6030301	0	-6.632162e-04	-6.710499e-04	1
12	rs3741902	6030302	0	7.546669e-04	5.929074e-04	1
12	rs3741903	6030405	0	6.919181e-04	4.861176e-04	1
12	rs3741904	6030437	0	-5.069955e-05	-5.049012e-05	1
12	rs3741906	6105143	0	-7.356149e-05	-5.424204e-05	1
12	rs3741917	6644139	0	-6.912584e-05	-1.053177e-04	1
12	rs3741918	6644256	0	1.597044e-04	6.102193e-05	1
12	rs3741924	6729956	0	-2.437923e-04	-4.918310e-04	1
12	rs374720415	6209611	0	-1.654563e-04	-1.476065e-04	1
12	rs3759320	6062853	0	1.875929e-04	5.267735e-05	1
12	rs3759321	6062878	0	5.016306e-04	1.368760e-04	1
12	rs3759323	6485436	0	7.291513e-04	5.923165e-04	1
12	rs3759324	6485661	0	1.135328e-03	1.073657e-03	1
12	rs3759329	6490925	0	1.785722e-04	4.453098e-05	1
12	rs3759330	6490968	0	1.352494e-04	3.404718e-05	1
12	rs3759331	6491012	0	3.384157e-04	9.064252e-05	1
12	rs3759333	6491947	0	1.309744e-03	2.091672e-03	1
12	rs3759334	6492008	0	1.374137e-03	2.615955e-03	1
12	rs3759339	6551509	0	-3.921982e-04	-1.361264e-04	1
12	rs3759341	6552154	0	-2.901929e-04	-8.406320e-05	1
12	rs3759343	6833104	0	9.322075e-05	5.330131e-05	1
12	rs3759344	6862646	0	2.918875e-04	1.637235e-04	1
12	rs3759345	6862678	0	1.994056e-04	9.538839e-05	1
12	rs3782711	6183181	0	5.114440e-04	2.146527e-04	1
12	rs3782715	6196825	0	3.188942e-04	1.800114e-04	1
12	rs3782724	6466081	0	-2.030476e-04	-1.115826e-04	1
12	rs3782726	6469671	0	5.002790e-04	1.512706e-04	1
12	rs3782729	6563399	0	1.756695e-04	7.935043e-05	1
12	rs3803130	6756240	0	2.862487e-04	3.003413e-04	1
12	rs3809241	6056450	0	6.299865e-04	3.686433e-04	1
12	rs3809242	6056492	0	6.299865e-04	3.686433e-04	1
12	rs3809244	6772875	0	4.660043e-04	6.927074e-04	1
12	rs3809245	6773601	0	3.609944e-04	4.573126e-04	1
12	rs3815408	6838156	0	-1.979854e-04	-6.626180e-05	1
12	rs3819537	6193096	0	-1.895381e-04	-5.919103e-05	1
12	rs3819538	6192886	0	-1.895381e-04	-5.919103e-05	1
12	rs3819540	6085445	0	-7.356149e-05	-5.424202e-05	1
12	rs3825331	6030154	0	7.546669e-04	5.929071e-04	1
12	rs3825332	6030165	0	7.546669e-04	5.929069e-04	1
12	rs3825334	6434349	0	3.609492e-04	9.976620e-05	1
12	rs41318752	6492330	0	5.952139e-04	4.699987e-04	1
12	rs41320652	6092779	0	-7.356149e-05	-5.424202e-05	1
12	rs41334949	6644958	0	2.788625e-04	3.512754e-04	1
12	rs41388848	6208618	0	-2.481989e-04	-2.257158e-04	1
12	rs4149570	6451590	0	8.795358e-04	3.714105e-04	1
12	rs4149572	6449743	0	-1.094144e-04	-1.353415e-04	1
12	rs4149573	6449384	0	9.292057e-04	3.378754e-03	1
12	rs4149575	6449210	0	9.292057e-04	3.378752e-03	1
12	rs4285931	6487161	0	3.381450e-04	1.047611e-04	1
12	rs4301834	6500843	0	7.440634e-04	4.082876e-04	1
12	rs4351870	6293271	0	-3.530528e-04	-1.200136e-04	1
12	rs4375488	6293479	0	-3.530528e-04	-1.200135e-04	1
12	rs4376959	6741816	0	-3.777314e-05	-2.677489e-05	1
12	rs4408361	6202543	0	-2.323878e-04	-1.631965e-04	1
12	rs4417358	6293155	0	-2.942146e-04	-9.147997e-05	1
12	rs4421798	6293163	0	-3.530528e-04	-1.200135e-04	1
12	rs4469949	6545611	0	-4.355882e-04	-1.557069e-04	1
12	rs4491293	6195308	0	3.188942e-04	1.800114e-04	1
12	rs4491294	6467122	0	-2.650230e-04	-1.590369e-04	1
12	rs4573747	6290630	0	-5.513253e-04	-2.167855e-04	1
12	rs4575330	6585311	0	-1.931606e-04	-5.606809e-05	1
12	rs4764481	6027571	0	-8.623618e-04	-3.394029e-04	1
12	rs4764482	6169733	0	-9.880124e-04	-4.455878e-04	1
12	rs4764483	6178285	0	3.501809e-04	1.362678e-04	1
12	rs4764485	6319837	0	-3.464143e-04	-9.646163e-05	1
12	rs4764490	6378297	0	1.243250e-03	1.207668e-03	1
12	rs4764496	6408422	0	5.375843e-04	8.923792e-04	1
12	rs4764497	6428116	0	3.345236e-05	8.342411e-06	1
12	rs4764501	6599665	0	-2.063336e-04	-6.129968e-05	1
12	rs4764502	6048089	0	2.548763e-04	2.444550e-04	1
12	rs4764512	6842350	0	2.885135e-04	1.114253e-04	1
12	rs4764516	6791348	0	2.739689e-04	1.831717e-04	1
12	rs4764530	6027497	0	-9.158229e-04	-7.569646e-04	1
12	rs4764534	6186807	0	1.800135e-04	1.306915e-04	1
12	rs4764535	6187232	0	3.285905e-04	2.522387e-04	1
12	rs4764538	6248983	0	-3.440354e-04	-2.671558e-04	1
12	rs4764539	6261916	0	6.704674e-05	1.073336e-04	1
12	rs4764547	6378212	0	2.612286e-04	1.771351e-04	1
12	rs4764548	6379534	0	1.074995e-03	7.167633e-04	1
12	rs4764551	6386336	0	-1.540733e-04	-8.040487e-05	1
12	rs4764552	6386518	0	-1.540733e-04	-8.040486e-05	1
12	rs4764553	6391485	0	9.507490e-04	7.079737e-04	1
12	rs4764559	6398836	0	1.252912e-03	1.761740e-03	1
12	rs4764560	6398994	0	1.252912e-03	1.761736e-03	1
12	rs4764562	6408907	0	9.290531e-04	4.453406e-04	1
12	rs4764563	6001070	0	-3.395866e-04	-1.117046e-04	1
12	rs4764566	6413400	0	4.853960e-04	4.010766e-04	1
12	rs4764568	6415423	0	-9.958187e-04	-1.142099e-03	1
12	rs4764569	6415426	0	-1.337677e-03	-2.298861e-03	1
12	rs4764570	6415696	0	-9.958187e-04	-1.142098e-03	1
12	rs4764571	6415769	0	-9.889895e-04	-1.036416e-03	1
12	rs4764574	5999704	0	-6.618385e-05	-5.755068e-05	1
12	rs4764581	5998384	0	1.116314e-04	9.658594e-05	1
12	rs4764582	5998288	0	5.904794e-05	2.981255e-05	1
12	rs4764583	5997095	0	6.654808e-05	5.555680e-05	1
12	rs4764584	5995702	0	1.758711e-05	5.195682e-06	1
12	rs4764589	6532282	0	-3.246855e-04	-9.211025e-05	1
12	rs4764590	6532350	0	-3.246855e-04	-9.211025e-05	1
12	rs4764591	6532456	0	2.259027e-04	5.946383e-05	1
12	rs4764600	6601980	0	-2.063336e-04	-6.129978e-05	1
12	rs4764601	6611078	0	-3.283591e-04	-1.018957e-04	1
12	rs4764602	6611719	0	-1.570416e-04	-4.631099e-05	1
12	rs4764603	6616223	0	1.909262e-04	6.527135e-05	1
12	rs4764604	6623382	0	-3.351488e-04	-1.040684e-04	1
12	rs4764605	6623389	0	1.082808e-04	3.423597e-05	1
12	rs4764615	6766197	0	7.727154e-05	3.562466e-05	1
12	rs4764616	6764831	0	2.862487e-04	3.003415e-04	1
12	rs4764617	6764492	0	1.957941e-04	2.026522e-04	1
12	rs4764618	6764358	0	1.280377e-04	5.925870e-05	1
12	rs4764619	6763982	0	1.957941e-04	2.026522e-04	1
12	rs4963512	6942823	0	5.803698e-04	1.796177e-04	1
12	rs499648	6144164	0	-1.273313e-04	-1.092430e-04	1
12	rs526861	6096673	0	-3.844118e-04	-1.403804e-04	1
12	rs526881	6096676	0	-4.579733e-04	-2.365115e-04	1
12	rs541011	6095807	0	-1.759500e-04	-8.247315e-05	1
12	rs542993	6120431	0	5.486255e-04	1.738258e-04	1
12	rs55633676	6194991	0	1.600863e-04	7.872375e-05	1
12	rs55692509	6206086	0	-2.984744e-04	-4.767762e-04	1
12	rs55712234	6006618	0	-2.515785e-05	-2.156375e-05	1
12	rs55754310	5999906	0	-6.913434e-05	-5.419011e-05	1
12	rs55783865	6013681	0	-6.913434e-05	-5.419011e-05	1
12	rs55848954	5997669	0	5.258345e-05	4.026231e-05	1
12	rs55867239	6092442	0	-3.321483e-04	-2.364721e-04	1
12	rs55890082	6505108	0	7.693234e-05	8.516289e-05	1
12	rs55907031	6181635	0	-3.844899e-04	-2.528559e-04	1
12	rs55915959	6540525	0	-2.472029e-05	-2.784792e-05	1
12	rs55944427	6745315	0	2.778350e-04	1.310677e-04	1
12	rs55990247	6505274	0	7.693234e-05	8.516289e-05	1
12	rs55997530	6832096	0	-2.577841e-04	-1.235799e-04	1
12	rs55999991	6113339	0	-2.072025e-04	-1.086269e-04	1
12	rs56008400	6112574	0	-2.072025e-04	-1.086269e-04	1
12	rs56020046	6504547	0	7.693234e-05	8.516289e-05	1
12	rs56048315	6136476	0	-5.050371e-04	-2.601032e-04	1
12	rs56077657	6201708	0	-2.677162e-04	-1.993906e-04	1
12	rs56109131	6541449	0	2.629563e-06	3.261379e-06	1
12	rs56145803	6194769	0	2.300305e-04	1.233646e-04	1
12	rs56152264	6002704	0	-2.515785e-05	-2.156374e-05	1
12	rs56201315	6013379	0	-2.515785e-05	-2.156374e-05	1
12	rs56208217	5997624	0	-2.515785e-05	-2.156374e-05	1
12	rs56219101	6002314	0	-2.515785e-05	-2.156373e-05	1
12	rs56225418	6202604	0	-2.323878e-04	-1.631968e-04	1
12	rs56253327	6170690	0	3.369155e-04	1.652796e-04	1
12	rs56265629	6386774	0	5.218812e-04	1.393963e-03	1
12	rs56268391	6004425	0	-2.515785e-05	-2.156373e-05	1
12	rs56311842	6126413	0	-2.717145e-04	-5.190164e-04	1
12	rs56344853	6202244	0	-2.323878e-04	-1.631968e-04	1
12	rs56353418	6372381	0	3.534793e-04	2.309676e-04	1
12	rs56366473	6374276	0	5.136712e-04	8.963948e-04	1
12	rs56394343	5997660	0	5.258345e-05	4.026232e-05	1
12	rs56696634	6028332	0	7.546669e-04	5.929069e-04	1
12	rs56769453	6060231	0	-2.288719e-04	-8.790371e-05	1
12	rs56888996	6461229	0	-2.309160e-04	-1.707192e-04	1
12	rs56983450	6491629	0	-2.387076e-04	-2.077969e-04	1
12	rs57040304	6062894	0	1.273652e-04	9.734251e-05	1
12	rs57107190	6654425	0	-4.023481e-04	-6.909294e-04	1
12	rs57327282	5998345	0	3.844275e-04	1.640755e-04	1
12	rs57367146	6841624	0	2.622412e-04	1.791788e-04	1
12	rs57378434	6060168	0	-2.288719e-04	-8.790372e-05	1
12	rs5742912	6458350	0	-5.076443e-05	-6.565494e-05	1
12	rs57523168	6155344	0	-2.147783e-04	-2.539504e-04	1
12	rs57661704	6060062	0	-2.288719e-04	-8.790372e-05	1
12	rs57666371	6200139	0	-2.323878e-04	-1.631968e-04	1
12	rs57826129	6540496	0	2.629563e-06	3.261379e-06	1
12	rs58070073	6402764	0	4.795642e-04	7.742467e-04	1
12	rs58111746	6505358	0	7.693234e-05	8.516290e-05	1
12	rs58277046	6541601	0	2.629563e-06	3.261373e-06	1
12	rs58347998	6540085	0	2.629563e-06	3.261375e-06	1
12	rs58661350	6365392	0	2.093590e-04	1.815371e-04	1
12	rs58661986	6396144	0	5.323429e-04	1.648694e-03	1
12	rs58665179	6393101	0	4.184061e-04	1.786701e-04	1
12	rs58834607	6508115	0	3.840150e-04	5.589236e-04	1
12	rs58854337	6463345	0	2.684503e-05	2.250360e-05	1
12	rs58935006	6060342	0	-2.288719e-04	-8.790372e-05	1
12	rs59179887	6028436	4	9.265855e-04	1.072171e-03	1
12	rs59226301	6866113	1	-1.323878e-03	-1.463214e-03	1
12	rs59254690	6469897	0	-4.487736e-04	-3.685425e-04	1
12	rs59336539	6393244	0	4.184061e-04	1.786700e-04	1
12	rs59347851	6860030	0	1.625603e-04	7.339893e-05	1
12	rs59382088	5995398	1	-3.088149e-05	-2.649597e-05	1
12	rs59632652	6390920	0	1.085738e-03	1.438748e-03	1
12	rs59818152	6468018	3	-2.686399e-04	-1.619404e-04	1
12	rs59989335	6210485	0	-2.481989e-04	-2.257161e-04	1
12	rs60053534	6039956	0	-4.820454e-05	-4.678833e-05	1
12	rs60237390	6544139	0	8.248442e-05	9.149812e-05	1
12	rs60363967	6541775	0	2.629563e-06	3.261335e-06	1
12	rs60383695	6028327	0	7.546669e-04	5.929065e-04	1
12	rs60427776	6739983	0	2.573056e-05	3.195877e-05	1
12	rs60430553	6111436	0	7.053554e-05	6.885471e-05	1
12	rs60600645	6853107	0	-3.322371e-04	-4.748987e-04	1
12	rs60723559	6081210	0	8.604955e-04	1.497181e-03	1
12	rs60831677	6138702	0	-1.743766e-04	-1.297727e-04	1
12	rs60837639	6818262	0	8.480406e-05	5.464045e-05	1
12	rs60868681	6405983	0	2.110434e-04	7.102255e-05	1
12	rs60949067	6792824	3	-9.607134e-05	-1.803544e-04	1
12	rs60982029	6079324	0	8.117530e-04	1.036089e-03	1
12	rs61100406	6028463	4	8.438068e-04	8.246986e-04	1
12	rs61159922	6866260	0	4.187950e-04	2.663698e-04	1
12	rs61311839	6522201	0	1.762803e-04	4.804137e-05	1
12	rs61329073	6505380	0	7.693234e-05	8.516291e-05	1
12	rs61516218	6504363	0	7.693234e-05	8.516291e-05	1
12	rs61546725	6860515	0	1.625603e-04	7.339889e-05	1
12	rs61602132	6541714	0	2.629563e-06	3.261344e-06	1
12	rs61697264	6210279	0	-2.481989e-04	-2.257161e-04	1
12	rs61704965	6818206	0	-7.866520e-05	-5.535239e-05	1
12	rs61753197	6604331	0	8.542126e-06	1.408948e-05	1
12	rs61908387	6000186	0	-5.154945e-04	-3.704905e-04	1
12	rs61908390	6015632	0	-7.493250e-04	-7.053213e-04	1
12	rs61908402	6024760	0	7.546669e-04	5.929061e-04	1
12	rs61908403	6024805	0	7.546669e-04	5.929060e-04	1
12	rs61908404	6025271	0	7.546669e-04	5.929058e-04	1
12	rs61908405	6025330	0	7.546669e-04	5.929056e-04	1
12	rs61908406	6026247	0	7.546669e-04	5.929055e-04	1
12	rs61908407	6026373	0	7.546669e-04	5.929053e-04	1
12	rs61908408	6026455	0	7.546669e-04	5.929051e-04	1
12	rs61908409	6026571	0	7.546669e-04	5.929049e-04	1
12	rs61908410	6026578	0	7.546669e-04	5.929048e-04	1
12	rs61908411	6027644	0	7.546669e-04	5.929046e-04	1
12	rs61908412	6027895	0	7.546669e-04	5.929044e-04	1
12	rs61908418	6028609	1	6.710908e-04	8.288268e-04	1
12	rs61908420	6028949	0	6.496571e-04	4.305340e-04	1
12	rs61908422	6029597	0	7.546669e-04	5.929041e-04	1
12	rs61908457	6062347	0	2.570595e-05	1.100617e-05	1
12	rs61908458	6067496	0	2.570595e-05	1.100617e-05	1
12	rs61908661	6165999	0	3.598605e-04	5.098283e-04	1
12	rs61909704	6099846	0	2.348405e-05	1.524107e-05	1
12	rs61916272	6900565	0	-8.120966e-04	-3.566429e-04	1
12	rs61916275	6904790	0	-5.340100e-04	-2.138125e-04	1
12	rs61918019	6596500	0	1.361340e-04	5.299152e-05	1
12	rs61918020	6605514	0	2.209047e-04	8.584777e-05	1
12	rs61918022	6614521	0	2.209047e-04	8.584775e-05	1
12	rs61918023	6614822	0	2.209047e-04	8.584774e-05	1
12	rs61918041	6681868	0	-3.063625e-05	-5.313120e-05	1
12	rs61918194	6378605	1	3.743173e-04	2.307486e-04	1
12	rs61918195	6380065	0	4.272314e-04	2.747994e-04	1
12	rs61918196	6380272	0	4.272314e-04	2.747994e-04	1
12	rs61918197	6385674	0	-8.216925e-04	-1.993881e-03	1
12	rs61918198	6388393	0	5.009159e-04	2.730751e-04	1
12	rs61918200	6392889	0	4.515031e-04	2.436906e-04	1
12	rs61918201	6394883	0	7.733475e-04	5.716106e-04	1
12	rs61918202	6396286	0	-3.942081e-04	-3.701821e-04	1
12	rs61918203	6396589	0	6.503994e-04	5.274735e-04	1
12	rs61918204	6397940	0	7.713350e-04	5.055328e-04	1
12	rs61918205	6398000	0	7.329619e-04	5.465700e-04	1
12	rs61918244	6403174	0	5.595519e-04	3.678218e-04	1
12	rs61919661	6746443	0	1.949135e-04	9.216438e-05	1
12	rs6416321	6054277	0	-2.932319e-04	-7.826121e-05	1
12	rs6416323	6766646	0	2.862487e-04	3.003415e-04	1
12	rs6489670	5997564	0	6.654808e-05	5.555677e-05	1
12	rs6489675	6049926	0	-1.857903e-04	-4.846538e-05	1
12	rs6489676	6050036	0	-1.857903e-04	-4.846537e-05	1
12	rs6489677	6050063	0	-1.857903e-04	-4.846536e-05	1
12	rs6489680	6054395	0	-4.053093e-05	-3.644098e-05	1
12	rs6489685	6090538	0	-3.590482e-04	-2.665563e-04	1
12	rs6489686	6090694	0	-3.321483e-04	-2.364718e-04	1
12	rs6489707	6385889	0	-1.274190e-03	-1.421063e-03	1
12	rs6489708	6387053	0	-1.376351e-04	-7.619811e-05	1
12	rs6489709	6405578	0	7.791937e-04	3.141958e-04	1
12	rs6489712	6468440	0	-2.650230e-04	-1.590375e-04	1
12	rs6489713	6468455	0	-2.650230e-04	-1.590376e-04	1
12	rs6489717	6600219	0	-2.063336e-04	-6.129982e-05	1
12	rs6489718	6604418	0	-3.283591e-04	-1.018957e-04	1
12	rs6489719	6605383	0	1.909262e-04	6.527133e-05	1
12	rs6489720	6615681	0	1.909262e-04	6.527132e-05	1
12	rs6489721	6643316	0	3.706824e-04	1.467107e-04	1
12	rs6489726	6741987	0	-1.994011e-04	-1.206609e-04	1
12	rs6489727	6756798	0	2.862487e-04	3.003416e-04	1
12	rs6489728	6756901	0	1.957941e-04	2.026523e-04	1
12	rs6489731	6847102	0	2.885135e-04	1.114255e-04	1
12	rs6489733	6858365	0	1.625603e-04	7.339882e-05	1
12	rs6489734	6872099	0	4.370542e-04	1.247269e-04	1
12	rs6489735	6892826	0	-3.381407e-04	-7.354820e-04	1
12	rs66461779	6403457	0	1.164077e-03	1.582899e-03	1
12	rs66621175	6965805	0	9.671510e-04	4.391405e-04	1
12	rs66627071	6705380	0	4.210960e-05	2.178791e-05	1
12	rs66785003	6140951	0	-6.327266e-04	-3.624049e-04	1
12	rs66879982	6482514	0	3.789651e-04	3.353747e-04	1
12	rs66951403	6836837	0	-6.305575e-05	-5.565170e-05	1
12	rs669667	6144169	0	-1.273313e-04	-1.092429e-04	1
12	rs67013744	6681786	0	3.557579e-04	1.827477e-04	1
12	rs67385163	6864890	0	-8.048170e-04	-3.918738e-04	1
12	rs67621679	6667422	0	3.876053e-04	1.972022e-04	1
12	rs67685846	5996567	0	-7.180287e-04	-5.948562e-04	1
12	rs6786	6775967	0	7.072923e-04	2.402882e-04	1
12	rs71181446	6142402	0	-2.210743e-05	-1.830920e-05	1
12	rs7132183	6652494	0	2.956318e-04	9.237138e-05	1
12	rs7132298	6652572	0	2.956318e-04	9.237137e-05	1
12	rs7132970	6708898	0	-4.674822e-05	-2.294198e-05	1
12	rs7133777	6061947	0	1.381135e-04	3.862574e-05	1
12	rs7134028	6870442	0	4.682024e-04	1.365531e-04	1
12	rs7134136	6609503	0	-3.351488e-04	-1.040685e-04	1
12	rs7135106	6871499	0	2.900480e-04	7.078158e-05	1
12	rs7135368	6049978	0	-1.857903e-04	-4.846534e-05	1
12	rs7135645	6296575	0	-3.850910e-04	-1.366423e-04	1
12	rs7135976	6186116	0	-4.127418e-04	-1.074184e-04	1
12	rs7136058	6825211	0	3.617633e-05	2.184212e-05	1
12	rs7137525	6835973	0	-1.979854e-04	-6.626155e-05	1
12	rs7137702	6497259	0	7.305497e-04	5.202591e-04	1
12	rs7138427	6836852	0	2.259635e-04	1.083762e-04	1
12	rs7138740	6983764	0	7.737131e-04	3.357511e-04	1
12	rs7139025	6296925	0	-3.230542e-04	-1.090773e-04	1
12	rs7139057	6169323	0	3.352611e-04	1.673772e-04	1
12	rs71445108	6558207	0	-1.871781e-04	-3.023169e-04	1
12	rs71445110	6677603	0	2.457924e-04	4.104254e-04	1
12	rs71445120	6699171	0	-1.045109e-03	-1.338230e-03	1
12	rs714774	6619284	0	1.909262e-04	6.527128e-05	1
12	rs71579337	6103823	0	-2.194842e-04	-4.492233e-04	1
12	rs71579349	6635166	0	-6.912584e-05	-1.053179e-04	1
12	rs71582860	6166455	0	-2.922165e-04	-2.267740e-04	1
12	rs71582862	6155751	0	-4.663956e-05	-7.409917e-05	1
12	rs71582893	6153386	0	-2.147783e-04	-2.539503e-04	1
12	rs71582894	6153343	0	-2.147783e-04	-2.539503e-04	1
12	rs71584862	6715422	0	-2.677686e-04	-4.380741e-04	1
12	rs723188	6063905	0	-2.361519e-04	-8.404575e-05	1
12	rs723189	6063959	0	1.381135e-04	3.862571e-05	1
12	rs723190	6063974	0	-3.040573e-04	-3.099084e-04	1
12	rs72657544	6457798	0	1.831094e-04	2.943803e-04	1
12	rs7294323	6655808	0	4.785793e-04	1.658444e-04	1
12	rs7295049	6987335	0	6.653792e-04	2.689805e-04	1
12	rs7295083	6297056	0	-3.230542e-04	-1.090773e-04	1
12	rs7295091	6051426	0	-1.608543e-04	-1.428811e-04	1
12	rs7295359	6531606	0	-3.246855e-04	-9.211033e-05	1
12	rs7296287	6003584	0	8.384069e-04	2.150591e-03	1
12	rs7296459	6011637	0	-4.708318e-04	-2.518741e-04	1
12	rs7296476	6651496	0	3.221284e-04	1.234224e-04	1
12	rs7296922	6468205	0	-2.650230e-04	-1.590377e-04	1
12	rs7297283	6651436	0	3.881849e-04	1.501766e-04	1
12	rs7297364	6651441	0	4.271383e-04	1.756009e-04	1
12	rs7297961	6454297	0	3.776168e-04	5.555459e-04	1
12	rs7298053	6619054	0	3.163404e-04	8.861098e-05	1
12	rs7298232	6757621	0	1.785252e-04	1.379414e-04	1
12	rs7298357	6000126	0	-3.253796e-04	-1.058135e-04	1
12	rs7298463	6663964	0	1.007435e-04	3.804450e-05	1
12	rs7298566	6088103	0	-3.321483e-04	-2.364718e-04	1
12	rs7298567	6393321	0	4.184061e-04	1.786687e-04	1
12	rs7298568	6170796	0	4.240103e-04	2.782898e-04	1
12	rs7298570	6581482	0	1.756695e-04	7.935051e-05	1
12	rs7300092	6607364	0	1.051837e-04	3.934282e-05	1
12	rs7300366	6652227	0	2.659207e-04	9.623532e-05	1
12	rs7300389	6109841	0	2.534534e-05	2.451123e-05	1
12	rs7300728	6800509	0	2.807821e-04	3.525842e-04	1
12	rs7301070	6080290	0	1.151889e-03	1.145808e-03	1
12	rs7301197	6615688	0	1.460781e-04	6.331449e-05	1
12	rs7301735	6825399	0	-3.897653e-05	-4.318984e-05	1
12	rs7301945	6587668	0	2.952132e-04	1.276815e-04	1
12	rs7302308	6414180	0	4.853960e-04	4.010764e-04	1
12	rs7302581	6842902	0	2.764916e-04	1.032171e-04	1
12	rs7303171	6685605	0	3.288580e-04	1.663359e-04	1
12	rs7303399	6708813	0	1.127037e-04	5.632775e-05	1
12	rs73036549	6198035	0	-2.091592e-04	-2.950084e-04	1
12	rs7303863	6387686	0	4.815767e-04	1.208889e-03	1
12	rs73042327	6577518	0	1.715255e-04	2.414063e-04	1
12	rs73042333	6580443	0	3.330542e-04	3.070308e-04	1
12	rs7304348	6382039	0	9.183617e-04	7.540138e-04	1
12	rs73044250	6624733	0	-4.089296e-04	-9.429182e-04	1
12	rs73044256	6625285	0	1.927905e-04	8.276038e-05	1
12	rs73044559	6333608	0	-9.318248e-05	-1.745661e-04	1
12	rs73044588	6362001	0	2.690400e-04	2.461372e-04	1
12	rs73044591	6363341	0	-2.019397e-04	-2.388398e-04	1
12	rs7304688	6387628	0	1.020482e-03	9.040450e-04	1
12	rs73047609	5996588	0	-2.515785e-05	-2.156373e-05	1
12	rs73047610	5996698	0	-6.913434e-05	-5.419013e-05	1
12	rs73047639	6008285	0	-6.913434e-05	-5.419013e-05	1
12	rs73047640	6008290	0	-2.515785e-05	-2.156373e-05	1
12	rs73047647	6011088	0	9.655995e-05	8.234249e-05	1
12	rs73047652	6015033	0	5.258345e-05	4.026227e-05	1
12	rs73047718	6384459	0	5.323429e-04	1.648692e-03	1
12	rs73047737	6389532	0	5.323429e-04	1.648692e-03	1
12	rs73047755	6396098	0	5.323429e-04	1.648692e-03	1
12	rs73047758	6396786	0	4.815767e-04	1.208888e-03	1
12	rs73047760	6396924	0	5.385266e-04	1.512716e-03	1
12	rs73047761	6397650	0	4.815767e-04	1.208888e-03	1
12	rs73047768	6398970	0	5.323429e-04	1.648691e-03	1
12	rs73047771	6399013	0	5.323429e-04	1.648691e-03	1
12	rs73047772	6399051	0	5.727285e-04	1.602935e-03	1
12	rs73047782	6401664	0	5.323429e-04	1.648690e-03	1
12	rs73047787	6403737	0	5.323429e-04	1.648690e-03	1
12	rs73047793	6405212	0	4.146362e-04	8.338546e-04	1
12	rs73047797	6406771	0	4.146362e-04	8.338545e-04	1
12	rs73047798	6406898	0	4.146362e-04	8.338545e-04	1
12	rs73047807	6704169	0	1.901201e-04	1.049062e-04	1
12	rs73047897	6748460	0	4.351352e-04	3.057811e-04	1
12	rs73047899	6757704	0	3.062756e-04	1.851793e-04	1
12	rs73048428	6469366	0	-1.560107e-04	-1.526758e-04	1
12	rs73049715	6811433	0	-7.170943e-05	-1.203426e-04	1
12	rs73049722	6826873	0	5.087375e-04	3.805203e-04	1
12	rs73049726	6830071	0	-1.850411e-04	-2.293545e-04	1
12	rs73049904	6407807	0	4.146362e-04	8.338544e-04	1
12	rs73049912	6410462	0	4.100184e-04	8.995664e-04	1
12	rs73049916	6413279	0	3.877363e-04	7.689006e-04	1
12	rs73051250	6108690	0	-2.385877e-04	-1.321476e-04	1
12	rs73051647	6835160	0	3.051499e-04	2.198508e-04	1
12	rs73051663	6849710	0	1.538702e-05	7.397835e-06	1
12	rs73051673	6853202	0	1.109377e-04	9.514605e-05	1
12	rs7305251	6706481	0	-3.615917e-06	-1.393019e-06	1
12	rs7305330	6849879	0	6.734295e-05	3.341872e-05	1
12	rs73053728	6896546	0	-4.395354e-04	-1.597243e-04	1
12	rs73053739	6903942	3	-4.117474e-04	-2.799537e-04	1
12	rs7305381	6612765	0	1.723015e-04	8.110553e-05	1
12	rs7305483	6565177	0	1.756695e-04	7.935047e-05	1
12	rs7305522	6160481	2	-6.353592e-05	-5.187292e-05	1
12	rs7305540	6390213	0	1.045433e-03	1.266689e-03	1
12	rs7305752	6051397	0	-3.623441e-04	-5.339225e-04	1
12	rs7306851	6296328	0	-3.850910e-04	-1.366422e-04	1
12	rs7307010	6525518	0	1.031022e-04	2.762534e-05	1
12	rs7307709	6689209	0	3.015173e-04	1.445795e-04	1
12	rs7307881	6600773	0	-2.063336e-04	-6.129977e-05	1
12	rs7308584	6706744	0	-8.103231e-05	-3.014802e-05	1
12	rs7308876	6294751	0	-5.478884e-04	-1.832869e-04	1
12	rs7309207	6689685	0	4.210960e-05	2.178784e-05	1
12	rs7309414	6618871	0	1.340562e-04	6.000945e-05	1
12	rs7310211	6607018	0	-1.570416e-04	-4.631106e-05	1
12	rs7310452	6607168	0	-3.669795e-04	-1.163946e-04	1
12	rs7310736	6052265	0	-5.225133e-04	-1.604907e-04	1
12	rs7311174	6635567	0	-2.007834e-05	-6.546367e-06	1
12	rs7311397	6689805	0	3.288580e-04	1.663358e-04	1
12	rs7311453	6409367	0	9.759396e-04	4.966763e-04	1
12	rs7311708	6537207	0	-1.584297e-04	-1.445185e-04	1
12	rs7312492	6549751	0	-2.731778e-04	-7.901741e-05	1
12	rs7312746	6170951	0	2.231324e-04	1.657374e-04	1
12	rs7313534	6413966	0	9.765973e-05	7.030247e-05	1
12	rs7314078	6049713	0	-2.518954e-04	-6.660025e-05	1
12	rs7314204	5994856	0	1.758711e-05	5.195780e-06	1
12	rs7314566	6052868	0	6.087867e-04	1.993225e-04	1
12	rs7314675	6018045	0	-2.515785e-05	-2.156375e-05	1
12	rs7314721	6605656	0	-3.283591e-04	-1.018956e-04	1
12	rs7315234	6584988	0	-1.280130e-04	-3.905170e-05	1
12	rs7315789	6389976	0	9.824122e-04	8.140595e-04	1
12	rs7315856	6733496	0	-2.919942e-06	-3.176357e-06	1
12	rs7315926	6842669	0	1.656419e-05	4.897196e-06	1
12	rs7316224	6638666	0	-6.501585e-04	-2.506968e-04	1
12	rs7316558	6632969	0	1.340562e-04	6.000944e-05	1
12	rs7316626	6691452	0	3.288580e-04	1.663358e-04	1
12	rs73254608	6294494	0	-3.530528e-04	-1.200128e-04	1
12	rs73256772	6378970	0	4.217694e-04	2.465296e-04	1
12	rs73257105	6615152	0	2.139116e-04	3.119083e-04	1
12	rs73257264	6019866	0	3.389800e-04	1.400032e-04	1
12	rs73257266	6020023	0	3.389800e-04	1.400032e-04	1
12	rs73259012	6046610	0	-6.476395e-05	-6.311574e-05	1
12	rs73259014	6046641	0	-6.476395e-05	-6.311575e-05	1
12	rs73259018	6046890	0	-6.476395e-05	-6.311575e-05	1
12	rs73259020	6046975	0	-6.476395e-05	-6.311575e-05	1
12	rs73259022	6047040	0	-6.476395e-05	-6.311576e-05	1
12	rs73259025	6047538	0	-6.476395e-05	-6.311576e-05	1
12	rs73259203	6398202	0	7.329619e-04	5.465669e-04	1
12	rs73261482	6467693	0	-2.345709e-04	-1.398044e-04	1
12	rs73263039	6142348	0	-6.716620e-04	-3.881043e-04	1
12	rs73264831	6695585	0	3.837616e-04	2.017410e-04	1
12	rs73264846	6717258	0	2.011064e-05	9.739025e-06	1
12	rs73266841	6196582	0	3.188942e-04	1.800118e-04	1
12	rs73266906	6784099	0	2.340878e-04	1.615494e-04	1
12	rs73266929	6805206	0	4.310321e-04	3.242198e-04	1
12	rs73267361	6545511	0	1.974054e-04	1.992815e-04	1
12	rs73267369	6547560	0	1.974054e-04	1.992815e-04	1
12	rs73267395	6555941	0	-6.690339e-05	-1.025825e-04	1
12	rs73270777	6294341	0	-2.306131e-04	-2.571904e-04	1
12	rs733593	6636392	0	7.585561e-05	1.027176e-04	1
12	rs7342306	6291093	0	-1.879801e-04	-5.721672e-05	1
12	rs7342382	6631623	0	-2.007834e-05	-6.546387e-06	1
12	rs7358654	6620602	0	1.841364e-04	6.284911e-05	1
12	rs7358768	6620495	0	8.594584e-05	2.722603e-05	1
12	rs7390	6571699	0	1.008298e-04	2.697804e-05	1
12	rs7397444	6051425	0	-5.225133e-04	-1.604906e-04	1
12	rs7397672	6051232	0	-5.225133e-04	-1.604906e-04	1
12	rs7397940	6771877	0	3.609944e-04	4.573132e-04	1
12	rs7398532	6051609	0	-5.225133e-04	-1.604906e-04	1
12	rs7398572	6051336	0	-5.225133e-04	-1.604905e-04	1
12	rs74056739	6047548	0	-6.476395e-05	-6.311580e-05	1
12	rs74056802	6152106	0	-2.147783e-04	-2.539503e-04	1
12	rs74056906	6504908	0	7.693234e-05	8.516300e-05	1
12	rs74056926	6542167	0	2.629563e-06	3.261091e-06	1
12	rs74056928	6542195	0	2.629563e-06	3.261093e-06	1
12	rs74058504	6152279	0	-2.147783e-04	-2.539503e-04	1
12	rs74058506	6152655	0	-2.147783e-04	-2.539503e-04	1
12	rs74058508	6152854	0	-2.147783e-04	-2.539503e-04	1
12	rs74058509	6152899	0	-2.147783e-04	-2.539503e-04	1
12	rs74058514	6154079	0	-2.147783e-04	-2.539503e-04	1
12	rs740842	6421495	0	-4.919293e-05	-1.221378e-05	1
12	rs740850	6638116	0	-6.501585e-04	-2.506968e-04	1
12	rs740851	6638350	0	5.637203e-04	1.803266e-04	1
12	rs743600	6906319	0	4.667471e-04	1.660420e-04	1
12	rs74390085	6663653	0	-2.677686e-04	-4.380743e-04	1
12	rs74467767	6067999	0	-3.040573e-04	-3.099086e-04	1
12	rs74479547	6388101	0	4.982052e-04	2.725442e-04	1
12	rs74576183	6614181	0	-6.912584e-05	-1.053180e-04	1
12	rs74592542	6294509	0	-3.530528e-04	-1.200128e-04	1
12	rs74622104	6809476	0	-3.558294e-04	-2.999989e-04	1
12	rs7486935	6010244	0	1.116314e-04	9.658576e-05	1
12	rs7486988	6009745	0	-2.001087e-04	-1.573995e-04	1
12	rs7487291	6871203	0	4.682024e-04	1.365529e-04	1
12	rs7488113	6880474	0	-8.663012e-05	-1.465551e-04	1
12	rs7488901	5995578	0	-2.878033e-05	-8.523976e-06	1
12	rs7489044	6009595	0	5.258345e-05	4.026221e-05	1
12	rs74927907	6150901	0	-2.147783e-04	-2.539503e-04	1
12	rs74933262	6368405	0	3.652415e-04	5.223094e-04	1
12	rs74935314	6681863	0	-2.677686e-04	-4.380743e-04	1
12	rs74952194	6052737	0	-3.623441e-04	-5.339227e-04	1
12	rs74956629	6578755	0	1.774442e-05	3.071482e-05	1
12	rs74980505	6093199	0	-7.356149e-05	-5.424246e-05	1
12	rs75013138	6850356	0	-3.167384e-04	-5.961901e-04	1
12	rs75016164	6555902	0	-6.690339e-05	-1.025825e-04	1
12	rs75210579	6852905	0	-2.194102e-04	-2.913978e-04	1
12	rs75249435	6348926	0	6.054071e-05	9.665858e-05	1
12	rs75341139	6410084	0	-2.721130e-04	-1.801483e-04	1
12	rs75343188	6047673	0	-6.476395e-05	-6.311582e-05	1
12	rs75350542	6404780	0	2.255320e-04	4.927856e-04	1
12	rs75448266	6798632	0	1.035065e-04	7.834885e-05	1
12	rs75505364	6068424	0	-2.545778e-04	-2.914829e-04	1
12	rs75543974	6296711	0	-3.397040e-04	-4.503087e-04	1
12	rs75834380	6211088	0	-2.481989e-04	-2.257163e-04	1
12	rs758739	6626369	0	-2.686805e-05	-8.767635e-06	1
12	rs75933780	6039882	0	-3.361989e-04	-4.907636e-04	1
12	rs75938527	6838054	0	3.040792e-04	2.226242e-04	1
12	rs76097931	6068244	0	-3.040573e-04	-3.099086e-04	1
12	rs76126701	6771415	0	-1.957958e-04	-2.938404e-04	1
12	rs76149046	6050273	0	-3.803013e-04	-1.028174e-03	1
12	rs76300794	6204438	0	-1.355216e-04	-1.202917e-04	1
12	rs76327967	6760367	0	1.633770e-04	1.630356e-04	1
12	rs76350379	6250284	0	-1.808802e-04	-1.601995e-04	1
12	rs763580	6193537	0	-1.895381e-04	-5.919098e-05	1
12	rs763581	6193713	0	-1.431312e-04	-1.102441e-04	1
12	rs76606961	6020634	0	1.357311e-04	2.502185e-04	1
12	rs76725690	6584679	0	9.286078e-05	2.639421e-05	1
12	rs76838327	6146586	0	-3.779998e-04	-4.233646e-04	1
12	rs76855280	6042510	0	-3.294092e-04	-4.590927e-04	1
12	rs76867478	6280805	0	-9.641541e-05	-1.500756e-04	1
12	rs76894370	6549836	0	2.857896e-04	2.676604e-04	1
12	rs77025001	6542594	0	1.183506e-04	1.792408e-04	1
12	rs77115930	6044203	0	-3.623441e-04	-5.339228e-04	1
12	rs77217438	6383226	0	4.414112e-04	2.770431e-04	1
12	rs77314776	6416901	0	2.174310e-05	2.554397e-05	1
12	rs77344012	6081589	0	-3.789471e-05	-6.582497e-05	1
12	rs77400802	6802773	0	-1.726811e-04	-2.050891e-04	1
12	rs77517678	6397436	0	4.815767e-04	1.208886e-03	1
12	rs77536808	6203456	0	-3.073029e-04	-3.258435e-04	1
12	rs77612495	6031512	0	2.250283e-04	4.158576e-04	1
12	rs77647458	6668956	0	1.560594e-04	2.547226e-04	1
12	rs77680222	6142359	0	-6.716620e-04	-3.881041e-04	1
12	rs77826268	6393613	0	6.247074e-04	3.683808e-04	1
12	rs77843719	6690653	0	1.405904e-05	1.276553e-05	1
12	rs77985929	6613169	0	2.139116e-04	3.119083e-04	1
12	rs78028117	6616323	0	1.774442e-05	3.071483e-05	1
12	rs78040476	6723164	0	-2.677686e-04	-4.380743e-04	1
12	rs78187632	6675870	0	1.348430e-04	1.839142e-04	1
12	rs78194930	6772487	0	-1.877407e-04	-2.191280e-04	1
12	rs78230818	6390397	0	3.489581e-04	5.023509e-04	1
12	rs78245005	6066539	0	-3.040573e-04	-3.099086e-04	1
12	rs78299246	6581534	0	1.774442e-05	3.071483e-05	1
12	rs78301473	6196585	0	4.300423e-04	2.718426e-04	1
12	rs78312001	6744996	0	-1.163274e-04	-1.412979e-04	1
12	rs78324597	6735485	0	3.554480e-04	5.791731e-04	1
12	rs78325233	6208682	0	-2.481989e-04	-2.257163e-04	1
12	rs78425964	6745554	0	1.675860e-04	1.922609e-04	1
12	rs78482393	6026990	0	7.546669e-04	5.929038e-04	1
12	rs78487989	6408626	0	-2.213468e-04	-1.432125e-04	1
12	rs78494381	6368172	0	6.054071e-05	9.665860e-05	1
12	rs78534388	6836979	0	-1.574268e-04	-2.271966e-04	1
12	rs78615940	6027033	0	7.546669e-04	5.929036e-04	1
12	rs78619211	6724600	0	-2.677686e-04	-4.380743e-04	1
12	rs78738496	6836105	0	-1.574268e-04	-2.271966e-04	1
12	rs78742502	6712759	0	-4.674822e-05	-2.294199e-05	1
12	rs78808695	6698012	0	-2.677686e-04	-4.380743e-04	1
12	rs78818158	6066132	0	-3.040573e-04	-3.099087e-04	1
12	rs78882213	6751102	0	-2.006333e-04	-2.803048e-04	1
12	rs78915411	6170645	0	-2.922165e-04	-2.267740e-04	1
12	rs79050548	6555456	0	-2.326999e-04	-3.813291e-04	1
12	rs79056447	6706212	0	-3.324739e-04	-5.566232e-04	1
12	rs79071309	6086172	0	-7.356149e-05	-5.424246e-05	1
12	rs79160386	6637752	0	-1.575285e-04	-2.273533e-04	1
12	rs79353437	6420678	0	1.644822e-04	8.549599e-05	1
12	rs79372063	5994447	0	-2.848252e-04	-5.302418e-04	1
12	rs7952791	6595953	0	3.812972e-05	1.618435e-05	1
12	rs7952802	6293579	0	-3.530528e-04	-1.200127e-04	1
12	rs7953373	6059565	0	-2.545778e-04	-2.914830e-04	1
12	rs7953404	6496122	0	2.762943e-04	3.399724e-04	1
12	rs7953855	6803856	0	-1.726811e-04	-2.050891e-04	1
12	rs7954276	6608778	0	-3.669795e-04	-1.163945e-04	1
12	rs7954585	6752145	0	-2.006333e-04	-2.803048e-04	1
12	rs7954855	6235023	0	-6.905471e-04	-2.502526e-04	1
12	rs79549467	6477813	0	-1.796105e-04	-1.678155e-04	1
12	rs7955205	6425927	0	1.859315e-04	4.970045e-05	1
12	rs7955645	6603917	0	-3.669795e-04	-1.163945e-04	1
12	rs7956269	6056124	0	-1.019681e-04	-9.032928e-05	1
12	rs7956804	6898460	0	-2.945274e-04	-1.319722e-04	1
12	rs7957162	6466741	0	-1.410108e-04	-7.458317e-05	1
12	rs7957672	6203674	0	-1.355216e-04	-1.202917e-04	1
12	rs7957779	6298784	0	-3.414778e-04	-1.120842e-04	1
12	rs7958431	6404079	0	-1.364176e-04	-7.548923e-05	1
12	rs7958488	6546166	0	2.181309e-04	3.505328e-04	1
12	rs7958705	6044881	0	-6.476395e-05	-6.311589e-05	1
12	rs7958883	6062983	0	1.381135e-04	3.862546e-05	1
12	rs7958920	6048571	0	-6.476395e-05	-6.311590e-05	1
12	rs7959037	6048664	0	-3.623441e-04	-5.339229e-04	1
12	rs7959658	6754191	0	5.540051e-04	2.048409e-04	1
12	rs7960314	6057135	0	-1.019681e-04	-9.032929e-05	1
12	rs7960642	6297589	0	-3.230542e-04	-1.090770e-04	1
12	rs7960757	6605105	0	-3.669795e-04	-1.163944e-04	1
12	rs7960813	6756734	0	2.862487e-04	3.003417e-04	1
12	rs7961278	6605541	0	-3.669795e-04	-1.163944e-04	1
12	rs7961280	6528069	0	1.031022e-04	2.762531e-05	1
12	rs7961290	6204382	0	-1.355216e-04	-1.202917e-04	1
12	rs7961844	6226976	0	-1.261658e-03	-9.431694e-04	1
12	rs7961998	6061341	0	-2.545778e-04	-2.914831e-04	1
12	rs7962217	6061559	0	-2.545778e-04	-2.914831e-04	1
12	rs7962792	6851912	0	-5.098392e-05	-2.721505e-05	1
12	rs7963228	6476892	0	6.218420e-04	2.262500e-04	1
12	rs7963244	6057076	0	-1.019681e-04	-9.032933e-05	1
12	rs7963440	6852345	0	-1.180883e-04	-6.329198e-05	1
12	rs7963759	6602492	0	-2.822089e-04	-8.630437e-05	1
12	rs7963944	6385925	0	-5.954845e-04	-2.937777e-04	1
12	rs7964013	6200602	0	-2.323878e-04	-1.631971e-04	1
12	rs7964163	6481170	0	3.789651e-04	3.353747e-04	1
12	rs7964213	6764499	0	1.633770e-04	1.630356e-04	1
12	rs7964250	6346387	0	-6.911486e-04	-2.427431e-04	1
12	rs7964366	6346478	0	-8.244567e-04	-3.304319e-04	1
12	rs7964424	6297780	0	-3.230542e-04	-1.090769e-04	1
12	rs7964510	6787622	0	2.803345e-04	2.390949e-04	1
12	rs7964858	6386002	0	-2.715573e-04	-1.785521e-04	1
12	rs7965754	6205085	0	-1.355216e-04	-1.202917e-04	1
12	rs7965760	6205104	0	-1.355216e-04	-1.202917e-04	1
12	rs7965859	6498776	0	2.762943e-04	3.399723e-04	1
12	rs7965865	6848404	0	-1.128579e-04	-5.196083e-05	1
12	rs7965883	6695787	0	-3.615917e-06	-1.393069e-06	1
12	rs7966029	6895561	0	-9.397852e-05	-2.836193e-05	1
12	rs7966328	6895790	0	3.264051e-05	9.598269e-06	1
12	rs7966700	6602513	0	-2.822089e-04	-8.630436e-05	1
12	rs7966779	6594642	0	1.340562e-04	6.000933e-05	1
12	rs7967329	6611955	0	-6.912584e-05	-1.053180e-04	1
12	rs79676955	6331208	0	5.804595e-04	1.153014e-03	1
12	rs79682518	6763641	0	-1.877407e-04	-2.191280e-04	1
12	rs7968888	6059719	0	-2.288719e-04	-8.790434e-05	1
12	rs7969177	6712980	0	4.005584e-05	1.975318e-05	1
12	rs7969548	6425805	0	3.351069e-04	9.042310e-05	1
12	rs7969672	6063165	0	-1.866725e-04	-6.870575e-05	1
12	rs7969956	6859191	0	1.207223e-04	5.153713e-05	1
12	rs7970260	6549061	0	-1.408181e-04	-3.854275e-05	1
12	rs7970575	6858971	0	1.207223e-04	5.153712e-05	1
12	rs79706212	6833463	0	-3.079186e-04	-4.294982e-04	1
12	rs7970651	6044387	0	-6.476395e-05	-6.311595e-05	1
12	rs7970924	6207678	0	-2.481989e-04	-2.257163e-04	1
12	rs7971237	6604076	0	1.909262e-04	6.527109e-05	1
12	rs7971637	6643329	0	3.111122e-04	1.305725e-04	1
12	rs79721088	6706130	0	-3.324739e-04	-5.566232e-04	1
12	rs7972292	6466371	0	-1.410108e-04	-7.458320e-05	1
12	rs7972503	6409034	0	9.290531e-04	4.453372e-04	1
12	rs7972647	6490743	0	1.475388e-05	3.654744e-06	1
12	rs7972942	6476591	0	5.006387e-04	1.699415e-04	1
12	rs7973122	6405818	0	-2.273508e-04	-1.387242e-04	1
12	rs7973835	6044522	0	-3.623441e-04	-5.339230e-04	1
12	rs7973914	6476723	0	6.218420e-04	2.262500e-04	1
12	rs7974020	6697842	0	-3.615917e-06	-1.393082e-06	1
12	rs7974314	6048619	0	-6.476395e-05	-6.311595e-05	1
12	rs7975184	6627889	0	-2.686805e-05	-8.767647e-06	1
12	rs7975360	6605155	0	1.220342e-04	5.471696e-05	1
12	rs7975944	6848634	0	5.763486e-05	2.938503e-05	1
12	rs7976222	6203972	0	-1.355216e-04	-1.202917e-04	1
12	rs7976498	6602433	0	-2.822089e-04	-8.630434e-05	1
12	rs7976591	6602468	0	-2.822089e-04	-8.630433e-05	1
12	rs7976678	6537544	0	-7.521692e-04	-3.169061e-04	1
12	rs7976939	6848710	0	2.265284e-04	1.092540e-04	1
12	rs7976955	6057977	0	-5.628821e-04	-3.160819e-04	1
12	rs7977329	6550091	0	-1.408181e-04	-3.854275e-05	1
12	rs7977602	6498734	0	3.265346e-04	9.651658e-05	1
12	rs7978081	6049342	0	-6.476395e-05	-6.311596e-05	1
12	rs7978326	6053107	0	-3.623441e-04	-5.339231e-04	1
12	rs7978461	6605205	0	-2.617959e-04	-7.820548e-05	1
12	rs7978597	6628148	0	2.388104e-04	1.023665e-04	1
12	rs7978603	6598073	0	1.340562e-04	6.000928e-05	1
12	rs7979025	6297599	0	-3.230542e-04	-1.090769e-04	1
12	rs7979509	6585707	0	4.461629e-04	1.932583e-04	1
12	rs7979695	6987871	5	7.025017e-04	2.690507e-04	1
12	rs7980045	6204615	0	-1.355216e-04	-1.202917e-04	1
12	rs7980637	6779223	0	1.689590e-04	1.041207e-04	1
12	rs7980753	6207711	0	-1.649278e-04	-1.525313e-04	1
12	rs7980758	6207733	0	-2.706527e-04	-2.458591e-04	1
12	rs7980991	6545417	0	1.686533e-04	5.472374e-05	1
12	rs79865993	6663375	0	-2.677686e-04	-4.380744e-04	1
12	rs79879554	6164138	0	-2.352816e-04	-1.825884e-04	1
12	rs80106965	6807536	0	2.608146e-04	3.192322e-04	1
12	rs80122922	6199754	0	-2.635360e-04	-1.925094e-04	1
12	rs80242330	6016251	0	-2.169358e-06	-3.285691e-06	1
12	rs80336293	6142205	0	-6.114070e-05	-6.940454e-05	1
12	rs8181686	6531951	0	-3.606416e-04	-1.051223e-04	1
12	rs870849	6887020	0	-5.977832e-04	-1.907275e-04	1
12	rs871365	6839453	0	-1.752341e-04	-5.190305e-05	1
12	rs871366	6839388	0	3.040792e-04	2.226242e-04	1
12	rs879605	6486656	0	1.009863e-03	1.224250e-03	1
12	rs887473	6292773	0	-3.530528e-04	-1.200125e-04	1
12	rs887474	6292712	0	-3.946661e-04	-1.361881e-04	1
12	rs887475	6292691	0	-2.263393e-04	-6.988910e-05	1
12	rs887476	6292575	0	-3.530528e-04	-1.200124e-04	1
12	rs887479	6416760	0	-1.314769e-03	-2.122020e-03	1
12	rs917633	6611964	0	1.909262e-04	6.527105e-05	1
12	rs917634	6631169	0	-3.073429e-04	-7.417201e-05	1
12	rs917858	6081938	0	1.325042e-03	2.044465e-03	1
12	rs917859	6082113	0	1.227048e-03	1.452864e-03	1
12	rs933406	6035308	0	-3.361989e-04	-4.907639e-04	1
12	rs933407	6045261	0	-1.854583e-04	-4.839030e-05	1
12	rs933408	6058736	0	-4.957777e-04	-2.594082e-04	1
12	rs9478	6840688	0	3.810402e-04	2.608673e-04	1
12	rs951818	6896055	0	-4.716833e-05	-1.369040e-05	1
12	rs9634157	6648198	0	4.095417e-04	1.443720e-04	1
12	rs9645765	6116457	0	-1.476021e-04	-1.119447e-04	1
12	rs9668139	6504098	0	8.201864e-04	4.828997e-04	1
12	rs9669272	6756877	0	1.785252e-04	1.379411e-04	1
12	rs9669611	6503786	0	6.715142e-04	3.258964e-04	1
12	rs9706048	6625333	0	3.421606e-05	1.060994e-05	1
12	rs9737890	6990453	0	9.368004e-04	4.314285e-04	1
12	rs9788053	6624435	0	-2.907239e-04	-8.873889e-05	1
12	rs9788151	6624139	0	-3.351488e-04	-1.040681e-04	1
12	rs9795852	6398374	0	7.329619e-04	5.465659e-04	1
12	rs980130	6169027	0	-7.699762e-04	-3.823453e-04	1
12	rs980131	6169198	0	-4.631179e-04	-1.498899e-04	1
12	rs980132	6169219	0	3.184342e-04	2.777147e-04	1
12	rs980133	6169443	0	-4.631179e-04	-1.498899e-04	1
12	rs980134	6169522	0	4.240103e-04	2.782896e-04	1
12	rs984337	6383525	0	-1.123463e-03	-8.498899e-04	1
12	rs9888313	6683011	0	2.328399e-05	8.906804e-06	1
12	rs9888358	6244744	0	-3.612422e-04	-1.099376e-04	1
12	rs9989051	6177679	0	-3.844899e-04	-2.528559e-04	1
12	rs998908	6291892	0	-3.530528e-04	-1.200124e-04	1
