chr	rs	ps	n_miss	b	beta	gamma
12	rs1001127	6601743	0	-4.513111e-05	-4.229375e-07	1
12	rs1017101	6574301	0	1.889402e-04	1.781541e-06	1
12	rs10219599	6113138	0	-7.521788e-04	-7.213348e-06	1
12	rs1034969	6573856	0	4.162597e-04	3.933551e-06	1
12	rs1043262	6639088	0	6.449533e-05	6.112494e-07	1
12	rs1043271	6640676	1	2.974646e-04	2.815105e-06	1
12	rs1043282	6640976	0	-2.807407e-04	-2.674266e-06	1
12	rs10437831	6620779	0	-3.364415e-04	-3.169663e-06	1
12	rs10444482	6800827	0	-8.185811e-04	-7.987998e-06	1
12	rs1045452	6572048	0	4.438705e-04	4.157662e-06	1
12	rs1045546	6567907	0	-7.057612e-05	-6.765555e-07	1
12	rs1045548	6570966	0	3.639341e-04	3.404723e-06	1
12	rs1045553	6747295	0	-4.457700e-04	-4.218721e-06	1
12	rs10466905	6502832	0	-5.203213e-05	-4.935731e-07	1
12	rs1047776	6948692	0	-1.952552e-05	-1.730996e-07	1
12	rs1047792	6649099	0	-4.384916e-04	-4.163242e-06	1
12	rs1048402	6601175	0	-5.928563e-04	-5.577126e-06	1
12	rs10492096	6580582	0	-9.626869e-05	-9.203338e-07	1
12	rs10492097	6394678	0	1.468256e-03	1.407466e-05	1
12	rs1050629	6857289	0	-5.702658e-05	-5.515259e-07	1
12	rs1053523	6094784	0	-8.014337e-04	-7.719114e-06	1
12	rs1056968	6528629	0	-7.889262e-04	-7.411175e-06	1
12	rs1057510	6683287	0	1.214209e-04	1.152084e-06	1
12	rs1060619	6644781	0	1.945214e-04	1.831971e-06	1
12	rs1060620	6644722	0	-7.510168e-05	-7.081101e-07	1
12	rs1060621	6644696	0	-3.618410e-04	-3.433465e-06	1
12	rs1063857	6153514	0	2.145866e-03	2.084306e-05	1
12	rs1065691	6646320	0	-1.170677e-04	-1.103372e-06	1
12	rs10735058	6617372	0	3.021077e-05	2.883326e-07	1
12	rs10735059	6625130	0	-2.672574e-04	-2.510973e-06	1
12	rs10744696	6168834	0	3.041258e-04	2.856946e-06	1
12	rs10744700	6297863	0	-1.887253e-04	-1.775684e-06	1
12	rs10744702	6349127	0	-1.009731e-03	-9.508508e-06	1
12	rs10744705	6498695	0	-8.900936e-05	-8.607810e-07	1
12	rs10744706	6503218	0	1.607464e-04	1.518729e-06	1
12	rs10744709	6617351	0	3.021077e-05	2.883330e-07	1
12	rs10744710	6617559	0	1.487002e-05	1.432014e-07	1
12	rs1075835	6905417	0	6.459943e-06	6.728940e-08	1
12	rs1075836	6905550	0	4.013438e-05	3.799528e-07	1
12	rs1075837	6905608	0	-1.769450e-04	-1.668265e-06	1
12	rs1075838	6905715	0	-1.769450e-04	-1.668264e-06	1
12	rs1076415	6289938	0	3.386280e-05	3.237349e-07	1
12	rs10774387	6063429	0	-9.568300e-04	-9.118529e-06	1
12	rs10774388	6065324	0	-1.063462e-03	-1.018098e-05	1
12	rs10774394	6238593	0	-2.145802e-04	-2.010404e-06	1
12	rs10774407	6286080	0	9.467651e-06	9.227645e-08	1
12	rs10774409	6288322	0	2.918345e-04	2.744729e-06	1
12	rs10774411	6299423	0	-2.797032e-04	-2.627615e-06	1
12	rs10774412	6299448	0	2.408906e-04	2.269812e-06	1
12	rs10774413	6299813	0	8.796341e-05	8.291957e-07	1
12	rs10774415	6300246	0	-3.637006e-05	-3.389109e-07	1
12	rs10774424	6380357	0	5.362765e-04	5.035321e-06	1
12	rs10774431	6535649	0	1.625368e-03	1.551885e-05	1
12	rs10774432	6565750	0	5.246693e-04	4.919987e-06	1
12	rs10774435	6616120	0	2.219153e-04	2.098643e-06	1
12	rs10774436	6629266	0	2.806577e-04	2.651100e-06	1
12	rs10774437	6655450	0	6.770458e-04	6.380282e-06	1
12	rs10774438	6699865	0	8.971254e-05	8.523688e-07	1
12	rs10774440	6757401	0	-4.263023e-04	-4.121698e-06	1
12	rs10774442	6829472	0	2.809811e-04	2.627956e-06	1
12	rs10774443	6848212	0	-8.391058e-04	-8.061403e-06	1
12	rs10774445	6850528	0	-1.014538e-03	-9.748608e-06	1
12	rs10774448	6907289	0	2.504254e-04	2.397612e-06	1
12	rs10849361	6065751	0	-1.063462e-03	-1.018098e-05	1
12	rs10849363	6066357	0	-9.078183e-04	-8.542940e-06	1
12	rs10849365	6080534	0	-1.091082e-03	-1.037585e-05	1
12	rs10849367	6087011	0	5.287835e-04	5.093811e-06	1
12	rs10849368	6087099	6	6.386632e-04	6.178082e-06	1
12	rs10849369	6088665	0	5.603188e-04	5.403066e-06	1
12	rs10849370	6088877	0	5.603188e-04	5.403066e-06	1
12	rs10849375	6100611	0	5.603188e-04	5.403066e-06	1
12	rs10849376	6102907	0	5.603188e-04	5.403066e-06	1
12	rs10849377	6104554	0	5.603188e-04	5.403066e-06	1
12	rs10849380	6185309	0	2.620466e-04	2.523443e-06	1
12	rs10849392	6243869	0	7.895887e-04	7.448412e-06	1
12	rs10849410	6280732	0	-1.075498e-03	-1.016727e-05	1
12	rs10849411	6285818	0	-1.169772e-04	-1.094541e-06	1
12	rs10849413	6285867	0	9.467651e-06	9.227841e-08	1
12	rs10849414	6286370	0	9.467651e-06	9.227861e-08	1
12	rs10849426	6362158	0	3.181654e-04	3.067753e-06	1
12	rs10849431	6375865	0	2.860272e-04	2.749413e-06	1
12	rs10849432	6385727	0	6.255836e-04	5.994357e-06	1
12	rs10849433	6406904	0	1.256948e-03	1.191184e-05	1
12	rs10849434	6407044	0	1.193532e-03	1.131233e-05	1
12	rs10849436	6409619	0	6.529692e-04	6.175141e-06	1
12	rs10849438	6412036	0	5.041838e-04	4.826582e-06	1
12	rs10849439	6415331	0	-1.542206e-03	-1.489724e-05	1
12	rs10849441	6435571	0	5.393517e-04	5.063594e-06	1
12	rs10849449	6498662	0	1.557995e-03	1.486613e-05	1
12	rs10849451	6524679	0	1.102339e-03	1.040690e-05	1
12	rs10849452	6525121	0	1.102339e-03	1.040690e-05	1
12	rs10849453	6528252	0	-1.638498e-03	-1.565806e-05	1
12	rs10849454	6534654	0	8.163725e-04	7.728950e-06	1
12	rs10849462	6575992	0	-7.057612e-05	-6.765568e-07	1
12	rs10849465	6580365	0	4.700090e-06	3.856347e-08	1
12	rs10849466	6582278	0	2.462609e-04	2.303987e-06	1
12	rs10849468	6596695	0	-7.174174e-05	-6.741024e-07	1
12	rs10849469	6605811	0	-2.807407e-04	-2.674267e-06	1
12	rs10849470	6606493	0	-2.807407e-04	-2.674267e-06	1
12	rs10849471	6610118	0	-2.807407e-04	-2.674267e-06	1
12	rs10849472	6610300	0	-2.807407e-04	-2.674267e-06	1
12	rs10849474	6610726	0	-2.807407e-04	-2.674267e-06	1
12	rs10849475	6615202	0	-2.807407e-04	-2.674267e-06	1
12	rs10849477	6616087	0	-2.807407e-04	-2.674267e-06	1
12	rs10849478	6621251	0	-5.570081e-05	-5.195555e-07	1
12	rs10849479	6624806	0	-2.756551e-04	-2.626167e-06	1
12	rs10849480	6629113	0	-3.372708e-04	-3.133193e-06	1
12	rs10849481	6633621	0	4.383028e-04	4.157102e-06	1
12	rs10849482	6635274	0	1.178213e-04	1.114205e-06	1
12	rs10849483	6635374	0	1.178213e-04	1.114205e-06	1
12	rs10849484	6637941	0	1.178213e-04	1.114205e-06	1
12	rs10849485	6640267	0	4.158261e-04	3.902359e-06	1
12	rs10849487	6653762	0	1.851887e-04	1.745631e-06	1
12	rs10849488	6654050	0	6.003952e-04	5.653011e-06	1
12	rs10849492	6720795	0	2.209803e-04	2.093517e-06	1
12	rs10849493	6754518	0	6.258694e-04	6.060982e-06	1
12	rs10849503	6850713	0	-1.014538e-03	-9.748607e-06	1
12	rs10849504	6850911	0	-7.831126e-04	-7.525508e-06	1
12	rs10849505	6850916	0	-1.014538e-03	-9.748606e-06	1
12	rs10849506	6851193	0	-9.704240e-04	-9.328410e-06	1
12	rs10849507	6851562	0	-9.704240e-04	-9.328410e-06	1
12	rs10849508	6851638	0	-7.389988e-04	-7.105708e-06	1
12	rs10849509	6851649	0	-9.704240e-04	-9.328409e-06	1
12	rs10849510	6851758	0	-7.389988e-04	-7.105707e-06	1
12	rs10849511	6851813	0	-7.389988e-04	-7.105707e-06	1
12	rs10849517	6907026	0	2.844341e-04	2.726754e-06	1
12	rs10849523	6923286	0	1.448569e-03	1.417797e-05	1
12	rs11063926	6043944	0	-1.331896e-03	-1.276514e-05	1
12	rs11063927	6044019	0	8.567619e-04	8.315527e-06	1
12	rs11063928	6044932	0	8.567619e-04	8.315527e-06	1
12	rs11063929	6045104	0	8.567619e-04	8.315527e-06	1
12	rs11063930	6045211	0	8.567619e-04	8.315527e-06	1
12	rs11063932	6045482	0	8.567619e-04	8.315527e-06	1
12	rs11063933	6045905	0	8.567619e-04	8.315527e-06	1
12	rs11063934	6045922	0	8.567619e-04	8.315527e-06	1
12	rs11063935	6046166	0	8.567619e-04	8.315527e-06	1
12	rs11063936	6046202	0	8.567619e-04	8.315527e-06	1
12	rs11063937	6046409	0	8.567619e-04	8.315526e-06	1
12	rs11063938	6047921	0	8.567619e-04	8.315526e-06	1
12	rs11063939	6048005	0	8.567619e-04	8.315526e-06	1
12	rs11063943	6048659	0	-9.364738e-04	-9.021524e-06	1
12	rs11063944	6049343	0	-9.779121e-04	-9.392537e-06	1
12	rs11063945	6049381	0	-9.779121e-04	-9.392537e-06	1
12	rs11063946	6051044	0	-5.542759e-04	-5.195279e-06	1
12	rs11063947	6051318	0	-1.291859e-03	-1.237278e-05	1
12	rs11063951	6056668	0	-6.106755e-04	-5.793728e-06	1
12	rs11063953	6065070	0	-3.037391e-04	-2.873123e-06	1
12	rs11063954	6067209	0	5.676633e-04	5.475521e-06	1
12	rs11063956	6067634	0	-3.037391e-04	-2.873123e-06	1
12	rs11063962	6076781	0	-1.099988e-03	-1.067356e-05	1
12	rs11063963	6077216	0	-8.173872e-04	-7.946748e-06	1
12	rs11063969	6093282	0	5.603188e-04	5.403066e-06	1
12	rs11063970	6093287	0	5.603188e-04	5.403066e-06	1
12	rs11063971	6093300	0	5.603188e-04	5.403066e-06	1
12	rs11063972	6093486	0	5.603188e-04	5.403066e-06	1
12	rs11063973	6093711	0	5.603188e-04	5.403066e-06	1
12	rs11063974	6094937	0	5.603188e-04	5.403066e-06	1
12	rs11063975	6097337	0	5.700135e-04	5.498656e-06	1
12	rs11063976	6097895	0	4.329341e-04	4.168414e-06	1
12	rs11063977	6097946	0	5.603188e-04	5.403066e-06	1
12	rs11063981	6111927	0	5.784301e-04	5.575656e-06	1
12	rs11063982	6113139	0	2.778468e-04	2.674536e-06	1
12	rs11063993	6135366	0	-5.976409e-04	-5.760989e-06	1
12	rs11064001	6142807	0	-5.976409e-04	-5.760989e-06	1
12	rs11064005	6150066	0	1.273660e-04	1.232832e-06	1
12	rs11064009	6160041	0	1.736135e-04	1.679146e-06	1
12	rs11064018	6195675	0	-2.168551e-04	-2.068759e-06	1
12	rs11064019	6196300	0	-2.168551e-04	-2.068759e-06	1
12	rs11064020	6196314	0	-2.168551e-04	-2.068759e-06	1
12	rs11064021	6196413	0	-2.168551e-04	-2.068759e-06	1
12	rs11064022	6196444	0	-2.265499e-04	-2.161234e-06	1
12	rs11064024	6202049	0	4.350331e-04	4.073599e-06	1
12	rs11064046	6248585	0	-2.104250e-04	-1.972425e-06	1
12	rs11064076	6286671	0	-1.169772e-04	-1.094539e-06	1
12	rs11064078	6294210	0	-4.971410e-04	-4.689358e-06	1
12	rs11064079	6295614	0	-1.887253e-04	-1.775680e-06	1
12	rs11064080	6295644	0	-2.235732e-04	-2.105019e-06	1
12	rs11064081	6295701	0	-2.235732e-04	-2.105019e-06	1
12	rs11064082	6295905	0	-2.235732e-04	-2.105019e-06	1
12	rs11064098	6343123	0	1.573465e-04	1.515615e-06	1
12	rs11064110	6361004	0	1.126453e-04	1.087961e-06	1
12	rs11064111	6362362	0	4.694365e-04	4.517372e-06	1
12	rs11064113	6364639	0	4.694365e-04	4.517371e-06	1
12	rs11064115	6367229	0	7.322465e-05	7.056198e-07	1
12	rs11064116	6367415	0	7.322465e-05	7.056198e-07	1
12	rs11064117	6367552	0	4.661401e-05	4.499627e-07	1
12	rs11064123	6380978	0	5.362765e-04	5.035320e-06	1
12	rs11064124	6381507	0	-1.722941e-04	-1.643659e-06	1
12	rs11064130	6401379	0	1.739807e-03	1.677157e-05	1
12	rs11064131	6404952	0	8.076892e-04	7.757400e-06	1
12	rs11064153	6488450	0	-6.730155e-04	-6.391210e-06	1
12	rs11064156	6490381	0	8.018842e-04	7.504838e-06	1
12	rs11064159	6502361	0	2.706971e-04	2.558418e-06	1
12	rs11064160	6502708	0	-1.108347e-03	-1.064120e-05	1
12	rs11064180	6523249	0	-1.502635e-03	-1.428974e-05	1
12	rs11064181	6523724	0	1.102339e-03	1.040690e-05	1
12	rs11064182	6527237	0	-1.502635e-03	-1.428973e-05	1
12	rs11064185	6531223	0	-1.704944e-03	-1.629031e-05	1
12	rs11064186	6532015	0	-1.655190e-03	-1.579239e-05	1
12	rs11064192	6549564	0	-1.091133e-03	-1.033435e-05	1
12	rs11064210	6576721	0	-1.435728e-04	-1.371697e-06	1
12	rs11064213	6580376	0	2.237139e-04	2.117479e-06	1
12	rs11064214	6580854	0	-1.642762e-04	-1.567916e-06	1
12	rs11064218	6586261	0	-5.647252e-05	-5.414914e-07	1
12	rs11064220	6592574	2	7.110705e-04	6.769171e-06	1
12	rs11064221	6595559	0	-4.981108e-04	-4.680946e-06	1
12	rs11064222	6595844	1	-9.812175e-04	-9.267518e-06	1
12	rs11064223	6596326	0	-4.513111e-05	-4.229378e-07	1
12	rs11064224	6596430	0	-4.513111e-05	-4.229376e-07	1
12	rs11064226	6597787	0	-5.928563e-04	-5.577122e-06	1
12	rs11064227	6598043	0	2.539325e-04	2.407111e-06	1
12	rs11064231	6604415	0	1.178213e-04	1.114203e-06	1
12	rs11064233	6607898	0	-4.804364e-04	-4.514176e-06	1
12	rs11064234	6608051	0	-2.807407e-04	-2.674268e-06	1
12	rs11064237	6614156	0	-3.576913e-04	-3.356166e-06	1
12	rs11064239	6615612	0	1.944719e-04	1.840894e-06	1
12	rs11064241	6623097	0	3.481699e-05	3.244094e-07	1
12	rs11064242	6625311	0	-1.070376e-04	-9.981870e-07	1
12	rs11064245	6631725	0	-3.234067e-04	-3.034623e-06	1
12	rs11064246	6653118	0	1.851887e-04	1.745628e-06	1
12	rs11064247	6653584	0	4.771589e-05	4.616016e-07	1
12	rs11064248	6654336	0	7.022598e-05	6.589979e-07	1
12	rs11064249	6654604	0	6.770458e-04	6.380277e-06	1
12	rs11064250	6655149	0	1.851887e-04	1.745627e-06	1
12	rs11064252	6662744	0	-3.765813e-05	-3.664294e-07	1
12	rs11064254	6668724	0	5.290226e-04	5.053907e-06	1
12	rs11064255	6669257	0	5.580544e-04	5.331507e-06	1
12	rs11064262	6689398	0	1.637200e-04	1.583022e-06	1
12	rs11064265	6694304	0	-3.765813e-05	-3.664295e-07	1
12	rs11064266	6694655	0	1.550901e-04	1.480722e-06	1
12	rs11064268	6695278	0	8.971254e-05	8.523696e-07	1
12	rs11064270	6695988	0	-3.765813e-05	-3.664295e-07	1
12	rs11064272	6700146	0	1.323386e-04	1.261894e-06	1
12	rs11064276	6706982	0	-2.341150e-05	-2.288431e-07	1
12	rs11064281	6721425	0	2.443918e-04	2.326818e-06	1
12	rs11064282	6721547	0	6.317809e-04	6.111654e-06	1
12	rs11064295	6743450	0	-5.250070e-04	-4.992165e-06	1
12	rs11064296	6744829	0	7.306641e-04	6.981231e-06	1
12	rs11064300	6758403	0	-2.343917e-04	-2.261694e-06	1
12	rs11064303	6762870	0	-5.914119e-04	-5.755058e-06	1
12	rs11064306	6764030	0	9.620505e-04	9.119239e-06	1
12	rs11064316	6801001	0	-8.185811e-04	-7.987997e-06	1
12	rs11064323	6812100	0	-8.185811e-04	-7.987997e-06	1
12	rs11064333	6834213	0	-9.600070e-04	-9.245759e-06	1
12	rs11064334	6835536	0	-9.501161e-04	-9.150887e-06	1
12	rs11064335	6841813	0	-1.130087e-03	-1.092356e-05	1
12	rs11064336	6844246	0	-9.379581e-04	-9.043687e-06	1
12	rs11064337	6845793	0	-1.014538e-03	-9.748602e-06	1
12	rs11064338	6846045	0	-9.379581e-04	-9.043686e-06	1
12	rs11064339	6847418	0	-1.014538e-03	-9.748601e-06	1
12	rs11064340	6847681	0	-1.014538e-03	-9.748601e-06	1
12	rs11064342	6847809	0	-1.070531e-03	-1.028584e-05	1
12	rs11064343	6847895	0	-1.346442e-03	-1.298956e-05	1
12	rs11064344	6847985	0	-8.391058e-04	-8.061395e-06	1
12	rs11064345	6848002	0	-8.391058e-04	-8.061394e-06	1
12	rs11064349	6849190	0	-8.253644e-04	-7.911913e-06	1
12	rs11064350	6849355	0	-1.014538e-03	-9.748598e-06	1
12	rs11064351	6849365	0	-7.831126e-04	-7.525500e-06	1
12	rs11064352	6849491	0	-9.942228e-04	-9.552182e-06	1
12	rs11064355	6851736	0	-8.938444e-04	-8.622761e-06	1
12	rs11064356	6852447	0	-7.378889e-04	-7.099090e-06	1
12	rs11064357	6852574	0	-7.417336e-04	-7.137006e-06	1
12	rs11064358	6853766	0	-8.148696e-04	-7.790088e-06	1
12	rs11064360	6855240	0	-9.203984e-04	-8.810208e-06	1
12	rs11064369	6866827	0	-5.564570e-04	-5.229254e-06	1
12	rs11064370	6868482	0	-9.512725e-05	-8.778781e-07	1
12	rs11064371	6868500	0	8.869954e-06	9.434232e-08	1
12	rs11064372	6868590	0	-9.512725e-05	-8.778765e-07	1
12	rs11064386	6896318	0	-3.945585e-05	-3.728372e-07	1
12	rs11064391	6897527	2	-3.504854e-04	-3.323654e-06	1
12	rs11064392	6898392	0	-3.945585e-05	-3.728370e-07	1
12	rs11064393	6899582	0	5.460247e-05	5.259795e-07	1
12	rs11064394	6906834	0	4.010835e-04	3.844531e-06	1
12	rs11064432	6968741	0	-2.370317e-04	-2.263334e-06	1
12	rs111311858	6815049	0	1.710673e-05	1.647403e-07	1
12	rs111443469	6213840	0	-4.856719e-04	-4.705563e-06	1
12	rs111547369	6742859	0	-3.239925e-04	-3.141991e-06	1
12	rs111571849	6758837	0	-1.845824e-04	-1.777100e-06	1
12	rs111628420	6049749	0	4.769298e-04	4.615275e-06	1
12	rs112161653	6414767	0	-3.063296e-04	-2.966343e-06	1
12	rs112255740	6852542	0	-2.314253e-04	-2.244322e-06	1
12	rs11227	6840371	0	1.530098e-03	1.459860e-05	1
12	rs112284808	6268754	0	-3.239757e-04	-3.129520e-06	1
12	rs112463032	6253038	0	8.358178e-05	8.082048e-07	1
12	rs112481081	6268733	0	-3.239757e-04	-3.129520e-06	1
12	rs112484799	6268767	0	-3.239757e-04	-3.129520e-06	1
12	rs112489230	6282693	0	4.380201e-04	4.258969e-06	1
12	rs112523274	6812302	0	1.710673e-05	1.647402e-07	1
12	rs112542578	6850819	0	-2.314253e-04	-2.244322e-06	1
12	rs112651654	6491280	0	1.551493e-04	1.505247e-06	1
12	rs112667902	6814296	0	1.710673e-05	1.647403e-07	1
12	rs112748569	6473620	0	4.068414e-04	3.947258e-06	1
12	rs112803957	6040061	0	2.325642e-04	2.246081e-06	1
12	rs112814955	6225931	0	-3.304201e-04	-3.189937e-06	1
12	rs112826761	6640910	0	1.015492e-04	9.819982e-07	1
12	rs112936609	6791077	0	-2.748307e-04	-2.661256e-06	1
12	rs113081282	6230544	0	5.130789e-04	4.982759e-06	1
12	rs113089859	6371668	0	3.642904e-04	3.536731e-06	1
12	rs113104597	6703172	0	-5.228538e-04	-4.997552e-06	1
12	rs113244573	6684385	0	-5.724827e-05	-5.571559e-07	1
12	rs113281544	6688517	0	1.131240e-04	1.081124e-06	1
12	rs113324349	6850725	0	-1.014538e-03	-9.748594e-06	1
12	rs113331457	6810131	0	1.710673e-05	1.647403e-07	1
12	rs113404207	6221848	0	7.070491e-04	6.845788e-06	1
12	rs113451139	6397308	0	1.784198e-03	1.732918e-05	1
12	rs113454053	6400591	9	2.044684e-03	2.003925e-05	1
12	rs113559360	6422052	0	3.897092e-04	3.788587e-06	1
12	rs113737586	6755121	0	-3.511542e-04	-3.403348e-06	1
12	rs113756914	6797472	0	2.434842e-04	2.366519e-06	1
12	rs113839140	6268746	0	-3.239757e-04	-3.129520e-06	1
12	rs114168938	6070083	0	4.593826e-04	4.430221e-06	1
12	rs114249506	6206316	0	-6.357012e-04	-6.153623e-06	1
12	rs114446920	6064363	0	4.593826e-04	4.430221e-06	1
12	rs114724388	6850459	0	-2.314253e-04	-2.244322e-06	1
12	rs114976192	6203533	0	-5.588872e-04	-5.403382e-06	1
12	rs11503137	6759116	0	-3.722598e-04	-3.595382e-06	1
12	rs11534812	6116982	0	6.000646e-04	5.834751e-06	1
12	rs115373837	6206543	0	-6.357012e-04	-6.153623e-06	1
12	rs11539542	6709059	0	-6.801542e-04	-6.520936e-06	1
12	rs11539543	6707526	0	-5.909985e-04	-5.661993e-06	1
12	rs11542844	6464581	0	3.912945e-04	3.751012e-06	1
12	rs11545053	6602645	0	-4.938025e-04	-4.640218e-06	1
12	rs11545054	6602732	0	-6.165476e-04	-5.801799e-06	1
12	rs11545055	6602696	0	-6.165476e-04	-5.801799e-06	1
12	rs115462318	6822544	0	-1.441818e-04	-1.384612e-06	1
12	rs115483248	6203480	0	-5.588872e-04	-5.403382e-06	1
12	rs115517017	6538823	0	6.899509e-04	6.661488e-06	1
12	rs11559082	6602367	0	2.539325e-04	2.407112e-06	1
12	rs11568225	6328113	0	6.763385e-04	6.532378e-06	1
12	rs11568240	6332926	0	-1.924704e-04	-1.867851e-06	1
12	rs11568283	6327437	0	4.343692e-04	4.220923e-06	1
12	rs11568284	6331487	0	-3.112590e-04	-3.010265e-06	1
12	rs11568285	6331489	0	-3.112590e-04	-3.010265e-06	1
12	rs11568287	6337041	0	2.321804e-05	2.248229e-07	1
12	rs11569357	6553336	0	4.853477e-04	4.693926e-06	1
12	rs11569358	6553504	0	4.853477e-04	4.693926e-06	1
12	rs11569359	6553604	0	-1.991301e-03	-1.931116e-05	1
12	rs11569361	6553806	1	-1.244233e-03	-1.190519e-05	1
12	rs11569377	6557541	0	4.172033e-04	4.030894e-06	1
12	rs11608428	6826848	0	-1.162389e-04	-1.115405e-06	1
12	rs11608666	6178126	0	-4.011588e-04	-3.894646e-06	1
12	rs11608767	6596807	0	-5.928563e-04	-5.577119e-06	1
12	rs11608814	6597129	0	-4.300736e-04	-4.038355e-06	1
12	rs11609728	6139692	0	9.727908e-04	9.293843e-06	1
12	rs11609816	6824541	0	-1.914794e-04	-1.835835e-06	1
12	rs11609820	6824614	0	2.041510e-04	1.961079e-06	1
12	rs11610189	6612114	0	-3.576913e-04	-3.356163e-06	1
12	rs11610322	6390413	0	1.364573e-03	1.311558e-05	1
12	rs11610549	6621641	0	-5.077703e-05	-4.699156e-07	1
12	rs11610712	6612883	0	-5.792209e-04	-5.452237e-06	1
12	rs11610774	6596336	0	-5.928563e-04	-5.577117e-06	1
12	rs11610787	6819084	0	3.360810e-05	3.231833e-07	1
12	rs11610821	6596772	0	-5.928563e-04	-5.577116e-06	1
12	rs11611855	6502260	0	1.418167e-03	1.346756e-05	1
12	rs11612258	6360683	0	-1.211543e-03	-1.145007e-05	1
12	rs11612361	6824706	0	-1.184827e-04	-1.135244e-06	1
12	rs11612401	6136968	0	1.091407e-03	1.043745e-05	1
12	rs11613774	6039623	0	1.819134e-03	1.772049e-05	1
12	rs11613839	6142153	0	1.436088e-03	1.382225e-05	1
12	rs11614343	6603413	0	-6.165476e-04	-5.801795e-06	1
12	rs11614534	6595025	0	-5.558287e-04	-5.226330e-06	1
12	rs11614545	6144325	0	1.490647e-03	1.435271e-05	1
12	rs11614609	6595443	0	-4.701112e-04	-4.416333e-06	1
12	rs11614716	6904146	0	-1.999296e-03	-1.940514e-05	1
12	rs11614912	6148555	0	1.087626e-03	1.040955e-05	1
12	rs11615001	6144520	0	1.087626e-03	1.040955e-05	1
12	rs11615182	6141996	0	1.490647e-03	1.435270e-05	1
12	rs11615534	6409706	0	6.470691e-04	6.201129e-06	1
12	rs11615628	6903631	0	-1.831041e-03	-1.769004e-05	1
12	rs11615946	6811611	0	1.710673e-05	1.647411e-07	1
12	rs11616188	6502742	0	1.269172e-03	1.201069e-05	1
12	rs116338948	6372577	0	3.270537e-04	3.177910e-06	1
12	rs116858650	6841765	0	-5.210281e-04	-5.053583e-06	1
12	rs116874789	6034400	0	-6.151132e-04	-5.976241e-06	1
12	rs116891650	6154304	0	-1.914056e-04	-1.853364e-06	1
12	rs116908884	6052658	0	-2.040773e-04	-1.983676e-06	1
12	rs116975956	6739441	0	-5.914119e-04	-5.755057e-06	1
12	rs116979198	6611613	0	-5.647654e-04	-5.461310e-06	1
12	rs117054975	6376428	0	1.175620e-03	1.147220e-05	1
12	rs117158372	6068895	0	1.066317e-04	1.024888e-06	1
12	rs117201340	6826336	0	-5.000314e-04	-4.851210e-06	1
12	rs117238872	6405746	0	-1.416441e-04	-1.371778e-06	1
12	rs117240847	6612576	0	-2.426823e-06	-2.515820e-08	1
12	rs117266687	6221398	0	7.070491e-04	6.845789e-06	1
12	rs117267920	6079908	0	3.192691e-04	3.102604e-06	1
12	rs117271422	6819272	0	1.946858e-04	1.881113e-06	1
12	rs117409748	6749947	0	-9.748420e-05	-9.421536e-07	1
12	rs117471807	6785945	0	-2.915746e-04	-2.830295e-06	1
12	rs117508554	6355163	0	-3.453979e-04	-3.361517e-06	1
12	rs117531641	6286087	0	-2.823668e-04	-2.732530e-06	1
12	rs117533088	6818252	0	5.912381e-05	5.663141e-07	1
12	rs117542912	6221399	0	7.070491e-04	6.845789e-06	1
12	rs117551058	6662661	0	-7.477456e-04	-7.294043e-06	1
12	rs117590443	6841764	0	-5.210281e-04	-5.053583e-06	1
12	rs117609117	6300972	0	-1.846060e-04	-1.786071e-06	1
12	rs117640469	6732130	0	-7.654531e-05	-7.403365e-07	1
12	rs117660359	6476559	0	2.386759e-05	2.329449e-07	1
12	rs117671134	6519382	0	-6.458209e-04	-6.279776e-06	1
12	rs117731790	6132671	0	1.244288e-04	1.208438e-06	1
12	rs117761448	6323140	0	-2.048965e-04	-1.992971e-06	1
12	rs117765687	6541070	0	3.088171e-04	2.986831e-06	1
12	rs117766816	6054200	0	-2.389719e-04	-2.315964e-06	1
12	rs117820614	6624738	0	-5.599745e-04	-5.447507e-06	1
12	rs117856975	6168076	0	-9.401209e-04	-9.173202e-06	1
12	rs117864785	6405745	0	-1.416441e-04	-1.371778e-06	1
12	rs117937728	6062002	0	1.066317e-04	1.024888e-06	1
12	rs117962564	6765989	0	-5.295040e-04	-5.140749e-06	1
12	rs117966544	6862292	0	8.046617e-04	7.835979e-06	1
12	rs117969050	6397988	0	-2.977695e-04	-2.887379e-06	1
12	rs118078062	6802779	0	-2.124418e-05	-2.053681e-07	1
12	rs118080174	6840057	0	-3.128906e-04	-3.028636e-06	1
12	rs118104888	6675080	0	-5.599745e-04	-5.447507e-06	1
12	rs118113362	6185079	0	-2.450118e-04	-2.381933e-06	1
12	rs118133042	6772076	0	-1.498323e-04	-1.449981e-06	1
12	rs118138505	6390642	0	-1.959628e-04	-1.900970e-06	1
12	rs118139043	6374769	0	-4.879217e-04	-4.732185e-06	1
12	rs11829480	6205320	0	-3.051263e-04	-2.948475e-06	1
12	rs11829713	6202859	0	-8.894124e-04	-8.584901e-06	1
12	rs11830385	6091388	0	-1.003807e-03	-9.696657e-06	1
12	rs11830706	6412860	0	2.043187e-04	1.961723e-06	1
12	rs11831214	6490158	0	-4.649280e-04	-4.481774e-06	1
12	rs11831220	6490235	0	-4.649280e-04	-4.481774e-06	1
12	rs11831244	6490316	0	-4.649280e-04	-4.481774e-06	1
12	rs11831297	6490609	0	-4.649280e-04	-4.481774e-06	1
12	rs11831426	6368905	0	-4.241608e-04	-4.089133e-06	1
12	rs11831449	6154469	0	2.145866e-03	2.084305e-05	1
12	rs11831514	6921244	0	1.448569e-03	1.417797e-05	1
12	rs11831706	6490293	0	-2.788552e-04	-2.687012e-06	1
12	rs11833291	6490033	0	-4.649280e-04	-4.481774e-06	1
12	rs11833796	6699547	0	1.323386e-04	1.261898e-06	1
12	rs11834074	6667564	0	-2.341150e-05	-2.288436e-07	1
12	rs11834945	6693713	0	-2.341150e-05	-2.288436e-07	1
12	rs11835719	6401412	0	-2.206199e-04	-2.136549e-06	1
12	rs11836708	6194657	0	-6.918977e-04	-6.680188e-06	1
12	rs11836843	6202818	0	-8.894124e-04	-8.584901e-06	1
12	rs11837434	6203155	0	-8.634215e-04	-8.366718e-06	1
12	rs11838266	6088785	0	-1.003807e-03	-9.696657e-06	1
12	rs12099542	6103998	0	2.040248e-04	1.971264e-06	1
12	rs12099908	6713636	0	-8.945310e-05	-8.481276e-07	1
12	rs12227716	6522914	0	1.038324e-03	9.870105e-06	1
12	rs12228763	6521808	0	1.342357e-03	1.272385e-05	1
12	rs12229187	6531927	0	6.983110e-04	6.605200e-06	1
12	rs12229469	6927158	0	-9.976056e-04	-9.378089e-06	1
12	rs12229492	6867152	0	5.017648e-04	4.793894e-06	1
12	rs12230340	6530818	0	-1.615809e-03	-1.540544e-05	1
12	rs12231078	6373573	0	2.860272e-04	2.749412e-06	1
12	rs12231295	6530819	0	-1.503099e-03	-1.428786e-05	1
12	rs12296430	6503500	0	-1.182658e-04	-1.123644e-06	1
12	rs12296592	6757768	0	-9.852156e-05	-9.379920e-07	1
12	rs12297442	6062889	0	-3.037391e-04	-2.873124e-06	1
12	rs12298161	6504207	0	2.195865e-04	2.126028e-06	1
12	rs12298980	6434625	0	5.023241e-04	4.716184e-06	1
12	rs12300705	6453265	0	7.006856e-04	6.799508e-06	1
12	rs12301294	6398359	0	1.766025e-03	1.710761e-05	1
12	rs12303027	6795760	0	-1.189637e-03	-1.147504e-05	1
12	rs12303734	6046490	0	8.567619e-04	8.315524e-06	1
12	rs12304975	6512942	0	2.888212e-04	2.798803e-06	1
12	rs12305250	6388273	0	1.731135e-03	1.681437e-05	1
12	rs12305465	6505896	0	1.163253e-04	1.126119e-06	1
12	rs12305676	6064446	0	-6.040792e-04	-5.726025e-06	1
12	rs12306554	6763673	0	2.381582e-04	2.300023e-06	1
12	rs12307335	6138385	0	-5.976409e-04	-5.760988e-06	1
12	rs12310690	6185029	0	-1.812307e-03	-1.773038e-05	1
12	rs12310847	6295957	0	-2.235732e-04	-2.105017e-06	1
12	rs12310862	6296003	0	-2.235732e-04	-2.105017e-06	1
12	rs12310984	6594787	0	-5.558287e-04	-5.226330e-06	1
12	rs12311033	6594853	0	-5.928563e-04	-5.577114e-06	1
12	rs12311866	6504037	0	2.195865e-04	2.126028e-06	1
12	rs12311981	6504188	0	2.195865e-04	2.126028e-06	1
12	rs12312834	6597927	0	-7.336475e-04	-6.911128e-06	1
12	rs12313899	6877858	0	5.868369e-05	5.565236e-07	1
12	rs12316584	6552048	0	5.491026e-04	5.314972e-06	1
12	rs12316639	6508471	2	6.833165e-06	6.557631e-08	1
12	rs12316668	6582330	0	4.652747e-04	4.369870e-06	1
12	rs12316748	6508659	0	1.163253e-04	1.126118e-06	1
12	rs12317079	6202462	0	3.670638e-04	3.439871e-06	1
12	rs12317523	6063142	0	4.901176e-05	4.616055e-07	1
12	rs12319292	6170299	0	1.392819e-03	1.350643e-05	1
12	rs12319392	6170486	0	1.392819e-03	1.350643e-05	1
12	rs12319598	6064549	0	-6.040792e-04	-5.726025e-06	1
12	rs12319859	6539491	0	9.550274e-04	9.218397e-06	1
12	rs12321015	6505636	0	2.962371e-04	2.866138e-06	1
12	rs12321069	6505647	0	2.962371e-04	2.866138e-06	1
12	rs12321102	6755194	0	-2.621007e-04	-2.525517e-06	1
12	rs12322098	6043237	0	8.567619e-04	8.315524e-06	1
12	rs12322266	6475082	0	-7.949644e-04	-7.535777e-06	1
12	rs12322386	6046501	0	8.567619e-04	8.315524e-06	1
12	rs12322472	6849643	0	-7.831126e-04	-7.525496e-06	1
12	rs12322604	6717645	0	2.443918e-04	2.326822e-06	1
12	rs12366600	6151653	0	2.155795e-04	2.084558e-06	1
12	rs12366887	6151366	0	2.155795e-04	2.084558e-06	1
12	rs12366917	6151578	0	2.155795e-04	2.084558e-06	1
12	rs12367254	6151846	0	2.155795e-04	2.084558e-06	1
12	rs12367255	6151878	0	2.155795e-04	2.084558e-06	1
12	rs12367467	6049568	0	-9.502069e-04	-9.151525e-06	1
12	rs12367882	6359872	0	-2.613461e-04	-2.518813e-06	1
12	rs12368045	6151522	0	2.155795e-04	2.084558e-06	1
12	rs12368063	6040563	0	-9.191030e-04	-8.754693e-06	1
12	rs12368267	6071516	0	-1.063462e-03	-1.018098e-05	1
12	rs12368360	6565718	0	-7.057612e-05	-6.765617e-07	1
12	rs12369177	6073520	0	-1.627918e-05	-1.553594e-07	1
12	rs12369647	6533032	0	-1.096096e-04	-1.057331e-06	1
12	rs12369967	6627356	0	6.449533e-05	6.112518e-07	1
12	rs12370390	6610443	0	-8.404335e-06	-8.229799e-08	1
12	rs12371081	6042669	0	-9.364738e-04	-9.021522e-06	1
12	rs12371184	6632925	0	3.155577e-04	2.987804e-06	1
12	rs12371825	6151902	0	2.155795e-04	2.084558e-06	1
12	rs12372459	6866355	0	-2.783889e-04	-2.650741e-06	1
12	rs12372572	6620623	0	1.178213e-04	1.114201e-06	1
12	rs12372671	6849428	0	-9.379581e-04	-9.043679e-06	1
12	rs12372694	6035744	0	-9.364738e-04	-9.021522e-06	1
12	rs12422771	6580273	0	-9.626869e-05	-9.203390e-07	1
12	rs12423482	6070845	0	1.066317e-04	1.024887e-06	1
12	rs12425927	6647828	0	1.627662e-04	1.556495e-06	1
12	rs12426815	6580314	0	3.555196e-04	3.368450e-06	1
12	rs12427239	6590626	0	4.686689e-04	4.449690e-06	1
12	rs12427243	6848892	0	-3.128906e-04	-3.028637e-06	1
12	rs12578573	6842959	0	1.699083e-03	1.621454e-05	1
12	rs12579603	6102125	0	1.027320e-03	9.740651e-06	1
12	rs12579898	6476583	0	-7.949644e-04	-7.535777e-06	1
12	rs12580729	6599507	0	-4.300736e-04	-4.038349e-06	1
12	rs12580835	6049784	0	-5.542759e-04	-5.195281e-06	1
12	rs12581183	6476252	0	-7.949644e-04	-7.535776e-06	1
12	rs12581986	6407737	0	7.421250e-04	7.025636e-06	1
12	rs12810167	6596499	0	-5.928563e-04	-5.577112e-06	1
12	rs12810426	6144138	0	1.466746e-03	1.413322e-05	1
12	rs12812284	6526617	0	-1.502635e-03	-1.428972e-05	1
12	rs12813891	6594255	0	-5.125120e-04	-4.819429e-06	1
12	rs12814720	6294417	0	-3.976227e-04	-3.745995e-06	1
12	rs12815397	6294390	0	-3.976227e-04	-3.745995e-06	1
12	rs12816221	6430737	0	1.394152e-04	1.304534e-06	1
12	rs12816349	6709945	0	-5.695777e-04	-5.382344e-06	1
12	rs12817054	6597321	0	-5.928563e-04	-5.577111e-06	1
12	rs12817967	6545994	0	-2.113412e-03	-2.043937e-05	1
12	rs12818921	6600471	0	-4.958244e-04	-4.656252e-06	1
12	rs12819922	6064692	0	-3.037391e-04	-2.873125e-06	1
12	rs12821018	6430776	0	1.173424e-04	1.098186e-06	1
12	rs12822404	6430745	0	1.394152e-04	1.304535e-06	1
12	rs12822586	6598122	0	-5.928563e-04	-5.577110e-06	1
12	rs12826041	6227630	0	5.261968e-04	4.942187e-06	1
12	rs12829220	6074650	0	6.400165e-04	6.223530e-06	1
12	rs12831467	6995686	0	-4.453851e-03	-4.800234e-05	1
12	rs12831864	6062379	0	1.318368e-04	1.234503e-06	1
12	rs12964	6572191	0	2.460895e-04	2.303810e-06	1
12	rs1319389	6592023	0	5.528187e-04	5.197941e-06	1
12	rs13306614	6464784	0	-3.749695e-04	-3.645605e-06	1
12	rs13306621	6473030	0	3.648754e-04	3.540711e-06	1
12	rs13402	6862174	0	-2.769345e-04	-2.634508e-06	1
12	rs13842	6572561	0	2.274671e-04	2.124200e-06	1
12	rs138605118	6512559	0	1.163253e-04	1.126118e-06	1
12	rs138731227	6536587	0	6.125512e-04	5.814613e-06	1
12	rs138891567	6848947	0	-2.314253e-04	-2.244321e-06	1
12	rs138899113	6395053	0	-2.977695e-04	-2.887379e-06	1
12	rs139129663	6688846	0	-6.801542e-04	-6.520936e-06	1
12	rs139431235	6208787	0	-4.997949e-04	-4.823786e-06	1
12	rs139727584	6071943	0	1.066317e-04	1.024886e-06	1
12	rs140021828	6851444	0	-2.314253e-04	-2.244321e-06	1
12	rs140093587	6395910	0	-2.977695e-04	-2.887379e-06	1
12	rs140573351	6852931	0	3.448105e-04	3.344869e-06	1
12	rs140661902	6809318	0	-3.633467e-04	-3.520880e-06	1
12	rs140709663	6623008	0	2.080038e-04	2.006982e-06	1
12	rs141040328	6150487	0	2.155795e-04	2.084558e-06	1
12	rs141230209	6741258	0	-6.011628e-04	-5.843281e-06	1
12	rs141864201	6851309	0	-2.314253e-04	-2.244321e-06	1
12	rs141937196	6848750	0	-5.210281e-04	-5.053583e-06	1
12	rs141950953	6785232	0	-2.748307e-04	-2.661256e-06	1
12	rs142183819	6410851	0	-1.416441e-04	-1.371777e-06	1
12	rs142266502	6365368	0	-3.391517e-04	-3.282858e-06	1
12	rs142332705	6860562	0	-5.651419e-04	-5.480779e-06	1
12	rs142710889	6197572	0	-7.572164e-04	-7.308396e-06	1
12	rs143328932	6541127	0	7.399230e-04	7.196990e-06	1
12	rs143730239	6377095	0	8.250233e-04	8.020349e-06	1
12	rs143860788	6192635	0	-8.483142e-04	-8.203520e-06	1
12	rs144003097	6212510	8	-4.281933e-04	-4.159363e-06	1
12	rs144055655	6828739	0	5.903401e-04	5.661322e-06	1
12	rs144100949	6565871	0	-3.531515e-05	-3.432993e-07	1
12	rs144169955	6850235	0	-2.314253e-04	-2.244321e-06	1
12	rs144850263	6850101	0	-2.314253e-04	-2.244321e-06	1
12	rs144864394	6040577	0	-9.641790e-04	-9.277162e-06	1
12	rs145066428	6400796	3	-9.617017e-05	-9.342200e-07	1
12	rs145596238	6403109	0	-3.159420e-04	-3.053509e-06	1
12	rs145710745	6834540	0	-1.796091e-04	-1.740014e-06	1
12	rs145780917	6693526	0	6.595136e-05	6.411123e-07	1
12	rs145848488	6285803	0	-2.823668e-04	-2.732530e-06	1
12	rs146094919	6662485	0	6.187582e-04	6.025814e-06	1
12	rs146111161	6909973	0	2.891067e-04	2.806002e-06	1
12	rs146242455	6541358	0	3.088171e-04	2.986831e-06	1
12	rs146256301	6632816	0	1.327612e-04	1.286014e-06	1
12	rs146307771	6395942	0	-2.977695e-04	-2.887379e-06	1
12	rs146416192	6614741	0	2.577844e-04	2.504102e-06	1
12	rs146756575	6108044	0	-7.348851e-04	-7.149770e-06	1
12	rs1468603	6427052	0	-1.424783e-04	-1.327592e-06	1
12	rs146902162	6828798	0	5.903401e-04	5.661322e-06	1
12	rs146983427	6615199	0	1.049120e-04	1.016358e-06	1
12	rs147231096	6388104	0	-2.086137e-04	-2.022874e-06	1
12	rs147714617	6605299	0	1.049120e-04	1.016358e-06	1
12	rs148252326	6337076	0	3.270537e-04	3.177910e-06	1
12	rs148297017	6157651	0	1.736135e-04	1.679147e-06	1
12	rs148412980	6537033	1	5.113624e-04	4.850550e-06	1
12	rs148464148	6387842	0	-3.232793e-04	-3.135127e-06	1
12	rs148871353	6364352	0	4.661401e-05	4.499629e-07	1
12	rs149093296	6594883	0	2.539325e-04	2.407107e-06	1
12	rs149309764	6841555	0	-1.013499e-03	-9.791859e-06	1
12	rs149521873	6395871	0	-2.977695e-04	-2.887379e-06	1
12	rs149834229	6396652	0	-2.977695e-04	-2.887379e-06	1
12	rs149914060	6650179	1	2.574643e-04	2.499232e-06	1
12	rs150169197	6822847	0	-1.164624e-04	-1.119003e-06	1
12	rs150216194	6825615	0	5.912381e-05	5.663128e-07	1
12	rs150374567	6850705	0	-2.314253e-04	-2.244321e-06	1
12	rs150378883	6210873	0	-4.997949e-04	-4.823786e-06	1
12	rs150686823	6851428	0	-2.314253e-04	-2.244321e-06	1
12	rs150738444	6508319	0	1.163253e-04	1.126118e-06	1
12	rs1558324	6289219	0	5.610150e-04	5.282067e-06	1
12	rs1558325	6289108	0	5.610150e-04	5.282067e-06	1
12	rs1558326	6289092	0	5.610150e-04	5.282067e-06	1
12	rs1558327	6289067	0	5.610150e-04	5.282068e-06	1
12	rs1558328	6288834	0	1.615585e-04	1.521180e-06	1
12	rs1558333	6675055	0	-1.211963e-04	-1.155845e-06	1
12	rs1558334	6601825	0	-4.701112e-04	-4.416326e-06	1
12	rs1558335	6601834	0	-5.928563e-04	-5.577107e-06	1
12	rs1558519	6153738	0	2.145866e-03	2.084305e-05	1
12	rs1610055	6195368	0	-2.168551e-04	-2.068759e-06	1
12	rs1610056	6195397	0	-2.168551e-04	-2.068758e-06	1
12	rs1639123	6714668	0	1.005978e-04	9.524389e-07	1
12	rs16928082	6396156	0	1.468256e-03	1.407466e-05	1
12	rs16932500	6394730	0	1.676870e-03	1.619257e-05	1
12	rs16932501	6402187	0	1.468256e-03	1.407466e-05	1
12	rs16932505	6402273	0	1.468256e-03	1.407466e-05	1
12	rs16932506	6402340	0	1.784198e-03	1.732917e-05	1
12	rs170048	6150764	0	3.121438e-04	3.005319e-06	1
12	rs1734114	6713450	0	-1.101881e-04	-1.041988e-06	1
12	rs1734116	6715593	0	8.194034e-05	7.777769e-07	1
12	rs1734117	6721707	0	2.636944e-04	2.498343e-06	1
12	rs17419697	6147786	0	1.279672e-03	1.227747e-05	1
12	rs17491320	6102533	0	-1.005616e-03	-9.713951e-06	1
12	rs17491334	6103844	0	-9.289654e-04	-8.961705e-06	1
12	rs17516063	6898182	0	-3.945585e-05	-3.728360e-07	1
12	rs177702	6094845	0	-6.099932e-04	-5.774767e-06	1
12	rs17788043	6692672	0	6.595136e-05	6.411123e-07	1
12	rs17788055	6693012	0	-5.496835e-04	-5.318634e-06	1
12	rs17790300	6685188	0	-3.765813e-05	-3.664302e-07	1
12	rs1800375	6174423	0	-2.128026e-03	-2.090288e-05	1
12	rs1800376	6174414	0	-2.088322e-03	-2.046849e-05	1
12	rs1800377	6173433	0	-1.957377e-03	-1.927084e-05	1
12	rs1800378	6172202	0	-2.796744e-04	-2.619771e-06	1
12	rs1800379	6167196	0	1.658356e-03	1.587590e-05	1
12	rs1800382	6128388	0	3.976900e-04	3.870136e-06	1
12	rs1800384	6127919	0	5.709661e-04	5.492864e-06	1
12	rs1800385	6127891	0	5.576404e-04	5.365244e-06	1
12	rs1800387	6182828	0	1.396001e-04	1.341884e-06	1
12	rs1800693	6440009	0	1.901956e-04	1.782875e-06	1
12	rs1803621	6647109	0	-9.775262e-05	-9.215905e-07	1
12	rs1803622	6647453	0	-1.170677e-04	-1.103378e-06	1
12	rs1814249	6231022	0	2.743731e-04	2.572894e-06	1
12	rs183356	6150824	0	3.121438e-04	3.005319e-06	1
12	rs185627928	6582890	0	-5.611106e-04	-5.412507e-06	1
12	rs185699757	6071752	1	2.607474e-04	2.517551e-06	1
12	rs1860364	6194243	0	-1.337584e-04	-1.252290e-06	1
12	rs1860365	6147110	0	1.177872e-03	1.127001e-05	1
12	rs1860366	6147008	0	1.279672e-03	1.227747e-05	1
12	rs1860367	6146843	0	1.087626e-03	1.040954e-05	1
12	rs1860415	6142678	0	1.490647e-03	1.435270e-05	1
12	rs1860416	6142841	0	1.436088e-03	1.382224e-05	1
12	rs186182306	6150606	0	5.492690e-04	5.313604e-06	1
12	rs186355289	6354158	0	4.343692e-04	4.220922e-06	1
12	rs187346860	6848234	0	-5.073363e-04	-4.922732e-06	1
12	rs1882545	6885410	0	2.880848e-04	2.713222e-06	1
12	rs1882547	6839218	0	1.607251e-03	1.537827e-05	1
12	rs1882548	6838903	0	1.128822e-03	1.086006e-05	1
12	rs1882549	6836542	0	2.224032e-03	2.174137e-05	1
12	rs1882550	6876161	0	-4.008800e-04	-3.724050e-06	1
12	rs1882553	6747578	0	-8.191915e-04	-7.794600e-06	1
12	rs188613052	6251548	0	2.458627e-04	2.386330e-06	1
12	rs188616	6150758	0	3.121438e-04	3.005319e-06	1
12	rs189055457	6849252	9	3.986976e-04	3.871143e-06	1
12	rs190161412	6738312	0	-2.348959e-04	-2.276086e-06	1
12	rs190922658	6825595	0	-3.003328e-05	-2.924012e-07	1
12	rs191827900	6196609	0	-2.390927e-04	-2.281529e-06	1
12	rs1922452	6896194	0	-6.438322e-04	-6.070620e-06	1
12	rs192294847	6406152	0	-1.416441e-04	-1.371777e-06	1
12	rs1981669	6598898	0	-5.928563e-04	-5.577108e-06	1
12	rs1984541	6292072	0	-4.537527e-04	-4.268155e-06	1
12	rs1985851	6047720	0	-5.542759e-04	-5.195282e-06	1
12	rs1986755	6551492	0	-9.947180e-04	-9.387706e-06	1
12	rs1990326	6057911	0	1.318368e-04	1.234503e-06	1
12	rs1990384	6342921	0	-1.393223e-03	-1.320290e-05	1
12	rs1990385	6394635	0	1.468256e-03	1.407466e-05	1
12	rs1990386	6394443	0	1.840405e-03	1.784961e-05	1
12	rs1990491	6169546	0	1.392819e-03	1.350643e-05	1
12	rs1997510	6871891	0	-2.041200e-04	-1.898014e-06	1
12	rs2005829	6190529	0	-3.407778e-04	-3.260757e-06	1
12	rs2008134	6588445	0	9.815960e-06	8.787940e-08	1
12	rs2009527	6569545	0	4.115691e-04	3.893529e-06	1
12	rs2027796	6900613	0	1.092510e-03	1.035588e-05	1
12	rs2041375	6473549	0	-6.322344e-04	-5.981598e-06	1
12	rs2041384	6562285	0	5.183066e-04	4.906704e-06	1
12	rs2041385	6562293	0	5.183066e-04	4.906704e-06	1
12	rs2041386	6562538	0	-7.057612e-05	-6.765637e-07	1
12	rs2041387	6562823	0	4.481820e-04	4.241513e-06	1
12	rs2041388	6562836	0	4.816936e-04	4.558365e-06	1
12	rs2058220	6201490	0	-8.894124e-04	-8.584899e-06	1
12	rs2058222	6201769	4	-9.628863e-04	-9.324738e-06	1
12	rs2058223	6202608	0	-3.842627e-04	-3.598108e-06	1
12	rs2058288	6578872	0	2.015232e-04	1.901301e-06	1
12	rs2058473	6093926	0	1.091419e-03	1.035946e-05	1
12	rs2070883	6094495	0	5.603188e-04	5.403067e-06	1
12	rs2070884	6094390	0	5.603188e-04	5.403067e-06	1
12	rs2070885	6094152	0	5.603188e-04	5.403067e-06	1
12	rs2070886	6094065	0	-4.434885e-04	-4.211616e-06	1
12	rs2070887	6093952	0	7.424391e-04	7.169800e-06	1
12	rs2072370	6345080	0	-1.009731e-03	-9.508505e-06	1
12	rs2072372	6344600	0	-8.576404e-04	-8.055689e-06	1
12	rs2072373	6631888	0	-1.386402e-05	-1.319460e-07	1
12	rs2072374	6637845	0	2.445774e-05	2.335560e-07	1
12	rs2072375	6575044	0	4.162597e-04	3.933547e-06	1
12	rs2072376	6579812	0	-1.008941e-04	-9.522269e-07	1
12	rs2072377	6580228	0	-3.508195e-04	-3.342643e-06	1
12	rs2072378	6580249	0	2.415608e-04	2.279354e-06	1
12	rs2079866	6563848	0	4.816936e-04	4.558364e-06	1
12	rs2079867	6622111	0	7.024836e-05	6.662851e-07	1
12	rs2079868	6622346	0	-1.983556e-04	-1.865530e-06	1
12	rs2103397	6835485	0	2.052003e-03	1.993731e-05	1
12	rs2109118	6194655	0	1.400417e-04	1.305801e-06	1
12	rs2109122	6171265	0	1.392819e-03	1.350643e-05	1
12	rs2109408	6293825	0	-3.976227e-04	-3.745993e-06	1
12	rs2109426	6589522	0	5.093518e-06	4.529597e-08	1
12	rs2109427	6592082	0	4.300736e-04	4.038343e-06	1
12	rs2109430	6613076	0	1.189980e-04	1.122820e-06	1
12	rs2159521	6349328	0	-8.260625e-04	-7.751805e-06	1
12	rs216290	6151597	0	9.656430e-05	9.243678e-07	1
12	rs216291	6151873	0	-1.833723e-03	-1.764695e-05	1
12	rs216292	6152976	0	-1.833723e-03	-1.764695e-05	1
12	rs216293	6153659	0	-1.833723e-03	-1.764695e-05	1
12	rs216294	6153750	0	4.901283e-04	4.730149e-06	1
12	rs216295	6154206	0	4.116621e-04	3.965444e-06	1
12	rs216296	6154670	0	4.901283e-04	4.730149e-06	1
12	rs216297	6155218	0	1.381395e-04	1.328704e-06	1
12	rs216298	6156477	0	3.121438e-04	3.005319e-06	1
12	rs216299	6156635	0	3.121438e-04	3.005319e-06	1
12	rs216301	6157988	0	3.121438e-04	3.005319e-06	1
12	rs216302	6158022	0	3.121438e-04	3.005319e-06	1
12	rs216303	6159045	0	3.121438e-04	3.005319e-06	1
12	rs216304	6159537	0	2.894929e-04	2.786792e-06	1
12	rs216305	6121078	0	1.699759e-03	1.624602e-05	1
12	rs216306	6122103	0	1.956101e-03	1.877687e-05	1
12	rs216313	6129264	0	-8.839084e-05	-8.522637e-07	1
12	rs216314	6136580	0	4.536234e-04	4.377819e-06	1
12	rs216315	6136914	0	4.536234e-04	4.377819e-06	1
12	rs216318	6139261	0	4.536234e-04	4.377819e-06	1
12	rs216320	6143356	0	4.536234e-04	4.377819e-06	1
12	rs216321	6143984	0	4.536234e-04	4.377819e-06	1
12	rs216322	6144897	0	-1.037024e-03	-9.874161e-06	1
12	rs216323	6145109	0	-1.037024e-03	-9.874160e-06	1
12	rs216324	6145225	0	4.536234e-04	4.377819e-06	1
12	rs216325	6145529	0	-9.824650e-04	-9.350250e-06	1
12	rs216327	6146149	0	-9.824650e-04	-9.350250e-06	1
12	rs216328	6146483	0	-9.824650e-04	-9.350249e-06	1
12	rs216329	6146507	0	-9.824650e-04	-9.350248e-06	1
12	rs216335	6148005	0	4.536234e-04	4.377820e-06	1
12	rs216339	6149284	0	4.536234e-04	4.377819e-06	1
12	rs216800	6107946	0	-3.313724e-04	-3.114384e-06	1
12	rs216801	6108513	0	4.224956e-05	3.992014e-07	1
12	rs216802	6109103	0	-8.345027e-04	-7.843412e-06	1
12	rs216803	6109902	0	-6.148176e-04	-5.761968e-06	1
12	rs216804	6111411	0	-1.247203e-03	-1.180193e-05	1
12	rs216805	6111476	0	-4.449277e-04	-4.185027e-06	1
12	rs216806	6111525	0	-1.242361e-03	-1.175519e-05	1
12	rs216807	6112456	0	-1.278819e-03	-1.210801e-05	1
12	rs216809	6114283	0	-3.702237e-04	-3.468797e-06	1
12	rs216811	6115274	0	-1.973350e-04	-1.856230e-06	1
12	rs216852	6084191	0	2.615559e-04	2.444285e-06	1
12	rs216855	6085513	0	1.092219e-03	1.039635e-05	1
12	rs216857	6086936	0	3.938140e-04	3.692579e-06	1
12	rs216859	6087531	0	2.985275e-04	2.848542e-06	1
12	rs216860	6089068	0	-6.002245e-04	-5.655479e-06	1
12	rs216861	6089112	0	1.933995e-04	1.842642e-06	1
12	rs216862	6089156	5	-1.132850e-03	-1.082045e-05	1
12	rs216866	6090825	0	-1.018769e-03	-9.714384e-06	1
12	rs216867	6091000	0	2.985275e-04	2.848543e-06	1
12	rs216868	6091164	0	-8.187899e-04	-7.735871e-06	1
12	rs216870	6093048	0	5.459049e-04	5.123921e-06	1
12	rs216872	6093540	0	-5.506174e-04	-5.186440e-06	1
12	rs216873	6095274	0	-3.384418e-04	-3.199773e-06	1
12	rs216874	6095757	0	2.218769e-04	2.116626e-06	1
12	rs216875	6095901	0	2.218769e-04	2.116626e-06	1
12	rs216876	6096256	0	-2.768436e-04	-2.634800e-06	1
12	rs216877	6096294	0	-2.768436e-04	-2.634800e-06	1
12	rs216878	6096383	0	-2.768436e-04	-2.634800e-06	1
12	rs216879	6096655	0	-2.634166e-04	-2.504240e-06	1
12	rs216880	6096691	0	-2.634166e-04	-2.504239e-06	1
12	rs216881	6096712	0	-2.818586e-04	-2.680269e-06	1
12	rs216882	6096816	0	-2.634166e-04	-2.504239e-06	1
12	rs216883	6097657	0	-8.859912e-04	-8.424383e-06	1
12	rs216884	6097828	0	-1.699234e-03	-1.624291e-05	1
12	rs216885	6097955	0	-1.664528e-03	-1.589760e-05	1
12	rs216886	6097965	0	-9.859825e-04	-9.284772e-06	1
12	rs216887	6098452	0	-8.076168e-04	-7.583754e-06	1
12	rs216888	6098857	0	-8.076168e-04	-7.583753e-06	1
12	rs216889	6099453	0	-7.738456e-04	-7.260195e-06	1
12	rs216890	6099538	0	-8.076168e-04	-7.583753e-06	1
12	rs216893	6100485	0	-8.076168e-04	-7.583752e-06	1
12	rs216894	6100577	0	-7.184610e-04	-6.742182e-06	1
12	rs216895	6100595	0	-7.184610e-04	-6.742182e-06	1
12	rs216896	6100796	0	-7.629748e-04	-7.169239e-06	1
12	rs216897	6102607	0	-7.184610e-04	-6.742181e-06	1
12	rs216898	6102764	0	-6.396372e-04	-5.999203e-06	1
12	rs216901	6104868	0	-7.000190e-04	-6.570348e-06	1
12	rs216902	6105387	0	2.849396e-04	2.674060e-06	1
12	rs216903	6105499	0	-6.662478e-04	-6.247852e-06	1
12	rs216904	6106018	0	2.289464e-04	2.149086e-06	1
12	rs216905	6106255	0	-9.067330e-04	-8.631189e-06	1
12	rs2178691	6836913	0	2.224032e-03	2.174137e-05	1
12	rs2178692	6836051	0	2.224032e-03	2.174137e-05	1
12	rs2178695	6857000	0	-9.766045e-04	-9.327210e-06	1
12	rs2192205	6092562	0	5.603188e-04	5.403068e-06	1
12	rs2236773	6092035	0	5.603188e-04	5.403068e-06	1
12	rs2238102	6197468	0	-6.442581e-04	-6.080284e-06	1
12	rs2238103	6194183	0	7.145558e-04	6.724007e-06	1
12	rs2238104	6187665	0	-1.665532e-03	-1.585978e-05	1
12	rs2238105	6182234	0	-1.611520e-03	-1.551343e-05	1
12	rs2238109	6153967	0	2.145866e-03	2.084305e-05	1
12	rs2238110	6080577	0	-1.091082e-03	-1.037585e-05	1
12	rs2238112	6079880	0	-3.642213e-04	-3.542499e-06	1
12	rs2239138	6082558	0	-8.620493e-04	-8.172169e-06	1
12	rs2239140	6200443	0	1.095748e-04	1.020899e-06	1
12	rs2239142	6199078	0	-7.227986e-05	-6.743746e-07	1
12	rs2239144	6196183	0	-2.168551e-04	-2.068756e-06	1
12	rs2239145	6195996	0	-2.168551e-04	-2.068756e-06	1
12	rs2239146	6195710	0	-2.168551e-04	-2.068756e-06	1
12	rs2239147	6195527	0	-2.168551e-04	-2.068756e-06	1
12	rs2239148	6194816	0	-1.648928e-04	-1.572980e-06	1
12	rs2239150	6194585	0	-8.078604e-04	-7.678375e-06	1
12	rs2239151	6194579	0	-8.078604e-04	-7.678374e-06	1
12	rs2239154	6185891	0	-1.702722e-03	-1.624135e-05	1
12	rs2239156	6180582	0	-1.836819e-03	-1.798416e-05	1
12	rs2239157	6179467	0	-1.956291e-03	-1.911950e-05	1
12	rs2239158	6172393	0	-1.220130e-04	-1.142948e-06	1
12	rs2239162	6151670	0	1.372343e-03	1.314306e-05	1
12	rs2240866	6578140	0	4.162597e-04	3.933545e-06	1
12	rs2240867	6578469	0	1.038429e-04	9.801675e-07	1
12	rs2240869	6603473	0	-2.807407e-04	-2.674273e-06	1
12	rs2240871	6639981	0	-2.807407e-04	-2.674273e-06	1
12	rs2240872	6648269	0	-3.485815e-04	-3.290299e-06	1
12	rs2240873	6648290	0	-4.384916e-04	-4.163247e-06	1
12	rs2240874	6648513	0	-1.170677e-04	-1.103378e-06	1
12	rs2240875	6649540	0	-7.510168e-05	-7.081153e-07	1
12	rs2243750	6567787	0	4.308842e-04	4.076744e-06	1
12	rs2243977	6569983	0	4.115691e-04	3.893526e-06	1
12	rs2244083	6570539	0	4.115691e-04	3.893526e-06	1
12	rs2247890	6580941	0	2.415608e-04	2.279352e-06	1
12	rs2250246	6553016	0	-1.027917e-03	-9.664561e-06	1
12	rs2259931	6719894	0	2.443918e-04	2.326825e-06	1
12	rs2267967	6671799	0	-3.765813e-05	-3.664304e-07	1
12	rs2267968	6679743	0	-3.765813e-05	-3.664304e-07	1
12	rs2267970	6691559	0	-3.765813e-05	-3.664304e-07	1
12	rs2267973	6714106	0	-2.341150e-05	-2.288442e-07	1
12	rs2267974	6715527	0	-3.765813e-05	-3.664304e-07	1
12	rs2268016	6320386	0	-9.515962e-04	-8.963847e-06	1
12	rs2269359	6993653	0	-4.156169e-03	-4.402600e-05	1
12	rs2270151	6060960	0	1.039655e-03	9.970779e-06	1
12	rs2270152	6061069	0	1.146287e-03	1.095773e-05	1
12	rs2270174	6606012	0	-3.576913e-04	-3.356151e-06	1
12	rs2270175	6630627	0	-1.386402e-05	-1.319462e-07	1
12	rs2270177	6651681	0	1.432227e-04	1.348963e-06	1
12	rs2282690	6670398	0	-2.341150e-05	-2.288443e-07	1
12	rs2283332	6174729	0	-1.716333e-03	-1.684557e-05	1
12	rs2283335	6157394	0	2.069216e-03	2.006406e-05	1
12	rs2284325	6704213	0	8.971254e-05	8.523755e-07	1
12	rs2284346	6348600	0	-1.078545e-03	-1.016567e-05	1
12	rs2284347	6348146	0	-9.089537e-04	-8.548880e-06	1
12	rs2284348	6321862	0	-4.411780e-04	-4.127695e-06	1
12	rs2286596	6553055	0	-1.885150e-03	-1.822975e-05	1
12	rs2286598	6552516	0	-1.353565e-03	-1.286238e-05	1
12	rs2286600	6482786	0	-1.493647e-03	-1.408747e-05	1
12	rs2286646	6061491	0	1.146287e-03	1.095773e-05	1
12	rs2286721	6562065	0	-3.508195e-04	-3.342643e-06	1
12	rs2286725	6658860	0	-3.765813e-05	-3.664305e-07	1
12	rs2286729	6873818	0	-1.159548e-03	-1.123870e-05	1
12	rs2286730	6839913	0	-1.142245e-03	-1.102937e-05	1
12	rs2286731	6837643	0	1.530098e-03	1.459859e-05	1
12	rs2286937	6090892	0	5.603188e-04	5.403068e-06	1
12	rs2286938	6091205	0	5.603188e-04	5.403068e-06	1
12	rs2301333	6880996	0	-7.349259e-04	-7.111862e-06	1
12	rs2302255	6493911	0	-2.641391e-04	-2.562332e-06	1
12	rs2302365	6884244	0	-1.328141e-03	-1.268521e-05	1
12	rs2302366	6862259	0	-7.390921e-04	-6.951520e-06	1
12	rs2302368	6859797	0	-1.358310e-03	-1.288058e-05	1
12	rs2302369	6859729	0	-1.003534e-03	-9.605219e-06	1
12	rs2302370	6859308	0	-1.358310e-03	-1.288058e-05	1
12	rs2302371	6858126	0	-7.812995e-04	-7.466379e-06	1
12	rs2362481	6049161	0	5.365748e-04	5.020622e-06	1
12	rs2362482	6058913	0	3.318201e-04	3.191116e-06	1
12	rs2362483	6058920	0	3.318201e-04	3.191116e-06	1
12	rs2363877	6292461	0	-3.976227e-04	-3.745993e-06	1
12	rs2363878	6292975	0	-3.976227e-04	-3.745992e-06	1
12	rs2364480	6495275	0	7.152169e-04	6.785919e-06	1
12	rs2364482	6502131	0	-2.672609e-04	-2.540893e-06	1
12	rs2364486	6524348	0	-1.552270e-04	-1.487278e-06	1
12	rs2364487	6526934	0	-1.502635e-03	-1.428972e-05	1
12	rs2364491	6535887	0	-1.791053e-03	-1.719056e-05	1
12	rs2364494	6551364	0	-8.176651e-04	-7.693359e-06	1
12	rs2364508	6652799	0	1.432227e-04	1.348963e-06	1
12	rs2365089	6870834	0	-2.844872e-04	-2.649149e-06	1
12	rs2365092	6870877	0	-2.844872e-04	-2.649148e-06	1
12	rs2365100	6835081	0	1.530098e-03	1.459858e-05	1
12	rs2365101	6760811	0	-5.833779e-04	-5.651140e-06	1
12	rs2365102	6760950	0	-4.263023e-04	-4.121696e-06	1
12	rs2365104	6785343	0	3.256780e-04	3.127321e-06	1
12	rs2365566	6817264	0	-1.164624e-04	-1.119002e-06	1
12	rs2365567	6843847	0	1.357051e-03	1.291990e-05	1
12	rs24177	6094082	0	-5.506174e-04	-5.186436e-06	1
12	rs2515733	6897652	0	-2.531820e-04	-2.382477e-06	1
12	rs2532484	6583403	0	3.687646e-04	3.458565e-06	1
12	rs2532485	6583099	0	3.687646e-04	3.458565e-06	1
12	rs2532486	6582699	0	2.021043e-04	1.889034e-06	1
12	rs2532488	6592568	0	7.070436e-04	6.649871e-06	1
12	rs2532490	6577329	0	4.162597e-04	3.933544e-06	1
12	rs2532491	6576859	0	2.319159e-04	2.167273e-06	1
12	rs2532494	6591581	0	8.414976e-05	7.850490e-07	1
12	rs2532495	6569062	0	5.439844e-04	5.101264e-06	1
12	rs2532496	6564448	0	7.150587e-04	6.784751e-06	1
12	rs2532497	6564210	0	4.816936e-04	4.558361e-06	1
12	rs2532498	6563698	0	5.246693e-04	4.919965e-06	1
12	rs2532499	6563255	0	5.246693e-04	4.919964e-06	1
12	rs2532500	6562810	0	5.246693e-04	4.919964e-06	1
12	rs2532501	6562753	0	5.246693e-04	4.919963e-06	1
12	rs2532506	6593527	0	5.928563e-04	5.577100e-06	1
12	rs2532513	6589171	0	4.300736e-04	4.038336e-06	1
12	rs2532514	6588972	0	8.414976e-05	7.850462e-07	1
12	rs2532515	6586728	0	3.024920e-04	2.837435e-06	1
12	rs2532518	6586321	0	3.024920e-04	2.837435e-06	1
12	rs2532519	6586136	0	2.415608e-04	2.279349e-06	1
12	rs2532520	6585610	0	3.425296e-04	3.215087e-06	1
12	rs2532521	6585504	0	3.425296e-04	3.215087e-06	1
12	rs2532522	6584265	0	3.425296e-04	3.215086e-06	1
12	rs2534698	6562931	0	5.246693e-04	4.919961e-06	1
12	rs2534709	6568572	0	4.308842e-04	4.076740e-06	1
12	rs2534710	6570163	0	7.807780e-04	7.338061e-06	1
12	rs2534711	6570821	0	5.323122e-04	5.041621e-06	1
12	rs2534712	6572549	0	2.274671e-04	2.124188e-06	1
12	rs2534713	6572587	0	2.371121e-04	2.238369e-06	1
12	rs2534714	6573061	0	4.162597e-04	3.933540e-06	1
12	rs2534715	6573146	0	4.162597e-04	3.933540e-06	1
12	rs2534716	6573716	0	4.162597e-04	3.933540e-06	1
12	rs2534717	6573749	0	4.162597e-04	3.933540e-06	1
12	rs2534718	6575191	0	5.550241e-04	5.375410e-06	1
12	rs2534719	6554429	0	-1.060302e-03	-1.017247e-05	1
12	rs2534721	6580144	0	-6.884420e-05	-6.537217e-07	1
12	rs2534722	6581230	0	3.690060e-04	3.458281e-06	1
12	rs2534723	6581805	0	4.652747e-04	4.369854e-06	1
12	rs2534724	6583387	0	2.460195e-04	2.303456e-06	1
12	rs25680	6554628	0	-9.352240e-04	-8.956194e-06	1
12	rs2707209	6905264	0	3.820593e-05	3.619175e-07	1
12	rs2707210	6902002	0	1.595205e-03	1.517432e-05	1
12	rs2707211	6901823	0	1.638520e-03	1.567988e-05	1
12	rs2707212	6901134	0	1.092510e-03	1.035588e-05	1
12	rs2707213	6901082	0	-3.111554e-04	-2.954484e-06	1
12	rs28435996	6396206	0	1.468256e-03	1.407466e-05	1
12	rs2854871	6133079	0	-1.148267e-03	-1.114822e-05	1
12	rs2855534	6898521	0	-5.067762e-04	-4.781446e-06	1
12	rs2855537	6899181	0	-3.111554e-04	-2.954484e-06	1
12	rs2855538	6899508	0	-6.008346e-04	-5.672008e-06	1
12	rs2857227	6899528	0	-6.008346e-04	-5.672008e-06	1
12	rs2857229	6900616	0	1.474022e-03	1.404953e-05	1
12	rs2857230	6901077	0	1.563357e-03	1.483934e-05	1
12	rs2857232	6903989	1	1.519035e-03	1.452567e-05	1
12	rs2857234	6905181	0	4.013438e-05	3.799581e-07	1
12	rs2857237	6906828	0	-2.427951e-04	-2.288381e-06	1
12	rs28630679	6141588	1	1.179755e-03	1.129360e-05	1
12	rs2885517	6050320	0	-4.413373e-04	-4.132679e-06	1
12	rs2886086	6526672	0	-1.615344e-03	-1.540914e-05	1
12	rs2886087	6526744	0	-1.524708e-03	-1.449866e-05	1
12	rs2886089	6535981	0	-1.774910e-03	-1.700002e-05	1
12	rs2886090	6551899	0	-7.874052e-04	-7.414700e-06	1
12	rs28866502	6681209	0	1.214209e-04	1.152091e-06	1
12	rs28920471	6915160	0	1.180822e-03	1.148490e-05	1
12	rs3095130	6593394	0	4.701112e-04	4.416313e-06	1
12	rs3136549	6551874	0	2.112929e-04	2.012122e-06	1
12	rs3136550	6552284	0	-1.896700e-03	-1.832580e-05	1
12	rs3136551	6553860	0	-3.777948e-04	-3.661249e-06	1
12	rs3180589	6602422	0	-6.165476e-04	-5.801774e-06	1
12	rs3181290	6334374	0	-1.305380e-04	-1.268191e-06	1
12	rs3181295	6344174	0	-5.402948e-04	-5.073707e-06	1
12	rs3181300	6345199	0	-1.403072e-03	-1.333251e-05	1
12	rs3181301	6345784	0	-1.471649e-03	-1.399206e-05	1
12	rs33978901	6140659	0	1.343398e-04	1.303952e-06	1
12	rs34119293	6506878	1	1.611730e-03	1.532461e-05	1
12	rs34230288	6103094	0	1.140408e-04	1.107580e-06	1
12	rs34235693	6037386	0	-1.065074e-03	-1.028267e-05	1
12	rs34278370	6627975	0	-5.454671e-04	-5.249636e-06	1
12	rs34350637	6823202	0	3.374278e-04	3.240216e-06	1
12	rs34444862	6105396	0	1.140408e-04	1.107580e-06	1
12	rs34668268	6077639	0	-5.153570e-04	-4.935254e-06	1
12	rs34807506	6546260	0	-1.025554e-03	-9.677580e-06	1
12	rs34863790	6690909	0	-5.914119e-04	-5.755056e-06	1
12	rs34865569	6613284	0	-4.795861e-04	-4.504715e-06	1
12	rs35032612	6299131	0	-3.351029e-05	-3.255328e-07	1
12	rs35041216	6475897	0	-7.949644e-04	-7.535775e-06	1
12	rs35277580	6294534	0	-3.976227e-04	-3.745992e-06	1
12	rs35365059	6167118	0	-1.075521e-03	-1.041843e-05	1
12	rs35881119	6177803	0	-3.783778e-04	-3.676400e-06	1
12	rs35926634	6066686	0	-6.507131e-04	-6.175364e-06	1
12	rs36007563	6205767	0	1.306973e-04	1.267061e-06	1
12	rs36018751	6667090	0	-6.721170e-04	-6.514655e-06	1
12	rs36045653	6681668	0	-2.341150e-05	-2.288446e-07	1
12	rs36060358	6294588	0	-3.976227e-04	-3.745992e-06	1
12	rs36205633	6453212	0	2.206655e-05	2.132742e-07	1
12	rs368624729	6399346	0	-7.805971e-05	-7.572896e-07	1
12	rs371329394	6399373	0	-1.005220e-05	-9.728007e-08	1
12	rs3741906	6105143	0	5.603188e-04	5.403069e-06	1
12	rs3741917	6644139	0	-2.426823e-06	-2.515919e-08	1
12	rs3741918	6644256	0	-5.727392e-04	-5.442166e-06	1
12	rs3741924	6729956	0	-8.185811e-04	-7.987994e-06	1
12	rs374720415	6209611	0	-1.697370e-04	-1.635749e-06	1
12	rs3759320	6062853	0	-2.209141e-04	-2.073590e-06	1
12	rs3759321	6062878	0	7.659259e-04	7.158978e-06	1
12	rs3759323	6485436	0	1.453015e-03	1.404789e-05	1
12	rs3759324	6485661	0	1.501178e-03	1.437975e-05	1
12	rs3759329	6490925	0	7.853279e-05	7.247807e-07	1
12	rs3759330	6490968	0	2.929187e-04	2.728940e-06	1
12	rs3759331	6491012	0	4.816847e-04	4.498449e-06	1
12	rs3759333	6491947	0	3.804201e-04	3.603109e-06	1
12	rs3759334	6492008	0	3.407971e-04	3.227733e-06	1
12	rs3759339	6551509	0	-1.640658e-03	-1.575202e-05	1
12	rs3759341	6552154	0	-9.947180e-04	-9.387705e-06	1
12	rs3759343	6833104	0	7.512033e-04	7.224746e-06	1
12	rs3759344	6862646	0	-1.233303e-04	-1.170007e-06	1
12	rs3759345	6862678	0	-2.536511e-04	-2.409074e-06	1
12	rs3782711	6183181	0	-1.470809e-03	-1.411092e-05	1
12	rs3782715	6196825	0	-2.168551e-04	-2.068755e-06	1
12	rs3782724	6466081	0	1.454251e-04	1.389835e-06	1
12	rs3782726	6469671	0	2.004252e-03	1.929397e-05	1
12	rs3782729	6563399	0	-3.508195e-04	-3.342647e-06	1
12	rs3803130	6756240	0	-3.722598e-04	-3.595381e-06	1
12	rs3809241	6056450	0	5.018066e-04	4.773530e-06	1
12	rs3809242	6056492	0	5.018066e-04	4.773530e-06	1
12	rs3809244	6772875	0	-5.389756e-04	-5.213618e-06	1
12	rs3809245	6773601	0	-4.970096e-04	-4.807764e-06	1
12	rs3815408	6838156	0	2.224032e-03	2.174137e-05	1
12	rs3819537	6193096	0	-4.070704e-04	-3.830012e-06	1
12	rs3819538	6192886	0	-4.070704e-04	-3.830011e-06	1
12	rs3819540	6085445	0	5.603188e-04	5.403069e-06	1
12	rs3825334	6434349	0	1.311627e-04	1.228092e-06	1
12	rs41318752	6492330	0	-7.310591e-04	-7.007215e-06	1
12	rs41320652	6092779	0	5.603188e-04	5.403069e-06	1
12	rs41334949	6644958	0	8.707453e-05	8.396943e-07	1
12	rs41388848	6208618	0	-4.997949e-04	-4.823785e-06	1
12	rs4149570	6451590	0	-3.712892e-06	-3.142291e-08	1
12	rs4149572	6449743	0	-6.176157e-05	-5.977309e-07	1
12	rs4149573	6449384	0	1.343387e-04	1.293016e-06	1
12	rs4149575	6449210	0	1.343387e-04	1.293016e-06	1
12	rs4285931	6487161	0	1.452325e-03	1.384165e-05	1
12	rs4301834	6500843	0	5.214680e-04	4.939138e-06	1
12	rs4351870	6293271	0	-3.976227e-04	-3.745991e-06	1
12	rs4375488	6293479	0	-3.976227e-04	-3.745991e-06	1
12	rs4376959	6741816	0	-1.664984e-04	-1.602083e-06	1
12	rs4408361	6202543	0	-8.894124e-04	-8.584897e-06	1
12	rs4417358	6293155	0	-4.537527e-04	-4.268152e-06	1
12	rs4421798	6293163	0	-3.976227e-04	-3.745991e-06	1
12	rs4469949	6545611	0	-2.284592e-03	-2.234036e-05	1
12	rs4491293	6195308	0	-2.168551e-04	-2.068755e-06	1
12	rs4491294	6467122	0	3.191962e-04	3.056099e-06	1
12	rs4573747	6290630	0	-2.326248e-04	-2.189566e-06	1
12	rs4575330	6585311	0	3.425296e-04	3.215084e-06	1
12	rs4764482	6169733	0	-1.371553e-03	-1.296944e-05	1
12	rs4764483	6178285	0	-1.693126e-03	-1.634799e-05	1
12	rs4764485	6319837	0	-2.916159e-04	-2.729079e-06	1
12	rs4764490	6378297	0	7.174576e-04	6.757709e-06	1
12	rs4764496	6408422	0	5.285561e-04	5.111027e-06	1
12	rs4764497	6428116	0	-1.441208e-04	-1.344353e-06	1
12	rs4764501	6599665	0	-5.928563e-04	-5.577094e-06	1
12	rs4764502	6048089	0	-1.121941e-03	-1.091427e-05	1
12	rs4764512	6842350	0	4.190932e-04	3.972607e-06	1
12	rs4764516	6791348	0	-1.275931e-04	-1.223564e-06	1
12	rs4764534	6186807	0	-5.103722e-05	-4.886244e-07	1
12	rs4764535	6187232	0	-1.200727e-05	-1.124502e-07	1
12	rs4764538	6248983	0	6.976167e-04	6.727606e-06	1
12	rs4764539	6261916	0	1.780203e-04	1.729254e-06	1
12	rs4764547	6378212	0	1.909035e-04	1.831873e-06	1
12	rs4764548	6379534	0	5.362765e-04	5.035315e-06	1
12	rs4764551	6386336	0	6.255836e-04	5.994356e-06	1
12	rs4764552	6386518	0	6.255836e-04	5.994356e-06	1
12	rs4764553	6391485	0	1.540731e-03	1.479595e-05	1
12	rs4764559	6398836	0	1.468256e-03	1.407465e-05	1
12	rs4764560	6398994	0	1.468256e-03	1.407465e-05	1
12	rs4764562	6408907	0	1.239850e-03	1.173382e-05	1
12	rs4764566	6413400	0	8.326271e-04	8.020064e-06	1
12	rs4764568	6415423	0	-1.542206e-03	-1.489724e-05	1
12	rs4764569	6415426	0	-1.299144e-03	-1.241396e-05	1
12	rs4764570	6415696	0	-1.542206e-03	-1.489724e-05	1
12	rs4764571	6415769	0	-1.536646e-03	-1.482601e-05	1
12	rs4764589	6532282	0	-1.655190e-03	-1.579237e-05	1
12	rs4764590	6532350	0	-1.655190e-03	-1.579237e-05	1
12	rs4764591	6532456	0	-1.006093e-03	-9.461403e-06	1
12	rs4764600	6601980	0	-5.928563e-04	-5.577094e-06	1
12	rs4764601	6611078	0	-3.576913e-04	-3.356139e-06	1
12	rs4764602	6611719	0	1.189980e-04	1.122829e-06	1
12	rs4764603	6616223	0	3.021077e-05	2.883430e-07	1
12	rs4764604	6623382	0	-3.176537e-04	-2.978976e-06	1
12	rs4764605	6623389	0	-1.596004e-05	-1.455244e-07	1
12	rs4764615	6766197	0	-3.018944e-04	-2.878670e-06	1
12	rs4764616	6764831	0	-3.722598e-04	-3.595381e-06	1
12	rs4764617	6764492	0	-4.263023e-04	-4.121695e-06	1
12	rs4764618	6764358	0	-2.127387e-04	-2.027347e-06	1
12	rs4764619	6763982	0	-4.263023e-04	-4.121695e-06	1
12	rs4963512	6942823	0	6.613017e-04	6.203981e-06	1
12	rs499648	6144164	0	4.536234e-04	4.377819e-06	1
12	rs526861	6096673	0	-8.237354e-04	-7.809325e-06	1
12	rs526881	6096676	0	-2.634166e-04	-2.504237e-06	1
12	rs541011	6095807	0	2.218769e-04	2.116629e-06	1
12	rs542993	6120431	0	1.543343e-03	1.469250e-05	1
12	rs55633676	6194991	0	-2.590506e-04	-2.470562e-06	1
12	rs55692509	6206086	0	-4.802301e-04	-4.659420e-06	1
12	rs55867239	6092442	0	-1.003807e-03	-9.696656e-06	1
12	rs55890082	6505108	0	2.962371e-04	2.866137e-06	1
12	rs55907031	6181635	0	-1.735549e-03	-1.697042e-05	1
12	rs55915959	6540525	0	5.628700e-04	5.459484e-06	1
12	rs55944427	6745315	0	4.345678e-04	4.140671e-06	1
12	rs55990247	6505274	0	2.962371e-04	2.866137e-06	1
12	rs55997530	6832096	0	-9.481597e-04	-9.090067e-06	1
12	rs55999991	6113339	0	-7.521788e-04	-7.213347e-06	1
12	rs56008400	6112574	0	-7.521788e-04	-7.213347e-06	1
12	rs56020046	6504547	0	2.962371e-04	2.866137e-06	1
12	rs56048315	6136476	0	9.727908e-04	9.293833e-06	1
12	rs56077657	6201708	0	-1.044705e-03	-1.011212e-05	1
12	rs56109131	6541449	0	7.399230e-04	7.196990e-06	1
12	rs56145803	6194769	0	-1.648928e-04	-1.572979e-06	1
12	rs56225418	6202604	0	-8.894124e-04	-8.584896e-06	1
12	rs56253327	6170690	0	1.099725e-03	1.055277e-05	1
12	rs56265629	6386774	0	-3.254889e-04	-3.155994e-06	1
12	rs56311842	6126413	0	-2.191378e-05	-2.133513e-07	1
12	rs56344853	6202244	0	-8.894124e-04	-8.584896e-06	1
12	rs56353418	6372381	0	3.320523e-04	3.184800e-06	1
12	rs56366473	6374276	0	1.327711e-03	1.299605e-05	1
12	rs56769453	6060231	0	1.146287e-03	1.095773e-05	1
12	rs56888996	6461229	0	6.907151e-04	6.660345e-06	1
12	rs56983450	6491629	0	7.215665e-04	6.975062e-06	1
12	rs57040304	6062894	0	3.000994e-05	2.832271e-07	1
12	rs57107190	6654425	0	-2.650057e-04	-2.564657e-06	1
12	rs57367146	6841624	0	-1.205627e-03	-1.167928e-05	1
12	rs57378434	6060168	0	1.146287e-03	1.095773e-05	1
12	rs5742912	6458350	0	1.257908e-04	1.218809e-06	1
12	rs57523168	6155344	0	2.155795e-04	2.084558e-06	1
12	rs57661704	6060062	0	1.146287e-03	1.095773e-05	1
12	rs57666371	6200139	0	-8.894124e-04	-8.584896e-06	1
12	rs57826129	6540496	0	7.399230e-04	7.196990e-06	1
12	rs58070073	6402764	0	-3.159420e-04	-3.053509e-06	1
12	rs58111746	6505358	0	2.962371e-04	2.866137e-06	1
12	rs58277046	6541601	0	7.399230e-04	7.196990e-06	1
12	rs58347998	6540085	0	7.399230e-04	7.196990e-06	1
12	rs58661350	6365392	0	4.661401e-05	4.499629e-07	1
12	rs58661986	6396144	0	-2.086137e-04	-2.022874e-06	1
12	rs58665179	6393101	0	1.749345e-03	1.692880e-05	1
12	rs58834607	6508115	0	-1.680030e-04	-1.624428e-06	1
12	rs58854337	6463345	0	6.425860e-04	6.214279e-06	1
12	rs58935006	6060342	0	1.146287e-03	1.095773e-05	1
12	rs59226301	6866113	1	-9.960430e-04	-9.408946e-06	1
12	rs59254690	6469897	0	4.553718e-04	4.373553e-06	1
12	rs59336539	6393244	0	1.749345e-03	1.692880e-05	1
12	rs59347851	6860030	0	-8.114056e-04	-7.754060e-06	1
12	rs59632652	6390920	0	1.336853e-03	1.284026e-05	1
12	rs59818152	6468018	3	3.196386e-04	3.060405e-06	1
12	rs59989335	6210485	0	-4.997949e-04	-4.823785e-06	1
12	rs60053534	6039956	0	6.878189e-04	6.662649e-06	1
12	rs60237390	6544139	0	4.947532e-04	4.795271e-06	1
12	rs60363967	6541775	0	7.399230e-04	7.196990e-06	1
12	rs60427776	6739983	0	2.735973e-04	2.650730e-06	1
12	rs60430553	6111436	0	1.805744e-04	1.744150e-06	1
12	rs60600645	6853107	0	-4.344669e-05	-4.182592e-07	1
12	rs60723559	6081210	0	-6.620177e-05	-6.336162e-07	1
12	rs60831677	6138702	0	-5.976409e-04	-5.760987e-06	1
12	rs60837639	6818262	0	3.360810e-05	3.231848e-07	1
12	rs60868681	6405983	0	6.949206e-04	6.574645e-06	1
12	rs60949067	6792824	3	-8.192780e-04	-8.001935e-06	1
12	rs60982029	6079324	0	1.021012e-03	9.835087e-06	1
12	rs61159922	6866260	0	2.895345e-06	3.618267e-08	1
12	rs61311839	6522201	0	8.007035e-04	7.524787e-06	1
12	rs61329073	6505380	0	2.962371e-04	2.866137e-06	1
12	rs61516218	6504363	0	2.962371e-04	2.866137e-06	1
12	rs61546725	6860515	0	-8.114056e-04	-7.754059e-06	1
12	rs61602132	6541714	0	7.399230e-04	7.196990e-06	1
12	rs61697264	6210279	0	-4.997949e-04	-4.823785e-06	1
12	rs61704965	6818206	0	-1.164624e-04	-1.119002e-06	1
12	rs61753197	6604331	0	-1.977976e-04	-1.922975e-06	1
12	rs61908457	6062347	0	1.039655e-03	9.970781e-06	1
12	rs61908458	6067496	0	1.039655e-03	9.970781e-06	1
12	rs61908661	6165999	0	3.995851e-04	3.870372e-06	1
12	rs61909704	6099846	0	-7.025954e-04	-6.773121e-06	1
12	rs61916272	6900565	0	-1.469517e-03	-1.399034e-05	1
12	rs61916275	6904790	0	-1.873113e-03	-1.811425e-05	1
12	rs61918019	6596500	0	2.539325e-04	2.407105e-06	1
12	rs61918020	6605514	0	1.178213e-04	1.114197e-06	1
12	rs61918022	6614521	0	1.178213e-04	1.114197e-06	1
12	rs61918023	6614822	0	1.178213e-04	1.114197e-06	1
12	rs61918041	6681868	0	-5.724827e-05	-5.571571e-07	1
12	rs61918194	6378605	1	3.300193e-04	3.147424e-06	1
12	rs61918195	6380065	0	3.227957e-04	3.077414e-06	1
12	rs61918196	6380272	0	3.227957e-04	3.077413e-06	1
12	rs61918197	6385674	0	-1.887301e-04	-1.811760e-06	1
12	rs61918198	6388393	0	1.731135e-03	1.681436e-05	1
12	rs61918200	6392889	0	2.010849e-03	1.969964e-05	1
12	rs61918201	6394883	0	1.784198e-03	1.732916e-05	1
12	rs61918202	6396286	0	4.613443e-04	4.448847e-06	1
12	rs61918203	6396589	0	1.113998e-03	1.071670e-05	1
12	rs61918204	6397940	0	1.766025e-03	1.710760e-05	1
12	rs61918205	6398000	0	1.796204e-03	1.747453e-05	1
12	rs61918244	6403174	0	1.045184e-03	1.003091e-05	1
12	rs61919661	6746443	0	7.593295e-04	7.264553e-06	1
12	rs6416321	6054277	0	-7.117522e-04	-6.674954e-06	1
12	rs6416323	6766646	0	-3.722598e-04	-3.595380e-06	1
12	rs6489675	6049926	0	-3.478923e-04	-3.255518e-06	1
12	rs6489676	6050036	0	-3.478923e-04	-3.255518e-06	1
12	rs6489677	6050063	0	-3.478923e-04	-3.255518e-06	1
12	rs6489680	6054395	0	-7.126744e-04	-6.899720e-06	1
12	rs6489685	6090538	0	-1.032839e-03	-9.983569e-06	1
12	rs6489686	6090694	0	-1.003807e-03	-9.696656e-06	1
12	rs6489707	6385889	0	-7.449908e-04	-7.026011e-06	1
12	rs6489708	6387053	0	5.377403e-04	5.155360e-06	1
12	rs6489709	6405578	0	1.417878e-03	1.346912e-05	1
12	rs6489712	6468440	0	3.191962e-04	3.056098e-06	1
12	rs6489713	6468455	0	3.191962e-04	3.056097e-06	1
12	rs6489717	6600219	0	-5.928563e-04	-5.577093e-06	1
12	rs6489718	6604418	0	-3.576913e-04	-3.356138e-06	1
12	rs6489719	6605383	0	3.021077e-05	2.883436e-07	1
12	rs6489720	6615681	0	3.021077e-05	2.883438e-07	1
12	rs6489721	6643316	0	1.575552e-04	1.490764e-06	1
12	rs6489726	6741987	0	-3.378684e-06	-3.218597e-08	1
12	rs6489727	6756798	0	-3.722598e-04	-3.595380e-06	1
12	rs6489728	6756901	0	-4.263023e-04	-4.121695e-06	1
12	rs6489731	6847102	0	4.190932e-04	3.972606e-06	1
12	rs6489733	6858365	0	-8.114056e-04	-7.754059e-06	1
12	rs6489734	6872099	0	-9.512725e-05	-8.778566e-07	1
12	rs6489735	6892826	0	-2.239786e-04	-2.173241e-06	1
12	rs66461779	6403457	0	1.417615e-03	1.360896e-05	1
12	rs66621175	6965805	0	-3.705022e-03	-3.818671e-05	1
12	rs66627071	6705380	0	-5.420684e-04	-5.188968e-06	1
12	rs66785003	6140951	0	1.318577e-03	1.266143e-05	1
12	rs66879982	6482514	0	1.459908e-03	1.425177e-05	1
12	rs66951403	6836837	0	6.445007e-04	6.237112e-06	1
12	rs669667	6144169	0	4.536234e-04	4.377818e-06	1
12	rs67013744	6681786	0	1.421559e-04	1.357474e-06	1
12	rs67385163	6864890	0	-9.145525e-04	-8.643969e-06	1
12	rs67621679	6667422	0	4.162657e-04	3.970052e-06	1
12	rs6786	6775967	0	7.685581e-04	7.208449e-06	1
12	rs71181446	6142402	0	-6.860502e-05	-6.623234e-07	1
12	rs7132183	6652494	0	6.770458e-04	6.380260e-06	1
12	rs7132298	6652572	0	6.770458e-04	6.380260e-06	1
12	rs7132970	6708898	0	-8.234793e-04	-7.898159e-06	1
12	rs7133777	6061947	0	1.318368e-04	1.234501e-06	1
12	rs7134028	6870442	0	-2.844872e-04	-2.649141e-06	1
12	rs7134136	6609503	0	-3.176537e-04	-2.978974e-06	1
12	rs7135106	6871499	0	-4.308407e-05	-3.904174e-07	1
12	rs7135368	6049978	0	-3.478923e-04	-3.255518e-06	1
12	rs7135645	6296575	0	-2.235732e-04	-2.105010e-06	1
12	rs7135976	6186116	0	-1.562034e-03	-1.480472e-05	1
12	rs7136058	6825211	0	-1.184827e-04	-1.135242e-06	1
12	rs7137525	6835973	0	2.224032e-03	2.174136e-05	1
12	rs7137702	6497259	0	-8.064960e-04	-7.695923e-06	1
12	rs7138427	6836852	0	1.273916e-03	1.228322e-05	1
12	rs7138740	6983764	0	-4.007798e-03	-4.225231e-05	1
12	rs7139025	6296925	0	-1.887253e-04	-1.775670e-06	1
12	rs7139057	6169323	0	1.371011e-03	1.322829e-05	1
12	rs71445108	6558207	0	-5.065758e-04	-4.922266e-06	1
12	rs71445110	6677603	0	2.334014e-04	2.263218e-06	1
12	rs71445120	6699171	0	-1.463027e-04	-1.385741e-06	1
12	rs714774	6619284	0	3.021077e-05	2.883450e-07	1
12	rs71579337	6103823	0	-4.782443e-04	-4.654297e-06	1
12	rs71579349	6635166	0	-2.426823e-06	-2.516018e-08	1
12	rs71582860	6166455	0	-1.075521e-03	-1.041843e-05	1
12	rs71582862	6155751	0	-1.119767e-04	-1.085806e-06	1
12	rs71582893	6153386	0	2.155795e-04	2.084558e-06	1
12	rs71582894	6153343	0	2.155795e-04	2.084558e-06	1
12	rs71584862	6715422	0	-3.765813e-05	-3.664318e-07	1
12	rs723188	6063905	0	-6.040792e-04	-5.726027e-06	1
12	rs723189	6063959	0	1.318368e-04	1.234501e-06	1
12	rs723190	6063974	0	4.593826e-04	4.430213e-06	1
12	rs72657544	6457798	0	-4.953793e-04	-4.814611e-06	1
12	rs7294323	6655808	0	7.067159e-04	6.661953e-06	1
12	rs7295049	6987335	0	-4.372259e-03	-4.719735e-05	1
12	rs7295083	6297056	0	-1.887253e-04	-1.775670e-06	1
12	rs7295091	6051426	0	7.139300e-04	6.904926e-06	1
12	rs7295359	6531606	0	-1.655190e-03	-1.579237e-05	1
12	rs7296476	6651496	0	2.952023e-04	2.789256e-06	1
12	rs7296922	6468205	0	3.191962e-04	3.056098e-06	1
12	rs7297283	6651436	0	2.888118e-04	2.726235e-06	1
12	rs7297364	6651441	0	2.532362e-04	2.391897e-06	1
12	rs7297961	6454297	0	7.006856e-04	6.799508e-06	1
12	rs7298053	6619054	0	-2.856645e-04	-2.677684e-06	1
12	rs7298232	6757621	0	-1.845824e-04	-1.777099e-06	1
12	rs7298463	6663964	0	4.266576e-04	4.050905e-06	1
12	rs7298566	6088103	0	-1.003807e-03	-9.696656e-06	1
12	rs7298567	6393321	0	1.749345e-03	1.692879e-05	1
12	rs7298568	6170796	0	1.392819e-03	1.350643e-05	1
12	rs7298570	6581482	0	-3.508195e-04	-3.342649e-06	1
12	rs7300092	6607364	0	3.325578e-04	3.151670e-06	1
12	rs7300366	6652227	0	1.851887e-04	1.745609e-06	1
12	rs7300389	6109841	0	5.641694e-05	5.452224e-07	1
12	rs7300728	6800509	0	1.714025e-04	1.655893e-06	1
12	rs7301070	6080290	0	-1.091082e-03	-1.037585e-05	1
12	rs7301197	6615688	0	-2.077440e-04	-1.976680e-06	1
12	rs7301735	6825399	0	1.350496e-04	1.308854e-06	1
12	rs7301945	6587668	0	-2.913237e-04	-2.768909e-06	1
12	rs7302308	6414180	0	8.326271e-04	8.020066e-06	1
12	rs7302581	6842902	0	3.460965e-04	3.276769e-06	1
12	rs7303171	6685605	0	1.131240e-04	1.081131e-06	1
12	rs7303399	6708813	0	-4.196931e-04	-4.010433e-06	1
12	rs73036549	6198035	0	-4.605303e-04	-4.467465e-06	1
12	rs7303863	6387686	0	-2.977695e-04	-2.887378e-06	1
12	rs73042327	6577518	0	-2.700518e-04	-2.616803e-06	1
12	rs73042333	6580443	0	-7.799236e-04	-7.540862e-06	1
12	rs7304348	6382039	0	9.098885e-04	8.661862e-06	1
12	rs73044250	6624733	0	3.153210e-04	3.061208e-06	1
12	rs73044256	6625285	0	3.137520e-04	2.985152e-06	1
12	rs73044559	6333608	0	-3.242260e-04	-3.153730e-06	1
12	rs73044588	6362001	0	2.833174e-04	2.732606e-06	1
12	rs73044591	6363341	0	7.704228e-05	7.474291e-07	1
12	rs7304688	6387628	0	1.196408e-03	1.141777e-05	1
12	rs73047718	6384459	0	-2.086137e-04	-2.022874e-06	1
12	rs73047737	6389532	0	-2.086137e-04	-2.022874e-06	1
12	rs73047755	6396098	0	-2.086137e-04	-2.022874e-06	1
12	rs73047758	6396786	0	-2.977695e-04	-2.887378e-06	1
12	rs73047760	6396924	0	-2.359090e-04	-2.285967e-06	1
12	rs73047761	6397650	0	-2.977695e-04	-2.887378e-06	1
12	rs73047768	6398970	0	-2.086137e-04	-2.022874e-06	1
12	rs73047771	6399013	0	-2.086137e-04	-2.022874e-06	1
12	rs73047772	6399051	0	-2.206199e-04	-2.136547e-06	1
12	rs73047782	6401664	0	-2.086137e-04	-2.022874e-06	1
12	rs73047787	6403737	0	-2.086137e-04	-2.022874e-06	1
12	rs73047793	6405212	0	-1.416441e-04	-1.371776e-06	1
12	rs73047797	6406771	0	-1.416441e-04	-1.371776e-06	1
12	rs73047798	6406898	0	-1.416441e-04	-1.371776e-06	1
12	rs73047807	6704169	0	-4.389076e-04	-4.200329e-06	1
12	rs73047897	6748460	0	6.549270e-04	6.287305e-06	1
12	rs73047899	6757704	0	-9.153604e-04	-8.809858e-06	1
12	rs73048428	6469366	0	1.259566e-04	1.217331e-06	1
12	rs73049715	6811433	0	-1.867661e-04	-1.815219e-06	1
12	rs73049722	6826873	0	5.173434e-04	4.959863e-06	1
12	rs73049726	6830071	0	2.503542e-04	2.424780e-06	1
12	rs73049904	6407807	0	-1.416441e-04	-1.371776e-06	1
12	rs73049912	6410462	0	-2.246637e-04	-2.178565e-06	1
12	rs73049916	6413279	0	-1.706760e-04	-1.653587e-06	1
12	rs73051250	6108690	0	-8.060384e-04	-7.740667e-06	1
12	rs73051647	6835160	0	-1.052267e-03	-1.017044e-05	1
12	rs73051663	6849710	0	-1.155821e-03	-1.112523e-05	1
12	rs73051673	6853202	0	-1.215024e-03	-1.183924e-05	1
12	rs7305251	6706481	0	8.971254e-05	8.523786e-07	1
12	rs7305330	6849879	0	-1.014538e-03	-9.748580e-06	1
12	rs73053728	6896546	0	-2.221487e-03	-2.169208e-05	1
12	rs73053739	6903942	3	7.081996e-04	6.805603e-06	1
12	rs7305381	6612765	0	-1.172052e-04	-1.116340e-06	1
12	rs7305483	6565177	0	-3.508195e-04	-3.342649e-06	1
12	rs7305522	6160481	2	6.488641e-04	6.270148e-06	1
12	rs7305540	6390213	0	1.364573e-03	1.311556e-05	1
12	rs7305752	6051397	0	4.769298e-04	4.615268e-06	1
12	rs7306851	6296328	0	-2.235732e-04	-2.105008e-06	1
12	rs7307010	6525518	0	-1.502635e-03	-1.428971e-05	1
12	rs7307709	6689209	0	2.203187e-04	2.100904e-06	1
12	rs7307881	6600773	0	-5.928563e-04	-5.577090e-06	1
12	rs7308584	6706744	0	1.089271e-04	1.032901e-06	1
12	rs7308876	6294751	0	-7.613626e-04	-7.166379e-06	1
12	rs7309207	6689685	0	-5.420684e-04	-5.188966e-06	1
12	rs7309414	6618871	0	-2.807407e-04	-2.674278e-06	1
12	rs7310211	6607018	0	1.189980e-04	1.122833e-06	1
12	rs7310452	6607168	0	-4.804364e-04	-4.514145e-06	1
12	rs7310736	6052265	0	-5.542759e-04	-5.195281e-06	1
12	rs7311174	6635567	0	2.445774e-05	2.335623e-07	1
12	rs7311397	6689805	0	1.131240e-04	1.081133e-06	1
12	rs7311453	6409367	0	1.151334e-03	1.087768e-05	1
12	rs7311708	6537207	0	-1.373290e-04	-1.324967e-06	1
12	rs7312492	6549751	0	-7.817108e-04	-7.357196e-06	1
12	rs7312746	6170951	0	6.737795e-04	6.497247e-06	1
12	rs7313534	6413966	0	1.003303e-03	9.718162e-06	1
12	rs7314078	6049713	0	-3.201871e-04	-2.996158e-06	1
12	rs7314566	6052868	0	2.428723e-04	2.272417e-06	1
12	rs7314721	6605656	0	-3.576913e-04	-3.356135e-06	1
12	rs7315234	6584988	0	1.977741e-04	1.859631e-06	1
12	rs7315789	6389976	0	1.231950e-03	1.176607e-05	1
12	rs7315856	6733496	0	-2.446929e-04	-2.366883e-06	1
12	rs7315926	6842669	0	1.549180e-03	1.481239e-05	1
12	rs7316224	6638666	0	-4.012378e-04	-3.767354e-06	1
12	rs7316558	6632969	0	-2.807407e-04	-2.674279e-06	1
12	rs7316626	6691452	0	1.131240e-04	1.081133e-06	1
12	rs73254608	6294494	0	-3.976227e-04	-3.745986e-06	1
12	rs73256772	6378970	0	4.438462e-04	4.230849e-06	1
12	rs73257105	6615152	0	1.919534e-04	1.858877e-06	1
12	rs73259012	6046610	0	8.567619e-04	8.315518e-06	1
12	rs73259014	6046641	0	8.567619e-04	8.315518e-06	1
12	rs73259018	6046890	0	8.567619e-04	8.315518e-06	1
12	rs73259020	6046975	0	8.567619e-04	8.315518e-06	1
12	rs73259022	6047040	0	8.567619e-04	8.315517e-06	1
12	rs73259025	6047538	0	8.567619e-04	8.315517e-06	1
12	rs73259203	6398202	0	1.796204e-03	1.747453e-05	1
12	rs73261482	6467693	0	4.334133e-04	4.153785e-06	1
12	rs73263039	6142348	0	1.490647e-03	1.435270e-05	1
12	rs73264831	6695585	0	8.106043e-05	7.753426e-07	1
12	rs73264846	6717258	0	-4.108006e-04	-3.923132e-06	1
12	rs73266841	6196582	0	-2.168551e-04	-2.068754e-06	1
12	rs73266906	6784099	0	2.837119e-04	2.724735e-06	1
12	rs73266929	6805206	0	3.168865e-04	3.040071e-06	1
12	rs73267361	6545511	0	3.023538e-04	2.921593e-06	1
12	rs73267369	6547560	0	3.023538e-04	2.921593e-06	1
12	rs73267395	6555941	0	1.548807e-04	1.502845e-06	1
12	rs73270777	6294341	0	-1.579954e-04	-1.528181e-06	1
12	rs733593	6636392	0	8.620840e-05	8.336828e-07	1
12	rs7342306	6291093	0	-1.869141e-04	-1.753333e-06	1
12	rs7342382	6631623	0	2.445774e-05	2.335628e-07	1
12	rs7358654	6620602	0	7.024836e-05	6.662921e-07	1
12	rs7358768	6620495	0	-3.364415e-04	-3.169647e-06	1
12	rs7390	6571699	0	4.835759e-04	4.527958e-06	1
12	rs7397444	6051425	0	-5.542759e-04	-5.195281e-06	1
12	rs7397672	6051232	0	-5.542759e-04	-5.195281e-06	1
12	rs7397940	6771877	0	-4.970096e-04	-4.807762e-06	1
12	rs7398532	6051609	0	-5.542759e-04	-5.195280e-06	1
12	rs7398572	6051336	0	-5.542759e-04	-5.195280e-06	1
12	rs74056739	6047548	0	8.567619e-04	8.315517e-06	1
12	rs74056802	6152106	0	2.155795e-04	2.084558e-06	1
12	rs74056906	6504908	0	2.962371e-04	2.866136e-06	1
12	rs74056926	6542167	0	7.399230e-04	7.196990e-06	1
12	rs74056928	6542195	0	7.399230e-04	7.196990e-06	1
12	rs74058504	6152279	0	2.155795e-04	2.084558e-06	1
12	rs74058506	6152655	0	2.155795e-04	2.084558e-06	1
12	rs74058508	6152854	0	2.155795e-04	2.084558e-06	1
12	rs74058509	6152899	0	2.155795e-04	2.084558e-06	1
12	rs74058514	6154079	0	2.155795e-04	2.084558e-06	1
12	rs740842	6421495	0	-2.965750e-05	-2.773115e-07	1
12	rs740850	6638116	0	-4.012378e-04	-3.767353e-06	1
12	rs740851	6638350	0	1.817884e-04	1.700291e-06	1
12	rs743600	6906319	0	1.296888e-03	1.235235e-05	1
12	rs74390085	6663653	0	-3.765813e-05	-3.664322e-07	1
12	rs74467767	6067999	0	4.593826e-04	4.430212e-06	1
12	rs74479547	6388101	0	1.768163e-03	1.719274e-05	1
12	rs74576183	6614181	0	-2.426823e-06	-2.516056e-08	1
12	rs74592542	6294509	0	-3.976227e-04	-3.745984e-06	1
12	rs74622104	6809476	0	-4.020219e-04	-3.866487e-06	1
12	rs7487291	6871203	0	-2.844872e-04	-2.649137e-06	1
12	rs7488113	6880474	0	-8.708911e-05	-8.449071e-07	1
12	rs74927907	6150901	0	2.155795e-04	2.084558e-06	1
12	rs74933262	6368405	0	-5.464645e-04	-5.295116e-06	1
12	rs74935314	6681863	0	-3.765813e-05	-3.664323e-07	1
12	rs74952194	6052737	0	4.769298e-04	4.615266e-06	1
12	rs74956629	6578755	0	-1.078159e-04	-1.048075e-06	1
12	rs74980505	6093199	0	5.603188e-04	5.403068e-06	1
12	rs75013138	6850356	0	-2.314253e-04	-2.244320e-06	1
12	rs75016164	6555902	0	1.548807e-04	1.502845e-06	1
12	rs75210579	6852905	0	3.814235e-04	3.698208e-06	1
12	rs75249435	6348926	0	3.270537e-04	3.177911e-06	1
12	rs75341139	6410084	0	5.900074e-06	5.893833e-08	1
12	rs75343188	6047673	0	8.567619e-04	8.315517e-06	1
12	rs75350542	6404780	0	1.537560e-04	1.494662e-06	1
12	rs75448266	6798632	0	-7.596635e-04	-7.341201e-06	1
12	rs75505364	6068424	0	1.066317e-04	1.024880e-06	1
12	rs75543974	6296711	0	-1.846060e-04	-1.786071e-06	1
12	rs75834380	6211088	0	-4.997949e-04	-4.823785e-06	1
12	rs758739	6626369	0	6.449533e-05	6.112623e-07	1
12	rs75933780	6039882	0	2.325642e-04	2.246073e-06	1
12	rs75938527	6838054	0	-1.013499e-03	-9.791849e-06	1
12	rs76097931	6068244	0	4.593826e-04	4.430211e-06	1
12	rs76126701	6771415	0	-4.693311e-04	-4.558364e-06	1
12	rs76149046	6050273	0	-2.865860e-04	-2.786088e-06	1
12	rs76300794	6204438	0	-5.191831e-04	-5.016248e-06	1
12	rs76327967	6760367	0	2.381582e-04	2.300022e-06	1
12	rs76350379	6250284	0	-7.402994e-04	-7.166286e-06	1
12	rs763580	6193537	0	-4.070704e-04	-3.830009e-06	1
12	rs763581	6193713	0	-8.483142e-04	-8.203515e-06	1
12	rs76725690	6584679	0	2.460195e-04	2.303448e-06	1
12	rs76838327	6146586	0	-8.273484e-04	-8.018791e-06	1
12	rs76855280	6042510	0	1.925266e-04	1.857887e-06	1
12	rs76867478	6280805	0	-2.061694e-04	-2.003598e-06	1
12	rs76894370	6549836	0	6.765116e-04	6.539865e-06	1
12	rs77025001	6542594	0	5.251865e-04	5.105657e-06	1
12	rs77115930	6044203	0	4.769298e-04	4.615266e-06	1
12	rs77217438	6383226	0	8.038456e-04	7.701342e-06	1
12	rs77314776	6416901	0	-3.063296e-04	-2.966339e-06	1
12	rs77344012	6081589	0	-3.642213e-04	-3.542499e-06	1
12	rs77400802	6802773	0	-2.748307e-04	-2.661256e-06	1
12	rs77517678	6397436	0	-2.977695e-04	-2.887378e-06	1
12	rs77536808	6203456	0	-5.588872e-04	-5.403379e-06	1
12	rs77647458	6668956	0	1.307898e-04	1.268985e-06	1
12	rs77680222	6142359	0	1.490647e-03	1.435270e-05	1
12	rs77826268	6393613	0	1.922381e-03	1.873946e-05	1
12	rs77843719	6690653	0	-5.496835e-04	-5.318639e-06	1
12	rs77985929	6613169	0	1.919534e-04	1.858876e-06	1
12	rs78028117	6616323	0	-1.078159e-04	-1.048075e-06	1
12	rs78040476	6723164	0	-3.765813e-05	-3.664323e-07	1
12	rs78187632	6675870	0	-5.555437e-05	-5.378055e-07	1
12	rs78194930	6772487	0	-1.498323e-04	-1.449981e-06	1
12	rs78230818	6390397	0	-4.737893e-05	-4.571698e-07	1
12	rs78245005	6066539	0	4.593826e-04	4.430211e-06	1
12	rs78299246	6581534	0	-1.078159e-04	-1.048075e-06	1
12	rs78301473	6196585	0	-2.648143e-04	-2.527831e-06	1
12	rs78312001	6744996	0	-4.190318e-04	-4.062056e-06	1
12	rs78324597	6735485	0	-1.774176e-04	-1.720677e-06	1
12	rs78325233	6208682	0	-4.997949e-04	-4.823784e-06	1
12	rs78425964	6745554	0	-3.235371e-05	-3.122847e-07	1
12	rs78487989	6408626	0	9.505584e-05	9.138065e-07	1
12	rs78494381	6368172	0	3.270537e-04	3.177911e-06	1
12	rs78534388	6836979	0	4.943426e-05	4.798937e-07	1
12	rs78619211	6724600	0	-3.765813e-05	-3.664323e-07	1
12	rs78738496	6836105	0	4.943426e-05	4.798937e-07	1
12	rs78742502	6712759	0	-8.234793e-04	-7.898156e-06	1
12	rs78808695	6698012	0	-3.765813e-05	-3.664323e-07	1
12	rs78818158	6066132	0	4.593826e-04	4.430211e-06	1
12	rs78882213	6751102	0	-2.348959e-04	-2.276084e-06	1
12	rs78915411	6170645	0	-1.075521e-03	-1.041843e-05	1
12	rs79050548	6555456	0	-4.929954e-04	-4.789587e-06	1
12	rs79056447	6706212	0	-2.341150e-05	-2.288465e-07	1
12	rs79071309	6086172	0	5.603188e-04	5.403067e-06	1
12	rs79160386	6637752	0	-7.183004e-04	-6.990073e-06	1
12	rs79353437	6420678	0	1.110736e-03	1.070843e-05	1
12	rs7952791	6595953	0	-3.185513e-04	-3.032313e-06	1
12	rs7952802	6293579	0	-3.976227e-04	-3.745984e-06	1
12	rs7953373	6059565	0	1.066317e-04	1.024879e-06	1
12	rs7953404	6496122	0	-8.900936e-05	-8.607789e-07	1
12	rs7953855	6803856	0	-2.748307e-04	-2.661256e-06	1
12	rs7954276	6608778	0	-4.804364e-04	-4.514142e-06	1
12	rs7954585	6752145	0	-2.348959e-04	-2.276084e-06	1
12	rs7954855	6235023	0	1.929951e-04	1.813328e-06	1
12	rs79549467	6477813	0	3.999234e-04	3.861627e-06	1
12	rs7955205	6425927	0	5.501188e-04	5.160797e-06	1
12	rs7955645	6603917	0	-4.804364e-04	-4.514141e-06	1
12	rs7956269	6056124	0	2.971811e-04	2.863588e-06	1
12	rs7956804	6898460	0	-3.111554e-04	-2.954479e-06	1
12	rs7957162	6466741	0	1.802730e-04	1.722388e-06	1
12	rs7957672	6203674	0	-5.191831e-04	-5.016247e-06	1
12	rs7957779	6298784	0	-3.188708e-05	-2.976004e-07	1
12	rs7958431	6404079	0	1.974134e-05	1.922748e-07	1
12	rs7958488	6546166	0	-5.630062e-04	-5.473510e-06	1
12	rs7958705	6044881	0	8.567619e-04	8.315516e-06	1
12	rs7958883	6062983	0	1.318368e-04	1.234499e-06	1
12	rs7958920	6048571	0	8.567619e-04	8.315516e-06	1
12	rs7959037	6048664	0	4.769298e-04	4.615265e-06	1
12	rs7959658	6754191	0	1.115208e-03	1.058199e-05	1
12	rs7960314	6057135	0	2.971811e-04	2.863587e-06	1
12	rs7960642	6297589	0	-1.887253e-04	-1.775666e-06	1
12	rs7960757	6605105	0	-4.804364e-04	-4.514141e-06	1
12	rs7960813	6756734	0	-3.722598e-04	-3.595379e-06	1
12	rs7961278	6605541	0	-4.804364e-04	-4.514140e-06	1
12	rs7961280	6528069	0	-1.502635e-03	-1.428971e-05	1
12	rs7961290	6204382	0	-5.191831e-04	-5.016247e-06	1
12	rs7961844	6226976	0	2.496848e-04	2.340711e-06	1
12	rs7961998	6061341	0	1.066317e-04	1.024878e-06	1
12	rs7962217	6061559	0	1.066317e-04	1.024878e-06	1
12	rs7962792	6851912	0	-1.045965e-03	-1.007363e-05	1
12	rs7963228	6476892	0	1.994162e-03	1.925110e-05	1
12	rs7963244	6057076	0	2.971811e-04	2.863587e-06	1
12	rs7963440	6852345	0	-9.693142e-04	-9.322072e-06	1
12	rs7963759	6602492	0	-6.165476e-04	-5.801763e-06	1
12	rs7963944	6385925	0	-1.782620e-04	-1.677056e-06	1
12	rs7964013	6200602	0	-8.894124e-04	-8.584894e-06	1
12	rs7964163	6481170	0	1.459908e-03	1.425177e-05	1
12	rs7964213	6764499	0	2.381582e-04	2.300022e-06	1
12	rs7964250	6346387	0	-9.889846e-04	-9.310525e-06	1
12	rs7964366	6346478	0	-1.009731e-03	-9.508502e-06	1
12	rs7964424	6297780	0	-1.887253e-04	-1.775666e-06	1
12	rs7964510	6787622	0	8.404994e-04	8.129635e-06	1
12	rs7964858	6386002	0	5.325020e-04	5.114588e-06	1
12	rs7965754	6205085	0	-5.191831e-04	-5.016247e-06	1
12	rs7965760	6205104	0	-5.191831e-04	-5.016247e-06	1
12	rs7965859	6498776	0	-8.900936e-05	-8.607788e-07	1
12	rs7965865	6848404	0	-1.346442e-03	-1.298954e-05	1
12	rs7965883	6695787	0	8.971254e-05	8.523802e-07	1
12	rs7966029	6895561	0	-8.946169e-04	-8.466113e-06	1
12	rs7966328	6895790	0	-2.782225e-04	-2.616456e-06	1
12	rs7966700	6602513	0	-6.165476e-04	-5.801763e-06	1
12	rs7966779	6594642	0	-2.807407e-04	-2.674280e-06	1
12	rs7967329	6611955	0	-2.426823e-06	-2.516077e-08	1
12	rs79676955	6331208	0	3.069238e-04	2.966157e-06	1
12	rs79682518	6763641	0	-1.498323e-04	-1.449981e-06	1
12	rs7968888	6059719	0	1.146287e-03	1.095773e-05	1
12	rs7969177	6712980	0	-5.575140e-04	-5.331821e-06	1
12	rs7969548	6425805	0	2.357019e-04	2.205103e-06	1
12	rs7969672	6063165	0	-9.568300e-04	-9.118534e-06	1
12	rs7969956	6859191	0	-1.003534e-03	-9.605211e-06	1
12	rs7970260	6549061	0	-6.466239e-04	-6.071278e-06	1
12	rs7970575	6858971	0	-1.003534e-03	-9.605211e-06	1
12	rs79706212	6833463	0	-4.043786e-04	-3.917866e-06	1
12	rs7970651	6044387	0	8.567619e-04	8.315515e-06	1
12	rs7970924	6207678	0	-4.997949e-04	-4.823784e-06	1
12	rs7971237	6604076	0	3.021077e-05	2.883473e-07	1
12	rs7971637	6643329	0	-1.263896e-04	-1.197661e-06	1
12	rs79721088	6706130	0	-2.341150e-05	-2.288467e-07	1
12	rs7972292	6466371	0	1.802730e-04	1.722389e-06	1
12	rs7972503	6409034	0	1.239850e-03	1.173381e-05	1
12	rs7972647	6490743	0	5.209493e-04	4.864538e-06	1
12	rs7972942	6476591	0	1.461019e-03	1.392961e-05	1
12	rs7973122	6405818	0	-1.127686e-04	-1.077499e-06	1
12	rs7973835	6044522	0	4.769298e-04	4.615264e-06	1
12	rs7973914	6476723	0	1.994162e-03	1.925110e-05	1
12	rs7974020	6697842	0	8.971254e-05	8.523806e-07	1
12	rs7974314	6048619	0	8.567619e-04	8.315515e-06	1
12	rs7975184	6627889	0	6.449533e-05	6.112636e-07	1
12	rs7975360	6605155	0	-3.537374e-04	-3.371109e-06	1
12	rs7975944	6848634	0	-1.090079e-03	-1.049467e-05	1
12	rs7976222	6203972	0	-5.191831e-04	-5.016247e-06	1
12	rs7976498	6602433	0	-6.165476e-04	-5.801763e-06	1
12	rs7976591	6602468	0	-6.165476e-04	-5.801762e-06	1
12	rs7976678	6537544	0	-1.472883e-03	-1.403028e-05	1
12	rs7976939	6848710	0	1.024825e-03	9.841864e-06	1
12	rs7976955	6057977	0	-5.784572e-04	-5.510600e-06	1
12	rs7977329	6550091	0	-6.466239e-04	-6.071277e-06	1
12	rs7977602	6498734	0	1.557995e-03	1.486613e-05	1
12	rs7978081	6049342	0	8.567619e-04	8.315514e-06	1
12	rs7978326	6053107	0	4.769298e-04	4.615264e-06	1
12	rs7978461	6605205	0	-1.478786e-04	-1.383946e-06	1
12	rs7978597	6628148	0	-1.386402e-05	-1.319545e-07	1
12	rs7978603	6598073	0	-2.807407e-04	-2.674280e-06	1
12	rs7979025	6297599	0	-1.887253e-04	-1.775665e-06	1
12	rs7979509	6585707	0	8.977455e-06	8.313291e-08	1
12	rs7979695	6987871	5	-4.488043e-03	-4.866645e-05	1
12	rs7980045	6204615	0	-5.191831e-04	-5.016247e-06	1
12	rs7980637	6779223	0	-8.562708e-05	-8.210828e-07	1
12	rs7980753	6207711	0	-5.850734e-04	-5.657461e-06	1
12	rs7980758	6207733	0	-6.311680e-04	-6.097137e-06	1
12	rs7980991	6545417	0	-6.378446e-04	-6.027019e-06	1
12	rs79865993	6663375	0	-3.765813e-05	-3.664324e-07	1
12	rs79879554	6164138	0	-1.199700e-03	-1.165488e-05	1
12	rs80106965	6807536	0	1.197227e-04	1.156494e-06	1
12	rs80122922	6199754	0	-7.000525e-04	-6.743374e-06	1
12	rs80336293	6142205	0	3.257043e-04	3.153243e-06	1
12	rs8181686	6531951	0	-1.767899e-03	-1.692268e-05	1
12	rs870849	6887020	0	1.512199e-03	1.436797e-05	1
12	rs871365	6839453	0	1.607251e-03	1.537825e-05	1
12	rs871366	6839388	0	-1.013499e-03	-9.791847e-06	1
12	rs879605	6486656	0	1.623751e-03	1.571969e-05	1
12	rs887473	6292773	0	-3.976227e-04	-3.745982e-06	1
12	rs887474	6292712	0	-3.275439e-04	-3.083000e-06	1
12	rs887475	6292691	0	-5.832870e-05	-5.455278e-07	1
12	rs887476	6292575	0	-3.976227e-04	-3.745981e-06	1
12	rs887479	6416760	0	-1.459764e-03	-1.399416e-05	1
12	rs917633	6611964	0	3.021077e-05	2.883477e-07	1
12	rs917634	6631169	0	-3.372708e-04	-3.133168e-06	1
12	rs917858	6081938	0	-8.198994e-04	-7.770696e-06	1
12	rs917859	6082113	0	-8.620493e-04	-8.172167e-06	1
12	rs933406	6035308	0	2.325642e-04	2.246071e-06	1
12	rs933407	6045261	0	-1.178136e-04	-1.102683e-06	1
12	rs933408	6058736	0	-6.551078e-04	-6.245413e-06	1
12	rs9478	6840688	0	-1.103476e-03	-1.065007e-05	1
12	rs951818	6896055	0	-5.675743e-04	-5.344753e-06	1
12	rs9634157	6648198	0	-1.170677e-04	-1.103387e-06	1
12	rs9645765	6116457	0	5.259331e-04	5.070661e-06	1
12	rs9668139	6504098	0	1.560315e-04	1.474594e-06	1
12	rs9669272	6756877	0	-1.845824e-04	-1.777099e-06	1
12	rs9669611	6503786	0	1.607464e-04	1.518738e-06	1
12	rs9706048	6625333	0	1.540813e-04	1.456639e-06	1
12	rs9737890	6990453	0	-3.973384e-03	-4.163338e-05	1
12	rs9788053	6624435	0	-9.048458e-05	-8.432547e-07	1
12	rs9788151	6624139	0	-3.176537e-04	-2.978965e-06	1
12	rs9795852	6398374	0	1.796204e-03	1.747453e-05	1
12	rs980130	6169027	0	-9.221528e-04	-8.736233e-06	1
12	rs980131	6169198	0	7.695664e-05	7.242368e-07	1
12	rs980132	6169219	0	5.562727e-04	5.364076e-06	1
12	rs980133	6169443	0	7.695664e-05	7.242369e-07	1
12	rs980134	6169522	0	1.392819e-03	1.350643e-05	1
12	rs984337	6383525	0	-6.949824e-04	-6.541292e-06	1
12	rs9888313	6683011	0	1.187444e-04	1.127592e-06	1
12	rs9888358	6244744	0	7.895887e-04	7.448431e-06	1
12	rs9989051	6177679	0	-1.735549e-03	-1.697042e-05	1
12	rs998908	6291892	0	-3.976227e-04	-3.745981e-06	1
