chr	rs	ps	n_miss	b	beta	gamma
19	rs1004526	58588849	0	2.648970e-04	4.388642e-05	1
19	rs1005050	58949579	0	1.254743e-03	2.503153e-04	1
19	rs101447	58720717	0	1.166371e-03	1.945795e-04	1
19	rs1014767	58528303	0	3.176534e-04	4.625361e-05	1
19	rs1015224	58724380	0	-3.052515e-04	-7.825895e-05	1
19	rs1019490	58610559	0	9.455842e-04	1.472266e-04	1
19	rs10401711	58624499	0	-2.425801e-04	-4.561581e-05	1
19	rs10402098	58624615	0	-2.425801e-04	-4.561581e-05	1
19	rs10402211	58652341	0	4.568304e-05	7.418332e-06	1
19	rs10402307	58624732	0	7.435083e-04	1.302692e-04	1
19	rs10402325	58913507	0	6.373487e-04	1.116325e-04	1
19	rs10403117	58744033	0	1.264796e-03	3.133970e-04	1
19	rs10404798	58628509	0	-2.425801e-04	-4.561582e-05	1
19	rs10405350	58628515	0	-3.401024e-04	-6.323161e-05	1
19	rs10405769	58917418	0	5.674602e-04	8.249408e-05	1
19	rs10406593	58917575	0	4.694903e-04	7.756547e-05	1
19	rs10407096	58887170	0	-8.662100e-04	-1.356396e-04	1
19	rs10407616	58896384	0	-2.049381e-04	-4.220965e-05	1
19	rs10407894	58625081	0	-2.425801e-04	-4.561582e-05	1
19	rs10409388	58604114	0	1.010999e-03	1.643870e-04	1
19	rs10411535	58708526	0	-6.675214e-04	-1.013392e-04	1
19	rs10411892	58923725	0	4.694903e-04	7.756546e-05	1
19	rs10412181	58814507	0	-3.701760e-04	-5.660499e-05	1
19	rs10412209	58629463	0	-2.694501e-04	-5.001803e-05	1
19	rs10412612	58632446	0	-2.425801e-04	-4.561582e-05	1
19	rs10415286	58720992	0	5.765019e-04	8.560172e-05	1
19	rs10415313	58675417	0	-3.928749e-04	-6.538985e-05	1
19	rs10417092	58915193	0	6.656945e-04	1.116491e-04	1
19	rs10417104	58923866	0	1.591816e-03	2.739872e-04	1
19	rs10419091	58723359	0	2.397943e-04	4.196508e-05	1
19	rs10419259	58630192	0	7.407406e-04	1.297643e-04	1
19	rs10420221	58794026	0	-5.287137e-05	-8.689138e-06	1
19	rs10420540	58521290	0	-6.956172e-04	-1.347412e-04	1
19	rs10420801	58609457	0	-1.572047e-03	-3.250495e-04	1
19	rs10421140	58609376	0	-1.154377e-03	-2.281087e-04	1
19	rs10421350	58609443	0	-1.572047e-03	-3.250494e-04	1
19	rs10422127	58609220	0	-6.914357e-04	-1.411236e-04	1
19	rs10422438	58523444	0	-3.388851e-04	-5.822947e-05	1
19	rs10422730	58618747	0	-3.894806e-04	-7.248283e-05	1
19	rs10423138	58928302	0	5.674602e-04	8.249404e-05	1
19	rs10423778	58627574	0	8.173272e-04	1.445707e-04	1
19	rs10424179	58627725	0	8.173272e-04	1.445707e-04	1
19	rs10425266	58694416	0	4.170094e-04	7.342349e-05	1
19	rs10425685	58703085	0	4.170094e-04	7.342349e-05	1
19	rs10469313	58892510	0	-1.035165e-03	-1.646508e-04	1
19	rs1051500	58944402	0	5.674602e-04	8.249402e-05	1
19	rs1057402	58580277	0	2.704395e-04	4.403854e-05	1
19	rs1064267	58597405	0	1.052099e-03	2.062339e-04	1
19	rs10775573	58614974	0	9.455842e-04	1.472265e-04	1
19	rs10775574	58615053	0	9.455842e-04	1.472265e-04	1
19	rs1080416	58559785	0	1.601147e-03	3.359814e-04	1
19	rs10853902	58614749	0	9.455842e-04	1.472264e-04	1
19	rs10853903	58714926	0	3.686073e-04	6.465546e-05	1
19	rs10853904	58885260	0	-2.166030e-05	-4.664014e-06	1
19	rs10878	58595676	0	6.450756e-04	1.155658e-04	1
19	rs1107399	58955556	0	8.053554e-04	1.454602e-04	1
19	rs11084528	58527472	0	1.366213e-03	2.221248e-04	1
19	rs11084531	58582586	0	-1.395423e-03	-2.431423e-04	1
19	rs11084532	58583939	0	-1.395423e-03	-2.431423e-04	1
19	rs11084534	58613950	0	9.455842e-04	1.472264e-04	1
19	rs11084535	58614035	0	9.455842e-04	1.472264e-04	1
19	rs11084537	58629227	0	-6.442590e-04	-1.293264e-04	1
19	rs11084538	58629238	0	-3.401024e-04	-6.323167e-05	1
19	rs11084542	58932099	0	1.122326e-03	2.164189e-04	1
19	rs11084543	58932701	0	1.122326e-03	2.164189e-04	1
19	rs11084544	58940127	0	1.122326e-03	2.164188e-04	1
19	rs11084545	58951693	0	1.364200e-04	1.942857e-05	1
19	rs111426967	58526736	0	2.956877e-04	6.421154e-05	1
19	rs111476488	58632584	0	-2.135526e-04	-3.869620e-05	1
19	rs111497992	58952247	0	2.290776e-04	5.655058e-05	1
19	rs111728832	58712814	0	-4.552748e-04	-1.199092e-04	1
19	rs111938040	58682195	0	-6.059473e-04	-1.567849e-04	1
19	rs111961880	58521852	0	-8.872124e-06	-2.059157e-06	1
19	rs112072625	58851928	0	-1.166692e-03	-2.871535e-04	1
19	rs112121304	58747493	0	2.808892e-04	6.210764e-05	1
19	rs1122955	58946203	0	1.122326e-03	2.164188e-04	1
19	rs112380274	58538047	0	-1.695114e-04	-4.001072e-05	1
19	rs112630877	58713159	0	3.236698e-04	7.385512e-05	1
19	rs112710702	58907700	0	3.294355e-04	8.289277e-05	1
19	rs112809147	58521822	0	4.973023e-04	1.106639e-04	1
19	rs112884174	58795474	0	-4.164171e-04	-6.853463e-05	1
19	rs112905868	58696543	0	3.665445e-04	6.509265e-05	1
19	rs112923015	58843344	0	-1.166692e-03	-2.871535e-04	1
19	rs113038922	58848825	4	-6.846754e-04	-1.686705e-04	1
19	rs113129007	58572389	0	-4.634675e-04	-1.187639e-04	1
19	rs113702420	58728671	0	-3.052515e-04	-7.825893e-05	1
19	rs113744797	58793000	0	-3.983322e-04	-1.001059e-04	1
19	rs113747485	58702661	0	3.866956e-04	8.609399e-05	1
19	rs113782954	58521588	0	-3.717794e-04	-6.400116e-05	1
19	rs113896797	58522122	0	-1.983149e-04	-3.347895e-05	1
19	rs113897676	58526091	1	4.929407e-04	1.067705e-04	1
19	rs113909979	58843146	0	-1.166692e-03	-2.871534e-04	1
19	rs113992190	58531244	0	4.973023e-04	1.106639e-04	1
19	rs115134660	58671275	0	-1.906835e-05	-4.399028e-06	1
19	rs11665688	58953762	0	8.314791e-04	1.550801e-04	1
19	rs11666156	58790359	0	-6.419239e-04	-9.747995e-05	1
19	rs11666227	58573559	0	-8.313657e-04	-1.320617e-04	1
19	rs11666303	58922502	0	1.122326e-03	2.164188e-04	1
19	rs11666477	58777937	0	9.397983e-04	1.505173e-04	1
19	rs11666502	58953826	0	8.314791e-04	1.550800e-04	1
19	rs11666610	58527828	0	1.614885e-03	2.723661e-04	1
19	rs11666716	58920952	0	1.122326e-03	2.164187e-04	1
19	rs11666928	58914231	0	1.108533e-03	2.106618e-04	1
19	rs11667482	58568958	0	-2.283257e-03	-4.447753e-04	1
19	rs11667581	58622193	0	9.277882e-04	1.443953e-04	1
19	rs11667723	58927489	0	1.122326e-03	2.164186e-04	1
19	rs11668350	58775813	0	-7.499540e-06	-1.178010e-06	1
19	rs11668420	58937836	0	1.122326e-03	2.164186e-04	1
19	rs11668757	58928299	0	1.348438e-03	2.734875e-04	1
19	rs11668785	58780089	0	1.117941e-03	1.838340e-04	1
19	rs11668789	58928309	0	1.122326e-03	2.164186e-04	1
19	rs11668814	58946833	0	1.122326e-03	2.164185e-04	1
19	rs11668821	58955813	0	7.868602e-04	1.460973e-04	1
19	rs11669093	58912795	0	-6.680346e-05	-1.399539e-05	1
19	rs11669305	58886431	0	2.044258e-04	3.892331e-05	1
19	rs11669347	58951632	0	8.237030e-04	1.508594e-04	1
19	rs11669373	58798685	0	-5.347033e-04	-8.091717e-05	1
19	rs11669378	58951686	0	6.233307e-04	1.114949e-04	1
19	rs11669665	58931885	2	1.098422e-03	2.112733e-04	1
19	rs11669829	58624120	0	-2.425801e-04	-4.561592e-05	1
19	rs11669919	58580394	0	-1.395423e-03	-2.431421e-04	1
19	rs11670035	58573649	0	-7.039308e-04	-1.122637e-04	1
19	rs11670075	58751393	0	2.253558e-04	3.520938e-05	1
19	rs11670322	58917125	0	1.254743e-03	2.503152e-04	1
19	rs11670347	58917040	0	1.296225e-03	2.641932e-04	1
19	rs11670848	58580962	0	-1.395423e-03	-2.431420e-04	1
19	rs11670871	58940514	0	1.122326e-03	2.164185e-04	1
19	rs11671199	58722673	0	-6.587394e-05	-1.143806e-05	1
19	rs11671477	58800346	0	-5.347033e-04	-8.091717e-05	1
19	rs11671486	58793064	0	-4.077136e-04	-6.161612e-05	1
19	rs11671591	58918337	0	1.122326e-03	2.164185e-04	1
19	rs11671725	58587046	0	-1.395423e-03	-2.431420e-04	1
19	rs11672258	58934685	0	1.122326e-03	2.164184e-04	1
19	rs11672379	58575800	0	1.665863e-03	3.112836e-04	1
19	rs11672645	58718698	0	-1.015777e-03	-1.812886e-04	1
19	rs11672765	58801758	0	-1.539041e-03	-2.622057e-04	1
19	rs11672773	58801784	0	-1.537002e-03	-2.624977e-04	1
19	rs11673069	58934918	0	1.348438e-03	2.734873e-04	1
19	rs11673436	58576358	0	-1.395423e-03	-2.431419e-04	1
19	rs11673550	58777337	0	9.064368e-05	1.305323e-05	1
19	rs11673557	58777390	0	-1.487476e-05	-2.152920e-06	1
19	rs116922203	58537659	0	-3.143146e-04	-7.953328e-05	1
19	rs116938565	58752980	0	-1.058802e-03	-2.776122e-04	1
19	rs117121674	58619217	0	9.245209e-04	2.658208e-04	1
19	rs117207849	58645844	0	-3.975406e-04	-1.041291e-04	1
19	rs117233340	58531540	0	-1.437698e-04	-3.607231e-05	1
19	rs117465682	58954770	0	4.046186e-04	1.038176e-04	1
19	rs117482759	58808414	0	-1.847973e-04	-4.740538e-05	1
19	rs117509647	58580355	0	4.334127e-04	1.078557e-04	1
19	rs117591817	58875573	0	-3.175997e-04	-8.388730e-05	1
19	rs117667229	58690935	0	3.710249e-04	9.105854e-05	1
19	rs117761389	58665641	0	3.156941e-04	8.089811e-05	1
19	rs117800501	58649809	0	2.703364e-04	6.731028e-05	1
19	rs117831716	58571600	0	8.334807e-04	2.266581e-04	1
19	rs117962485	58794158	0	-1.314745e-04	-3.440179e-05	1
19	rs118058287	58726678	0	4.046938e-04	9.858829e-05	1
19	rs118122480	58697975	0	5.818088e-04	1.578281e-04	1
19	rs118165397	58873238	0	6.480182e-04	1.551448e-04	1
19	rs11878198	58920302	0	1.122326e-03	2.164184e-04	1
19	rs11878203	58920050	0	1.122326e-03	2.164183e-04	1
19	rs11879192	58613591	0	9.455842e-04	1.472263e-04	1
19	rs11879575	58660968	0	-3.609951e-04	-6.640196e-05	1
19	rs11879748	58613819	0	9.455842e-04	1.472263e-04	1
19	rs11879808	58876517	0	-6.301032e-04	-1.361774e-04	1
19	rs11881000	58932788	0	1.122326e-03	2.164183e-04	1
19	rs11881126	58523990	0	1.068654e-03	1.629001e-04	1
19	rs11882439	58730564	0	-1.107389e-03	-2.068803e-04	1
19	rs11883119	58750511	0	-1.126614e-03	-2.979813e-04	1
19	rs11883136	58750671	0	-1.058802e-03	-2.776121e-04	1
19	rs12151036	58714235	0	2.553340e-04	4.451796e-05	1
19	rs12459294	58878494	0	-4.102896e-04	-8.898725e-05	1
19	rs12459340	58878484	0	-5.594942e-04	-8.292903e-05	1
19	rs12459664	58883817	0	-2.166030e-05	-4.663973e-06	1
19	rs12459668	58883897	0	1.417369e-05	3.259842e-06	1
19	rs12459942	58678797	0	3.156941e-04	8.089810e-05	1
19	rs12460016	58784640	0	-6.910209e-04	-1.236827e-04	1
19	rs12460050	58666109	0	-1.039326e-03	-1.886157e-04	1
19	rs12460553	58903304	0	3.517296e-04	5.464810e-05	1
19	rs12460623	58903574	0	4.021944e-04	6.280420e-05	1
19	rs12460974	58537461	0	-6.616038e-04	-1.050791e-04	1
19	rs12461217	58579927	0	1.761959e-03	3.411131e-04	1
19	rs12461356	58668553	0	1.436672e-04	2.218104e-05	1
19	rs12461832	58611210	0	9.455842e-04	1.472262e-04	1
19	rs12462307	58784732	0	9.370761e-05	1.471890e-05	1
19	rs12462787	58801360	0	-1.010568e-05	-1.732535e-06	1
19	rs12608795	58896477	0	-8.992005e-04	-1.526724e-04	1
19	rs12609270	58888787	0	-1.178326e-03	-1.871846e-04	1
19	rs12611047	58889108	0	-8.178195e-04	-1.268562e-04	1
19	rs1265953	58854566	0	1.243629e-03	3.099863e-04	1
19	rs1265954	58854600	0	1.166692e-03	2.871533e-04	1
19	rs1265955	58856812	0	1.061174e-03	2.566457e-04	1
19	rs1265956	58857131	0	1.395544e-03	3.472064e-04	1
19	rs1265957	58858676	0	1.151459e-04	2.848322e-05	1
19	rs1265961	58860387	0	5.422008e-04	9.661766e-05	1
19	rs1268538	58853363	0	-1.166692e-03	-2.871532e-04	1
19	rs12971534	58541508	0	2.039945e-03	5.198496e-04	1
19	rs12971923	58634625	0	-2.336475e-03	-5.842421e-04	1
19	rs12971940	58541514	0	2.015342e-03	5.113702e-04	1
19	rs12972034	58690818	0	-8.613458e-04	-1.502853e-04	1
19	rs12972054	58735053	0	-1.791422e-03	-3.927724e-04	1
19	rs12972438	58728126	0	-9.265317e-04	-1.610478e-04	1
19	rs12972443	58757870	0	2.253558e-04	3.520938e-05	1
19	rs12972884	58749797	0	1.962236e-04	3.047856e-05	1
19	rs12973189	58618974	0	1.842800e-04	2.670524e-05	1
19	rs12973218	58729931	0	-1.060332e-03	-1.962616e-04	1
19	rs12973231	58729904	0	-1.060332e-03	-1.962616e-04	1
19	rs12973458	58729973	0	-1.107389e-03	-2.068802e-04	1
19	rs12973718	58580615	0	1.286025e-03	2.703209e-04	1
19	rs12974045	58612080	1	9.788565e-04	1.485909e-04	1
19	rs12974312	58612154	0	9.455842e-04	1.472262e-04	1
19	rs12975369	58693418	0	-1.084239e-03	-1.981084e-04	1
19	rs12975659	58612122	0	-7.239853e-04	-1.463674e-04	1
19	rs12975995	58553864	0	1.764404e-03	4.019309e-04	1
19	rs12976331	58751639	0	3.716127e-04	5.945702e-05	1
19	rs12976771	58614336	0	9.455842e-04	1.472262e-04	1
19	rs12976842	58614404	0	9.455842e-04	1.472262e-04	1
19	rs12976966	58647516	0	-1.026962e-03	-2.038200e-04	1
19	rs12977251	58605521	0	1.215357e-03	1.969076e-04	1
19	rs12977390	58614604	0	9.455842e-04	1.472261e-04	1
19	rs12977863	58702050	0	-1.084239e-03	-1.981084e-04	1
19	rs12977929	58688430	0	-9.730984e-04	-1.724177e-04	1
19	rs12978129	58725724	0	-7.586104e-04	-1.305057e-04	1
19	rs12978139	58732605	0	-1.203172e-03	-2.290682e-04	1
19	rs12978152	58732656	0	-1.196086e-03	-2.023828e-04	1
19	rs12978231	58614357	0	9.455842e-04	1.472261e-04	1
19	rs12979108	58732779	0	-1.203172e-03	-2.290681e-04	1
19	rs12979415	58952608	0	8.375673e-04	2.243381e-04	1
19	rs12979906	58732532	0	-1.721185e-03	-3.213290e-04	1
19	rs12980120	58618223	0	-3.647155e-04	-7.002015e-05	1
19	rs12980208	58860812	0	1.243482e-03	3.099376e-04	1
19	rs12980211	58611169	0	9.455842e-04	1.472261e-04	1
19	rs12980299	58787473	0	-4.077136e-04	-6.161608e-05	1
19	rs12980623	58624996	0	-1.649044e-03	-3.703542e-04	1
19	rs12980907	58956326	0	7.868602e-04	1.460970e-04	1
19	rs12981338	58618736	0	1.349017e-04	1.965500e-05	1
19	rs12981417	58596956	0	1.039815e-04	1.901344e-05	1
19	rs12981649	58930043	0	1.122326e-03	2.164182e-04	1
19	rs12981684	58632144	0	-2.336475e-03	-5.842420e-04	1
19	rs12981875	58935130	0	1.122326e-03	2.164182e-04	1
19	rs12982505	58613285	0	3.415562e-04	5.272515e-05	1
19	rs12982863	58715418	0	-1.084239e-03	-1.981083e-04	1
19	rs12983138	58655373	0	-1.037476e-03	-1.623904e-04	1
19	rs12983169	58768177	0	3.851225e-04	6.232082e-05	1
19	rs12983679	58923736	0	7.098322e-04	1.285072e-04	1
19	rs12983701	58613499	0	9.455842e-04	1.472261e-04	1
19	rs12983728	58671267	0	-1.064876e-03	-2.132381e-04	1
19	rs12983843	58923618	0	1.122326e-03	2.164181e-04	1
19	rs12984015	58613031	0	9.455842e-04	1.472261e-04	1
19	rs12984254	58613113	0	9.455842e-04	1.472261e-04	1
19	rs12984878	58562150	0	1.458306e-03	2.950549e-04	1
19	rs12985543	58689072	0	-9.730984e-04	-1.724176e-04	1
19	rs12986027	58793596	0	-4.077136e-04	-6.161607e-05	1
19	rs12986378	58727821	0	-1.025512e-03	-1.830957e-04	1
19	rs12986387	58927215	0	1.122326e-03	2.164181e-04	1
19	rs13343526	58908150	0	4.637671e-04	9.477521e-05	1
19	rs13344679	58693697	0	4.246382e-04	7.483877e-05	1
19	rs13345808	58674696	0	-1.530670e-04	-2.522112e-05	1
19	rs13346342	58522715	0	-8.361874e-04	-1.675422e-04	1
19	rs13382065	58903698	0	-3.247096e-04	-5.077722e-05	1
19	rs139211863	58843003	0	-1.166692e-03	-2.871531e-04	1
19	rs140171882	58659248	0	-4.491416e-04	-8.311604e-05	1
19	rs140214515	58654197	0	-1.859683e-04	-4.770593e-05	1
19	rs140755790	58680275	0	-5.082261e-05	-1.153978e-05	1
19	rs141669549	58690674	0	2.155218e-04	3.926141e-05	1
19	rs141815249	58690989	0	3.710249e-04	9.105851e-05	1
19	rs142677013	58655817	0	-7.782371e-05	-1.923910e-05	1
19	rs143096975	58622408	0	3.198080e-04	7.936074e-05	1
19	rs143314212	58810770	0	-8.630203e-04	-2.279141e-04	1
19	rs143712775	58643218	0	-3.099152e-04	-7.365256e-05	1
19	rs144310654	58669338	0	1.228744e-04	3.167941e-05	1
19	rs144479077	58634823	0	2.484727e-05	6.440377e-06	1
19	rs144760313	58894031	0	-1.139303e-05	-2.596138e-06	1
19	rs1465789	58946056	0	5.674602e-04	8.249365e-05	1
19	rs1469087	58572979	0	4.308599e-04	8.951769e-05	1
19	rs147878006	58887658	0	2.059935e-04	4.495029e-05	1
19	rs148493024	58655648	0	4.816231e-04	1.236422e-04	1
19	rs148953731	58662865	0	9.983028e-05	2.304962e-05	1
19	rs149513825	58925379	0	4.046186e-04	1.038176e-04	1
19	rs149594935	58681857	0	-7.454786e-04	-1.841554e-04	1
19	rs149863732	58917068	0	1.296225e-03	2.641932e-04	1
19	rs150191918	58691030	0	-1.041019e-06	-2.573436e-07	1
19	rs150752046	58888366	0	5.847041e-04	1.396639e-04	1
19	rs150892142	58743405	0	-5.296175e-04	-1.336994e-04	1
19	rs1529329	58600048	0	-6.155717e-04	-1.130423e-04	1
19	rs1529958	58899466	0	-1.352129e-03	-2.294346e-04	1
19	rs1529959	58899342	0	-9.694703e-04	-1.587578e-04	1
19	rs1544796	58542425	0	1.039035e-03	2.375449e-04	1
19	rs1544888	58570912	0	1.364544e-03	2.391073e-04	1
19	rs1549279	58528621	0	2.138008e-04	3.121597e-05	1
19	rs1549491	58588434	0	-2.647459e-04	-4.416900e-05	1
19	rs1549492	58585248	0	-1.414554e-04	-2.327892e-05	1
19	rs1549493	58585367	0	1.572578e-05	2.594523e-06	1
19	rs1549495	58529518	0	1.614885e-03	2.723660e-04	1
19	rs157355	58692686	0	-4.581298e-04	-7.208152e-05	1
19	rs157357	58693870	0	5.372841e-04	1.101786e-04	1
19	rs157358	58643751	0	-3.176580e-04	-6.095891e-05	1
19	rs157360	58650058	0	8.863661e-04	1.645671e-04	1
19	rs157361	58676017	0	6.073645e-04	1.215681e-04	1
19	rs157362	58675894	0	1.070754e-03	2.264621e-04	1
19	rs157363	58675603	0	6.073645e-04	1.215681e-04	1
19	rs157364	58675220	0	3.642537e-04	5.384464e-05	1
19	rs157365	58674756	0	4.113112e-04	6.112430e-05	1
19	rs157366	58674526	0	4.150763e-04	6.252827e-05	1
19	rs157367	58674310	0	5.931429e-04	1.169257e-04	1
19	rs157369	58672078	0	1.106447e-03	1.796844e-04	1
19	rs157370	58671178	0	1.106447e-03	1.796844e-04	1
19	rs157371	58669973	0	1.219961e-03	2.014767e-04	1
19	rs157372	58668597	0	1.106447e-03	1.796844e-04	1
19	rs157373	58666990	0	2.171324e-03	6.018061e-04	1
19	rs157374	58666086	0	2.284837e-03	6.633647e-04	1
19	rs157375	58665001	0	2.171324e-03	6.018059e-04	1
19	rs157376	58663457	0	-1.527920e-04	-3.023172e-05	1
19	rs157378	58696697	0	-1.039798e-03	-1.713864e-04	1
19	rs157379	58696598	0	-1.039798e-03	-1.713863e-04	1
19	rs1592993	58555971	0	-2.962518e-04	-6.433449e-05	1
19	rs1592994	58555932	0	-1.228172e-04	-2.659891e-05	1
19	rs1592995	58555850	0	-2.962518e-04	-6.433449e-05	1
19	rs159667	58648359	0	1.171936e-03	1.885980e-04	1
19	rs159668	58643841	0	-3.176580e-04	-6.095897e-05	1
19	rs159670	58641777	0	-3.752278e-04	-6.990989e-05	1
19	rs159671	58641701	0	-2.896375e-04	-5.381866e-05	1
19	rs159672	58641686	0	2.217967e-03	6.396877e-04	1
19	rs159673	58641457	0	-2.896375e-04	-5.381867e-05	1
19	rs159674	58670181	0	-1.365119e-04	-2.699934e-05	1
19	rs159675	58668765	0	-3.463050e-04	-5.234891e-05	1
19	rs159676	58666427	0	-2.270756e-04	-3.394856e-05	1
19	rs159677	58665490	0	-3.179662e-04	-4.738177e-05	1
19	rs159678	58679085	0	6.763992e-04	1.360609e-04	1
19	rs159679	58661732	0	8.634806e-06	1.274841e-06	1
19	rs159680	58661581	0	2.171324e-03	6.018056e-04	1
19	rs159870	58549366	0	-7.288410e-04	-1.193978e-04	1
19	rs159871	58550281	0	-2.252866e-04	-3.571998e-05	1
19	rs159872	58547449	0	-4.576414e-04	-7.334605e-05	1
19	rs159873	58547516	0	-4.576414e-04	-7.334604e-05	1
19	rs159874	58548431	0	7.116102e-04	1.609281e-04	1
19	rs166343	58775182	0	3.559006e-05	5.129563e-06	1
19	rs166830	58658950	1	1.494168e-03	3.373295e-04	1
19	rs166831	58676446	0	6.073645e-04	1.215680e-04	1
19	rs169776	58550436	0	7.116102e-04	1.609281e-04	1
19	rs16988654	58837269	0	-8.249827e-04	-1.829152e-04	1
19	rs16988659	58840850	0	-1.374415e-03	-3.542065e-04	1
19	rs16988665	58840905	0	-1.166692e-03	-2.871530e-04	1
19	rs16988667	58842180	0	-1.323873e-03	-3.366738e-04	1
19	rs16988668	58850756	0	-1.166692e-03	-2.871530e-04	1
19	rs171851	58758900	0	-4.358822e-04	-7.856918e-05	1
19	rs171852	58754386	0	-2.105264e-04	-2.958426e-05	1
19	rs171853	58685051	0	6.607642e-04	1.079864e-04	1
19	rs171854	58666802	0	-9.157520e-07	-1.692630e-07	1
19	rs174280	58711922	0	-5.569756e-04	-8.792268e-05	1
19	rs174281	58735457	0	1.413244e-04	2.821252e-05	1
19	rs176981	58655580	0	2.218118e-04	3.989290e-05	1
19	rs17853924	58806686	0	-3.168459e-05	-7.450195e-06	1
19	rs1808397	58572356	0	1.507793e-03	2.752085e-04	1
19	rs1812874	58632506	0	-2.425801e-04	-4.561620e-05	1
19	rs181320759	58658446	0	-3.162712e-04	-5.883855e-05	1
19	rs181994	58746054	0	-3.224226e-04	-6.041394e-05	1
19	rs182055294	58526154	6	3.008410e-04	6.429320e-05	1
19	rs183304547	58609059	0	9.245209e-04	2.658208e-04	1
19	rs184128	58548760	0	-9.365232e-04	-1.604531e-04	1
19	rs185161330	58916579	1	1.923861e-04	3.478566e-05	1
19	rs185464	58776863	0	-1.399866e-03	-2.297325e-04	1
19	rs185791	58644371	0	4.202753e-04	7.316884e-05	1
19	rs1865960	58894235	0	-2.699610e-04	-5.853828e-05	1
19	rs187760	58775192	0	3.559006e-05	5.129568e-06	1
19	rs188370	58529192	0	-2.914086e-05	-4.610555e-06	1
19	rs188415	58616313	0	-1.523009e-03	-3.158967e-04	1
19	rs188486366	58526153	6	3.008410e-04	6.429319e-05	1
19	rs190729	58658029	0	1.039168e-03	1.626331e-04	1
19	rs190882	58529365	0	1.985129e-04	3.155415e-05	1
19	rs190975	58631968	0	-6.278370e-04	-1.675905e-04	1
19	rs193390	58548658	0	1.071532e-03	2.379485e-04	1
19	rs1968868	58678383	0	3.150952e-04	5.634645e-05	1
19	rs1974819	58656963	0	7.369478e-05	1.372758e-05	1
19	rs1974826	58590145	0	1.572578e-05	2.594582e-06	1
19	rs1985434	58764185	0	-1.654133e-03	-2.746802e-04	1
19	rs1987625	58632634	0	-6.442590e-04	-1.293266e-04	1
19	rs1987626	58632649	0	-2.425801e-04	-4.561621e-05	1
19	rs1993463	58786898	0	-5.602881e-04	-1.342127e-04	1
19	rs1993464	58786953	0	-4.077764e-04	-6.566564e-05	1
19	rs2013635	58646792	0	-6.804421e-05	-1.250110e-05	1
19	rs204216	58660769	0	2.171324e-03	6.018054e-04	1
19	rs2046357	58673534	0	-5.082261e-05	-1.153977e-05	1
19	rs2052733	58625864	0	-2.425801e-04	-4.561622e-05	1
19	rs2052734	58626005	0	-2.680287e-04	-5.023823e-05	1
19	rs2052735	58626112	0	-3.196003e-04	-5.947937e-05	1
19	rs2062251	58715682	0	-1.084239e-03	-1.981083e-04	1
19	rs2081578	58669335	0	-1.906835e-05	-4.399057e-06	1
19	rs2098685	58630409	0	3.783185e-04	7.080396e-05	1
19	rs2098686	58630043	0	-2.896375e-04	-5.381874e-05	1
19	rs2098687	58630023	0	-2.896375e-04	-5.381874e-05	1
19	rs2098717	58524390	0	-5.795834e-04	-1.327587e-04	1
19	rs2100610	58802349	0	2.529223e-05	6.099103e-06	1
19	rs2112825	58614156	0	-4.889430e-04	-9.166040e-05	1
19	rs211579	58615270	0	-6.278891e-04	-1.236232e-04	1
19	rs2124911	58696798	0	-1.084239e-03	-1.981083e-04	1
19	rs2168644	58788393	0	-4.077136e-04	-6.161602e-05	1
19	rs2229375	58578578	0	-1.395423e-03	-2.431415e-04	1
19	rs2229379	58579923	0	-1.500890e-03	-2.719061e-04	1
19	rs2241406	58549593	0	8.259907e-04	1.891473e-04	1
19	rs2241787	58906163	0	-9.571982e-04	-1.582860e-04	1
19	rs2258557	58596449	0	-1.329374e-03	-2.890709e-04	1
19	rs2260914	58598784	0	-8.356354e-04	-1.551475e-04	1
19	rs2287837	58598670	0	-6.155717e-04	-1.130425e-04	1
19	rs2288274	58572959	0	1.631084e-03	3.061035e-04	1
19	rs2289143	58904715	0	6.503909e-04	1.235877e-04	1
19	rs2375233	58617203	0	3.876064e-04	6.733656e-05	1
19	rs2375234	58633323	0	-2.425801e-04	-4.561624e-05	1
19	rs2375235	58634745	0	-2.896375e-04	-5.381876e-05	1
19	rs2375470	58864867	0	1.128972e-03	2.796313e-04	1
19	rs2431835	58647214	0	-4.777822e-04	-7.088669e-05	1
19	rs2445854	58777608	1	1.313731e-03	2.120041e-04	1
19	rs2445855	58785181	0	-3.912971e-04	-6.166140e-05	1
19	rs2445856	58701358	0	-9.806884e-04	-1.587889e-04	1
19	rs2445857	58708507	0	4.742583e-04	9.889063e-05	1
19	rs2445858	58708730	0	-1.189421e-03	-1.999489e-04	1
19	rs2445859	58734330	0	7.086107e-06	1.467746e-06	1
19	rs2449628	58781945	0	3.603815e-04	5.192614e-05	1
19	rs2449629	58781917	0	6.899991e-04	1.008724e-04	1
19	rs2449631	58781652	0	-3.319166e-04	-4.723926e-05	1
19	rs2449632	58781379	0	3.603815e-04	5.192615e-05	1
19	rs2449634	58795207	0	-1.024765e-03	-2.188898e-04	1
19	rs2449635	58785227	0	-6.817278e-04	-1.066365e-04	1
19	rs2449636	58785202	0	-2.504022e-04	-4.136004e-05	1
19	rs2449638	58735033	0	7.086107e-06	1.467750e-06	1
19	rs2449639	58777772	0	5.095454e-04	7.463937e-05	1
19	rs2547257	58610107	0	-1.505591e-03	-3.149574e-04	1
19	rs2547258	58638685	0	4.673328e-04	8.270091e-05	1
19	rs2547259	58637237	0	-2.896375e-04	-5.381876e-05	1
19	rs2547260	58635294	0	-1.041974e-03	-1.643104e-04	1
19	rs2547295	58617479	0	-2.425801e-04	-4.561625e-05	1
19	rs2547296	58622896	0	-3.401024e-04	-6.323209e-05	1
19	rs2547297	58623249	0	-2.425801e-04	-4.561626e-05	1
19	rs2547298	58626436	0	-2.425801e-04	-4.561626e-05	1
19	rs2547347	58627459	0	-2.425801e-04	-4.561626e-05	1
19	rs2547348	58626879	0	-2.425801e-04	-4.561626e-05	1
19	rs2547349	58626742	0	-2.425801e-04	-4.561626e-05	1
19	rs2547350	58622950	0	-3.175633e-04	-6.006905e-05	1
19	rs2547351	58620965	0	-2.425801e-04	-4.561627e-05	1
19	rs2547352	58610720	0	-6.244340e-04	-1.164678e-04	1
19	rs2547355	58635125	0	-2.896375e-04	-5.381878e-05	1
19	rs2547356	58635146	0	-2.896375e-04	-5.381878e-05	1
19	rs2547357	58636155	0	-2.896375e-04	-5.381879e-05	1
19	rs2547358	58636656	0	-2.425801e-04	-4.561627e-05	1
19	rs2547359	58637389	0	-2.896375e-04	-5.381879e-05	1
19	rs2547360	58638399	0	4.202753e-04	7.316875e-05	1
19	rs2554963	58625364	0	-4.565471e-04	-8.289557e-05	1
19	rs2554964	58625504	0	-4.875403e-04	-9.659317e-05	1
19	rs2554965	58625638	0	-3.401024e-04	-6.323212e-05	1
19	rs2554966	58627271	0	-2.425801e-04	-4.561629e-05	1
19	rs2554967	58627382	0	-6.442590e-04	-1.293267e-04	1
19	rs2554968	58627406	0	-3.647155e-04	-7.002039e-05	1
19	rs2554970	58636732	0	-2.135526e-04	-3.869604e-05	1
19	rs2554972	58636174	0	-2.425801e-04	-4.561629e-05	1
19	rs2554973	58631032	0	-2.896375e-04	-5.381881e-05	1
19	rs2554978	58609677	0	-7.225592e-04	-1.472219e-04	1
19	rs2554981	58620273	0	-5.579778e-04	-1.037897e-04	1
19	rs2554982	58620524	0	-3.401024e-04	-6.323213e-05	1
19	rs2554983	58620872	0	-2.425801e-04	-4.561629e-05	1
19	rs2554984	58621104	0	-3.401024e-04	-6.323214e-05	1
19	rs2554985	58621438	0	-5.481628e-04	-1.073065e-04	1
19	rs2554986	58621492	0	-3.647155e-04	-7.002040e-05	1
19	rs2554987	58622985	0	-2.425801e-04	-4.561630e-05	1
19	rs260413	58710468	0	4.742583e-04	9.889065e-05	1
19	rs260415	58715944	0	-5.124232e-04	-8.222427e-05	1
19	rs260416	58717025	0	2.160643e-04	4.198478e-05	1
19	rs260418	58720918	0	1.550737e-03	2.977220e-04	1
19	rs260419	58721952	0	4.584440e-04	9.679564e-05	1
19	rs260420	58731704	0	7.086107e-06	1.467755e-06	1
19	rs260421	58731390	0	-1.243144e-03	-2.119241e-04	1
19	rs260422	58729833	0	-1.559867e-03	-2.853901e-04	1
19	rs260424	58726569	0	8.929673e-04	2.138507e-04	1
19	rs260425	58735740	0	1.413244e-04	2.821255e-05	1
19	rs260426	58736177	0	-2.704896e-05	-5.410429e-06	1
19	rs260427	58736226	0	-5.729018e-04	-1.096979e-04	1
19	rs260428	58736625	0	8.758469e-06	1.738778e-06	1
19	rs260430	58737161	0	-5.905298e-05	-1.169180e-05	1
19	rs260432	58738273	0	-5.905298e-05	-1.169180e-05	1
19	rs260433	58738897	0	-2.709156e-03	-7.311637e-04	1
19	rs260434	58739039	0	3.176267e-04	6.265350e-05	1
19	rs260435	58739704	0	-5.905298e-05	-1.169178e-05	1
19	rs260436	58739710	0	-1.061104e-04	-2.109490e-05	1
19	rs260437	58739744	0	-1.071087e-04	-2.115237e-05	1
19	rs260438	58740339	0	-5.905298e-05	-1.169178e-05	1
19	rs260444	58745470	0	-1.967423e-04	-3.017911e-05	1
19	rs260446	58746861	0	-4.492209e-04	-8.619894e-05	1
19	rs260448	58764375	0	-1.465006e-03	-2.347686e-04	1
19	rs260449	58765459	0	-3.383924e-04	-4.802300e-05	1
19	rs260450	58766410	0	-1.066488e-04	-1.496103e-05	1
19	rs260451	58766550	0	-3.383924e-04	-4.802300e-05	1
19	rs260452	58766874	0	-3.383924e-04	-4.802299e-05	1
19	rs260453	58767151	0	-3.383924e-04	-4.802299e-05	1
19	rs260454	58767168	0	-1.417949e-03	-2.241213e-04	1
19	rs260455	58767492	0	-3.680708e-04	-6.695205e-05	1
19	rs260456	58767565	0	-1.465006e-03	-2.347685e-04	1
19	rs260457	58767697	0	-3.383924e-04	-4.802295e-05	1
19	rs260459	58768500	0	-3.383924e-04	-4.802295e-05	1
19	rs260460	58769790	6	3.623310e-04	9.329631e-05	1
19	rs260461	58770883	0	-3.680708e-04	-6.695204e-05	1
19	rs260462	58774071	0	-3.344468e-05	-4.845260e-06	1
19	rs260464	58774762	0	3.559006e-05	5.129684e-06	1
19	rs260465	58775486	0	3.559006e-05	5.129685e-06	1
19	rs260466	58775737	0	-8.605189e-04	-1.293476e-04	1
19	rs260467	58776215	0	-2.732526e-04	-3.941952e-05	1
19	rs260468	58776630	0	-3.422873e-04	-4.979747e-05	1
19	rs260469	58776765	0	-2.732526e-04	-3.941951e-05	1
19	rs260472	58807757	0	8.630203e-04	2.279141e-04	1
19	rs260473	58798137	0	-5.612904e-04	-8.660248e-05	1
19	rs260474	58798300	0	-6.083479e-04	-9.450457e-05	1
19	rs260475	58798490	0	1.561233e-04	2.673846e-05	1
19	rs260476	58798598	0	-5.612904e-04	-8.660248e-05	1
19	rs260477	58798628	0	-5.476613e-04	-8.464551e-05	1
19	rs260478	58751030	0	-2.105264e-04	-2.958410e-05	1
19	rs260482	58748274	0	-7.383792e-04	-1.463947e-04	1
19	rs260483	58748180	0	-5.078743e-04	-9.848709e-05	1
19	rs260484	58758451	0	-1.269329e-03	-1.963944e-04	1
19	rs260486	58753937	0	-1.269329e-03	-1.963943e-04	1
19	rs260487	58685347	0	5.481686e-05	9.040333e-06	1
19	rs260488	58686991	0	6.595034e-04	1.388583e-04	1
19	rs260491	58664447	0	-3.609951e-04	-6.640182e-05	1
19	rs260492	58668565	0	-5.491193e-04	-1.024769e-04	1
19	rs260493	58671334	0	-4.356056e-04	-8.070099e-05	1
19	rs260495	58794240	0	7.718943e-05	1.319908e-05	1
19	rs260496	58794033	0	-3.041522e-04	-5.163491e-05	1
19	rs260497	58792213	0	-1.121578e-03	-1.878661e-04	1
19	rs260498	58792190	0	-6.921811e-04	-1.094251e-04	1
19	rs260499	58791716	0	7.718943e-05	1.319908e-05	1
19	rs260500	58791213	0	-1.121578e-03	-1.878661e-04	1
19	rs260501	58790807	0	-4.918088e-04	-7.626132e-05	1
19	rs260502	58790784	0	7.718943e-05	1.319908e-05	1
19	rs260503	58790095	0	-1.121578e-03	-1.878660e-04	1
19	rs281061	58643376	1	5.519192e-04	9.622250e-05	1
19	rs281063	58651941	0	-1.981014e-04	-2.938922e-05	1
19	rs281064	58649998	0	8.863661e-04	1.645668e-04	1
19	rs281065	58645577	0	-1.185088e-04	-1.727300e-05	1
19	rs281066	58644840	0	-3.176580e-04	-6.095909e-05	1
19	rs281069	58659039	2	3.600468e-04	5.140745e-05	1
19	rs281070	58658691	0	6.801119e-04	9.966983e-05	1
19	rs281072	58657714	0	-3.001702e-04	-4.500125e-05	1
19	rs281073	58656418	0	-3.151693e-04	-4.664341e-05	1
19	rs281074	58656176	0	2.171324e-03	6.018050e-04	1
19	rs281075	58655106	0	2.171324e-03	6.018049e-04	1
19	rs281076	58654307	0	2.142030e-04	3.148101e-05	1
19	rs281077	58653376	0	7.529418e-04	1.151357e-04	1
19	rs281078	58653320	0	-2.722831e-04	-5.303112e-05	1
19	rs281079	58678388	0	6.073645e-04	1.215679e-04	1
19	rs281080	58700131	2	-3.149040e-04	-4.541824e-05	1
19	rs281081	58698915	0	-5.726522e-04	-8.937887e-05	1
19	rs28521102	58597905	0	-7.585597e-04	-2.097157e-04	1
19	rs28725494	58633618	0	7.523366e-04	1.304826e-04	1
19	rs28757810	58813720	0	-4.832505e-04	-7.503958e-05	1
19	rs28840697	58825728	0	2.985858e-04	6.403078e-05	1
19	rs2889031	58659115	1	9.501194e-04	1.390141e-04	1
19	rs292821	58531419	0	4.092760e-05	8.161589e-06	1
19	rs292826	58540860	0	-4.576414e-04	-7.334604e-05	1
19	rs292827	58544472	0	7.103873e-05	1.095601e-05	1
19	rs292828	58545133	0	7.116102e-04	1.609281e-04	1
19	rs292831	58529741	0	4.092760e-05	8.161592e-06	1
19	rs2930099	58779403	0	-9.890058e-05	-1.708396e-05	1
19	rs2930100	58747687	0	-3.801861e-04	-7.279329e-05	1
19	rs295345	58654195	0	-7.050136e-04	-1.332050e-04	1
19	rs295346	58616280	0	-5.579778e-04	-1.037897e-04	1
19	rs295347	58616256	0	-1.475951e-03	-2.984191e-04	1
19	rs299847	58680688	0	1.681465e-04	3.454310e-05	1
19	rs3087604	58813750	0	-8.027520e-04	-1.284881e-04	1
19	rs3088284	58929427	0	1.122326e-03	2.164181e-04	1
19	rs34003091	58662254	0	-1.111148e-03	-2.244166e-04	1
19	rs34006653	58731821	1	-1.069117e-03	-1.990544e-04	1
19	rs34023391	58913368	0	1.036844e-03	1.984465e-04	1
19	rs34114202	58599443	0	6.165967e-04	1.116752e-04	1
19	rs34152946	58923263	0	1.122326e-03	2.164180e-04	1
19	rs34188294	58919557	0	1.072948e-03	2.053565e-04	1
19	rs34230465	58943576	0	1.122326e-03	2.164180e-04	1
19	rs34370122	58546475	0	1.576231e-03	3.396865e-04	1
19	rs34380569	58648528	0	-1.046031e-03	-1.900423e-04	1
19	rs34421357	58835863	0	-1.522004e-03	-3.670475e-04	1
19	rs34469398	58677396	0	-1.715523e-04	-4.308327e-05	1
19	rs34503352	58651296	0	-1.111148e-03	-2.244165e-04	1
19	rs34511020	58921296	0	1.122326e-03	2.164180e-04	1
19	rs34526068	58658066	0	6.801119e-04	9.966980e-05	1
19	rs34541537	58912737	0	8.333175e-04	1.611108e-04	1
19	rs34602933	58886495	1	-9.578485e-04	-1.513790e-04	1
19	rs34648696	58554613	0	2.251447e-03	6.287073e-04	1
19	rs34702066	58582806	0	1.761959e-03	3.411126e-04	1
19	rs34873624	58943402	0	1.122326e-03	2.164179e-04	1
19	rs34914886	58774094	0	-1.174085e-05	-2.959688e-06	1
19	rs34947459	58655880	0	-3.609951e-04	-6.640179e-05	1
19	rs34990434	58550992	0	1.764404e-03	4.019308e-04	1
19	rs35081008	58662235	0	-1.111148e-03	-2.244165e-04	1
19	rs35117909	58912906	0	1.040258e-03	2.006825e-04	1
19	rs35138622	58912788	0	1.015029e-03	1.962531e-04	1
19	rs35220005	58550233	0	1.654281e-03	3.640806e-04	1
19	rs35269060	58933392	0	7.696858e-04	1.401792e-04	1
19	rs35358425	58599760	0	3.723260e-04	6.522353e-05	1
19	rs35394955	58954859	0	-5.892877e-05	-8.903143e-06	1
19	rs35466206	58943252	0	1.122326e-03	2.164178e-04	1
19	rs35511051	58665817	0	-1.130217e-03	-2.084996e-04	1
19	rs35652377	58929200	0	1.122326e-03	2.164178e-04	1
19	rs35711932	58658152	0	-3.179662e-04	-4.738185e-05	1
19	rs35713506	58954919	0	-5.892877e-05	-8.903122e-06	1
19	rs35740250	58694015	0	-3.391144e-04	-8.481956e-05	1
19	rs35747322	58544096	0	2.015342e-03	5.113700e-04	1
19	rs35782676	58926345	0	1.287076e-03	2.557085e-04	1
19	rs36057771	58836133	0	-1.522004e-03	-3.670474e-04	1
19	rs36090113	58912384	0	8.766769e-04	1.623908e-04	1
19	rs36098050	58652725	0	-1.111148e-03	-2.244165e-04	1
19	rs36100363	58710837	0	-1.084239e-03	-1.981082e-04	1
19	rs36111946	58836128	0	-1.055488e-03	-2.393813e-04	1
19	rs365040	58799529	0	-1.010568e-05	-1.732578e-06	1
19	rs365699	58799652	0	-4.861554e-04	-7.343067e-05	1
19	rs370335292	58658750	0	-1.379388e-03	-2.671885e-04	1
19	rs371120005	58658933	0	-2.441392e-04	-4.493186e-05	1
19	rs371149	58779654	0	7.343639e-04	1.110631e-04	1
19	rs373337854	58658806	0	-2.460957e-04	-5.571639e-05	1
19	rs374431	58790713	0	-4.918088e-04	-7.626132e-05	1
19	rs3745129	58637498	0	-1.185088e-04	-1.727304e-05	1
19	rs3745142	58836745	0	-1.055488e-03	-2.393813e-04	1
19	rs3764529	58945089	0	1.122326e-03	2.164177e-04	1
19	rs3764531	58929305	0	-6.360417e-04	-9.316465e-05	1
19	rs3764532	58929222	0	1.122326e-03	2.164177e-04	1
19	rs3764533	58929194	0	1.591816e-03	2.739860e-04	1
19	rs3764534	58929136	0	5.674602e-04	8.249345e-05	1
19	rs3764535	58929052	0	1.522782e-03	2.567239e-04	1
19	rs3764536	58896712	0	-8.048502e-04	-1.327184e-04	1
19	rs376460183	58658873	0	-1.235436e-03	-2.387837e-04	1
19	rs376570508	58658612	0	-1.130217e-03	-2.084995e-04	1
19	rs378452	58786520	0	2.551104e-04	3.822391e-05	1
19	rs379075	58785739	0	-2.969990e-04	-4.451929e-05	1
19	rs3794974	58897652	0	7.660037e-04	1.281525e-04	1
19	rs3794975	58895950	0	-2.699610e-04	-5.853824e-05	1
19	rs3810126	58610254	0	9.455842e-04	1.472257e-04	1
19	rs3826677	58919002	0	1.254743e-03	2.503149e-04	1
19	rs3826678	58918917	0	1.254743e-03	2.503148e-04	1
19	rs3826679	58918817	0	1.254743e-03	2.503148e-04	1
19	rs3826680	58918800	0	1.254743e-03	2.503148e-04	1
19	rs3826681	58918764	0	1.122326e-03	2.164176e-04	1
19	rs3826682	58918748	0	1.122326e-03	2.164176e-04	1
19	rs3826683	58918733	0	1.122326e-03	2.164176e-04	1
19	rs3826684	58918705	0	1.122326e-03	2.164175e-04	1
19	rs384702	58552801	0	5.302669e-04	1.183962e-04	1
19	rs3848524	58816529	0	-1.230412e-03	-3.083744e-04	1
19	rs3892385	58602870	0	-9.302061e-04	-2.449621e-04	1
19	rs390667	58733011	0	7.086107e-06	1.467799e-06	1
19	rs392644	58780503	0	3.603815e-04	5.192628e-05	1
19	rs392687	58779566	0	5.489975e-04	8.149863e-05	1
19	rs3953740	58659362	0	4.568304e-05	7.418110e-06	1
19	rs400733	58797344	0	-3.609181e-04	-5.479839e-05	1
19	rs401706	58733555	0	-3.997136e-05	-8.316175e-06	1
19	rs403408	58684407	0	9.976955e-04	1.563458e-04	1
19	rs4084852	58835255	0	-1.522004e-03	-3.670473e-04	1
19	rs414948	58738375	0	-5.905298e-05	-1.169175e-05	1
19	rs424114	58733641	0	7.086107e-06	1.467802e-06	1
19	rs425516	58781229	0	4.294162e-04	6.180144e-05	1
19	rs425605	58786623	0	2.699652e-04	4.095464e-05	1
19	rs427988	58779785	0	3.603815e-04	5.192628e-05	1
19	rs429770	58787836	0	3.610794e-04	6.327052e-05	1
19	rs431093	58786084	0	-3.334587e-04	-4.939176e-05	1
19	rs432181	58799781	0	-4.861554e-04	-7.343066e-05	1
19	rs432426	58780131	0	-3.319166e-04	-4.723905e-05	1
19	rs435442	58807827	0	6.341685e-04	1.647186e-04	1
19	rs437183	58799635	0	-4.861554e-04	-7.343066e-05	1
19	rs437229	58790675	0	-9.212062e-04	-1.494654e-04	1
19	rs4372790	58953693	0	-6.169909e-04	-8.962229e-05	1
19	rs439333	58783027	0	4.294162e-04	6.180146e-05	1
19	rs4444432	58715538	0	-1.084239e-03	-1.981081e-04	1
19	rs446075	58766735	0	-3.383924e-04	-4.802287e-05	1
19	rs448147	58778070	0	9.255340e-04	1.414159e-04	1
19	rs448403	58786146	0	-9.053428e-04	-1.399404e-04	1
19	rs4496257	58669456	0	1.627356e-04	2.650709e-05	1
19	rs449697	58787977	0	7.718943e-05	1.319906e-05	1
19	rs4524039	58625270	0	1.149274e-04	2.147473e-05	1
19	rs453737	58800252	0	-7.275194e-04	-1.131633e-04	1
19	rs45475596	58881109	0	-3.427491e-04	-7.365412e-05	1
19	rs45535435	58846866	0	-1.166692e-03	-2.871527e-04	1
19	rs45571742	58552111	0	1.764404e-03	4.019308e-04	1
19	rs45589034	58640964	0	-2.135526e-04	-3.869608e-05	1
19	rs45598236	58521433	0	4.973023e-04	1.106638e-04	1
19	rs45601339	58718247	0	-5.794111e-05	-1.309400e-05	1
19	rs45617039	58951096	0	1.203019e-03	2.359158e-04	1
19	rs4584938	58899303	0	-6.488596e-04	-1.056851e-04	1
19	rs4599020	58691998	0	-8.496759e-04	-1.462898e-04	1
19	rs4603677	58950721	0	1.254743e-03	2.503148e-04	1
19	rs4608428	58618579	0	-2.425801e-04	-4.561634e-05	1
19	rs4801246	58522534	0	-6.205238e-04	-1.018280e-04	1
19	rs4801247	58522561	0	6.171373e-04	9.633545e-05	1
19	rs4801250	58616674	0	-1.267891e-03	-2.527283e-04	1
19	rs4801251	58617042	0	-5.579778e-04	-1.037897e-04	1
19	rs4801252	58631676	0	-6.442590e-04	-1.293267e-04	1
19	rs4801262	58848116	0	2.257281e-04	5.222477e-05	1
19	rs4801267	58882384	0	8.320843e-05	1.909189e-05	1
19	rs4801269	58927916	0	1.254743e-03	2.503147e-04	1
19	rs4801270	58932762	0	5.674602e-04	8.249329e-05	1
19	rs4801271	58953449	0	8.053554e-04	1.454598e-04	1
19	rs4801541	58521224	0	1.068654e-03	1.628998e-04	1
19	rs4801542	58522974	0	-3.388851e-04	-5.822953e-05	1
19	rs4801543	58523804	0	-3.388851e-04	-5.822953e-05	1
19	rs4801544	58526202	0	-9.617876e-04	-1.971184e-04	1
19	rs4801546	58526387	0	-8.563213e-04	-1.525526e-04	1
19	rs4801547	58526742	0	-1.152009e-03	-2.431227e-04	1
19	rs4801548	58528978	0	-1.297231e-03	-2.770995e-04	1
19	rs4801555	58600977	0	-6.946105e-04	-1.270031e-04	1
19	rs4801559	58627808	0	-3.401024e-04	-6.323219e-05	1
19	rs4801562	58634756	0	-4.975683e-04	-8.898583e-05	1
19	rs4801564	58644826	0	5.387841e-04	8.160226e-05	1
19	rs4801565	58674249	0	6.065819e-04	1.136747e-04	1
19	rs4801566	58674788	0	4.206136e-04	7.666943e-05	1
19	rs4801567	58675005	0	3.150952e-04	5.634649e-05	1
19	rs4801572	58752932	0	-1.058802e-03	-2.776117e-04	1
19	rs4801573	58754058	0	-1.058802e-03	-2.776117e-04	1
19	rs4801574	58754102	0	-1.058802e-03	-2.776117e-04	1
19	rs4801576	58779342	0	-5.332079e-04	-1.329014e-04	1
19	rs4801577	58799044	0	-1.318890e-04	-3.163367e-05	1
19	rs4801578	58801599	0	-1.318890e-04	-3.163367e-05	1
19	rs4801579	58863449	0	1.898739e-03	5.384455e-04	1
19	rs4801581	58913312	0	2.679128e-03	6.586093e-04	1
19	rs4801583	58918405	0	5.674602e-04	8.249321e-05	1
19	rs4801584	58920702	0	9.651934e-04	1.804550e-04	1
19	rs4801585	58934305	0	1.591816e-03	2.739855e-04	1
19	rs4801586	58934528	0	5.674602e-04	8.249316e-05	1
19	rs4801587	58936679	0	5.674602e-04	8.249315e-05	1
19	rs4801588	58949046	0	1.254743e-03	2.503145e-04	1
19	rs4801589	58953398	0	-4.579981e-04	-6.555931e-05	1
19	rs495839	58545500	2	5.469762e-04	1.196577e-04	1
19	rs500286	58785900	0	-8.572871e-04	-1.325115e-04	1
19	rs523073	58647358	0	1.171936e-03	1.885977e-04	1
19	rs547045	58788236	0	-2.970618e-04	-4.711264e-05	1
19	rs548671	58801518	1	-8.859484e-04	-1.420057e-04	1
19	rs550471	58801687	0	-5.443811e-04	-9.143302e-05	1
19	rs551116	58684611	0	9.976955e-04	1.563458e-04	1
19	rs55633425	58948018	0	1.153630e-03	2.207560e-04	1
19	rs55633565	58530628	0	-1.469360e-03	-3.325441e-04	1
19	rs55697390	58674301	0	-3.774236e-04	-8.599901e-05	1
19	rs55734122	58733610	0	4.400816e-04	8.019131e-05	1
19	rs55827758	58842450	0	-1.166692e-03	-2.871525e-04	1
19	rs55833862	58637690	0	2.217967e-03	6.396865e-04	1
19	rs55857578	58914925	0	1.125848e-03	2.175472e-04	1
19	rs55945602	58632305	0	-1.445178e-04	-2.648754e-05	1
19	rs55959018	58935768	0	1.254743e-03	2.503145e-04	1
19	rs56065611	58520480	0	1.068654e-03	1.628998e-04	1
19	rs56066701	58841066	0	-1.166692e-03	-2.871525e-04	1
19	rs56121586	58585744	0	-1.395423e-03	-2.431411e-04	1
19	rs56161266	58816642	0	-4.961812e-04	-1.302982e-04	1
19	rs56236214	58817958	0	-9.981584e-05	-2.533182e-05	1
19	rs56273550	58611001	0	1.157963e-04	2.883759e-05	1
19	rs56290606	58919320	0	9.651447e-04	1.809334e-04	1
19	rs56292587	58919066	0	9.651447e-04	1.809334e-04	1
19	rs56332086	58917700	0	1.122326e-03	2.164173e-04	1
19	rs56394914	58882740	0	-2.204042e-04	-3.186785e-05	1
19	rs56395112	58577672	0	-1.492946e-03	-2.699909e-04	1
19	rs56654816	58845187	0	-1.166692e-03	-2.871525e-04	1
19	rs56688575	58851238	0	-1.166692e-03	-2.871524e-04	1
19	rs56725489	58830709	0	-1.673950e-03	-4.123432e-04	1
19	rs57140425	58709015	0	3.866956e-04	8.609396e-05	1
19	rs57201473	58851686	0	-1.166692e-03	-2.871524e-04	1
19	rs57656768	58648536	0	3.358423e-04	8.498061e-05	1
19	rs57760408	58821683	0	-8.720402e-04	-1.983895e-04	1
19	rs57785785	58815158	0	-1.670921e-04	-3.921301e-05	1
19	rs57797045	58534654	0	-1.682094e-03	-4.325757e-04	1
19	rs58071659	58784272	0	4.882746e-04	1.252541e-04	1
19	rs58231369	58754967	0	-1.058802e-03	-2.776116e-04	1
19	rs58371330	58823196	0	-1.102545e-03	-2.571378e-04	1
19	rs58412590	58887647	0	-2.166030e-05	-4.663900e-06	1
19	rs58509147	58840490	0	-1.323873e-03	-3.366730e-04	1
19	rs58576937	58577443	0	3.613761e-04	9.436551e-05	1
19	rs58617733	58842534	0	-1.166692e-03	-2.871523e-04	1
19	rs58899074	58611996	0	9.455842e-04	1.472255e-04	1
19	rs59054150	58850341	0	-1.166692e-03	-2.871523e-04	1
19	rs59114323	58649994	0	-8.587724e-04	-1.535482e-04	1
19	rs59238777	58625136	0	-3.444447e-04	-8.068277e-05	1
19	rs59401383	58882767	0	-1.855679e-04	-3.973337e-05	1
19	rs59678004	58813932	0	-4.812174e-04	-7.548474e-05	1
19	rs59874238	58841861	0	-1.166692e-03	-2.871523e-04	1
19	rs59894429	58577444	0	-1.492946e-03	-2.699908e-04	1
19	rs59908383	58828737	0	-1.471539e-03	-3.437231e-04	1
19	rs59925483	58672788	0	-1.859683e-04	-4.770583e-05	1
19	rs59967605	58835563	0	-1.522004e-03	-3.670467e-04	1
19	rs60075099	58831141	0	-1.005023e-03	-2.217368e-04	1
19	rs60245393	58842745	0	-1.166692e-03	-2.871522e-04	1
19	rs60296671	58843881	0	-1.166692e-03	-2.871522e-04	1
19	rs60329830	58755072	0	-1.058802e-03	-2.776115e-04	1
19	rs60348321	58841939	0	-1.166692e-03	-2.871521e-04	1
19	rs60404734	58812785	0	-8.855307e-04	-2.364372e-04	1
19	rs60818748	58842735	0	-1.166692e-03	-2.871521e-04	1
19	rs60973470	58779425	0	3.908593e-04	1.000346e-04	1
19	rs61096651	58845296	0	-1.166692e-03	-2.871521e-04	1
19	rs61219003	58842883	6	3.601401e-05	9.340906e-06	1
19	rs61301121	58745159	0	-8.641730e-04	-2.018055e-04	1
19	rs61460516	58851462	0	-1.166692e-03	-2.871521e-04	1
19	rs61468392	58823221	0	-8.720402e-04	-1.983892e-04	1
19	rs61514202	58844606	0	-1.166692e-03	-2.871520e-04	1
19	rs61521274	58830879	0	-1.471539e-03	-3.437229e-04	1
19	rs61566502	58581038	0	1.665863e-03	3.112828e-04	1
19	rs61635555	58834694	0	-1.055488e-03	-2.393806e-04	1
19	rs61745224	58723706	0	-1.168983e-04	-3.013040e-05	1
19	rs61746129	58879701	0	-3.427491e-04	-7.365405e-05	1
19	rs61746138	58879660	0	-3.427491e-04	-7.365405e-05	1
19	rs620297	58545433	0	6.505137e-04	1.024043e-04	1
19	rs62114175	58776480	0	-3.422873e-04	-4.979750e-05	1
19	rs62114176	58776483	0	-2.732526e-04	-3.941955e-05	1
19	rs62114178	58778451	0	1.661637e-03	3.087223e-04	1
19	rs62114179	58778512	0	7.343639e-04	1.110630e-04	1
19	rs62114183	58786176	0	-3.352520e-05	-5.838344e-06	1
19	rs62114208	58787115	0	1.265410e-04	2.207500e-05	1
19	rs62114212	58831966	0	8.780407e-04	1.694236e-04	1
19	rs62116004	58720201	0	-8.543936e-04	-1.488438e-04	1
19	rs62116017	58738767	0	-1.602294e-03	-3.338990e-04	1
19	rs62116373	58850206	0	-2.187205e-04	-5.742792e-05	1
19	rs62116378	58875268	0	-2.531084e-04	-5.459115e-05	1
19	rs62116379	58875335	0	-2.531084e-04	-5.459115e-05	1
19	rs62116380	58876618	0	-4.102896e-04	-8.898709e-05	1
19	rs62116381	58877385	0	-4.102896e-04	-8.898709e-05	1
19	rs62116383	58880761	0	-3.427491e-04	-7.365405e-05	1
19	rs62116384	58880884	0	-5.732539e-04	-1.251546e-04	1
19	rs62116388	58884162	0	-2.166030e-05	-4.663907e-06	1
19	rs62116389	58885267	0	4.763627e-04	1.118297e-04	1
19	rs62116432	58901227	0	2.450132e-04	3.806468e-05	1
19	rs62116437	58922551	0	1.254743e-03	2.503144e-04	1
19	rs62117593	58941915	0	8.237030e-04	1.508587e-04	1
19	rs62117594	58942709	0	8.237030e-04	1.508586e-04	1
19	rs62117596	58953099	0	8.053554e-04	1.454594e-04	1
19	rs62125248	58568181	0	-1.365191e-03	-2.113306e-04	1
19	rs62125894	58679627	0	9.417965e-04	1.861907e-04	1
19	rs62125914	58706186	0	-1.084239e-03	-1.981082e-04	1
19	rs62125917	58711509	0	-1.084239e-03	-1.981081e-04	1
19	rs62126787	58586371	0	-1.492946e-03	-2.699907e-04	1
19	rs62126791	58587777	0	-1.395423e-03	-2.431409e-04	1
19	rs62126796	58612051	1	-7.041557e-04	-1.326037e-04	1
19	rs63283	58740490	0	-1.775046e-04	-3.523393e-05	1
19	rs6510116	58604319	0	1.880412e-05	3.339296e-06	1
19	rs6510125	58637152	0	7.523366e-04	1.304824e-04	1
19	rs6510126	58675916	0	3.150952e-04	5.634654e-05	1
19	rs6510128	58761107	0	-7.783928e-04	-1.210433e-04	1
19	rs6510129	58761533	0	-7.783928e-04	-1.210433e-04	1
19	rs6510131	58776347	0	-6.270431e-04	-1.613059e-04	1
19	rs6510133	58801186	0	-8.025026e-04	-1.255029e-04	1
19	rs6510136	58824721	0	-1.563247e-03	-3.880309e-04	1
19	rs6510137	58864150	0	1.513807e-03	4.075814e-04	1
19	rs6510139	58885702	0	-8.291598e-04	-1.297326e-04	1
19	rs6510140	58885773	0	-8.025235e-04	-1.256436e-04	1
19	rs6510141	58885786	0	-8.508201e-04	-1.303196e-04	1
19	rs6510142	58885842	0	-2.166030e-05	-4.663913e-06	1
19	rs6510143	58885874	0	1.417369e-05	3.259235e-06	1
19	rs6510148	58924210	0	4.694903e-04	7.756531e-05	1
19	rs6510152	58953319	0	-5.050555e-04	-7.283307e-05	1
19	rs66616365	58667964	0	1.627356e-04	2.650702e-05	1
19	rs67047437	58676662	0	-3.824556e-06	-6.483590e-07	1
19	rs67781917	58524126	0	-3.388851e-04	-5.822957e-05	1
19	rs67825948	58525067	0	-3.388851e-04	-5.822956e-05	1
19	rs67978350	58894455	0	5.813826e-04	1.046670e-04	1
19	rs71333247	58559583	0	1.458306e-03	2.950547e-04	1
19	rs71333251	58738839	0	-1.323734e-03	-2.621505e-04	1
19	rs71333260	58922220	0	1.122326e-03	2.164171e-04	1
19	rs71354068	58531715	0	5.621579e-04	1.336264e-04	1
19	rs71355829	58551080	0	1.652652e-03	3.592586e-04	1
19	rs71355833	58657180	0	-1.130217e-03	-2.084995e-04	1
19	rs719009	58584722	0	-1.395423e-03	-2.431408e-04	1
19	rs719010	58584765	0	-1.395423e-03	-2.431408e-04	1
19	rs719011	58584841	0	-1.430702e-03	-2.503361e-04	1
19	rs723669	58563100	0	1.439314e-03	2.955089e-04	1
19	rs7245923	58874709	0	-2.531084e-04	-5.459114e-05	1
19	rs7246174	58765348	0	-1.057579e-03	-2.815813e-04	1
19	rs7246751	58804121	0	-3.744120e-04	-8.760430e-05	1
19	rs7248057	58774513	0	-9.333068e-04	-2.492761e-04	1
19	rs7248493	58711108	0	2.629629e-04	4.587553e-05	1
19	rs7248512	58716363	0	-1.439517e-03	-2.443528e-04	1
19	rs7249664	58586610	0	9.273973e-05	1.480376e-05	1
19	rs7250280	58713774	0	-9.228554e-04	-1.642550e-04	1
19	rs7250394	58930177	0	3.845006e-05	6.191591e-06	1
19	rs7250524	58611423	0	9.455842e-04	1.472254e-04	1
19	rs7250610	58611723	0	-6.264630e-04	-1.258345e-04	1
19	rs7250711	58611592	0	9.455842e-04	1.472254e-04	1
19	rs7250715	58611606	0	8.020359e-04	1.449040e-04	1
19	rs7250752	58893108	0	-2.699610e-04	-5.853815e-05	1
19	rs7250816	58581572	0	-1.414554e-04	-2.327857e-05	1
19	rs7250889	58900337	0	-1.177045e-03	-1.962493e-04	1
19	rs7251261	58629081	10	4.298702e-06	7.648142e-07	1
19	rs7251536	58620679	0	3.359543e-05	5.517100e-06	1
19	rs7251813	58893700	0	-1.089798e-03	-1.772511e-04	1
19	rs7252129	58657428	0	4.568304e-05	7.417998e-06	1
19	rs7252304	58629122	1	-3.867919e-04	-7.034430e-05	1
19	rs7252333	58900747	0	-1.177045e-03	-1.962493e-04	1
19	rs7253055	58793554	0	-4.164171e-04	-6.853459e-05	1
19	rs7253344	58779340	0	7.637673e-04	1.138372e-04	1
19	rs7253357	58779369	0	7.343639e-04	1.110629e-04	1
19	rs7254299	58884965	0	-3.007819e-04	-4.340731e-05	1
19	rs7254639	58876797	0	-4.102896e-04	-8.898707e-05	1
19	rs7255290	58583832	0	1.665863e-03	3.112825e-04	1
19	rs7255489	58879965	0	1.098448e-04	2.535882e-05	1
19	rs7255491	58901394	0	-1.177045e-03	-1.962492e-04	1
19	rs7255596	58879976	0	1.098448e-04	2.535882e-05	1
19	rs7255605	58584251	0	1.665863e-03	3.112825e-04	1
19	rs7255916	58880016	0	2.059935e-04	4.495029e-05	1
19	rs7256349	58718269	0	-1.015777e-03	-1.812883e-04	1
19	rs7256664	58600587	0	-5.971177e-04	-1.080010e-04	1
19	rs7256809	58880184	0	-3.427491e-04	-7.365402e-05	1
19	rs7256940	58880242	0	-3.427491e-04	-7.365402e-05	1
19	rs7256964	58882186	0	-1.020871e-04	-1.524372e-05	1
19	rs7257788	58788901	0	-1.318890e-04	-3.163357e-05	1
19	rs7257872	58928786	0	4.694903e-04	7.756529e-05	1
19	rs7258103	58627235	0	8.173272e-04	1.445702e-04	1
19	rs7258239	58734410	2	7.001198e-04	1.499097e-04	1
19	rs7259841	58951123	0	1.364200e-04	1.942758e-05	1
19	rs7260445	58571049	0	-2.060941e-04	-4.987440e-05	1
19	rs7260571	58925286	0	5.674602e-04	8.249292e-05	1
19	rs72629170	58876368	0	-5.509172e-04	-1.189823e-04	1
19	rs72629171	58880848	0	-5.732539e-04	-1.251546e-04	1
19	rs73056266	58702854	0	7.457308e-04	2.026625e-04	1
19	rs73056270	58709763	0	7.457308e-04	2.026625e-04	1
19	rs73056279	58726998	0	-4.426858e-05	-1.073487e-05	1
19	rs73056286	58750550	0	-1.693500e-04	-3.918512e-05	1
19	rs73056388	58584525	0	1.665863e-03	3.112825e-04	1
19	rs73058504	58589515	0	-1.395423e-03	-2.431406e-04	1
19	rs73060214	58846001	0	6.887684e-04	1.868733e-04	1
19	rs73060254	58899245	0	6.707446e-05	1.677052e-05	1
19	rs73060258	58902954	0	5.813826e-04	1.046669e-04	1
19	rs73060293	58923050	0	1.122326e-03	2.164169e-04	1
19	rs73062110	58936642	0	1.348438e-03	2.734855e-04	1
19	rs73071847	58548748	0	1.845098e-03	4.314169e-04	1
19	rs731835	58898436	0	-9.491834e-04	-1.639987e-04	1
19	rs734379	58899182	0	-9.953459e-04	-1.613435e-04	1
19	rs734380	58898963	0	1.437518e-03	2.381781e-04	1
19	rs735507	58720360	0	2.563699e-04	4.275676e-05	1
19	rs73566790	58743866	0	-9.602691e-04	-2.268627e-04	1
19	rs73570604	58810827	0	-1.807882e-03	-4.862135e-04	1
19	rs73570633	58828121	0	-1.055488e-03	-2.393804e-04	1
19	rs73570653	58832874	0	-1.522004e-03	-3.670461e-04	1
19	rs73570658	58834522	0	-1.055488e-03	-2.393804e-04	1
19	rs73570691	58841364	0	-1.166692e-03	-2.871517e-04	1
19	rs73570694	58841515	0	-1.166692e-03	-2.871517e-04	1
19	rs73572621	58845441	0	-1.166692e-03	-2.871517e-04	1
19	rs73572630	58847132	0	-1.070596e-03	-2.632700e-04	1
19	rs73572641	58852541	0	-1.166692e-03	-2.871517e-04	1
19	rs7359845	58831819	0	-1.471539e-03	-3.437224e-04	1
19	rs7359922	58830261	0	-1.471539e-03	-3.437223e-04	1
19	rs73939627	58848734	0	-9.775648e-04	-2.359093e-04	1
19	rs7408188	58939389	0	5.674602e-04	8.249286e-05	1
19	rs7409473	58939165	0	5.674602e-04	8.249285e-05	1
19	rs74357328	58550617	0	-9.912200e-05	-2.518355e-05	1
19	rs74414988	58524349	0	4.973023e-04	1.106637e-04	1
19	rs74496797	58749776	0	-1.058802e-03	-2.776113e-04	1
19	rs74625788	58757001	0	-1.058802e-03	-2.776113e-04	1
19	rs74815034	58658965	0	-9.915085e-04	-1.795599e-04	1
19	rs74831398	58919814	0	8.556572e-04	2.256641e-04	1
19	rs75072205	58755366	0	-1.215984e-03	-3.286561e-04	1
19	rs7507609	58611111	0	1.435483e-04	2.064571e-05	1
19	rs7508106	58876115	0	5.249811e-05	1.217103e-05	1
19	rs751745	58722129	0	-2.581941e-04	-6.554524e-05	1
19	rs75196460	58952297	0	8.121533e-04	2.125351e-04	1
19	rs753530	58632768	0	-2.896375e-04	-5.381915e-05	1
19	rs75597	58720236	0	1.224527e-03	3.064583e-04	1
19	rs75904835	58810044	0	-8.630203e-04	-2.279140e-04	1
19	rs75999937	58924419	0	4.157518e-04	1.090804e-04	1
19	rs76652149	58524660	0	4.973023e-04	1.106637e-04	1
19	rs76795181	58684319	0	-3.062291e-04	-8.081670e-05	1
19	rs76798942	58653114	0	2.284837e-03	6.633622e-04	1
19	rs76938992	58877357	0	6.851552e-04	1.817804e-04	1
19	rs76958646	58562357	0	8.946958e-04	2.355728e-04	1
19	rs76963345	58743142	0	-5.296175e-04	-1.336990e-04	1
19	rs77140992	58521189	0	4.973023e-04	1.106637e-04	1
19	rs77193614	58820450	0	7.245867e-05	1.534845e-05	1
19	rs77222313	58533610	0	5.706540e-04	1.273779e-04	1
19	rs77235242	58929230	0	6.433528e-04	1.733767e-04	1
19	rs77262558	58684431	0	-1.095780e-04	-2.659612e-05	1
19	rs77377117	58742665	0	-2.872247e-04	-7.023651e-05	1
19	rs77755501	58915005	0	-2.535962e-04	-5.855874e-05	1
19	rs78202231	58668413	0	-7.782371e-05	-1.923908e-05	1
19	rs78282479	58682941	0	-5.082261e-05	-1.153983e-05	1
19	rs78293168	58755872	0	-1.058802e-03	-2.776112e-04	1
19	rs78487872	58855393	0	1.173831e-03	3.551480e-04	1
19	rs78560062	58662212	0	-2.919604e-04	-5.424798e-05	1
19	rs78604285	58712758	0	4.388363e-04	1.090315e-04	1
19	rs78664025	58695007	0	-1.041019e-06	-2.575116e-07	1
19	rs78968038	58658294	0	4.568304e-05	7.417952e-06	1
19	rs79132177	58701780	0	3.866956e-04	8.609395e-05	1
19	rs79135878	58642383	0	-7.782371e-05	-1.923908e-05	1
19	rs79192210	58561312	0	-2.087734e-04	-5.361113e-05	1
19	rs79208032	58556652	0	1.942704e-03	4.822923e-04	1
19	rs79222418	58664418	0	-1.111148e-03	-2.244163e-04	1
19	rs79259289	58752257	0	-4.358822e-04	-7.856905e-05	1
19	rs79282983	58898840	0	1.137132e-04	2.409118e-05	1
19	rs79287592	58789765	0	-8.483150e-05	-2.020121e-05	1
19	rs79463936	58755254	0	-1.215984e-03	-3.286561e-04	1
19	rs79481083	58820403	0	1.743763e-04	3.733634e-05	1
19	rs79562691	58745897	0	1.812710e-04	4.751420e-05	1
19	rs79894507	58699453	0	4.388363e-04	1.090315e-04	1
19	rs79955355	58665816	0	3.156941e-04	8.089792e-05	1
19	rs80090318	58702017	0	3.866956e-04	8.609395e-05	1
19	rs80153933	58526696	0	2.956877e-04	6.421143e-05	1
19	rs80298408	58807275	0	-8.002321e-04	-2.132872e-04	1
19	rs80320621	58816329	0	-1.230412e-03	-3.083743e-04	1
19	rs8099852	58895221	0	-9.891870e-04	-1.574855e-04	1
19	rs8100259	58932360	0	1.254743e-03	2.503140e-04	1
19	rs8100276	58534236	0	-1.682094e-03	-4.325757e-04	1
19	rs8100534	58534484	0	-1.682094e-03	-4.325756e-04	1
19	rs8100738	58581904	0	-1.395423e-03	-2.431404e-04	1
19	rs8100801	58892060	0	-2.699610e-04	-5.853809e-05	1
19	rs8101391	58892524	0	-2.163311e-04	-5.043412e-05	1
19	rs8102157	58589599	0	1.572578e-05	2.594912e-06	1
19	rs8102402	58892672	0	-2.163311e-04	-5.043413e-05	1
19	rs8102457	58926008	0	4.694903e-04	7.756527e-05	1
19	rs8103853	58577762	0	-1.414554e-04	-2.327850e-05	1
19	rs8104061	58795986	0	-2.354478e-04	-3.884577e-05	1
19	rs8104221	58905109	0	6.216907e-04	1.043745e-04	1
19	rs8104276	58603983	0	-4.398223e-05	-7.424778e-06	1
19	rs8105044	58796805	0	-5.347033e-04	-8.091707e-05	1
19	rs8105799	58761585	0	-7.783928e-04	-1.210432e-04	1
19	rs8105906	58791636	0	-1.318890e-04	-3.163352e-05	1
19	rs8105935	58821088	0	7.245867e-05	1.534844e-05	1
19	rs8106345	58888317	0	-6.203153e-04	-9.230076e-05	1
19	rs8106477	58888441	0	-7.208184e-04	-1.110249e-04	1
19	rs8107581	58809154	0	-4.386417e-04	-6.352343e-05	1
19	rs8107931	58636461	0	-2.425801e-04	-4.561662e-05	1
19	rs8108238	58757968	0	-1.058802e-03	-2.776112e-04	1
19	rs8108371	58730394	0	-7.753693e-04	-1.936126e-04	1
19	rs8108493	58730489	0	-5.250989e-04	-1.307643e-04	1
19	rs8109093	58833871	0	-1.522004e-03	-3.670458e-04	1
19	rs8109275	58629878	0	-2.896375e-04	-5.381919e-05	1
19	rs8109359	58629914	0	-2.896375e-04	-5.381919e-05	1
19	rs8109471	58621794	0	-2.425801e-04	-4.561663e-05	1
19	rs8109694	58621307	0	-5.481628e-04	-1.073067e-04	1
19	rs8109925	58623323	0	-2.425801e-04	-4.561664e-05	1
19	rs8109932	58903466	0	-1.177045e-03	-1.962490e-04	1
19	rs8109937	58584643	0	-1.395423e-03	-2.431404e-04	1
19	rs8110117	58600626	0	1.148403e-03	2.232038e-04	1
19	rs8110249	58824237	0	-1.636685e-03	-4.122894e-04	1
19	rs8110941	58824163	0	-1.756320e-03	-4.612300e-04	1
19	rs8111222	58750413	0	-7.093581e-04	-1.103614e-04	1
19	rs8111238	58667076	0	1.181167e-04	1.921406e-05	1
19	rs8111301	58750326	0	-1.058802e-03	-2.776112e-04	1
19	rs8111498	58749994	0	-1.011745e-03	-2.608968e-04	1
19	rs8112286	58752391	0	-1.009424e-03	-2.562379e-04	1
19	rs8112340	58759679	0	-1.154898e-03	-3.027454e-04	1
19	rs8112556	58886459	0	1.417369e-05	3.259046e-06	1
19	rs8113810	58932106	0	5.674602e-04	8.249282e-05	1
19	rs877796	58753615	0	-1.056914e-03	-2.620839e-04	1
19	rs877797	58753649	0	-1.058802e-03	-2.776111e-04	1
19	rs889158	58601981	0	1.165973e-03	1.925751e-04	1
19	rs889159	58584522	0	-1.704266e-03	-3.159550e-04	1
19	rs889160	58584434	0	1.212442e-04	1.979218e-05	1
19	rs889161	58584324	0	-1.395423e-03	-2.431403e-04	1
19	rs893179	58899056	0	-1.151948e-03	-1.905480e-04	1
19	rs893180	58865091	0	1.564272e-03	4.300686e-04	1
19	rs893181	58865082	0	1.564272e-03	4.300686e-04	1
19	rs893182	58865068	0	1.564272e-03	4.300685e-04	1
19	rs893183	58865054	0	1.513807e-03	4.075807e-04	1
19	rs893184	58864479	0	1.513807e-03	4.075807e-04	1
19	rs918544	58620103	0	-2.425801e-04	-4.561669e-05	1
19	rs918545	58620068	0	-2.425801e-04	-4.561669e-05	1
19	rs922929	58734596	0	-3.997136e-05	-8.316161e-06	1
19	rs922931	58734749	0	7.086107e-06	1.467864e-06	1
19	rs9304813	58931557	0	1.591816e-03	2.739847e-04	1
19	rs9304814	58951811	0	-1.899497e-04	-2.747394e-05	1
19	rs933670	58619847	0	-5.427502e-04	-1.168047e-04	1
19	rs9676281	58756728	0	-9.897676e-04	-2.614639e-04	1
19	rs9676287	58756655	0	-1.058802e-03	-2.776111e-04	1
19	rs9676487	58756869	0	-9.897676e-04	-2.614639e-04	1
19	rs971711	58632872	0	-5.481628e-04	-1.073067e-04	1
19	rs9749456	58882192	0	-5.679744e-04	-8.349159e-05	1
19	rs975947	58898193	0	1.545859e-03	2.636601e-04	1
19	rs9941466	58945962	0	-1.835008e-04	-4.410086e-05	1
