chr	rs	ps	n_miss	b	beta	gamma
12	rs1001127	6601743	0	-3.525798e-04	-1.803606e-04	1
12	rs10160866	6014627	0	2.090755e-05	2.137073e-05	1
12	rs10161036	6005072	0	2.090755e-05	2.137073e-05	1
12	rs10161529	6013122	0	4.015692e-05	4.208837e-05	1
12	rs1017101	6574301	0	3.384666e-04	1.716076e-04	1
12	rs10219599	6113138	0	-1.493796e-04	-1.029016e-04	1
12	rs1034969	6573856	0	3.103717e-04	1.545518e-04	1
12	rs1043262	6639088	0	-3.914149e-04	-2.108565e-04	1
12	rs1043271	6640676	1	-1.588318e-04	-7.188724e-05	1
12	rs1043282	6640976	0	-2.185674e-04	-1.387962e-04	1
12	rs10437831	6620779	0	-5.454136e-04	-3.559330e-04	1
12	rs10444482	6800827	0	-4.923025e-05	-1.177308e-04	1
12	rs1045452	6572048	0	6.753760e-05	2.378700e-05	1
12	rs1045546	6567907	0	-3.213541e-04	-2.292006e-04	1
12	rs1045548	6570966	0	2.111319e-04	7.683041e-05	1
12	rs1045553	6747295	0	-5.039368e-04	-3.447395e-04	1
12	rs10466905	6502832	0	-2.051135e-04	-1.190681e-04	1
12	rs1047776	6948692	0	9.834920e-04	1.054130e-03	1
12	rs1047792	6649099	0	-3.117013e-04	-1.848181e-04	1
12	rs1048402	6601175	0	-1.491807e-05	-5.531574e-06	1
12	rs10492096	6580582	0	-2.742978e-04	-1.820015e-04	1
12	rs10492097	6394678	0	5.512191e-04	3.996304e-04	1
12	rs1050629	6857289	0	-2.148445e-04	-5.089583e-04	1
12	rs1053523	6094784	0	-3.260366e-04	-3.533584e-04	1
12	rs1056968	6528629	0	5.075667e-04	2.439884e-04	1
12	rs1057510	6683287	0	-1.727770e-05	-8.316425e-06	1
12	rs1060619	6644781	0	-1.089377e-05	-4.357895e-06	1
12	rs1060620	6644722	0	-9.547556e-05	-3.869285e-05	1
12	rs1060621	6644696	0	-3.104583e-04	-1.831034e-04	1
12	rs1063857	6153514	0	-1.059994e-03	-2.443211e-03	1
12	rs1065691	6646320	0	-7.260986e-05	-2.926567e-05	1
12	rs10735058	6617372	0	-3.397115e-04	-1.759986e-04	1
12	rs10735059	6625130	0	-5.037272e-04	-2.879348e-04	1
12	rs10744696	6168834	0	3.183375e-04	1.304817e-04	1
12	rs10744700	6297863	0	-1.334231e-04	-5.511833e-05	1
12	rs10744702	6349127	0	2.258665e-04	7.946883e-05	1
12	rs10744705	6498695	0	1.399388e-05	1.971780e-05	1
12	rs10744706	6503218	0	2.932331e-04	1.448921e-04	1
12	rs10744709	6617351	0	-3.397115e-04	-1.759984e-04	1
12	rs10744710	6617559	0	-4.318395e-04	-2.525473e-04	1
12	rs1075835	6905417	0	-8.405431e-05	-4.275102e-05	1
12	rs1075836	6905550	0	1.007532e-04	4.281994e-05	1
12	rs1075837	6905608	0	2.273112e-05	9.406760e-06	1
12	rs1075838	6905715	0	2.273112e-05	9.406755e-06	1
12	rs1076415	6289938	0	2.439638e-04	1.016372e-04	1
12	rs10774384	6008714	0	-5.211212e-04	-2.918265e-04	1
12	rs10774387	6063429	0	-2.011128e-04	-9.978715e-05	1
12	rs10774388	6065324	0	-8.516537e-05	-4.518482e-05	1
12	rs10774394	6238593	0	-2.229703e-04	-8.847459e-05	1
12	rs10774407	6286080	0	-4.360151e-05	-1.602109e-05	1
12	rs10774409	6288322	0	2.173243e-04	8.283644e-05	1
12	rs10774411	6299423	0	-1.851899e-04	-7.316578e-05	1
12	rs10774412	6299448	0	-1.100863e-04	-4.284808e-05	1
12	rs10774413	6299813	0	-1.142199e-04	-4.252268e-05	1
12	rs10774415	6300246	0	-1.282372e-04	-4.970921e-05	1
12	rs10774424	6380357	0	1.429436e-04	5.342853e-05	1
12	rs10774431	6535649	0	2.730930e-04	1.055468e-04	1
12	rs10774432	6565750	0	1.679783e-04	6.086812e-05	1
12	rs10774435	6616120	0	-1.300485e-04	-6.219140e-05	1
12	rs10774436	6629266	0	-3.505906e-04	-1.749350e-04	1
12	rs10774437	6655450	0	-2.303493e-04	-9.388850e-05	1
12	rs10774438	6699865	0	-3.469243e-05	-1.730904e-05	1
12	rs10774440	6757401	0	-9.324368e-05	-1.254156e-04	1
12	rs10774442	6829472	0	2.596075e-04	1.009921e-04	1
12	rs10774443	6848212	0	2.912500e-04	2.640997e-04	1
12	rs10774445	6850528	0	1.326587e-04	8.951991e-05	1
12	rs10774448	6907289	0	-2.483351e-05	-1.612719e-05	1
12	rs10849353	5987535	0	-3.612199e-04	-1.439950e-04	1
12	rs10849356	5995106	0	-5.674298e-04	-3.483168e-04	1
12	rs10849361	6065751	0	-8.516537e-05	-4.518481e-05	1
12	rs10849363	6066357	0	-3.583735e-04	-1.391941e-04	1
12	rs10849365	6080534	0	2.127633e-04	9.408817e-05	1
12	rs10849367	6087011	0	1.573003e-04	1.584408e-04	1
12	rs10849368	6087099	6	1.378042e-04	1.708232e-04	1
12	rs10849369	6088665	0	2.252456e-04	2.629528e-04	1
12	rs10849370	6088877	0	2.252456e-04	2.629528e-04	1
12	rs10849375	6100611	0	2.252456e-04	2.629527e-04	1
12	rs10849376	6102907	0	2.252456e-04	2.629527e-04	1
12	rs10849377	6104554	0	2.252456e-04	2.629527e-04	1
12	rs10849380	6185309	0	-3.577739e-04	-5.775062e-04	1
12	rs10849392	6243869	0	-7.963936e-05	-2.876316e-05	1
12	rs10849410	6280732	0	-4.717570e-04	-2.253477e-04	1
12	rs10849411	6285818	0	1.676440e-04	6.602902e-05	1
12	rs10849413	6285867	0	-4.360151e-05	-1.602107e-05	1
12	rs10849414	6286370	0	-4.360151e-05	-1.602107e-05	1
12	rs10849426	6362158	0	4.310535e-04	9.307020e-04	1
12	rs10849431	6375865	0	-1.946089e-04	-1.942156e-04	1
12	rs10849432	6385727	0	3.204999e-04	2.759441e-04	1
12	rs10849433	6406904	0	5.576150e-05	1.961340e-05	1
12	rs10849434	6407044	0	6.564715e-06	2.369500e-06	1
12	rs10849436	6409619	0	-5.166122e-05	-2.183529e-05	1
12	rs10849438	6412036	0	8.643314e-05	6.394812e-05	1
12	rs10849439	6415331	0	1.261202e-05	6.577674e-06	1
12	rs10849441	6435571	0	5.815404e-04	3.120138e-04	1
12	rs10849449	6498662	0	2.720354e-04	1.062106e-04	1
12	rs10849451	6524679	0	1.307727e-04	4.598841e-05	1
12	rs10849452	6525121	0	1.307727e-04	4.598842e-05	1
12	rs10849453	6528252	0	2.705907e-04	1.061702e-04	1
12	rs10849454	6534654	0	-1.557167e-04	-6.690198e-05	1
12	rs10849462	6575992	0	-3.213541e-04	-2.292005e-04	1
12	rs10849465	6580365	0	-2.366245e-04	-9.214287e-05	1
12	rs10849466	6582278	0	7.198198e-05	2.588537e-05	1
12	rs10849468	6596695	0	-3.337719e-04	-1.673208e-04	1
12	rs10849469	6605811	0	-2.185674e-04	-1.387958e-04	1
12	rs10849470	6606493	0	-2.185674e-04	-1.387958e-04	1
12	rs10849471	6610118	0	-2.185674e-04	-1.387958e-04	1
12	rs10849472	6610300	0	-2.185674e-04	-1.387958e-04	1
12	rs10849474	6610726	0	-2.185674e-04	-1.387958e-04	1
12	rs10849475	6615202	0	-2.185674e-04	-1.387957e-04	1
12	rs10849477	6616087	0	-2.185674e-04	-1.387957e-04	1
12	rs10849478	6621251	0	-3.268462e-04	-1.427859e-04	1
12	rs10849479	6624806	0	-1.192035e-04	-7.075950e-05	1
12	rs10849480	6629113	0	-4.919049e-04	-1.889541e-04	1
12	rs10849481	6633621	0	-2.180384e-04	-1.139374e-04	1
12	rs10849482	6635274	0	-1.968179e-04	-1.018133e-04	1
12	rs10849483	6635374	0	-1.968179e-04	-1.018133e-04	1
12	rs10849484	6637941	0	-1.968179e-04	-1.018133e-04	1
12	rs10849485	6640267	0	-4.332693e-04	-1.996087e-04	1
12	rs10849487	6653762	0	-4.251136e-04	-2.550967e-04	1
12	rs10849488	6654050	0	-2.315923e-04	-9.433598e-05	1
12	rs10849492	6720795	0	-2.175798e-04	-1.104150e-04	1
12	rs10849493	6754518	0	2.229397e-04	3.607374e-04	1
12	rs10849503	6850713	0	1.326587e-04	8.951988e-05	1
12	rs10849504	6850911	0	3.240513e-04	3.326702e-04	1
12	rs10849505	6850916	0	1.326587e-04	8.951983e-05	1
12	rs10849506	6851193	0	1.089656e-04	7.608411e-05	1
12	rs10849507	6851562	0	1.089656e-04	7.608409e-05	1
12	rs10849508	6851638	0	3.003582e-04	3.169911e-04	1
12	rs10849509	6851649	0	1.089656e-04	7.608405e-05	1
12	rs10849510	6851758	0	3.003582e-04	3.169910e-04	1
12	rs10849511	6851813	0	3.003582e-04	3.169909e-04	1
12	rs10849517	6907026	0	-1.925354e-04	-1.477854e-04	1
12	rs10849523	6923286	0	-1.844332e-04	-2.323832e-04	1
12	rs11063895	5981007	0	-7.818968e-05	-7.725037e-05	1
12	rs11063896	5986240	0	-3.612199e-04	-1.439949e-04	1
12	rs11063897	5986483	0	-3.612199e-04	-1.439949e-04	1
12	rs11063898	5987303	0	-2.830302e-04	-1.119562e-04	1
12	rs11063911	6018550	0	2.090755e-05	2.137086e-05	1
12	rs11063915	6028729	5	5.549200e-04	2.717074e-04	1
12	rs11063926	6043944	0	-3.189543e-04	-1.727537e-04	1
12	rs11063927	6044019	0	-2.630220e-05	-3.463142e-05	1
12	rs11063928	6044932	0	-2.630220e-05	-3.463142e-05	1
12	rs11063929	6045104	0	-2.630220e-05	-3.463141e-05	1
12	rs11063930	6045211	0	-2.630220e-05	-3.463140e-05	1
12	rs11063932	6045482	0	-2.630220e-05	-3.463140e-05	1
12	rs11063933	6045905	0	-2.630220e-05	-3.463139e-05	1
12	rs11063934	6045922	0	-2.630220e-05	-3.463138e-05	1
12	rs11063935	6046166	0	-2.630220e-05	-3.463137e-05	1
12	rs11063936	6046202	0	-2.630220e-05	-3.463137e-05	1
12	rs11063937	6046409	0	-2.630220e-05	-3.463136e-05	1
12	rs11063938	6047921	0	-2.630220e-05	-3.463135e-05	1
12	rs11063939	6048005	0	-2.630220e-05	-3.463135e-05	1
12	rs11063943	6048659	0	-8.867213e-05	-6.774446e-05	1
12	rs11063944	6049343	0	8.372859e-05	5.394064e-05	1
12	rs11063945	6049381	0	8.372859e-05	5.394063e-05	1
12	rs11063946	6051044	0	4.113627e-04	1.687927e-04	1
12	rs11063947	6051318	0	-3.284712e-04	-1.801707e-04	1
12	rs11063951	6056668	0	-1.747019e-04	-8.348032e-05	1
12	rs11063953	6065070	0	-1.289673e-04	-5.843840e-05	1
12	rs11063954	6067209	0	-9.994196e-05	-1.114013e-04	1
12	rs11063956	6067634	0	-1.289673e-04	-5.843840e-05	1
12	rs11063962	6076781	0	-4.654352e-05	-4.506481e-05	1
12	rs11063963	6077216	0	-1.333779e-04	-2.214191e-04	1
12	rs11063969	6093282	0	2.252456e-04	2.629526e-04	1
12	rs11063970	6093287	0	2.252456e-04	2.629526e-04	1
12	rs11063971	6093300	0	2.252456e-04	2.629525e-04	1
12	rs11063972	6093486	0	2.252456e-04	2.629525e-04	1
12	rs11063973	6093711	0	2.252456e-04	2.629525e-04	1
12	rs11063974	6094937	0	2.252456e-04	2.629525e-04	1
12	rs11063975	6097337	0	2.071671e-04	2.400127e-04	1
12	rs11063976	6097895	0	2.482300e-04	2.892987e-04	1
12	rs11063977	6097946	0	2.252456e-04	2.629524e-04	1
12	rs11063981	6111927	0	9.900238e-05	9.653854e-05	1
12	rs11063982	6113139	0	1.331277e-04	1.382542e-04	1
12	rs11063993	6135366	0	-1.950049e-04	-2.094626e-04	1
12	rs11064001	6142807	0	-1.950049e-04	-2.094626e-04	1
12	rs11064005	6150066	0	-2.576252e-04	-6.254478e-04	1
12	rs11064009	6160041	0	-3.066273e-04	-7.431273e-04	1
12	rs11064018	6195675	0	5.887106e-05	3.881683e-05	1
12	rs11064019	6196300	0	5.887106e-05	3.881683e-05	1
12	rs11064020	6196314	0	5.887106e-05	3.881683e-05	1
12	rs11064021	6196413	0	5.887106e-05	3.881683e-05	1
12	rs11064022	6196444	0	7.694954e-05	5.061967e-05	1
12	rs11064024	6202049	0	-3.630510e-04	-1.380879e-04	1
12	rs11064046	6248585	0	5.090625e-05	1.918997e-05	1
12	rs11064076	6286671	0	1.676440e-04	6.602897e-05	1
12	rs11064078	6294210	0	-1.413530e-04	-5.858720e-05	1
12	rs11064079	6295614	0	-1.334231e-04	-5.511831e-05	1
12	rs11064080	6295644	0	-1.249602e-04	-5.221386e-05	1
12	rs11064081	6295701	0	-1.249602e-04	-5.221386e-05	1
12	rs11064082	6295905	0	-1.249602e-04	-5.221385e-05	1
12	rs11064098	6343123	0	1.061777e-04	1.128849e-04	1
12	rs11064110	6361004	0	2.754908e-04	4.558856e-04	1
12	rs11064111	6362362	0	3.603311e-05	3.415055e-05	1
12	rs11064113	6364639	0	3.603311e-05	3.415056e-05	1
12	rs11064115	6367229	0	4.314949e-04	8.540079e-04	1
12	rs11064116	6367415	0	4.314949e-04	8.540078e-04	1
12	rs11064117	6367552	0	4.503028e-04	1.076807e-03	1
12	rs11064123	6380978	0	1.429436e-04	5.342854e-05	1
12	rs11064124	6381507	0	-4.228340e-05	-2.634023e-05	1
12	rs11064130	6401379	0	5.319698e-04	3.578623e-04	1
12	rs11064131	6404952	0	1.067603e-04	7.897910e-05	1
12	rs11064153	6488450	0	-4.331598e-04	-2.752452e-04	1
12	rs11064156	6490381	0	-3.034577e-04	-1.049650e-04	1
12	rs11064159	6502361	0	3.187999e-04	1.613956e-04	1
12	rs11064160	6502708	0	1.339948e-04	7.886963e-05	1
12	rs11064180	6523249	0	2.166886e-04	7.864548e-05	1
12	rs11064181	6523724	0	1.307727e-04	4.598856e-05	1
12	rs11064182	6527237	0	2.166886e-04	7.864545e-05	1
12	rs11064185	6531223	0	7.822925e-05	2.696159e-05	1
12	rs11064186	6532015	0	1.215868e-04	4.215670e-05	1
12	rs11064192	6549564	0	3.966407e-04	1.841654e-04	1
12	rs11064210	6576721	0	-4.201317e-04	-3.553692e-04	1
12	rs11064213	6580376	0	-6.344944e-05	-2.987450e-05	1
12	rs11064214	6580854	0	-2.511073e-04	-1.614868e-04	1
12	rs11064218	6586261	0	-2.065063e-04	-1.277222e-04	1
12	rs11064220	6592574	2	-1.938867e-04	-1.041218e-04	1
12	rs11064221	6595559	0	-6.181760e-05	-2.300202e-05	1
12	rs11064222	6595844	1	-3.704349e-06	-1.328223e-06	1
12	rs11064223	6596326	0	-3.525798e-04	-1.803594e-04	1
12	rs11064224	6596430	0	-3.525798e-04	-1.803593e-04	1
12	rs11064226	6597787	0	-1.491807e-05	-5.531452e-06	1
12	rs11064227	6598043	0	-2.435390e-04	-1.352234e-04	1
12	rs11064231	6604415	0	-1.968179e-04	-1.018132e-04	1
12	rs11064233	6607898	0	-7.664105e-05	-2.867399e-05	1
12	rs11064234	6608051	0	-2.185674e-04	-1.387956e-04	1
12	rs11064237	6614156	0	-1.777638e-04	-6.876272e-05	1
12	rs11064239	6615612	0	-1.955749e-04	-1.008648e-04	1
12	rs11064241	6623097	0	-3.354830e-04	-1.331285e-04	1
12	rs11064242	6625311	0	-1.018360e-04	-3.847347e-05	1
12	rs11064245	6631725	0	-2.294672e-04	-9.218628e-05	1
12	rs11064246	6653118	0	-4.251136e-04	-2.550964e-04	1
12	rs11064247	6653584	0	9.176598e-05	1.872973e-04	1
12	rs11064248	6654336	0	-5.010255e-04	-3.415729e-04	1
12	rs11064249	6654604	0	-2.303493e-04	-9.388821e-05	1
12	rs11064250	6655149	0	-4.251136e-04	-2.550963e-04	1
12	rs11064252	6662744	0	6.140331e-05	1.167198e-04	1
12	rs11064254	6668724	0	1.126984e-04	6.826864e-05	1
12	rs11064255	6669257	0	9.782251e-05	5.856124e-05	1
12	rs11064262	6689398	0	1.727504e-05	2.768027e-05	1
12	rs11064265	6694304	0	6.140331e-05	1.167198e-04	1
12	rs11064266	6694655	0	-4.193678e-05	-2.455719e-05	1
12	rs11064268	6695278	0	-3.469243e-05	-1.730905e-05	1
12	rs11064270	6695988	0	6.140331e-05	1.167198e-04	1
12	rs11064272	6700146	0	-2.231082e-04	-1.376275e-04	1
12	rs11064276	6706982	0	-1.562135e-05	-2.689733e-05	1
12	rs11064281	6721425	0	-2.019585e-04	-1.182327e-04	1
12	rs11064282	6721547	0	8.120709e-05	9.995164e-05	1
12	rs11064295	6743450	0	-5.769822e-04	-5.756831e-04	1
12	rs11064296	6744829	0	5.397735e-04	5.902191e-04	1
12	rs11064300	6758403	0	-2.164850e-05	-2.539495e-05	1
12	rs11064303	6762870	0	-2.585080e-05	-5.810667e-05	1
12	rs11064306	6764030	0	4.606444e-04	2.489618e-04	1
12	rs11064316	6801001	0	-4.923025e-05	-1.177312e-04	1
12	rs11064323	6812100	0	-4.923025e-05	-1.177312e-04	1
12	rs11064333	6834213	0	4.703966e-04	6.519850e-04	1
12	rs11064334	6835536	0	2.966896e-04	2.846082e-04	1
12	rs11064335	6841813	0	2.878337e-04	2.864509e-04	1
12	rs11064336	6844246	0	2.899495e-04	3.000108e-04	1
12	rs11064337	6845793	0	1.326587e-04	8.951955e-05	1
12	rs11064338	6846045	0	2.899495e-04	3.000107e-04	1
12	rs11064339	6847418	0	1.326587e-04	8.951951e-05	1
12	rs11064340	6847681	0	1.326587e-04	8.951949e-05	1
12	rs11064342	6847809	0	9.985737e-05	6.320711e-05	1
12	rs11064343	6847895	0	-3.979207e-05	-2.368991e-05	1
12	rs11064344	6847985	0	2.912500e-04	2.640988e-04	1
12	rs11064345	6848002	0	2.912500e-04	2.640987e-04	1
12	rs11064349	6849190	0	5.720050e-05	3.801735e-05	1
12	rs11064350	6849355	0	1.326587e-04	8.951939e-05	1
12	rs11064351	6849365	0	3.240513e-04	3.326691e-04	1
12	rs11064352	6849491	0	1.394866e-04	9.550014e-05	1
12	rs11064355	6851736	0	2.662564e-04	2.846918e-04	1
12	rs11064356	6852447	0	3.223804e-04	3.683781e-04	1
12	rs11064357	6852574	0	3.709101e-04	4.715094e-04	1
12	rs11064358	6853766	0	5.171171e-04	5.509292e-04	1
12	rs11064360	6855240	0	5.308290e-04	5.785582e-04	1
12	rs11064369	6866827	0	-1.088638e-05	-4.062844e-06	1
12	rs11064370	6868482	0	7.155149e-04	4.505985e-04	1
12	rs11064371	6868500	0	6.923049e-04	4.070198e-04	1
12	rs11064372	6868590	0	7.155149e-04	4.505983e-04	1
12	rs11064386	6896318	0	-1.936417e-05	-1.324689e-05	1
12	rs11064391	6897527	2	1.542116e-04	8.150421e-05	1
12	rs11064392	6898392	0	-1.936417e-05	-1.324688e-05	1
12	rs11064393	6899582	0	-1.473335e-04	-1.033899e-04	1
12	rs11064394	6906834	0	-2.297596e-04	-1.817209e-04	1
12	rs11064432	6968741	0	1.317147e-04	8.501425e-05	1
12	rs111311858	6815049	0	4.744685e-05	4.115097e-05	1
12	rs111443469	6213840	0	-1.298583e-05	-1.970340e-05	1
12	rs111547369	6742859	0	-1.000247e-04	-1.913743e-04	1
12	rs111571849	6758837	0	1.134300e-04	1.159627e-04	1
12	rs111628420	6049749	0	-5.135172e-05	-7.647369e-05	1
12	rs111811755	6002797	0	2.821685e-04	1.577707e-04	1
12	rs112161653	6414767	0	3.020522e-05	4.913475e-05	1
12	rs112255740	6852542	0	-1.913926e-04	-4.708529e-04	1
12	rs11227	6840371	0	2.587104e-04	1.031775e-04	1
12	rs112284808	6268754	0	-2.834047e-04	-4.636410e-04	1
12	rs112463032	6253038	0	-3.305211e-04	-9.730501e-04	1
12	rs112481081	6268733	0	-2.834047e-04	-4.636409e-04	1
12	rs112484799	6268767	0	-2.834047e-04	-4.636408e-04	1
12	rs112489230	6282693	0	3.533647e-05	7.972481e-05	1
12	rs112523274	6812302	0	4.744685e-05	4.115097e-05	1
12	rs112542578	6850819	0	-1.913926e-04	-4.708529e-04	1
12	rs112651654	6491280	0	4.027619e-05	7.632871e-05	1
12	rs112667902	6814296	0	4.744685e-05	4.115097e-05	1
12	rs112748569	6473620	0	-3.622984e-05	-6.519445e-05	1
12	rs112803957	6040061	0	-2.594996e-05	-3.947303e-05	1
12	rs112814955	6225931	0	-2.289307e-04	-3.241150e-04	1
12	rs112826761	6640910	0	3.095336e-04	9.213975e-04	1
12	rs112936609	6791077	0	-1.539256e-05	-2.336605e-05	1
12	rs113081282	6230544	0	9.973247e-05	2.074749e-04	1
12	rs113089859	6371668	0	6.047159e-07	1.287236e-06	1
12	rs113104597	6703172	0	-3.199366e-04	-2.593853e-04	1
12	rs113244573	6684385	0	-2.238151e-04	-8.083355e-04	1
12	rs113281544	6688517	0	-1.907108e-05	-1.118379e-05	1
12	rs113324349	6850725	0	1.326587e-04	8.951914e-05	1
12	rs113331457	6810131	0	4.744685e-05	4.115097e-05	1
12	rs113404207	6221848	0	4.468309e-05	5.155642e-05	1
12	rs113445398	5987477	0	-8.033183e-05	-1.330093e-04	1
12	rs113451139	6397308	0	2.653558e-04	1.585288e-04	1
12	rs113454053	6400591	9	-3.323140e-04	-2.297081e-04	1
12	rs113559360	6422052	0	-2.417527e-05	-5.430783e-05	1
12	rs113737586	6755121	0	-1.218948e-04	-2.217772e-04	1
12	rs113756914	6797472	0	6.309093e-05	1.608523e-04	1
12	rs113839140	6268746	0	-2.834047e-04	-4.636408e-04	1
12	rs114168938	6070083	0	-1.442408e-04	-1.795381e-04	1
12	rs114249506	6206316	0	-4.560238e-05	-5.722839e-05	1
12	rs114446920	6064363	0	-1.442408e-04	-1.795381e-04	1
12	rs114522003	6028534	0	9.101884e-06	1.195309e-05	1
12	rs114724388	6850459	0	-1.913926e-04	-4.708529e-04	1
12	rs114976192	6203533	0	-7.693096e-05	-9.322478e-05	1
12	rs11503137	6759116	0	-8.213310e-05	-1.013084e-04	1
12	rs11534812	6116982	0	2.503158e-04	6.886294e-04	1
12	rs115373837	6206543	0	-4.560238e-05	-5.722838e-05	1
12	rs11539542	6709059	0	-1.069048e-04	-7.510858e-05	1
12	rs11539543	6707526	0	-1.139284e-04	-8.094687e-05	1
12	rs11542844	6464581	0	-1.241279e-04	-9.568352e-05	1
12	rs11545053	6602645	0	-1.310427e-04	-4.980962e-05	1
12	rs11545054	6602732	0	-2.991992e-05	-1.114171e-05	1
12	rs11545055	6602696	0	-2.991992e-05	-1.114170e-05	1
12	rs115462318	6822544	0	1.318951e-05	1.148345e-05	1
12	rs115483248	6203480	0	-7.693096e-05	-9.322477e-05	1
12	rs115517017	6538823	0	6.267184e-05	6.093949e-05	1
12	rs11559082	6602367	0	-2.435390e-04	-1.352234e-04	1
12	rs11568225	6328113	0	-1.034503e-04	-1.109609e-04	1
12	rs11568240	6332926	0	1.388480e-04	3.209418e-04	1
12	rs11568283	6327437	0	-3.006856e-05	-6.768314e-05	1
12	rs11568284	6331487	0	2.841893e-04	5.922823e-04	1
12	rs11568285	6331489	0	2.841893e-04	5.922823e-04	1
12	rs11568287	6337041	0	2.351342e-04	6.181018e-04	1
12	rs11569357	6553336	0	9.380997e-05	1.228836e-04	1
12	rs11569358	6553504	0	9.380997e-05	1.228836e-04	1
12	rs11569359	6553604	0	2.563400e-06	1.027383e-06	1
12	rs11569361	6553806	1	3.653207e-05	1.696908e-05	1
12	rs11569377	6557541	0	2.451593e-05	2.948305e-05	1
12	rs11608428	6826848	0	5.176374e-05	4.475448e-05	1
12	rs11608666	6178126	0	-2.013770e-04	-5.078489e-04	1
12	rs11608767	6596807	0	-1.491807e-05	-5.531379e-06	1
12	rs11608814	6597129	0	-1.255578e-04	-4.738925e-05	1
12	rs11609728	6139692	0	-4.517178e-04	-3.537296e-04	1
12	rs11609816	6824541	0	-2.024309e-05	-1.637123e-05	1
12	rs11609820	6824614	0	-3.476182e-05	-3.083006e-05	1
12	rs11610189	6612114	0	-1.777638e-04	-6.876261e-05	1
12	rs11610190	6029976	0	-2.012046e-05	-1.111389e-05	1
12	rs11610207	6030048	0	-2.012046e-05	-1.111389e-05	1
12	rs11610322	6390413	0	3.600267e-04	2.343886e-04	1
12	rs11610549	6621641	0	-2.311511e-04	-8.922530e-05	1
12	rs11610712	6612883	0	-9.179727e-05	-3.527131e-05	1
12	rs11610774	6596336	0	-1.491807e-05	-5.531336e-06	1
12	rs11610787	6819084	0	9.016729e-05	7.814056e-05	1
12	rs11610821	6596772	0	-1.491807e-05	-5.531328e-06	1
12	rs11611587	5999882	0	2.821685e-04	1.577706e-04	1
12	rs11611855	6502260	0	3.064861e-04	1.177088e-04	1
12	rs11612258	6360683	0	2.453318e-04	8.818667e-05	1
12	rs11612361	6824706	0	7.853453e-05	6.373051e-05	1
12	rs11612401	6136968	0	-4.733404e-04	-3.694197e-04	1
12	rs11613774	6039623	0	1.996335e-05	1.084836e-05	1
12	rs11613839	6142153	0	-4.492908e-04	-3.344288e-04	1
12	rs11614343	6603413	0	-2.991992e-05	-1.114163e-05	1
12	rs11614477	6005299	0	1.695645e-04	9.038886e-05	1
12	rs11614534	6595025	0	3.876382e-05	1.439080e-05	1
12	rs11614545	6144325	0	-4.139324e-04	-2.786006e-04	1
12	rs11614570	6013138	0	2.143270e-04	1.088979e-04	1
12	rs11614609	6595443	0	-1.160408e-04	-4.376589e-05	1
12	rs11614716	6904146	0	-1.798652e-04	-7.814739e-05	1
12	rs11614912	6148555	0	-4.833382e-04	-4.034589e-04	1
12	rs11615001	6144520	0	-4.833382e-04	-4.034588e-04	1
12	rs11615182	6141996	0	-4.139324e-04	-2.786003e-04	1
12	rs11615534	6409706	0	9.702961e-05	7.067084e-05	1
12	rs11615628	6903631	0	-1.346592e-04	-5.731940e-05	1
12	rs11615664	6029847	0	-2.012046e-05	-1.111387e-05	1
12	rs11615666	6029894	0	-2.012046e-05	-1.111387e-05	1
12	rs11615946	6811611	0	4.744685e-05	4.115098e-05	1
12	rs11616188	6502742	0	2.614638e-04	9.568533e-05	1
12	rs116338948	6372577	0	1.135859e-04	2.778546e-04	1
12	rs116858650	6841765	0	-1.290502e-05	-2.022294e-05	1
12	rs116874789	6034400	0	1.366487e-04	2.640609e-04	1
12	rs116891650	6154304	0	-9.333013e-05	-1.772207e-04	1
12	rs116908884	6052658	0	2.881686e-05	7.175725e-05	1
12	rs116975956	6739441	0	-2.585080e-05	-5.810692e-05	1
12	rs116979198	6611613	0	-2.301291e-05	-2.700183e-05	1
12	rs117054975	6376428	0	1.755028e-04	2.573970e-04	1
12	rs117060086	6023716	0	2.385850e-05	5.112084e-05	1
12	rs117158372	6068895	0	-1.159474e-04	-1.663645e-04	1
12	rs117201340	6826336	0	1.307927e-05	2.119691e-05	1
12	rs117238872	6405746	0	1.364801e-04	2.636737e-04	1
12	rs117240847	6612576	0	1.843490e-04	4.897357e-04	1
12	rs117266687	6221398	0	4.468309e-05	5.155640e-05	1
12	rs117267920	6079908	0	1.678374e-05	4.163059e-05	1
12	rs117271422	6819272	0	2.293965e-05	3.189608e-05	1
12	rs117409748	6749947	0	-9.679297e-05	-1.647741e-04	1
12	rs117471807	6785945	0	1.499652e-04	3.720706e-04	1
12	rs117508554	6355163	0	1.082108e-04	3.098511e-04	1
12	rs117531641	6286087	0	-2.609258e-04	-5.009898e-04	1
12	rs117533088	6818252	0	-5.879550e-05	-5.706310e-05	1
12	rs117542912	6221399	0	4.468309e-05	5.155640e-05	1
12	rs117551058	6662661	0	-4.828901e-05	-1.216185e-04	1
12	rs117590443	6841764	0	-1.290502e-05	-2.022294e-05	1
12	rs117603936	6001671	0	8.212781e-05	1.674700e-04	1
12	rs117609117	6300972	0	-3.470319e-04	-8.610941e-04	1
12	rs117640469	6732130	0	2.262096e-04	5.270162e-04	1
12	rs117660359	6476559	0	-1.612866e-04	-4.573037e-04	1
12	rs117671134	6519382	0	-4.887828e-05	-8.943365e-05	1
12	rs117731790	6132671	0	8.849088e-05	1.990075e-04	1
12	rs117761448	6323140	0	-3.009041e-05	-7.116787e-05	1
12	rs117765687	6541070	0	1.284202e-04	1.788763e-04	1
12	rs117766816	6054200	0	1.226759e-06	2.212403e-06	1
12	rs117820614	6624738	0	-5.109395e-05	-1.109690e-04	1
12	rs117856975	6168076	0	-1.151639e-04	-2.341599e-04	1
12	rs117864785	6405745	0	1.364801e-04	2.636737e-04	1
12	rs117937728	6062002	0	-1.159474e-04	-1.663645e-04	1
12	rs117962564	6765989	0	-5.282207e-04	-4.120220e-03	1
12	rs117966544	6862292	0	1.909126e-04	4.218108e-04	1
12	rs117969050	6397988	0	2.203956e-04	5.296683e-04	1
12	rs117977363	5991453	0	5.578144e-05	1.274949e-04	1
12	rs118078062	6802779	0	1.249132e-04	3.474740e-04	1
12	rs118080174	6840057	0	-6.238959e-05	-9.071223e-05	1
12	rs118104888	6675080	0	-5.109395e-05	-1.109690e-04	1
12	rs118113362	6185079	0	-1.835788e-04	-6.248260e-04	1
12	rs118133042	6772076	0	1.106047e-05	1.627069e-05	1
12	rs118138505	6390642	0	1.867155e-04	4.542352e-04	1
12	rs118139043	6374769	0	8.640677e-05	1.455901e-04	1
12	rs11829480	6205320	0	-6.874029e-05	-8.964330e-05	1
12	rs11829713	6202859	0	-1.449896e-04	-1.327521e-04	1
12	rs11830385	6091388	0	-3.239898e-04	-3.553561e-04	1
12	rs11830706	6412860	0	-8.963896e-05	-7.765587e-05	1
12	rs11831214	6490158	0	-2.934787e-04	-3.897539e-04	1
12	rs11831220	6490235	0	-2.934787e-04	-3.897539e-04	1
12	rs11831244	6490316	0	-2.934787e-04	-3.897540e-04	1
12	rs11831297	6490609	0	-2.934787e-04	-3.897540e-04	1
12	rs11831426	6368905	0	4.826626e-04	1.270849e-03	1
12	rs11831449	6154469	0	-1.059994e-03	-2.443193e-03	1
12	rs11831514	6921244	0	-1.844332e-04	-2.323832e-04	1
12	rs11831706	6490293	0	-2.683791e-04	-3.548407e-04	1
12	rs11833291	6490033	0	-2.934787e-04	-3.897539e-04	1
12	rs11833796	6699547	0	-2.231082e-04	-1.376275e-04	1
12	rs11834074	6667564	0	-1.562135e-05	-2.689743e-05	1
12	rs11834945	6693713	0	-1.562135e-05	-2.689744e-05	1
12	rs11835719	6401412	0	2.071017e-04	4.226769e-04	1
12	rs11836708	6194657	0	-3.184399e-04	-4.678513e-04	1
12	rs11836843	6202818	0	-1.449896e-04	-1.327519e-04	1
12	rs11837434	6203155	0	-9.857845e-05	-1.146745e-04	1
12	rs11838266	6088785	0	-3.239898e-04	-3.553560e-04	1
12	rs12049984	5988437	0	-3.612199e-04	-1.439948e-04	1
12	rs12099542	6103998	0	-1.033734e-04	-1.386311e-04	1
12	rs12099908	6713636	0	-8.556825e-05	-4.931474e-05	1
12	rs12227716	6522914	0	-1.508572e-04	-6.651436e-05	1
12	rs12228763	6521808	0	1.200000e-04	4.167948e-05	1
12	rs12229187	6531927	0	-2.456975e-04	-1.140877e-04	1
12	rs12229469	6927158	0	4.810972e-04	1.997737e-04	1
12	rs12229492	6867152	0	-2.159155e-04	-1.489412e-04	1
12	rs12230340	6530818	0	1.105996e-04	3.842203e-05	1
12	rs12231078	6373573	0	-1.946089e-04	-1.942150e-04	1
12	rs12231295	6530819	0	1.332196e-04	4.612823e-05	1
12	rs12296430	6503500	0	-1.338667e-04	-7.507562e-05	1
12	rs12296592	6757768	0	-2.025867e-04	-1.306835e-04	1
12	rs12297442	6062889	0	-1.289673e-04	-5.843844e-05	1
12	rs12297684	6007071	0	4.015692e-05	4.208853e-05	1
12	rs12298161	6504207	0	-1.131612e-04	-2.035543e-04	1
12	rs12298980	6434625	0	5.278585e-04	2.633205e-04	1
12	rs12300705	6453265	0	-1.744096e-04	-2.902409e-04	1
12	rs12301255	6008816	0	4.015692e-05	4.208853e-05	1
12	rs12301294	6398359	0	3.308236e-04	1.950713e-04	1
12	rs12301367	6009024	0	4.015692e-05	4.208853e-05	1
12	rs12303027	6795760	0	-2.113803e-04	-1.501645e-04	1
12	rs12303649	5998330	0	3.734130e-04	2.779687e-04	1
12	rs12303734	6046490	0	-2.630220e-05	-3.463121e-05	1
12	rs12304975	6512942	0	-5.824514e-05	-1.031804e-04	1
12	rs12305250	6388273	0	6.781956e-05	3.738424e-05	1
12	rs12305465	6505896	0	-9.559624e-05	-1.819681e-04	1
12	rs12305676	6064446	0	-2.294062e-04	-1.099903e-04	1
12	rs12306554	6763673	0	6.421574e-05	8.366231e-05	1
12	rs12307335	6138385	0	-1.950049e-04	-2.094626e-04	1
12	rs12308152	6008861	0	4.015692e-05	4.208854e-05	1
12	rs12310690	6185029	0	-4.480387e-05	-2.994434e-05	1
12	rs12310847	6295957	0	-1.249602e-04	-5.221377e-05	1
12	rs12310862	6296003	0	-1.249602e-04	-5.221377e-05	1
12	rs12310984	6594787	0	3.876382e-05	1.439087e-05	1
12	rs12311033	6594853	0	-1.491807e-05	-5.531240e-06	1
12	rs12311866	6504037	0	-1.131612e-04	-2.035543e-04	1
12	rs12311981	6504188	0	-1.131612e-04	-2.035543e-04	1
12	rs12312834	6597927	0	8.862770e-05	3.309966e-05	1
12	rs12313899	6877858	0	7.108695e-04	3.698474e-04	1
12	rs12314345	6008880	0	4.015692e-05	4.208854e-05	1
12	rs12314557	6009297	0	2.090755e-05	2.137091e-05	1
12	rs12316584	6552048	0	8.790633e-05	1.177407e-04	1
12	rs12316639	6508471	2	-7.802576e-05	-1.820802e-04	1
12	rs12316668	6582330	0	2.451571e-04	9.579578e-05	1
12	rs12316748	6508659	0	-9.559624e-05	-1.819681e-04	1
12	rs12317039	6005333	0	2.090755e-05	2.137091e-05	1
12	rs12317079	6202462	0	-1.801518e-04	-6.260795e-05	1
12	rs12317523	6063142	0	-1.572607e-04	-7.021095e-05	1
12	rs12317635	5998367	0	3.734130e-04	2.779686e-04	1
12	rs12319292	6170299	0	1.216417e-04	8.648174e-05	1
12	rs12319392	6170486	0	1.216417e-04	8.648173e-05	1
12	rs12319598	6064549	0	-2.294062e-04	-1.099903e-04	1
12	rs12319859	6539491	0	3.460197e-05	2.721131e-05	1
12	rs12320367	6012462	0	4.015692e-05	4.208856e-05	1
12	rs12321015	6505636	0	-1.119181e-04	-1.784722e-04	1
12	rs12321069	6505647	0	-1.119181e-04	-1.784722e-04	1
12	rs12321102	6755194	0	3.514994e-05	3.731191e-05	1
12	rs12322098	6043237	0	-2.630220e-05	-3.463120e-05	1
12	rs12322266	6475082	0	5.614060e-04	4.010492e-04	1
12	rs12322386	6046501	0	-2.630220e-05	-3.463120e-05	1
12	rs12322472	6849643	0	3.240513e-04	3.326685e-04	1
12	rs12322604	6717645	0	-2.019585e-04	-1.182328e-04	1
12	rs12366600	6151653	0	-3.294930e-04	-8.233521e-04	1
12	rs12366887	6151366	0	-3.294930e-04	-8.233520e-04	1
12	rs12366917	6151578	0	-3.294930e-04	-8.233519e-04	1
12	rs12367003	5985514	0	-1.047391e-04	-4.162046e-05	1
12	rs12367254	6151846	0	-3.294930e-04	-8.233518e-04	1
12	rs12367255	6151878	0	-3.294930e-04	-8.233517e-04	1
12	rs12367467	6049568	0	-2.618150e-05	-1.921330e-05	1
12	rs12367882	6359872	0	1.970038e-04	2.686791e-04	1
12	rs12368045	6151522	0	-3.294930e-04	-8.233516e-04	1
12	rs12368063	6040563	0	-4.216267e-04	-2.669115e-04	1
12	rs12368267	6071516	0	-8.516537e-05	-4.518482e-05	1
12	rs12368360	6565718	0	-3.213541e-04	-2.292003e-04	1
12	rs12369177	6073520	0	-2.034129e-04	-9.146100e-05	1
12	rs12369647	6533032	0	-1.363579e-04	-1.767737e-04	1
12	rs12369967	6627356	0	-3.914149e-04	-2.108547e-04	1
12	rs12370390	6610443	0	-2.004718e-04	-1.008216e-04	1
12	rs12371081	6042669	0	-8.867213e-05	-6.774458e-05	1
12	rs12371184	6632925	0	-1.169156e-04	-5.581396e-05	1
12	rs12371825	6151902	0	-3.294930e-04	-8.233515e-04	1
12	rs12372459	6866355	0	4.669483e-04	5.233480e-04	1
12	rs12372572	6620623	0	-1.968179e-04	-1.018132e-04	1
12	rs12372671	6849428	0	2.899495e-04	3.000097e-04	1
12	rs12372694	6035744	0	-8.867213e-05	-6.774459e-05	1
12	rs12422771	6580273	0	-2.742978e-04	-1.820013e-04	1
12	rs12423482	6070845	0	-1.159474e-04	-1.663644e-04	1
12	rs12425927	6647828	0	-4.066185e-04	-5.810297e-04	1
12	rs12426815	6580314	0	-4.873043e-05	-2.404161e-05	1
12	rs12427239	6590626	0	-2.512908e-04	-1.398861e-04	1
12	rs12427243	6848892	0	-6.238959e-05	-9.071221e-05	1
12	rs12578573	6842959	0	1.113058e-04	3.746725e-05	1
12	rs12579603	6102125	0	4.246940e-04	2.160680e-04	1
12	rs12579898	6476583	0	5.614060e-04	4.010490e-04	1
12	rs12580729	6599507	0	-1.255578e-04	-4.738909e-05	1
12	rs12580835	6049784	0	4.113627e-04	1.687928e-04	1
12	rs12581183	6476252	0	5.614060e-04	4.010490e-04	1
12	rs12581986	6407737	0	-5.868486e-05	-2.486240e-05	1
12	rs12810167	6596499	0	-1.491807e-05	-5.531203e-06	1
12	rs12810426	6144138	0	-4.095639e-04	-2.887552e-04	1
12	rs12812284	6526617	0	2.166886e-04	7.864501e-05	1
12	rs12813891	6594255	0	6.061119e-05	2.293522e-05	1
12	rs12814720	6294417	0	-8.787789e-05	-3.545148e-05	1
12	rs12815397	6294390	0	-8.787789e-05	-3.545148e-05	1
12	rs12816221	6430737	0	4.363724e-04	1.796344e-04	1
12	rs12816349	6709945	0	-4.979491e-05	-2.092455e-05	1
12	rs12817054	6597321	0	-1.491807e-05	-5.531182e-06	1
12	rs12817967	6545994	0	4.026947e-04	1.724172e-04	1
12	rs12818921	6600471	0	4.415549e-05	1.614870e-05	1
12	rs12819922	6064692	0	-1.289673e-04	-5.843843e-05	1
12	rs12821018	6430776	0	3.988935e-04	1.566694e-04	1
12	rs12822404	6430745	0	4.363724e-04	1.796343e-04	1
12	rs12822586	6598122	0	-1.491807e-05	-5.531160e-06	1
12	rs12826041	6227630	0	-5.094294e-04	-2.429956e-04	1
12	rs12829220	6074650	0	4.224246e-05	7.335449e-05	1
12	rs12831467	6995686	0	6.686155e-04	5.843420e-01	1
12	rs12831864	6062379	0	-6.303387e-04	-3.902788e-04	1
12	rs12964	6572191	0	2.846929e-04	1.108330e-04	1
12	rs1319389	6592023	0	2.443501e-05	9.047270e-06	1
12	rs13306614	6464784	0	-1.144718e-04	-2.956202e-04	1
12	rs13306621	6473030	0	-1.336414e-05	-2.486018e-05	1
12	rs13402	6862174	0	5.155485e-04	6.148468e-04	1
12	rs13842	6572561	0	6.622676e-05	2.311763e-05	1
12	rs138605118	6512559	0	-9.559624e-05	-1.819677e-04	1
12	rs138731227	6536587	0	3.962561e-04	2.459430e-04	1
12	rs138891567	6848947	0	-1.913926e-04	-4.708532e-04	1
12	rs138899113	6395053	0	2.203956e-04	5.296661e-04	1
12	rs139129663	6688846	0	-1.069048e-04	-7.510861e-05	1
12	rs139431235	6208787	0	-1.167419e-04	-1.338648e-04	1
12	rs139727584	6071943	0	-1.159474e-04	-1.663642e-04	1
12	rs140021828	6851444	0	-1.913926e-04	-4.708532e-04	1
12	rs140093587	6395910	0	2.203956e-04	5.296661e-04	1
12	rs140573351	6852931	0	-1.838111e-04	-3.873524e-04	1
12	rs140661902	6809318	0	-1.656764e-05	-2.597745e-05	1
12	rs140709663	6623008	0	1.980449e-04	2.801330e-04	1
12	rs141040328	6150487	0	-3.294930e-04	-8.233526e-04	1
12	rs141061100	5995197	0	4.372426e-05	9.033886e-05	1
12	rs141230209	6741258	0	-2.030587e-05	-3.821414e-05	1
12	rs141864201	6851309	0	-1.913926e-04	-4.708532e-04	1
12	rs141937196	6848750	0	-1.290502e-05	-2.022413e-05	1
12	rs141950953	6785232	0	-1.539256e-05	-2.336690e-05	1
12	rs142183819	6410851	0	1.364801e-04	2.636724e-04	1
12	rs142266502	6365368	0	2.798289e-04	6.099409e-04	1
12	rs142332705	6860562	0	1.078808e-05	1.636738e-05	1
12	rs142710889	6197572	0	-3.123072e-04	-4.127863e-04	1
12	rs143328932	6541127	0	5.305359e-05	9.266328e-05	1
12	rs143730239	6377095	0	2.087661e-04	3.683495e-04	1
12	rs143860788	6192635	0	-2.805796e-04	-3.704490e-04	1
12	rs144003097	6212510	8	2.348430e-05	4.814973e-05	1
12	rs144055655	6828739	0	2.004616e-04	1.538592e-04	1
12	rs144100949	6565871	0	-3.446209e-05	-5.428852e-05	1
12	rs144169955	6850235	0	-1.913926e-04	-4.708532e-04	1
12	rs144517833	6003493	0	2.361634e-05	2.733175e-05	1
12	rs144850263	6850101	0	-1.913926e-04	-4.708532e-04	1
12	rs144864394	6040577	0	2.123795e-05	1.473398e-05	1
12	rs145066428	6400796	3	9.421500e-06	2.215448e-05	1
12	rs145596238	6403109	0	2.858633e-04	5.458094e-04	1
12	rs145710745	6834540	0	-9.580663e-05	-1.824127e-04	1
12	rs145780917	6693526	0	7.422216e-06	1.941170e-05	1
12	rs145848488	6285803	0	-2.609258e-04	-5.009871e-04	1
12	rs146094919	6662485	0	5.714629e-05	1.307483e-04	1
12	rs146111161	6909973	0	-3.020737e-04	-1.183924e-03	1
12	rs146242455	6541358	0	1.284202e-04	1.788766e-04	1
12	rs146256301	6632816	0	1.222407e-04	2.510841e-04	1
12	rs146307771	6395942	0	2.203956e-04	5.296660e-04	1
12	rs146416192	6614741	0	-7.172730e-06	-1.531929e-05	1
12	rs146756575	6108044	0	-1.716652e-04	-3.529011e-04	1
12	rs1468603	6427052	0	4.125061e-04	1.555457e-04	1
12	rs146902162	6828798	0	2.004616e-04	1.538592e-04	1
12	rs146929051	5981395	0	5.578144e-05	1.274947e-04	1
12	rs146983427	6615199	0	-2.792847e-04	-6.911581e-04	1
12	rs147231096	6388104	0	2.133719e-04	5.281989e-04	1
12	rs147714617	6605299	0	-2.792847e-04	-6.911580e-04	1
12	rs148252326	6337076	0	1.135859e-04	2.778551e-04	1
12	rs148297017	6157651	0	-3.066273e-04	-7.431266e-04	1
12	rs148412980	6537033	1	3.489336e-04	2.042675e-04	1
12	rs148464148	6387842	0	2.275526e-04	5.574261e-04	1
12	rs148871353	6364352	0	4.503028e-04	1.076802e-03	1
12	rs149093296	6594883	0	-2.435390e-04	-1.352230e-04	1
12	rs149309764	6841555	0	3.107286e-04	3.541961e-04	1
12	rs149521873	6395871	0	2.203956e-04	5.296659e-04	1
12	rs149834229	6396652	0	2.203956e-04	5.296659e-04	1
12	rs149914060	6650179	1	1.626701e-04	4.338324e-04	1
12	rs150169197	6822847	0	6.734848e-05	6.345479e-05	1
12	rs150216194	6825615	0	-5.879550e-05	-5.706284e-05	1
12	rs150374567	6850705	0	-1.913926e-04	-4.708531e-04	1
12	rs150378883	6210873	0	-1.167419e-04	-1.338648e-04	1
12	rs150686823	6851428	0	-1.913926e-04	-4.708531e-04	1
12	rs150738444	6508319	0	-9.559624e-05	-1.819676e-04	1
12	rs151273781	6029065	0	3.370252e-05	6.368470e-05	1
12	rs1558324	6289219	0	2.017180e-04	7.676755e-05	1
12	rs1558325	6289108	0	2.017180e-04	7.676755e-05	1
12	rs1558326	6289092	0	2.017180e-04	7.676755e-05	1
12	rs1558327	6289067	0	2.017180e-04	7.676755e-05	1
12	rs1558328	6288834	0	-3.196875e-05	-1.186971e-05	1
12	rs1558333	6675055	0	8.803677e-05	5.968800e-05	1
12	rs1558334	6601825	0	-1.160408e-04	-4.376640e-05	1
12	rs1558335	6601834	0	-1.491807e-05	-5.531794e-06	1
12	rs1558519	6153738	0	-1.059994e-03	-2.443164e-03	1
12	rs1610055	6195368	0	5.887106e-05	3.881655e-05	1
12	rs1610056	6195397	0	5.887106e-05	3.881655e-05	1
12	rs1639123	6714668	0	-2.117979e-04	-1.034645e-04	1
12	rs16928082	6396156	0	5.512191e-04	3.996259e-04	1
12	rs16932500	6394730	0	3.378472e-04	1.938082e-04	1
12	rs16932501	6402187	0	5.512191e-04	3.996257e-04	1
12	rs16932505	6402273	0	5.512191e-04	3.996255e-04	1
12	rs16932506	6402340	0	2.653558e-04	1.585276e-04	1
12	rs170048	6150764	0	4.160553e-05	4.237134e-05	1
12	rs1734114	6713450	0	-6.889895e-05	-3.261013e-05	1
12	rs1734116	6715593	0	-6.678313e-05	-3.260265e-05	1
12	rs1734117	6721707	0	-1.948061e-04	-9.706497e-05	1
12	rs17419697	6147786	0	-4.114305e-04	-2.866465e-04	1
12	rs17491320	6102533	0	-3.304336e-04	-3.671236e-04	1
12	rs17491334	6103844	0	-3.291905e-04	-3.590097e-04	1
12	rs17516063	6898182	0	-1.936417e-05	-1.324696e-05	1
12	rs17724452	6025488	0	-2.012046e-05	-1.111438e-05	1
12	rs17724464	6025584	0	-3.859389e-05	-2.143959e-05	1
12	rs17724494	6027292	0	-2.012046e-05	-1.111438e-05	1
12	rs17724506	6028023	0	-2.012046e-05	-1.111438e-05	1
12	rs177702	6094845	0	-2.297117e-04	-1.076320e-04	1
12	rs17786382	6025054	0	-2.012046e-05	-1.111438e-05	1
12	rs17786394	6026090	0	-2.012046e-05	-1.111438e-05	1
12	rs17786400	6026151	0	-2.012046e-05	-1.111438e-05	1
12	rs17786412	6026314	0	-2.012046e-05	-1.111438e-05	1
12	rs17786442	6029460	0	-2.012046e-05	-1.111438e-05	1
12	rs17788043	6692672	0	7.422216e-06	1.941172e-05	1
12	rs17788055	6693012	0	-3.183009e-05	-3.927833e-05	1
12	rs17790300	6685188	0	6.140331e-05	1.167203e-04	1
12	rs1800375	6174423	0	-2.182788e-04	-1.294119e-04	1
12	rs1800376	6174414	0	-1.323062e-04	-7.120124e-05	1
12	rs1800377	6173433	0	-2.936815e-04	-2.758770e-04	1
12	rs1800378	6172202	0	-3.869338e-04	-1.548512e-04	1
12	rs1800379	6167196	0	-1.875748e-04	-7.143425e-05	1
12	rs1800382	6128388	0	1.899109e-05	4.976750e-05	1
12	rs1800384	6127919	0	-8.690106e-05	-7.177124e-05	1
12	rs1800385	6127891	0	-8.512923e-05	-7.123531e-05	1
12	rs1800387	6182828	0	-2.776506e-04	-3.234638e-04	1
12	rs1800693	6440009	0	1.594182e-04	5.607539e-05	1
12	rs1803621	6647109	0	-1.520409e-04	-6.293234e-05	1
12	rs1803622	6647453	0	-7.260986e-05	-2.926564e-05	1
12	rs1814249	6231022	0	-3.260353e-04	-1.217451e-04	1
12	rs183356	6150824	0	4.160553e-05	4.237136e-05	1
12	rs185627928	6582890	0	1.256703e-04	1.346619e-04	1
12	rs185699757	6071752	1	-1.437217e-04	-2.267490e-04	1
12	rs1860364	6194243	0	-3.629313e-04	-1.719178e-04	1
12	rs1860365	6147110	0	-4.831139e-04	-3.669507e-04	1
12	rs1860366	6147008	0	-4.114305e-04	-2.866463e-04	1
12	rs1860367	6146843	0	-4.833382e-04	-4.034536e-04	1
12	rs1860415	6142678	0	-4.139324e-04	-2.785974e-04	1
12	rs1860416	6142841	0	-4.492908e-04	-3.344243e-04	1
12	rs186182306	6150606	0	-3.716412e-04	-8.521952e-04	1
12	rs186355289	6354158	0	-3.006856e-05	-6.768336e-05	1
12	rs187346860	6848234	0	-3.310421e-04	-1.068150e-03	1
12	rs1882545	6885410	0	1.890209e-04	7.442138e-05	1
12	rs1882547	6839218	0	1.017503e-04	3.853088e-05	1
12	rs1882548	6838903	0	3.763055e-04	3.112750e-04	1
12	rs1882549	6836542	0	1.070037e-04	4.565905e-05	1
12	rs1882550	6876161	0	6.648245e-04	3.286027e-04	1
12	rs1882553	6747578	0	-5.425327e-04	-4.356677e-04	1
12	rs188613052	6251548	0	1.785357e-04	4.985515e-04	1
12	rs188616	6150758	0	4.160553e-05	4.237142e-05	1
12	rs189055457	6849252	9	6.350461e-05	1.331554e-04	1
12	rs190161412	6738312	0	-1.185405e-04	-2.231269e-04	1
12	rs190922658	6825595	0	-9.544713e-05	-1.816483e-04	1
12	rs191827900	6196609	0	1.332601e-04	9.020737e-05	1
12	rs1922452	6896194	0	2.932061e-04	1.253910e-04	1
12	rs192294847	6406152	0	1.364801e-04	2.636721e-04	1
12	rs1981669	6598898	0	-1.491807e-05	-5.531753e-06	1
12	rs1984541	6292072	0	-1.481075e-04	-5.749777e-05	1
12	rs1985851	6047720	0	4.113627e-04	1.687940e-04	1
12	rs1986755	6551492	0	3.926181e-04	1.699479e-04	1
12	rs1990326	6057911	0	-6.303387e-04	-3.902789e-04	1
12	rs1990384	6342921	0	1.249408e-04	4.167346e-05	1
12	rs1990385	6394635	0	5.512191e-04	3.996252e-04	1
12	rs1990386	6394443	0	3.849698e-04	2.360129e-04	1
12	rs1990491	6169546	0	1.216417e-04	8.648052e-05	1
12	rs1997510	6871891	0	7.936256e-04	6.053399e-04	1
12	rs2005829	6190529	0	-2.913254e-05	-2.096108e-05	1
12	rs2008134	6588445	0	3.181177e-04	1.382803e-04	1
12	rs2009527	6569545	0	5.432649e-04	4.009459e-04	1
12	rs2027796	6900613	0	1.003593e-04	3.839257e-05	1
12	rs2041375	6473549	0	4.800362e-04	2.947359e-04	1
12	rs2041384	6562285	0	4.827622e-04	3.176701e-04	1
12	rs2041385	6562293	0	4.827622e-04	3.176699e-04	1
12	rs2041386	6562538	0	-3.213541e-04	-2.291995e-04	1
12	rs2041387	6562823	0	5.540249e-04	4.195568e-04	1
12	rs2041388	6562836	0	4.720022e-04	3.042093e-04	1
12	rs2058220	6201490	0	-1.449896e-04	-1.327524e-04	1
12	rs2058222	6201769	4	-1.158950e-04	-1.190213e-04	1
12	rs2058223	6202608	0	-3.341361e-04	-1.341320e-04	1
12	rs2058288	6578872	0	3.181234e-04	1.589696e-04	1
12	rs2058473	6093926	0	3.364777e-04	1.552552e-04	1
12	rs2070883	6094495	0	2.252456e-04	2.629518e-04	1
12	rs2070884	6094390	0	2.252456e-04	2.629518e-04	1
12	rs2070885	6094152	0	2.252456e-04	2.629518e-04	1
12	rs2070886	6094065	0	-9.874418e-05	-4.966191e-05	1
12	rs2070887	6093952	0	2.951705e-04	3.841935e-04	1
12	rs2072370	6345080	0	2.258665e-04	7.946800e-05	1
12	rs2072372	6344600	0	2.374992e-04	8.310242e-05	1
12	rs2072373	6631888	0	-2.624377e-04	-1.586433e-04	1
12	rs2072374	6637845	0	-3.818980e-04	-2.029817e-04	1
12	rs2072375	6575044	0	3.103717e-04	1.545507e-04	1
12	rs2072376	6579812	0	-1.593802e-04	-6.004278e-05	1
12	rs2072377	6580228	0	-1.878941e-04	-1.155262e-04	1
12	rs2072378	6580249	0	3.086065e-04	1.524036e-04	1
12	rs2079866	6563848	0	4.720022e-04	3.042088e-04	1
12	rs2079867	6622111	0	-3.492285e-04	-1.830225e-04	1
12	rs2079868	6622346	0	-5.544084e-04	-3.667425e-04	1
12	rs2103397	6835485	0	-1.964403e-05	-8.053445e-06	1
12	rs2109118	6194655	0	-2.004875e-04	-6.458057e-05	1
12	rs2109122	6171265	0	1.216417e-04	8.648056e-05	1
12	rs2109408	6293825	0	-8.787789e-05	-3.545129e-05	1
12	rs2109426	6589522	0	3.620968e-04	1.874551e-04	1
12	rs2109427	6592082	0	1.255578e-04	4.738937e-05	1
12	rs2109430	6613076	0	-3.250810e-04	-1.408396e-04	1
12	rs2159521	6349328	0	3.069828e-04	1.111698e-04	1
12	rs216290	6151597	0	3.710986e-04	4.153258e-04	1
12	rs216291	6151873	0	1.101600e-03	2.921731e-03	1
12	rs216292	6152976	0	1.101600e-03	2.921714e-03	1
12	rs216293	6153659	0	1.101600e-03	2.921697e-03	1
12	rs216294	6153750	0	7.603007e-05	8.519427e-05	1
12	rs216295	6154206	0	9.508069e-05	9.755623e-05	1
12	rs216296	6154670	0	7.603007e-05	8.519426e-05	1
12	rs216297	6155218	0	3.458622e-05	3.515452e-05	1
12	rs216298	6156477	0	4.160553e-05	4.237085e-05	1
12	rs216299	6156635	0	4.160553e-05	4.237085e-05	1
12	rs216301	6157988	0	4.160553e-05	4.237085e-05	1
12	rs216302	6158022	0	4.160553e-05	4.237085e-05	1
12	rs216303	6159045	0	4.160553e-05	4.237085e-05	1
12	rs216304	6159537	0	-1.495985e-05	-1.515283e-05	1
12	rs216305	6121078	0	9.626919e-04	1.199906e-03	1
12	rs216306	6122103	0	9.443635e-04	9.779329e-04	1
12	rs216313	6129264	0	4.407854e-04	1.151102e-03	1
12	rs216314	6136580	0	1.541493e-04	1.895844e-04	1
12	rs216315	6136914	0	1.541493e-04	1.895844e-04	1
12	rs216318	6139261	0	1.541493e-04	1.895844e-04	1
12	rs216320	6143356	0	1.541493e-04	1.895844e-04	1
12	rs216321	6143984	0	1.541493e-04	1.895844e-04	1
12	rs216322	6144897	0	5.680817e-04	4.463964e-04	1
12	rs216323	6145109	0	5.680817e-04	4.463962e-04	1
12	rs216324	6145225	0	1.541493e-04	1.895843e-04	1
12	rs216325	6145529	0	6.034400e-04	5.237583e-04	1
12	rs216327	6146149	0	6.034400e-04	5.237580e-04	1
12	rs216328	6146483	0	6.034400e-04	5.237577e-04	1
12	rs216329	6146507	0	6.034400e-04	5.237574e-04	1
12	rs216335	6148005	0	1.541493e-04	1.895841e-04	1
12	rs216339	6149284	0	1.541493e-04	1.895841e-04	1
12	rs216800	6107946	0	-4.911229e-04	-2.634147e-04	1
12	rs216801	6108513	0	-3.203269e-04	-1.266571e-04	1
12	rs216802	6109103	0	-4.805881e-04	-2.158347e-04	1
12	rs216803	6109902	0	-5.284680e-04	-2.496391e-04	1
12	rs216804	6111411	0	-5.540402e-04	-2.788457e-04	1
12	rs216805	6111476	0	-5.185852e-04	-2.873007e-04	1
12	rs216806	6111525	0	-5.808500e-04	-3.053061e-04	1
12	rs216807	6112456	0	-5.004710e-04	-2.337987e-04	1
12	rs216809	6114283	0	-3.889517e-04	-1.641159e-04	1
12	rs216811	6115274	0	-2.247088e-04	-9.556798e-05	1
12	rs216852	6084191	0	-9.980824e-06	-3.242343e-06	1
12	rs216855	6085513	0	3.105289e-04	1.515585e-04	1
12	rs216857	6086936	0	9.427805e-05	3.246341e-05	1
12	rs216859	6087531	0	-2.247245e-05	-1.339498e-05	1
12	rs216860	6089068	0	-4.685634e-04	-2.449150e-04	1
12	rs216861	6089112	0	-3.772946e-05	-2.138195e-05	1
12	rs216862	6089156	5	-4.347659e-04	-2.827955e-04	1
12	rs216866	6090825	0	-4.810909e-04	-3.388606e-04	1
12	rs216867	6091000	0	-2.247245e-05	-1.339493e-05	1
12	rs216868	6091164	0	-5.075262e-04	-2.839199e-04	1
12	rs216870	6093048	0	1.059108e-04	3.670491e-05	1
12	rs216872	6093540	0	-5.066045e-04	-2.822101e-04	1
12	rs216873	6095274	0	-2.489611e-04	-1.218127e-04	1
12	rs216874	6095757	0	-2.371550e-05	-1.404016e-05	1
12	rs216875	6095901	0	-2.371550e-05	-1.404015e-05	1
12	rs216876	6096256	0	-2.784558e-05	-1.575745e-05	1
12	rs216877	6096294	0	-2.784558e-05	-1.575744e-05	1
12	rs216878	6096383	0	-2.784558e-05	-1.575743e-05	1
12	rs216879	6096655	0	-1.855456e-05	-1.004369e-05	1
12	rs216880	6096691	0	-1.855456e-05	-1.004368e-05	1
12	rs216881	6096712	0	-2.779819e-05	-1.515335e-05	1
12	rs216882	6096816	0	-1.855456e-05	-1.004366e-05	1
12	rs216883	6097657	0	-3.382645e-04	-1.855839e-04	1
12	rs216884	6097828	0	-8.591647e-04	-8.242618e-04	1
12	rs216885	6097955	0	-8.048869e-04	-6.742716e-04	1
12	rs216886	6097965	0	-5.240338e-04	-2.486480e-04	1
12	rs216887	6098452	0	-5.972878e-04	-3.122194e-04	1
12	rs216888	6098857	0	-5.972878e-04	-3.122193e-04	1
12	rs216889	6099453	0	-4.376021e-04	-1.807330e-04	1
12	rs216890	6099538	0	-5.972878e-04	-3.122191e-04	1
12	rs216893	6100485	0	-5.972878e-04	-3.122190e-04	1
12	rs216894	6100577	0	-6.043114e-04	-3.239403e-04	1
12	rs216895	6100595	0	-6.043114e-04	-3.239402e-04	1
12	rs216896	6100796	0	-5.743302e-04	-3.016694e-04	1
12	rs216897	6102607	0	-6.043114e-04	-3.239399e-04	1
12	rs216898	6102764	0	-4.541901e-04	-1.978253e-04	1
12	rs216901	6104868	0	-5.950678e-04	-3.186313e-04	1
12	rs216902	6105387	0	-2.330759e-04	-8.597908e-05	1
12	rs216903	6105499	0	-4.353821e-04	-1.831777e-04	1
12	rs216904	6106018	0	-2.658773e-04	-1.007885e-04	1
12	rs216905	6106255	0	-4.148639e-04	-2.609862e-04	1
12	rs2178691	6836913	0	1.070037e-04	4.565895e-05	1
12	rs2178692	6836051	0	1.070037e-04	4.565895e-05	1
12	rs2178695	6857000	0	2.996897e-04	1.843074e-04	1
12	rs2192205	6092562	0	2.252456e-04	2.629518e-04	1
12	rs2236773	6092035	0	2.252456e-04	2.629518e-04	1
12	rs2238102	6197468	0	-4.544657e-04	-2.486137e-04	1
12	rs2238103	6194183	0	-8.235171e-05	-2.883271e-05	1
12	rs2238104	6187665	0	-1.643717e-04	-5.386598e-05	1
12	rs2238105	6182234	0	-3.145077e-05	-1.381596e-05	1
12	rs2238109	6153967	0	-1.059994e-03	-2.443105e-03	1
12	rs2238110	6080577	0	2.127633e-04	9.408696e-05	1
12	rs2238112	6079880	0	-1.595340e-04	-4.779495e-04	1
12	rs2239138	6082558	0	1.935888e-04	8.481573e-05	1
12	rs2239140	6200443	0	-2.009859e-04	-6.462360e-05	1
12	rs2239142	6199078	0	-1.975689e-04	-6.374901e-05	1
12	rs2239144	6196183	0	5.887106e-05	3.881657e-05	1
12	rs2239145	6195996	0	5.887106e-05	3.881657e-05	1
12	rs2239146	6195710	0	5.887106e-05	3.881657e-05	1
12	rs2239147	6195527	0	5.887106e-05	3.881657e-05	1
12	rs2239148	6194816	0	9.766678e-05	6.591778e-05	1
12	rs2239150	6194585	0	-2.227442e-04	-1.131320e-04	1
12	rs2239151	6194579	0	-2.227442e-04	-1.131320e-04	1
12	rs2239154	6185891	0	-1.663970e-04	-5.561965e-05	1
12	rs2239156	6180582	0	1.088951e-04	7.484162e-05	1
12	rs2239157	6179467	0	1.413412e-04	7.960003e-05	1
12	rs2239158	6172393	0	4.456973e-04	2.114170e-04	1
12	rs2239162	6151670	0	-4.656854e-04	-2.952508e-04	1
12	rs2240866	6578140	0	3.103717e-04	1.545501e-04	1
12	rs2240867	6578469	0	-1.524182e-04	-8.157262e-05	1
12	rs2240869	6603473	0	-2.185674e-04	-1.387946e-04	1
12	rs2240871	6639981	0	-2.185674e-04	-1.387946e-04	1
12	rs2240872	6648269	0	-6.287743e-05	-2.590466e-05	1
12	rs2240873	6648290	0	-3.117013e-04	-1.848167e-04	1
12	rs2240874	6648513	0	-7.260986e-05	-2.926540e-05	1
12	rs2240875	6649540	0	-9.547556e-05	-3.869248e-05	1
12	rs2243750	6567787	0	4.638338e-04	2.971637e-04	1
12	rs2243977	6569983	0	5.432649e-04	4.009431e-04	1
12	rs2244083	6570539	0	5.432649e-04	4.009428e-04	1
12	rs2247890	6580941	0	3.086065e-04	1.524027e-04	1
12	rs2250246	6553016	0	6.122722e-04	3.075070e-04	1
12	rs2259931	6719894	0	-2.019585e-04	-1.182323e-04	1
12	rs2267967	6671799	0	6.140331e-05	1.167203e-04	1
12	rs2267968	6679743	0	6.140331e-05	1.167202e-04	1
12	rs2267970	6691559	0	6.140331e-05	1.167202e-04	1
12	rs2267973	6714106	0	-1.562135e-05	-2.689728e-05	1
12	rs2267974	6715527	0	6.140331e-05	1.167202e-04	1
12	rs2268016	6320386	0	7.618285e-05	2.594951e-05	1
12	rs2269359	6993653	0	1.106453e-03	2.111492e-03	1
12	rs2270151	6060960	0	-2.719652e-04	-1.774025e-04	1
12	rs2270152	6061069	0	-3.879126e-04	-2.424725e-04	1
12	rs2270174	6606012	0	-1.777638e-04	-6.876237e-05	1
12	rs2270175	6630627	0	-2.624377e-04	-1.586428e-04	1
12	rs2270177	6651681	0	-4.022479e-04	-2.338649e-04	1
12	rs2282690	6670398	0	-1.562135e-05	-2.689729e-05	1
12	rs2283332	6174729	0	-4.493841e-05	-4.028632e-05	1
12	rs2283335	6157394	0	-1.061237e-03	-2.584692e-03	1
12	rs2284325	6704213	0	-3.469243e-05	-1.730899e-05	1
12	rs2284346	6348600	0	1.903733e-04	6.561700e-05	1
12	rs2284347	6348146	0	2.902599e-04	1.072990e-04	1
12	rs2284348	6321862	0	1.109407e-04	3.635991e-05	1
12	rs2286596	6553055	0	6.437755e-05	2.643381e-05	1
12	rs2286598	6552516	0	3.276751e-04	1.354229e-04	1
12	rs2286600	6482786	0	1.084952e-04	3.100713e-05	1
12	rs2286646	6061491	0	-3.879126e-04	-2.424726e-04	1
12	rs2286721	6562065	0	-1.878941e-04	-1.155259e-04	1
12	rs2286725	6658860	0	6.140331e-05	1.167202e-04	1
12	rs2286729	6873818	0	3.297927e-04	4.068977e-04	1
12	rs2286730	6839913	0	2.945738e-04	2.726965e-04	1
12	rs2286731	6837643	0	2.587104e-04	1.031773e-04	1
12	rs2286937	6090892	0	2.252456e-04	2.629514e-04	1
12	rs2286938	6091205	0	2.252456e-04	2.629514e-04	1
12	rs2301333	6880996	0	5.201768e-05	6.219452e-05	1
12	rs2302255	6493911	0	8.971453e-05	1.928304e-04	1
12	rs2302365	6884244	0	-7.342001e-04	-7.364170e-04	1
12	rs2302366	6862259	0	-4.235443e-05	-1.525829e-05	1
12	rs2302368	6859797	0	5.960821e-05	2.053267e-05	1
12	rs2302369	6859729	0	4.506025e-04	3.798189e-04	1
12	rs2302370	6859308	0	5.960821e-05	2.053265e-05	1
12	rs2302371	6858126	0	3.835394e-04	3.088663e-04	1
12	rs2362479	6026354	0	-9.906049e-06	-4.929924e-06	1
12	rs2362481	6049161	0	2.841688e-04	1.029914e-04	1
12	rs2362482	6058913	0	1.084697e-05	1.098992e-05	1
12	rs2362483	6058920	0	1.084697e-05	1.098992e-05	1
12	rs2363877	6292461	0	-8.787789e-05	-3.545105e-05	1
12	rs2363878	6292975	0	-8.787789e-05	-3.545104e-05	1
12	rs2364480	6495275	0	3.115703e-04	1.610010e-04	1
12	rs2364482	6502131	0	-1.788890e-04	-1.027287e-04	1
12	rs2364486	6524348	0	3.613387e-04	4.441045e-04	1
12	rs2364487	6526934	0	2.166886e-04	7.864395e-05	1
12	rs2364491	6535887	0	1.754890e-04	6.605400e-05	1
12	rs2364494	6551364	0	2.929346e-04	1.137935e-04	1
12	rs2364508	6652799	0	-4.022479e-04	-2.338648e-04	1
12	rs2365089	6870834	0	6.916518e-04	4.185557e-04	1
12	rs2365092	6870877	0	6.916518e-04	4.185556e-04	1
12	rs2365100	6835081	0	2.587104e-04	1.031774e-04	1
12	rs2365101	6760811	0	-4.462783e-05	-6.158788e-05	1
12	rs2365102	6760950	0	-9.324368e-05	-1.254152e-04	1
12	rs2365104	6785343	0	2.145941e-04	2.047816e-04	1
12	rs2365566	6817264	0	6.734848e-05	6.345458e-05	1
12	rs2365567	6843847	0	2.460542e-05	9.314942e-06	1
12	rs24177	6094082	0	-5.066045e-04	-2.822085e-04	1
12	rs2515733	6897652	0	1.630307e-04	6.551386e-05	1
12	rs2532484	6583403	0	4.816775e-05	1.760757e-05	1
12	rs2532485	6583099	0	4.816775e-05	1.760756e-05	1
12	rs2532486	6582699	0	1.931075e-04	7.213225e-05	1
12	rs2532488	6592568	0	2.672156e-04	1.047871e-04	1
12	rs2532490	6577329	0	3.103717e-04	1.545496e-04	1
12	rs2532491	6576859	0	3.444264e-05	1.210450e-05	1
12	rs2532494	6591581	0	2.757258e-04	1.094859e-04	1
12	rs2532495	6569062	0	8.854720e-05	3.114236e-05	1
12	rs2532496	6564448	0	5.101546e-04	3.598229e-04	1
12	rs2532497	6564210	0	4.720022e-04	3.042068e-04	1
12	rs2532498	6563698	0	1.679783e-04	6.086776e-05	1
12	rs2532499	6563255	0	1.679783e-04	6.086775e-05	1
12	rs2532500	6562810	0	1.679783e-04	6.086774e-05	1
12	rs2532501	6562753	0	1.679783e-04	6.086773e-05	1
12	rs2532506	6593527	0	1.491807e-05	5.530972e-06	1
12	rs2532513	6589171	0	1.255578e-04	4.738884e-05	1
12	rs2532514	6588972	0	2.757258e-04	1.094858e-04	1
12	rs2532515	6586728	0	3.557968e-04	1.524715e-04	1
12	rs2532518	6586321	0	3.557968e-04	1.524715e-04	1
12	rs2532519	6586136	0	3.086065e-04	1.524022e-04	1
12	rs2532520	6585610	0	3.462798e-04	1.487386e-04	1
12	rs2532521	6585504	0	3.462798e-04	1.487386e-04	1
12	rs2532522	6584265	0	3.462798e-04	1.487386e-04	1
12	rs2534698	6562931	0	1.679783e-04	6.086761e-05	1
12	rs2534709	6568572	0	4.638338e-04	2.971621e-04	1
12	rs2534710	6570163	0	1.472326e-04	5.201385e-05	1
12	rs2534711	6570821	0	4.961637e-04	3.374271e-04	1
12	rs2534712	6572549	0	6.622676e-05	2.311669e-05	1
12	rs2534713	6572587	0	3.403906e-04	1.779882e-04	1
12	rs2534714	6573061	0	3.103717e-04	1.545489e-04	1
12	rs2534715	6573146	0	3.103717e-04	1.545489e-04	1
12	rs2534716	6573716	0	3.103717e-04	1.545488e-04	1
12	rs2534717	6573749	0	3.103717e-04	1.545488e-04	1
12	rs2534718	6575191	0	-6.315427e-05	-8.550642e-05	1
12	rs2534719	6554429	0	1.224022e-04	6.987585e-05	1
12	rs2534721	6580144	0	3.456393e-04	1.855895e-04	1
12	rs2534722	6581230	0	-2.914079e-05	-1.045851e-05	1
12	rs2534723	6581805	0	2.451571e-04	9.579479e-05	1
12	rs2534724	6583387	0	1.492905e-04	5.594730e-05	1
12	rs25680	6554628	0	2.387374e-04	1.488188e-04	1
12	rs2707209	6905264	0	1.141019e-04	4.929656e-05	1
12	rs2707210	6902002	0	8.831943e-05	2.856328e-05	1
12	rs2707211	6901823	0	6.063412e-05	2.215007e-05	1
12	rs2707212	6901134	0	1.003593e-04	3.839248e-05	1
12	rs2707213	6901082	0	-2.195468e-05	-1.174548e-05	1
12	rs28435996	6396206	0	5.512191e-04	3.996251e-04	1
12	rs2854871	6133079	0	-5.890357e-05	-5.622128e-05	1
12	rs2855534	6898521	0	-8.959690e-05	-3.603562e-05	1
12	rs2855537	6899181	0	-2.195468e-05	-1.174549e-05	1
12	rs2855538	6899508	0	3.837245e-05	1.518433e-05	1
12	rs2857227	6899528	0	3.837245e-05	1.518432e-05	1
12	rs2857229	6900616	0	1.165440e-04	4.287846e-05	1
12	rs2857230	6901077	0	2.041341e-05	6.345926e-06	1
12	rs2857232	6903989	1	2.454024e-04	1.021699e-04	1
12	rs2857234	6905181	0	1.007532e-04	4.281966e-05	1
12	rs2857237	6906828	0	4.191795e-06	1.681098e-06	1
12	rs28630679	6141588	1	-4.623429e-04	-3.416065e-04	1
12	rs2885517	6050320	0	3.678974e-04	1.433242e-04	1
12	rs2886086	6526672	0	1.940686e-04	7.051685e-05	1
12	rs2886087	6526744	0	1.792097e-04	6.295553e-05	1
12	rs2886089	6535981	0	2.520976e-04	9.497620e-05	1
12	rs2886090	6551899	0	4.471528e-04	2.102276e-04	1
12	rs28866502	6681209	0	-1.727770e-05	-8.316386e-06	1
12	rs28920471	6915160	0	-1.961159e-04	-2.303671e-04	1
12	rs3095130	6593394	0	1.160408e-04	4.376522e-05	1
12	rs3136549	6551874	0	3.161465e-04	2.347216e-04	1
12	rs3136550	6552284	0	8.229614e-06	3.240086e-06	1
12	rs3136551	6553860	0	-2.130828e-05	-3.238820e-05	1
12	rs3180589	6602422	0	-2.991992e-05	-1.114102e-05	1
12	rs3181290	6334374	0	6.645701e-05	1.611986e-04	1
12	rs3181295	6344174	0	2.618996e-04	9.930544e-05	1
12	rs3181300	6345199	0	2.016343e-04	7.388243e-05	1
12	rs3181301	6345784	0	2.433079e-04	8.932223e-05	1
12	rs33978901	6140659	0	1.869806e-05	3.515772e-05	1
12	rs34119293	6506878	1	2.595049e-04	8.930566e-05	1
12	rs34230288	6103094	0	1.503123e-05	2.942476e-05	1
12	rs34235693	6037386	0	-5.694245e-05	-4.342311e-05	1
12	rs34278370	6627975	0	1.330083e-04	1.224070e-04	1
12	rs34350637	6823202	0	1.147898e-04	9.820881e-05	1
12	rs34444862	6105396	0	1.503123e-05	2.942476e-05	1
12	rs34668268	6077639	0	-1.307120e-04	-9.426647e-05	1
12	rs34807506	6546260	0	5.008230e-04	2.441683e-04	1
12	rs34863790	6690909	0	-2.585080e-05	-5.810709e-05	1
12	rs34865569	6613284	0	-1.501891e-04	-5.708538e-05	1
12	rs35032612	6299131	0	-1.556148e-04	-3.714353e-04	1
12	rs35041216	6475897	0	5.614060e-04	4.010462e-04	1
12	rs35277580	6294534	0	-8.787789e-05	-3.545105e-05	1
12	rs35365059	6167118	0	-3.723712e-04	-5.323920e-04	1
12	rs35881119	6177803	0	-7.067045e-05	-1.636385e-04	1
12	rs35926634	6066686	0	-1.651849e-04	-7.839443e-05	1
12	rs36007563	6205767	0	1.326514e-04	2.768967e-04	1
12	rs36018751	6667090	0	-1.169414e-04	-1.633100e-04	1
12	rs36045653	6681668	0	-1.562135e-05	-2.689731e-05	1
12	rs36060358	6294588	0	-8.787789e-05	-3.545104e-05	1
12	rs36205633	6453212	0	3.569572e-05	4.270446e-05	1
12	rs368624729	6399346	0	1.308910e-04	2.983676e-04	1
12	rs371329394	6399373	0	1.077004e-04	2.483833e-04	1
12	rs3741901	6030301	0	-1.758448e-04	-1.385731e-04	1
12	rs3741902	6030302	0	-2.012046e-05	-1.111490e-05	1
12	rs3741903	6030405	0	1.047877e-04	5.876150e-05	1
12	rs3741904	6030437	0	7.376196e-05	1.019963e-04	1
12	rs3741906	6105143	0	2.252456e-04	2.629511e-04	1
12	rs3741917	6644139	0	1.843490e-04	4.897357e-04	1
12	rs3741918	6644256	0	-2.767161e-04	-1.542339e-04	1
12	rs3741924	6729956	0	-4.923025e-05	-1.177318e-04	1
12	rs374720415	6209611	0	-1.633299e-04	-2.072036e-04	1
12	rs3759320	6062853	0	-6.020453e-04	-3.504882e-04	1
12	rs3759321	6062878	0	-5.230975e-04	-2.171347e-04	1
12	rs3759323	6485436	0	-6.027086e-05	-3.523350e-05	1
12	rs3759324	6485661	0	-3.834820e-04	-1.975855e-04	1
12	rs3759329	6490925	0	-3.735166e-04	-1.382624e-04	1
12	rs3759330	6490968	0	-3.378798e-04	-1.237932e-04	1
12	rs3759331	6491012	0	-2.658968e-04	-9.275969e-05	1
12	rs3759333	6491947	0	7.241600e-04	7.728442e-04	1
12	rs3759334	6492008	0	7.765988e-04	9.588137e-04	1
12	rs3759339	6551509	0	1.608699e-04	6.657559e-05	1
12	rs3759341	6552154	0	3.926181e-04	1.699460e-04	1
12	rs3759343	6833104	0	-2.308647e-05	-1.721244e-05	1
12	rs3759344	6862646	0	4.583866e-04	5.193832e-04	1
12	rs3759345	6862678	0	4.979823e-04	5.305404e-04	1
12	rs3782711	6183181	0	7.130899e-05	3.132613e-05	1
12	rs3782715	6196825	0	5.887106e-05	3.881654e-05	1
12	rs3782724	6466081	0	-2.417430e-04	-1.924049e-04	1
12	rs3782726	6469671	0	7.376534e-04	5.011988e-04	1
12	rs3782729	6563399	0	-1.878941e-04	-1.155257e-04	1
12	rs3803130	6756240	0	-8.213310e-05	-1.013078e-04	1
12	rs3809241	6056450	0	8.272017e-06	4.234237e-06	1
12	rs3809242	6056492	0	8.272017e-06	4.234234e-06	1
12	rs3809244	6772875	0	-1.211251e-04	-1.627734e-04	1
12	rs3809245	6773601	0	-1.439908e-04	-2.044007e-04	1
12	rs3815408	6838156	0	1.070037e-04	4.565899e-05	1
12	rs3819537	6193096	0	-2.905304e-04	-1.290994e-04	1
12	rs3819538	6192886	0	-2.905304e-04	-1.290994e-04	1
12	rs3819540	6085445	0	2.252456e-04	2.629511e-04	1
12	rs3825331	6030154	0	-2.012046e-05	-1.111489e-05	1
12	rs3825332	6030165	0	-2.012046e-05	-1.111489e-05	1
12	rs3825334	6434349	0	4.576590e-04	1.945201e-04	1
12	rs41318752	6492330	0	1.335388e-04	9.238018e-05	1
12	rs41320652	6092779	0	2.252456e-04	2.629511e-04	1
12	rs41334949	6644958	0	1.484292e-04	2.370347e-04	1
12	rs41388848	6208618	0	-1.167419e-04	-1.338644e-04	1
12	rs4149570	6451590	0	-3.646254e-04	-1.409308e-04	1
12	rs4149572	6449743	0	1.776836e-05	2.949009e-05	1
12	rs4149573	6449384	0	-1.951897e-04	-2.181014e-04	1
12	rs4149575	6449210	0	-1.951897e-04	-2.181014e-04	1
12	rs4285931	6487161	0	1.675453e-04	6.410721e-05	1
12	rs4301834	6500843	0	3.533815e-04	1.914744e-04	1
12	rs4351870	6293271	0	-8.787789e-05	-3.545105e-05	1
12	rs4375488	6293479	0	-8.787789e-05	-3.545104e-05	1
12	rs4376959	6741816	0	1.140531e-04	1.123983e-04	1
12	rs4408361	6202543	0	-1.449896e-04	-1.327515e-04	1
12	rs4417358	6293155	0	-1.481075e-04	-5.749752e-05	1
12	rs4421798	6293163	0	-8.787789e-05	-3.545103e-05	1
12	rs4469949	6545611	0	2.079329e-04	8.847966e-05	1
12	rs4491293	6195308	0	5.887106e-05	3.881654e-05	1
12	rs4491294	6467122	0	-6.172510e-05	-4.487860e-05	1
12	rs4573747	6290630	0	-8.133455e-05	-3.292119e-05	1
12	rs4575330	6585311	0	3.462798e-04	1.487381e-04	1
12	rs4764481	6027571	0	3.438104e-04	1.254643e-04	1
12	rs4764482	6169733	0	1.889583e-04	6.171928e-05	1
12	rs4764483	6178285	0	-6.588830e-05	-3.008129e-05	1
12	rs4764485	6319837	0	1.021333e-04	3.428554e-05	1
12	rs4764490	6378297	0	2.995264e-04	1.268844e-04	1
12	rs4764496	6408422	0	5.195572e-05	6.399674e-05	1
12	rs4764497	6428116	0	4.238082e-04	1.684478e-04	1
12	rs4764499	5988139	0	-3.612199e-04	-1.439944e-04	1
12	rs4764501	6599665	0	-1.491807e-05	-5.530616e-06	1
12	rs4764502	6048089	0	4.627516e-06	5.260940e-06	1
12	rs4764512	6842350	0	3.145549e-04	1.742231e-04	1
12	rs4764516	6791348	0	1.977816e-04	1.758635e-04	1
12	rs4764530	6027497	0	-3.212291e-05	-1.538707e-05	1
12	rs4764534	6186807	0	1.904032e-04	1.969944e-04	1
12	rs4764535	6187232	0	2.901719e-04	3.265878e-04	1
12	rs4764538	6248983	0	-1.476028e-04	-1.354747e-04	1
12	rs4764539	6261916	0	6.872304e-06	1.537983e-05	1
12	rs4764547	6378212	0	-3.122433e-04	-3.402157e-04	1
12	rs4764548	6379534	0	1.429436e-04	5.342790e-05	1
12	rs4764551	6386336	0	3.204999e-04	2.759438e-04	1
12	rs4764552	6386518	0	3.204999e-04	2.759438e-04	1
12	rs4764553	6391485	0	4.739168e-04	3.010530e-04	1
12	rs4764559	6398836	0	5.512191e-04	3.996247e-04	1
12	rs4764560	6398994	0	5.512191e-04	3.996246e-04	1
12	rs4764562	6408907	0	-1.041228e-04	-3.606335e-05	1
12	rs4764563	6001070	0	-2.828295e-04	-1.238528e-04	1
12	rs4764566	6413400	0	-2.324532e-04	-2.109605e-04	1
12	rs4764568	6415423	0	1.261202e-05	6.578274e-06	1
12	rs4764569	6415426	0	1.360376e-04	6.010874e-05	1
12	rs4764570	6415696	0	1.261202e-05	6.578275e-06	1
12	rs4764571	6415769	0	-4.035471e-05	-2.031075e-05	1
12	rs4764574	5999704	0	-1.412906e-04	-1.783060e-04	1
12	rs4764581	5998384	0	1.787694e-04	2.313118e-04	1
12	rs4764582	5998288	0	1.578619e-04	1.106533e-04	1
12	rs4764583	5997095	0	9.413405e-05	1.085891e-04	1
12	rs4764584	5995702	0	-5.674298e-04	-3.483147e-04	1
12	rs4764588	5990539	0	-3.819890e-04	-1.551314e-04	1
12	rs4764589	6532282	0	1.215868e-04	4.215514e-05	1
12	rs4764590	6532350	0	1.215868e-04	4.215513e-05	1
12	rs4764591	6532456	0	5.119344e-04	2.330930e-04	1
12	rs4764592	5988271	0	-3.612199e-04	-1.439943e-04	1
12	rs4764597	5983897	0	-3.804693e-04	-1.561548e-04	1
12	rs4764600	6601980	0	-1.491807e-05	-5.530615e-06	1
12	rs4764601	6611078	0	-1.777638e-04	-6.876174e-05	1
12	rs4764602	6611719	0	-3.250810e-04	-1.408384e-04	1
12	rs4764603	6616223	0	-3.397115e-04	-1.759953e-04	1
12	rs4764604	6623382	0	-1.872808e-04	-7.260975e-05	1
12	rs4764605	6623389	0	-5.666341e-04	-3.814431e-04	1
12	rs4764615	6766197	0	-2.424750e-04	-1.656076e-04	1
12	rs4764616	6764831	0	-8.213310e-05	-1.013077e-04	1
12	rs4764617	6764492	0	-9.324368e-05	-1.254148e-04	1
12	rs4764618	6764358	0	-2.494986e-04	-1.702332e-04	1
12	rs4764619	6763982	0	-9.324368e-05	-1.254148e-04	1
12	rs4963512	6942823	0	6.054552e-04	3.089898e-04	1
12	rs499648	6144164	0	1.541493e-04	1.895838e-04	1
12	rs526861	6096673	0	-2.438002e-04	-1.122369e-04	1
12	rs526881	6096676	0	-1.855456e-05	-1.004333e-05	1
12	rs541011	6095807	0	-2.371550e-05	-1.403966e-05	1
12	rs542993	6120431	0	1.000552e-03	1.372936e-03	1
12	rs55633676	6194991	0	-2.659811e-04	-1.962815e-04	1
12	rs55692509	6206086	0	-1.645017e-04	-3.335312e-04	1
12	rs55712234	6006618	0	2.361634e-05	2.733206e-05	1
12	rs55754310	5999906	0	4.015692e-05	4.208778e-05	1
12	rs55783865	6013681	0	4.015692e-05	4.208778e-05	1
12	rs55848954	5997669	0	2.090755e-05	2.137011e-05	1
12	rs55867239	6092442	0	-3.239898e-04	-3.553536e-04	1
12	rs55890082	6505108	0	-1.119181e-04	-1.784716e-04	1
12	rs55907031	6181635	0	1.539859e-04	1.166516e-04	1
12	rs55915959	6540525	0	1.527371e-04	2.666141e-04	1
12	rs55944427	6745315	0	6.734985e-04	1.073531e-03	1
12	rs55990247	6505274	0	-1.119181e-04	-1.784716e-04	1
12	rs55997530	6832096	0	-2.980265e-04	-2.109805e-04	1
12	rs55999991	6113339	0	-1.493796e-04	-1.028999e-04	1
12	rs56008400	6112574	0	-1.493796e-04	-1.028999e-04	1
12	rs56020046	6504547	0	-1.119181e-04	-1.784716e-04	1
12	rs56048315	6136476	0	-4.517178e-04	-3.537190e-04	1
12	rs56077657	6201708	0	-1.223859e-04	-1.134335e-04	1
12	rs56109131	6541449	0	5.305359e-05	9.266385e-05	1
12	rs56145803	6194769	0	9.766678e-05	6.591775e-05	1
12	rs56152264	6002704	0	2.361634e-05	2.733209e-05	1
12	rs56201315	6013379	0	2.361634e-05	2.733210e-05	1
12	rs56208217	5997624	0	2.361634e-05	2.733210e-05	1
12	rs56219101	6002314	0	2.361634e-05	2.733210e-05	1
12	rs56225418	6202604	0	-1.449896e-04	-1.327516e-04	1
12	rs56253327	6170690	0	-1.474335e-04	-8.746179e-05	1
12	rs56265629	6386774	0	1.662366e-04	3.381490e-04	1
12	rs56268391	6004425	0	2.361634e-05	2.733211e-05	1
12	rs56311842	6126413	0	3.263769e-05	7.015963e-05	1
12	rs56344853	6202244	0	-1.449896e-04	-1.327516e-04	1
12	rs56353418	6372381	0	4.826462e-05	3.532059e-05	1
12	rs56366473	6374276	0	1.871356e-04	2.879915e-04	1
12	rs56394343	5997660	0	2.090755e-05	2.137015e-05	1
12	rs56696634	6028332	0	-2.012046e-05	-1.111492e-05	1
12	rs56769453	6060231	0	-3.879126e-04	-2.424727e-04	1
12	rs56888996	6461229	0	-2.628259e-04	-2.980574e-04	1
12	rs56983450	6491629	0	-2.486899e-04	-3.304224e-04	1
12	rs57040304	6062894	0	-1.221650e-04	-1.279904e-04	1
12	rs57049008	5980788	0	-1.849771e-04	-2.970134e-04	1
12	rs57107190	6654425	0	1.513200e-04	2.671078e-04	1
12	rs57327282	5998345	0	2.821685e-04	1.577700e-04	1
12	rs57367146	6841624	0	3.086128e-04	3.366984e-04	1
12	rs57378434	6060168	0	-3.879126e-04	-2.424727e-04	1
12	rs5742912	6458350	0	-7.561082e-05	-1.395842e-04	1
12	rs57523168	6155344	0	-3.294930e-04	-8.233483e-04	1
12	rs57661704	6060062	0	-3.879126e-04	-2.424727e-04	1
12	rs57666371	6200139	0	-1.449896e-04	-1.327516e-04	1
12	rs57826129	6540496	0	5.305359e-05	9.266387e-05	1
12	rs58070073	6402764	0	2.858633e-04	5.458098e-04	1
12	rs58111746	6505358	0	-1.119181e-04	-1.784716e-04	1
12	rs58277046	6541601	0	5.305359e-05	9.266387e-05	1
12	rs58347998	6540085	0	5.305359e-05	9.266387e-05	1
12	rs58661350	6365392	0	4.503028e-04	1.076805e-03	1
12	rs58661986	6396144	0	2.133719e-04	5.281995e-04	1
12	rs58665179	6393101	0	2.605449e-04	1.390417e-04	1
12	rs58834607	6508115	0	-1.682231e-05	-2.372379e-05	1
12	rs58854337	6463345	0	4.568528e-05	5.196106e-05	1
12	rs58935006	6060342	0	-3.879126e-04	-2.424727e-04	1
12	rs59179887	6028436	4	4.888478e-05	2.787686e-05	1
12	rs59226301	6866113	1	5.627684e-05	2.066255e-05	1
12	rs59254690	6469897	0	-3.321777e-05	-2.685524e-05	1
12	rs59336539	6393244	0	2.605449e-04	1.390417e-04	1
12	rs59347851	6860030	0	4.527184e-04	4.083518e-04	1
12	rs59382088	5995398	1	2.440823e-05	2.826365e-05	1
12	rs59632652	6390920	0	3.058677e-04	1.847702e-04	1
12	rs59818152	6468018	3	-6.705967e-05	-4.893861e-05	1
12	rs59989335	6210485	0	-1.167419e-04	-1.338644e-04	1
12	rs60053534	6039956	0	5.456656e-05	7.261690e-05	1
12	rs60237390	6544139	0	7.213749e-05	1.108738e-04	1
12	rs60363967	6541775	0	5.305359e-05	9.266386e-05	1
12	rs60383695	6028327	0	-2.012046e-05	-1.111490e-05	1
12	rs60427776	6739983	0	1.281265e-04	2.416120e-04	1
12	rs60430553	6111436	0	-1.341807e-05	-1.762054e-05	1
12	rs60600645	6853107	0	-1.112106e-04	-1.772031e-04	1
12	rs60723559	6081210	0	1.061485e-04	8.371220e-05	1
12	rs60831677	6138702	0	-1.950049e-04	-2.094619e-04	1
12	rs60837639	6818262	0	9.016729e-05	7.813946e-05	1
12	rs60868681	6405983	0	2.165882e-05	9.086252e-06	1
12	rs60949067	6792824	3	-5.345658e-05	-1.428745e-04	1
12	rs60982029	6079324	0	-1.418610e-04	-1.031047e-04	1
12	rs61100406	6028463	4	1.294784e-04	7.645415e-05	1
12	rs61159922	6866260	0	4.620404e-04	5.370164e-04	1
12	rs61311839	6522201	0	1.318995e-04	4.629708e-05	1
12	rs61329073	6505380	0	-1.119181e-04	-1.784715e-04	1
12	rs61516218	6504363	0	-1.119181e-04	-1.784715e-04	1
12	rs61546725	6860515	0	4.527184e-04	4.083516e-04	1
12	rs61602132	6541714	0	5.305359e-05	9.266386e-05	1
12	rs61697264	6210279	0	-1.167419e-04	-1.338644e-04	1
12	rs61704965	6818206	0	6.734848e-05	6.345484e-05	1
12	rs61753197	6604331	0	-1.670331e-04	-4.801160e-04	1
12	rs61908387	6000186	0	3.292353e-04	2.918909e-04	1
12	rs61908390	6015632	0	4.113631e-04	3.837578e-04	1
12	rs61908402	6024760	0	-2.012046e-05	-1.111490e-05	1
12	rs61908403	6024805	0	-2.012046e-05	-1.111490e-05	1
12	rs61908404	6025271	0	-2.012046e-05	-1.111490e-05	1
12	rs61908405	6025330	0	-2.012046e-05	-1.111490e-05	1
12	rs61908406	6026247	0	-2.012046e-05	-1.111490e-05	1
12	rs61908407	6026373	0	-2.012046e-05	-1.111490e-05	1
12	rs61908408	6026455	0	-2.012046e-05	-1.111490e-05	1
12	rs61908409	6026571	0	-2.012046e-05	-1.111490e-05	1
12	rs61908410	6026578	0	-2.012046e-05	-1.111490e-05	1
12	rs61908411	6027644	0	-2.012046e-05	-1.111490e-05	1
12	rs61908412	6027895	0	-2.012046e-05	-1.111490e-05	1
12	rs61908418	6028609	1	5.886551e-04	1.447145e-03	1
12	rs61908420	6028949	0	-4.298615e-05	-2.373449e-05	1
12	rs61908422	6029597	0	-2.012046e-05	-1.111491e-05	1
12	rs61908457	6062347	0	-2.719652e-04	-1.774027e-04	1
12	rs61908458	6067496	0	-2.719652e-04	-1.774027e-04	1
12	rs61908661	6165999	0	4.358745e-04	1.611662e-03	1
12	rs61909704	6099846	0	1.263947e-04	1.144265e-04	1
12	rs61916272	6900565	0	-1.347649e-04	-4.905316e-05	1
12	rs61916275	6904790	0	-1.332070e-04	-5.640835e-05	1
12	rs61918019	6596500	0	-2.435390e-04	-1.352231e-04	1
12	rs61918020	6605514	0	-1.968179e-04	-1.018130e-04	1
12	rs61918022	6614521	0	-1.968179e-04	-1.018130e-04	1
12	rs61918023	6614822	0	-1.968179e-04	-1.018130e-04	1
12	rs61918041	6681868	0	-2.238151e-04	-8.083346e-04	1
12	rs61918194	6378605	1	2.922134e-04	2.463465e-04	1
12	rs61918195	6380065	0	3.056836e-04	2.598254e-04	1
12	rs61918196	6380272	0	3.056836e-04	2.598254e-04	1
12	rs61918197	6385674	0	-2.095393e-04	-2.342371e-04	1
12	rs61918198	6388393	0	6.781956e-05	3.738335e-05	1
12	rs61918200	6392889	0	2.334881e-04	1.482374e-04	1
12	rs61918201	6394883	0	2.653558e-04	1.585267e-04	1
12	rs61918202	6396286	0	8.787235e-05	8.660169e-05	1
12	rs61918203	6396589	0	3.498802e-04	2.977814e-04	1
12	rs61918204	6397940	0	3.308236e-04	1.950686e-04	1
12	rs61918205	6398000	0	2.716260e-04	1.728163e-04	1
12	rs61918244	6403174	0	3.143870e-04	2.360457e-04	1
12	rs61919661	6746443	0	5.523400e-04	6.654476e-04	1
12	rs6416321	6054277	0	3.538251e-04	1.340468e-04	1
12	rs6416323	6766646	0	-8.213310e-05	-1.013074e-04	1
12	rs6489666	5985471	0	-3.612199e-04	-1.439942e-04	1
12	rs6489667	5988705	0	-3.612199e-04	-1.439942e-04	1
12	rs6489668	5989156	0	-3.612199e-04	-1.439941e-04	1
12	rs6489669	5989159	0	-3.612199e-04	-1.439941e-04	1
12	rs6489670	5997564	0	9.413405e-05	1.085892e-04	1
12	rs6489675	6049926	0	4.203811e-04	1.717888e-04	1
12	rs6489676	6050036	0	4.203811e-04	1.717888e-04	1
12	rs6489677	6050063	0	4.203811e-04	1.717888e-04	1
12	rs6489680	6054395	0	1.198280e-04	1.543436e-04	1
12	rs6489685	6090538	0	-3.091138e-04	-3.347946e-04	1
12	rs6489686	6090694	0	-3.239898e-04	-3.553534e-04	1
12	rs6489707	6385889	0	6.861494e-05	2.658142e-05	1
12	rs6489708	6387053	0	2.584886e-04	2.193620e-04	1
12	rs6489709	6405578	0	6.765902e-05	2.338087e-05	1
12	rs6489712	6468440	0	-6.172510e-05	-4.487866e-05	1
12	rs6489713	6468455	0	-6.172510e-05	-4.487866e-05	1
12	rs6489717	6600219	0	-1.491807e-05	-5.530512e-06	1
12	rs6489718	6604418	0	-1.777638e-04	-6.876161e-05	1
12	rs6489719	6605383	0	-3.397115e-04	-1.759949e-04	1
12	rs6489720	6615681	0	-3.397115e-04	-1.759949e-04	1
12	rs6489721	6643316	0	-2.337781e-06	-1.053805e-06	1
12	rs6489726	6741987	0	-2.082719e-05	-1.574511e-05	1
12	rs6489727	6756798	0	-8.213310e-05	-1.013074e-04	1
12	rs6489728	6756901	0	-9.324368e-05	-1.254145e-04	1
12	rs6489731	6847102	0	3.145549e-04	1.742229e-04	1
12	rs6489733	6858365	0	4.527184e-04	4.083516e-04	1
12	rs6489734	6872099	0	7.155149e-04	4.505974e-04	1
12	rs6489735	6892826	0	3.748561e-04	2.092966e-03	1
12	rs66461779	6403457	0	4.502582e-04	3.047208e-04	1
12	rs66621175	6965805	0	1.170611e-03	2.523625e-03	1
12	rs66627071	6705380	0	-1.158995e-04	-8.126818e-05	1
12	rs66785003	6140951	0	-4.499610e-04	-3.357128e-04	1
12	rs66879982	6482514	0	-1.125494e-04	-1.089676e-04	1
12	rs66951403	6836837	0	5.941240e-05	7.129517e-05	1
12	rs669667	6144169	0	1.541493e-04	1.895838e-04	1
12	rs67013744	6681786	0	-3.394701e-05	-1.985227e-05	1
12	rs67385163	6864890	0	3.427912e-05	1.316549e-05	1
12	rs67621679	6667422	0	2.989520e-05	1.692638e-05	1
12	rs67685846	5996567	0	3.012356e-04	2.199594e-04	1
12	rs6786	6775967	0	5.903276e-04	2.904381e-04	1
12	rs71181446	6142402	0	3.015517e-04	4.831576e-04	1
12	rs7132183	6652494	0	-2.303493e-04	-9.388809e-05	1
12	rs7132298	6652572	0	-2.303493e-04	-9.388808e-05	1
12	rs7132970	6708898	0	-3.869560e-04	-3.580573e-04	1
12	rs7133777	6061947	0	-6.303387e-04	-3.902818e-04	1
12	rs7134028	6870442	0	6.916518e-04	4.185557e-04	1
12	rs7134136	6609503	0	-1.872808e-04	-7.260967e-05	1
12	rs7135106	6871499	0	7.791295e-04	4.770467e-04	1
12	rs7135368	6049978	0	4.203811e-04	1.717888e-04	1
12	rs7135645	6296575	0	-1.249602e-04	-5.221321e-05	1
12	rs7135976	6186116	0	-3.455373e-04	-1.196432e-04	1
12	rs7136058	6825211	0	7.853453e-05	6.372945e-05	1
12	rs7137525	6835973	0	1.070037e-04	4.565901e-05	1
12	rs7137702	6497259	0	1.712236e-04	9.642795e-05	1
12	rs7138427	6836852	0	4.036934e-04	3.461291e-04	1
12	rs7138740	6983764	0	1.168828e-03	3.840128e-03	1
12	rs7139025	6296925	0	-1.334231e-04	-5.511768e-05	1
12	rs7139057	6169323	0	-1.636799e-04	-9.997373e-05	1
12	rs71445108	6558207	0	8.399294e-05	1.793910e-04	1
12	rs71445110	6677603	0	6.287631e-05	1.260050e-04	1
12	rs71445120	6699171	0	-1.900904e-04	-1.061025e-04	1
12	rs714774	6619284	0	-3.397115e-04	-1.759949e-04	1
12	rs71579337	6103823	0	-5.619655e-05	-1.423918e-04	1
12	rs71579349	6635166	0	1.843490e-04	4.897351e-04	1
12	rs71582860	6166455	0	-3.723712e-04	-5.323923e-04	1
12	rs71582862	6155751	0	-2.867486e-04	-1.143048e-03	1
12	rs71582893	6153386	0	-3.294930e-04	-8.233481e-04	1
12	rs71582894	6153343	0	-3.294930e-04	-8.233480e-04	1
12	rs71584862	6715422	0	6.140331e-05	1.167198e-04	1
12	rs723188	6063905	0	-2.294062e-04	-1.099906e-04	1
12	rs723189	6063959	0	-6.303387e-04	-3.902818e-04	1
12	rs723190	6063974	0	-1.442408e-04	-1.795373e-04	1
12	rs72657544	6457798	0	-8.847420e-05	-1.898983e-04	1
12	rs7294323	6655808	0	-2.125111e-04	-8.564210e-05	1
12	rs7295049	6987335	0	1.059911e-03	2.469103e-03	1
12	rs7295083	6297056	0	-1.334231e-04	-5.511768e-05	1
12	rs7295091	6051426	0	-5.783166e-05	-6.669221e-05	1
12	rs7295359	6531606	0	1.215868e-04	4.215490e-05	1
12	rs7296287	6003584	0	2.039503e-04	2.264663e-04	1
12	rs7296308	5981427	0	-2.397746e-04	-3.355627e-04	1
12	rs7296459	6011637	0	3.968145e-04	3.058031e-04	1
12	rs7296476	6651496	0	-4.339528e-04	-2.737517e-04	1
12	rs7296922	6468205	0	-6.172510e-05	-4.487875e-05	1
12	rs7297283	6651436	0	-2.456145e-04	-1.197089e-04	1
12	rs7297364	6651441	0	-4.110871e-04	-2.509157e-04	1
12	rs7297961	6454297	0	-1.744096e-04	-2.902428e-04	1
12	rs7298053	6619054	0	-3.142625e-04	-1.202375e-04	1
12	rs7298232	6757621	0	1.134300e-04	1.159609e-04	1
12	rs7298357	6000126	0	-1.243066e-04	-4.927381e-05	1
12	rs7298463	6663964	0	8.306535e-05	4.083556e-05	1
12	rs7298495	5986820	0	-3.612199e-04	-1.439941e-04	1
12	rs7298566	6088103	0	-3.239898e-04	-3.553533e-04	1
12	rs7298567	6393321	0	2.605449e-04	1.390412e-04	1
12	rs7298568	6170796	0	1.216417e-04	8.648059e-05	1
12	rs7298570	6581482	0	-1.878941e-04	-1.155254e-04	1
12	rs7300092	6607364	0	-2.045696e-04	-1.059891e-04	1
12	rs7300366	6652227	0	-4.251136e-04	-2.550947e-04	1
12	rs7300389	6109841	0	-9.416746e-05	-1.286674e-04	1
12	rs7300728	6800509	0	4.050583e-05	5.827158e-05	1
12	rs7301070	6080290	0	2.127633e-04	9.408666e-05	1
12	rs7301197	6615688	0	-1.197897e-04	-6.815561e-05	1
12	rs7301735	6825399	0	-1.059272e-05	-1.606911e-05	1
12	rs7301945	6587668	0	-7.258748e-05	-3.785911e-05	1
12	rs7302308	6414180	0	-2.324532e-04	-2.109603e-04	1
12	rs7302581	6842902	0	2.157773e-04	1.057130e-04	1
12	rs7303171	6685605	0	-1.907108e-05	-1.118355e-05	1
12	rs7303399	6708813	0	-3.063327e-04	-2.483966e-04	1
12	rs73036549	6198035	0	-2.587540e-04	-6.606907e-04	1
12	rs7303863	6387686	0	2.203956e-04	5.296664e-04	1
12	rs73042327	6577518	0	5.459400e-05	1.002511e-04	1
12	rs73042333	6580443	0	4.993338e-05	5.099290e-05	1
12	rs7304348	6382039	0	-6.730391e-06	-3.199183e-06	1
12	rs73044250	6624733	0	-1.571622e-04	-3.586212e-04	1
12	rs73044256	6625285	0	-2.223693e-04	-1.323104e-04	1
12	rs73044559	6333608	0	1.053729e-04	3.003027e-04	1
12	rs73044588	6362001	0	4.395163e-04	1.010583e-03	1
12	rs73044591	6363341	0	1.290408e-04	2.060432e-04	1
12	rs73045687	5986795	0	-1.849771e-04	-2.970134e-04	1
12	rs7304688	6387628	0	3.242055e-04	1.723879e-04	1
12	rs73047609	5996588	0	2.361634e-05	2.733212e-05	1
12	rs73047610	5996698	0	4.015692e-05	4.208781e-05	1
12	rs73047639	6008285	0	4.015692e-05	4.208781e-05	1
12	rs73047640	6008290	0	2.361634e-05	2.733213e-05	1
12	rs73047647	6011088	0	4.366971e-06	4.929472e-06	1
12	rs73047652	6015033	0	2.090755e-05	2.137013e-05	1
12	rs73047718	6384459	0	2.133719e-04	5.281993e-04	1
12	rs73047737	6389532	0	2.133719e-04	5.281992e-04	1
12	rs73047755	6396098	0	2.133719e-04	5.281992e-04	1
12	rs73047758	6396786	0	2.203956e-04	5.296663e-04	1
12	rs73047760	6396924	0	2.956639e-04	8.508718e-04	1
12	rs73047761	6397650	0	2.203956e-04	5.296662e-04	1
12	rs73047768	6398970	0	2.133719e-04	5.281991e-04	1
12	rs73047771	6399013	0	2.133719e-04	5.281991e-04	1
12	rs73047772	6399051	0	2.071017e-04	4.226746e-04	1
12	rs73047782	6401664	0	2.133719e-04	5.281991e-04	1
12	rs73047787	6403737	0	2.133719e-04	5.281991e-04	1
12	rs73047793	6405212	0	1.364801e-04	2.636723e-04	1
12	rs73047797	6406771	0	1.364801e-04	2.636723e-04	1
12	rs73047798	6406898	0	1.364801e-04	2.636723e-04	1
12	rs73047807	6704169	0	-1.022956e-04	-7.275811e-05	1
12	rs73047897	6748460	0	5.491223e-04	9.161492e-04	1
12	rs73047899	6757704	0	-2.858790e-05	-2.015013e-05	1
12	rs73048428	6469366	0	5.629678e-05	7.195313e-05	1
12	rs73049715	6811433	0	-3.665560e-05	-8.697410e-05	1
12	rs73049722	6826873	0	1.016840e-04	7.305794e-05	1
12	rs73049726	6830071	0	-2.602764e-04	-5.829381e-04	1
12	rs73049904	6407807	0	1.364801e-04	2.636723e-04	1
12	rs73049912	6410462	0	1.185091e-04	2.420959e-04	1
12	rs73049916	6413279	0	1.513560e-04	3.123975e-04	1
12	rs73051250	6108690	0	-1.765285e-04	-1.293067e-04	1
12	rs73051647	6835160	0	3.362767e-04	3.957444e-04	1
12	rs73051663	6849710	0	8.217100e-05	5.254271e-05	1
12	rs73051673	6853202	0	4.415641e-05	5.019943e-05	1
12	rs73052336	5982664	0	-2.042264e-04	-3.288625e-04	1
12	rs7305251	6706481	0	-3.469243e-05	-1.730902e-05	1
12	rs7305330	6849879	0	1.326587e-04	8.951793e-05	1
12	rs73053728	6896546	0	-7.858572e-05	-3.202836e-05	1
12	rs73053739	6903942	3	-2.721863e-04	-2.369423e-04	1
12	rs7305381	6612765	0	-1.714448e-04	-1.089099e-04	1
12	rs7305483	6565177	0	-1.878941e-04	-1.155252e-04	1
12	rs7305522	6160481	2	-2.266323e-04	-3.012542e-04	1
12	rs7305540	6390213	0	3.600267e-04	2.343859e-04	1
12	rs7305752	6051397	0	-5.135172e-05	-7.647312e-05	1
12	rs7306851	6296328	0	-1.249602e-04	-5.221320e-05	1
12	rs7306990	5981405	0	-7.818968e-05	-7.725161e-05	1
12	rs7307010	6525518	0	2.166886e-04	7.864310e-05	1
12	rs7307709	6689209	0	-1.002711e-04	-5.812386e-05	1
12	rs7307881	6600773	0	-1.491807e-05	-5.530584e-06	1
12	rs7307889	5981353	0	-1.849771e-04	-2.970133e-04	1
12	rs7308584	6706744	0	-2.387295e-04	-1.269248e-04	1
12	rs7308876	6294751	0	-6.548658e-06	-2.296112e-06	1
12	rs7309207	6689685	0	-1.158995e-04	-8.126815e-05	1
12	rs7309414	6618871	0	-2.185674e-04	-1.387936e-04	1
12	rs7309691	5987154	0	-3.612199e-04	-1.439940e-04	1
12	rs7310211	6607018	0	-3.250810e-04	-1.408381e-04	1
12	rs7310452	6607168	0	-7.664105e-05	-2.867306e-05	1
12	rs7310736	6052265	0	4.113627e-04	1.687953e-04	1
12	rs7311174	6635567	0	-3.818980e-04	-2.029786e-04	1
12	rs7311397	6689805	0	-1.907108e-05	-1.118350e-05	1
12	rs7311453	6409367	0	-1.052979e-04	-3.637499e-05	1
12	rs7311708	6537207	0	-1.905169e-04	-2.591433e-04	1
12	rs7312492	6549751	0	4.175633e-04	1.869571e-04	1
12	rs7312746	6170951	0	7.487072e-05	6.953748e-05	1
12	rs7313534	6413966	0	-3.838093e-04	-6.071293e-04	1
12	rs7314078	6049713	0	3.104710e-04	1.140513e-04	1
12	rs7314204	5994856	0	-5.674298e-04	-3.483139e-04	1
12	rs7314566	6052868	0	-2.735892e-04	-9.955451e-05	1
12	rs7314675	6018045	0	2.361634e-05	2.733221e-05	1
12	rs7314721	6605656	0	-1.777638e-04	-6.876165e-05	1
12	rs7315234	6584988	0	2.958836e-04	1.307218e-04	1
12	rs7315789	6389976	0	4.404891e-04	2.750252e-04	1
12	rs7315856	6733496	0	-5.376229e-05	-8.166334e-05	1
12	rs7315926	6842669	0	2.672124e-05	1.017102e-05	1
12	rs7316224	6638666	0	-1.617520e-04	-6.151378e-05	1
12	rs7316558	6632969	0	-2.185674e-04	-1.387936e-04	1
12	rs7316626	6691452	0	-1.907108e-05	-1.118349e-05	1
12	rs73254608	6294494	0	-8.787789e-05	-3.545086e-05	1
12	rs73256772	6378970	0	4.312333e-04	4.177051e-04	1
12	rs73257105	6615152	0	2.039369e-04	4.644174e-04	1
12	rs73257264	6019866	0	2.446897e-04	1.315866e-04	1
12	rs73257266	6020023	0	2.446897e-04	1.315866e-04	1
12	rs73259012	6046610	0	-2.630220e-05	-3.463108e-05	1
12	rs73259014	6046641	0	-2.630220e-05	-3.463108e-05	1
12	rs73259018	6046890	0	-2.630220e-05	-3.463107e-05	1
12	rs73259020	6046975	0	-2.630220e-05	-3.463106e-05	1
12	rs73259022	6047040	0	-2.630220e-05	-3.463105e-05	1
12	rs73259025	6047538	0	-2.630220e-05	-3.463105e-05	1
12	rs73259203	6398202	0	2.716260e-04	1.728159e-04	1
12	rs73261482	6467693	0	-1.481318e-05	-1.081397e-05	1
12	rs73263039	6142348	0	-4.139324e-04	-2.785919e-04	1
12	rs73264831	6695585	0	-8.106249e-06	-4.725021e-06	1
12	rs73264846	6717258	0	-2.987869e-04	-2.346164e-04	1
12	rs73266841	6196582	0	5.887106e-05	3.881651e-05	1
12	rs73266906	6784099	0	2.374598e-04	2.380921e-04	1
12	rs73266929	6805206	0	3.411655e-04	3.636623e-04	1
12	rs73267361	6545511	0	2.045156e-04	3.097983e-04	1
12	rs73267369	6547560	0	2.045156e-04	3.097983e-04	1
12	rs73267395	6555941	0	7.812023e-05	1.736644e-04	1
12	rs73270777	6294341	0	-3.658398e-04	-9.297712e-04	1
12	rs733593	6636392	0	2.174056e-04	5.375137e-04	1
12	rs7342306	6291093	0	2.467668e-04	1.029986e-04	1
12	rs7342382	6631623	0	-3.818980e-04	-2.029784e-04	1
12	rs7358654	6620602	0	-3.492285e-04	-1.830194e-04	1
12	rs7358768	6620495	0	-5.454136e-04	-3.559238e-04	1
12	rs7390	6571699	0	4.548107e-05	1.556723e-05	1
12	rs7397444	6051425	0	4.113627e-04	1.687953e-04	1
12	rs7397672	6051232	0	4.113627e-04	1.687953e-04	1
12	rs7397940	6771877	0	-1.439908e-04	-2.043999e-04	1
12	rs7398532	6051609	0	4.113627e-04	1.687953e-04	1
12	rs7398572	6051336	0	4.113627e-04	1.687953e-04	1
12	rs74056739	6047548	0	-2.630220e-05	-3.463104e-05	1
12	rs74056802	6152106	0	-3.294930e-04	-8.233477e-04	1
12	rs74056906	6504908	0	-1.119181e-04	-1.784715e-04	1
12	rs74056926	6542167	0	5.305359e-05	9.266379e-05	1
12	rs74056928	6542195	0	5.305359e-05	9.266379e-05	1
12	rs74058504	6152279	0	-3.294930e-04	-8.233476e-04	1
12	rs74058506	6152655	0	-3.294930e-04	-8.233475e-04	1
12	rs74058508	6152854	0	-3.294930e-04	-8.233474e-04	1
12	rs74058509	6152899	0	-3.294930e-04	-8.233473e-04	1
12	rs74058514	6154079	0	-3.294930e-04	-8.233472e-04	1
12	rs740842	6421495	0	4.347934e-04	1.737655e-04	1
12	rs740850	6638116	0	-1.617520e-04	-6.151370e-05	1
12	rs740851	6638350	0	-5.269709e-04	-2.524988e-04	1
12	rs743600	6906319	0	3.036779e-04	1.355692e-04	1
12	rs74390085	6663653	0	6.140331e-05	1.167196e-04	1
12	rs74467767	6067999	0	-1.442408e-04	-1.795373e-04	1
12	rs74479547	6388101	0	1.215014e-04	6.876225e-05	1
12	rs74576183	6614181	0	1.843490e-04	4.897348e-04	1
12	rs74592542	6294509	0	-8.787789e-05	-3.545084e-05	1
12	rs74622104	6809476	0	-1.455831e-05	-1.327891e-05	1
12	rs7484640	5989637	0	-3.612199e-04	-1.439939e-04	1
12	rs7485396	5984996	0	-1.137339e-04	-4.532044e-05	1
12	rs7486643	5988547	0	-3.612199e-04	-1.439939e-04	1
12	rs7486935	6010244	0	1.787694e-04	2.313119e-04	1
12	rs7486988	6009745	0	-9.730258e-05	-9.865709e-05	1
12	rs7487291	6871203	0	6.916518e-04	4.185558e-04	1
12	rs7487568	5993061	0	-5.910461e-04	-3.678353e-04	1
12	rs7488048	5984136	0	-1.849771e-04	-2.970131e-04	1
12	rs7488113	6880474	0	2.442270e-04	8.852941e-04	1
12	rs7488901	5995578	0	6.642726e-04	4.943301e-04	1
12	rs7489044	6009595	0	2.090755e-05	2.137028e-05	1
12	rs74927907	6150901	0	-3.294930e-04	-8.233471e-04	1
12	rs74933262	6368405	0	2.252942e-04	4.118183e-04	1
12	rs74935314	6681863	0	6.140331e-05	1.167196e-04	1
12	rs74952194	6052737	0	-5.135172e-05	-7.647307e-05	1
12	rs74956629	6578755	0	1.157584e-04	3.167100e-04	1
12	rs74980505	6093199	0	2.252456e-04	2.629507e-04	1
12	rs75013138	6850356	0	-1.913926e-04	-4.708530e-04	1
12	rs75016164	6555902	0	7.812023e-05	1.736644e-04	1
12	rs75210579	6852905	0	-1.730511e-04	-3.291843e-04	1
12	rs75249435	6348926	0	1.135859e-04	2.778565e-04	1
12	rs75341139	6410084	0	-1.486908e-04	-1.247081e-04	1
12	rs75343188	6047673	0	-2.630220e-05	-3.463099e-05	1
12	rs75350542	6404780	0	1.686772e-04	5.508382e-04	1
12	rs75419846	5990275	0	-1.137339e-04	-4.532048e-05	1
12	rs75448266	6798632	0	-4.994723e-05	-5.006327e-05	1
12	rs75505364	6068424	0	-1.159474e-04	-1.663640e-04	1
12	rs75543974	6296711	0	-3.470319e-04	-8.610871e-04	1
12	rs75834380	6211088	0	-1.167419e-04	-1.338644e-04	1
12	rs758739	6626369	0	-3.914149e-04	-2.108515e-04	1
12	rs75933780	6039882	0	-2.594996e-05	-3.947268e-05	1
12	rs75938527	6838054	0	3.107286e-04	3.541941e-04	1
12	rs76097931	6068244	0	-1.442408e-04	-1.795373e-04	1
12	rs76126701	6771415	0	1.431364e-04	3.040772e-04	1
12	rs76149046	6050273	0	1.536716e-05	3.619236e-05	1
12	rs76300794	6204438	0	9.041581e-06	1.044749e-05	1
12	rs76327967	6760367	0	6.421574e-05	8.366098e-05	1
12	rs76350379	6250284	0	-2.161732e-04	-2.914092e-04	1
12	rs763580	6193537	0	-2.905304e-04	-1.290994e-04	1
12	rs763581	6193713	0	-2.805796e-04	-3.704463e-04	1
12	rs76418087	5980259	0	-1.830160e-05	-4.103400e-05	1
12	rs76606961	6020634	0	-8.230336e-05	-2.142643e-04	1
12	rs76725690	6584679	0	1.492905e-04	5.594705e-05	1
12	rs76838327	6146586	0	1.056437e-04	1.257000e-04	1
12	rs76855280	6042510	0	-1.643302e-05	-2.418123e-05	1
12	rs76867478	6280805	0	1.522453e-05	3.254416e-05	1
12	rs76894370	6549836	0	3.034744e-05	3.286890e-05	1
12	rs77025001	6542594	0	6.080532e-05	1.270845e-04	1
12	rs77115930	6044203	0	-5.135172e-05	-7.647304e-05	1
12	rs77217438	6383226	0	1.375549e-04	9.336447e-05	1
12	rs77314776	6416901	0	3.020522e-05	4.913338e-05	1
12	rs77344012	6081589	0	-1.595340e-04	-4.779496e-04	1
12	rs77400802	6802773	0	-1.539256e-05	-2.336646e-05	1
12	rs77517678	6397436	0	2.203956e-04	5.296661e-04	1
12	rs77536808	6203456	0	-7.693096e-05	-9.322487e-05	1
12	rs77612495	6031512	0	-6.755115e-05	-1.548227e-04	1
12	rs77647458	6668956	0	1.083307e-04	2.500666e-04	1
12	rs77680222	6142359	0	-4.139324e-04	-2.785918e-04	1
12	rs77826268	6393613	0	1.657975e-04	9.056770e-05	1
12	rs77843719	6690653	0	-3.183009e-05	-3.927759e-05	1
12	rs77985929	6613169	0	2.039369e-04	4.644172e-04	1
12	rs78028117	6616323	0	1.157584e-04	3.167100e-04	1
12	rs78040476	6723164	0	6.140331e-05	1.167196e-04	1
12	rs78187632	6675870	0	1.749861e-04	3.780211e-04	1
12	rs78194930	6772487	0	1.106047e-05	1.626995e-05	1
12	rs78230818	6390397	0	7.146414e-05	1.077543e-04	1
12	rs78245005	6066539	0	-1.442408e-04	-1.795372e-04	1
12	rs78299246	6581534	0	1.157584e-04	3.167100e-04	1
12	rs78301473	6196585	0	1.076074e-04	7.299132e-05	1
12	rs78312001	6744996	0	-1.348392e-04	-2.406992e-04	1
12	rs78324597	6735485	0	-3.269491e-04	-9.500410e-04	1
12	rs78325233	6208682	0	-1.167419e-04	-1.338644e-04	1
12	rs78425964	6745554	0	-1.264905e-05	-1.861721e-05	1
12	rs78482393	6026990	0	-2.012046e-05	-1.111503e-05	1
12	rs78487989	6408626	0	-1.557145e-04	-1.332407e-04	1
12	rs78494381	6368172	0	1.135859e-04	2.778565e-04	1
12	rs78534388	6836979	0	-2.111191e-04	-5.195798e-04	1
12	rs78615940	6027033	0	-2.012046e-05	-1.111503e-05	1
12	rs78619211	6724600	0	6.140331e-05	1.167196e-04	1
12	rs78738496	6836105	0	-2.111191e-04	-5.195798e-04	1
12	rs78742502	6712759	0	-3.869560e-04	-3.580568e-04	1
12	rs78808695	6698012	0	6.140331e-05	1.167196e-04	1
12	rs78818158	6066132	0	-1.442408e-04	-1.795372e-04	1
12	rs78882213	6751102	0	-1.185405e-04	-2.231266e-04	1
12	rs78915411	6170645	0	-3.723712e-04	-5.323924e-04	1
12	rs79050548	6555456	0	1.007839e-04	2.099302e-04	1
12	rs79056447	6706212	0	-1.562135e-05	-2.689776e-05	1
12	rs79071309	6086172	0	2.252456e-04	2.629507e-04	1
12	rs79160386	6637752	0	-7.680548e-06	-1.442280e-05	1
12	rs79353437	6420678	0	4.915209e-05	3.260859e-05	1
12	rs79372063	5994447	0	4.372426e-05	9.033930e-05	1
12	rs7952791	6595953	0	-2.273401e-04	-1.398505e-04	1
12	rs7952802	6293579	0	-8.787789e-05	-3.545081e-05	1
12	rs7953373	6059565	0	-1.159474e-04	-1.663639e-04	1
12	rs7953404	6496122	0	1.399388e-05	1.971583e-05	1
12	rs7953855	6803856	0	-1.539256e-05	-2.336647e-05	1
12	rs7953944	5989103	0	-3.612199e-04	-1.439938e-04	1
12	rs7954276	6608778	0	-7.664105e-05	-2.867293e-05	1
12	rs7954585	6752145	0	-1.185405e-04	-2.231266e-04	1
12	rs7954855	6235023	0	-5.704337e-05	-1.944759e-05	1
12	rs79549467	6477813	0	2.960552e-04	5.060137e-04	1
12	rs7955205	6425927	0	2.428249e-04	8.782162e-05	1
12	rs7955645	6603917	0	-7.664105e-05	-2.867292e-05	1
12	rs7956269	6056124	0	8.095913e-05	9.741049e-05	1
12	rs7956804	6898460	0	-2.195468e-05	-1.174563e-05	1
12	rs7957162	6466741	0	-2.502058e-04	-1.986638e-04	1
12	rs7957672	6203674	0	9.041581e-06	1.044751e-05	1
12	rs7957779	6298784	0	-1.073985e-04	-4.238618e-05	1
12	rs7958431	6404079	0	-9.690612e-05	-7.058957e-05	1
12	rs7958488	6546166	0	-5.500504e-05	-1.095928e-04	1
12	rs7958705	6044881	0	-2.630220e-05	-3.463094e-05	1
12	rs7958883	6062983	0	-6.303387e-04	-3.902817e-04	1
12	rs7958920	6048571	0	-2.630220e-05	-3.463092e-05	1
12	rs7959037	6048664	0	-5.135172e-05	-7.647299e-05	1
12	rs7959658	6754191	0	4.760626e-04	2.524492e-04	1
12	rs7960314	6057135	0	8.095913e-05	9.741052e-05	1
12	rs7960642	6297589	0	-1.334231e-04	-5.511760e-05	1
12	rs7960757	6605105	0	-7.664105e-05	-2.867292e-05	1
12	rs7960813	6756734	0	-8.213310e-05	-1.013071e-04	1
12	rs7961278	6605541	0	-7.664105e-05	-2.867291e-05	1
12	rs7961280	6528069	0	2.166886e-04	7.864291e-05	1
12	rs7961290	6204382	0	9.041581e-06	1.044752e-05	1
12	rs7961844	6226976	0	-2.884826e-04	-1.040850e-04	1
12	rs7961998	6061341	0	-1.159474e-04	-1.663639e-04	1
12	rs7962217	6061559	0	-1.159474e-04	-1.663639e-04	1
12	rs7962792	6851912	0	1.297447e-04	9.478377e-05	1
12	rs7963228	6476892	0	1.487706e-04	5.482268e-05	1
12	rs7963244	6057076	0	8.095913e-05	9.741053e-05	1
12	rs7963440	6852345	0	1.309877e-04	9.470601e-05	1
12	rs7963759	6602492	0	-2.991992e-05	-1.114075e-05	1
12	rs7963944	6385925	0	1.829450e-04	9.007360e-05	1
12	rs7964013	6200602	0	-1.449896e-04	-1.327516e-04	1
12	rs7964163	6481170	0	-1.125494e-04	-1.089675e-04	1
12	rs7964213	6764499	0	6.421574e-05	8.366099e-05	1
12	rs7964250	6346387	0	2.933328e-04	1.081769e-04	1
12	rs7964366	6346478	0	2.258665e-04	7.946749e-05	1
12	rs7964424	6297780	0	-1.334231e-04	-5.511759e-05	1
12	rs7964510	6787622	0	4.500488e-04	9.448606e-04	1
12	rs7964858	6386002	0	3.159666e-04	3.307227e-04	1
12	rs7965754	6205085	0	9.041581e-06	1.044754e-05	1
12	rs7965760	6205104	0	9.041581e-06	1.044754e-05	1
12	rs7965859	6498776	0	1.399388e-05	1.971584e-05	1
12	rs7965865	6848404	0	-3.979207e-05	-2.369125e-05	1
12	rs7965883	6695787	0	-3.469243e-05	-1.730892e-05	1
12	rs7966029	6895561	0	1.838119e-04	7.458689e-05	1
12	rs7966328	6895790	0	1.459874e-04	5.693722e-05	1
12	rs7966700	6602513	0	-2.991992e-05	-1.114074e-05	1
12	rs7966779	6594642	0	-2.185674e-04	-1.387934e-04	1
12	rs7967329	6611955	0	1.843490e-04	4.897347e-04	1
12	rs79676955	6331208	0	2.394459e-05	3.071599e-05	1
12	rs79682518	6763641	0	1.106047e-05	1.626998e-05	1
12	rs7968888	6059719	0	-3.879126e-04	-2.424727e-04	1
12	rs7969177	6712980	0	-1.495003e-04	-1.017577e-04	1
12	rs7969548	6425805	0	3.670686e-04	1.398473e-04	1
12	rs7969672	6063165	0	-2.011128e-04	-9.978737e-05	1
12	rs7969956	6859191	0	4.506025e-04	3.798174e-04	1
12	rs7970260	6549061	0	3.407454e-04	1.378128e-04	1
12	rs7970575	6858971	0	4.506025e-04	3.798173e-04	1
12	rs79706212	6833463	0	-5.012927e-05	-7.698447e-05	1
12	rs7970651	6044387	0	-2.630220e-05	-3.463088e-05	1
12	rs7970924	6207678	0	-1.167419e-04	-1.338643e-04	1
12	rs7971237	6604076	0	-3.397115e-04	-1.759940e-04	1
12	rs7971637	6643329	0	-2.996457e-04	-1.766110e-04	1
12	rs79721088	6706130	0	-1.562135e-05	-2.689777e-05	1
12	rs7972259	5989020	0	-3.612199e-04	-1.439937e-04	1
12	rs7972292	6466371	0	-2.502058e-04	-1.986638e-04	1
12	rs7972354	5989041	0	-3.612199e-04	-1.439937e-04	1
12	rs7972503	6409034	0	-1.041228e-04	-3.606364e-05	1
12	rs7972647	6490743	0	-3.174869e-04	-1.138128e-04	1
12	rs7972942	6476591	0	4.269108e-05	1.566781e-05	1
12	rs7973122	6405818	0	-8.510145e-05	-6.508035e-05	1
12	rs7973835	6044522	0	-5.135172e-05	-7.647294e-05	1
12	rs7973914	6476723	0	1.487706e-04	5.482265e-05	1
12	rs7973953	5984434	0	-4.680073e-04	-2.143408e-04	1
12	rs7974020	6697842	0	-3.469243e-05	-1.730892e-05	1
12	rs7974314	6048619	0	-2.630220e-05	-3.463086e-05	1
12	rs7975184	6627889	0	-3.914149e-04	-2.108512e-04	1
12	rs7975360	6605155	0	-3.173450e-04	-2.277693e-04	1
12	rs7975944	6848634	0	1.534378e-04	1.083633e-04	1
12	rs7976222	6203972	0	9.041581e-06	1.044757e-05	1
12	rs7976498	6602433	0	-2.991992e-05	-1.114070e-05	1
12	rs7976591	6602468	0	-2.991992e-05	-1.114069e-05	1
12	rs7976678	6537544	0	1.422294e-04	5.294066e-05	1
12	rs7976939	6848710	0	3.995154e-04	3.422713e-04	1
12	rs7976955	6057977	0	-9.515061e-06	-5.029664e-06	1
12	rs7977329	6550091	0	3.407454e-04	1.378127e-04	1
12	rs7977602	6498734	0	2.720354e-04	1.062110e-04	1
12	rs7978081	6049342	0	-2.630220e-05	-3.463085e-05	1
12	rs7978326	6053107	0	-5.135172e-05	-7.647292e-05	1
12	rs7978461	6605205	0	-2.812107e-04	-1.149787e-04	1
12	rs7978597	6628148	0	-2.624377e-04	-1.586416e-04	1
12	rs7978603	6598073	0	-2.185674e-04	-1.387932e-04	1
12	rs7979025	6297599	0	-1.334231e-04	-5.511759e-05	1
12	rs7979509	6585707	0	-5.569772e-05	-2.627916e-05	1
12	rs7979695	6987871	5	9.505065e-04	1.254865e-03	1
12	rs7980045	6204615	0	9.041581e-06	1.044759e-05	1
12	rs7980637	6779223	0	1.749159e-04	1.493728e-04	1
12	rs7980753	6207711	0	-2.380223e-04	-3.565926e-04	1
12	rs7980758	6207733	0	-1.356565e-04	-1.547813e-04	1
12	rs7980991	6545417	0	3.367587e-04	1.646363e-04	1
12	rs79865993	6663375	0	6.140331e-05	1.167195e-04	1
12	rs79879554	6164138	0	-4.136421e-04	-7.111351e-04	1
12	rs80106965	6807536	0	3.836220e-05	5.514060e-05	1
12	rs80122922	6199754	0	-1.211265e-04	-1.103984e-04	1
12	rs80242330	6016251	0	4.895123e-05	1.061594e-04	1
12	rs80336293	6142205	0	-2.949946e-04	-7.207156e-04	1
12	rs8181686	6531951	0	9.896682e-05	3.445377e-05	1
12	rs870849	6887020	0	5.402579e-04	2.552377e-04	1
12	rs871365	6839453	0	1.017503e-04	3.853077e-05	1
12	rs871366	6839388	0	3.107286e-04	3.541938e-04	1
12	rs879605	6486656	0	-5.828357e-05	-3.093642e-05	1
12	rs887473	6292773	0	-8.787789e-05	-3.545078e-05	1
12	rs887474	6292712	0	-1.185512e-04	-4.787895e-05	1
12	rs887475	6292691	0	-7.952208e-05	-3.075851e-05	1
12	rs887476	6292575	0	-8.787789e-05	-3.545077e-05	1
12	rs887479	6416760	0	1.263069e-04	5.556658e-05	1
12	rs917633	6611964	0	-3.397115e-04	-1.759938e-04	1
12	rs917634	6631169	0	-4.919049e-04	-1.889507e-04	1
12	rs917858	6081938	0	2.764320e-04	1.300686e-04	1
12	rs917859	6082113	0	1.935888e-04	8.481536e-05	1
12	rs933406	6035308	0	-2.594996e-05	-3.947256e-05	1
12	rs933407	6045261	0	3.084242e-04	1.137358e-04	1
12	rs933408	6058736	0	-1.075810e-05	-5.703759e-06	1
12	rs9478	6840688	0	2.690257e-04	2.429745e-04	1
12	rs951818	6896055	0	2.665293e-04	1.099068e-04	1
12	rs9634157	6648198	0	-7.260986e-05	-2.926470e-05	1
12	rs9645765	6116457	0	1.166801e-04	1.194348e-04	1
12	rs9668139	6504098	0	3.329806e-04	1.711365e-04	1
12	rs9669272	6756877	0	1.134300e-04	1.159611e-04	1
12	rs9669611	6503786	0	2.932331e-04	1.448933e-04	1
12	rs9706048	6625333	0	-5.451192e-04	-3.469711e-04	1
12	rs9737890	6990453	0	1.136281e-03	2.394189e-03	1
12	rs9788053	6624435	0	-1.639013e-04	-6.298107e-05	1
12	rs9788151	6624139	0	-1.872808e-04	-7.260941e-05	1
12	rs9795852	6398374	0	2.716260e-04	1.728157e-04	1
12	rs980130	6169027	0	4.226163e-05	1.696542e-05	1
12	rs980131	6169198	0	2.949581e-04	1.191853e-04	1
12	rs980132	6169219	0	1.185155e-04	1.216613e-04	1
12	rs980133	6169443	0	2.949581e-04	1.191853e-04	1
12	rs980134	6169522	0	1.216417e-04	8.648058e-05	1
12	rs984337	6383525	0	1.953713e-04	7.647131e-05	1
12	rs9888313	6683011	0	-4.956836e-05	-2.473204e-05	1
12	rs9888358	6244744	0	-7.963936e-05	-2.876284e-05	1
12	rs9989051	6177679	0	1.539859e-04	1.166515e-04	1
12	rs998908	6291892	0	-8.787789e-05	-3.545077e-05	1
