chr	rs	ps	n_miss	b	beta	gamma
19	rs1004526	58588849	0	3.426166e-04	3.963135e-05	1
19	rs1005050	58949579	0	1.154681e-03	1.547051e-04	1
19	rs101447	58720717	0	8.204541e-04	9.495101e-05	1
19	rs1014767	58528303	0	2.831572e-04	3.034772e-05	1
19	rs1015224	58724380	0	5.027580e-04	7.329752e-05	1
19	rs1019490	58610559	0	-3.227321e-04	-3.487571e-05	1
19	rs1020054	58987301	0	-1.158551e-03	-1.821748e-04	1
19	rs10401711	58624499	0	8.576930e-05	1.050867e-05	1
19	rs10402098	58624615	0	8.576930e-05	1.050867e-05	1
19	rs10402211	58652341	0	8.035372e-04	9.672872e-05	1
19	rs10402307	58624732	0	7.147725e-04	8.654792e-05	1
19	rs10402325	58913507	0	4.172765e-04	4.928542e-05	1
19	rs10403117	58744033	0	9.365107e-04	1.334997e-04	1
19	rs10404798	58628509	0	8.576930e-05	1.050867e-05	1
19	rs10405350	58628515	0	2.318730e-04	2.829678e-05	1
19	rs10405769	58917418	0	1.546805e-03	1.999448e-04	1
19	rs10406593	58917575	0	1.270233e-03	1.668943e-04	1
19	rs10407096	58887170	0	-3.090201e-04	-3.364829e-05	1
19	rs10407616	58896384	0	-6.525134e-04	-8.729672e-05	1
19	rs10407894	58625081	0	8.576930e-05	1.050867e-05	1
19	rs10409388	58604114	0	9.267376e-04	1.089480e-04	1
19	rs10410171	59097308	0	7.314896e-04	8.249979e-05	1
19	rs10411535	58708526	0	-4.609894e-04	-5.046839e-05	1
19	rs10411892	58923725	0	1.270233e-03	1.668942e-04	1
19	rs10412181	58814507	0	-4.648140e-04	-5.175715e-05	1
19	rs10412209	58629463	0	2.405814e-04	2.940328e-05	1
19	rs10412612	58632446	0	8.576930e-05	1.050867e-05	1
19	rs10413586	59071321	0	1.185747e-03	1.437611e-04	1
19	rs10414125	59064327	0	1.300776e-04	1.742315e-05	1
19	rs10415286	58720992	0	3.761608e-04	4.060639e-05	1
19	rs10415313	58675417	0	7.315867e-04	8.779665e-05	1
19	rs10416149	58964306	0	3.272350e-04	3.550691e-05	1
19	rs10417092	58915193	0	1.393939e-03	1.884856e-04	1
19	rs10417104	58923866	0	1.624340e-03	2.164505e-04	1
19	rs10419091	58723359	0	2.739143e-04	3.252356e-05	1
19	rs10419259	58630192	0	7.050623e-04	8.527279e-05	1
19	rs10420221	58794026	0	-7.410069e-05	-8.468959e-06	1
19	rs10420540	58521290	0	-4.701938e-04	-5.858871e-05	1
19	rs10420801	58609457	0	3.490642e-04	4.103480e-05	1
19	rs10421140	58609376	0	7.590954e-04	9.526726e-05	1
19	rs10421350	58609443	0	3.490642e-04	4.103480e-05	1
19	rs10422127	58609220	0	9.027957e-05	1.131482e-05	1
19	rs10422438	58523444	0	-4.526607e-04	-5.374482e-05	1
19	rs10422730	58618747	0	3.455349e-04	4.238402e-05	1
19	rs10423138	58928302	0	1.546805e-03	1.999445e-04	1
19	rs10423778	58627574	0	7.254522e-04	8.798330e-05	1
19	rs10424179	58627725	0	7.254522e-04	8.798329e-05	1
19	rs10425266	58694416	0	3.656776e-04	4.357706e-05	1
19	rs10425685	58703085	0	3.656776e-04	4.357705e-05	1
19	rs10432292	59036273	0	-9.362063e-05	-1.225178e-05	1
19	rs10448	59093239	0	6.780027e-04	7.575934e-05	1
19	rs10469313	58892510	0	-5.742821e-05	-6.163115e-06	1
19	rs1051500	58944402	0	1.546805e-03	1.999445e-04	1
19	rs1057402	58580277	0	5.496365e-04	6.403069e-05	1
19	rs1058144	59075115	0	1.929043e-04	2.473125e-05	1
19	rs1064267	58597405	0	-7.964502e-04	-1.010481e-04	1
19	rs1077420	58968875	0	6.199102e-04	6.731659e-05	1
19	rs10775573	58614974	0	-3.227321e-04	-3.487566e-05	1
19	rs10775574	58615053	0	-3.227321e-04	-3.487565e-05	1
19	rs1080416	58559785	0	2.668572e-04	3.134182e-05	1
19	rs10853902	58614749	0	-3.227321e-04	-3.487565e-05	1
19	rs10853903	58714926	0	7.385303e-05	8.684956e-06	1
19	rs10853904	58885260	0	-7.554779e-04	-1.051153e-04	1
19	rs10878	58595676	0	-5.649285e-04	-6.840914e-05	1
19	rs1107399	58955556	0	8.391749e-04	1.047029e-04	1
19	rs11084528	58527472	0	1.066259e-03	1.241698e-04	1
19	rs11084531	58582586	0	2.777044e-04	3.052493e-05	1
19	rs11084532	58583939	0	2.777044e-04	3.052493e-05	1
19	rs11084534	58613950	0	-3.227321e-04	-3.487564e-05	1
19	rs11084535	58614035	0	-3.227321e-04	-3.487564e-05	1
19	rs11084537	58629227	0	-1.464267e-04	-1.827516e-05	1
19	rs11084538	58629238	0	2.318730e-04	2.829682e-05	1
19	rs11084542	58932099	0	3.541070e-04	4.221767e-05	1
19	rs11084543	58932701	0	3.541070e-04	4.221767e-05	1
19	rs11084544	58940127	0	3.541070e-04	4.221766e-05	1
19	rs11084545	58951693	0	1.450176e-03	1.829250e-04	1
19	rs111426967	58526736	0	3.526821e-05	4.635548e-06	1
19	rs111476488	58632584	0	2.138683e-04	2.580873e-05	1
19	rs111497992	58952247	0	6.541736e-04	9.566208e-05	1
19	rs111728832	58712814	0	-2.890094e-04	-4.164349e-05	1
19	rs111785442	59088450	0	9.227670e-05	1.263820e-05	1
19	rs111938040	58682195	0	-1.865417e-04	-2.632012e-05	1
19	rs111961880	58521852	0	-4.354049e-04	-6.044768e-05	1
19	rs112047932	59096384	0	5.870222e-04	8.483132e-05	1
19	rs112072625	58851928	0	1.961211e-04	2.587998e-05	1
19	rs112121304	58747493	0	4.032197e-04	5.433820e-05	1
19	rs1122955	58946203	0	3.541070e-04	4.221764e-05	1
19	rs112380274	58538047	0	-6.960849e-05	-9.543347e-06	1
19	rs112404933	59051273	4	-4.542548e-04	-5.839104e-05	1
19	rs112495529	59086341	0	3.027546e-04	4.014428e-05	1
19	rs112630877	58713159	0	2.919583e-04	3.958103e-05	1
19	rs112710702	58907700	0	4.974262e-04	7.179657e-05	1
19	rs112807223	58957572	0	7.377400e-04	1.106117e-04	1
19	rs112809147	58521822	0	-3.476691e-05	-4.585189e-06	1
19	rs112884174	58795474	0	-5.884386e-05	-6.681865e-06	1
19	rs112905868	58696543	0	3.351534e-04	4.010944e-05	1
19	rs112923015	58843344	0	1.961211e-04	2.587998e-05	1
19	rs113038922	58848825	4	3.647829e-04	5.062477e-05	1
19	rs113128193	59054938	0	7.353092e-04	1.081638e-04	1
19	rs113129007	58572389	0	4.201692e-04	6.037420e-05	1
19	rs113234672	59044327	0	2.613840e-04	3.449779e-05	1
19	rs113267181	59018390	0	4.085426e-04	4.792978e-05	1
19	rs113368366	59098134	0	4.304549e-04	5.576608e-05	1
19	rs113630669	59008097	9	3.337367e-04	3.899611e-05	1
19	rs113702420	58728671	0	5.027580e-04	7.329752e-05	1
19	rs113742427	59035589	0	1.938053e-04	2.246517e-05	1
19	rs113744797	58793000	0	-2.407108e-04	-3.394548e-05	1
19	rs113747485	58702661	0	3.669826e-04	4.931368e-05	1
19	rs113782954	58521588	0	-7.316086e-04	-8.953942e-05	1
19	rs113896796	58999674	0	5.236388e-04	7.676551e-05	1
19	rs113896797	58522122	0	-5.049607e-04	-5.985004e-05	1
19	rs113897676	58526091	1	-4.750186e-05	-6.187172e-06	1
19	rs113909979	58843146	0	1.961211e-04	2.587998e-05	1
19	rs113992190	58531244	0	-3.476691e-05	-4.585188e-06	1
19	rs114393548	58963349	0	8.259794e-04	1.022215e-04	1
19	rs11486499	59017417	0	-7.795969e-04	-8.776255e-05	1
19	rs115134660	58671275	0	5.381784e-04	7.529025e-05	1
19	rs11545185	59028585	0	9.053559e-04	1.170228e-04	1
19	rs11665688	58953762	0	3.263966e-04	3.910740e-05	1
19	rs11666156	58790359	0	8.129978e-06	8.745932e-07	1
19	rs11666227	58573559	0	4.613296e-05	5.033269e-06	1
19	rs11666303	58922502	0	3.541070e-04	4.221763e-05	1
19	rs11666477	58777937	0	2.332760e-04	2.549721e-05	1
19	rs11666502	58953826	0	3.263966e-04	3.910739e-05	1
19	rs11666610	58527828	0	8.195961e-04	9.101072e-05	1
19	rs11666716	58920952	0	3.541070e-04	4.221762e-05	1
19	rs11666790	59033341	0	-1.084593e-03	-1.297042e-04	1
19	rs11666928	58914231	0	2.623907e-04	3.093238e-05	1
19	rs11667482	58568958	0	-7.905561e-04	-8.589793e-05	1
19	rs11667581	58622193	0	-4.954908e-04	-5.425833e-05	1
19	rs11667723	58927489	0	3.541070e-04	4.221761e-05	1
19	rs11668071	58973141	0	2.086061e-04	2.983082e-05	1
19	rs11668201	59003632	0	1.127709e-04	1.359177e-05	1
19	rs11668350	58775813	0	5.135197e-04	5.863334e-05	1
19	rs11668420	58937836	0	3.541070e-04	4.221760e-05	1
19	rs11668757	58928299	0	2.810546e-04	3.343595e-05	1
19	rs11668785	58780089	0	5.084001e-04	5.656425e-05	1
19	rs11668789	58928309	0	3.541070e-04	4.221759e-05	1
19	rs11668814	58946833	0	3.541070e-04	4.221758e-05	1
19	rs11668821	58955813	0	3.395921e-04	4.075230e-05	1
19	rs11669093	58912795	0	-9.510708e-04	-1.348813e-04	1
19	rs11669127	59003830	0	5.112809e-05	6.173176e-06	1
19	rs11669305	58886431	0	-4.517316e-04	-5.682222e-05	1
19	rs11669345	59062259	0	9.457070e-04	1.229689e-04	1
19	rs11669347	58951632	0	1.058052e-03	1.380600e-04	1
19	rs11669373	58798685	0	-1.132165e-04	-1.223938e-05	1
19	rs11669378	58951686	0	1.064561e-03	1.390842e-04	1
19	rs11669464	58998901	0	-1.774102e-04	-2.172564e-05	1
19	rs11669526	58998914	0	-1.774102e-04	-2.172565e-05	1
19	rs11669665	58931885	2	4.244216e-04	5.090583e-05	1
19	rs11669741	58960481	0	1.344688e-03	1.649211e-04	1
19	rs11669829	58624120	0	8.576930e-05	1.050871e-05	1
19	rs11669919	58580394	0	2.777044e-04	3.052494e-05	1
19	rs11670035	58573649	0	1.711582e-04	1.891212e-05	1
19	rs11670075	58751393	0	5.095258e-04	5.783951e-05	1
19	rs11670192	59017640	0	7.562043e-04	9.485676e-05	1
19	rs11670322	58917125	0	1.154681e-03	1.547049e-04	1
19	rs11670347	58917040	0	1.008535e-03	1.320355e-04	1
19	rs11670764	58992896	0	-5.035048e-04	-5.567781e-05	1
19	rs11670848	58580962	0	2.777044e-04	3.052494e-05	1
19	rs11670864	59030580	0	9.051589e-04	1.167479e-04	1
19	rs11670871	58940514	0	3.541070e-04	4.221754e-05	1
19	rs11671033	58963669	0	-4.643974e-05	-5.622676e-06	1
19	rs11671092	59009109	0	5.009019e-05	6.121476e-06	1
19	rs11671113	58958087	0	1.344688e-03	1.649210e-04	1
19	rs11671199	58722673	0	-1.879866e-04	-2.221168e-05	1
19	rs11671477	58800346	0	-1.132165e-04	-1.223938e-05	1
19	rs11671486	58793064	0	-1.651685e-04	-1.795020e-05	1
19	rs11671591	58918337	0	3.541070e-04	4.221751e-05	1
19	rs11671725	58587046	0	2.777044e-04	3.052494e-05	1
19	rs11672212	59018821	0	-5.573125e-04	-7.719805e-05	1
19	rs11672258	58934685	0	3.541070e-04	4.221751e-05	1
19	rs11672379	58575800	0	2.719321e-04	3.001220e-05	1
19	rs11672609	59006924	0	-5.526305e-05	-6.837893e-06	1
19	rs11672614	59006984	0	-5.526305e-05	-6.837897e-06	1
19	rs11672645	58718698	0	-6.184529e-04	-7.326035e-05	1
19	rs11672730	59007203	0	-5.526305e-05	-6.837901e-06	1
19	rs11672765	58801758	0	-5.896902e-04	-6.459603e-05	1
19	rs11672773	58801784	0	-6.909286e-04	-7.664110e-05	1
19	rs11673069	58934918	0	2.810546e-04	3.343586e-05	1
19	rs11673101	58995053	0	-2.636216e-04	-3.265950e-05	1
19	rs11673436	58576358	0	2.777044e-04	3.052494e-05	1
19	rs11673465	59038895	0	5.828404e-04	7.106318e-05	1
19	rs11673550	58777337	0	6.970331e-04	7.712174e-05	1
19	rs11673557	58777390	0	6.856235e-04	7.599760e-05	1
19	rs11673703	58983549	0	-3.633210e-05	-4.790849e-06	1
19	rs116922203	58537659	0	-3.634445e-04	-5.197712e-05	1
19	rs116938565	58752980	0	4.189916e-04	5.826814e-05	1
19	rs117121674	58619217	0	7.809702e-05	1.123301e-05	1
19	rs117207849	58645844	0	9.094705e-05	1.299948e-05	1
19	rs117233340	58531540	0	-1.467397e-04	-2.073905e-05	1
19	rs117316552	59087901	0	5.870222e-04	8.483134e-05	1
19	rs117415600	58985438	0	-1.457469e-04	-2.066457e-05	1
19	rs117465682	58954770	0	-1.457469e-04	-2.066457e-05	1
19	rs117482759	58808414	0	3.348347e-04	4.824046e-05	1
19	rs117509647	58580355	0	-1.578817e-04	-2.205854e-05	1
19	rs117591817	58875573	0	-1.024094e-04	-1.473558e-05	1
19	rs117625253	59097933	0	-3.456349e-04	-4.891428e-05	1
19	rs117667229	58690935	0	1.732925e-04	2.412790e-05	1
19	rs117761389	58665641	0	4.471589e-04	6.478742e-05	1
19	rs117800501	58649809	0	-7.948423e-07	-1.103621e-07	1
19	rs117831716	58571600	0	1.657823e-04	2.352198e-05	1
19	rs117962485	58794158	0	2.790158e-04	4.044483e-05	1
19	rs118058287	58726678	0	4.954141e-04	7.023538e-05	1
19	rs118098469	59027453	0	1.794435e-04	2.521920e-05	1
19	rs118122480	58697975	0	1.463999e-05	2.104860e-06	1
19	rs118165397	58873238	0	2.684698e-05	3.631716e-06	1
19	rs11878198	58920302	0	3.541070e-04	4.221748e-05	1
19	rs11878203	58920050	0	3.541070e-04	4.221748e-05	1
19	rs11879192	58613591	0	-3.227321e-04	-3.487558e-05	1
19	rs11879575	58660968	0	1.142737e-04	1.380088e-05	1
19	rs11879748	58613819	0	-3.227321e-04	-3.487558e-05	1
19	rs11879808	58876517	0	-5.304938e-04	-7.048623e-05	1
19	rs11881000	58932788	0	3.541070e-04	4.221747e-05	1
19	rs11881126	58523990	0	6.988511e-04	7.641033e-05	1
19	rs11882226	59064636	0	2.115223e-04	2.834792e-05	1
19	rs11882439	58730564	0	-8.982298e-04	-1.123819e-04	1
19	rs11883119	58750511	0	5.106016e-04	7.143317e-05	1
19	rs11883136	58750671	0	4.189916e-04	5.826814e-05	1
19	rs12052202	59048311	0	-5.558486e-04	-7.770544e-05	1
19	rs12151036	58714235	0	2.407090e-04	2.846518e-05	1
19	rs12459294	58878494	0	-6.134328e-04	-8.331667e-05	1
19	rs12459340	58878484	0	-7.654650e-04	-8.578795e-05	1
19	rs12459664	58883817	0	-7.554779e-04	-1.051152e-04	1
19	rs12459668	58883897	0	-3.790779e-04	-5.223329e-05	1
19	rs12459942	58678797	0	4.471589e-04	6.478741e-05	1
19	rs12460016	58784640	0	-5.286116e-04	-6.359363e-05	1
19	rs12460050	58666109	0	-1.475169e-04	-1.701780e-05	1
19	rs12460553	58903304	0	-1.823699e-03	-2.700641e-04	1
19	rs12460623	58903574	0	-1.793175e-03	-2.633291e-04	1
19	rs12460974	58537461	0	-1.092508e-03	-1.337506e-04	1
19	rs12461217	58579927	0	1.904874e-04	2.106162e-05	1
19	rs12461356	58668553	0	1.235873e-03	1.560630e-04	1
19	rs12461832	58611210	0	-3.227321e-04	-3.487557e-05	1
19	rs12462307	58784732	0	-4.863841e-04	-5.536361e-05	1
19	rs12462495	59089792	0	5.003109e-04	7.179677e-05	1
19	rs12462497	58964424	0	-5.793654e-04	-7.998910e-05	1
19	rs12462787	58801360	0	5.889880e-04	7.103811e-05	1
19	rs12608795	58896477	0	-4.292825e-04	-4.909616e-05	1
19	rs12609270	58888787	0	-8.622310e-04	-9.761341e-05	1
19	rs12611047	58889108	0	9.150603e-06	1.006739e-06	1
19	rs1265953	58854566	0	-1.273807e-04	-1.673019e-05	1
19	rs1265954	58854600	0	-1.961211e-04	-2.587997e-05	1
19	rs1265955	58856812	0	-2.075307e-04	-2.746470e-05	1
19	rs1265956	58857131	0	-7.145431e-05	-9.211113e-06	1
19	rs1265957	58858676	0	-7.339086e-04	-1.089274e-04	1
19	rs1265961	58860387	0	-8.349304e-04	-1.049910e-04	1
19	rs1268538	58853363	0	1.961211e-04	2.587996e-05	1
19	rs12971534	58541508	0	4.601035e-04	5.620948e-05	1
19	rs12971923	58634625	0	-4.623155e-04	-5.361781e-05	1
19	rs12971940	58541514	0	5.943478e-04	7.371015e-05	1
19	rs12972034	58690818	0	-8.063321e-04	-9.786581e-05	1
19	rs12972054	58735053	0	-9.330871e-04	-1.174303e-04	1
19	rs12972201	59035989	0	-9.362063e-05	-1.225177e-05	1
19	rs12972400	59036000	0	1.652908e-04	2.265950e-05	1
19	rs12972438	58728126	0	-5.670233e-04	-6.634490e-05	1
19	rs12972443	58757870	0	5.095258e-04	5.783952e-05	1
19	rs12972597	59036021	0	7.332815e-05	9.939365e-06	1
19	rs12972636	59036119	0	7.332815e-05	9.939365e-06	1
19	rs12972884	58749797	0	5.306124e-04	6.018181e-05	1
19	rs12972898	58956888	0	3.395921e-04	4.075216e-05	1
19	rs12972962	59036017	0	1.652908e-04	2.265950e-05	1
19	rs12973189	58618974	0	-1.210263e-03	-1.460256e-04	1
19	rs12973218	58729931	0	-1.074858e-03	-1.387861e-04	1
19	rs12973231	58729904	0	-1.074858e-03	-1.387861e-04	1
19	rs12973458	58729973	0	-8.982298e-04	-1.123818e-04	1
19	rs12973718	58580615	0	9.543828e-05	1.155441e-05	1
19	rs12974045	58612080	1	-3.992268e-04	-4.264663e-05	1
19	rs12974312	58612154	0	-3.227321e-04	-3.487554e-05	1
19	rs12975369	58693418	0	-7.420480e-04	-8.982696e-05	1
19	rs12975659	58612122	0	1.724357e-04	2.151328e-05	1
19	rs12975995	58553864	0	2.940738e-04	3.516053e-05	1
19	rs12976331	58751639	0	3.147629e-04	3.556664e-05	1
19	rs12976771	58614336	0	-3.227321e-04	-3.487553e-05	1
19	rs12976842	58614404	0	-3.227321e-04	-3.487553e-05	1
19	rs12976966	58647516	0	-7.165478e-04	-9.064959e-05	1
19	rs12977251	58605521	0	-2.290102e-04	-2.461050e-05	1
19	rs12977390	58614604	0	-3.227321e-04	-3.487552e-05	1
19	rs12977592	58961056	0	5.187090e-04	5.764151e-05	1
19	rs12977863	58702050	0	-7.420480e-04	-8.982694e-05	1
19	rs12977929	58688430	0	-7.393690e-04	-8.886944e-05	1
19	rs12978129	58725724	0	-5.845937e-04	-6.895165e-05	1
19	rs12978139	58732605	0	-8.917395e-04	-1.115180e-04	1
19	rs12978152	58732656	0	-9.098424e-04	-1.072656e-04	1
19	rs12978231	58614357	0	-3.227321e-04	-3.487550e-05	1
19	rs12979108	58732779	0	-8.917395e-04	-1.115179e-04	1
19	rs12979415	58952608	0	4.560426e-04	6.549599e-05	1
19	rs12979906	58732532	0	-3.367191e-04	-3.702411e-05	1
19	rs12980120	58618223	0	2.181652e-05	2.691813e-06	1
19	rs12980208	58860812	0	-4.610981e-04	-6.177869e-05	1
19	rs12980211	58611169	0	-3.227321e-04	-3.487550e-05	1
19	rs12980299	58787473	0	-1.651685e-04	-1.795015e-05	1
19	rs12980430	59002009	0	9.090564e-04	1.084919e-04	1
19	rs12980623	58624996	0	-1.406509e-03	-2.026241e-04	1
19	rs12980697	58963488	0	4.031881e-04	4.832934e-05	1
19	rs12980907	58956326	0	3.395921e-04	4.075215e-05	1
19	rs12981083	58963468	0	3.055988e-04	3.641278e-05	1
19	rs12981092	58963475	0	4.538858e-04	5.462691e-05	1
19	rs12981338	58618736	0	-1.096601e-03	-1.298860e-04	1
19	rs12981417	58596956	0	-8.545333e-04	-1.107093e-04	1
19	rs12981649	58930043	0	3.541070e-04	4.221741e-05	1
19	rs12981684	58632144	0	-4.623155e-04	-5.361771e-05	1
19	rs12981875	58935130	0	3.541070e-04	4.221740e-05	1
19	rs12982505	58613285	0	-2.078837e-04	-2.293318e-05	1
19	rs12982863	58715418	0	-7.420480e-04	-8.982688e-05	1
19	rs12983138	58655373	0	4.887410e-04	5.321665e-05	1
19	rs12983165	58958435	0	3.395921e-04	4.075213e-05	1
19	rs12983169	58768177	0	6.570868e-04	7.693660e-05	1
19	rs12983679	58923736	0	1.492905e-04	1.761077e-05	1
19	rs12983701	58613499	0	-3.227321e-04	-3.487547e-05	1
19	rs12983728	58671267	0	-6.724998e-04	-8.467932e-05	1
19	rs12983843	58923618	0	3.541070e-04	4.221739e-05	1
19	rs12984015	58613031	0	-3.227321e-04	-3.487546e-05	1
19	rs12984254	58613113	0	-3.227321e-04	-3.487546e-05	1
19	rs12984878	58562150	0	3.915880e-04	4.631591e-05	1
19	rs12985394	58958585	0	3.395921e-04	4.075211e-05	1
19	rs12985543	58689072	0	-7.393690e-04	-8.886937e-05	1
19	rs12986027	58793596	0	-1.651685e-04	-1.795014e-05	1
19	rs12986378	58727821	0	-6.363528e-04	-7.548835e-05	1
19	rs12986387	58927215	0	3.541070e-04	4.221738e-05	1
19	rs13343526	58908150	0	-5.275765e-04	-6.874311e-05	1
19	rs13344155	59085666	0	1.929043e-04	2.473121e-05	1
19	rs13344679	58693697	0	2.481320e-04	2.937602e-05	1
19	rs13345808	58674696	0	7.471637e-04	8.985304e-05	1
19	rs13346342	58522715	0	-4.178937e-04	-5.223855e-05	1
19	rs13382065	58903698	0	-1.843711e-03	-2.763512e-04	1
19	rs139211863	58843003	0	1.961211e-04	2.587993e-05	1
19	rs140171882	58659248	0	-6.367580e-05	-7.692889e-06	1
19	rs140214515	58654197	0	-1.859118e-04	-2.655932e-05	1
19	rs140755790	58680275	0	5.476763e-04	7.610083e-05	1
19	rs141669549	58690674	0	6.450620e-04	8.083672e-05	1
19	rs141815249	58690989	0	1.732925e-04	2.412789e-05	1
19	rs141887102	59077031	0	9.457070e-04	1.229687e-04	1
19	rs142677013	58655817	0	3.099256e-05	4.345111e-06	1
19	rs143096975	58622408	0	5.042774e-07	7.119904e-08	1
19	rs143314212	58810770	0	-5.820129e-04	-8.405450e-05	1
19	rs143712775	58643218	0	5.104680e-04	7.188068e-05	1
19	rs144310654	58669338	0	-2.570462e-04	-3.696640e-05	1
19	rs144479077	58634823	0	4.194485e-04	6.124515e-05	1
19	rs144760313	58894031	0	2.003754e-04	2.718268e-05	1
19	rs144929606	59015873	0	2.284114e-04	2.651404e-05	1
19	rs146262068	59077090	0	2.276669e-04	3.053405e-05	1
19	rs1465789	58946056	0	1.546805e-03	1.999436e-04	1
19	rs1469087	58572979	0	2.542066e-04	3.274022e-05	1
19	rs147878006	58887658	0	-6.801155e-04	-9.403379e-05	1
19	rs148493024	58655648	0	1.841126e-04	2.605772e-05	1
19	rs148953731	58662865	0	3.909978e-04	5.393241e-05	1
19	rs149513825	58925379	0	-1.457469e-04	-2.066459e-05	1
19	rs149594935	58681857	0	-2.486186e-04	-3.414723e-05	1
19	rs149863732	58917068	0	1.008535e-03	1.320354e-04	1
19	rs150191918	58691030	0	-6.119353e-05	-8.528931e-06	1
19	rs150752046	58888366	0	-3.598749e-05	-4.891687e-06	1
19	rs150892142	58743405	0	3.249058e-04	4.587564e-05	1
19	rs150997678	59052967	4	-3.546704e-04	-4.999484e-05	1
19	rs151265692	59019648	0	-8.206832e-05	-1.154250e-05	1
19	rs1529329	58600048	0	1.095181e-04	1.307942e-05	1
19	rs1529958	58899466	0	-1.319380e-03	-1.660447e-04	1
19	rs1529959	58899342	0	-1.479418e-03	-1.970359e-04	1
19	rs1544796	58542425	0	1.164418e-03	1.715733e-04	1
19	rs1544888	58570912	0	2.797165e-04	3.093431e-05	1
19	rs1549279	58528621	0	2.584887e-04	2.777651e-05	1
19	rs1549491	58588434	0	1.569842e-04	1.807587e-05	1
19	rs1549492	58585248	0	1.689630e-04	1.936098e-05	1
19	rs1549493	58585367	0	2.602012e-04	2.994262e-05	1
19	rs1549495	58529518	0	8.195961e-04	9.101084e-05	1
19	rs1550812	59090423	0	-3.484192e-04	-4.612751e-05	1
19	rs1550813	59090227	0	8.709070e-04	1.000377e-04	1
19	rs157355	58692686	0	8.666684e-05	9.597612e-06	1
19	rs157357	58693870	0	7.301436e-04	9.737253e-05	1
19	rs157358	58643751	0	-1.548113e-04	-1.915863e-05	1
19	rs157360	58650058	0	2.240501e-04	2.654671e-05	1
19	rs157361	58676017	0	-6.276516e-04	-8.126161e-05	1
19	rs157362	58675894	0	-3.671215e-04	-4.603831e-05	1
19	rs157363	58675603	0	-6.276516e-04	-8.126160e-05	1
19	rs157364	58675220	0	-6.650471e-04	-7.405226e-05	1
19	rs157365	58674756	0	-8.416750e-04	-9.604819e-05	1
19	rs157366	58674526	0	-1.212723e-03	-1.490517e-04	1
19	rs157367	58674310	0	-4.525691e-04	-5.713139e-05	1
19	rs157369	58672078	0	-1.083196e-03	-1.297112e-04	1
19	rs157370	58671178	0	-1.083196e-03	-1.297111e-04	1
19	rs157371	58669973	0	-1.051464e-03	-1.250175e-04	1
19	rs157372	58668597	0	-1.083196e-03	-1.297111e-04	1
19	rs157373	58666990	0	-4.106962e-04	-5.068866e-05	1
19	rs157374	58666086	0	-3.789646e-04	-4.669410e-05	1
19	rs157375	58665001	0	-4.106962e-04	-5.068865e-05	1
19	rs157376	58663457	0	-1.352215e-04	-1.704663e-05	1
19	rs157378	58696697	0	2.973239e-04	3.284744e-05	1
19	rs157379	58696598	0	2.973239e-04	3.284744e-05	1
19	rs1592993	58555971	0	1.682788e-04	2.216627e-05	1
19	rs1592994	58555932	0	1.749878e-04	2.310489e-05	1
19	rs1592995	58555850	0	1.682788e-04	2.216627e-05	1
19	rs159667	58648359	0	-3.872370e-04	-4.198228e-05	1
19	rs159668	58643841	0	-1.548113e-04	-1.915859e-05	1
19	rs159670	58641777	0	1.416094e-04	1.722690e-05	1
19	rs159671	58641701	0	2.623972e-04	3.210283e-05	1
19	rs159672	58641686	0	-2.088675e-04	-2.568611e-05	1
19	rs159673	58641457	0	2.623972e-04	3.210283e-05	1
19	rs159674	58670181	0	-2.390582e-04	-3.025074e-05	1
19	rs159675	58668765	0	-7.601252e-04	-8.681045e-05	1
19	rs159676	58666427	0	-6.788325e-04	-7.646950e-05	1
19	rs159677	58665490	0	-6.694840e-04	-7.503643e-05	1
19	rs159678	58679085	0	-7.143629e-04	-9.339958e-05	1
19	rs159679	58661732	0	-6.778686e-04	-7.588986e-05	1
19	rs159680	58661581	0	-4.106962e-04	-5.068863e-05	1
19	rs159870	58549366	0	8.093511e-04	9.577276e-05	1
19	rs159871	58550281	0	6.462241e-04	7.501304e-05	1
19	rs159872	58547449	0	6.277363e-04	7.266668e-05	1
19	rs159873	58547516	0	6.277363e-04	7.266668e-05	1
19	rs159874	58548431	0	9.537659e-04	1.373555e-04	1
19	rs166343	58775182	0	7.161477e-04	7.947634e-05	1
19	rs166830	58658950	1	-5.172287e-04	-6.477854e-05	1
19	rs166831	58676446	0	-6.276516e-04	-8.126155e-05	1
19	rs169776	58550436	0	9.537659e-04	1.373555e-04	1
19	rs16988654	58837269	0	-2.442681e-04	-3.173737e-05	1
19	rs16988659	58840850	0	8.226781e-05	1.079396e-05	1
19	rs16988665	58840905	0	1.961211e-04	2.587992e-05	1
19	rs16988667	58842180	0	1.048829e-04	1.376807e-05	1
19	rs16988668	58850756	0	1.961211e-04	2.587991e-05	1
19	rs171851	58758900	0	-2.827899e-04	-3.393730e-05	1
19	rs171852	58754386	0	2.267360e-04	2.380069e-05	1
19	rs171853	58685051	0	-3.225673e-04	-3.644142e-05	1
19	rs171854	58666802	0	-2.218587e-04	-2.725980e-05	1
19	rs174280	58711922	0	5.088503e-04	5.748028e-05	1
19	rs174281	58735457	0	4.762065e-05	6.017722e-06	1
19	rs176981	58655580	0	1.420095e-04	1.703153e-05	1
19	rs17853924	58806686	0	-4.487977e-04	-6.280988e-05	1
19	rs1808397	58572356	0	3.214094e-04	3.580475e-05	1
19	rs1812874	58632506	0	8.576930e-05	1.050883e-05	1
19	rs181320759	58658446	0	3.457803e-04	4.250013e-05	1
19	rs181994	58746054	0	-2.120682e-04	-2.597989e-05	1
19	rs182055294	58526154	6	-4.129928e-05	-5.381723e-06	1
19	rs183304547	58609059	0	7.809702e-05	1.123302e-05	1
19	rs184128	58548760	0	8.281321e-04	9.928217e-05	1
19	rs185161330	58916579	1	1.910837e-05	2.284053e-06	1
19	rs185464	58776863	0	1.297884e-03	1.586397e-04	1
19	rs185791	58644371	0	2.968259e-04	3.502210e-05	1
19	rs1865960	58894235	0	-1.001297e-03	-1.455528e-04	1
19	rs1867726	59084306	0	8.071494e-05	9.272241e-06	1
19	rs1867727	59084181	0	8.722388e-05	1.002098e-05	1
19	rs187760	58775192	0	7.161477e-04	7.947633e-05	1
19	rs188370	58529192	0	3.503445e-04	3.965652e-05	1
19	rs188415	58616313	0	4.442473e-04	5.297048e-05	1
19	rs188486366	58526153	6	-4.129928e-05	-5.381723e-06	1
19	rs190729	58658029	0	-5.303841e-04	-5.793368e-05	1
19	rs190882	58529365	0	4.257068e-04	4.848029e-05	1
19	rs190975	58631968	0	1.711289e-04	2.443491e-05	1
19	rs193390	58548658	0	1.178686e-03	1.711393e-04	1
19	rs1968868	58678383	0	-4.917503e-04	-5.988930e-05	1
19	rs1974819	58656963	0	-1.273705e-04	-1.558394e-05	1
19	rs1974826	58590145	0	2.602012e-04	2.994258e-05	1
19	rs1985434	58764185	0	7.401459e-04	8.029991e-05	1
19	rs1987625	58632634	0	-1.464267e-04	-1.827504e-05	1
19	rs1987626	58632649	0	8.576930e-05	1.050883e-05	1
19	rs1993463	58786898	0	-3.198246e-04	-4.400197e-05	1
19	rs1993464	58786953	0	-1.878675e-04	-2.116709e-05	1
19	rs2003104	59020597	0	-2.213837e-04	-3.048711e-05	1
19	rs2011666	58990045	0	7.423857e-04	9.188163e-05	1
19	rs2013635	58646792	0	-6.267766e-05	-7.610594e-06	1
19	rs2033711	58999350	1	5.404985e-04	5.898329e-05	1
19	rs204216	58660769	0	-4.106962e-04	-5.068862e-05	1
19	rs2046357	58673534	0	5.476763e-04	7.610083e-05	1
19	rs2052733	58625864	0	8.576930e-05	1.050883e-05	1
19	rs2052734	58626005	0	-1.837248e-05	-2.243802e-06	1
19	rs2052735	58626112	0	2.132108e-04	2.602788e-05	1
19	rs2062251	58715682	0	-7.420480e-04	-8.982676e-05	1
19	rs2081578	58669335	0	5.381784e-04	7.529024e-05	1
19	rs2098685	58630409	0	6.346227e-05	7.719784e-06	1
19	rs2098686	58630043	0	2.623972e-04	3.210285e-05	1
19	rs2098687	58630023	0	2.623972e-04	3.210285e-05	1
19	rs2098717	58524390	0	-3.157328e-05	-4.204455e-06	1
19	rs2100610	58802349	0	-2.477124e-04	-3.454495e-05	1
19	rs2112825	58614156	0	6.750812e-04	8.548089e-05	1
19	rs211579	58615270	0	9.099103e-05	1.124539e-05	1
19	rs2124911	58696798	0	-7.420480e-04	-8.982676e-05	1
19	rs2168644	58788393	0	-1.651685e-04	-1.795014e-05	1
19	rs2228162	59074429	0	2.613840e-04	3.449773e-05	1
19	rs2229375	58578578	0	2.777044e-04	3.052488e-05	1
19	rs2229379	58579923	0	9.575700e-05	1.054698e-05	1
19	rs2241406	58549593	0	1.195984e-03	1.811749e-04	1
19	rs2241787	58906163	0	-1.436235e-03	-1.904794e-04	1
19	rs2258557	58596449	0	2.676268e-04	3.294276e-05	1
19	rs2260914	58598784	0	1.040064e-04	1.231835e-05	1
19	rs2287837	58598670	0	1.095181e-04	1.307946e-05	1
19	rs2288274	58572959	0	3.333882e-04	3.714428e-05	1
19	rs2289143	58904715	0	-3.599416e-04	-4.415704e-05	1
19	rs2304521	58988179	0	-7.727479e-04	-1.045627e-04	1
19	rs2305119	59067623	0	1.207091e-03	1.563545e-04	1
19	rs2305120	59059729	0	-5.690349e-04	-7.905587e-05	1
19	rs2305122	59056752	0	8.833763e-04	1.138817e-04	1
19	rs2375233	58617203	0	4.390604e-04	5.230445e-05	1
19	rs2375234	58633323	0	8.576930e-05	1.050884e-05	1
19	rs2375235	58634745	0	2.623972e-04	3.210286e-05	1
19	rs2375470	58864867	0	-4.600164e-04	-6.218617e-05	1
19	rs2396991	59078073	0	5.665780e-06	7.809534e-07	1
19	rs2431835	58647214	0	7.218370e-04	8.077715e-05	1
19	rs2445854	58777608	1	3.601196e-04	3.853459e-05	1
19	rs2445855	58785181	0	-6.128610e-04	-7.033902e-05	1
19	rs2445856	58701358	0	2.862523e-04	3.145415e-05	1
19	rs2445857	58708507	0	6.551193e-04	8.747289e-05	1
19	rs2445858	58708730	0	3.379117e-04	3.732281e-05	1
19	rs2445859	58734330	0	-1.810285e-05	-2.336731e-06	1
19	rs2449628	58781945	0	-9.049507e-07	-9.955218e-08	1
19	rs2449629	58781917	0	3.149185e-05	3.307273e-06	1
19	rs2449631	58781652	0	-1.132796e-05	-1.193918e-06	1
19	rs2449632	58781379	0	-9.049507e-07	-9.955944e-08	1
19	rs2449634	58795207	0	3.682260e-04	4.659376e-05	1
19	rs2449635	58785227	0	7.214140e-05	7.877153e-06	1
19	rs2449636	58785202	0	-5.034839e-04	-5.890161e-05	1
19	rs2449638	58735033	0	-1.810285e-05	-2.336735e-06	1
19	rs2449639	58777772	0	8.340486e-04	9.392288e-05	1
19	rs2547257	58610107	0	5.574236e-04	6.757382e-05	1
19	rs2547258	58638685	0	1.201980e-04	1.418351e-05	1
19	rs2547259	58637237	0	2.623972e-04	3.210285e-05	1
19	rs2547260	58635294	0	-4.917434e-04	-5.374441e-05	1
19	rs2547295	58617479	0	8.576930e-05	1.050884e-05	1
19	rs2547296	58622896	0	2.318730e-04	2.829697e-05	1
19	rs2547297	58623249	0	8.576930e-05	1.050884e-05	1
19	rs2547298	58626436	0	8.576930e-05	1.050884e-05	1
19	rs2547347	58627459	0	8.576930e-05	1.050884e-05	1
19	rs2547348	58626879	0	8.576930e-05	1.050884e-05	1
19	rs2547349	58626742	0	8.576930e-05	1.050884e-05	1
19	rs2547350	58622950	0	2.340562e-04	2.883943e-05	1
19	rs2547351	58620965	0	8.576930e-05	1.050884e-05	1
19	rs2547352	58610720	0	5.534331e-04	6.845045e-05	1
19	rs2547355	58635125	0	2.623972e-04	3.210286e-05	1
19	rs2547356	58635146	0	2.623972e-04	3.210286e-05	1
19	rs2547357	58636155	0	2.623972e-04	3.210286e-05	1
19	rs2547358	58636656	0	8.576930e-05	1.050884e-05	1
19	rs2547359	58637389	0	2.623972e-04	3.210286e-05	1
19	rs2547360	58638399	0	2.968259e-04	3.502211e-05	1
19	rs2554963	58625364	0	4.169238e-04	5.061702e-05	1
19	rs2554964	58625504	0	-1.962984e-04	-2.457225e-05	1
19	rs2554965	58625638	0	2.318730e-04	2.829697e-05	1
19	rs2554966	58627271	0	8.576930e-05	1.050884e-05	1
19	rs2554967	58627382	0	-1.464267e-04	-1.827503e-05	1
19	rs2554968	58627406	0	2.181652e-05	2.691901e-06	1
19	rs2554970	58636732	0	2.138683e-04	2.580858e-05	1
19	rs2554972	58636174	0	8.576930e-05	1.050884e-05	1
19	rs2554973	58631032	0	2.623972e-04	3.210286e-05	1
19	rs2554978	58609677	0	1.077767e-04	1.347555e-05	1
19	rs2554981	58620273	0	7.617926e-04	9.688801e-05	1
19	rs2554982	58620524	0	2.318730e-04	2.829698e-05	1
19	rs2554983	58620872	0	8.576930e-05	1.050884e-05	1
19	rs2554984	58621104	0	2.318730e-04	2.829698e-05	1
19	rs2554985	58621438	0	-2.278714e-04	-2.831130e-05	1
19	rs2554986	58621492	0	2.181652e-05	2.691902e-06	1
19	rs2554987	58622985	0	8.576930e-05	1.050884e-05	1
19	rs260413	58710468	0	6.551193e-04	8.747288e-05	1
19	rs260415	58715944	0	6.448983e-04	7.469092e-05	1
19	rs260416	58717025	0	9.812494e-04	1.341738e-04	1
19	rs260418	58720918	0	7.465538e-04	8.832379e-05	1
19	rs260419	58721952	0	8.713288e-04	1.210788e-04	1
19	rs260420	58731704	0	-1.810285e-05	-2.336742e-06	1
19	rs260421	58731390	0	-7.332145e-04	-8.422550e-05	1
19	rs260422	58729833	0	-3.558831e-04	-3.953875e-05	1
19	rs260424	58726569	0	1.638580e-04	2.187064e-05	1
19	rs260425	58735740	0	4.762065e-05	6.017700e-06	1
19	rs260426	58736177	0	1.010554e-04	1.280737e-05	1
19	rs260427	58736226	0	5.891608e-04	7.435912e-05	1
19	rs260428	58736625	0	-7.452572e-06	-9.449327e-07	1
19	rs260430	58737161	0	8.415744e-05	1.060609e-05	1
19	rs260432	58738273	0	8.415744e-05	1.060609e-05	1
19	rs260433	58738897	0	-1.053818e-04	-1.166620e-05	1
19	rs260434	58739039	0	-8.846564e-06	-1.111374e-06	1
19	rs260435	58739704	0	8.415744e-05	1.060609e-05	1
19	rs260436	58739710	0	2.607853e-04	3.312769e-05	1
19	rs260437	58739744	0	-6.374273e-05	-8.025458e-06	1
19	rs260438	58740339	0	8.415744e-05	1.060608e-05	1
19	rs260444	58745470	0	1.337498e-03	1.720341e-04	1
19	rs260446	58746861	0	-2.877271e-04	-3.565448e-05	1
19	rs260448	58764375	0	7.717290e-04	8.426789e-05	1
19	rs260449	58765459	0	2.611274e-04	2.753028e-05	1
19	rs260450	58766410	0	2.899545e-04	3.053136e-05	1
19	rs260451	58766550	0	2.611274e-04	2.753027e-05	1
19	rs260452	58766874	0	2.611274e-04	2.753027e-05	1
19	rs260453	58767151	0	2.611274e-04	2.753027e-05	1
19	rs260454	58767168	0	5.951011e-04	6.352547e-05	1
19	rs260455	58767492	0	-3.743999e-04	-4.550694e-05	1
19	rs260456	58767565	0	7.717290e-04	8.426787e-05	1
19	rs260457	58767697	0	2.611274e-04	2.753025e-05	1
19	rs260459	58768500	0	2.611274e-04	2.753025e-05	1
19	rs260460	58769790	6	-1.162700e-04	-1.652189e-05	1
19	rs260461	58770883	0	-3.743999e-04	-4.550694e-05	1
19	rs260462	58774071	0	8.028590e-04	9.040171e-05	1
19	rs260464	58774762	0	7.161477e-04	7.947627e-05	1
19	rs260465	58775486	0	7.161477e-04	7.947627e-05	1
19	rs260466	58775737	0	1.299809e-03	1.586602e-04	1
19	rs260467	58776215	0	7.872820e-04	8.795745e-05	1
19	rs260468	58776630	0	8.739934e-04	9.918015e-05	1
19	rs260469	58776765	0	7.872820e-04	8.795744e-05	1
19	rs260472	58807757	0	5.820129e-04	8.405448e-05	1
19	rs260473	58798137	0	2.504420e-04	2.744962e-05	1
19	rs260474	58798300	0	4.270699e-04	4.737549e-05	1
19	rs260475	58798490	0	5.116587e-04	6.119717e-05	1
19	rs260476	58798598	0	2.504420e-04	2.744961e-05	1
19	rs260477	58798628	0	1.564829e-04	1.711960e-05	1
19	rs260478	58751030	0	2.267360e-04	2.380060e-05	1
19	rs260482	58748274	0	-2.332376e-04	-2.886470e-05	1
19	rs260483	58748180	0	-1.601776e-04	-1.979836e-05	1
19	rs260484	58758451	0	6.457276e-04	6.950960e-05	1
19	rs260486	58753937	0	6.457276e-04	6.950959e-05	1
19	rs260487	58685347	0	-5.091090e-04	-5.966619e-05	1
19	rs260488	58686991	0	6.965804e-04	9.307131e-05	1
19	rs260491	58664447	0	1.142737e-04	1.380076e-05	1
19	rs260492	58668565	0	-1.194603e-05	-1.447850e-06	1
19	rs260493	58671334	0	1.978557e-05	2.384369e-06	1
19	rs260495	58794240	0	7.115109e-04	8.703806e-05	1
19	rs260496	58794033	0	5.540090e-04	6.601922e-05	1
19	rs260497	58792213	0	-6.938256e-05	-7.627379e-06	1
19	rs260498	58792190	0	2.360194e-04	2.602857e-05	1
19	rs260499	58791716	0	7.115109e-04	8.703805e-05	1
19	rs260500	58791213	0	-6.938256e-05	-7.627385e-06	1
19	rs260501	58790807	0	2.295105e-04	2.527581e-05	1
19	rs260502	58790784	0	7.115109e-04	8.703805e-05	1
19	rs260503	58790095	0	-6.938256e-05	-7.627391e-06	1
19	rs281061	58643376	1	4.754204e-04	5.654076e-05	1
19	rs281063	58651941	0	-4.520882e-04	-4.961337e-05	1
19	rs281064	58649998	0	2.240501e-04	2.654677e-05	1
19	rs281065	58645577	0	-6.711830e-04	-7.451652e-05	1
19	rs281066	58644840	0	-1.548113e-04	-1.915857e-05	1
19	rs281069	58659039	2	-6.026194e-04	-6.532462e-05	1
19	rs281070	58658691	0	-4.345909e-04	-4.650526e-05	1
19	rs281072	58657714	0	-4.967253e-04	-5.492574e-05	1
19	rs281073	58656418	0	-6.293786e-04	-6.995067e-05	1
19	rs281074	58656176	0	-4.106962e-04	-5.068858e-05	1
19	rs281075	58655106	0	-4.106962e-04	-5.068857e-05	1
19	rs281076	58654307	0	-6.246217e-04	-6.925195e-05	1
19	rs281077	58653376	0	-7.493290e-04	-8.445420e-05	1
19	rs281078	58653320	0	1.340533e-04	1.672615e-05	1
19	rs281079	58678388	0	-6.276516e-04	-8.126153e-05	1
19	rs281080	58700131	2	3.918488e-04	4.203334e-05	1
19	rs281081	58698915	0	3.418171e-04	3.786809e-05	1
19	rs28444973	58982044	0	-4.873824e-04	-6.661592e-05	1
19	rs28521102	58597905	0	-1.833220e-04	-2.635870e-05	1
19	rs28575910	59072396	0	6.159799e-05	8.022234e-06	1
19	rs28699075	59069214	0	5.665780e-06	7.809449e-07	1
19	rs28725494	58633618	0	7.541406e-04	9.124236e-05	1
19	rs28757810	58813720	0	-6.470628e-04	-7.368097e-05	1
19	rs28821001	59018503	0	-4.173870e-04	-4.695741e-05	1
19	rs28840697	58825728	0	-8.137085e-04	-1.135400e-04	1
19	rs2889031	58659115	1	-3.228296e-04	-3.369608e-05	1
19	rs2889128	58973929	0	1.970544e-04	2.131786e-05	1
19	rs2889129	59019664	0	-6.257922e-04	-8.871666e-05	1
19	rs292821	58531419	0	2.652989e-05	3.354669e-06	1
19	rs292826	58540860	0	6.277363e-04	7.266664e-05	1
19	rs292827	58544472	0	6.444911e-04	7.377234e-05	1
19	rs292828	58545133	0	9.537659e-04	1.373555e-04	1
19	rs292831	58529741	0	2.652989e-05	3.354670e-06	1
19	rs2930099	58779403	0	1.382795e-04	1.625179e-05	1
19	rs2930100	58747687	0	-3.744385e-04	-4.672019e-05	1
19	rs295345	58654195	0	9.482084e-06	1.135414e-06	1
19	rs295346	58616280	0	7.617926e-04	9.688801e-05	1
19	rs295347	58616256	0	2.676194e-04	3.133327e-05	1
19	rs299847	58680688	0	-5.391105e-04	-7.112268e-05	1
19	rs3087604	58813750	0	-6.005042e-04	-6.804449e-05	1
19	rs3088284	58929427	0	3.541070e-04	4.221728e-05	1
19	rs3211055	59094453	0	6.780027e-04	7.575890e-05	1
19	rs34003091	58662254	0	-6.763467e-04	-8.520567e-05	1
19	rs34006653	58731821	1	-8.750961e-04	-1.092640e-04	1
19	rs34023391	58913368	0	1.927140e-04	2.286996e-05	1
19	rs34114202	58599443	0	-7.482841e-04	-9.334847e-05	1
19	rs34152946	58923263	0	3.541070e-04	4.221727e-05	1
19	rs34188294	58919557	0	4.677689e-04	5.629602e-05	1
19	rs34230465	58943576	0	3.541070e-04	4.221726e-05	1
19	rs34282528	59076749	0	3.316917e-05	4.484425e-06	1
19	rs34370122	58546475	0	3.743220e-04	4.491736e-05	1
19	rs34380569	58648528	0	-1.783694e-04	-2.059718e-05	1
19	rs34415062	59023166	0	7.949512e-04	1.004547e-04	1
19	rs34421357	58835863	0	-3.156163e-04	-3.993104e-05	1
19	rs34469398	58677396	0	-7.449191e-05	-1.050730e-05	1
19	rs34488713	58996454	0	-5.318104e-05	-7.180610e-06	1
19	rs34503352	58651296	0	-6.763467e-04	-8.520565e-05	1
19	rs34511020	58921296	0	3.541070e-04	4.221725e-05	1
19	rs34526068	58658066	0	-4.345909e-04	-4.650521e-05	1
19	rs34541537	58912737	0	7.620140e-05	9.198875e-06	1
19	rs34602933	58886495	1	-3.301933e-04	-3.594177e-05	1
19	rs34648696	58554613	0	2.864243e-04	3.475173e-05	1
19	rs34702066	58582806	0	1.904874e-04	2.106158e-05	1
19	rs34873624	58943402	0	3.541070e-04	4.221724e-05	1
19	rs34914886	58774094	0	1.289628e-04	1.827764e-05	1
19	rs34947459	58655880	0	1.142737e-04	1.380074e-05	1
19	rs3499	59093484	0	9.001120e-04	1.036913e-04	1
19	rs34990434	58550992	0	2.940738e-04	3.516067e-05	1
19	rs35081008	58662235	0	-6.763467e-04	-8.520564e-05	1
19	rs35117909	58912906	0	2.714989e-04	3.245207e-05	1
19	rs35138622	58912788	0	5.015859e-04	6.116643e-05	1
19	rs35219954	59001641	0	6.433722e-04	7.512854e-05	1
19	rs35220005	58550233	0	2.620775e-05	3.109889e-06	1
19	rs35269060	58933392	0	2.170942e-04	2.565773e-05	1
19	rs35350976	59023174	0	7.968675e-04	1.008186e-04	1
19	rs35358425	58599760	0	-8.761897e-04	-1.106059e-04	1
19	rs35394955	58954859	0	-1.575165e-03	-2.136887e-04	1
19	rs35430780	59028162	0	-2.756582e-04	-3.838749e-05	1
19	rs35466206	58943252	0	3.541070e-04	4.221720e-05	1
19	rs35511051	58665817	0	-1.381684e-04	-1.594091e-05	1
19	rs35631681	58999840	4	1.414528e-04	1.744146e-05	1
19	rs35652377	58929200	0	3.541070e-04	4.221719e-05	1
19	rs35711932	58658152	0	-6.694840e-04	-7.503629e-05	1
19	rs35713506	58954919	0	-1.575165e-03	-2.136886e-04	1
19	rs35740250	58694015	0	-2.462943e-04	-3.474228e-05	1
19	rs35747322	58544096	0	5.943478e-04	7.371034e-05	1
19	rs35782676	58926345	0	3.217483e-04	3.823085e-05	1
19	rs35983901	59016790	0	7.143680e-04	8.997591e-05	1
19	rs36057771	58836133	0	-3.156163e-04	-3.993104e-05	1
19	rs36090113	58912384	0	3.098713e-04	3.684213e-05	1
19	rs36098050	58652725	0	-6.763467e-04	-8.520562e-05	1
19	rs36100363	58710837	0	-7.420480e-04	-8.982667e-05	1
19	rs36111946	58836128	0	-3.173281e-04	-4.105001e-05	1
19	rs36115826	59009166	0	-9.334003e-05	-1.258260e-05	1
19	rs365040	58799529	0	5.889880e-04	7.103801e-05	1
19	rs365699	58799652	0	3.482219e-04	3.802902e-05	1
19	rs370335292	58658750	0	-2.205837e-04	-2.551352e-05	1
19	rs371120005	58658933	0	-5.002598e-06	-6.114629e-07	1
19	rs371149	58779654	0	4.541153e-04	4.939561e-05	1
19	rs373337854	58658806	0	4.747151e-04	6.518441e-05	1
19	rs374431	58790713	0	2.295105e-04	2.527580e-05	1
19	rs3745129	58637498	0	-6.711830e-04	-7.451638e-05	1
19	rs3745142	58836745	0	-3.173281e-04	-4.105001e-05	1
19	rs3752108	59094709	0	6.780027e-04	7.575879e-05	1
19	rs3752109	59082605	0	2.154240e-04	2.485121e-05	1
19	rs3752111	59082368	0	5.003109e-04	7.179676e-05	1
19	rs3752112	58992220	0	1.272245e-04	1.547296e-05	1
19	rs3764528	58977554	0	4.463715e-04	4.906489e-05	1
19	rs3764529	58945089	0	3.541070e-04	4.221715e-05	1
19	rs3764531	58929305	0	-2.421569e-03	-4.238634e-04	1
19	rs3764532	58929222	0	3.541070e-04	4.221712e-05	1
19	rs3764533	58929194	0	1.624340e-03	2.164488e-04	1
19	rs3764534	58929136	0	1.546805e-03	1.999429e-04	1
19	rs3764535	58929052	0	1.711052e-03	2.330105e-04	1
19	rs3764536	58896712	0	-4.088935e-04	-4.626843e-05	1
19	rs376460183	58658873	0	7.202128e-05	8.423809e-06	1
19	rs376570508	58658612	0	-1.381684e-04	-1.594086e-05	1
19	rs378452	58786520	0	2.568211e-04	2.798222e-05	1
19	rs379075	58785739	0	5.028064e-05	5.446398e-06	1
19	rs3794963	59071051	0	1.138611e-03	1.426312e-04	1
19	rs3794964	59070916	0	1.138611e-03	1.426312e-04	1
19	rs3794965	59069353	0	8.709070e-04	1.000373e-04	1
19	rs3794966	59068996	0	9.457070e-04	1.229683e-04	1
19	rs3794968	58986799	0	5.063905e-04	5.588629e-05	1
19	rs3794969	58986561	0	-1.158551e-03	-1.821748e-04	1
19	rs3794970	58986260	0	-2.570381e-04	-3.164404e-05	1
19	rs3794971	58985866	0	-2.246413e-04	-2.755601e-05	1
19	rs3794974	58897652	0	-4.417964e-04	-5.062706e-05	1
19	rs3794975	58895950	0	-1.001297e-03	-1.455528e-04	1
19	rs3810125	59066730	0	-4.307634e-04	-5.832070e-05	1
19	rs3810126	58610254	0	-3.227321e-04	-3.487519e-05	1
19	rs3816328	59061357	0	7.353092e-04	1.081638e-04	1
19	rs3816329	59058693	0	7.026745e-04	8.718743e-05	1
19	rs3826677	58919002	0	1.154681e-03	1.547045e-04	1
19	rs3826678	58918917	0	1.154681e-03	1.547045e-04	1
19	rs3826679	58918817	0	1.154681e-03	1.547045e-04	1
19	rs3826680	58918800	0	1.154681e-03	1.547045e-04	1
19	rs3826681	58918764	0	3.541070e-04	4.221704e-05	1
19	rs3826682	58918748	0	3.541070e-04	4.221704e-05	1
19	rs3826683	58918733	0	3.541070e-04	4.221703e-05	1
19	rs3826684	58918705	0	3.541070e-04	4.221703e-05	1
19	rs384702	58552801	0	9.280546e-04	1.336082e-04	1
19	rs3848524	58816529	0	-1.306988e-03	-2.046393e-04	1
19	rs3875104	59102379	0	8.709070e-04	1.000373e-04	1
19	rs3892385	58602870	0	-6.303376e-04	-9.096197e-05	1
19	rs390667	58733011	0	-1.810285e-05	-2.336791e-06	1
19	rs392644	58780503	0	-9.049507e-07	-9.962839e-08	1
19	rs392687	58779566	0	3.468438e-04	3.741001e-05	1
19	rs3953740	58659362	0	8.035372e-04	9.672848e-05	1
19	rs3997357	59044566	0	3.639694e-04	4.061155e-05	1
19	rs400733	58797344	0	2.439331e-04	2.668744e-05	1
19	rs401706	58733555	0	1.585250e-04	2.052123e-05	1
19	rs403408	58684407	0	-8.847989e-04	-1.013148e-04	1
19	rs4084852	58835255	0	-3.156163e-04	-3.993107e-05	1
19	rs414948	58738375	0	8.415744e-05	1.060603e-05	1
19	rs424114	58733641	0	-1.810285e-05	-2.336794e-06	1
19	rs425516	58781229	0	-8.761628e-05	-9.244234e-06	1
19	rs425605	58786623	0	3.146929e-04	3.461299e-05	1
19	rs427988	58779785	0	-9.049507e-07	-9.963745e-08	1
19	rs429770	58787836	0	7.294444e-04	9.015198e-05	1
19	rs431093	58786084	0	-4.854124e-05	-5.215103e-06	1
19	rs432181	58799781	0	3.482219e-04	3.802902e-05	1
19	rs432426	58780131	0	-1.132796e-05	-1.194001e-06	1
19	rs435442	58807827	0	4.573461e-04	6.574214e-05	1
19	rs437183	58799635	0	3.482219e-04	3.802902e-05	1
19	rs437229	58790675	0	-7.589151e-05	-8.335500e-06	1
19	rs4372790	58953693	0	1.042465e-03	1.201262e-04	1
19	rs439333	58783027	0	-8.761628e-05	-9.244244e-06	1
19	rs4444432	58715538	0	-7.420480e-04	-8.982661e-05	1
19	rs446075	58766735	0	2.611274e-04	2.753020e-05	1
19	rs448147	58778070	0	4.313567e-04	4.652955e-05	1
19	rs448403	58786146	0	-4.174441e-04	-4.534053e-05	1
19	rs4496257	58669456	0	6.976949e-04	8.282785e-05	1
19	rs449697	58787977	0	7.115109e-04	8.703802e-05	1
19	rs4524039	58625270	0	2.630135e-04	3.237707e-05	1
19	rs453737	58800252	0	3.277713e-04	3.592045e-05	1
19	rs45454797	59066391	0	1.910896e-04	2.757547e-05	1
19	rs45475596	58881109	0	-6.736614e-04	-9.201271e-05	1
19	rs45535435	58846866	0	1.961211e-04	2.587988e-05	1
19	rs45571742	58552111	0	2.940738e-04	3.516073e-05	1
19	rs45589034	58640964	0	2.138683e-04	2.580851e-05	1
19	rs45598236	58521433	0	-3.476691e-05	-4.585143e-06	1
19	rs45601339	58718247	0	-3.480738e-04	-4.736258e-05	1
19	rs45617039	58951096	0	5.349673e-04	6.478842e-05	1
19	rs4584938	58899303	0	-7.573664e-04	-8.909082e-05	1
19	rs4599020	58691998	0	-7.278215e-04	-8.682294e-05	1
19	rs4603677	58950721	0	1.154681e-03	1.547044e-04	1
19	rs4608428	58618579	0	8.576930e-05	1.050892e-05	1
19	rs4756	59074653	0	1.138611e-03	1.426311e-04	1
19	rs4801246	58522534	0	1.181561e-04	1.329794e-05	1
19	rs4801247	58522561	0	-4.662139e-06	-5.107079e-07	1
19	rs4801250	58616674	0	7.273638e-04	9.024593e-05	1
19	rs4801251	58617042	0	7.617926e-04	9.688792e-05	1
19	rs4801252	58631676	0	-1.464267e-04	-1.827496e-05	1
19	rs4801262	58848116	0	-9.129118e-04	-1.349836e-04	1
19	rs4801267	58882384	0	-4.657893e-04	-6.450006e-05	1
19	rs4801269	58927916	0	1.154681e-03	1.547044e-04	1
19	rs4801270	58932762	0	1.546805e-03	1.999425e-04	1
19	rs4801271	58953449	0	8.391749e-04	1.047024e-04	1
19	rs4801272	58977463	0	5.602130e-04	6.224736e-05	1
19	rs4801273	59000273	0	6.037579e-04	6.604719e-05	1
19	rs4801274	59010593	0	-8.178839e-04	-1.165618e-04	1
19	rs4801275	59021049	0	-5.573125e-04	-7.719800e-05	1
19	rs4801541	58521224	0	6.988511e-04	7.641061e-05	1
19	rs4801542	58522974	0	-4.526607e-04	-5.374503e-05	1
19	rs4801543	58523804	0	-4.526607e-04	-5.374503e-05	1
19	rs4801544	58526202	0	-5.317436e-04	-6.725719e-05	1
19	rs4801546	58526387	0	-5.091347e-04	-6.033081e-05	1
19	rs4801547	58526742	0	-5.444029e-04	-6.875237e-05	1
19	rs4801548	58528978	0	-5.364389e-04	-6.708673e-05	1
19	rs4801555	58600977	0	3.036787e-04	3.629528e-05	1
19	rs4801559	58627808	0	2.318730e-04	2.829707e-05	1
19	rs4801562	58634756	0	3.530599e-04	4.225529e-05	1
19	rs4801564	58644826	0	9.680089e-04	1.133663e-04	1
19	rs4801565	58674249	0	-2.944288e-04	-3.579827e-05	1
19	rs4801566	58674788	0	-4.803407e-04	-5.883458e-05	1
19	rs4801567	58675005	0	-4.917503e-04	-5.988937e-05	1
19	rs4801572	58752932	0	4.189916e-04	5.826808e-05	1
19	rs4801573	58754058	0	4.189916e-04	5.826808e-05	1
19	rs4801574	58754102	0	4.189916e-04	5.826808e-05	1
19	rs4801576	58779342	0	-1.631493e-04	-2.270972e-05	1
19	rs4801577	58799044	0	-3.389506e-04	-4.740038e-05	1
19	rs4801578	58801599	0	-3.389506e-04	-4.740038e-05	1
19	rs4801579	58863449	0	-5.853532e-04	-7.719763e-05	1
19	rs4801581	58913312	0	1.491593e-03	1.938022e-04	1
19	rs4801583	58918405	0	1.546805e-03	1.999424e-04	1
19	rs4801584	58920702	0	1.011093e-03	1.307443e-04	1
19	rs4801585	58934305	0	1.624340e-03	2.164482e-04	1
19	rs4801586	58934528	0	1.546805e-03	1.999423e-04	1
19	rs4801587	58936679	0	1.546805e-03	1.999422e-04	1
19	rs4801588	58949046	0	1.154681e-03	1.547043e-04	1
19	rs4801589	58953398	0	1.253450e-03	1.502373e-04	1
19	rs4801590	58961813	0	1.253078e-03	1.510062e-04	1
19	rs4801591	58970099	0	7.498497e-04	9.290087e-05	1
19	rs4801593	58972252	0	8.433718e-04	1.059436e-04	1
19	rs4801595	58978517	0	4.012418e-04	4.409260e-05	1
19	rs4801599	58995728	0	4.982780e-04	5.474232e-05	1
19	rs4801602	59025685	0	-6.257922e-04	-8.871669e-05	1
19	rs4801605	59050873	7	7.986755e-04	9.339859e-05	1
19	rs4801610	59091928	0	-5.558486e-04	-7.770525e-05	1
19	rs4801611	59092122	0	8.709070e-04	1.000370e-04	1
19	rs4801613	59096403	0	5.665780e-06	7.808492e-07	1
19	rs4801614	59096950	0	8.709070e-04	1.000370e-04	1
19	rs4801615	59097229	0	7.314896e-04	8.249867e-05	1
19	rs495839	58545500	2	6.990859e-04	9.584895e-05	1
19	rs500286	58785900	0	-2.695439e-04	-2.911774e-05	1
19	rs523073	58647358	0	-3.872370e-04	-4.198188e-05	1
19	rs547045	58788236	0	2.758160e-05	3.076928e-06	1
19	rs548671	58801518	1	-3.486260e-04	-3.850508e-05	1
19	rs550471	58801687	0	9.308293e-04	1.150038e-04	1
19	rs551116	58684611	0	-8.847989e-04	-1.013147e-04	1
19	rs55633425	58948018	0	2.480987e-04	2.920641e-05	1
19	rs55633565	58530628	0	-3.877601e-04	-4.822706e-05	1
19	rs55652736	59007566	0	3.735145e-05	4.605291e-06	1
19	rs55691818	59033518	0	9.896992e-04	1.293334e-04	1
19	rs55697390	58674301	0	5.560610e-04	7.694993e-05	1
19	rs55716128	59048754	0	9.457070e-04	1.229680e-04	1
19	rs55734122	58733610	0	3.150158e-04	3.806411e-05	1
19	rs55800631	59085089	0	8.654929e-04	9.915186e-05	1
19	rs55827758	58842450	0	1.961211e-04	2.587987e-05	1
19	rs55833862	58637690	0	-2.088675e-04	-2.568596e-05	1
19	rs55857578	58914925	0	3.922867e-04	4.692683e-05	1
19	rs55875034	58983558	0	-2.570381e-04	-3.164423e-05	1
19	rs55928441	59009674	0	5.009019e-05	6.120818e-06	1
19	rs55945602	58632305	0	1.271570e-04	1.540796e-05	1
19	rs55959018	58935768	0	1.154681e-03	1.547042e-04	1
19	rs55987239	59085045	0	9.457070e-04	1.229680e-04	1
19	rs56026876	59006157	0	2.409433e-04	2.899908e-05	1
19	rs56065611	58520480	0	6.988511e-04	7.641068e-05	1
19	rs56066701	58841066	0	1.961211e-04	2.587987e-05	1
19	rs56121586	58585744	0	2.777044e-04	3.052491e-05	1
19	rs56161266	58816642	0	3.460861e-04	4.990326e-05	1
19	rs56225452	59024646	0	8.088463e-04	1.026163e-04	1
19	rs56236214	58817958	0	1.921861e-04	2.736245e-05	1
19	rs56243535	59006150	0	5.112809e-05	6.172556e-06	1
19	rs56268519	59045904	0	4.573761e-04	5.123929e-05	1
19	rs56273550	58611001	0	-6.241771e-05	-8.778111e-06	1
19	rs56290606	58919320	0	2.628688e-04	3.115263e-05	1
19	rs56292587	58919066	0	2.628688e-04	3.115263e-05	1
19	rs56332086	58917700	0	3.541070e-04	4.221682e-05	1
19	rs56390031	58998327	0	5.888649e-04	7.151810e-05	1
19	rs56394914	58882740	0	-6.330690e-04	-6.957978e-05	1
19	rs56395112	58577672	0	4.238081e-04	4.739182e-05	1
19	rs56654816	58845187	0	1.961211e-04	2.587987e-05	1
19	rs56688575	58851238	0	1.961211e-04	2.587987e-05	1
19	rs56725489	58830709	0	-1.773448e-04	-2.207534e-05	1
19	rs57140425	58709015	0	3.669826e-04	4.931367e-05	1
19	rs57201473	58851686	0	1.961211e-04	2.587987e-05	1
19	rs57656768	58648536	0	5.662994e-04	8.257893e-05	1
19	rs57760408	58821683	0	-6.764020e-05	-8.816461e-06	1
19	rs57785785	58815158	0	-7.484719e-04	-1.084441e-04	1
19	rs57797045	58534654	0	-3.415578e-04	-4.360337e-05	1
19	rs58071659	58784272	0	8.206439e-05	1.157211e-05	1
19	rs58231369	58754967	0	4.189916e-04	5.826806e-05	1
19	rs58371330	58823196	0	-1.407002e-04	-1.820954e-05	1
19	rs58412590	58887647	0	-7.554779e-04	-1.051150e-04	1
19	rs58509147	58840490	0	1.048829e-04	1.376803e-05	1
19	rs58576937	58577443	0	7.522729e-05	1.074858e-05	1
19	rs58617733	58842534	0	1.961211e-04	2.587987e-05	1
19	rs58899074	58611996	0	-3.227321e-04	-3.487505e-05	1
19	rs59054150	58850341	0	1.961211e-04	2.587987e-05	1
19	rs59114323	58649994	0	-1.561252e-04	-1.812792e-05	1
19	rs59238777	58625136	0	5.358861e-04	7.506532e-05	1
19	rs59401383	58882767	0	-5.824232e-04	-7.880892e-05	1
19	rs59460131	59101970	0	2.613840e-04	3.449768e-05	1
19	rs59678004	58813932	0	-7.901002e-04	-9.214484e-05	1
19	rs59874238	58841861	0	1.961211e-04	2.587987e-05	1
19	rs59894429	58577444	0	4.238081e-04	4.739182e-05	1
19	rs59908383	58828737	0	-2.850922e-04	-3.571749e-05	1
19	rs59925483	58672788	0	-1.859118e-04	-2.655925e-05	1
19	rs59967605	58835563	0	-3.156163e-04	-3.993111e-05	1
19	rs60075099	58831141	0	-2.868039e-04	-3.672697e-05	1
19	rs60245393	58842745	0	1.961211e-04	2.587986e-05	1
19	rs60296671	58843881	0	1.961211e-04	2.587986e-05	1
19	rs60329830	58755072	0	4.189916e-04	5.826806e-05	1
19	rs60348321	58841939	0	1.961211e-04	2.587986e-05	1
19	rs60404734	58812785	0	-5.004962e-04	-7.182445e-05	1
19	rs60818748	58842735	0	1.961211e-04	2.587986e-05	1
19	rs60973470	58779425	0	-4.862430e-05	-6.876175e-06	1
19	rs61012884	59085161	0	-2.399800e-04	-3.136230e-05	1
19	rs61022167	59071380	0	1.929043e-04	2.473112e-05	1
19	rs61096651	58845296	0	1.961211e-04	2.587986e-05	1
19	rs61219003	58842883	6	1.250808e-04	1.794857e-05	1
19	rs61301121	58745159	0	1.715740e-04	2.269408e-05	1
19	rs61460516	58851462	0	1.961211e-04	2.587986e-05	1
19	rs61468392	58823221	0	-6.764020e-05	-8.816473e-06	1
19	rs61514202	58844606	0	1.961211e-04	2.587986e-05	1
19	rs61521274	58830879	0	-2.850922e-04	-3.571750e-05	1
19	rs61566502	58581038	0	2.719321e-04	3.001212e-05	1
19	rs61635555	58834694	0	-3.173281e-04	-4.105007e-05	1
19	rs61745224	58723706	0	3.763703e-04	5.457191e-05	1
19	rs61746129	58879701	0	-6.736614e-04	-9.201263e-05	1
19	rs61746138	58879660	0	-6.736614e-04	-9.201263e-05	1
19	rs620297	58545433	0	6.419664e-04	7.303773e-05	1
19	rs62114175	58776480	0	8.739934e-04	9.918014e-05	1
19	rs62114176	58776483	0	7.872820e-04	8.795743e-05	1
19	rs62114178	58778451	0	8.760996e-04	1.025046e-04	1
19	rs62114179	58778512	0	4.541153e-04	4.939563e-05	1
19	rs62114183	58786176	0	4.960618e-04	5.981832e-05	1
19	rs62114208	58787115	0	6.482775e-04	7.950388e-05	1
19	rs62114212	58831966	0	1.375525e-04	1.657014e-05	1
19	rs62114660	59033674	0	-9.362063e-05	-1.225165e-05	1
19	rs62114663	59035557	0	-5.690349e-04	-7.905577e-05	1
19	rs62114668	59072371	0	-5.558486e-04	-7.770524e-05	1
19	rs62116004	58720201	0	-5.781034e-04	-6.815858e-05	1
19	rs62116017	58738767	0	-9.015040e-04	-1.129202e-04	1
19	rs62116373	58850206	0	-1.543051e-04	-2.223572e-05	1
19	rs62116378	58875268	0	-5.221946e-04	-7.034154e-05	1
19	rs62116379	58875335	0	-5.221946e-04	-7.034154e-05	1
19	rs62116380	58876618	0	-6.134328e-04	-8.331647e-05	1
19	rs62116381	58877385	0	-6.134328e-04	-8.331647e-05	1
19	rs62116383	58880761	0	-6.736614e-04	-9.201262e-05	1
19	rs62116384	58880884	0	-7.467214e-04	-1.028400e-04	1
19	rs62116388	58884162	0	-7.554779e-04	-1.051150e-04	1
19	rs62116389	58885267	0	-7.883112e-05	-1.068770e-05	1
19	rs62116432	58901227	0	-1.884413e-03	-2.856444e-04	1
19	rs62116437	58922551	0	1.154681e-03	1.547041e-04	1
19	rs62117593	58941915	0	1.058052e-03	1.380592e-04	1
19	rs62117594	58942709	0	1.058052e-03	1.380592e-04	1
19	rs62117596	58953099	0	8.391749e-04	1.047021e-04	1
19	rs62117599	58994650	0	-1.079148e-03	-1.286383e-04	1
19	rs62117658	59015297	0	-3.735994e-04	-5.145327e-05	1
19	rs62125248	58568181	0	-7.533862e-04	-8.139208e-05	1
19	rs62125894	58679627	0	-2.201907e-04	-2.680357e-05	1
19	rs62125914	58706186	0	-7.420480e-04	-8.982647e-05	1
19	rs62125917	58711509	0	-7.420480e-04	-8.982647e-05	1
19	rs62126787	58586371	0	4.238081e-04	4.739181e-05	1
19	rs62126791	58587777	0	2.777044e-04	3.052490e-05	1
19	rs62126796	58612051	1	5.068065e-04	6.241436e-05	1
19	rs63283	58740490	0	3.462075e-04	4.412885e-05	1
19	rs6510116	58604319	0	1.718046e-05	2.043108e-06	1
19	rs6510125	58637152	0	7.541406e-04	9.124231e-05	1
19	rs6510126	58675916	0	-4.917503e-04	-5.988941e-05	1
19	rs6510128	58761107	0	9.094029e-04	1.057464e-04	1
19	rs6510129	58761533	0	9.094029e-04	1.057464e-04	1
19	rs6510131	58776347	0	7.670531e-05	1.074897e-05	1
19	rs6510133	58801186	0	4.760582e-04	5.263146e-05	1
19	rs6510136	58824721	0	-1.167471e-05	-1.478584e-06	1
19	rs6510137	58864150	0	-2.934158e-04	-3.888502e-05	1
19	rs6510139	58885702	0	-2.584481e-04	-2.812384e-05	1
19	rs6510140	58885773	0	-1.019695e-04	-1.105263e-05	1
19	rs6510141	58885786	0	-1.013926e-03	-1.183141e-04	1
19	rs6510142	58885842	0	-7.554779e-04	-1.051150e-04	1
19	rs6510143	58885874	0	-3.790779e-04	-5.223322e-05	1
19	rs6510148	58924210	0	1.270233e-03	1.668929e-04	1
19	rs6510152	58953319	0	1.430078e-03	1.789850e-04	1
19	rs6510153	58975609	0	-1.158551e-03	-1.821748e-04	1
19	rs66616365	58667964	0	6.976949e-04	8.282783e-05	1
19	rs67047437	58676662	0	5.741342e-04	6.837572e-05	1
19	rs67781917	58524126	0	-4.526607e-04	-5.374509e-05	1
19	rs67825948	58525067	0	-4.526607e-04	-5.374509e-05	1
19	rs67978350	58894455	0	6.917901e-04	8.553891e-05	1
19	rs71333247	58559583	0	3.915880e-04	4.631617e-05	1
19	rs71333251	58738839	0	-6.805438e-04	-8.315761e-05	1
19	rs71333260	58922220	0	3.541070e-04	4.221677e-05	1
19	rs71354068	58531715	0	-7.089857e-04	-1.012907e-04	1
19	rs71355829	58551080	0	3.610369e-04	4.305374e-05	1
19	rs71355833	58657180	0	-1.381684e-04	-1.594071e-05	1
19	rs719009	58584722	0	2.777044e-04	3.052490e-05	1
19	rs719010	58584765	0	2.777044e-04	3.052490e-05	1
19	rs719011	58584841	0	1.548328e-04	1.691298e-05	1
19	rs723669	58563100	0	1.474453e-04	1.738865e-05	1
19	rs7245923	58874709	0	-5.221946e-04	-7.034150e-05	1
19	rs7246174	58765348	0	4.238903e-04	5.937739e-05	1
19	rs7246751	58804121	0	-1.405137e-04	-1.911900e-05	1
19	rs7248057	58774513	0	1.597841e-04	2.230382e-05	1
19	rs7248493	58711108	0	1.231635e-04	1.450331e-05	1
19	rs7248512	58716363	0	-6.986983e-04	-7.816018e-05	1
19	rs7248800	59079257	0	4.537504e-04	4.996513e-05	1
19	rs7249664	58586610	0	7.453965e-04	8.807643e-05	1
19	rs7249714	59058083	0	1.464549e-03	1.923742e-04	1
19	rs7249841	59058199	0	-3.484192e-04	-4.612741e-05	1
19	rs7250280	58713774	0	-7.016985e-04	-8.446155e-05	1
19	rs7250394	58930177	0	1.173604e-03	1.501726e-04	1
19	rs7250524	58611423	0	-3.227321e-04	-3.487501e-05	1
19	rs7250610	58611723	0	2.633202e-05	3.285151e-06	1
19	rs7250711	58611592	0	-3.227321e-04	-3.487500e-05	1
19	rs7250715	58611606	0	6.795337e-04	8.294518e-05	1
19	rs7250752	58893108	0	-1.001297e-03	-1.455526e-04	1
19	rs7250816	58581572	0	1.689630e-04	1.936086e-05	1
19	rs7250889	58900337	0	-1.365870e-03	-1.752551e-04	1
19	rs7251261	58629081	10	4.173536e-04	5.064962e-05	1
19	rs7251536	58620679	0	6.803438e-04	8.106302e-05	1
19	rs7251813	58893700	0	-1.237986e-03	-1.533315e-04	1
19	rs7252129	58657428	0	8.035372e-04	9.672842e-05	1
19	rs7252304	58629122	1	1.167019e-05	1.399941e-06	1
19	rs7252333	58900747	0	-1.365870e-03	-1.752551e-04	1
19	rs7253055	58793554	0	-5.884386e-05	-6.681760e-06	1
19	rs7253066	59080198	0	1.929043e-04	2.473109e-05	1
19	rs7253344	58779340	0	3.737660e-04	4.002850e-05	1
19	rs7253357	58779369	0	4.541153e-04	4.939565e-05	1
19	rs7253433	59041723	0	3.838619e-04	4.325984e-05	1
19	rs7254178	58979958	0	-1.158551e-03	-1.821748e-04	1
19	rs7254299	58884965	0	-6.852790e-04	-7.554480e-05	1
19	rs7254639	58876797	0	-6.134328e-04	-8.331641e-05	1
19	rs7255068	59052105	0	-2.536879e-05	-3.413536e-06	1
19	rs7255290	58583832	0	2.719321e-04	3.001211e-05	1
19	rs7255489	58879965	0	-3.093107e-04	-4.240751e-05	1
19	rs7255491	58901394	0	-1.365870e-03	-1.752550e-04	1
19	rs7255596	58879976	0	-3.093107e-04	-4.240751e-05	1
19	rs7255605	58584251	0	2.719321e-04	3.001211e-05	1
19	rs7255916	58880016	0	-6.801155e-04	-9.403351e-05	1
19	rs7256349	58718269	0	-6.184529e-04	-7.325972e-05	1
19	rs7256664	58600587	0	3.839185e-04	4.610947e-05	1
19	rs7256809	58880184	0	-6.736614e-04	-9.201254e-05	1
19	rs7256940	58880242	0	-6.736614e-04	-9.201254e-05	1
19	rs7256964	58882186	0	6.792801e-06	7.570379e-07	1
19	rs7257669	59064939	0	1.138611e-03	1.426307e-04	1
19	rs7257788	58788901	0	-3.389506e-04	-4.740041e-05	1
19	rs7257872	58928786	0	1.270233e-03	1.668927e-04	1
19	rs7257999	58964860	0	3.272350e-04	3.550511e-05	1
19	rs7258103	58627235	0	7.254522e-04	8.798301e-05	1
19	rs7258239	58734410	2	2.180677e-04	2.806437e-05	1
19	rs7259841	58951123	0	1.450176e-03	1.829222e-04	1
19	rs7260445	58571049	0	4.147976e-04	5.851741e-05	1
19	rs7260571	58925286	0	1.546805e-03	1.999413e-04	1
19	rs72629170	58876368	0	-5.509906e-04	-7.366564e-05	1
19	rs72629171	58880848	0	-7.467214e-04	-1.028399e-04	1
19	rs73056266	58702854	0	-2.580615e-05	-3.672549e-06	1
19	rs73056270	58709763	0	-2.580615e-05	-3.672549e-06	1
19	rs73056279	58726998	0	-3.116873e-04	-4.375227e-05	1
19	rs73056286	58750550	0	6.735083e-05	9.149212e-06	1
19	rs73056388	58584525	0	2.719321e-04	3.001211e-05	1
19	rs73058504	58589515	0	2.777044e-04	3.052489e-05	1
19	rs73060214	58846001	0	5.470080e-05	7.815867e-06	1
19	rs73060254	58899245	0	1.110801e-04	1.567224e-05	1
19	rs73060258	58902954	0	6.917901e-04	8.553882e-05	1
19	rs73060293	58923050	0	3.541070e-04	4.221669e-05	1
19	rs73062110	58936642	0	2.810546e-04	3.343511e-05	1
19	rs73064225	58974378	0	6.105194e-04	7.387508e-05	1
19	rs73064302	58994588	0	-2.636216e-04	-3.266021e-05	1
19	rs73066206	58995042	0	8.197150e-04	1.032392e-04	1
19	rs73066211	58997079	0	-2.098070e-04	-2.577827e-05	1
19	rs73066226	59008213	0	1.833871e-05	2.206567e-06	1
19	rs73066228	59013196	0	-2.452987e-06	-3.132785e-07	1
19	rs73066236	59027481	0	2.749249e-05	3.645104e-06	1
19	rs73066244	59033153	0	4.469990e-04	5.259983e-05	1
19	rs73066245	59038884	0	-5.804368e-04	-7.736607e-05	1
19	rs73066251	59050356	0	2.352888e-04	2.717618e-05	1
19	rs73068312	59054288	0	7.819168e-05	9.032212e-06	1
19	rs73068321	59072020	0	2.608461e-04	3.015219e-05	1
19	rs73068325	59079096	0	9.457070e-04	1.229678e-04	1
19	rs73068327	59079334	0	2.608461e-04	3.015219e-05	1
19	rs73068329	59080325	0	9.066928e-04	1.172195e-04	1
19	rs73068335	59089308	0	8.289441e-04	1.064880e-04	1
19	rs73068339	59090263	0	8.071494e-05	9.271829e-06	1
19	rs73068342	59091717	0	8.071494e-05	9.271824e-06	1
19	rs73071847	58548748	0	4.749341e-04	5.756186e-05	1
19	rs731259	58989424	0	-2.570381e-04	-3.164440e-05	1
19	rs731835	58898436	0	-5.494559e-04	-6.385779e-05	1
19	rs734379	58899182	0	-1.453443e-03	-1.906519e-04	1
19	rs734380	58898963	0	6.158815e-04	6.739079e-05	1
19	rs735278	59083594	0	1.138611e-03	1.426306e-04	1
19	rs735507	58720360	0	4.609432e-04	5.398726e-05	1
19	rs73562704	59073613	0	6.159799e-05	8.022170e-06	1
19	rs73566790	58743866	0	2.530187e-04	3.350143e-05	1
19	rs73570604	58810827	0	-1.672887e-04	-2.120848e-05	1
19	rs73570633	58828121	0	-3.173281e-04	-4.105009e-05	1
19	rs73570653	58832874	0	-3.156163e-04	-3.993115e-05	1
19	rs73570658	58834522	0	-3.173281e-04	-4.105009e-05	1
19	rs73570691	58841364	0	1.961211e-04	2.587984e-05	1
19	rs73570694	58841515	0	1.961211e-04	2.587984e-05	1
19	rs73572621	58845441	0	1.961211e-04	2.587984e-05	1
19	rs73572630	58847132	0	1.146764e-04	1.522825e-05	1
19	rs73572641	58852541	0	1.961211e-04	2.587984e-05	1
19	rs7359845	58831819	0	-2.850922e-04	-3.571754e-05	1
19	rs7359922	58830261	0	-2.850922e-04	-3.571754e-05	1
19	rs73939627	58848734	0	2.277042e-04	3.035952e-05	1
19	rs7408188	58939389	0	1.546805e-03	1.999412e-04	1
19	rs7409473	58939165	0	1.546805e-03	1.999411e-04	1
19	rs74357328	58550617	0	3.529262e-04	5.074980e-05	1
19	rs74414988	58524349	0	-3.476691e-05	-4.585088e-06	1
19	rs74496797	58749776	0	4.189916e-04	5.826805e-05	1
19	rs74625788	58757001	0	4.189916e-04	5.826805e-05	1
19	rs74733770	59027672	0	-3.456349e-04	-4.891406e-05	1
19	rs74815034	58658965	0	-3.209982e-04	-3.742212e-05	1
19	rs74831398	58919814	0	-3.175869e-04	-4.472513e-05	1
19	rs75072205	58755366	0	3.277534e-04	4.512845e-05	1
19	rs7507609	58611111	0	-1.002266e-03	-1.157755e-04	1
19	rs7508106	58876115	0	-3.373299e-04	-4.645992e-05	1
19	rs751745	58722129	0	3.261301e-04	4.665846e-05	1
19	rs75196460	58952297	0	9.341395e-05	1.303274e-05	1
19	rs75217180	59055112	0	-3.484192e-04	-4.612735e-05	1
19	rs753530	58632768	0	2.623972e-04	3.210302e-05	1
19	rs75597	58720236	0	4.853530e-04	6.542993e-05	1
19	rs75672965	59063157	0	6.776347e-04	9.912239e-05	1
19	rs75814085	58993994	0	-4.705656e-04	-6.536133e-05	1
19	rs75904835	58810044	0	-5.820129e-04	-8.405440e-05	1
19	rs75999937	58924419	0	8.009074e-05	1.144671e-05	1
19	rs76652149	58524660	0	-3.476691e-05	-4.585087e-06	1
19	rs76783065	59075668	0	1.794435e-04	2.521924e-05	1
19	rs76795181	58684319	0	-2.065853e-04	-2.983274e-05	1
19	rs76798942	58653114	0	-3.789646e-04	-4.669386e-05	1
19	rs76938992	58877357	0	-2.842859e-04	-4.055979e-05	1
19	rs76958646	58562357	0	-2.137982e-04	-2.982116e-05	1
19	rs76963345	58743142	0	3.249058e-04	4.587557e-05	1
19	rs77101457	59076912	0	1.300776e-04	1.742300e-05	1
19	rs77140992	58521189	0	-3.476691e-05	-4.585087e-06	1
19	rs77193614	58820450	0	-8.173986e-04	-1.138866e-04	1
19	rs77222313	58533610	0	-1.175513e-04	-1.549411e-05	1
19	rs77235242	58929230	0	-1.068760e-04	-1.528167e-05	1
19	rs77262558	58684431	0	4.049048e-05	5.627944e-06	1
19	rs77358356	59065154	0	1.794435e-04	2.521924e-05	1
19	rs77377117	58742665	0	-1.441668e-04	-2.007345e-05	1
19	rs77498029	58993254	0	-1.905692e-04	-2.345202e-05	1
19	rs77537775	59083268	0	2.879392e-04	4.121914e-05	1
19	rs77659740	59056991	0	5.870222e-04	8.483135e-05	1
19	rs77688534	59043748	0	5.003109e-04	7.179679e-05	1
19	rs77755501	58915005	0	-2.955574e-05	-3.998153e-06	1
19	rs77999299	59095570	0	5.003109e-04	7.179679e-05	1
19	rs78202231	58668413	0	3.099256e-05	4.345163e-06	1
19	rs78282402	59008259	0	-3.111892e-04	-4.448011e-05	1
19	rs78282479	58682941	0	5.476763e-04	7.610087e-05	1
19	rs78293168	58755872	0	4.189916e-04	5.826805e-05	1
19	rs78397785	59080070	0	5.003109e-04	7.179679e-05	1
19	rs78487872	58855393	0	-9.101398e-05	-1.304923e-05	1
19	rs78560062	58662212	0	2.756238e-05	3.343998e-06	1
19	rs78604285	58712758	0	8.168247e-05	1.137711e-05	1
19	rs78664025	58695007	0	-6.119353e-05	-8.528885e-06	1
19	rs78968038	58658294	0	8.035372e-04	9.672839e-05	1
19	rs7910	59093464	0	6.780027e-04	7.575793e-05	1
19	rs79132177	58701780	0	3.669826e-04	4.931368e-05	1
19	rs79135878	58642383	0	3.099256e-05	4.345162e-06	1
19	rs79192210	58561312	0	-3.904733e-04	-5.649873e-05	1
19	rs79208032	58556652	0	2.867784e-04	3.471545e-05	1
19	rs79222418	58664418	0	-6.763467e-04	-8.520530e-05	1
19	rs79259289	58752257	0	-2.827899e-04	-3.393736e-05	1
19	rs79282983	58898840	0	3.333856e-04	4.390217e-05	1
19	rs79287592	58789765	0	-5.155785e-04	-7.304551e-05	1
19	rs79463936	58755254	0	3.277534e-04	4.512845e-05	1
19	rs79481083	58820403	0	-8.347453e-04	-1.171315e-04	1
19	rs79562691	58745897	0	2.876412e-04	4.171785e-05	1
19	rs79639614	59070578	0	1.908820e-05	2.519911e-06	1
19	rs79894507	58699453	0	8.168247e-05	1.137710e-05	1
19	rs79955355	58665816	0	4.471589e-04	6.478736e-05	1
19	rs80090318	58702017	0	3.669826e-04	4.931368e-05	1
19	rs80153933	58526696	0	3.526821e-05	4.635632e-06	1
19	rs80298408	58807275	0	-5.844266e-04	-8.520973e-05	1
19	rs80320621	58816329	0	-1.306988e-03	-2.046392e-04	1
19	rs80330258	59010439	0	7.377400e-04	1.106116e-04	1
19	rs8099852	58895221	0	-1.439154e-03	-1.861413e-04	1
19	rs8100253	59087479	0	3.263856e-05	4.166631e-06	1
19	rs8100259	58932360	0	1.154681e-03	1.547037e-04	1
19	rs8100276	58534236	0	-3.415578e-04	-4.360345e-05	1
19	rs8100534	58534484	0	-3.415578e-04	-4.360345e-05	1
19	rs8100738	58581904	0	2.777044e-04	3.052489e-05	1
19	rs8100801	58892060	0	-1.001297e-03	-1.455525e-04	1
19	rs8101391	58892524	0	-4.521380e-04	-6.286198e-05	1
19	rs8102157	58589599	0	2.602012e-04	2.994250e-05	1
19	rs8102402	58892672	0	-4.521380e-04	-6.286198e-05	1
19	rs8102457	58926008	0	1.270233e-03	1.668925e-04	1
19	rs8102541	59091380	0	9.252155e-04	1.067525e-04	1
19	rs8103813	59072684	0	9.457070e-04	1.229677e-04	1
19	rs8103853	58577762	0	1.689630e-04	1.936085e-05	1
19	rs8104061	58795986	0	1.051669e-04	1.203554e-05	1
19	rs8104221	58905109	0	-8.224021e-04	-9.943850e-05	1
19	rs8104276	58603983	0	3.253337e-04	3.809621e-05	1
19	rs8105044	58796805	0	-1.132165e-04	-1.223926e-05	1
19	rs8105799	58761585	0	9.094029e-04	1.057464e-04	1
19	rs8105906	58791636	0	-3.389506e-04	-4.740042e-05	1
19	rs8105935	58821088	0	-8.173986e-04	-1.138866e-04	1
19	rs8106345	58888317	0	-9.408660e-04	-1.081167e-04	1
19	rs8106379	59094136	0	2.613840e-04	3.449763e-05	1
19	rs8106477	58888441	0	-2.156045e-04	-2.336943e-05	1
19	rs8107581	58809154	0	-5.976056e-04	-6.512849e-05	1
19	rs8107931	58636461	0	8.576930e-05	1.050899e-05	1
19	rs8108238	58757968	0	4.189916e-04	5.826804e-05	1
19	rs8108371	58730394	0	8.745988e-04	1.296411e-04	1
19	rs8108493	58730489	0	5.731233e-04	8.235389e-05	1
19	rs8109093	58833871	0	-3.156163e-04	-3.993118e-05	1
19	rs8109275	58629878	0	2.623972e-04	3.210303e-05	1
19	rs8109359	58629914	0	2.623972e-04	3.210303e-05	1
19	rs8109471	58621794	0	8.576930e-05	1.050899e-05	1
19	rs8109694	58621307	0	-2.278714e-04	-2.831116e-05	1
19	rs8109925	58623323	0	8.576930e-05	1.050899e-05	1
19	rs8109932	58903466	0	-1.365870e-03	-1.752546e-04	1
19	rs8109937	58584643	0	2.777044e-04	3.052489e-05	1
19	rs8110117	58600626	0	-3.120222e-04	-3.716007e-05	1
19	rs8110135	58998464	0	6.801113e-04	8.027145e-05	1
19	rs8110249	58824237	0	-8.198697e-05	-1.032929e-05	1
19	rs8110595	59095126	0	8.709070e-04	1.000364e-04	1
19	rs8110941	58824163	0	-1.612327e-04	-2.038263e-05	1
19	rs8111222	58750413	0	8.226916e-04	9.484905e-05	1
19	rs8111238	58667076	0	7.108903e-04	8.452144e-05	1
19	rs8111301	58750326	0	4.189916e-04	5.826804e-05	1
19	rs8111498	58749994	0	2.423637e-04	3.320213e-05	1
19	rs8112286	58752391	0	3.053297e-04	4.169846e-05	1
19	rs8112340	58759679	0	5.004363e-04	6.946305e-05	1
19	rs8112556	58886459	0	-3.790779e-04	-5.223318e-05	1
19	rs8113810	58932106	0	1.546805e-03	1.999409e-04	1
19	rs873104	59065952	0	8.071494e-05	9.271743e-06	1
19	rs877796	58753615	0	4.539953e-04	6.180441e-05	1
19	rs877797	58753649	0	4.189916e-04	5.826804e-05	1
19	rs880162	59013134	0	-1.136627e-03	-1.450926e-04	1
19	rs882609	58991479	0	3.801409e-04	4.161468e-05	1
19	rs882610	58991900	0	6.304318e-04	7.485762e-05	1
19	rs889158	58601981	0	1.205731e-03	1.485730e-04	1
19	rs889159	58584522	0	3.488387e-04	3.833876e-05	1
19	rs889160	58584434	0	2.716108e-04	3.111156e-05	1
19	rs889161	58584324	0	2.777044e-04	3.052488e-05	1
19	rs893179	58899056	0	-1.189128e-03	-1.463324e-04	1
19	rs893180	58865091	0	-2.628917e-04	-3.486104e-05	1
19	rs893181	58865082	0	-2.628917e-04	-3.486104e-05	1
19	rs893182	58865068	0	-2.628917e-04	-3.486104e-05	1
19	rs893183	58865054	0	-2.934158e-04	-3.888499e-05	1
19	rs893184	58864479	0	-2.934158e-04	-3.888499e-05	1
19	rs893185	58989495	0	4.354560e-04	4.801989e-05	1
19	rs893186	58969179	0	7.827582e-04	8.715622e-05	1
19	rs893187	58963018	0	9.751644e-04	1.244791e-04	1
19	rs893188	58962958	0	8.259794e-04	1.022203e-04	1
19	rs895374	59066918	0	1.051038e-03	1.246412e-04	1
19	rs918544	58620103	0	8.576930e-05	1.050901e-05	1
19	rs918545	58620068	0	8.576930e-05	1.050901e-05	1
19	rs922929	58734596	0	1.585250e-04	2.052121e-05	1
19	rs922931	58734749	0	-1.810285e-05	-2.336825e-06	1
19	rs9304813	58931557	0	1.624340e-03	2.164464e-04	1
19	rs9304814	58951811	0	1.296964e-03	1.591538e-04	1
19	rs933670	58619847	0	-1.221444e-04	-1.584613e-05	1
19	rs9636162	59019452	0	-5.675459e-04	-8.134152e-05	1
19	rs9676281	58756728	0	3.322803e-04	4.634379e-05	1
19	rs9676287	58756655	0	4.189916e-04	5.826803e-05	1
19	rs9676487	58756869	0	3.322803e-04	4.634379e-05	1
19	rs971711	58632872	0	-2.278714e-04	-2.831114e-05	1
19	rs9749456	58882192	0	-4.616724e-04	-4.985369e-05	1
19	rs975947	58898193	0	6.587251e-04	7.265129e-05	1
19	rs9797792	59019531	0	5.040696e-04	6.093504e-05	1
19	rs9941466	58945962	0	-7.166076e-04	-1.044933e-04	1
