chr	rs	ps	n_miss	b	beta	gamma
2	rs1011040	97212755	0	-6.138171e-05	-2.902509e-06	1
2	rs10168251	96348510	0	-2.621768e-04	-1.389468e-05	1
2	rs10169387	97555804	0	5.614055e-04	2.775210e-05	1
2	rs10170018	97101893	0	-2.587738e-04	-1.213891e-05	1
2	rs10171441	97877292	1	3.727680e-04	1.937051e-05	1
2	rs10171471	96847036	0	-6.506277e-04	-3.235150e-05	1
2	rs10171740	97877591	0	5.583235e-04	3.138523e-05	1
2	rs10175319	97660528	0	-2.177173e-04	-1.110355e-05	1
2	rs10175415	97188552	0	-8.075661e-04	-4.553533e-05	1
2	rs10177168	97280240	0	-1.841805e-03	-1.007722e-04	1
2	rs10177295	97761259	0	1.530160e-04	7.862960e-06	1
2	rs10177368	97761286	0	1.530160e-04	7.862959e-06	1
2	rs10178701	97644015	0	5.558217e-04	3.094421e-05	1
2	rs10179546	97573950	0	3.744035e-06	2.027366e-07	1
2	rs10179966	97845100	0	1.530160e-04	7.862959e-06	1
2	rs10181138	97115019	0	-9.522141e-04	-5.373605e-05	1
2	rs10182668	97562258	0	8.576351e-05	4.201423e-06	1
2	rs10182965	97562551	0	2.102777e-04	1.035144e-05	1
2	rs10183151	96774786	0	-1.016112e-04	-4.831097e-06	1
2	rs10183164	97257528	0	-9.605030e-04	-5.395224e-05	1
2	rs10183454	96164681	0	-6.508588e-04	-3.554971e-05	1
2	rs10183746	97877528	0	6.068810e-04	3.415162e-05	1
2	rs10184209	97337491	0	1.000585e-04	4.740493e-06	1
2	rs10185002	97249593	0	-9.605030e-04	-5.395224e-05	1
2	rs10186233	97877399	1	1.978583e-04	1.023796e-05	1
2	rs10189727	97386826	0	-3.030131e-04	-1.480172e-05	1
2	rs10191663	97573844	0	2.972628e-04	1.497511e-05	1
2	rs10191828	97126511	0	-9.522141e-04	-5.373604e-05	1
2	rs10194468	97340763	0	1.000585e-04	4.740490e-06	1
2	rs10196554	97346403	0	2.561292e-04	1.398525e-05	1
2	rs10199227	97237714	0	-5.290990e-04	-2.933730e-05	1
2	rs10201845	96150959	0	-3.814485e-04	-2.023526e-05	1
2	rs10202644	97611396	0	4.392808e-04	2.181237e-05	1
2	rs10203024	97119982	0	-8.145589e-04	-4.556347e-05	1
2	rs10203346	97517237	0	-4.757757e-04	-2.512646e-05	1
2	rs10203766	97230259	0	-7.641376e-04	-4.257518e-05	1
2	rs10206773	97890168	0	-2.206087e-04	-1.148951e-05	1
2	rs10207513	97134360	0	-9.522141e-04	-5.373604e-05	1
2	rs10208126	97786676	0	1.017651e-04	5.218026e-06	1
2	rs10209315	97325027	1	-2.921544e-04	-1.628786e-05	1
2	rs10209780	97140142	0	-2.284120e-04	-1.070843e-05	1
2	rs1030864	96822373	0	2.056067e-04	9.758964e-06	1
2	rs10427212	97338126	0	4.653151e-04	2.565640e-05	1
2	rs1043092	96480181	0	1.113892e-03	5.680057e-05	1
2	rs10439526	97502088	0	-5.691310e-04	-2.962837e-05	1
2	rs1044594	96937296	0	-6.166444e-04	-2.995217e-05	1
2	rs10445975	96890745	0	-4.262166e-04	-2.214524e-05	1
2	rs10460601	97252444	0	-1.381717e-03	-7.340144e-05	1
2	rs1048675	96993884	0	-5.673413e-04	-2.781905e-05	1
2	rs10496325	97683329	0	3.549016e-04	1.815884e-05	1
2	rs1066090	97045813	0	-6.576835e-04	-3.227837e-05	1
2	rs1081711	97085961	0	-5.912058e-05	-2.775361e-06	1
2	rs1081713	97091840	0	-2.919548e-04	-1.374131e-05	1
2	rs1081717	96978317	0	-8.134037e-04	-4.036990e-05	1
2	rs10874458	96637870	0	6.221181e-04	3.474374e-05	1
2	rs10874471	96038093	0	-7.305344e-04	-3.766574e-05	1
2	rs111237064	97456578	0	-4.495307e-04	-2.402390e-05	1
2	rs111303715	97401674	0	-2.196596e-04	-1.179340e-05	1
2	rs111315064	97501352	0	-5.336196e-04	-2.846237e-05	1
2	rs111328597	97206473	0	1.984502e-04	1.080961e-05	1
2	rs111368952	97464277	0	-1.389797e-04	-7.717991e-06	1
2	rs111376985	95973657	0	-3.138250e-04	-1.745877e-05	1
2	rs111397326	96374796	0	5.673301e-04	2.931476e-05	1
2	rs111495538	97503747	0	2.665564e-04	1.482391e-05	1
2	rs111507197	96407476	0	3.230893e-04	1.788705e-05	1
2	rs111532237	96974302	0	-4.455120e-05	-2.490788e-06	1
2	rs111559998	96663537	0	5.855568e-04	3.273682e-05	1
2	rs111589950	97602756	0	-4.466378e-04	-2.313621e-05	1
2	rs11164049	96345518	0	-3.178628e-05	-1.519554e-06	1
2	rs11164050	96352451	0	-1.859855e-04	-8.818053e-06	1
2	rs11164053	96556598	0	4.917740e-04	2.394881e-05	1
2	rs11164095	97155208	0	-1.275238e-03	-6.649918e-05	1
2	rs11164109	97300833	0	-1.381717e-03	-7.340139e-05	1
2	rs11164114	97846850	1	2.016216e-04	1.051856e-05	1
2	rs11164122	95976912	0	4.819896e-04	2.352934e-05	1
2	rs11164123	96018056	0	-2.271348e-04	-1.271582e-05	1
2	rs11164125	96057129	0	-2.583360e-04	-1.228282e-05	1
2	rs11164126	96159722	0	-2.808256e-04	-1.502786e-05	1
2	rs111692316	96890138	0	-8.383190e-05	-4.629491e-06	1
2	rs111722521	97555321	0	5.614055e-04	2.775214e-05	1
2	rs111796043	97374813	0	-1.255598e-05	-6.631204e-07	1
2	rs111809589	96582191	1	-9.352454e-05	-5.131830e-06	1
2	rs111814169	97132933	0	-7.340570e-05	-4.084705e-06	1
2	rs112032102	97342607	0	3.687925e-04	2.031865e-05	1
2	rs112032343	96044014	0	-1.883915e-05	-1.029465e-06	1
2	rs112036964	97311394	0	3.425640e-04	1.882741e-05	1
2	rs112062547	96879281	0	-4.455120e-05	-2.490786e-06	1
2	rs112072122	97034263	0	2.410507e-05	1.335705e-06	1
2	rs112080055	97670132	0	7.438325e-04	4.054643e-05	1
2	rs1122238	97186917	0	-1.583692e-03	-8.604798e-05	1
2	rs112354135	97213643	0	-1.602147e-04	-8.932218e-06	1
2	rs112414504	96545393	0	-9.007192e-04	-5.029249e-05	1
2	rs112456888	96842893	0	-5.128602e-04	-2.851632e-05	1
2	rs112566500	97024399	0	-4.081334e-04	-2.147817e-05	1
2	rs112635660	96242676	0	-6.345366e-04	-3.529383e-05	1
2	rs112704122	96546462	0	1.873425e-05	1.039250e-06	1
2	rs112729952	97555371	0	5.603465e-04	2.770624e-05	1
2	rs112762625	97447303	0	5.329122e-04	2.991566e-05	1
2	rs112826173	97489654	0	2.665564e-04	1.482391e-05	1
2	rs112847284	97104962	0	-4.458188e-04	-2.474187e-05	1
2	rs112904912	97646772	0	7.438325e-04	4.054643e-05	1
2	rs112935613	96612118	0	-1.363169e-04	-6.752342e-06	1
2	rs112999549	96390576	0	-9.874998e-04	-5.649256e-05	1
2	rs113045278	97213289	0	1.984502e-04	1.080962e-05	1
2	rs113060722	97619542	0	4.511870e-04	2.505493e-05	1
2	rs113083565	97418686	0	-1.760778e-04	-9.100898e-06	1
2	rs113107817	96972104	0	-1.986705e-05	-1.112363e-06	1
2	rs113142306	97587959	0	4.757424e-04	2.640584e-05	1
2	rs113190483	96328039	0	-1.990991e-04	-9.460559e-06	1
2	rs113222096	97749730	0	2.373016e-04	1.326383e-05	1
2	rs113304159	97333316	0	2.012916e-04	1.103966e-05	1
2	rs113319086	97633267	0	7.438325e-04	4.054643e-05	1
2	rs113369057	97665533	0	1.222389e-03	6.800102e-05	1
2	rs113370809	97313241	0	-1.289863e-04	-7.165258e-06	1
2	rs113397604	97862928	0	1.581449e-04	8.201964e-06	1
2	rs113451578	97289422	0	1.361554e-03	7.832771e-05	1
2	rs113485946	97866442	0	6.341249e-04	3.440278e-05	1
2	rs113558205	97452244	0	-2.931308e-05	-1.616117e-06	1
2	rs113646501	97330432	0	-2.071619e-04	-1.161287e-05	1
2	rs113670563	96181714	0	-2.824382e-04	-1.341270e-05	1
2	rs113717668	97150288	0	-3.533840e-04	-1.953056e-05	1
2	rs113733089	96016402	0	-1.030821e-03	-5.871857e-05	1
2	rs113790011	96582824	0	1.820687e-04	9.268045e-06	1
2	rs113804169	96877001	0	-4.455120e-05	-2.490785e-06	1
2	rs113858701	97557873	0	2.389573e-04	1.338190e-05	1
2	rs113863815	97657813	0	7.438325e-04	4.054643e-05	1
2	rs113897931	96328043	0	-1.990991e-04	-9.460574e-06	1
2	rs113899902	97207887	0	-1.209449e-04	-6.757144e-06	1
2	rs113914866	97325466	0	2.012916e-04	1.103967e-05	1
2	rs113974174	96056769	0	-6.345366e-04	-3.529382e-05	1
2	rs113994558	96026199	0	-2.337867e-04	-1.279052e-05	1
2	rs114089901	97528099	0	-7.583271e-06	-4.214978e-07	1
2	rs114176507	96383508	0	-1.417490e-06	-8.393706e-08	1
2	rs114192053	97871906	0	6.341249e-04	3.440277e-05	1
2	rs114200183	97350229	0	1.193895e-04	6.551761e-06	1
2	rs114201541	95988386	0	-1.883915e-05	-1.029469e-06	1
2	rs114226629	96914252	0	5.589933e-05	3.093685e-06	1
2	rs114236840	97587503	0	-3.710372e-04	-2.071975e-05	1
2	rs114254570	96170622	0	-8.305775e-04	-4.708178e-05	1
2	rs114267084	97214861	0	2.160715e-04	1.192930e-05	1
2	rs114329473	96401427	0	-2.524360e-04	-1.403886e-05	1
2	rs114404415	97655457	0	-9.479868e-05	-5.213892e-06	1
2	rs114487683	96896290	0	2.558921e-04	1.421400e-05	1
2	rs114564306	97584530	0	2.389573e-04	1.338190e-05	1
2	rs114615899	96467253	0	-3.630112e-05	-1.920569e-06	1
2	rs114680975	97060284	0	3.956412e-05	2.181958e-06	1
2	rs114686952	96437015	0	1.136537e-04	6.297378e-06	1
2	rs114702568	97495705	0	7.385941e-04	4.054459e-05	1
2	rs114707893	97566051	0	-7.583271e-06	-4.214977e-07	1
2	rs114737753	97566563	0	-3.296841e-04	-1.818212e-05	1
2	rs114738552	97374019	0	3.555466e-04	1.980515e-05	1
2	rs114810987	97547869	0	6.106624e-04	3.449281e-05	1
2	rs114835094	96909049	0	5.589933e-05	3.093685e-06	1
2	rs1148577	97736260	0	-4.661912e-05	-2.192974e-06	1
2	rs1148579	97735029	1	-2.748975e-04	-1.293708e-05	1
2	rs1148582	97731306	0	2.202995e-04	1.231026e-05	1
2	rs1148587	97716214	0	-4.705615e-04	-2.255840e-05	1
2	rs1148588	97716168	0	-4.705615e-04	-2.255840e-05	1
2	rs1148590	97714431	0	-4.705615e-04	-2.255841e-05	1
2	rs1148591	97714323	0	-4.705615e-04	-2.255841e-05	1
2	rs1148592	97714031	0	-4.705615e-04	-2.255841e-05	1
2	rs1148593	97711764	0	-4.705615e-04	-2.255841e-05	1
2	rs1148594	97710803	0	-4.831410e-04	-2.309444e-05	1
2	rs1148595	97710299	0	-4.705615e-04	-2.255841e-05	1
2	rs1148597	97708011	0	-3.932960e-04	-1.879826e-05	1
2	rs1148598	97707562	0	-4.705615e-04	-2.255841e-05	1
2	rs1148599	97705554	0	-6.736280e-05	-3.520812e-06	1
2	rs114862860	97129788	0	3.956412e-05	2.181957e-06	1
2	rs114887607	96066706	0	4.536599e-04	2.536130e-05	1
2	rs114891533	97346019	0	-2.884149e-05	-1.574940e-06	1
2	rs115058895	96227253	0	-1.961621e-04	-1.091560e-05	1
2	rs115086514	97808825	0	-2.501634e-04	-1.373805e-05	1
2	rs115231541	97655079	0	-3.839176e-04	-2.144685e-05	1
2	rs11526124	96669134	0	5.855568e-04	3.273682e-05	1
2	rs115337286	97707657	0	-1.841012e-04	-1.009789e-05	1
2	rs115348870	97285604	0	-5.620997e-04	-3.040290e-05	1
2	rs11539221	96874415	0	2.478232e-04	1.387962e-05	1
2	rs11539223	96851617	0	2.274728e-04	1.264114e-05	1
2	rs115399453	97139959	0	-1.235898e-04	-6.755974e-06	1
2	rs115422148	97626485	0	-2.501634e-04	-1.373805e-05	1
2	rs115504929	96802475	0	5.547355e-05	3.068876e-06	1
2	rs115507803	97752054	0	6.341249e-04	3.440277e-05	1
2	rs11551400	96914636	0	-1.114243e-04	-5.524356e-06	1
2	rs115549761	97100249	0	-8.795844e-05	-4.834835e-06	1
2	rs115568896	97265351	0	-4.807199e-04	-2.673526e-05	1
2	rs115570616	96979927	0	-2.714287e-04	-1.507119e-05	1
2	rs115573143	97192003	0	-5.620997e-04	-3.040290e-05	1
2	rs115576680	97328890	0	-4.807199e-04	-2.673526e-05	1
2	rs115597125	97578393	0	1.633720e-04	8.951705e-06	1
2	rs115601522	96821296	0	5.589933e-05	3.093685e-06	1
2	rs115616831	96077519	0	-1.961621e-04	-1.091560e-05	1
2	rs115622355	97225280	0	5.548958e-05	3.100533e-06	1
2	rs115641503	96407567	0	-7.966246e-04	-4.467875e-05	1
2	rs115656191	96386722	0	3.836886e-05	2.140992e-06	1
2	rs115661023	97865044	0	2.517725e-04	1.400364e-05	1
2	rs115695144	96425841	0	-6.931515e-04	-3.876171e-05	1
2	rs115700567	96240419	0	-1.961621e-04	-1.091560e-05	1
2	rs115706318	97143761	0	1.321480e-04	7.319741e-06	1
2	rs115786506	96809015	0	8.487890e-05	4.720050e-06	1
2	rs115793054	97197995	0	2.696341e-04	1.498215e-05	1
2	rs115838944	97258178	0	-3.090125e-04	-1.715177e-05	1
2	rs115880417	95983210	0	1.951066e-03	1.247829e-04	1
2	rs115893811	97580765	0	1.743126e-05	9.497469e-07	1
2	rs115940547	96207739	0	3.838845e-04	2.125422e-05	1
2	rs115967585	96837527	0	2.693012e-06	1.477462e-07	1
2	rs116013309	96071285	0	-2.354178e-04	-1.304189e-05	1
2	rs116013757	96474721	0	-7.966246e-04	-4.467875e-05	1
2	rs116069341	97711739	0	-1.841012e-04	-1.009789e-05	1
2	rs116085569	96912401	0	8.168371e-04	4.624773e-05	1
2	rs116097873	97167343	0	1.763734e-05	9.846166e-07	1
2	rs116098247	97288512	0	2.696341e-04	1.498215e-05	1
2	rs116118641	96358603	0	-7.260499e-04	-4.063047e-05	1
2	rs116121826	97441914	0	-3.797595e-04	-2.021341e-05	1
2	rs116135059	96409566	0	7.091217e-05	3.911239e-06	1
2	rs116166651	96915586	0	-2.538172e-04	-1.419754e-05	1
2	rs116168553	97063870	0	2.693012e-06	1.477460e-07	1
2	rs116171118	97695036	0	6.341249e-04	3.440277e-05	1
2	rs116177021	97245736	0	2.160715e-04	1.192930e-05	1
2	rs116221421	97367352	0	-4.713995e-04	-2.628881e-05	1
2	rs116241992	97339553	0	-4.807199e-04	-2.673526e-05	1
2	rs116276763	96344462	0	-1.751210e-04	-9.758167e-06	1
2	rs116287759	96473318	0	9.898975e-04	5.479774e-05	1
2	rs116333847	97205403	0	2.696341e-04	1.498215e-05	1
2	rs116347249	97551672	0	7.229776e-05	3.947763e-06	1
2	rs116376867	97549729	0	-4.041579e-04	-2.234855e-05	1
2	rs116441543	97729483	0	1.652249e-04	8.527232e-06	1
2	rs116472230	96248976	0	1.268164e-04	6.944891e-06	1
2	rs116516854	97229995	0	2.160715e-04	1.192930e-05	1
2	rs116581863	97154141	0	3.956412e-05	2.181958e-06	1
2	rs116595726	96604177	0	-2.524360e-04	-1.403886e-05	1
2	rs116633060	97236439	0	-4.105136e-04	-2.243487e-05	1
2	rs116656846	97455276	0	3.555466e-04	1.980515e-05	1
2	rs116661617	97204048	0	6.304250e-05	3.470904e-06	1
2	rs11674404	96608533	0	6.476975e-05	3.307623e-06	1
2	rs11675608	97813769	0	1.941752e-04	9.197260e-06	1
2	rs116761824	96787827	0	2.558921e-04	1.421400e-05	1
2	rs11676886	97249011	0	-2.032010e-03	-1.148336e-04	1
2	rs11676901	96370571	0	1.564076e-04	7.379628e-06	1
2	rs11676926	96504594	0	1.042523e-03	5.339101e-05	1
2	rs11677429	96193061	0	-2.824382e-04	-1.341275e-05	1
2	rs11677797	97559759	0	4.073663e-04	2.001086e-05	1
2	rs11678174	97249103	0	-1.317558e-03	-6.945131e-05	1
2	rs11679899	96378162	0	-1.090528e-05	-5.363444e-07	1
2	rs11681534	97394755	0	1.807287e-04	9.925351e-06	1
2	rs11681875	97850677	1	2.577192e-05	1.208927e-06	1
2	rs11682182	96378210	0	-1.090528e-05	-5.363501e-07	1
2	rs11682671	97349315	0	1.006802e-03	5.327090e-05	1
2	rs11682934	97237153	0	-1.381717e-03	-7.340130e-05	1
2	rs11682994	97425561	0	6.662069e-05	3.250711e-06	1
2	rs11683523	96544855	0	4.917740e-04	2.394870e-05	1
2	rs11683767	96170855	0	-2.824382e-04	-1.341278e-05	1
2	rs11684258	96603068	0	2.097348e-04	1.075109e-05	1
2	rs11685849	96243804	0	3.031433e-04	1.439424e-05	1
2	rs11687113	96658588	0	-5.369174e-04	-2.582237e-05	1
2	rs11687211	97111246	0	1.462178e-03	7.759107e-05	1
2	rs11687923	96838865	0	-2.193124e-04	-1.208010e-05	1
2	rs11688045	96243805	0	3.031433e-04	1.439421e-05	1
2	rs11688555	96397341	0	5.238312e-04	2.565865e-05	1
2	rs11688674	97237093	0	-5.440523e-04	-2.989020e-05	1
2	rs11688742	96367616	0	4.894992e-04	2.507322e-05	1
2	rs11688743	96328756	0	-3.178628e-05	-1.519724e-06	1
2	rs1168965	96787899	0	2.218173e-04	1.056723e-05	1
2	rs1168966	96798510	0	6.032668e-04	2.914574e-05	1
2	rs1168967	96826016	0	8.151049e-04	3.986563e-05	1
2	rs1168968	96825363	0	2.056067e-04	9.758711e-06	1
2	rs1168969	96822981	0	-6.382246e-04	-3.171086e-05	1
2	rs1168970	96816606	0	2.056067e-04	9.758700e-06	1
2	rs1168972	96815492	0	2.056067e-04	9.758689e-06	1
2	rs1168974	96814928	0	4.974882e-04	2.394570e-05	1
2	rs1168975	96814075	0	4.974882e-04	2.394568e-05	1
2	rs1168976	96813480	0	4.974882e-04	2.394567e-05	1
2	rs11689832	96554851	1	6.391840e-04	3.148106e-05	1
2	rs11690061	96514476	0	3.311058e-04	1.596667e-05	1
2	rs11691090	96514212	0	4.917740e-04	2.394852e-05	1
2	rs11691245	96615769	0	2.070184e-04	1.062292e-05	1
2	rs11691471	97827469	0	3.246925e-04	1.529016e-05	1
2	rs11691670	97238770	0	-1.381717e-03	-7.340121e-05	1
2	rs11693625	97193347	0	1.342093e-03	7.217125e-05	1
2	rs11693818	97789020	0	9.139299e-05	4.278393e-06	1
2	rs11694151	96353286	0	-1.023428e-04	-4.858438e-06	1
2	rs11694296	97563128	0	3.562185e-04	1.760559e-05	1
2	rs11694498	97352409	0	-5.186599e-04	-2.418019e-05	1
2	rs11695705	97135162	0	1.291351e-03	6.685205e-05	1
2	rs11885652	97540580	0	2.491481e-04	1.181547e-05	1
2	rs11885811	97601119	0	-1.280221e-04	-6.863808e-06	1
2	rs11886450	97051699	0	-2.055032e-04	-1.146004e-05	1
2	rs11886999	96841793	0	-4.873501e-06	-2.239168e-07	1
2	rs11888101	97568453	0	-3.551324e-04	-1.735085e-05	1
2	rs11889085	97448127	0	-1.594709e-04	-8.301500e-06	1
2	rs11889101	97590888	0	-5.513599e-04	-3.042006e-05	1
2	rs11890407	97621647	0	-4.518769e-04	-2.374890e-05	1
2	rs11891457	97632449	0	2.905143e-04	1.485939e-05	1
2	rs11891926	97339781	0	-2.032010e-03	-1.148332e-04	1
2	rs11894782	97870961	0	1.220414e-05	6.242267e-07	1
2	rs11897786	97506872	0	-7.390172e-04	-3.780784e-05	1
2	rs11897976	96007303	0	-5.494685e-05	-2.656865e-06	1
2	rs11900310	97141830	0	-1.428586e-03	-7.562016e-05	1
2	rs11900461	97615993	0	-6.118554e-05	-3.219020e-06	1
2	rs11900466	97585936	0	-6.973006e-04	-3.875973e-05	1
2	rs11900808	97007007	0	1.060857e-04	5.925476e-06	1
2	rs11903257	96998906	0	1.060857e-04	5.925476e-06	1
2	rs11903461	96999580	0	-4.757796e-04	-2.323541e-05	1
2	rs12052336	97106451	0	-9.522141e-04	-5.373599e-05	1
2	rs12105727	97797225	0	1.530160e-04	7.863011e-06	1
2	rs12105775	97130761	0	1.600609e-03	8.623997e-05	1
2	rs12172	97500852	0	1.978585e-05	1.069665e-06	1
2	rs12329128	97284917	0	3.495354e-04	1.672426e-05	1
2	rs12373651	96072408	0	1.043903e-04	4.983843e-06	1
2	rs12464148	96596710	0	1.927533e-04	9.107444e-06	1
2	rs12464868	97561440	0	3.133299e-04	1.454307e-05	1
2	rs12465634	96600265	0	-3.598019e-04	-1.726174e-05	1
2	rs12466906	97359442	0	1.032634e-04	5.639497e-06	1
2	rs12468117	96194583	0	-1.364975e-04	-6.471670e-06	1
2	rs12468777	96038810	0	-7.255735e-04	-3.738000e-05	1
2	rs12469420	97243305	0	-1.381717e-03	-7.340113e-05	1
2	rs12471390	97322958	0	-1.451488e-03	-7.779552e-05	1
2	rs12471472	96205455	0	-2.824382e-04	-1.341302e-05	1
2	rs12471925	96555522	0	4.917740e-04	2.394841e-05	1
2	rs12471991	96430547	0	1.022330e-03	5.164418e-05	1
2	rs12473378	97257546	0	1.296895e-04	7.245804e-06	1
2	rs12473765	96387339	0	8.103676e-04	4.002527e-05	1
2	rs12476564	97867488	0	-8.417547e-05	-4.616786e-06	1
2	rs12476591	96387311	0	-3.741329e-04	-2.074246e-05	1
2	rs12477206	96535332	0	6.446539e-04	3.154683e-05	1
2	rs12477963	97261593	0	2.236150e-04	1.082759e-05	1
2	rs12478605	96377078	0	-1.023428e-04	-4.858550e-06	1
2	rs12479095	97689382	0	-2.513428e-04	-1.388328e-05	1
2	rs1256985	97690443	0	-4.705615e-04	-2.255855e-05	1
2	rs1256986	97690757	0	-6.736280e-05	-3.520885e-06	1
2	rs1256987	97694551	0	-3.932960e-04	-1.879840e-05	1
2	rs1256991	97669386	0	-2.976330e-04	-1.535450e-05	1
2	rs1256993	97667475	0	-2.976330e-04	-1.535450e-05	1
2	rs1256995	97683439	0	-4.879175e-04	-2.523750e-05	1
2	rs1256996	97682954	0	2.596511e-04	1.436888e-05	1
2	rs1256997	97682163	0	-3.960862e-04	-2.024432e-05	1
2	rs1256998	97680507	0	-4.072386e-04	-2.083699e-05	1
2	rs1257000	97678319	0	-4.072386e-04	-2.083699e-05	1
2	rs1257001	97738962	0	2.353778e-05	1.199352e-06	1
2	rs1257004	97711378	0	-4.705615e-04	-2.255856e-05	1
2	rs1257005	97708740	0	-3.932960e-04	-1.879840e-05	1
2	rs1257006	97708611	0	-3.932960e-04	-1.879840e-05	1
2	rs1257008	97634672	0	-4.990699e-04	-2.584823e-05	1
2	rs1257009	97634206	0	-2.256065e-04	-1.156125e-05	1
2	rs1257011	97633772	0	-4.990699e-04	-2.584823e-05	1
2	rs1257012	97633013	0	-4.990699e-04	-2.584823e-05	1
2	rs1257015	97631585	0	-2.256065e-04	-1.156125e-05	1
2	rs1257016	97640502	0	1.107935e-04	5.559280e-06	1
2	rs1257017	97639135	0	-4.990699e-04	-2.584823e-05	1
2	rs1257018	97617227	0	3.811007e-04	1.888763e-05	1
2	rs1257019	97617140	0	1.796638e-04	8.843515e-06	1
2	rs1257023	97663840	0	-4.142875e-04	-2.126810e-05	1
2	rs1257024	97658798	0	6.223606e-05	3.104177e-06	1
2	rs1257025	97657418	0	-2.976330e-04	-1.535452e-05	1
2	rs1257027	97655882	0	-1.893817e-04	-9.642142e-06	1
2	rs1257028	97655299	0	-3.531291e-04	-1.817045e-05	1
2	rs1257029	97654678	0	6.223606e-05	3.104174e-06	1
2	rs1257052	97742711	0	-1.452989e-04	-6.886709e-06	1
2	rs1257053	97742596	0	-2.646229e-04	-1.256979e-05	1
2	rs1257054	97742529	0	-2.567183e-04	-1.222999e-05	1
2	rs1257070	97721663	0	-1.516538e-04	-7.189760e-06	1
2	rs1257081	97720088	0	-1.798317e-04	-9.327772e-06	1
2	rs1257088	97754504	0	-1.416783e-04	-6.652727e-06	1
2	rs1257093	97750561	0	-6.736280e-05	-3.520901e-06	1
2	rs1257095	97747894	0	-2.106195e-04	-1.092096e-05	1
2	rs1257097	97764450	0	1.381457e-04	6.472566e-06	1
2	rs1257099	97766551	0	1.381457e-04	6.472564e-06	1
2	rs1257101	97758953	0	1.381457e-04	6.472562e-06	1
2	rs1257102	97759198	0	2.124611e-04	1.108570e-05	1
2	rs1257108	97776819	0	1.381457e-04	6.472559e-06	1
2	rs1257109	97776627	0	1.381457e-04	6.472556e-06	1
2	rs1257111	97774801	0	1.848578e-04	8.671417e-06	1
2	rs1257113	97717522	0	-4.420607e-04	-2.096005e-05	1
2	rs1257114	97717398	0	6.720576e-05	3.495556e-06	1
2	rs1257116	97712540	0	-4.705615e-04	-2.255859e-05	1
2	rs1257119	97709260	0	-4.705615e-04	-2.255859e-05	1
2	rs12612700	96600712	0	8.528133e-04	4.529675e-05	1
2	rs12613055	97420876	0	4.790906e-04	2.564487e-05	1
2	rs12613171	97553747	0	5.614055e-04	2.775228e-05	1
2	rs12613703	96646293	0	6.221181e-04	3.474377e-05	1
2	rs12614188	97083089	0	-3.887300e-04	-1.890326e-05	1
2	rs12614696	97118957	0	-1.043776e-03	-5.952058e-05	1
2	rs12617019	96905568	0	-3.474506e-04	-1.748533e-05	1
2	rs12618133	96892134	0	-3.498738e-04	-1.761782e-05	1
2	rs1262300	97768178	0	1.381457e-04	6.472544e-06	1
2	rs12623771	96633504	0	1.927533e-04	9.107355e-06	1
2	rs12624036	96158720	0	-3.814485e-04	-2.023514e-05	1
2	rs12624038	96158728	0	-3.814485e-04	-2.023514e-05	1
2	rs1267178	97729845	0	2.202995e-04	1.231025e-05	1
2	rs1267180	97766574	0	1.381457e-04	6.472540e-06	1
2	rs1268682	97640997	0	-2.256065e-04	-1.156129e-05	1
2	rs1268683	97657540	0	-1.893817e-04	-9.642169e-06	1
2	rs1268684	97762107	0	1.381457e-04	6.472536e-06	1
2	rs1271063	97739057	0	-1.416783e-04	-6.652762e-06	1
2	rs12717775	96496891	0	-3.284959e-05	-1.534197e-06	1
2	rs12717776	96523006	0	-6.299649e-04	-3.199155e-05	1
2	rs12717777	96523009	0	-6.299649e-04	-3.199156e-05	1
2	rs12717778	96523047	0	-6.299649e-04	-3.199156e-05	1
2	rs12717779	96559064	1	-8.330897e-04	-4.014054e-05	1
2	rs12717781	97249142	0	-2.508798e-04	-1.193800e-05	1
2	rs12717782	97254116	0	3.495354e-04	1.672425e-05	1
2	rs12717787	97648832	0	-4.214696e-04	-2.153096e-05	1
2	rs12846	97477374	0	-1.005068e-03	-5.226737e-05	1
2	rs12988306	97664892	0	3.215953e-05	1.628515e-06	1
2	rs12992413	97277489	0	-2.508798e-04	-1.193801e-05	1
2	rs12994584	97871314	1	2.816046e-04	1.341808e-05	1
2	rs12994989	97387731	0	9.361847e-04	4.906923e-05	1
2	rs12996352	97849219	1	1.295796e-04	6.114700e-06	1
2	rs12996789	96061242	0	9.468972e-05	5.220073e-06	1
2	rs12998267	96248482	0	-2.563758e-04	-1.346129e-05	1
2	rs13005712	97860971	1	5.247069e-04	2.592186e-05	1
2	rs13006000	97228473	0	2.895656e-04	1.620726e-05	1
2	rs13006507	97607484	0	-9.691626e-04	-5.116984e-05	1
2	rs13007343	97306236	0	3.484860e-06	1.598586e-07	1
2	rs13009727	96769883	2	-2.369971e-04	-1.111995e-05	1
2	rs13010219	96076077	0	1.109003e-04	6.125650e-06	1
2	rs13011421	97823971	0	1.083425e-04	5.137600e-06	1
2	rs13014679	97333492	0	2.184008e-04	1.203577e-05	1
2	rs13016654	97624524	0	5.969448e-05	2.892173e-06	1
2	rs13018621	97582235	0	6.627437e-05	3.657575e-06	1
2	rs13019986	97243058	0	3.484860e-06	1.598598e-07	1
2	rs13021723	97624492	0	5.969448e-05	2.892170e-06	1
2	rs13022177	96919208	0	4.871200e-04	2.714066e-05	1
2	rs13024196	97859274	0	-3.610098e-05	-1.681313e-06	1
2	rs13025231	97680395	0	-4.072386e-04	-2.083705e-05	1
2	rs13025764	96584005	1	1.637119e-04	9.062301e-06	1
2	rs13026122	97806018	0	5.336335e-05	2.509907e-06	1
2	rs13026942	97209159	0	5.195234e-04	2.739736e-05	1
2	rs13028622	97872148	0	3.087033e-04	1.471285e-05	1
2	rs13029764	97328874	0	-3.830855e-04	-1.827997e-05	1
2	rs13032005	97598719	0	-1.117417e-03	-5.991758e-05	1
2	rs13035412	97787558	0	1.642137e-04	7.722348e-06	1
2	rs1317911	97488698	0	-7.390172e-04	-3.780776e-05	1
2	rs1318597	97463095	0	-3.815115e-04	-1.785880e-05	1
2	rs1320146	97507727	0	-5.691310e-04	-2.962817e-05	1
2	rs1320147	97600626	0	-9.302291e-05	-4.549017e-06	1
2	rs1320149	97493877	0	-7.390172e-04	-3.780775e-05	1
2	rs13383143	97599266	0	2.554258e-04	1.388784e-05	1
2	rs13383845	97557261	0	5.614055e-04	2.775231e-05	1
2	rs13384114	97299078	0	-5.290990e-04	-2.933724e-05	1
2	rs13389475	97331585	0	-8.914655e-04	-4.984068e-05	1
2	rs13390019	97797680	0	9.858247e-04	5.313354e-05	1
2	rs13392201	95992354	0	-5.302963e-04	-2.823206e-05	1
2	rs13393393	97598899	0	1.669297e-05	8.208008e-07	1
2	rs13393729	97306987	0	-9.605030e-04	-5.395213e-05	1
2	rs13393893	97870072	0	2.989568e-04	1.548557e-05	1
2	rs13395011	97272135	0	-9.605030e-04	-5.395213e-05	1
2	rs13398740	97226402	0	-1.009060e-03	-5.725334e-05	1
2	rs13399849	95994706	0	-5.756767e-04	-3.078877e-05	1
2	rs13400545	97871626	0	1.026709e-03	5.627541e-05	1
2	rs13402271	97863525	0	5.498348e-04	2.718441e-05	1
2	rs13403225	97600827	0	-9.302291e-05	-4.549005e-06	1
2	rs13404200	97675768	0	5.558217e-04	3.094425e-05	1
2	rs13404734	97598672	0	9.999416e-04	5.341243e-05	1
2	rs13405842	97258451	0	-7.641376e-04	-4.257510e-05	1
2	rs13407036	97578150	0	-4.270486e-04	-2.100857e-05	1
2	rs13410790	97557872	0	5.614055e-04	2.775232e-05	1
2	rs13419073	97507554	0	-8.922698e-05	-4.512056e-06	1
2	rs13419697	97826968	0	-2.041895e-04	-1.113054e-05	1
2	rs13421275	97560629	0	4.073663e-04	2.001101e-05	1
2	rs13423092	97557019	0	5.614055e-04	2.775232e-05	1
2	rs13425281	97562035	0	8.576351e-05	4.201623e-06	1
2	rs13428530	97863565	0	6.068810e-04	3.415166e-05	1
2	rs13430237	97558926	0	3.762948e-04	1.746154e-05	1
2	rs1345917	96200603	0	-2.824382e-04	-1.341311e-05	1
2	rs1364394	96195730	0	-1.364975e-04	-6.471781e-06	1
2	rs1364395	96195632	0	-2.271348e-04	-1.271583e-05	1
2	rs138056790	97345239	0	-3.090125e-04	-1.715172e-05	1
2	rs138229651	97108246	0	-9.522141e-04	-5.373594e-05	1
2	rs138270841	97073802	0	-5.064627e-04	-2.805375e-05	1
2	rs138423313	96837492	0	1.136537e-04	6.297408e-06	1
2	rs138491075	96373634	0	1.337208e-03	7.630599e-05	1
2	rs138562995	96545159	0	-8.637766e-04	-4.758322e-05	1
2	rs138652415	96481291	0	2.023534e-04	1.118770e-05	1
2	rs138784752	96091635	0	-3.902115e-04	-1.850782e-05	1
2	rs138803287	96580405	0	-1.710837e-04	-9.515237e-06	1
2	rs139044077	97261952	0	4.961339e-04	2.752558e-05	1
2	rs139290800	97051795	0	-3.472617e-05	-1.945008e-06	1
2	rs139356016	96841486	0	-2.103923e-05	-1.156193e-06	1
2	rs139443361	96645996	0	-2.524360e-04	-1.403883e-05	1
2	rs139741888	97743103	0	3.925843e-04	2.181122e-05	1
2	rs139954837	96155864	0	3.836886e-05	2.141017e-06	1
2	rs140086987	97143626	0	-3.146544e-04	-1.749847e-05	1
2	rs140332007	97410188	0	-1.255598e-05	-6.630328e-07	1
2	rs140338516	97456237	0	-1.817101e-04	-1.010518e-05	1
2	rs140562818	96540755	0	-7.966246e-04	-4.467876e-05	1
2	rs140636580	97807404	0	7.122360e-04	3.392683e-05	1
2	rs140705063	97051282	0	1.316576e-04	7.343133e-06	1
2	rs141600622	96929044	0	-3.582650e-04	-1.978344e-05	1
2	rs142037408	96492900	0	7.091217e-05	3.911288e-06	1
2	rs142071064	96580463	0	-2.524360e-04	-1.403883e-05	1
2	rs142246646	96367495	0	-4.317589e-04	-2.424657e-05	1
2	rs142350543	97517082	0	3.555466e-04	1.980517e-05	1
2	rs1424362	96198358	3	-1.177628e-03	-6.572232e-05	1
2	rs142480529	96540430	0	-7.966246e-04	-4.467876e-05	1
2	rs142655285	97189188	0	7.364061e-04	4.186646e-05	1
2	rs142797090	96538620	0	4.917740e-04	2.394829e-05	1
2	rs142912577	96667314	0	7.019029e-04	3.980385e-05	1
2	rs143178295	97868511	0	-2.515607e-04	-1.379689e-05	1
2	rs143274998	96259184	0	-6.345366e-04	-3.529380e-05	1
2	rs143287966	97659875	0	-3.839176e-04	-2.144690e-05	1
2	rs143379982	97216166	0	2.160715e-04	1.192933e-05	1
2	rs143460482	96328954	0	-3.788215e-04	-2.075717e-05	1
2	rs143656906	96660965	0	1.290923e-04	7.131468e-06	1
2	rs143747853	97860150	1	1.172353e-04	6.514261e-06	1
2	rs144068932	97771695	0	1.381457e-04	6.472468e-06	1
2	rs144470057	96426256	0	-1.710837e-04	-9.515236e-06	1
2	rs144752070	96890556	0	2.274728e-04	1.264114e-05	1
2	rs144968254	96336560	0	-1.961621e-04	-1.091558e-05	1
2	rs145056855	97778065	0	6.341249e-04	3.440281e-05	1
2	rs145156058	96466727	0	-5.507485e-04	-3.095032e-05	1
2	rs145268833	97279510	0	2.854581e-04	1.600376e-05	1
2	rs145367784	96557739	1	-5.480387e-04	-3.079370e-05	1
2	rs145382287	96671320	0	1.290923e-04	7.131468e-06	1
2	rs145556366	96598928	0	-5.224788e-04	-2.887228e-05	1
2	rs145574797	96256308	0	-7.589505e-04	-4.284975e-05	1
2	rs145815500	97136780	0	3.332560e-04	1.864782e-05	1
2	rs1458585	97102854	0	-9.522141e-04	-5.373594e-05	1
2	rs145886511	96241058	0	7.620824e-05	4.239591e-06	1
2	rs146063982	96666439	0	7.019029e-04	3.980385e-05	1
2	rs146310052	97865157	0	6.341249e-04	3.440280e-05	1
2	rs146587505	97177727	0	3.259507e-04	1.808041e-05	1
2	rs146663992	97095772	0	-1.759243e-04	-9.845579e-06	1
2	rs146795629	97113386	0	3.956412e-05	2.181985e-06	1
2	rs146800800	96979336	0	-6.380889e-04	-3.566782e-05	1
2	rs146806856	97290448	0	4.319743e-04	2.393525e-05	1
2	rs146900333	96090491	0	-5.525319e-04	-3.083110e-05	1
2	rs147070070	97415741	0	5.673859e-05	3.155950e-06	1
2	rs147116541	97140573	0	-3.090125e-04	-1.715172e-05	1
2	rs147408728	96689460	0	1.610501e-04	8.992737e-06	1
2	rs147413903	96177936	0	5.852627e-04	3.262016e-05	1
2	rs147887564	96848082	0	5.589933e-05	3.093705e-06	1
2	rs147890593	97757347	0	6.341249e-04	3.440280e-05	1
2	rs147938160	96540749	0	-7.966246e-04	-4.467876e-05	1
2	rs148034879	96245997	0	-5.114814e-04	-2.823841e-05	1
2	rs148235025	96398596	0	-3.128623e-04	-1.749063e-05	1
2	rs148497457	96813150	0	-6.380889e-04	-3.566782e-05	1
2	rs148552067	96675497	0	5.855568e-04	3.273685e-05	1
2	rs148587694	97502634	0	-2.824836e-04	-1.575551e-05	1
2	rs148849801	97836470	0	5.336335e-05	2.509866e-06	1
2	rs148904587	96839081	0	1.889702e-04	1.043084e-05	1
2	rs148980086	96085655	0	-6.345366e-04	-3.529379e-05	1
2	rs149026780	97881612	0	6.341249e-04	3.440280e-05	1
2	rs149129321	96966273	0	-1.861604e-05	-1.019923e-06	1
2	rs149547324	97680369	0	6.773704e-04	3.757674e-05	1
2	rs149619171	96502367	0	7.019029e-04	3.980385e-05	1
2	rs149724409	96421042	0	-7.966246e-04	-4.467876e-05	1
2	rs149848831	96859656	0	2.008915e-04	1.124276e-05	1
2	rs149907687	97221719	0	-1.612568e-04	-8.769621e-06	1
2	rs149987796	97667474	0	6.789032e-04	3.811387e-05	1
2	rs150195180	96514492	0	3.311058e-04	1.596641e-05	1
2	rs150287453	96524205	0	-5.865077e-04	-3.238008e-05	1
2	rs150357746	97679337	0	6.341249e-04	3.440280e-05	1
2	rs150363943	96674324	0	-6.931515e-04	-3.876169e-05	1
2	rs150471479	96815524	0	4.434165e-04	2.469337e-05	1
2	rs150520153	97111029	0	-9.522141e-04	-5.373594e-05	1
2	rs150521427	97110664	0	-3.995857e-04	-1.877290e-05	1
2	rs150655650	96665201	0	4.863944e-05	2.270836e-06	1
2	rs150729474	97065906	0	3.316067e-04	1.858726e-05	1
2	rs151157387	97107312	0	-4.458188e-04	-2.474182e-05	1
2	rs151196928	96748054	0	2.023534e-04	1.118770e-05	1
2	rs1585272	97161749	0	1.450662e-03	7.498927e-05	1
2	rs1623881	97613748	0	7.127441e-04	3.588354e-05	1
2	rs1624170	97676497	0	-4.072386e-04	-2.083707e-05	1
2	rs1624844	97613616	0	3.811007e-04	1.888759e-05	1
2	rs1657502	96795608	0	7.490779e-04	3.656824e-05	1
2	rs17119362	96861041	0	2.274728e-04	1.264114e-05	1
2	rs17119507	97219047	0	2.132837e-04	1.171599e-05	1
2	rs17119523	97260006	0	2.160715e-04	1.192933e-05	1
2	rs17119562	97381844	0	-1.255598e-05	-6.630287e-07	1
2	rs17119564	97384728	0	-1.255598e-05	-6.630277e-07	1
2	rs17119591	97435557	0	-1.255598e-05	-6.630266e-07	1
2	rs17119598	97486315	0	1.978585e-05	1.069720e-06	1
2	rs17119615	96817011	0	3.677523e-04	1.883292e-05	1
2	rs17119627	96820847	0	4.928097e-04	2.760274e-05	1
2	rs17119643	97553300	0	3.968954e-05	2.158431e-06	1
2	rs17119645	97553909	0	7.229776e-05	3.947788e-06	1
2	rs17119655	97577495	0	8.933699e-05	4.609323e-06	1
2	rs17119656	97578329	0	-1.193814e-04	-6.134821e-06	1
2	rs17119922	96380253	0	3.454927e-04	1.933388e-05	1
2	rs1724120	96809331	0	1.203367e-03	5.958863e-05	1
2	rs1724121	96808549	0	5.739067e-04	2.764437e-05	1
2	rs1724125	96831355	0	4.974882e-04	2.394533e-05	1
2	rs1730105	97701659	0	-6.736280e-05	-3.520951e-06	1
2	rs1730106	97674463	0	-4.072386e-04	-2.083708e-05	1
2	rs1730119	97638713	0	1.107935e-04	5.559183e-06	1
2	rs1730120	97638038	0	1.107935e-04	5.559182e-06	1
2	rs1730122	97630540	0	-2.256065e-04	-1.156134e-05	1
2	rs1730123	97629704	0	2.601118e-05	1.304152e-06	1
2	rs1730124	97629673	0	2.601118e-05	1.304150e-06	1
2	rs1730126	97622920	0	4.531271e-04	2.248394e-05	1
2	rs1730127	97622408	0	1.489232e-04	7.063460e-06	1
2	rs1730128	97619913	0	4.531271e-04	2.248394e-05	1
2	rs1730129	97619682	0	4.531271e-04	2.248393e-05	1
2	rs1730130	97618572	0	4.531271e-04	2.248393e-05	1
2	rs1730131	97617924	0	1.796638e-04	8.843440e-06	1
2	rs17419569	96868081	0	2.274728e-04	1.264114e-05	1
2	rs17420101	96959616	0	-7.465999e-04	-3.661751e-05	1
2	rs17479466	96962859	0	-7.991520e-04	-3.938503e-05	1
2	rs17633463	97016334	0	7.737183e-05	3.799047e-06	1
2	rs17634791	97328852	0	-2.546050e-03	-1.591495e-04	1
2	rs17635425	97486461	0	3.552537e-05	1.924763e-06	1
2	rs17685664	97315570	0	-4.112813e-04	-1.993191e-05	1
2	rs17685766	97319534	0	-6.014864e-04	-2.930965e-05	1
2	rs1796027	97618166	0	4.531271e-04	2.248391e-05	1
2	rs1796028	97618953	0	4.531271e-04	2.248391e-05	1
2	rs1796029	97629250	0	-2.976330e-04	-1.535460e-05	1
2	rs1796032	97628540	0	2.601118e-05	1.304123e-06	1
2	rs1796036	97677631	0	-4.072386e-04	-2.083711e-05	1
2	rs1796038	97674168	0	-4.072386e-04	-2.083711e-05	1
2	rs1796041	97627260	0	-4.990699e-04	-2.584834e-05	1
2	rs1796044	97623109	0	4.531271e-04	2.248391e-05	1
2	rs1796045	97623010	0	4.531271e-04	2.248390e-05	1
2	rs1796046	97621998	0	2.398282e-04	1.183136e-05	1
2	rs1796047	97621763	0	4.531271e-04	2.248390e-05	1
2	rs1796049	97645785	0	-1.893817e-04	-9.642262e-06	1
2	rs1796056	97669253	0	-3.353224e-04	-1.714174e-05	1
2	rs180689708	96251344	0	1.268164e-04	6.944829e-06	1
2	rs180704486	97886049	0	-2.840270e-04	-1.553124e-05	1
2	rs1808357	96421425	0	-6.472291e-04	-3.352262e-05	1
2	rs180921462	96559228	0	7.019029e-04	3.980384e-05	1
2	rs1813381	96422939	0	8.337560e-04	4.134932e-05	1
2	rs181346457	97568071	0	1.633720e-04	8.951736e-06	1
2	rs182144928	96540871	0	-7.966246e-04	-4.467876e-05	1
2	rs182251407	97051583	0	-3.171437e-04	-1.767704e-05	1
2	rs182390914	97471817	0	-3.125741e-04	-1.710947e-05	1
2	rs183345273	97611011	0	-1.841012e-04	-1.009780e-05	1
2	rs1834135	96244225	0	-2.279425e-04	-1.082718e-05	1
2	rs183529337	97024420	0	-3.296424e-04	-1.847787e-05	1
2	rs183743021	97283676	0	-7.116474e-05	-3.959640e-06	1
2	rs183861116	96514399	0	7.019029e-04	3.980384e-05	1
2	rs184022879	97602087	0	7.018315e-04	3.933438e-05	1
2	rs184965217	96667210	0	1.019851e-04	5.711004e-06	1
2	rs185011007	96614558	0	-6.931515e-04	-3.876169e-05	1
2	rs185085410	96309691	0	-1.961621e-04	-1.091558e-05	1
2	rs185435411	97109169	0	-9.522141e-04	-5.373593e-05	1
2	rs185801119	96013844	0	3.836886e-05	2.141025e-06	1
2	rs186057765	96469586	0	3.354496e-04	1.884157e-05	1
2	rs1862896	96184423	0	-5.049181e-04	-2.731891e-05	1
2	rs1862897	96015741	0	-5.494685e-05	-2.656788e-06	1
2	rs186291726	96618679	0	2.693012e-06	1.476891e-07	1
2	rs186350083	96518508	0	-4.951593e-04	-2.764294e-05	1
2	rs186412693	95991565	0	-8.305775e-04	-4.708175e-05	1
2	rs1866444	97172125	0	2.064796e-03	1.170687e-04	1
2	rs1866445	97203224	0	-3.326691e-04	-1.844705e-05	1
2	rs186780297	96650513	0	-5.507485e-04	-3.095034e-05	1
2	rs186870869	97840906	0	1.026709e-03	5.627541e-05	1
2	rs1870340	97116953	0	-8.109417e-04	-4.514278e-05	1
2	rs187088133	97568815	0	1.633720e-04	8.951736e-06	1
2	rs187218462	97344414	0	1.296895e-04	7.245800e-06	1
2	rs187224440	95990060	0	-4.482959e-04	-2.523941e-05	1
2	rs188288420	97127087	0	1.524253e-03	8.125339e-05	1
2	rs188895880	96872350	0	3.682847e-04	2.051810e-05	1
2	rs189183467	97852182	0	-4.324545e-05	-2.387305e-06	1
2	rs189877528	96546352	0	-6.862003e-04	-3.875492e-05	1
2	rs189973985	96995981	6	-1.251017e-04	-6.950864e-06	1
2	rs190044388	97571480	0	1.633720e-04	8.951736e-06	1
2	rs1901501	97862260	1	-8.006338e-07	-5.053744e-08	1
2	rs190242046	96559773	1	7.436110e-05	4.101421e-06	1
2	rs190540477	97109170	0	-9.522141e-04	-5.373592e-05	1
2	rs190807904	97640634	0	-3.839176e-04	-2.144692e-05	1
2	rs190938866	96498944	0	1.136537e-04	6.297419e-06	1
2	rs191678423	97779191	0	6.341249e-04	3.440279e-05	1
2	rs1917890	96672001	0	-4.293648e-04	-2.051938e-05	1
2	rs192379875	97455618	0	-2.098327e-04	-1.163471e-05	1
2	rs192435541	97072336	0	-1.613896e-04	-8.969067e-06	1
2	rs192443593	96044290	0	-3.296919e-04	-1.841460e-05	1
2	rs192641946	96996885	4	-2.846296e-04	-1.587702e-05	1
2	rs192942946	96561777	0	5.855568e-04	3.273685e-05	1
2	rs1964284	96424999	0	5.538489e-04	2.696885e-05	1
2	rs1971209	97876010	0	2.124611e-04	1.108561e-05	1
2	rs1973839	96434042	0	5.760891e-04	2.826435e-05	1
2	rs1974770	96468824	0	4.917740e-04	2.394811e-05	1
2	rs1974909	96241051	0	-2.520447e-04	-1.334798e-05	1
2	rs199588513	96439808	0	4.939951e-04	2.752904e-05	1
2	rs1997257	96429625	0	1.151423e-03	5.903439e-05	1
2	rs199858869	96720524	0	4.414430e-04	2.445968e-05	1
2	rs199961979	96262501	0	-8.391444e-05	-3.928726e-06	1
2	rs199969223	96563039	1	-2.016157e-05	-1.117963e-06	1
2	rs200216326	97050159	0	-5.417694e-04	-2.654188e-05	1
2	rs200518446	96563454	0	-6.061582e-04	-3.324606e-05	1
2	rs200535656	96605513	0	4.895299e-04	2.741603e-05	1
2	rs2005613	96423982	0	-8.542848e-04	-4.387734e-05	1
2	rs200765455	97783831	0	6.341249e-04	3.440280e-05	1
2	rs2008501	96233960	0	3.454927e-04	1.933388e-05	1
2	rs201034738	97126953	0	-6.577943e-04	-3.685293e-05	1
2	rs2010379	96180093	0	-5.785128e-04	-2.775650e-05	1
2	rs2016759	96841648	0	-4.873501e-06	-2.237147e-07	1
2	rs202014239	96573549	0	5.855568e-04	3.273685e-05	1
2	rs202139028	96685900	0	4.414430e-04	2.445968e-05	1
2	rs2042477	96000943	0	-5.494685e-05	-2.656765e-06	1
2	rs2059313	96207952	0	2.384396e-04	1.122037e-05	1
2	rs2059314	96006995	0	5.358680e-04	2.517580e-05	1
2	rs2060828	97782995	0	-5.865257e-06	-2.861548e-07	1
2	rs2083276	97103762	0	-2.587738e-04	-1.213905e-05	1
2	rs2085842	97052508	0	-5.417694e-04	-2.654186e-05	1
2	rs2099674	97104134	0	-8.109417e-04	-4.514277e-05	1
2	rs2099675	97104123	0	1.462178e-03	7.759035e-05	1
2	rs2113412	96235906	0	-7.453081e-04	-4.091137e-05	1
2	rs2113417	95999856	0	-5.494685e-05	-2.656764e-06	1
2	rs2113418	95988849	0	1.191438e-03	5.926884e-05	1
2	rs2113419	96033635	0	-7.305344e-04	-3.766604e-05	1
2	rs2118837	97139171	0	-5.100372e-04	-2.825004e-05	1
2	rs2139406	97366779	0	-1.435004e-04	-7.492771e-06	1
2	rs2140938	96751395	0	5.833269e-04	2.811718e-05	1
2	rs2161066	96477028	0	-7.093039e-04	-3.686640e-05	1
2	rs2193883	96385848	0	-7.177334e-04	-3.952387e-05	1
2	rs2216793	96196322	0	-2.824382e-04	-1.341332e-05	1
2	rs2229169	96780716	0	-5.838579e-05	-2.750590e-06	1
2	rs2252697	96778190	0	-4.356482e-04	-2.090609e-05	1
2	rs2257527	96430500	0	-5.453022e-04	-3.042235e-05	1
2	rs2271893	97405440	0	2.963071e-04	1.436118e-05	1
2	rs2276649	96971409	0	-3.500638e-04	-1.692038e-05	1
2	rs2276650	96861159	0	-2.390809e-04	-1.210958e-05	1
2	rs2276654	97492479	0	1.978585e-05	1.069760e-06	1
2	rs2278563	97212693	0	-1.153377e-03	-5.968972e-05	1
2	rs2278564	96688990	0	7.954086e-05	4.277413e-06	1
2	rs2279105	96993757	0	-4.232275e-04	-2.060281e-05	1
2	rs2280355	97366303	0	2.299281e-04	1.125464e-05	1
2	rs2280356	97366324	0	-1.268935e-04	-6.677107e-06	1
2	rs2292939	97365213	0	-6.314312e-05	-3.461765e-06	1
2	rs2292942	97336089	0	-6.264823e-04	-3.468609e-05	1
2	rs2293544	96603129	0	7.638443e-04	4.300343e-05	1
2	rs2301707	96931846	0	1.036045e-03	5.159473e-05	1
2	rs2305935	97030247	0	-5.417694e-04	-2.654180e-05	1
2	rs2312955	96777168	0	-7.201651e-05	-3.406701e-06	1
2	rs2312990	97134027	0	-9.522141e-04	-5.373590e-05	1
2	rs2312991	97133947	0	-9.522141e-04	-5.373590e-05	1
2	rs2314109	97243532	0	3.484860e-06	1.598906e-07	1
2	rs2314397	97336979	0	-1.574598e-03	-8.269911e-05	1
2	rs2314398	97413488	0	-6.010534e-04	-2.944720e-05	1
2	rs2314399	97442390	0	-2.196596e-04	-1.179324e-05	1
2	rs2314650	97564284	0	2.417817e-04	1.196758e-05	1
2	rs2314651	97552912	0	-3.947017e-04	-2.023056e-05	1
2	rs2314652	97552627	0	3.095320e-04	1.442275e-05	1
2	rs2314653	97552614	0	3.879770e-04	1.788826e-05	1
2	rs2315416	96558477	0	1.270330e-03	6.582798e-05	1
2	rs2315417	96500289	0	1.151255e-03	5.908498e-05	1
2	rs2315517	96363789	0	-7.713655e-04	-4.276497e-05	1
2	rs2315667	96465201	0	-7.712766e-04	-4.042281e-05	1
2	rs2315668	96429562	0	4.917740e-04	2.394795e-05	1
2	rs2315669	96429551	0	4.917740e-04	2.394794e-05	1
2	rs2320170	96239773	0	-2.279425e-04	-1.082737e-05	1
2	rs2320431	96024876	0	-2.008519e-04	-1.017078e-05	1
2	rs2320433	96057011	0	-2.750738e-05	-1.288719e-06	1
2	rs2438709	97199694	0	-7.536773e-04	-3.871368e-05	1
2	rs2438711	97214601	0	-3.326691e-04	-1.844705e-05	1
2	rs2438712	97219710	0	2.032010e-03	1.148324e-04	1
2	rs2438924	96645069	0	1.927533e-04	9.106959e-06	1
2	rs2438972	96690873	0	7.159077e-04	3.497195e-05	1
2	rs2442162	97773699	0	1.942894e-04	1.012248e-05	1
2	rs2443892	97802319	0	2.124611e-04	1.108556e-05	1
2	rs2443909	97797486	0	5.336335e-05	2.509695e-06	1
2	rs2463560	96595589	1	3.197605e-04	1.521377e-05	1
2	rs2463903	97700870	2	-6.242726e-05	-2.919726e-06	1
2	rs2464914	97179828	0	-3.472828e-04	-1.642760e-05	1
2	rs2464915	97211467	0	8.405134e-04	4.047291e-05	1
2	rs2544478	96433494	0	2.999579e-04	1.650526e-05	1
2	rs2551307	96083215	0	3.023713e-05	1.425701e-06	1
2	rs2576437	96800417	0	7.313898e-04	3.568805e-05	1
2	rs2579498	97231885	0	2.032010e-03	1.148323e-04	1
2	rs2579499	97232656	0	1.574598e-03	8.269896e-05	1
2	rs2579500	97201682	0	1.047248e-03	5.126691e-05	1
2	rs2579501	97199251	0	1.976718e-03	1.099030e-04	1
2	rs2579502	97198800	0	-5.140172e-05	-2.429581e-06	1
2	rs2579503	97176634	0	1.923985e-03	1.063858e-04	1
2	rs2579505	97167962	0	-3.735113e-04	-1.766886e-05	1
2	rs2579506	97207321	0	9.115964e-04	4.424800e-05	1
2	rs2579515	96686723	0	2.637867e-04	1.261541e-05	1
2	rs2579516	96684876	0	-7.029469e-04	-3.909274e-05	1
2	rs2579517	96679384	0	2.637867e-04	1.261540e-05	1
2	rs2579518	96675259	0	7.417910e-04	3.639967e-05	1
2	rs2579519	96675166	0	7.350292e-04	3.595398e-05	1
2	rs2579520	96660300	0	4.863944e-05	2.270375e-06	1
2	rs2579548	96744212	0	7.426434e-04	3.625122e-05	1
2	rs2579549	96742833	0	5.307485e-04	2.559148e-05	1
2	rs2579550	96741944	0	5.307485e-04	2.559147e-05	1
2	rs2579551	96738585	0	-4.290176e-04	-2.210049e-05	1
2	rs2579552	96737083	0	5.307485e-04	2.559146e-05	1
2	rs2692893	96756547	0	6.115659e-04	2.958921e-05	1
2	rs2692894	96784934	0	-3.630898e-04	-1.739359e-05	1
2	rs2692906	96430629	0	2.405284e-04	1.299208e-05	1
2	rs2692934	96737860	0	4.391868e-04	2.107909e-05	1
2	rs2692936	96745729	0	5.307485e-04	2.559142e-05	1
2	rs2692937	96751871	0	5.307485e-04	2.559140e-05	1
2	rs2692938	96753149	0	-6.360734e-04	-3.244306e-05	1
2	rs2692947	96674116	0	-5.447515e-04	-2.617667e-05	1
2	rs2692948	96673565	0	2.605033e-04	1.252950e-05	1
2	rs2692950	96673524	0	-4.293648e-04	-2.051985e-05	1
2	rs2692954	96683378	0	2.637867e-04	1.261524e-05	1
2	rs2707304	97687366	0	-4.137336e-04	-2.128544e-05	1
2	rs2708975	97184160	0	1.976718e-03	1.099028e-04	1
2	rs2708977	97230074	0	1.867202e-04	8.851038e-06	1
2	rs2708978	97202243	0	-5.140172e-05	-2.429653e-06	1
2	rs28404646	97882648	0	-6.024132e-04	-2.997099e-05	1
2	rs28603323	97166743	0	-8.601183e-04	-4.855456e-05	1
2	rs28612110	97567628	0	-2.756573e-04	-1.348644e-05	1
2	rs28687044	97558360	0	5.614055e-04	2.775251e-05	1
2	rs2872313	97012308	0	9.173600e-04	5.265690e-05	1
2	rs2872633	97366599	0	-1.400785e-04	-7.526007e-06	1
2	rs2872686	97601024	0	-9.302291e-05	-4.548825e-06	1
2	rs28795241	97122120	0	-9.522141e-04	-5.373586e-05	1
2	rs28833028	96665281	0	-4.293648e-04	-2.051989e-05	1
2	rs28839187	97886879	0	-4.431123e-04	-2.403908e-05	1
2	rs29000576	96779043	0	3.026047e-04	1.679156e-05	1
2	rs29000579	96776888	0	4.960181e-04	2.784132e-05	1
2	rs2917662	96794957	0	3.630898e-04	1.739349e-05	1
2	rs2918816	96661401	0	-4.293648e-04	-2.051991e-05	1
2	rs2918910	96597007	1	3.197605e-04	1.521349e-05	1
2	rs2918916	96736568	0	1.055610e-03	5.294682e-05	1
2	rs2918929	96683857	0	2.637867e-04	1.261517e-05	1
2	rs2923985	97812676	0	5.336335e-05	2.509585e-06	1
2	rs2949885	96662415	0	-4.293648e-04	-2.051994e-05	1
2	rs2969473	96689334	0	3.054680e-04	1.472794e-05	1
2	rs2969475	96685021	0	7.721720e-05	3.657594e-06	1
2	rs2969477	96677466	0	2.637867e-04	1.261513e-05	1
2	rs2969478	96675306	0	-7.029469e-04	-3.909277e-05	1
2	rs2969489	96811434	0	9.509457e-04	4.608545e-05	1
2	rs2969490	96803904	0	4.985556e-04	2.397276e-05	1
2	rs2969491	96794982	0	3.630898e-04	1.739339e-05	1
2	rs3111873	96781986	0	-2.218173e-04	-1.056608e-05	1
2	rs3171927	96952833	0	-8.963236e-04	-4.520459e-05	1
2	rs3214063	96943473	0	-6.691965e-04	-3.264555e-05	1
2	rs34010054	96334690	0	-2.563758e-04	-1.346115e-05	1
2	rs34029026	97250042	0	3.159705e-04	1.505500e-05	1
2	rs34119529	96210459	0	2.328809e-04	1.106381e-05	1
2	rs34152169	97826852	0	-6.381539e-04	-3.367957e-05	1
2	rs34185860	96043191	0	1.109003e-04	6.125711e-06	1
2	rs34367982	97070174	0	4.400127e-05	2.415806e-06	1
2	rs34434950	97642214	0	-2.741640e-04	-1.405400e-05	1
2	rs34448650	96214949	0	-2.563758e-04	-1.346116e-05	1
2	rs34639392	96508976	0	1.113892e-03	5.679909e-05	1
2	rs34811744	96367067	0	1.109003e-04	6.125712e-06	1
2	rs34930820	97387361	0	4.147745e-04	2.307596e-05	1
2	rs35056623	96545293	0	5.970425e-04	3.334615e-05	1
2	rs35071802	97402064	0	8.718686e-04	4.338677e-05	1
2	rs35256168	96185714	0	2.788259e-04	1.327079e-05	1
2	rs35460642	97682465	0	-1.841012e-04	-1.009774e-05	1
2	rs35466766	96016657	0	-3.693641e-05	-2.035922e-06	1
2	rs35479416	97795701	0	-7.115085e-05	-3.364805e-06	1
2	rs35608744	97668022	0	-6.972365e-04	-3.617155e-05	1
2	rs35684682	96425099	0	-3.668027e-04	-1.774792e-05	1
2	rs35701303	97812713	0	5.336335e-05	2.509553e-06	1
2	rs35711624	96365890	0	4.192946e-04	2.341076e-05	1
2	rs35715176	97271090	0	-3.315174e-04	-1.847373e-05	1
2	rs35738525	97147587	0	8.248231e-04	4.339488e-05	1
2	rs35836525	97601693	0	-2.386195e-05	-1.305305e-06	1
2	rs35965387	97812504	0	5.336335e-05	2.509548e-06	1
2	rs35989305	96341433	0	1.843766e-04	8.752217e-06	1
2	rs36087694	96212699	0	8.576982e-05	4.083263e-06	1
2	rs368296706	96597307	0	3.418675e-04	1.896365e-05	1
2	rs369303397	96692193	0	4.414430e-04	2.445971e-05	1
2	rs370090107	96523401	0	3.176485e-04	1.748055e-05	1
2	rs371784783	96250122	0	4.454185e-04	2.507097e-05	1
2	rs372625168	96525006	0	-2.799072e-04	-1.552359e-05	1
2	rs372754140	97840704	1	7.835948e-05	4.328069e-06	1
2	rs372786528	96072382	0	7.620824e-05	4.239557e-06	1
2	rs3731930	96966661	0	-6.166444e-04	-2.995130e-05	1
2	rs3731935	97020049	0	-6.885309e-04	-3.440030e-05	1
2	rs3731936	97020170	0	-6.885309e-04	-3.440029e-05	1
2	rs3731937	97166296	0	-7.554071e-04	-4.235618e-05	1
2	rs3731938	97166204	0	-2.425716e-04	-1.141363e-05	1
2	rs3731939	97164943	0	-6.141346e-04	-3.392280e-05	1
2	rs3731940	97377883	0	-2.035449e-05	-1.085195e-06	1
2	rs3731941	97476219	0	1.978585e-05	1.069850e-06	1
2	rs373518598	96624998	0	5.363440e-04	3.032409e-05	1
2	rs373828429	96441589	0	4.939951e-04	2.752906e-05	1
2	rs373857411	96620365	0	7.019029e-04	3.980386e-05	1
2	rs375208412	97050189	0	3.956412e-05	2.182036e-06	1
2	rs3755518	96023631	0	-3.055631e-04	-1.550321e-05	1
2	rs3755519	95989272	0	5.248376e-04	2.557975e-05	1
2	rs3755520	95985231	0	3.788969e-04	1.835602e-05	1
2	rs3755521	95983226	0	3.514875e-04	1.706897e-05	1
2	rs3755523	95974818	0	2.467763e-04	1.194820e-05	1
2	rs376153430	96717484	0	4.780043e-04	2.644547e-05	1
2	rs3772031	96014891	0	9.099391e-05	4.391675e-06	1
2	rs3772032	96014132	0	9.099391e-05	4.391674e-06	1
2	rs3772033	96013828	0	9.099391e-05	4.391673e-06	1
2	rs3772034	95989766	0	3.788969e-04	1.835601e-05	1
2	rs3772037	95988592	0	5.198767e-04	2.533602e-05	1
2	rs3813663	96365518	0	5.169635e-05	2.423936e-06	1
2	rs3821051	96912787	0	9.142278e-04	4.519280e-05	1
2	rs3821340	96023664	0	4.531282e-04	2.103410e-05	1
2	rs3821341	95995954	0	1.380638e-05	6.618179e-07	1
2	rs3842882	96422745	0	-6.472291e-04	-3.352283e-05	1
2	rs3852673	96919642	0	-3.498738e-04	-1.761748e-05	1
2	rs3855809	97751849	0	7.906417e-05	4.367029e-06	1
2	rs3855810	96424244	0	5.538489e-04	2.696815e-05	1
2	rs3866290	96081230	0	-1.524931e-05	-7.401641e-07	1
2	rs3901108	96430275	0	7.019029e-04	3.980386e-05	1
2	rs3903548	97591670	0	-5.513599e-04	-3.041992e-05	1
2	rs3915894	96433984	0	2.693012e-06	1.476233e-07	1
2	rs3926004	97870317	0	3.087033e-04	1.471248e-05	1
2	rs3926005	97870339	1	2.816046e-04	1.341769e-05	1
2	rs3927071	97735043	2	9.369513e-05	4.363097e-06	1
2	rs3929206	97816821	0	2.450840e-04	1.261708e-05	1
2	rs3968756	96430270	0	4.917740e-04	2.394742e-05	1
2	rs4062840	96430046	0	4.917740e-04	2.394741e-05	1
2	rs4062891	96343854	0	-1.364975e-04	-6.472500e-06	1
2	rs4062960	96472449	0	2.693012e-06	1.476197e-07	1
2	rs4062989	96481071	0	4.917740e-04	2.394740e-05	1
2	rs4063021	96501762	0	1.113892e-03	5.679898e-05	1
2	rs4063406	97782007	0	5.336335e-05	2.509506e-06	1
2	rs4077343	97490752	0	-5.336196e-04	-2.846202e-05	1
2	rs4092199	97860043	1	2.577192e-05	1.208312e-06	1
2	rs4096918	96417608	0	4.939951e-04	2.752906e-05	1
2	rs4101913	97825361	0	-2.151422e-04	-1.014328e-05	1
2	rs41286594	97465384	0	3.555466e-04	1.980522e-05	1
2	rs41320144	96798305	0	3.026047e-04	1.679156e-05	1
2	rs4144055	96647856	0	-3.253107e-04	-1.554324e-05	1
2	rs4146062	96561406	0	6.267864e-04	3.512802e-05	1
2	rs4146063	96561651	1	5.892521e-04	3.295088e-05	1
2	rs4243787	96388762	0	5.809033e-04	2.901446e-05	1
2	rs4260285	97570081	0	-9.403644e-05	-4.795339e-06	1
2	rs4283455	95999215	0	9.099391e-05	4.391688e-06	1
2	rs4299372	96256261	0	-2.239433e-04	-1.059524e-05	1
2	rs4328671	97884763	0	-5.498348e-04	-2.718403e-05	1
2	rs4332959	96549121	0	5.775481e-04	2.826006e-05	1
2	rs4352265	96528657	0	-3.310994e-04	-1.845614e-05	1
2	rs4366944	97628047	0	2.601118e-05	1.303922e-06	1
2	rs4371393	96903360	0	-3.474506e-04	-1.748495e-05	1
2	rs4375909	97878195	1	6.605521e-04	3.275452e-05	1
2	rs4386366	97126685	0	1.462178e-03	7.758952e-05	1
2	rs4386368	97814956	0	7.307337e-04	3.565166e-05	1
2	rs4426565	97051981	0	3.641910e-04	1.829308e-05	1
2	rs4435501	96981369	0	9.553268e-04	5.254260e-05	1
2	rs4473423	97515830	0	6.361772e-04	3.456089e-05	1
2	rs4524160	97871442	0	3.087033e-04	1.471243e-05	1
2	rs4527246	96560303	0	1.326092e-03	6.895484e-05	1
2	rs4530406	97860223	1	2.490926e-04	1.282214e-05	1
2	rs4535082	97861636	0	2.124611e-04	1.108545e-05	1
2	rs4544484	96630528	0	-3.172168e-05	-1.498434e-06	1
2	rs4577322	97862656	0	5.498348e-04	2.718401e-05	1
2	rs4586672	97628231	0	2.601118e-05	1.303906e-06	1
2	rs4592891	96878667	0	-3.498738e-04	-1.761744e-05	1
2	rs4599158	97721714	0	4.095901e-04	2.119822e-05	1
2	rs4605406	96583735	1	5.409818e-04	2.641435e-05	1
2	rs4611680	96632533	0	-5.637210e-04	-2.906225e-05	1
2	rs4613327	96583823	3	6.471029e-04	3.181998e-05	1
2	rs4613328	96631964	0	-8.799064e-04	-4.481708e-05	1
2	rs4619650	97088240	0	-3.171437e-04	-1.767715e-05	1
2	rs4619651	97416153	0	-6.010534e-04	-2.944761e-05	1
2	rs4645037	97887987	0	-5.400457e-04	-2.834672e-05	1
2	rs4826	96850885	0	-2.583120e-04	-1.296270e-05	1
2	rs4854213	96089946	0	-3.837060e-04	-1.816731e-05	1
2	rs4854251	96037247	0	-5.845936e-04	-2.989168e-05	1
2	rs4854253	96056112	0	-2.609404e-04	-1.240175e-05	1
2	rs4854256	96089945	0	-3.837060e-04	-1.816732e-05	1
2	rs4907200	97320737	0	-2.032010e-03	-1.148315e-04	1
2	rs4907202	96156177	0	-2.824382e-04	-1.341397e-05	1
2	rs4907203	97556543	0	5.614055e-04	2.775259e-05	1
2	rs4907204	97558105	0	5.614055e-04	2.775259e-05	1
2	rs4907205	97558150	0	5.614055e-04	2.775259e-05	1
2	rs4907206	97560913	0	3.588089e-04	1.760229e-05	1
2	rs4907208	96157309	0	-1.364975e-04	-6.472634e-06	1
2	rs4907212	96410048	0	1.084405e-03	5.493784e-05	1
2	rs4907217	96544119	0	4.917740e-04	2.394723e-05	1
2	rs4907218	96553772	1	1.061781e-03	5.410795e-05	1
2	rs4907219	96562873	1	1.070423e-03	5.423033e-05	1
2	rs4907222	96576595	2	5.295143e-04	2.585522e-05	1
2	rs4907224	96576609	2	5.295143e-04	2.585521e-05	1
2	rs4907225	96576670	1	4.696011e-04	2.277707e-05	1
2	rs4907226	96652017	0	-4.293648e-04	-2.052032e-05	1
2	rs4907230	96855241	0	1.036045e-03	5.159380e-05	1
2	rs4907231	96969543	0	-1.007272e-03	-5.016208e-05	1
2	rs4907232	96983112	0	-7.029066e-04	-3.515231e-05	1
2	rs4907233	97053119	0	-5.144727e-04	-2.517109e-05	1
2	rs4907234	97112939	0	-1.047980e-03	-5.298738e-05	1
2	rs4907236	97187605	0	-1.583692e-03	-8.604674e-05	1
2	rs4907237	97190497	0	-1.173221e-03	-6.107900e-05	1
2	rs4907238	97197195	0	-6.228503e-04	-3.036750e-05	1
2	rs4907240	97228039	0	-1.381717e-03	-7.340032e-05	1
2	rs4907241	97241928	0	-1.381717e-03	-7.340031e-05	1
2	rs4907242	97273113	0	-1.317558e-03	-6.945030e-05	1
2	rs4907246	97326286	0	-1.623355e-03	-8.913062e-05	1
2	rs4907254	97549668	0	5.137133e-04	2.397432e-05	1
2	rs4907256	97554581	0	5.614055e-04	2.775266e-05	1
2	rs4907257	97554615	0	5.614055e-04	2.775266e-05	1
2	rs4907258	97554706	0	5.614055e-04	2.775266e-05	1
2	rs4907259	97555920	0	5.614055e-04	2.775266e-05	1
2	rs4907260	97556272	0	5.614055e-04	2.775267e-05	1
2	rs4907262	97576854	0	-1.895715e-04	-9.846971e-06	1
2	rs4907272	96321830	0	-1.941382e-04	-9.231168e-06	1
2	rs4907273	96322801	0	-1.941382e-04	-9.231172e-06	1
2	rs4907274	96363682	0	2.368449e-06	9.103773e-08	1
2	rs4907275	96384577	0	-3.741329e-04	-2.074246e-05	1
2	rs4907276	96391109	0	9.134483e-04	4.551314e-05	1
2	rs4907278	96392196	0	1.194009e-03	6.119848e-05	1
2	rs4907279	96399968	0	6.416969e-04	3.136682e-05	1
2	rs4907280	96402126	0	5.538489e-04	2.696778e-05	1
2	rs4907282	96518022	0	1.113892e-03	5.679864e-05	1
2	rs4907288	96614212	0	-3.725243e-04	-1.884739e-05	1
2	rs4907291	96654605	0	4.863944e-05	2.269731e-06	1
2	rs4907292	96664144	0	-5.637210e-04	-2.906234e-05	1
2	rs4907299	96780122	0	-4.645232e-04	-2.244753e-05	1
2	rs4907301	96836512	0	-8.052096e-04	-4.273871e-05	1
2	rs4907302	96217197	0	-2.279425e-04	-1.082809e-05	1
2	rs4907303	96217234	0	-2.279425e-04	-1.082810e-05	1
2	rs4907304	96898296	0	-1.028042e-03	-5.405844e-05	1
2	rs4907307	96925269	0	-7.607583e-04	-3.730769e-05	1
2	rs4907308	96927965	0	-7.760903e-04	-3.817447e-05	1
2	rs4907309	96936254	0	-4.612431e-04	-2.241013e-05	1
2	rs4907310	96980113	0	-4.757796e-04	-2.323454e-05	1
2	rs4907311	97011362	0	-5.991874e-04	-2.935465e-05	1
2	rs4907312	97033940	0	-7.464767e-04	-3.699076e-05	1
2	rs4907318	97108265	0	-3.995857e-04	-1.877321e-05	1
2	rs4907319	97138525	0	-7.494949e-04	-3.718364e-05	1
2	rs55674661	97473929	0	-1.005068e-03	-5.226687e-05	1
2	rs55684901	96544464	0	-3.301942e-04	-1.843744e-05	1
2	rs55687728	97201026	0	-3.315174e-04	-1.847371e-05	1
2	rs55693512	97687102	0	7.244834e-06	3.647574e-07	1
2	rs55695015	96501763	0	7.019029e-04	3.980386e-05	1
2	rs55698638	97219692	0	-2.434964e-05	-1.364999e-06	1
2	rs55716397	97201265	0	-8.075661e-04	-4.553511e-05	1
2	rs55821308	96682985	0	7.019029e-04	3.980386e-05	1
2	rs55862224	96727959	0	3.498813e-04	1.934838e-05	1
2	rs55908923	96788107	0	4.434165e-04	2.469339e-05	1
2	rs55982351	97162780	0	3.801028e-04	2.126578e-05	1
2	rs56025514	97200810	0	3.793959e-04	2.101364e-05	1
2	rs56027554	97058660	0	-5.658745e-04	-2.774646e-05	1
2	rs56051127	97839613	0	-3.603211e-04	-1.704690e-05	1
2	rs56088823	96793024	0	3.481233e-04	1.780333e-05	1
2	rs56092602	97206932	0	2.110026e-03	1.206340e-04	1
2	rs56159881	97864288	0	1.627626e-04	7.756286e-06	1
2	rs56192525	96475760	0	7.019029e-04	3.980386e-05	1
2	rs56221936	97058485	0	-6.997566e-04	-3.450485e-05	1
2	rs56223017	97629848	0	7.173030e-05	3.976265e-06	1
2	rs56229635	96855331	0	-2.514866e-04	-1.393593e-05	1
2	rs56284608	97044781	0	4.661168e-04	2.598897e-05	1
2	rs56285541	95974982	0	3.681113e-04	2.039749e-05	1
2	rs56289221	96839457	0	3.682847e-04	2.051813e-05	1
2	rs56351161	97373817	0	-5.647880e-04	-2.765150e-05	1
2	rs56361249	97380229	0	-7.611533e-04	-3.759650e-05	1
2	rs56402677	97822563	0	6.737669e-04	3.309409e-05	1
2	rs56786098	97808198	0	3.372351e-04	1.772152e-05	1
2	rs56791141	96587496	1	1.368202e-03	7.151805e-05	1
2	rs56797569	97413555	0	-3.797595e-04	-2.021305e-05	1
2	rs56800261	96942273	0	-6.166444e-04	-2.995088e-05	1
2	rs56807297	97861340	0	1.581449e-04	8.202193e-06	1
2	rs56847058	96406893	0	5.538489e-04	2.696767e-05	1
2	rs56913233	97405896	0	-2.196596e-04	-1.179309e-05	1
2	rs57035274	97608124	0	-1.731745e-04	-8.916581e-06	1
2	rs57185579	96684975	0	5.855568e-04	3.273689e-05	1
2	rs57251156	96886700	0	-4.873501e-06	-2.232051e-07	1
2	rs57273135	96482601	0	5.855568e-04	3.273689e-05	1
2	rs57352915	96670607	0	4.780043e-04	2.644550e-05	1
2	rs57397886	97592123	0	-5.513599e-04	-3.041988e-05	1
2	rs57406815	97012155	0	-4.494455e-04	-2.185730e-05	1
2	rs57476471	96902320	0	-3.474506e-04	-1.748471e-05	1
2	rs57579941	96336253	0	-1.990991e-04	-9.462059e-06	1
2	rs57582887	97406354	0	-2.196596e-04	-1.179308e-05	1
2	rs57674617	97101316	0	-1.900023e-04	-1.005855e-05	1
2	rs57675226	97560137	0	-4.977526e-04	-2.637966e-05	1
2	rs57729589	97559333	0	3.968954e-05	2.158525e-06	1
2	rs58147284	97508082	0	-8.922698e-05	-4.511657e-06	1
2	rs582014	97075826	0	-1.293101e-04	-6.088492e-06	1
2	rs58232717	97583683	0	-1.742163e-04	-9.585676e-06	1
2	rs58328293	97022495	0	-5.673413e-04	-2.781784e-05	1
2	rs58353777	97121784	0	-9.522141e-04	-5.373580e-05	1
2	rs58361269	97403110	0	1.398688e-04	6.750070e-06	1
2	rs583705	97068754	0	-1.293101e-04	-6.088488e-06	1
2	rs58372613	96048862	0	-8.568754e-05	-4.014154e-06	1
2	rs58446419	97539830	0	6.106745e-04	2.942109e-05	1
2	rs58447335	97591997	0	-3.582085e-04	-1.942905e-05	1
2	rs58448550	96880147	0	1.036045e-03	5.159352e-05	1
2	rs584811	97069879	0	1.883370e-04	8.901520e-06	1
2	rs585781	97088623	0	-3.416655e-04	-1.610522e-05	1
2	rs58610630	96025229	0	-7.305344e-04	-3.766645e-05	1
2	rs58719199	96578247	0	6.674551e-04	3.290885e-05	1
2	rs58730124	96413338	0	5.538489e-04	2.696761e-05	1
2	rs58751052	96745044	0	5.577891e-04	3.129337e-05	1
2	rs58913898	97114731	0	-9.522141e-04	-5.373579e-05	1
2	rs58984980	97570759	0	1.149089e-04	5.923339e-06	1
2	rs59021132	97318066	0	2.558292e-04	1.400553e-05	1
2	rs59033856	96603518	0	4.962604e-04	2.721682e-05	1
2	rs59073958	97352693	0	-5.123482e-04	-2.767135e-05	1
2	rs59076415	96393944	0	4.864063e-04	2.367437e-05	1
2	rs59082429	96839049	0	1.355265e-04	6.826932e-06	1
2	rs59118112	97226310	0	3.048516e-04	1.654918e-05	1
2	rs59131346	97566768	0	-9.403644e-05	-4.795225e-06	1
2	rs59178801	97604455	0	-5.239033e-04	-2.725867e-05	1
2	rs59210467	97097291	0	1.462178e-03	7.758899e-05	1
2	rs59244622	97501632	0	-5.336196e-04	-2.846188e-05	1
2	rs59271006	97529360	0	6.054562e-04	2.926293e-05	1
2	rs59284047	97614559	0	-2.743954e-05	-1.458171e-06	1
2	rs59371153	97810798	0	1.530160e-04	7.863234e-06	1
2	rs59398186	97240002	0	-8.926997e-04	-4.976674e-05	1
2	rs59413697	97119750	0	1.462178e-03	7.758897e-05	1
2	rs59426746	97327721	0	-5.290990e-04	-2.933710e-05	1
2	rs59534363	96556423	0	6.221181e-04	3.474385e-05	1
2	rs596069	97076642	0	-2.715888e-04	-1.292223e-05	1
2	rs59648446	97351561	0	-6.074349e-04	-3.187048e-05	1
2	rs59660613	97576659	0	1.352820e-04	6.974940e-06	1
2	rs59664047	96869291	0	-3.498738e-04	-1.761718e-05	1
2	rs59665910	96033058	0	-3.753668e-04	-1.976906e-05	1
2	rs597420	97070353	0	-1.293101e-04	-6.088526e-06	1
2	rs59878168	96685307	0	5.855568e-04	3.273690e-05	1
2	rs59966106	96999086	0	-4.757796e-04	-2.323438e-05	1
2	rs59979953	97014447	0	-4.550736e-04	-2.212533e-05	1
2	rs60019075	97604895	0	-4.466378e-04	-2.313590e-05	1
2	rs60063645	97584258	0	-4.567501e-04	-2.494607e-05	1
2	rs60090597	96406266	0	5.735075e-04	2.804293e-05	1
2	rs60106968	96598679	0	-2.362267e-04	-1.226258e-05	1
2	rs60273147	96559751	1	7.327625e-04	3.607887e-05	1
2	rs60283912	97634434	0	-2.256065e-04	-1.156168e-05	1
2	rs60326991	97208305	0	-1.198430e-03	-6.961471e-05	1
2	rs60330255	97593614	0	2.496491e-04	1.334271e-05	1
2	rs60400346	96646580	0	7.019029e-04	3.980387e-05	1
2	rs60409279	96872400	0	-4.701070e-04	-2.426671e-05	1
2	rs60452119	96420050	0	1.084405e-03	5.493738e-05	1
2	rs60501446	97318219	0	3.425640e-04	1.882764e-05	1
2	rs605175	97082700	0	-2.003930e-04	-9.438176e-06	1
2	rs60538359	96598388	0	3.650017e-04	1.988633e-05	1
2	rs60608738	97608085	0	-1.731745e-04	-8.916553e-06	1
2	rs60621865	97598001	0	-3.186446e-05	-1.545422e-06	1
2	rs60700118	97098756	0	1.462178e-03	7.758890e-05	1
2	rs607302	97086823	0	-9.429113e-05	-4.435920e-06	1
2	rs60793520	97721706	0	3.925843e-04	2.181129e-05	1
2	rs60795069	97864374	0	1.636678e-04	7.798800e-06	1
2	rs60944521	96052403	0	7.977034e-05	3.794187e-06	1
2	rs609765	97094536	0	-2.587738e-04	-1.213932e-05	1
2	rs61008119	97132514	0	1.462178e-03	7.758888e-05	1
2	rs61009229	97635520	0	5.558217e-04	3.094433e-05	1
2	rs61063398	97306215	0	-9.026590e-04	-4.983290e-05	1
2	rs611943	97067074	0	-2.335412e-04	-1.100503e-05	1
2	rs612017	97094011	0	-2.587738e-04	-1.213932e-05	1
2	rs61218502	97864333	0	1.627626e-04	7.756195e-06	1
2	rs61382911	97561851	0	8.576351e-05	4.202026e-06	1
2	rs61409777	96581373	0	1.113892e-03	5.679833e-05	1
2	rs61624166	96793213	0	3.481233e-04	1.780342e-05	1
2	rs61649840	96025765	0	-4.515038e-04	-2.301181e-05	1
2	rs61697794	96902604	0	1.339758e-04	6.658447e-06	1
2	rs61742095	97366088	0	-1.255598e-05	-6.627982e-07	1
2	rs61750875	97359364	0	-3.478635e-04	-1.821845e-05	1
2	rs618454	97080093	0	1.196240e-05	5.646380e-07	1
2	rs62152765	97440420	0	-3.797595e-04	-2.021299e-05	1
2	rs62152766	97440567	0	-1.255598e-05	-6.627937e-07	1
2	rs62152767	97442818	0	-1.255598e-05	-6.627927e-07	1
2	rs62152768	97442906	0	-3.797595e-04	-2.021299e-05	1
2	rs62152770	97446243	0	-2.932337e-04	-1.557782e-05	1
2	rs62152771	97447121	0	-1.255598e-05	-6.627885e-07	1
2	rs62152772	97448055	0	-3.797595e-04	-2.021298e-05	1
2	rs62152773	97448073	0	-3.797595e-04	-2.021298e-05	1
2	rs62152774	97448377	0	-3.797595e-04	-2.021298e-05	1
2	rs62152775	97448474	0	-3.797595e-04	-2.021297e-05	1
2	rs62152777	97452100	0	-3.797595e-04	-2.021297e-05	1
2	rs62152780	97456022	0	-2.452315e-04	-1.319234e-05	1
2	rs62152781	97457014	0	5.104333e-05	2.808985e-06	1
2	rs62152783	97457389	0	-3.797595e-04	-2.021297e-05	1
2	rs62152784	97457849	0	-4.249770e-04	-2.266115e-05	1
2	rs62152785	97459403	0	-4.053315e-04	-2.162088e-05	1
2	rs62152786	97459530	0	-1.594709e-04	-8.301031e-06	1
2	rs62152787	97459642	0	-1.255598e-05	-6.627707e-07	1
2	rs62152788	97470223	0	-1.261549e-04	-6.685099e-06	1
2	rs62152790	97478579	0	-1.261549e-04	-6.685097e-06	1
2	rs62152793	97484948	0	1.978585e-05	1.070036e-06	1
2	rs62152794	97485110	0	-8.922698e-05	-4.511552e-06	1
2	rs62152795	97487699	0	-7.390172e-04	-3.780716e-05	1
2	rs62152834	97504863	0	-5.691310e-04	-2.962765e-05	1
2	rs62152860	97516818	0	1.978585e-05	1.070046e-06	1
2	rs62152861	97517129	0	5.773611e-04	3.249263e-05	1
2	rs62152862	97520838	0	5.773611e-04	3.249263e-05	1
2	rs62152863	97521439	0	1.978585e-05	1.070048e-06	1
2	rs62152864	97521454	0	-5.336196e-04	-2.846180e-05	1
2	rs62152866	97532849	0	2.497507e-04	1.319010e-05	1
2	rs62152867	97535303	0	4.981427e-04	2.393276e-05	1
2	rs62152868	97537070	0	-4.111597e-05	-2.025205e-06	1
2	rs62152871	97544016	0	-4.487998e-06	-2.269432e-07	1
2	rs62152872	97545306	0	6.106624e-04	3.449289e-05	1
2	rs62152900	97561927	0	-4.336092e-04	-2.283943e-05	1
2	rs62152901	97564898	0	-3.585628e-05	-1.822546e-06	1
2	rs62152902	97569119	0	-4.846309e-05	-2.536215e-06	1
2	rs62152903	97570377	0	1.149089e-04	5.923406e-06	1
2	rs62152904	97571873	0	-1.855982e-04	-9.493328e-06	1
2	rs62152905	97572222	0	1.149089e-04	5.923409e-06	1
2	rs62152906	97572270	0	1.149089e-04	5.923409e-06	1
2	rs62152907	97572772	0	1.149089e-04	5.923410e-06	1
2	rs62152908	97574592	0	1.149089e-04	5.923411e-06	1
2	rs62152910	97577082	0	8.933699e-05	4.609612e-06	1
2	rs62152962	96773950	0	-4.009008e-04	-2.214347e-05	1
2	rs62152966	96823524	0	4.616130e-04	2.383852e-05	1
2	rs62152972	96842653	0	-2.176857e-04	-1.114493e-05	1
2	rs62152991	97808047	0	7.400857e-05	3.539444e-06	1
2	rs62153010	96854568	0	-9.745247e-05	-4.868483e-06	1
2	rs62153011	96854578	0	8.008187e-06	4.235954e-07	1
2	rs62153014	96865817	0	-9.745247e-05	-4.868476e-06	1
2	rs62153018	96876455	0	-2.558889e-04	-1.283321e-05	1
2	rs62153019	96881715	0	-5.128602e-04	-2.851615e-05	1
2	rs62153020	96882128	0	-3.498738e-04	-1.761710e-05	1
2	rs62153022	96888164	0	-3.474506e-04	-1.748458e-05	1
2	rs62153026	96910053	0	-5.453022e-04	-3.042225e-05	1
2	rs62153027	96914741	0	-5.453022e-04	-3.042225e-05	1
2	rs62153029	96920993	0	-3.498738e-04	-1.761709e-05	1
2	rs62153033	96934504	0	-6.166444e-04	-2.995067e-05	1
2	rs62153034	96941467	0	-1.084225e-03	-5.463546e-05	1
2	rs62153035	96941701	0	-7.465999e-04	-3.661642e-05	1
2	rs62153036	96941820	0	-4.262166e-04	-2.214474e-05	1
2	rs62153038	96944899	0	-5.453022e-04	-3.042224e-05	1
2	rs62153039	96945712	0	-6.323947e-04	-3.063697e-05	1
2	rs62153041	96966193	0	-7.736671e-04	-3.793301e-05	1
2	rs62153508	95989376	0	3.345681e-04	1.871669e-05	1
2	rs62153678	96558346	1	5.215826e-04	2.545011e-05	1
2	rs62153679	96558400	0	1.113892e-03	5.679824e-05	1
2	rs62153692	96569017	0	3.587491e-04	1.724387e-05	1
2	rs62153698	96579526	0	-6.533828e-04	-3.624774e-05	1
2	rs62153699	96580165	1	4.565392e-04	2.336195e-05	1
2	rs62153881	97828786	0	3.396938e-04	1.754273e-05	1
2	rs62153898	96966456	0	-7.736671e-04	-3.793298e-05	1
2	rs62153900	96977284	0	-5.802502e-04	-2.848204e-05	1
2	rs62153901	96983959	0	-5.802502e-04	-2.848203e-05	1
2	rs62153902	96987742	0	-5.802502e-04	-2.848202e-05	1
2	rs62153905	97004840	0	-5.137219e-04	-2.519638e-05	1
2	rs62153906	97005275	0	-5.658745e-04	-2.774613e-05	1
2	rs62153915	97026576	0	-5.417694e-04	-2.654085e-05	1
2	rs62153917	97029168	0	-2.806673e-04	-1.386400e-05	1
2	rs62153922	97060366	0	-6.121372e-04	-3.044246e-05	1
2	rs62153923	97063603	0	-4.092088e-04	-1.990335e-05	1
2	rs62154612	96617277	0	-5.128602e-04	-2.851613e-05	1
2	rs62154786	97087963	0	-4.802917e-04	-2.343986e-05	1
2	rs62154787	97089912	0	-4.802917e-04	-2.343985e-05	1
2	rs62154798	97176334	0	2.895656e-04	1.620730e-05	1
2	rs62154845	97267644	0	-1.381717e-03	-7.339979e-05	1
2	rs62155085	96149943	0	-3.814485e-04	-2.023481e-05	1
2	rs62155086	96150080	0	4.569041e-04	2.568403e-05	1
2	rs62155096	96257031	0	-5.114814e-04	-2.823826e-05	1
2	rs62155101	96333656	0	-5.114814e-04	-2.823826e-05	1
2	rs62155480	96626734	0	-4.380391e-04	-2.136559e-05	1
2	rs62155508	96641039	0	-4.293648e-04	-2.052086e-05	1
2	rs62155510	96645493	0	-6.280393e-04	-3.027637e-05	1
2	rs62155511	96657575	0	-7.422271e-04	-3.574394e-05	1
2	rs62155542	97735790	0	-1.416783e-04	-6.653546e-06	1
2	rs62155664	96412996	0	7.019029e-04	3.980386e-05	1
2	rs62155672	96432482	0	-5.453022e-04	-3.042223e-05	1
2	rs62155675	96438442	0	5.465256e-04	2.667632e-05	1
2	rs62155743	96480252	0	-9.831942e-04	-5.595862e-05	1
2	rs62155750	96491456	0	7.716812e-04	3.822659e-05	1
2	rs62155751	96505480	0	-5.492088e-04	-2.677262e-05	1
2	rs62156206	97357108	0	-1.255598e-05	-6.627074e-07	1
2	rs62156207	97359236	0	-1.177531e-04	-6.280844e-06	1
2	rs62156208	97383686	0	-1.255598e-05	-6.627051e-07	1
2	rs62156209	97392423	0	6.290218e-07	5.084054e-08	1
2	rs62156210	97393736	0	-2.196596e-04	-1.179295e-05	1
2	rs62156211	97398757	0	-2.196596e-04	-1.179295e-05	1
2	rs62156212	97399096	0	-2.196596e-04	-1.179294e-05	1
2	rs62156213	97399100	0	-2.196596e-04	-1.179294e-05	1
2	rs62156215	97402210	0	5.104333e-05	2.809031e-06	1
2	rs62156216	97405127	0	-2.196596e-04	-1.179294e-05	1
2	rs62156219	97409086	0	6.290218e-07	5.084941e-08	1
2	rs62156220	97409138	0	-2.196596e-04	-1.179294e-05	1
2	rs62156221	97410850	0	-2.196596e-04	-1.179294e-05	1
2	rs62156222	97410988	0	-1.255598e-05	-6.626926e-07	1
2	rs62156223	97412167	0	-2.916287e-05	-1.547350e-06	1
2	rs62156225	97414118	0	-3.797595e-04	-2.021287e-05	1
2	rs62156226	97417108	0	-3.797595e-04	-2.021286e-05	1
2	rs62156227	97417942	0	-3.797595e-04	-2.021286e-05	1
2	rs62156228	97420335	0	-2.196596e-04	-1.179293e-05	1
2	rs62156229	97421271	0	-1.594709e-04	-8.300929e-06	1
2	rs62156230	97424915	0	-1.594709e-04	-8.300926e-06	1
2	rs62156231	97425603	0	-3.797595e-04	-2.021285e-05	1
2	rs62156232	97431161	0	-1.255598e-05	-6.626789e-07	1
2	rs62156233	97434061	0	-1.594709e-04	-8.300920e-06	1
2	rs631033	97090430	0	-4.492181e-04	-2.134847e-05	1
2	rs631746	97065499	0	-2.623327e-04	-1.253078e-05	1
2	rs637532	97078743	0	1.196240e-05	5.647177e-07	1
2	rs648225	97066882	0	6.701769e-04	3.253789e-05	1
2	rs654224	97080123	0	-2.368626e-04	-1.118385e-05	1
2	rs655101	97080340	0	1.196240e-05	5.647130e-07	1
2	rs6576964	96412077	0	-1.129191e-03	-5.560144e-05	1
2	rs6576968	96904127	0	-4.701070e-04	-2.426653e-05	1
2	rs6576972	97152446	0	-3.468238e-04	-1.623755e-05	1
2	rs6576973	97218367	0	1.984502e-04	1.080988e-05	1
2	rs6576974	97244385	0	-2.032010e-03	-1.148305e-04	1
2	rs6576975	97245037	0	2.012916e-04	1.103990e-05	1
2	rs6576976	97246667	0	-2.032010e-03	-1.148305e-04	1
2	rs6576978	97285852	0	-1.919070e-03	-1.059700e-04	1
2	rs6576981	97394406	0	6.290218e-07	5.088312e-08	1
2	rs6576983	97454650	0	-3.815115e-04	-1.785932e-05	1
2	rs6576984	97454705	0	-3.815115e-04	-1.785932e-05	1
2	rs6576986	97508320	0	-5.691310e-04	-2.962753e-05	1
2	rs6576987	97512059	0	-5.691310e-04	-2.962753e-05	1
2	rs6576990	97572798	0	-3.915455e-04	-1.995188e-05	1
2	rs6576992	97620946	0	4.531271e-04	2.248365e-05	1
2	rs6576993	97620961	0	3.811007e-04	1.888735e-05	1
2	rs6576994	97620975	0	4.531271e-04	2.248364e-05	1
2	rs6576995	97621274	0	4.531271e-04	2.248364e-05	1
2	rs6576996	97623312	0	1.812103e-04	9.232421e-06	1
2	rs6576997	97637031	0	-2.256065e-04	-1.156177e-05	1
2	rs6576998	97643684	0	3.925843e-04	2.181130e-05	1
2	rs6576999	97646445	0	6.223606e-05	3.103557e-06	1
2	rs6577003	97869539	0	-1.219426e-05	-6.424372e-07	1
2	rs6577005	97888236	0	-4.818392e-04	-2.487346e-05	1
2	rs6577013	95984930	0	5.248376e-04	2.557997e-05	1
2	rs6577014	96076409	0	-2.271348e-04	-1.271587e-05	1
2	rs66727130	97324991	0	-1.381717e-03	-7.339970e-05	1
2	rs670498	97090227	0	-1.506823e-04	-7.066004e-06	1
2	rs6705204	97098095	0	-9.522141e-04	-5.373571e-05	1
2	rs6707154	96216165	2	-5.061066e-04	-2.704443e-05	1
2	rs6707224	96499474	0	5.855568e-04	3.273691e-05	1
2	rs6707255	97612214	0	3.811007e-04	1.888733e-05	1
2	rs6707583	96508571	0	1.113892e-03	5.679804e-05	1
2	rs6707965	97095583	0	-8.109417e-04	-4.514256e-05	1
2	rs6708171	97552734	0	1.338783e-04	7.071178e-06	1
2	rs6709448	96679747	0	1.200702e-03	6.885659e-05	1
2	rs6711452	97139307	0	1.474221e-03	7.722140e-05	1
2	rs6712299	96034803	0	5.706513e-04	2.682516e-05	1
2	rs6714860	97637516	0	-1.408242e-04	-7.171424e-06	1
2	rs6715329	97637905	0	-2.256065e-04	-1.156178e-05	1
2	rs6715933	97235703	0	2.160715e-04	1.192948e-05	1
2	rs6716516	96216066	0	-2.703178e-04	-1.504298e-05	1
2	rs6717064	97577343	0	-1.196084e-04	-6.108117e-06	1
2	rs6717101	96505552	0	1.113892e-03	5.679800e-05	1
2	rs6718164	97799285	0	1.530160e-04	7.863310e-06	1
2	rs6718340	97206409	0	-1.198430e-03	-6.961464e-05	1
2	rs6718420	97572470	0	1.149089e-04	5.923491e-06	1
2	rs6719831	96502590	0	1.113892e-03	5.679799e-05	1
2	rs67216602	96465551	0	6.221181e-04	3.474386e-05	1
2	rs6721921	97566501	0	-9.403644e-05	-4.795056e-06	1
2	rs6723188	97208158	0	2.160715e-04	1.192948e-05	1
2	rs6724620	96679990	0	5.147930e-04	2.848779e-05	1
2	rs6725867	96874590	0	-4.873501e-06	-2.228853e-07	1
2	rs6727384	97400324	0	-4.413411e-04	-2.070417e-05	1
2	rs6728642	97607071	0	-1.731745e-04	-8.916476e-06	1
2	rs6730773	97441643	0	-3.815115e-04	-1.785933e-05	1
2	rs6731522	97647997	0	3.677798e-04	1.884215e-05	1
2	rs6732095	97607668	0	4.907734e-04	2.686509e-05	1
2	rs6732115	97335510	0	-7.641376e-04	-4.257484e-05	1
2	rs6732237	97577661	0	1.817664e-04	9.463816e-06	1
2	rs6733589	97293140	0	-6.264823e-04	-3.468590e-05	1
2	rs6734326	97569735	0	7.190573e-05	3.795400e-06	1
2	rs6734673	97577241	0	8.933699e-05	4.609695e-06	1
2	rs6735969	97548391	0	-6.871301e-04	-3.657725e-05	1
2	rs6736365	97617682	0	4.907734e-04	2.686509e-05	1
2	rs6737429	97028762	0	-6.308099e-04	-3.105242e-05	1
2	rs6740563	96653737	0	-4.270362e-04	-2.039359e-05	1
2	rs6741001	96002651	0	-5.494685e-05	-2.656417e-06	1
2	rs6741277	97294903	0	-1.841805e-03	-1.007689e-04	1
2	rs6741561	97458436	0	-3.815115e-04	-1.785934e-05	1
2	rs6743469	97826741	0	2.333174e-04	1.132265e-05	1
2	rs6744596	96002695	0	-5.399712e-04	-3.037284e-05	1
2	rs6744976	96179305	0	-6.508588e-04	-3.554998e-05	1
2	rs6745441	96206153	0	-6.508588e-04	-3.554998e-05	1
2	rs6745473	95988192	0	-5.884765e-04	-3.139206e-05	1
2	rs6746020	97572503	0	-7.403503e-05	-3.884317e-06	1
2	rs6746896	97410949	0	-5.647880e-04	-2.765183e-05	1
2	rs6747149	97246956	0	-1.381717e-03	-7.339964e-05	1
2	rs6749086	97656166	0	3.677798e-04	1.884215e-05	1
2	rs6749159	97267293	0	-1.381717e-03	-7.339962e-05	1
2	rs674920	97070156	0	-2.715888e-04	-1.292223e-05	1
2	rs6750542	96011838	0	-5.494685e-05	-2.656413e-06	1
2	rs6750709	97827790	0	2.035898e-04	1.078294e-05	1
2	rs6751132	97405866	0	6.290218e-07	5.091615e-08	1
2	rs6751815	97566948	0	1.823683e-04	9.415088e-06	1
2	rs6752002	96670953	0	1.641615e-04	8.872423e-06	1
2	rs675239	97076556	0	1.196240e-05	5.646623e-07	1
2	rs6753263	97098802	0	-8.137830e-04	-4.483178e-05	1
2	rs6753667	97160382	0	-2.425716e-04	-1.141362e-05	1
2	rs6753713	97220657	0	-2.360026e-04	-1.304382e-05	1
2	rs6753926	97298949	0	-2.128532e-03	-1.224947e-04	1
2	rs6753987	97521820	0	-8.922698e-05	-4.511381e-06	1
2	rs6755877	97068300	0	-4.092088e-04	-1.990318e-05	1
2	rs6756208	96832699	0	-1.820270e-05	-9.127477e-07	1
2	rs6756249	97826431	0	3.583940e-04	1.699973e-05	1
2	rs6756482	97458561	0	-2.407166e-04	-1.246525e-05	1
2	rs6756986	97881267	0	-4.607980e-04	-2.378446e-05	1
2	rs67570263	97383007	0	-2.812494e-04	-1.361234e-05	1
2	rs6757916	97646109	0	6.223606e-05	3.103510e-06	1
2	rs6758151	97388884	0	6.290218e-07	5.092910e-08	1
2	rs6758174	97528365	0	9.647330e-04	4.775639e-05	1
2	rs6758519	97824043	0	-6.174770e-05	-3.431601e-06	1
2	rs6759099	97267260	0	-1.381717e-03	-7.339958e-05	1
2	rs676007	97075052	0	-1.293101e-04	-6.088531e-06	1
2	rs67628541	96056571	0	-2.609404e-04	-1.240249e-05	1
2	rs67677651	96790560	0	4.434165e-04	2.469339e-05	1
2	rs67677775	96626760	0	6.690975e-05	3.674878e-06	1
2	rs679414	97087788	0	-3.079456e-04	-1.455462e-05	1
2	rs68026712	97396403	0	-4.413411e-04	-2.070419e-05	1
2	rs687950	97069612	0	-1.293101e-04	-6.088530e-06	1
2	rs7058	96917588	0	7.198140e-05	3.357954e-06	1
2	rs71427029	96058129	0	9.468972e-05	5.220185e-06	1
2	rs71427040	96251136	0	1.109003e-04	6.125772e-06	1
2	rs71427097	97526963	0	9.028780e-05	5.009173e-06	1
2	rs71427101	97671697	0	-1.029727e-03	-5.485402e-05	1
2	rs72492163	96417816	0	5.538489e-04	2.696709e-05	1
2	rs72492169	96582837	0	7.314976e-04	4.135532e-05	1
2	rs72492198	96627697	0	7.019029e-04	3.980386e-05	1
2	rs72492201	96630201	0	-3.253107e-04	-1.554421e-05	1
2	rs72809811	97292386	0	3.326691e-04	1.844705e-05	1
2	rs72809820	97360079	0	-4.688439e-04	-2.283938e-05	1
2	rs72809822	97362025	0	2.389573e-04	1.338177e-05	1
2	rs72809824	97381556	0	3.951137e-05	2.159899e-06	1
2	rs72809825	97385585	0	-9.290395e-05	-5.064626e-06	1
2	rs72809827	97390953	0	1.398688e-04	6.749721e-06	1
2	rs72809828	97392778	0	-5.647880e-04	-2.765188e-05	1
2	rs72809835	97418083	0	1.166738e-04	6.495039e-06	1
2	rs72809838	97428320	0	-5.150423e-04	-2.520834e-05	1
2	rs72809845	97439075	0	-6.815262e-06	-3.775002e-07	1
2	rs72809850	97449762	0	-3.797595e-04	-2.021278e-05	1
2	rs72811623	97496473	0	1.978585e-05	1.070199e-06	1
2	rs72811627	97517749	0	1.978585e-05	1.070201e-06	1
2	rs72811629	97519901	0	-4.757757e-04	-2.512566e-05	1
2	rs72811637	97540653	0	-2.077606e-04	-1.147345e-05	1
2	rs72811647	97564695	0	2.389573e-04	1.338177e-05	1
2	rs72811651	97572229	0	1.149089e-04	5.923530e-06	1
2	rs72811653	97573742	0	7.190573e-05	3.795429e-06	1
2	rs72811663	97585910	0	-4.567501e-04	-2.494598e-05	1
2	rs72811667	97593213	0	-1.742163e-04	-9.585600e-06	1
2	rs72811670	97595330	0	2.554258e-04	1.388807e-05	1
2	rs72811676	97599886	0	-2.687847e-04	-1.495143e-05	1
2	rs72811680	97601342	0	-1.414533e-04	-7.778102e-06	1
2	rs72813606	97634828	0	2.373016e-04	1.326367e-05	1
2	rs72813616	97661594	0	7.173030e-05	3.976310e-06	1
2	rs72815607	97857145	0	1.150181e-04	6.390707e-06	1
2	rs72821412	96006243	0	3.836886e-05	2.141132e-06	1
2	rs72821422	96053409	0	-1.524931e-05	-7.410591e-07	1
2	rs72821424	96062071	0	3.570827e-04	2.006484e-05	1
2	rs72821426	96097401	0	2.340894e-04	1.271696e-05	1
2	rs72821427	96162952	0	-1.364975e-04	-6.473387e-06	1
2	rs72821432	96173215	0	-2.824382e-04	-1.341473e-05	1
2	rs72821435	96187935	0	-1.364975e-04	-6.473397e-06	1
2	rs72821437	96200799	0	-1.364975e-04	-6.473402e-06	1
2	rs72821446	96340826	0	-3.178628e-05	-1.521641e-06	1
2	rs72823920	96430876	0	4.917740e-04	2.394634e-05	1
2	rs72823921	96466075	0	4.917740e-04	2.394633e-05	1
2	rs72823924	96499551	0	7.019029e-04	3.980386e-05	1
2	rs72823927	96502029	0	5.855568e-04	3.273692e-05	1
2	rs72823940	96560413	0	7.019029e-04	3.980386e-05	1
2	rs72825836	96788591	0	4.434165e-04	2.469339e-05	1
2	rs72825837	96788710	0	4.434165e-04	2.469339e-05	1
2	rs72825845	96804107	0	3.026047e-04	1.679155e-05	1
2	rs72825850	96825851	0	3.641910e-04	1.829232e-05	1
2	rs72825854	96855050	0	-9.745247e-05	-4.868207e-06	1
2	rs72825856	96856127	0	-9.745247e-05	-4.868203e-06	1
2	rs72825861	96871339	0	2.274728e-04	1.264116e-05	1
2	rs72825864	96888608	0	-3.474506e-04	-1.748430e-05	1
2	rs72825865	96889900	0	-3.498738e-04	-1.761682e-05	1
2	rs72825868	96897659	0	-5.212683e-04	-2.639230e-05	1
2	rs72825869	96900287	0	3.682847e-04	2.051813e-05	1
2	rs72825877	96920893	0	-4.545850e-04	-2.297373e-05	1
2	rs72825880	96943433	0	4.750149e-04	2.668319e-05	1
2	rs72825881	96966090	0	4.750149e-04	2.668319e-05	1
2	rs72827922	97136884	0	8.175243e-05	4.531663e-06	1
2	rs72827924	97149664	0	9.875914e-04	5.153017e-05	1
2	rs72931721	96475164	0	5.855568e-04	3.273692e-05	1
2	rs72935863	96638132	0	6.221181e-04	3.474388e-05	1
2	rs72937811	96811332	0	4.434165e-04	2.469339e-05	1
2	rs72939351	97155372	0	-6.412666e-04	-3.542589e-05	1
2	rs72939365	97182550	0	-8.551573e-04	-4.817913e-05	1
2	rs72939377	97196727	0	-3.217472e-04	-1.756677e-05	1
2	rs72939379	97198788	0	-6.699109e-04	-3.751724e-05	1
2	rs72939635	97052559	0	1.288163e-04	7.160289e-06	1
2	rs72939637	97059581	0	-1.466870e-06	-8.223151e-08	1
2	rs72939642	97061654	0	-1.466870e-06	-8.223153e-08	1
2	rs72941209	97285062	0	-7.641376e-04	-4.257480e-05	1
2	rs72941214	97287838	0	-7.641376e-04	-4.257480e-05	1
2	rs72941219	97300739	0	-7.641376e-04	-4.257480e-05	1
2	rs72941235	97343303	0	-6.264823e-04	-3.468587e-05	1
2	rs72941253	97392707	0	-4.413411e-04	-2.070422e-05	1
2	rs72947377	97101590	0	-1.900023e-04	-1.005850e-05	1
2	rs72948081	96392880	0	-3.708169e-04	-2.013025e-05	1
2	rs73958160	96748169	0	-7.148415e-04	-4.050639e-05	1
2	rs73958180	96844103	0	-2.176857e-04	-1.114466e-05	1
2	rs73959416	97604518	0	-5.239033e-04	-2.725853e-05	1
2	rs7423942	96645257	1	3.197605e-04	1.521231e-05	1
2	rs7425006	96731871	0	7.019029e-04	3.980386e-05	1
2	rs7425009	96731917	0	7.019029e-04	3.980386e-05	1
2	rs74328999	96521726	0	-2.799072e-04	-1.552357e-05	1
2	rs74495263	97032097	0	3.956412e-05	2.182143e-06	1
2	rs74583310	97066497	0	8.916910e-04	4.778959e-05	1
2	rs74700362	96756911	0	-6.599577e-04	-3.726643e-05	1
2	rs74731813	97004358	0	-3.747771e-04	-2.099861e-05	1
2	rs747757	97314175	0	-7.641376e-04	-4.257479e-05	1
2	rs74856235	97169386	0	-9.516800e-04	-5.424777e-05	1
2	rs74902679	96953922	0	1.204614e-04	6.742670e-06	1
2	rs749027	97203137	0	-5.140172e-05	-2.429620e-06	1
2	rs749457	96795944	0	7.313898e-04	3.568642e-05	1
2	rs749458	96795857	0	-1.171259e-03	-6.258356e-05	1
2	rs749459	96795714	0	8.132572e-04	4.002244e-05	1
2	rs74962009	96470747	0	5.855568e-04	3.273691e-05	1
2	rs74978286	96741757	0	4.972443e-05	2.724503e-06	1
2	rs74995253	97463070	0	5.334697e-04	2.974667e-05	1
2	rs75034373	97076705	0	-3.472617e-05	-1.945005e-06	1
2	rs75098566	96195504	0	-3.788215e-04	-2.075685e-05	1
2	rs75145851	96804588	0	6.958997e-04	3.600562e-05	1
2	rs75247620	97060364	0	-1.466870e-06	-8.223136e-08	1
2	rs75297860	97600078	0	7.438325e-04	4.054663e-05	1
2	rs75301566	96925476	0	-1.861604e-05	-1.019742e-06	1
2	rs75502931	96817987	0	-1.019287e-04	-5.661014e-06	1
2	rs7558392	96623901	0	4.199979e-04	2.344760e-05	1
2	rs7558406	96539795	0	-5.637210e-04	-2.906266e-05	1
2	rs7559215	96874307	0	7.797316e-04	4.145577e-05	1
2	rs7561198	96774981	0	-7.201651e-05	-3.404989e-06	1
2	rs7561235	96599983	0	-5.637210e-04	-2.906266e-05	1
2	rs7562544	97006685	0	-5.658745e-04	-2.774583e-05	1
2	rs7563714	96640703	0	-7.029469e-04	-3.909274e-05	1
2	rs7563891	95991962	0	2.617257e-04	1.231045e-05	1
2	rs7564763	97135126	0	-9.522141e-04	-5.373565e-05	1
2	rs7565318	96260979	0	-6.990863e-04	-3.795289e-05	1
2	rs7565503	96625553	0	-2.788448e-04	-1.338425e-05	1
2	rs75655358	97138197	0	-2.763550e-04	-1.531775e-05	1
2	rs7566050	96626030	0	-4.202322e-04	-2.002442e-05	1
2	rs7566917	97112323	1	-8.328175e-04	-4.658232e-05	1
2	rs7568206	97393108	0	6.290218e-07	5.098172e-08	1
2	rs7568407	97720525	0	2.517725e-04	1.400375e-05	1
2	rs7569432	97793615	0	7.730403e-05	3.640882e-06	1
2	rs7569434	97624097	0	4.531271e-04	2.248358e-05	1
2	rs7569893	97793998	0	5.336335e-05	2.508953e-06	1
2	rs7569895	97794006	0	5.336335e-05	2.508951e-06	1
2	rs7570074	96407037	0	1.084405e-03	5.493675e-05	1
2	rs7572852	97573426	0	-4.077108e-04	-2.003329e-05	1
2	rs7574488	97599618	0	-9.302291e-05	-4.548351e-06	1
2	rs75745422	96898867	0	-4.455120e-05	-2.490701e-06	1
2	rs7575254	97275760	0	-8.511643e-04	-4.285723e-05	1
2	rs7575318	96412297	1	4.073719e-04	2.272913e-05	1
2	rs75758249	96375841	0	3.838845e-04	2.125425e-05	1
2	rs75763821	97392694	0	-2.196596e-04	-1.179282e-05	1
2	rs7578377	97793324	0	5.336335e-05	2.508940e-06	1
2	rs7579553	96875297	0	1.363990e-04	6.779097e-06	1
2	rs7579709	96881596	0	-3.498738e-04	-1.761676e-05	1
2	rs7580048	97304180	0	-1.381717e-03	-7.339945e-05	1
2	rs7580097	97117808	0	-8.109417e-04	-4.514249e-05	1
2	rs7580178	96848207	0	-3.498738e-04	-1.761675e-05	1
2	rs7580182	97771972	0	3.463653e-04	1.770645e-05	1
2	rs7580337	97346334	0	-5.010869e-04	-2.406788e-05	1
2	rs7580504	97605597	0	8.845025e-04	4.850781e-05	1
2	rs7580685	95979296	0	4.974283e-04	2.429399e-05	1
2	rs7580942	97468276	0	5.557402e-04	2.898557e-05	1
2	rs75815746	96041607	0	-4.482959e-04	-2.523929e-05	1
2	rs7582249	97463529	0	-3.815115e-04	-1.785940e-05	1
2	rs7583191	97670090	1	3.902255e-04	2.004260e-05	1
2	rs7583558	96372406	0	-9.213756e-04	-5.164083e-05	1
2	rs7584318	97648424	0	-2.976330e-04	-1.535503e-05	1
2	rs7584335	97624304	0	4.531271e-04	2.248357e-05	1
2	rs7584641	97607655	0	-1.731745e-04	-8.916425e-06	1
2	rs7584930	97298290	0	-1.841805e-03	-1.007685e-04	1
2	rs7585303	97114152	0	-8.109417e-04	-4.514248e-05	1
2	rs7586317	97447831	0	-3.815115e-04	-1.785941e-05	1
2	rs7586802	96152144	0	-2.564713e-05	-1.232650e-06	1
2	rs7587384	97126727	0	-9.067080e-04	-4.529805e-05	1
2	rs7588478	96989500	0	1.570227e-04	8.763053e-06	1
2	rs7588752	97849669	1	-8.006338e-07	-5.104502e-08	1
2	rs7589232	97566148	0	-9.403644e-05	-4.794957e-06	1
2	rs7591754	97134859	0	-9.522141e-04	-5.373564e-05	1
2	rs7591775	97579270	0	2.194837e-04	1.120376e-05	1
2	rs7592101	97579507	0	-3.551324e-04	-1.735000e-05	1
2	rs7593493	97611040	1	5.460762e-04	2.736893e-05	1
2	rs7593754	97607544	0	-1.731745e-04	-8.916418e-06	1
2	rs7594144	95973131	0	4.974283e-04	2.429399e-05	1
2	rs7594727	97489870	0	-7.390172e-04	-3.780686e-05	1
2	rs7594898	96623968	0	4.199979e-04	2.344760e-05	1
2	rs75954050	96975018	0	-2.714287e-04	-1.507105e-05	1
2	rs75961741	97057040	0	-1.209449e-04	-6.757025e-06	1
2	rs7597743	97608837	0	5.030369e-05	2.468235e-06	1
2	rs7597765	96600052	0	1.927533e-04	9.105338e-06	1
2	rs759789	96329255	0	1.843766e-04	8.752680e-06	1
2	rs7599598	97351840	0	-2.115731e-04	-9.728556e-06	1
2	rs7599624	97455715	4	-2.334755e-04	-1.134199e-05	1
2	rs75996508	96963715	0	-1.653353e-04	-9.096368e-06	1
2	rs7600796	96251145	0	-7.453081e-04	-4.091158e-05	1
2	rs76027851	96939456	0	1.204614e-04	6.742671e-06	1
2	rs7602807	96012907	0	-5.494685e-05	-2.656360e-06	1
2	rs7603256	97567389	0	-3.551324e-04	-1.734999e-05	1
2	rs7603758	96418476	0	-8.542848e-04	-4.387835e-05	1
2	rs7604736	97244163	0	-7.641376e-04	-4.257477e-05	1
2	rs76047826	96948273	0	1.204614e-04	6.742671e-06	1
2	rs7604842	96777340	0	7.768290e-06	4.112306e-07	1
2	rs7605469	97328326	0	3.425640e-04	1.882772e-05	1
2	rs7606426	97794022	0	5.336335e-05	2.508901e-06	1
2	rs7607990	97235814	0	-9.605030e-04	-5.395177e-05	1
2	rs7608325	97305080	0	2.012916e-04	1.103994e-05	1
2	rs7608621	97483783	0	-7.390172e-04	-3.780684e-05	1
2	rs7608661	97459920	0	-3.815115e-04	-1.785942e-05	1
2	rs76099099	96758104	0	1.057798e-04	5.829823e-06	1
2	rs76109429	97574984	0	1.107937e-04	6.099751e-06	1
2	rs76142129	97096513	0	-1.941933e-04	-1.037116e-05	1
2	rs76158645	95992215	0	-6.345366e-04	-3.529368e-05	1
2	rs76333649	96240368	0	4.536599e-04	2.536127e-05	1
2	rs76413681	96772950	0	4.001582e-04	2.039550e-05	1
2	rs76433928	97145852	0	2.754072e-04	1.529911e-05	1
2	rs76514714	96168626	0	3.838845e-04	2.125425e-05	1
2	rs76653475	97324202	0	-3.315174e-04	-1.847362e-05	1
2	rs76653480	97375549	0	-1.584967e-04	-8.518890e-06	1
2	rs76763973	96009340	0	-6.345366e-04	-3.529368e-05	1
2	rs76769583	97090009	0	-3.472617e-05	-1.945005e-06	1
2	rs76926497	96957766	0	-1.861604e-05	-1.019732e-06	1
2	rs77042385	95979891	0	-2.169330e-04	-1.209888e-05	1
2	rs77103707	97057420	0	-3.472617e-05	-1.945005e-06	1
2	rs77137338	96169554	0	-4.992183e-04	-2.807293e-05	1
2	rs77150046	96951777	0	-3.171437e-04	-1.767731e-05	1
2	rs77169098	97638495	0	-1.943274e-04	-1.069688e-05	1
2	rs772154	97021664	0	6.460743e-04	3.140012e-05	1
2	rs772156	97029830	0	-2.256865e-04	-1.079655e-05	1
2	rs772159	97036439	0	-2.256865e-04	-1.079655e-05	1
2	rs772161	97043803	0	-4.508426e-05	-2.152627e-06	1
2	rs772167	97077871	0	-1.293101e-04	-6.088604e-06	1
2	rs772173	97000396	0	-6.576835e-04	-3.227895e-05	1
2	rs772174	96991492	0	-1.012983e-03	-5.098936e-05	1
2	rs772175	96944553	0	9.009811e-04	4.447054e-05	1
2	rs772177	96960471	0	-1.025983e-03	-5.195551e-05	1
2	rs772178	96963684	0	9.009811e-04	4.447052e-05	1
2	rs77415097	96741795	0	1.737971e-04	9.740349e-06	1
2	rs77480180	96407085	0	-5.453022e-04	-3.042220e-05	1
2	rs77527374	97182497	0	-8.551573e-04	-4.817908e-05	1
2	rs77576319	96991345	0	2.473582e-04	1.382963e-05	1
2	rs77639823	97309696	0	-6.699109e-04	-3.751720e-05	1
2	rs77642907	96689817	0	4.414430e-04	2.445976e-05	1
2	rs77647729	97116316	0	-3.718234e-04	-2.079953e-05	1
2	rs77765498	97113401	0	-8.137830e-04	-4.483170e-05	1
2	rs77923832	97569200	0	1.633720e-04	8.951861e-06	1
2	rs78018759	97293759	0	-3.315174e-04	-1.847361e-05	1
2	rs78099783	97329411	0	-2.275347e-04	-1.266352e-05	1
2	rs78131290	97606810	0	7.906417e-05	4.367089e-06	1
2	rs78152671	97218789	0	-1.622535e-04	-8.956565e-06	1
2	rs78368847	96410196	0	-9.407385e-04	-5.332987e-05	1
2	rs78381888	97500775	0	3.192932e-04	1.639197e-05	1
2	rs78424221	97410399	0	-1.255598e-05	-6.625636e-07	1
2	rs78489261	97005183	0	1.060857e-04	5.925492e-06	1
2	rs78512664	96893189	0	-2.102103e-04	-1.174156e-05	1
2	rs78752116	96738708	0	1.737971e-04	9.740349e-06	1
2	rs78757165	97647242	0	-1.841012e-04	-1.009756e-05	1
2	rs78783493	97668945	0	-1.113215e-04	-6.011150e-06	1
2	rs78833378	96080548	0	-2.609404e-04	-1.240273e-05	1
2	rs79050950	97059003	0	-2.018545e-04	-1.121184e-05	1
2	rs79102712	96377326	0	-3.917585e-04	-2.189047e-05	1
2	rs79163674	97035737	0	6.958997e-04	3.600550e-05	1
2	rs79216525	96730409	0	7.019029e-04	3.980386e-05	1
2	rs79489551	96988698	0	4.750149e-04	2.668320e-05	1
2	rs79546441	96218872	0	-8.200178e-05	-3.898887e-06	1
2	rs79556424	97629132	0	7.906417e-05	4.367090e-06	1
2	rs79602254	96017141	0	-5.584634e-05	-3.127974e-06	1
2	rs79632388	97119553	0	-5.037697e-04	-2.716825e-05	1
2	rs79644073	97649556	0	-1.943274e-04	-1.069688e-05	1
2	rs79724734	97559322	0	1.971940e-05	1.079978e-06	1
2	rs798202	97024331	0	-1.132784e-03	-6.403206e-05	1
2	rs79920734	97182679	0	-8.551573e-04	-4.817907e-05	1
2	rs80076034	96939520	0	1.204614e-04	6.742672e-06	1
2	rs80229301	96874626	0	3.682847e-04	2.051813e-05	1
2	rs80341479	97560801	0	7.229776e-05	3.947899e-06	1
2	rs810057	97015073	0	8.220343e-04	4.050650e-05	1
2	rs868168	97353725	0	7.404044e-06	3.187126e-07	1
2	rs869185	96024156	0	-3.055631e-04	-1.550354e-05	1
2	rs869186	96024340	0	1.869096e-04	8.654800e-06	1
2	rs870393	95982093	0	4.924674e-04	2.404972e-05	1
2	rs878064	97438552	1	-6.953694e-05	-3.607203e-06	1
2	rs878919	97437990	0	-5.068030e-04	-2.382291e-05	1
2	rs888610	96421021	0	-8.485298e-04	-4.764292e-05	1
2	rs889851	95980340	0	4.974283e-04	2.429400e-05	1
2	rs889852	95977790	0	4.924674e-04	2.404972e-05	1
2	rs889853	95977591	0	4.974283e-04	2.429400e-05	1
2	rs893173	96789787	0	8.065063e-04	3.944465e-05	1
2	rs918811	96003762	0	-5.494685e-05	-2.656351e-06	1
2	rs9324211	97867870	0	6.080149e-04	3.004456e-05	1
2	rs945747	97116084	0	-8.109417e-04	-4.514245e-05	1
2	rs950320	96029159	0	-4.049855e-04	-2.038083e-05	1
2	rs9631085	97886295	0	-1.167113e-04	-6.022301e-06	1
2	rs9636495	97869056	0	-1.163697e-05	-5.609926e-07	1
2	rs9636496	97771060	0	3.474243e-04	1.784020e-05	1
2	rs9677420	97837869	0	2.124611e-04	1.108513e-05	1
2	rs9678800	96009318	0	9.099391e-05	4.391947e-06	1
2	rs968470	97423626	0	-4.413411e-04	-2.070426e-05	1
2	rs9752465	97306204	0	3.425640e-04	1.882773e-05	1
2	rs994430	97439001	0	-3.815115e-04	-1.785943e-05	1
2	rs9973492	97498481	0	-5.691310e-04	-2.962731e-05	1
2	rs9973669	97679094	0	1.189947e-03	6.602348e-05	1
2	rs9973823	97681593	0	1.844361e-04	9.410434e-06	1
2	rs997547	96859034	0	-4.701070e-04	-2.426630e-05	1
2	rs997548	96858914	0	-3.498738e-04	-1.761669e-05	1
