chr	rs	ps	n_miss	b	beta	gamma
2	rs1006021	95952641	0	-1.390722e-03	-3.302411e-05	1
2	rs10165220	95537000	0	-1.607626e-04	-3.677876e-06	1
2	rs10167893	95413503	0	-3.590755e-05	-8.349910e-07	1
2	rs10168251	96348510	0	-1.283760e-03	-3.095473e-05	1
2	rs10172167	95629038	0	-5.588915e-04	-1.299242e-05	1
2	rs10174668	95537041	0	-1.607626e-04	-3.677877e-06	1
2	rs10177228	95329498	0	-2.207474e-04	-5.174867e-06	1
2	rs10178186	95467255	0	1.769824e-04	4.162690e-06	1
2	rs10179234	95597163	0	-2.852334e-04	-6.430760e-06	1
2	rs10181516	95631419	0	-6.242794e-04	-1.452483e-05	1
2	rs10182076	95446987	0	-5.563821e-04	-1.308202e-05	1
2	rs10183026	95437385	0	-4.467175e-05	-1.038997e-06	1
2	rs10183130	95332385	0	-3.590755e-05	-8.349853e-07	1
2	rs10183151	96774786	0	-1.917166e-04	-4.401534e-06	1
2	rs10183454	96164681	0	5.056053e-04	1.207913e-05	1
2	rs10184772	95778365	0	-1.307697e-03	-3.122171e-05	1
2	rs10185133	95542788	0	4.367235e-04	9.967371e-06	1
2	rs10186829	95340062	0	-3.590755e-05	-8.349846e-07	1
2	rs10189150	95423118	0	-2.866028e-06	-5.972855e-08	1
2	rs10191151	95541842	0	2.666500e-04	6.075246e-06	1
2	rs10191464	95542112	0	7.681090e-04	1.756627e-05	1
2	rs10193770	95464577	0	1.040433e-04	2.445949e-06	1
2	rs10194622	95339725	0	-3.590755e-05	-8.349833e-07	1
2	rs10195614	95957777	0	-6.957171e-04	-1.608565e-05	1
2	rs10197534	95671747	0	-4.969480e-04	-1.187727e-05	1
2	rs10199113	95477771	0	1.040433e-04	2.445951e-06	1
2	rs10200969	95604943	0	-5.117511e-04	-1.225452e-05	1
2	rs10201588	95358799	0	-3.590755e-05	-8.349807e-07	1
2	rs10201642	95349243	0	-3.590755e-05	-8.349800e-07	1
2	rs10201845	96150959	0	-9.755373e-04	-2.331996e-05	1
2	rs10201999	95508529	0	1.344583e-04	3.163502e-06	1
2	rs10202262	95444917	0	6.908919e-06	1.687515e-07	1
2	rs10202799	95442546	0	1.040433e-04	2.445955e-06	1
2	rs10204030	95372255	0	-4.440314e-04	-1.045110e-05	1
2	rs10204549	95419652	0	-2.866028e-06	-5.972113e-08	1
2	rs10204751	95508286	0	1.344583e-04	3.163505e-06	1
2	rs10204970	95410387	0	-3.590755e-05	-8.349752e-07	1
2	rs10206212	95352379	0	-1.418105e-03	-3.301078e-05	1
2	rs10208474	95454742	0	2.231385e-04	5.105438e-06	1
2	rs10209723	95349192	0	-3.590755e-05	-8.349717e-07	1
2	rs10210207	95329476	0	-2.207474e-04	-5.174849e-06	1
2	rs10210891	95580865	0	-2.852334e-04	-6.430746e-06	1
2	rs1043092	96480181	0	-5.878480e-04	-1.354841e-05	1
2	rs10445976	95676438	0	-1.140539e-03	-2.736429e-05	1
2	rs10874458	96637870	0	-2.831259e-04	-6.798594e-06	1
2	rs10874467	95522747	0	-2.337018e-04	-5.342956e-06	1
2	rs10874471	96038093	0	9.284875e-04	2.181571e-05	1
2	rs1104775	95948987	0	-8.067575e-04	-1.871219e-05	1
2	rs111293589	95363070	0	-1.298888e-03	-3.109222e-05	1
2	rs111376985	95973657	0	-1.631687e-04	-3.936057e-06	1
2	rs111397326	96374796	0	-7.823934e-04	-1.844091e-05	1
2	rs111479381	95329905	0	-1.092719e-03	-2.645702e-05	1
2	rs111507197	96407476	0	3.422492e-05	8.204609e-07	1
2	rs111559998	96663537	0	-3.708314e-04	-8.922545e-06	1
2	rs111594658	95881790	0	-1.146696e-04	-2.768844e-06	1
2	rs11164049	96345518	0	7.258736e-04	1.661284e-05	1
2	rs11164050	96352451	0	1.068570e-03	2.462780e-05	1
2	rs11164053	96556598	0	-3.047221e-04	-7.003644e-06	1
2	rs11164056	95454023	0	-1.361620e-04	-3.246518e-06	1
2	rs11164111	95535544	0	-1.607626e-04	-3.677871e-06	1
2	rs11164112	95537622	0	-2.337018e-04	-5.342962e-06	1
2	rs11164116	95585292	0	-2.852334e-04	-6.430743e-06	1
2	rs11164117	95680267	0	6.356160e-04	1.439400e-05	1
2	rs11164122	95976912	0	-1.044320e-03	-2.425016e-05	1
2	rs11164123	96018056	0	8.406260e-04	2.046826e-05	1
2	rs11164125	96057129	0	7.357709e-04	1.685686e-05	1
2	rs11164126	96159722	0	1.805679e-04	4.300329e-06	1
2	rs111645402	95850849	0	-1.586223e-04	-3.825754e-06	1
2	rs111650907	95862098	0	1.857804e-04	4.260776e-06	1
2	rs111701937	95538078	0	-2.237804e-04	-5.363017e-06	1
2	rs111785204	95466477	0	4.532846e-04	1.066158e-05	1
2	rs111809589	96582191	1	1.301043e-05	3.085703e-07	1
2	rs111935771	95695296	0	-3.678216e-04	-8.844225e-06	1
2	rs111998380	95966565	0	-1.631687e-04	-3.936056e-06	1
2	rs112032343	96044014	0	1.285474e-04	3.077510e-06	1
2	rs112165035	95588607	0	6.242794e-04	1.452480e-05	1
2	rs112306420	95538361	0	-2.237804e-04	-5.363017e-06	1
2	rs112414504	96545393	0	-1.147723e-04	-2.734761e-06	1
2	rs112635660	96242676	0	1.726320e-04	4.141522e-06	1
2	rs112704122	96546462	0	-2.010247e-05	-4.876311e-07	1
2	rs112935613	96612118	0	-1.328227e-04	-3.070252e-06	1
2	rs112999549	96390576	0	-3.454954e-04	-8.295138e-06	1
2	rs113155966	95747660	0	-3.654290e-04	-8.788589e-06	1
2	rs113190483	96328039	0	8.538570e-04	1.960760e-05	1
2	rs113259652	95775761	0	-1.146696e-04	-2.768843e-06	1
2	rs113351690	95926334	0	-1.146696e-04	-2.768843e-06	1
2	rs113670563	96181714	0	5.558001e-04	1.269060e-05	1
2	rs113688429	95390986	0	-1.085183e-03	-2.576861e-05	1
2	rs113733089	96016402	0	7.099273e-04	1.707021e-05	1
2	rs113758064	95701516	0	-3.678216e-04	-8.844226e-06	1
2	rs113771375	95560541	4	-6.004695e-04	-1.447237e-05	1
2	rs113790011	96582824	0	-2.379662e-04	-5.568009e-06	1
2	rs113897931	96328043	0	8.538570e-04	1.960759e-05	1
2	rs113940931	95371954	0	1.212900e-03	2.918421e-05	1
2	rs113974174	96056769	0	1.726320e-04	4.141523e-06	1
2	rs113994558	96026199	0	-7.664748e-04	-1.849642e-05	1
2	rs114016246	95493707	0	-1.581289e-03	-3.849730e-05	1
2	rs114044329	95679016	0	3.270358e-04	7.847177e-06	1
2	rs114081176	95942203	0	1.041478e-04	2.503532e-06	1
2	rs114176507	96383508	0	-2.797796e-04	-6.766985e-06	1
2	rs114201541	95988386	0	1.285474e-04	3.077507e-06	1
2	rs114254570	96170622	0	2.364055e-04	5.682724e-06	1
2	rs114329473	96401427	0	-3.308996e-04	-7.982378e-06	1
2	rs114519920	95383399	0	-4.507246e-04	-1.088481e-05	1
2	rs114579387	95741067	0	5.412449e-04	1.310084e-05	1
2	rs114597090	95626616	0	2.450588e-04	5.922475e-06	1
2	rs114615085	95776956	0	2.325061e-04	5.576429e-06	1
2	rs114615899	96467253	0	-6.990426e-04	-1.665853e-05	1
2	rs114686952	96437015	0	-3.723102e-04	-8.976908e-06	1
2	rs114701803	95435356	0	-5.745932e-04	-1.393881e-05	1
2	rs114726027	95870635	0	-7.212371e-04	-1.749481e-05	1
2	rs114824530	95378777	0	-5.371624e-05	-1.289280e-06	1
2	rs114873791	95700437	0	-4.411525e-04	-1.068707e-05	1
2	rs114884754	95553030	0	5.809005e-04	1.350665e-05	1
2	rs114887607	96066706	0	6.794233e-05	1.635785e-06	1
2	rs114943497	95571823	0	-4.626864e-04	-1.109172e-05	1
2	rs114969196	95684744	0	-6.681344e-04	-1.610728e-05	1
2	rs115058895	96227253	0	3.606292e-04	8.709672e-06	1
2	rs115107175	95674494	0	6.357745e-04	1.539880e-05	1
2	rs115122032	95568062	0	3.270358e-04	7.847176e-06	1
2	rs115128933	95525962	0	-3.295341e-04	-7.536522e-06	1
2	rs115152327	95666090	0	1.563592e-04	3.772152e-06	1
2	rs115258802	95766599	0	-5.492452e-04	-1.326384e-05	1
2	rs11526124	96669134	0	-3.708314e-04	-8.922544e-06	1
2	rs115372293	95371183	0	-4.797906e-04	-1.153070e-05	1
2	rs115478845	95376318	0	-8.630130e-04	-2.099613e-05	1
2	rs115504929	96802475	0	-3.575071e-04	-8.613605e-06	1
2	rs115528323	95972159	0	-4.266456e-04	-1.026407e-05	1
2	rs115536480	95669593	0	1.563592e-04	3.772151e-06	1
2	rs115616831	96077519	0	3.606292e-04	8.709672e-06	1
2	rs115641503	96407567	0	-3.422686e-04	-8.208606e-06	1
2	rs115656191	96386722	0	1.559163e-04	3.762890e-06	1
2	rs115685643	95574923	0	1.563592e-04	3.772151e-06	1
2	rs115695144	96425841	0	-1.605656e-04	-3.850908e-06	1
2	rs115700567	96240419	0	3.606292e-04	8.709672e-06	1
2	rs115786506	96809015	0	2.304639e-04	5.557450e-06	1
2	rs115799061	95836117	0	2.325061e-04	5.576428e-06	1
2	rs115800054	95345619	0	-4.992237e-04	-1.204916e-05	1
2	rs115861658	95615211	0	1.563592e-04	3.772151e-06	1
2	rs115875829	95873379	0	-7.212371e-04	-1.749481e-05	1
2	rs115878902	95640358	0	1.563592e-04	3.772151e-06	1
2	rs115880417	95983210	0	1.763883e-04	4.191792e-06	1
2	rs115912198	95406509	0	-1.069181e-03	-2.560590e-05	1
2	rs115940547	96207739	0	1.041478e-04	2.503532e-06	1
2	rs116013309	96071285	0	1.115977e-04	2.687347e-06	1
2	rs116013757	96474721	0	-3.422686e-04	-8.208606e-06	1
2	rs116118641	96358603	0	1.589193e-04	3.812693e-06	1
2	rs116124545	95353861	0	5.713304e-04	1.368178e-05	1
2	rs116135059	96409566	0	-4.060062e-04	-9.777038e-06	1
2	rs116155345	95392684	0	-8.630130e-04	-2.099613e-05	1
2	rs116276763	96344462	0	1.833946e-04	4.425667e-06	1
2	rs116276840	95738891	0	-9.659186e-04	-2.341337e-05	1
2	rs116287759	96473318	0	-5.724853e-04	-1.361853e-05	1
2	rs116306113	95837416	0	1.563592e-04	3.772151e-06	1
2	rs116463982	95366786	0	-4.797906e-04	-1.153070e-05	1
2	rs116472230	96248976	0	4.872955e-05	1.162685e-06	1
2	rs116595726	96604177	0	-3.308996e-04	-7.982377e-06	1
2	rs116675189	95764604	0	-8.146419e-04	-1.970008e-05	1
2	rs116676054	95786254	0	-3.736142e-04	-9.025024e-06	1
2	rs116702219	95696345	0	-9.212408e-05	-2.215086e-06	1
2	rs11674404	96608533	0	-4.945624e-04	-1.164035e-05	1
2	rs116761824	96787827	0	2.388297e-04	5.757500e-06	1
2	rs11676901	96370571	0	4.249852e-04	9.686325e-06	1
2	rs11676926	96504594	0	3.600304e-04	8.326804e-06	1
2	rs11677429	96193061	0	5.558001e-04	1.269058e-05	1
2	rs116778080	95700986	0	3.270358e-04	7.847173e-06	1
2	rs11679899	96378162	0	5.529687e-04	1.264169e-05	1
2	rs11682182	96378210	0	5.529687e-04	1.264168e-05	1
2	rs116824031	95552187	0	-4.258782e-04	-1.032204e-05	1
2	rs116833964	95967623	0	1.360311e-04	3.229542e-06	1
2	rs11683523	96544855	0	-3.047221e-04	-7.003673e-06	1
2	rs11683767	96170855	0	5.558001e-04	1.269057e-05	1
2	rs11684258	96603068	0	-8.643301e-04	-2.044981e-05	1
2	rs11685849	96243804	0	3.549028e-04	8.088950e-06	1
2	rs11686534	95901265	0	7.510028e-04	1.710322e-05	1
2	rs11687113	96658588	0	-3.349087e-04	-7.649117e-06	1
2	rs11688045	96243805	0	3.549028e-04	8.088947e-06	1
2	rs11688555	96397341	0	-5.057016e-04	-1.166703e-05	1
2	rs11688742	96367616	0	-1.090899e-03	-2.583260e-05	1
2	rs11688743	96328756	0	7.258736e-04	1.661278e-05	1
2	rs1168965	96787899	0	3.168074e-04	7.262873e-06	1
2	rs1168966	96798510	0	9.877102e-06	2.335001e-07	1
2	rs1168974	96814928	0	5.686617e-04	1.306189e-05	1
2	rs1168975	96814075	0	5.686617e-04	1.306189e-05	1
2	rs1168976	96813480	0	5.686617e-04	1.306189e-05	1
2	rs11689832	96554851	1	-1.821998e-04	-4.187075e-06	1
2	rs11690061	96514476	0	-4.273413e-04	-9.822801e-06	1
2	rs11691090	96514212	0	-3.047221e-04	-7.003677e-06	1
2	rs11691245	96615769	0	-1.495347e-04	-3.507512e-06	1
2	rs11694151	96353286	0	6.662177e-04	1.523801e-05	1
2	rs11883879	95528861	0	-1.607626e-04	-3.677886e-06	1
2	rs11885687	95429424	0	-1.033340e-03	-2.460508e-05	1
2	rs11888975	95491920	0	6.495409e-04	1.528010e-05	1
2	rs11889199	95459398	0	1.769824e-04	4.162719e-06	1
2	rs11889464	95537501	0	-3.650599e-04	-8.718661e-06	1
2	rs11892003	95737678	0	-6.656490e-04	-1.606193e-05	1
2	rs11897891	95440352	0	-4.467175e-05	-1.038969e-06	1
2	rs11897976	96007303	0	-5.612093e-04	-1.290924e-05	1
2	rs11901209	95553305	0	8.958342e-04	2.054908e-05	1
2	rs12185570	95457829	0	-1.310989e-03	-3.166773e-05	1
2	rs12185694	95827798	0	-6.429293e-05	-1.557444e-06	1
2	rs12328162	95498825	0	2.073974e-04	4.884511e-06	1
2	rs12328324	95339024	0	-3.590755e-05	-8.349572e-07	1
2	rs12329045	95350378	0	-3.590755e-05	-8.349565e-07	1
2	rs12373651	96072408	0	1.212446e-03	2.817885e-05	1
2	rs12464148	96596710	0	-8.393959e-04	-1.928252e-05	1
2	rs12465634	96600265	0	-1.520852e-03	-3.560292e-05	1
2	rs12468117	96194583	0	6.287392e-04	1.436925e-05	1
2	rs12468777	96038810	0	9.583796e-04	2.252883e-05	1
2	rs12470428	95903902	0	-1.375640e-03	-3.305184e-05	1
2	rs12471385	95806969	0	-1.309281e-04	-3.114387e-06	1
2	rs12471472	96205455	0	5.558001e-04	1.269054e-05	1
2	rs12471925	96555522	0	-3.047221e-04	-7.003690e-06	1
2	rs12471991	96430547	0	-4.017991e-04	-9.237238e-06	1
2	rs12473765	96387339	0	-1.308377e-04	-3.015367e-06	1
2	rs12474195	95595941	0	6.242794e-04	1.452477e-05	1
2	rs12476591	96387311	0	2.737407e-04	6.591082e-06	1
2	rs12477206	96535332	0	-2.217086e-04	-5.086019e-06	1
2	rs12478605	96377078	0	6.662177e-04	1.523798e-05	1
2	rs12612700	96600712	0	-8.823628e-04	-2.089134e-05	1
2	rs12612789	95527678	0	-2.337018e-04	-5.342984e-06	1
2	rs12613703	96646293	0	-2.831259e-04	-6.798588e-06	1
2	rs12615758	95671751	0	5.388540e-04	1.294806e-05	1
2	rs12620892	95945189	0	-1.238123e-03	-2.956859e-05	1
2	rs12623771	96633504	0	-8.393959e-04	-1.928252e-05	1
2	rs12624036	96158720	0	-9.755373e-04	-2.331992e-05	1
2	rs12624038	96158728	0	-9.755373e-04	-2.331992e-05	1
2	rs12717775	96496891	0	4.160925e-04	9.490179e-06	1
2	rs12717776	96523006	0	-1.621245e-04	-3.772699e-06	1
2	rs12717777	96523009	0	-1.621245e-04	-3.772699e-06	1
2	rs12717778	96523047	0	-1.621245e-04	-3.772699e-06	1
2	rs12717779	96559064	1	6.177035e-04	1.407810e-05	1
2	rs12717784	95552783	0	8.958342e-04	2.054907e-05	1
2	rs12717788	95357972	0	2.168616e-04	5.097995e-06	1
2	rs12717789	95359306	0	-1.653826e-03	-3.829426e-05	1
2	rs12717791	95420294	0	-2.866028e-06	-5.969766e-08	1
2	rs12990344	95439005	0	-4.527956e-04	-1.064727e-05	1
2	rs12996789	96061242	0	-5.200155e-04	-1.254391e-05	1
2	rs12998177	95406087	0	-1.307364e-04	-3.070135e-06	1
2	rs12998267	96248482	0	-4.935476e-04	-1.170824e-05	1
2	rs13000864	95364171	0	-3.590755e-05	-8.349497e-07	1
2	rs13005775	95734474	0	-1.309281e-04	-3.114390e-06	1
2	rs13007001	95885744	0	-5.685146e-04	-1.370751e-05	1
2	rs13009727	96769883	2	-3.562288e-04	-8.130029e-06	1
2	rs13010219	96076077	0	-6.259916e-04	-1.512872e-05	1
2	rs13013517	95574666	0	-2.965531e-05	-7.068132e-07	1
2	rs13015670	95833187	0	-5.685146e-04	-1.370751e-05	1
2	rs13023013	95476905	0	-2.158404e-04	-5.169432e-06	1
2	rs13025764	96584005	1	-5.772931e-04	-1.395183e-05	1
2	rs13026572	95457093	0	-2.158404e-04	-5.169431e-06	1
2	rs13033750	95879262	0	-5.685146e-04	-1.370751e-05	1
2	rs1316873	95698646	0	-1.367616e-03	-3.302623e-05	1
2	rs13382298	95450497	0	2.520407e-04	5.919780e-06	1
2	rs13382748	95450931	0	1.040433e-04	2.445984e-06	1
2	rs13383433	95553194	0	8.958342e-04	2.054907e-05	1
2	rs13384585	95418352	0	-3.590755e-05	-8.349483e-07	1
2	rs13384683	95527944	0	-6.503352e-04	-1.474551e-05	1
2	rs13385029	95483742	0	1.769824e-04	4.162731e-06	1
2	rs13385838	95868247	0	-1.561273e-03	-3.774241e-05	1
2	rs13386035	95451642	0	-9.030771e-04	-2.059273e-05	1
2	rs13387294	95888434	0	-1.375640e-03	-3.305182e-05	1
2	rs13389021	95488700	0	1.344583e-04	3.163535e-06	1
2	rs13389674	95391568	0	-3.590755e-05	-8.349428e-07	1
2	rs13391690	95515296	0	2.073974e-04	4.884526e-06	1
2	rs13392201	95992354	0	-9.472223e-04	-2.260897e-05	1
2	rs13395615	95434631	0	-1.418061e-04	-3.315079e-06	1
2	rs13395702	95334154	0	-4.440314e-04	-1.045107e-05	1
2	rs13396622	95556107	0	8.958342e-04	2.054908e-05	1
2	rs13396679	95515303	0	2.073974e-04	4.884527e-06	1
2	rs13397825	95867109	0	-1.337989e-03	-3.206130e-05	1
2	rs13398890	95354903	0	-3.590755e-05	-8.349399e-07	1
2	rs13399849	95994706	0	-1.170506e-03	-2.810537e-05	1
2	rs13401814	95368395	0	-3.590755e-05	-8.349392e-07	1
2	rs13401864	95471830	0	1.769824e-04	4.162739e-06	1
2	rs13410574	95365848	0	-3.590755e-05	-8.349379e-07	1
2	rs13410867	95446688	0	-1.113008e-04	-2.602584e-06	1
2	rs13414018	95525624	0	-1.607626e-04	-3.677876e-06	1
2	rs13415471	95472777	0	1.769824e-04	4.162741e-06	1
2	rs13415761	95446612	0	-1.113008e-04	-2.602583e-06	1
2	rs13421580	95553036	0	8.958342e-04	2.054908e-05	1
2	rs13426752	95388074	0	-3.590755e-05	-8.349361e-07	1
2	rs13429295	95404168	0	-2.956610e-04	-6.921673e-06	1
2	rs13430384	95450778	0	1.040433e-04	2.445998e-06	1
2	rs13432811	95551786	0	8.958342e-04	2.054908e-05	1
2	rs1345917	96200603	0	5.558001e-04	1.269052e-05	1
2	rs1364394	96195730	0	6.287392e-04	1.436922e-05	1
2	rs1364395	96195632	0	8.406260e-04	2.046826e-05	1
2	rs138067299	95583232	0	-5.371624e-05	-1.289272e-06	1
2	rs138079794	95424924	0	-3.932476e-04	-9.476488e-06	1
2	rs138491075	96373634	0	7.738408e-04	1.841610e-05	1
2	rs138562995	96545159	0	5.990289e-04	1.429611e-05	1
2	rs138652415	96481291	0	6.242310e-04	1.508732e-05	1
2	rs138784752	96091635	0	1.189581e-03	2.745837e-05	1
2	rs138803287	96580405	0	-2.916895e-04	-7.042572e-06	1
2	rs139096597	95711143	0	1.881273e-04	4.513069e-06	1
2	rs139190755	95833362	0	-7.212371e-04	-1.749481e-05	1
2	rs139332973	95368778	0	-8.630130e-04	-2.099613e-05	1
2	rs139443361	96645996	0	-3.308996e-04	-7.982370e-06	1
2	rs139474731	95599978	0	-5.371624e-05	-1.289272e-06	1
2	rs139505771	95686505	0	-5.371624e-05	-1.289272e-06	1
2	rs139954837	96155864	0	1.559163e-04	3.762891e-06	1
2	rs140157964	95899519	0	-3.313485e-04	-8.020589e-06	1
2	rs140562818	96540755	0	-3.422686e-04	-8.208605e-06	1
2	rs141342242	95438082	0	-2.584975e-04	-6.176588e-06	1
2	rs141828540	95402234	0	8.651221e-05	2.097354e-06	1
2	rs142017699	95857975	0	-5.472334e-04	-1.322705e-05	1
2	rs142037408	96492900	0	-4.060062e-04	-9.777026e-06	1
2	rs142071064	96580463	0	-3.308996e-04	-7.982370e-06	1
2	rs142246646	96367495	0	-1.335960e-04	-3.218433e-06	1
2	rs1424362	96198358	3	1.035767e-03	2.475467e-05	1
2	rs142480529	96540430	0	-3.422686e-04	-8.208605e-06	1
2	rs142797090	96538620	0	-3.047221e-04	-7.003706e-06	1
2	rs142895926	95515018	0	-6.460206e-04	-1.557765e-05	1
2	rs142912577	96667314	0	-2.259675e-04	-5.443120e-06	1
2	rs143274998	96259184	0	1.726320e-04	4.141527e-06	1
2	rs143316044	95413734	0	-4.970796e-04	-1.191473e-05	1
2	rs143460482	96328954	0	-7.537081e-04	-1.815266e-05	1
2	rs143647858	95398171	0	-1.276242e-03	-3.078577e-05	1
2	rs143656906	96660965	0	-4.208093e-04	-1.014088e-05	1
2	rs144382026	95490162	0	3.557277e-05	8.466719e-07	1
2	rs144417606	95406277	0	-1.069181e-03	-2.560587e-05	1
2	rs144470057	96426256	0	-2.916895e-04	-7.042572e-06	1
2	rs144502793	95857962	0	-9.659186e-04	-2.341335e-05	1
2	rs144597525	95410747	0	-6.352107e-04	-1.521887e-05	1
2	rs144968254	96336560	0	3.606292e-04	8.709670e-06	1
2	rs145156058	96466727	0	-6.647525e-04	-1.609498e-05	1
2	rs145367784	96557739	1	-6.598762e-04	-1.597593e-05	1
2	rs145382287	96671320	0	-4.208093e-04	-1.014088e-05	1
2	rs145556366	96598928	0	7.301498e-05	1.754871e-06	1
2	rs145574797	96256308	0	3.068401e-04	7.382704e-06	1
2	rs145616922	95661403	0	-8.438715e-04	-2.037904e-05	1
2	rs145886511	96241058	0	-6.468728e-04	-1.569188e-05	1
2	rs145936003	95536191	0	3.099549e-04	7.425616e-06	1
2	rs145967982	95329559	0	-4.507246e-04	-1.088480e-05	1
2	rs146063982	96666439	0	-2.259675e-04	-5.443120e-06	1
2	rs1467336	95422247	0	-2.866028e-06	-5.968035e-08	1
2	rs146900333	96090491	0	4.452204e-06	1.075467e-07	1
2	rs147179486	95930160	0	-5.441960e-04	-1.310534e-05	1
2	rs147408728	96689460	0	-1.856440e-05	-4.508947e-07	1
2	rs147413903	96177936	0	-1.002586e-04	-2.411326e-06	1
2	rs147710575	95883100	0	5.412449e-04	1.310084e-05	1
2	rs147926614	95575534	0	-8.630130e-04	-2.099613e-05	1
2	rs147938160	96540749	0	-3.422686e-04	-8.208605e-06	1
2	rs148001062	95791263	0	6.794233e-05	1.635784e-06	1
2	rs148034879	96245997	0	-7.190038e-04	-1.732784e-05	1
2	rs148235025	96398596	0	-1.446361e-04	-3.486902e-06	1
2	rs148497457	96813150	0	-8.808237e-05	-2.113373e-06	1
2	rs148552067	96675497	0	-3.708314e-04	-8.922535e-06	1
2	rs148692908	95375009	0	-5.371624e-05	-1.289270e-06	1
2	rs148980086	96085655	0	1.726320e-04	4.141527e-06	1
2	rs149076025	95338859	0	-3.790384e-04	-9.080145e-06	1
2	rs149302308	95735979	0	1.174524e-03	2.821936e-05	1
2	rs149619171	96502367	0	-2.259675e-04	-5.443120e-06	1
2	rs149724409	96421042	0	-3.422686e-04	-8.208605e-06	1
2	rs150095490	95596754	0	4.003267e-04	9.636461e-06	1
2	rs150152179	95604325	0	-8.630130e-04	-2.099613e-05	1
2	rs150195180	96514492	0	-4.273413e-04	-9.822830e-06	1
2	rs150287453	96524205	0	-5.828933e-04	-1.400678e-05	1
2	rs150363943	96674324	0	-1.605656e-04	-3.850904e-06	1
2	rs150655650	96665201	0	-7.057400e-04	-1.618151e-05	1
2	rs150862895	95908235	0	5.218018e-04	1.264408e-05	1
2	rs150915633	95922619	0	5.053937e-04	1.212701e-05	1
2	rs150942085	95544594	0	-5.251357e-04	-1.266289e-05	1
2	rs151196928	96748054	0	6.242310e-04	1.508732e-05	1
2	rs1559483	95969879	0	-1.092819e-03	-2.540237e-05	1
2	rs1657502	96795608	0	6.282884e-05	1.447501e-06	1
2	rs17119064	95721459	0	-1.039916e-03	-2.488941e-05	1
2	rs17119140	95864032	0	2.530227e-04	5.814616e-06	1
2	rs17119148	95880005	0	4.381364e-04	1.009327e-05	1
2	rs17119922	96380253	0	-6.384392e-04	-1.547135e-05	1
2	rs17120062	95542433	0	-5.251357e-04	-1.266289e-05	1
2	rs1724120	96809331	0	1.642872e-04	3.744184e-06	1
2	rs1724121	96808549	0	-1.673301e-04	-3.819479e-06	1
2	rs17802697	95667621	0	9.878690e-04	2.250519e-05	1
2	rs17803470	95874133	0	-1.708342e-05	-4.113974e-07	1
2	rs17842087	95479775	0	-1.581289e-03	-3.849726e-05	1
2	rs180689708	96251344	0	4.872955e-05	1.162669e-06	1
2	rs1808357	96421425	0	-2.385300e-04	-5.580231e-06	1
2	rs180921462	96559228	0	-2.259675e-04	-5.443119e-06	1
2	rs1809635	95507374	0	-1.938141e-04	-4.633627e-06	1
2	rs1809636	95421697	0	-1.004845e-03	-2.282259e-05	1
2	rs1813381	96422939	0	-5.215356e-04	-1.200758e-05	1
2	rs1819213	95373945	0	-1.419980e-03	-3.315348e-05	1
2	rs182144928	96540871	0	-3.422686e-04	-8.208606e-06	1
2	rs182633407	95861495	0	3.974079e-04	9.520320e-06	1
2	rs1830717	95364496	0	-1.934660e-03	-4.519769e-05	1
2	rs1834135	96244225	0	7.666325e-04	1.757228e-05	1
2	rs183693868	95355921	0	-1.092719e-03	-2.645702e-05	1
2	rs183861116	96514399	0	-2.259675e-04	-5.443119e-06	1
2	rs184415311	95564586	0	-5.251357e-04	-1.266289e-05	1
2	rs184965217	96667210	0	-5.951532e-04	-1.445043e-05	1
2	rs185011007	96614558	0	-1.605656e-04	-3.850905e-06	1
2	rs185085410	96309691	0	3.606292e-04	8.709669e-06	1
2	rs1852300	95341388	0	-1.418105e-03	-3.301067e-05	1
2	rs1852304	95492160	0	-4.958398e-04	-1.152381e-05	1
2	rs185317920	95367307	0	3.946040e-04	9.413292e-06	1
2	rs185801119	96013844	0	1.559163e-04	3.762889e-06	1
2	rs186057765	96469586	0	4.875911e-05	1.176941e-06	1
2	rs186213840	95920667	0	2.450588e-04	5.922469e-06	1
2	rs1862896	96184423	0	5.785445e-04	1.382677e-05	1
2	rs1862897	96015741	0	-5.612093e-04	-1.290919e-05	1
2	rs186291726	96618679	0	-1.557927e-04	-3.743707e-06	1
2	rs186350083	96518508	0	1.473349e-04	3.553495e-06	1
2	rs186412693	95991565	0	2.364055e-04	5.682726e-06	1
2	rs186780297	96650513	0	-6.647525e-04	-1.609499e-05	1
2	rs187224440	95990060	0	-2.696554e-04	-6.511928e-06	1
2	rs1875402	95848354	0	-1.857804e-04	-4.260697e-06	1
2	rs187734432	95507347	0	2.073974e-04	4.884548e-06	1
2	rs188390150	95379727	0	8.651221e-05	2.097358e-06	1
2	rs188830438	95392020	0	-3.932476e-04	-9.476484e-06	1
2	rs189801686	95859331	0	-3.313485e-04	-8.020589e-06	1
2	rs189877528	96546352	0	6.816813e-04	1.649428e-05	1
2	rs190020557	95920255	0	-6.259916e-04	-1.512871e-05	1
2	rs190046736	95861488	0	3.974079e-04	9.520319e-06	1
2	rs190086088	95474293	0	-6.460206e-04	-1.557764e-05	1
2	rs190242046	96559773	1	-3.998001e-04	-9.627051e-06	1
2	rs190938866	96498944	0	-3.723102e-04	-8.976891e-06	1
2	rs1914687	95615157	0	4.003267e-04	9.636458e-06	1
2	rs1917890	96672001	0	-5.562701e-04	-1.272738e-05	1
2	rs192222904	95375997	0	-3.932476e-04	-9.476484e-06	1
2	rs192443593	96044290	0	2.010573e-04	4.853059e-06	1
2	rs192942946	96561777	0	-3.708314e-04	-8.922533e-06	1
2	rs1963366	95969027	0	3.973801e-04	9.579792e-06	1
2	rs1964284	96424999	0	-3.242947e-04	-7.447026e-06	1
2	rs1966272	95926154	0	-1.857804e-04	-4.260693e-06	1
2	rs1973839	96434042	0	-1.347502e-04	-3.094606e-06	1
2	rs1974770	96468824	0	-3.047221e-04	-7.003711e-06	1
2	rs1974909	96241051	0	-1.038658e-03	-2.488245e-05	1
2	rs1976770	95521616	0	-1.607626e-04	-3.677878e-06	1
2	rs1976771	95521701	0	-1.270287e-04	-2.902808e-06	1
2	rs1979583	95521095	0	-4.013874e-04	-9.186723e-06	1
2	rs1979584	95521174	0	-3.308361e-04	-7.570599e-06	1
2	rs199588513	96439808	0	-1.847824e-04	-4.440478e-06	1
2	rs1997257	96429625	0	-8.226084e-04	-1.903148e-05	1
2	rs199858869	96720524	0	-2.371754e-04	-5.695963e-06	1
2	rs199961979	96262501	0	1.306587e-03	3.012798e-05	1
2	rs199969223	96563039	1	4.397547e-04	1.063099e-05	1
2	rs2001254	95809238	0	-1.558883e-04	-3.569806e-06	1
2	rs2001748	95423145	0	-1.400109e-03	-3.224042e-05	1
2	rs2004626	95523212	0	-2.337018e-04	-5.342965e-06	1
2	rs200518446	96563454	0	-1.634036e-04	-3.902457e-06	1
2	rs200535656	96605513	0	-6.970015e-04	-1.688033e-05	1
2	rs2005613	96423982	0	8.599055e-05	1.993452e-06	1
2	rs2008501	96233960	0	-6.384392e-04	-1.547134e-05	1
2	rs2010379	96180093	0	2.806135e-04	6.382819e-06	1
2	rs2010533	95929713	0	-1.558883e-04	-3.569802e-06	1
2	rs202014239	96573549	0	-3.708314e-04	-8.922531e-06	1
2	rs202139028	96685900	0	-2.371754e-04	-5.695961e-06	1
2	rs2038684	95328623	0	-2.207474e-04	-5.174794e-06	1
2	rs2042477	96000943	0	-5.612093e-04	-1.290917e-05	1
2	rs2059313	96207952	0	1.547912e-04	3.516475e-06	1
2	rs2059314	96006995	0	-2.769616e-04	-6.281876e-06	1
2	rs2077443	95523255	0	-2.337018e-04	-5.342970e-06	1
2	rs2098768	95926648	0	-3.259618e-04	-7.501863e-06	1
2	rs2113412	96235906	0	6.135910e-04	1.467092e-05	1
2	rs2113417	95999856	0	-5.612093e-04	-1.290916e-05	1
2	rs2113418	95988849	0	-1.344090e-04	-3.056128e-06	1
2	rs2113419	96033635	0	9.284875e-04	2.181558e-05	1
2	rs2140938	96751395	0	-1.071911e-03	-2.478991e-05	1
2	rs2161066	96477028	0	-2.189575e-04	-5.120219e-06	1
2	rs2193883	96385848	0	-6.214342e-05	-1.483196e-06	1
2	rs2216793	96196322	0	5.558001e-04	1.269047e-05	1
2	rs2229169	96780716	0	-3.604376e-04	-8.269888e-06	1
2	rs2252697	96778190	0	2.145715e-04	4.904595e-06	1
2	rs2257527	96430500	0	-7.902826e-04	-1.912417e-05	1
2	rs2278067	95955680	0	2.907393e-04	6.564346e-06	1
2	rs2278564	96688990	0	-5.651708e-04	-1.352228e-05	1
2	rs2279785	95690258	0	4.797665e-04	1.154361e-05	1
2	rs2291991	95720630	0	-6.914806e-05	-1.567270e-06	1
2	rs2293544	96603129	0	3.988236e-05	9.668183e-07	1
2	rs2312955	96777168	0	-2.636413e-04	-6.048502e-06	1
2	rs2315416	96558477	0	-8.147863e-04	-1.884047e-05	1
2	rs2315417	96500289	0	-6.342828e-04	-1.464624e-05	1
2	rs2315517	96363789	0	8.372589e-04	2.014014e-05	1
2	rs2315667	96465201	0	-3.353255e-04	-7.861187e-06	1
2	rs2315668	96429562	0	-3.047221e-04	-7.003719e-06	1
2	rs2315669	96429551	0	-3.047221e-04	-7.003718e-06	1
2	rs2320170	96239773	0	7.666325e-04	1.757225e-05	1
2	rs2320339	95950045	0	-8.067575e-04	-1.871206e-05	1
2	rs2320431	96024876	0	1.501819e-03	3.587923e-05	1
2	rs2320433	96057011	0	2.489985e-04	5.668348e-06	1
2	rs2320619	95734623	0	-2.376464e-04	-5.458752e-06	1
2	rs2320620	95735140	0	-2.675385e-04	-6.150366e-06	1
2	rs2320622	95797672	0	8.100303e-04	1.874210e-05	1
2	rs2320624	95856611	0	-3.259618e-04	-7.501831e-06	1
2	rs2320625	95862736	0	6.273107e-04	1.435660e-05	1
2	rs2320870	95417323	0	-7.490579e-05	-1.755117e-06	1
2	rs2320997	95329940	0	-3.590755e-05	-8.349036e-07	1
2	rs2438924	96645069	0	-8.393959e-04	-1.928255e-05	1
2	rs2438972	96690873	0	-4.323523e-04	-9.909974e-06	1
2	rs2462892	95383498	0	-3.590755e-05	-8.349036e-07	1
2	rs2463560	96595589	1	-7.338318e-04	-1.684225e-05	1
2	rs2544478	96433494	0	-1.808764e-04	-4.340496e-06	1
2	rs2551307	96083215	0	3.143188e-04	7.153098e-06	1
2	rs2576437	96800417	0	-8.846632e-05	-2.016988e-06	1
2	rs2579515	96686723	0	-3.957044e-04	-9.073696e-06	1
2	rs2579516	96684876	0	-8.756745e-05	-2.092577e-06	1
2	rs2579517	96679384	0	-3.957044e-04	-9.073695e-06	1
2	rs2579518	96675259	0	-5.451744e-04	-1.252564e-05	1
2	rs2579519	96675166	0	-7.916481e-04	-1.823906e-05	1
2	rs2579520	96660300	0	-7.057400e-04	-1.618151e-05	1
2	rs2579548	96744212	0	-6.737945e-04	-1.548740e-05	1
2	rs2579549	96742833	0	-8.951845e-04	-2.065151e-05	1
2	rs2579550	96741944	0	-8.951845e-04	-2.065151e-05	1
2	rs2579551	96738585	0	-7.344589e-04	-1.731200e-05	1
2	rs2579552	96737083	0	-8.951845e-04	-2.065151e-05	1
2	rs2633903	95471708	0	1.769824e-04	4.162772e-06	1
2	rs2692893	96756547	0	-1.056499e-03	-2.444744e-05	1
2	rs2692894	96784934	0	-5.016472e-04	-1.151898e-05	1
2	rs2692906	96430629	0	4.748463e-04	1.137032e-05	1
2	rs2692934	96737860	0	-7.091355e-04	-1.630728e-05	1
2	rs2692936	96745729	0	-8.951845e-04	-2.065151e-05	1
2	rs2692937	96751871	0	-8.951845e-04	-2.065150e-05	1
2	rs2692938	96753149	0	-4.099383e-04	-9.565471e-06	1
2	rs2692947	96674116	0	-2.267188e-04	-5.166617e-06	1
2	rs2692948	96673565	0	-2.795473e-04	-6.414179e-06	1
2	rs2692950	96673524	0	-5.562701e-04	-1.272736e-05	1
2	rs2692954	96683378	0	-3.957044e-04	-9.073672e-06	1
2	rs2693583	95404409	0	-1.037886e-03	-2.358554e-05	1
2	rs28498365	95380052	0	2.168616e-04	5.098045e-06	1
2	rs28619189	95367448	0	-3.590755e-05	-8.349027e-07	1
2	rs28625893	95367438	0	-3.590755e-05	-8.349021e-07	1
2	rs28680439	95528170	0	-1.607626e-04	-3.677886e-06	1
2	rs2874283	95698546	0	-8.398521e-04	-2.042145e-05	1
2	rs2874315	95731727	0	-8.521192e-04	-2.058575e-05	1
2	rs2874316	95809604	0	2.325061e-04	5.576400e-06	1
2	rs28833028	96665281	0	-5.562701e-04	-1.272736e-05	1
2	rs29000576	96779043	0	-3.906394e-04	-9.420909e-06	1
2	rs29000579	96776888	0	1.965074e-05	4.714148e-07	1
2	rs2917662	96794957	0	5.016472e-04	1.151899e-05	1
2	rs2918816	96661401	0	-5.562701e-04	-1.272736e-05	1
2	rs2918910	96597007	1	-7.338318e-04	-1.684222e-05	1
2	rs2918916	96736568	0	-5.596444e-04	-1.284682e-05	1
2	rs2918929	96683857	0	-3.957044e-04	-9.073664e-06	1
2	rs2949885	96662415	0	-5.562701e-04	-1.272735e-05	1
2	rs2968663	95520746	0	-2.337018e-04	-5.342975e-06	1
2	rs2969473	96689334	0	-4.196707e-04	-9.652940e-06	1
2	rs2969475	96685021	0	-6.751219e-06	-1.480052e-07	1
2	rs2969477	96677466	0	-3.957044e-04	-9.073659e-06	1
2	rs2969478	96675306	0	-8.756745e-05	-2.092573e-06	1
2	rs2969489	96811434	0	4.671903e-04	1.064593e-05	1
2	rs2969490	96803904	0	-8.725723e-05	-1.989689e-06	1
2	rs2969491	96794982	0	5.016472e-04	1.151900e-05	1
2	rs3105098	95698210	0	-3.532580e-05	-7.875663e-07	1
2	rs3105099	95707519	0	1.622127e-04	3.738823e-06	1
2	rs3105100	95742453	0	-2.675385e-04	-6.150363e-06	1
2	rs3105101	95742678	0	-2.675385e-04	-6.150359e-06	1
2	rs3105102	95806167	0	-1.857804e-04	-4.260638e-06	1
2	rs3105104	95816365	0	-3.843402e-04	-8.855465e-06	1
2	rs3105105	95848018	0	-1.857804e-04	-4.260630e-06	1
2	rs3111873	96781986	0	-3.168074e-04	-7.262868e-06	1
2	rs3112221	95816563	0	-1.558883e-04	-3.569744e-06	1
2	rs3112222	95782742	0	-1.857804e-04	-4.260622e-06	1
2	rs3112223	95805876	0	-1.558883e-04	-3.569736e-06	1
2	rs3112225	95791528	0	-1.857804e-04	-4.260614e-06	1
2	rs3112226	95790331	0	7.826523e-04	1.797672e-05	1
2	rs3112228	95835614	0	-1.665158e-04	-3.816562e-06	1
2	rs3112229	95838674	0	-3.263022e-04	-7.491292e-06	1
2	rs3112230	95846158	0	-1.558883e-04	-3.569721e-06	1
2	rs3112231	95771096	0	-3.565272e-05	-7.943976e-07	1
2	rs3112232	95866479	0	8.668300e-04	2.107496e-05	1
2	rs3112982	95715867	0	-2.093294e-04	-4.804111e-06	1
2	rs3112983	95716644	0	-3.622944e-04	-8.343470e-06	1
2	rs3112984	95728363	0	-4.376120e-04	-1.009015e-05	1
2	rs3112986	95729338	0	-2.376464e-04	-5.458683e-06	1
2	rs3112987	95731101	0	-2.376464e-04	-5.458679e-06	1
2	rs3112988	95744882	0	-2.537227e-04	-5.819410e-06	1
2	rs3112989	95745120	0	5.972208e-04	1.362774e-05	1
2	rs3112990	95750419	0	-2.018918e-04	-4.608103e-06	1
2	rs3112991	95755661	0	-2.546683e-04	-5.868187e-06	1
2	rs3112992	95784975	0	7.826523e-04	1.797675e-05	1
2	rs3112994	95805009	0	7.826523e-04	1.797675e-05	1
2	rs3112995	95805050	0	-1.857804e-04	-4.260566e-06	1
2	rs3112996	95812372	0	-1.857804e-04	-4.260562e-06	1
2	rs3112997	95818151	0	-5.245216e-04	-1.210998e-05	1
2	rs3112998	95822447	0	7.031969e-04	1.608046e-05	1
2	rs3112999	95849529	0	-1.857804e-04	-4.260555e-06	1
2	rs3113000	95849653	0	-1.558883e-04	-3.569668e-06	1
2	rs3113001	95855555	0	-1.857804e-04	-4.260547e-06	1
2	rs3113002	95700730	0	2.015392e-04	4.637801e-06	1
2	rs34010054	96334690	0	-4.935476e-04	-1.170824e-05	1
2	rs34017018	95575078	0	-2.237804e-04	-5.363005e-06	1
2	rs34087291	95526907	0	-1.607626e-04	-3.677941e-06	1
2	rs34119529	96210459	0	1.878453e-04	4.281623e-06	1
2	rs34185860	96043191	0	-6.259916e-04	-1.512870e-05	1
2	rs34196616	95410952	0	-1.536746e-03	-3.548795e-05	1
2	rs34345743	95453315	0	1.040433e-04	2.446053e-06	1
2	rs34448650	96214949	0	-4.935476e-04	-1.170824e-05	1
2	rs34599749	95407610	0	-3.349179e-04	-7.995821e-06	1
2	rs34639392	96508976	0	-5.878480e-04	-1.354846e-05	1
2	rs34738006	95710096	0	-6.311118e-04	-1.524671e-05	1
2	rs34774407	95596159	0	-2.798841e-04	-6.713860e-06	1
2	rs34775562	95347353	0	-4.440314e-04	-1.045101e-05	1
2	rs34811744	96367067	0	-6.259916e-04	-1.512870e-05	1
2	rs34865952	95338352	0	8.800895e-05	2.099050e-06	1
2	rs35034822	95944632	0	-5.685146e-04	-1.370749e-05	1
2	rs35056623	96545293	0	-4.957107e-04	-1.193580e-05	1
2	rs35078702	95386032	0	-3.590755e-05	-8.348757e-07	1
2	rs35253782	95363559	0	-3.349179e-04	-7.995820e-06	1
2	rs35256168	96185714	0	2.194801e-04	5.006726e-06	1
2	rs35391246	95858319	0	-6.259916e-04	-1.512870e-05	1
2	rs35466766	96016657	0	-4.796583e-04	-1.157142e-05	1
2	rs35684682	96425099	0	3.305243e-04	7.574386e-06	1
2	rs35711624	96365890	0	-8.022298e-05	-1.937699e-06	1
2	rs35737210	95461889	0	3.367839e-04	7.959423e-06	1
2	rs35803313	95722177	0	-6.259916e-04	-1.512870e-05	1
2	rs35989305	96341433	0	3.274658e-04	7.477244e-06	1
2	rs36002514	95333825	0	-3.349179e-04	-7.995819e-06	1
2	rs36045840	95815306	0	-5.685146e-04	-1.370749e-05	1
2	rs36087694	96212699	0	1.802611e-04	4.115046e-06	1
2	rs368296706	96597307	0	-3.636030e-04	-8.758715e-06	1
2	rs369303397	96692193	0	-2.371754e-04	-5.695954e-06	1
2	rs370090107	96523401	0	-2.171739e-04	-5.212271e-06	1
2	rs371784783	96250122	0	-6.777904e-04	-1.644516e-05	1
2	rs372625168	96525006	0	1.972410e-04	4.756862e-06	1
2	rs372786528	96072382	0	-6.468728e-04	-1.569190e-05	1
2	rs373518598	96624998	0	-6.039497e-04	-1.464048e-05	1
2	rs373828429	96441589	0	-1.847824e-04	-4.440470e-06	1
2	rs373857411	96620365	0	-2.259675e-04	-5.443112e-06	1
2	rs3755518	96023631	0	1.404685e-03	3.345138e-05	1
2	rs3755519	95989272	0	-9.888607e-04	-2.290609e-05	1
2	rs3755520	95985231	0	-1.061800e-03	-2.463384e-05	1
2	rs3755521	95983226	0	-1.165759e-03	-2.714370e-05	1
2	rs3755523	95974818	0	-1.262893e-03	-2.947771e-05	1
2	rs3755525	95962548	0	-9.851939e-04	-2.284853e-05	1
2	rs376153430	96717484	0	-1.494699e-04	-3.581300e-06	1
2	rs3772031	96014891	0	-4.882701e-04	-1.121829e-05	1
2	rs3772032	96014132	0	-4.882701e-04	-1.121828e-05	1
2	rs3772033	96013828	0	-4.882701e-04	-1.121828e-05	1
2	rs3772034	95989766	0	-1.061800e-03	-2.463380e-05	1
2	rs3772037	95988592	0	-1.018753e-03	-2.361548e-05	1
2	rs3772041	95972707	0	-8.357374e-04	-1.932107e-05	1
2	rs3772042	95970952	0	-1.092819e-03	-2.540214e-05	1
2	rs3772043	95966744	0	-1.065012e-03	-2.474428e-05	1
2	rs3772044	95966046	0	-8.546844e-04	-1.979277e-05	1
2	rs3813663	96365518	0	3.278509e-04	7.461803e-06	1
2	rs3821340	96023664	0	-7.744672e-04	-1.761478e-05	1
2	rs3821341	95995954	0	-7.274614e-04	-1.675996e-05	1
2	rs384155	95385262	0	-1.772794e-04	-4.153654e-06	1
2	rs3842882	96422745	0	-2.385300e-04	-5.580204e-06	1
2	rs384546	95339383	0	-3.590755e-05	-8.348557e-07	1
2	rs3855810	96424244	0	-3.242947e-04	-7.447043e-06	1
2	rs3866290	96081230	0	8.619330e-04	1.977891e-05	1
2	rs3901108	96430275	0	-2.259675e-04	-5.443111e-06	1
2	rs3915894	96433984	0	-1.557927e-04	-3.743688e-06	1
2	rs3968756	96430270	0	-3.047221e-04	-7.003729e-06	1
2	rs4055743	95341920	0	1.120881e-04	2.640436e-06	1
2	rs4057261	95859386	0	-8.127680e-04	-1.960966e-05	1
2	rs4062840	96430046	0	-3.047221e-04	-7.003728e-06	1
2	rs4062891	96343854	0	6.287392e-04	1.436910e-05	1
2	rs4062960	96472449	0	-1.557927e-04	-3.743689e-06	1
2	rs4062989	96481071	0	-3.047221e-04	-7.003731e-06	1
2	rs4063021	96501762	0	-5.878480e-04	-1.354848e-05	1
2	rs4096181	95506057	0	2.073974e-04	4.884607e-06	1
2	rs4096183	95459089	0	1.769824e-04	4.162820e-06	1
2	rs4096200	95547505	0	8.367435e-04	1.916813e-05	1
2	rs4096824	95616009	0	-5.537795e-04	-1.257325e-05	1
2	rs4096918	96417608	0	-1.847824e-04	-4.440468e-06	1
2	rs4103834	95473771	0	1.769824e-04	4.162821e-06	1
2	rs4110014	95471392	0	8.891528e-05	2.095333e-06	1
2	rs4110023	95411755	0	-3.590755e-05	-8.348513e-07	1
2	rs4110024	95489894	0	-7.501695e-05	-1.766097e-06	1
2	rs4110740	95413207	0	-2.493378e-04	-5.831332e-06	1
2	rs4115265	95515881	0	1.769824e-04	4.162824e-06	1
2	rs41310787	95719703	0	-4.258782e-04	-1.032204e-05	1
2	rs41320144	96798305	0	-3.906394e-04	-9.420912e-06	1
2	rs4144055	96647856	0	-4.697838e-04	-1.074781e-05	1
2	rs4146062	96561406	0	-3.950265e-04	-9.507542e-06	1
2	rs4146063	96561651	1	-3.641819e-04	-8.762067e-06	1
2	rs419631	95342059	0	-1.418105e-03	-3.301061e-05	1
2	rs4241315	95687104	0	-3.228995e-04	-7.452231e-06	1
2	rs4243787	96388762	0	-1.469012e-04	-3.415502e-06	1
2	rs4283455	95999215	0	-4.882701e-04	-1.121823e-05	1
2	rs4299372	96256261	0	1.000928e-03	2.301231e-05	1
2	rs4332959	96549121	0	1.610172e-05	3.796682e-07	1
2	rs4352265	96528657	0	-7.272265e-05	-1.752322e-06	1
2	rs4416250	95497376	0	2.073974e-04	4.884616e-06	1
2	rs4443026	95620564	0	2.852334e-04	6.430765e-06	1
2	rs4527246	96560303	0	-5.452283e-04	-1.254347e-05	1
2	rs4544484	96630528	0	-1.944448e-04	-4.471307e-06	1
2	rs4555374	95639504	0	3.453024e-04	8.033204e-06	1
2	rs4564804	95628045	0	-4.542059e-04	-1.054034e-05	1
2	rs4605406	96583735	1	-1.415913e-04	-3.249396e-06	1
2	rs4611680	96632533	0	-4.562301e-04	-1.069361e-05	1
2	rs4613327	96583823	3	-2.221139e-04	-5.104516e-06	1
2	rs4613328	96631964	0	-8.264992e-04	-1.925068e-05	1
2	rs4854213	96089946	0	7.085041e-04	1.618332e-05	1
2	rs4854231	95525397	0	1.025770e-04	2.337726e-06	1
2	rs4854232	95529704	0	-2.337018e-04	-5.343057e-06	1
2	rs4854233	95533808	0	-1.607626e-04	-3.677968e-06	1
2	rs4854234	95537245	0	-1.607626e-04	-3.677968e-06	1
2	rs4854235	95537572	0	-5.484122e-04	-1.267764e-05	1
2	rs4854236	95549825	0	8.367435e-04	1.916813e-05	1
2	rs4854239	95586249	0	6.242794e-04	1.452455e-05	1
2	rs4854240	95599930	0	-2.852334e-04	-6.430766e-06	1
2	rs4854243	95733847	0	-2.376464e-04	-5.458548e-06	1
2	rs4854246	95837419	0	-1.307697e-03	-3.122155e-05	1
2	rs4854247	95905658	0	-1.558883e-04	-3.569561e-06	1
2	rs4854248	95923622	0	-1.857804e-04	-4.260441e-06	1
2	rs4854249	95930630	0	-2.869254e-04	-6.606951e-06	1
2	rs4854251	96037247	0	1.001427e-03	2.356978e-05	1
2	rs4854253	96056112	0	7.217516e-04	1.653069e-05	1
2	rs4854256	96089945	0	7.085041e-04	1.618330e-05	1
2	rs4907202	96156177	0	5.558001e-04	1.269036e-05	1
2	rs4907208	96157309	0	6.287392e-04	1.436905e-05	1
2	rs4907212	96410048	0	-4.213716e-04	-9.680020e-06	1
2	rs4907217	96544119	0	-3.047221e-04	-7.003752e-06	1
2	rs4907218	96553772	1	-6.434921e-04	-1.486471e-05	1
2	rs4907219	96562873	1	2.917408e-04	6.714281e-06	1
2	rs4907222	96576595	2	-2.063154e-04	-4.739594e-06	1
2	rs4907224	96576609	2	-2.063154e-04	-4.739593e-06	1
2	rs4907225	96576670	1	-2.115827e-04	-4.854589e-06	1
2	rs4907226	96652017	0	-5.562701e-04	-1.272741e-05	1
2	rs4907272	96321830	0	8.837491e-04	2.031017e-05	1
2	rs4907273	96322801	0	8.837491e-04	2.031017e-05	1
2	rs4907274	96363682	0	7.633520e-04	1.748500e-05	1
2	rs4907275	96384577	0	2.737407e-04	6.591074e-06	1
2	rs4907276	96391109	0	-7.133367e-05	-1.646980e-06	1
2	rs4907278	96392196	0	-5.650207e-04	-1.302492e-05	1
2	rs4907279	96399968	0	-5.625943e-04	-1.294803e-05	1
2	rs4907280	96402126	0	-3.242947e-04	-7.447070e-06	1
2	rs4907282	96518022	0	-5.878480e-04	-1.354850e-05	1
2	rs4907288	96614212	0	-9.837564e-04	-2.315682e-05	1
2	rs4907291	96654605	0	-7.057400e-04	-1.618153e-05	1
2	rs4907292	96664144	0	-4.562301e-04	-1.069361e-05	1
2	rs4907299	96780122	0	4.348960e-04	9.985834e-06	1
2	rs4907302	96217197	0	7.666325e-04	1.757213e-05	1
2	rs4907303	96217234	0	7.666325e-04	1.757213e-05	1
2	rs5006796	95558515	0	7.257607e-04	1.659000e-05	1
2	rs55684901	96544464	0	-1.501888e-04	-3.624729e-06	1
2	rs55695015	96501763	0	-2.259675e-04	-5.443108e-06	1
2	rs55821308	96682985	0	-2.259675e-04	-5.443108e-06	1
2	rs55862224	96727959	0	-5.112652e-05	-1.222489e-06	1
2	rs55908923	96788107	0	-4.210545e-04	-1.015120e-05	1
2	rs56076470	95444831	0	-4.960194e-04	-1.155725e-05	1
2	rs56088823	96793024	0	2.177876e-04	5.098005e-06	1
2	rs56192525	96475760	0	-2.259675e-04	-5.443108e-06	1
2	rs56268488	95902245	0	-5.900707e-04	-1.413471e-05	1
2	rs56285541	95974982	0	-3.497656e-04	-8.414943e-06	1
2	rs56317316	95487569	0	-4.160220e-04	-9.663042e-06	1
2	rs56321133	95426050	0	-8.630130e-04	-2.099615e-05	1
2	rs56791141	96587496	1	-5.322570e-04	-1.224374e-05	1
2	rs56847058	96406893	0	-3.242947e-04	-7.447069e-06	1
2	rs57185579	96684975	0	-3.708314e-04	-8.922516e-06	1
2	rs57273135	96482601	0	-3.708314e-04	-8.922516e-06	1
2	rs57352915	96670607	0	-1.494699e-04	-3.581290e-06	1
2	rs57579941	96336253	0	8.538570e-04	1.960734e-05	1
2	rs58372613	96048862	0	2.638016e-04	6.001347e-06	1
2	rs58540353	95805347	0	-1.558883e-04	-3.569531e-06	1
2	rs58579958	95431135	0	-2.147830e-04	-5.011577e-06	1
2	rs58610630	96025229	0	9.284875e-04	2.181538e-05	1
2	rs58719199	96578247	0	-1.478012e-04	-3.394101e-06	1
2	rs58730124	96413338	0	-3.242947e-04	-7.447073e-06	1
2	rs58751052	96745044	0	-9.231155e-05	-2.217934e-06	1
2	rs59033856	96603518	0	-1.068729e-03	-2.588270e-05	1
2	rs59076415	96393944	0	-3.124251e-04	-7.180116e-06	1
2	rs59534363	96556423	0	-2.831259e-04	-6.798560e-06	1
2	rs59665910	96033058	0	-8.229232e-04	-1.956424e-05	1
2	rs597051	95357109	0	-3.590755e-05	-8.348332e-07	1
2	rs59878168	96685307	0	-3.708314e-04	-8.922515e-06	1
2	rs60090597	96406266	0	-3.904016e-04	-8.981236e-06	1
2	rs60106968	96598679	0	-3.730953e-04	-8.796914e-06	1
2	rs60273147	96559751	1	-3.933743e-04	-9.042082e-06	1
2	rs60400346	96646580	0	-2.259675e-04	-5.443106e-06	1
2	rs60452119	96420050	0	-4.213716e-04	-9.680015e-06	1
2	rs60538359	96598388	0	-6.379727e-04	-1.532840e-05	1
2	rs60574455	95568102	0	4.840510e-04	1.125463e-05	1
2	rs60806696	95555581	0	8.251040e-04	1.952232e-05	1
2	rs60944521	96052403	0	2.115607e-04	4.832005e-06	1
2	rs61409777	96581373	0	-5.878480e-04	-1.354849e-05	1
2	rs61624166	96793213	0	2.177876e-04	5.098005e-06	1
2	rs61649840	96025765	0	1.331745e-03	3.164088e-05	1
2	rs62146110	95431707	0	3.669936e-04	8.560702e-06	1
2	rs62146115	95456961	0	-2.283248e-04	-5.490812e-06	1
2	rs62146116	95468390	0	-5.162111e-04	-1.201494e-05	1
2	rs62146919	95504928	0	-3.221729e-04	-7.488505e-06	1
2	rs62146920	95506694	0	-8.474039e-04	-2.026835e-05	1
2	rs62146942	95536889	0	-1.741712e-04	-4.043418e-06	1
2	rs62147969	95564400	0	-1.507759e-03	-3.652425e-05	1
2	rs62147976	95627160	0	-3.254858e-04	-7.848635e-06	1
2	rs62147977	95640027	0	-1.507759e-03	-3.652425e-05	1
2	rs62148039	95700751	0	-3.904762e-04	-9.439504e-06	1
2	rs62148049	95816137	0	-4.967413e-04	-1.200751e-05	1
2	rs62148537	95365118	0	-4.113929e-04	-9.852318e-06	1
2	rs62148538	95371194	0	-2.676680e-04	-6.446669e-06	1
2	rs62149216	95820666	0	-8.127680e-04	-1.960965e-05	1
2	rs62149219	95871839	0	-1.037752e-03	-2.518032e-05	1
2	rs62152962	96773950	0	-8.034931e-04	-1.942755e-05	1
2	rs62153462	95939842	0	-1.037752e-03	-2.518032e-05	1
2	rs62153508	95989376	0	-5.266333e-04	-1.274255e-05	1
2	rs62153678	96558346	1	-2.510829e-04	-5.769914e-06	1
2	rs62153679	96558400	0	-5.878480e-04	-1.354849e-05	1
2	rs62153692	96569017	0	-3.801055e-04	-8.718426e-06	1
2	rs62153698	96579526	0	-7.444800e-04	-1.793231e-05	1
2	rs62153699	96580165	1	-3.826709e-04	-8.955509e-06	1
2	rs62154612	96617277	0	-7.795470e-04	-1.885105e-05	1
2	rs62155085	96149943	0	-9.755373e-04	-2.331980e-05	1
2	rs62155086	96150080	0	-8.026697e-04	-1.950173e-05	1
2	rs62155096	96257031	0	-7.190038e-04	-1.732782e-05	1
2	rs62155101	96333656	0	-7.190038e-04	-1.732782e-05	1
2	rs62155480	96626734	0	-8.436591e-04	-1.952859e-05	1
2	rs62155508	96641039	0	-5.562701e-04	-1.272741e-05	1
2	rs62155510	96645493	0	-5.777141e-04	-1.322189e-05	1
2	rs62155511	96657575	0	-7.009062e-04	-1.601897e-05	1
2	rs62155664	96412996	0	-2.259675e-04	-5.443104e-06	1
2	rs62155672	96432482	0	-7.902826e-04	-1.912416e-05	1
2	rs62155675	96438442	0	-1.542353e-04	-3.538303e-06	1
2	rs62155743	96480252	0	4.668458e-05	1.119497e-06	1
2	rs62155750	96491456	0	-5.019631e-04	-1.156794e-05	1
2	rs62155751	96505480	0	4.610611e-04	1.058646e-05	1
2	rs6576964	96412077	0	5.056475e-04	1.148963e-05	1
2	rs6576979	95524238	0	1.025770e-04	2.337704e-06	1
2	rs6577006	95651960	0	1.752290e-04	4.085147e-06	1
2	rs6577011	95908904	0	-2.989839e-04	-6.868947e-06	1
2	rs6577012	95971422	0	-1.092819e-03	-2.540203e-05	1
2	rs6577013	95984930	0	-9.888607e-04	-2.290592e-05	1
2	rs6577014	96076409	0	8.406260e-04	2.046827e-05	1
2	rs66538946	95433315	0	-4.467175e-05	-1.038840e-06	1
2	rs67014278	95659291	0	1.522725e-03	3.518665e-05	1
2	rs6707154	96216165	2	9.034845e-04	2.160913e-05	1
2	rs6707224	96499474	0	-3.708314e-04	-8.922512e-06	1
2	rs6707583	96508571	0	-5.878480e-04	-1.354848e-05	1
2	rs6708474	95632205	0	-2.660828e-04	-6.157284e-06	1
2	rs6709052	95627407	0	3.213110e-04	7.263130e-06	1
2	rs6709448	96679747	0	-7.880790e-04	-1.888878e-05	1
2	rs6712299	96034803	0	-9.455330e-04	-2.161888e-05	1
2	rs6715813	95970366	0	-1.092819e-03	-2.540202e-05	1
2	rs6716242	95459413	0	-1.231930e-03	-2.838886e-05	1
2	rs6716461	95458986	0	-4.414381e-04	-1.026766e-05	1
2	rs6716516	96216066	0	4.592385e-04	1.109614e-05	1
2	rs6717101	96505552	0	-5.878480e-04	-1.354848e-05	1
2	rs6719098	95896036	0	-1.857804e-04	-4.260382e-06	1
2	rs6719142	95830652	0	5.791266e-04	1.325600e-05	1
2	rs6719395	95330387	0	-1.625866e-03	-3.925236e-05	1
2	rs6719831	96502590	0	-5.878480e-04	-1.354848e-05	1
2	rs6721123	95630221	0	5.276500e-05	1.170544e-06	1
2	rs67216602	96465551	0	-2.831259e-04	-6.798555e-06	1
2	rs6723333	95733717	0	-2.675385e-04	-6.150099e-06	1
2	rs6723444	95677094	0	6.730848e-04	1.524254e-05	1
2	rs6724620	96679990	0	-6.061525e-04	-1.459466e-05	1
2	rs6725821	95897767	0	-1.558883e-04	-3.569495e-06	1
2	rs6725878	95566824	0	-1.141077e-04	-2.562172e-06	1
2	rs6730693	95923465	0	-3.259618e-04	-7.501561e-06	1
2	rs6734104	95330931	0	-1.297013e-03	-3.095782e-05	1
2	rs6736042	95524354	0	-2.337018e-04	-5.343083e-06	1
2	rs6739268	95951647	0	6.210480e-04	1.503405e-05	1
2	rs6740563	96653737	0	-7.667471e-04	-1.759172e-05	1
2	rs6741001	96002651	0	-5.612093e-04	-1.290885e-05	1
2	rs6744596	96002695	0	6.210480e-04	1.503405e-05	1
2	rs6744976	96179305	0	5.056053e-04	1.207922e-05	1
2	rs6745441	96206153	0	5.056053e-04	1.207922e-05	1
2	rs6745473	95988192	0	-9.324192e-04	-2.224033e-05	1
2	rs6746940	95380426	0	-1.100328e-03	-2.616513e-05	1
2	rs6747563	95683120	0	3.106990e-04	7.000386e-06	1
2	rs6748967	95914095	0	-1.857804e-04	-4.260369e-06	1
2	rs6750542	96011838	0	-5.612093e-04	-1.290884e-05	1
2	rs6752002	96670953	0	2.285849e-04	5.456965e-06	1
2	rs6752476	95458482	0	1.769824e-04	4.162859e-06	1
2	rs67628541	96056571	0	7.217516e-04	1.653063e-05	1
2	rs67677651	96790560	0	-4.210545e-04	-1.015119e-05	1
2	rs67677775	96626760	0	-2.542866e-04	-6.108404e-06	1
2	rs71425502	95543424	0	-2.965531e-05	-7.067774e-07	1
2	rs71427013	95729638	0	-3.076545e-04	-7.312899e-06	1
2	rs71427017	95808221	0	-6.751241e-04	-1.597932e-05	1
2	rs71427025	95970160	0	-6.259916e-04	-1.512869e-05	1
2	rs71427029	96058129	0	-5.200155e-04	-1.254387e-05	1
2	rs71427040	96251136	0	-6.259916e-04	-1.512869e-05	1
2	rs72492163	96417816	0	-3.242947e-04	-7.447067e-06	1
2	rs72492169	96582837	0	-2.978922e-04	-7.166369e-06	1
2	rs72492198	96627697	0	-2.259675e-04	-5.443102e-06	1
2	rs72492201	96630201	0	-4.697838e-04	-1.074783e-05	1
2	rs72817637	95425444	0	5.802369e-04	1.386681e-05	1
2	rs72817639	95437592	0	5.193415e-04	1.238541e-05	1
2	rs72817642	95457526	0	5.652456e-04	1.330861e-05	1
2	rs72817686	95556720	0	4.108270e-04	9.528193e-06	1
2	rs72819415	95612131	0	4.003267e-04	9.636419e-06	1
2	rs72819437	95687576	0	2.719257e-04	6.577682e-06	1
2	rs72819473	95869608	0	4.211736e-04	1.008734e-05	1
2	rs72819474	95881934	0	1.559163e-04	3.762864e-06	1
2	rs72819488	95947099	0	8.284204e-04	1.952036e-05	1
2	rs72821412	96006243	0	1.559163e-04	3.762864e-06	1
2	rs72821422	96053409	0	8.619330e-04	1.977881e-05	1
2	rs72821424	96062071	0	-5.416332e-04	-1.312554e-05	1
2	rs72821426	96097401	0	3.676079e-04	8.804385e-06	1
2	rs72821427	96162952	0	6.287392e-04	1.436900e-05	1
2	rs72821432	96173215	0	5.558001e-04	1.269029e-05	1
2	rs72821435	96187935	0	6.287392e-04	1.436899e-05	1
2	rs72821437	96200799	0	6.287392e-04	1.436899e-05	1
2	rs72821446	96340826	0	7.258736e-04	1.661249e-05	1
2	rs72823920	96430876	0	-3.047221e-04	-7.003771e-06	1
2	rs72823921	96466075	0	-3.047221e-04	-7.003770e-06	1
2	rs72823924	96499551	0	-2.259675e-04	-5.443101e-06	1
2	rs72823927	96502029	0	-3.708314e-04	-8.922507e-06	1
2	rs72823940	96560413	0	-2.259675e-04	-5.443101e-06	1
2	rs72825836	96788591	0	-4.210545e-04	-1.015119e-05	1
2	rs72825837	96788710	0	-4.210545e-04	-1.015119e-05	1
2	rs72825845	96804107	0	-3.906394e-04	-9.420908e-06	1
2	rs72931721	96475164	0	-3.708314e-04	-8.922507e-06	1
2	rs72935863	96638132	0	-2.831259e-04	-6.798550e-06	1
2	rs72937811	96811332	0	-4.210545e-04	-1.015119e-05	1
2	rs72948081	96392880	0	6.897327e-05	1.649556e-06	1
2	rs7340222	95536785	0	1.340855e-05	3.228178e-07	1
2	rs73958160	96748169	0	2.516922e-04	6.073918e-06	1
2	rs7422376	95477925	0	1.040433e-04	2.446120e-06	1
2	rs7423942	96645257	1	-7.338318e-04	-1.684226e-05	1
2	rs7425006	96731871	0	-2.259675e-04	-5.443100e-06	1
2	rs7425009	96731917	0	-2.259675e-04	-5.443100e-06	1
2	rs74328999	96521726	0	1.972410e-04	4.756871e-06	1
2	rs74428040	95390307	0	-1.812581e-03	-4.420468e-05	1
2	rs74479388	95647444	0	-6.460206e-04	-1.557761e-05	1
2	rs74583470	95860845	0	-5.291634e-04	-1.274496e-05	1
2	rs74700362	96756911	0	-6.275645e-04	-1.517893e-05	1
2	rs74878968	95909488	0	5.748332e-04	1.311717e-05	1
2	rs749308	95523754	0	-1.607626e-04	-3.678006e-06	1
2	rs749457	96795944	0	-8.846632e-05	-2.017035e-06	1
2	rs749458	96795857	0	8.752545e-05	2.058507e-06	1
2	rs749459	96795714	0	-2.116854e-04	-4.844781e-06	1
2	rs74962009	96470747	0	-3.708314e-04	-8.922506e-06	1
2	rs74978286	96741757	0	-1.874638e-04	-4.502818e-06	1
2	rs75030927	95949877	0	6.794233e-05	1.635794e-06	1
2	rs75040964	95699801	0	5.733360e-04	1.369511e-05	1
2	rs75047240	95732003	0	-9.659186e-04	-2.341331e-05	1
2	rs75098566	96195504	0	-7.537081e-04	-1.815261e-05	1
2	rs75145851	96804588	0	-1.461004e-04	-3.405715e-06	1
2	rs75233929	95948876	0	-5.864821e-04	-1.397699e-05	1
2	rs75402189	95431369	0	-5.057922e-04	-1.216534e-05	1
2	rs7558392	96623901	0	-7.488136e-04	-1.814626e-05	1
2	rs7558406	96539795	0	-4.562301e-04	-1.069361e-05	1
2	rs7560196	95390282	0	-3.590755e-05	-8.348095e-07	1
2	rs7560571	95692774	0	-1.053394e-04	-2.375688e-06	1
2	rs7560811	95451899	0	1.040433e-04	2.446119e-06	1
2	rs7561145	95360985	0	1.881602e-04	4.422246e-06	1
2	rs7561162	95361028	0	-3.590755e-05	-8.348086e-07	1
2	rs7561198	96774981	0	-2.636413e-04	-6.048452e-06	1
2	rs7561235	96599983	0	-4.562301e-04	-1.069360e-05	1
2	rs7563350	95931218	0	5.975763e-04	1.409878e-05	1
2	rs7563558	95553668	0	3.149336e-04	7.367558e-06	1
2	rs7563714	96640703	0	-8.756745e-05	-2.092546e-06	1
2	rs7563891	95991962	0	-7.645665e-05	-1.738216e-06	1
2	rs7565318	96260979	0	7.885281e-04	1.885262e-05	1
2	rs7565503	96625553	0	-3.421559e-04	-7.832962e-06	1
2	rs7565772	95684417	0	-4.841676e-05	-1.094678e-06	1
2	rs7566050	96626030	0	-5.819584e-04	-1.330631e-05	1
2	rs7566730	95390389	0	-3.590755e-05	-8.348069e-07	1
2	rs7570074	96407037	0	-4.213716e-04	-9.680017e-06	1
2	rs7574862	95968205	0	-1.092819e-03	-2.540197e-05	1
2	rs7575318	96412297	1	-1.640189e-04	-3.948785e-06	1
2	rs7575472	95394418	0	-3.590755e-05	-8.348054e-07	1
2	rs75758249	96375841	0	1.041478e-04	2.503553e-06	1
2	rs75768934	95875339	0	2.325061e-04	5.576346e-06	1
2	rs75769401	95683479	0	3.270358e-04	7.847093e-06	1
2	rs7580685	95979296	0	-1.092819e-03	-2.540197e-05	1
2	rs75815746	96041607	0	-2.696554e-04	-6.511910e-06	1
2	rs7583545	95543914	0	3.149336e-04	7.367563e-06	1
2	rs7583558	96372406	0	4.412400e-04	1.055356e-05	1
2	rs7585473	95740100	0	-2.376464e-04	-5.458427e-06	1
2	rs7585914	95945568	0	-8.754971e-04	-2.035780e-05	1
2	rs7586229	95945830	0	-8.754971e-04	-2.035780e-05	1
2	rs7586802	96152144	0	4.775822e-04	1.088599e-05	1
2	rs75868135	95966107	0	1.953947e-04	4.723861e-06	1
2	rs7586909	95599481	0	6.242794e-04	1.452444e-05	1
2	rs7587312	95574998	0	-3.245847e-04	-7.327922e-06	1
2	rs7589578	95647049	0	1.752290e-04	4.085223e-06	1
2	rs7594144	95973131	0	-1.092819e-03	-2.540194e-05	1
2	rs7594898	96623968	0	-7.488136e-04	-1.814626e-05	1
2	rs7597765	96600052	0	-8.393959e-04	-1.928256e-05	1
2	rs759789	96329255	0	3.274658e-04	7.477314e-06	1
2	rs7599246	95604114	0	6.242794e-04	1.452443e-05	1
2	rs7600796	96251145	0	6.135910e-04	1.467101e-05	1
2	rs7602232	95952177	0	6.210480e-04	1.503406e-05	1
2	rs7602807	96012907	0	-5.612093e-04	-1.290877e-05	1
2	rs7603710	95426449	0	-1.503704e-03	-3.469761e-05	1
2	rs7603758	96418476	0	8.599055e-05	1.993449e-06	1
2	rs7604842	96777340	0	-2.064829e-04	-4.737325e-06	1
2	rs7604922	95675477	0	1.104334e-04	2.636323e-06	1
2	rs7605623	95550958	0	8.958342e-04	2.054892e-05	1
2	rs7607048	95474603	0	8.988472e-05	2.117556e-06	1
2	rs76099099	96758104	0	4.592457e-04	1.107179e-05	1
2	rs76158645	95992215	0	1.726320e-04	4.141548e-06	1
2	rs76254358	95821006	0	-9.659186e-04	-2.341331e-05	1
2	rs76333649	96240368	0	6.794233e-05	1.635795e-06	1
2	rs76373641	95927389	0	-9.659186e-04	-2.341331e-05	1
2	rs76413681	96772950	0	-2.722057e-04	-6.359369e-06	1
2	rs76433362	95926363	0	-1.146696e-04	-2.768836e-06	1
2	rs76514714	96168626	0	1.041478e-04	2.503555e-06	1
2	rs76554191	95967628	0	-2.358603e-04	-5.700841e-06	1
2	rs76746416	95924274	0	-9.659186e-04	-2.341331e-05	1
2	rs76763973	96009340	0	1.726320e-04	4.141548e-06	1
2	rs76872035	95440794	0	-9.052518e-04	-2.180498e-05	1
2	rs77042385	95979891	0	1.563592e-04	3.772136e-06	1
2	rs77137338	96169554	0	-3.018039e-04	-7.280874e-06	1
2	rs77155089	95872896	0	-1.146696e-04	-2.768836e-06	1
2	rs77374723	95687653	0	-5.251357e-04	-1.266285e-05	1
2	rs77415097	96741795	0	7.443510e-05	1.798296e-06	1
2	rs77444100	95601436	0	-5.665505e-04	-1.358253e-05	1
2	rs77480180	96407085	0	-7.902826e-04	-1.912415e-05	1
2	rs77501534	95824624	0	-2.358603e-04	-5.700841e-06	1
2	rs77579157	95676075	0	-9.212408e-05	-2.215073e-06	1
2	rs77642907	96689817	0	-2.371754e-04	-5.695931e-06	1
2	rs77715120	95539487	0	-5.371624e-05	-1.289251e-06	1
2	rs77910653	95755475	0	-9.659186e-04	-2.341330e-05	1
2	rs78368847	96410196	0	-2.086127e-04	-4.996125e-06	1
2	rs78567493	95389895	0	-2.036648e-03	-5.003546e-05	1
2	rs78642781	95434981	0	-5.057922e-04	-1.216533e-05	1
2	rs78689419	95631823	0	3.762340e-04	9.071066e-06	1
2	rs78752116	96738708	0	7.443510e-05	1.798296e-06	1
2	rs78833378	96080548	0	7.217516e-04	1.653058e-05	1
2	rs78846739	95648585	0	-6.460206e-04	-1.557760e-05	1
2	rs78911625	95418502	0	-1.812581e-03	-4.420467e-05	1
2	rs79102712	96377326	0	2.864861e-04	6.913670e-06	1
2	rs79216525	96730409	0	-2.259675e-04	-5.443099e-06	1
2	rs79435252	95818809	0	-9.659186e-04	-2.341330e-05	1
2	rs79504500	95899741	0	-1.146696e-04	-2.768836e-06	1
2	rs79546441	96218872	0	8.395717e-04	1.926514e-05	1
2	rs79584949	95838111	0	-7.830955e-04	-1.904794e-05	1
2	rs79594972	95594473	0	5.028203e-04	1.167519e-05	1
2	rs79602254	96017141	0	-2.945664e-04	-7.131834e-06	1
2	rs79641586	95718195	0	-2.091993e-04	-5.054408e-06	1
2	rs79703910	95436007	0	2.450588e-04	5.922449e-06	1
2	rs80183796	95749999	0	-9.659186e-04	-2.341330e-05	1
2	rs869185	96024156	0	1.404685e-03	3.345116e-05	1
2	rs869186	96024340	0	-1.445925e-03	-3.345069e-05	1
2	rs870393	95982093	0	-1.122712e-03	-2.611689e-05	1
2	rs872580	95722909	0	-6.914806e-05	-1.566898e-06	1
2	rs888610	96421021	0	1.497052e-04	3.587626e-06	1
2	rs889851	95980340	0	-1.092819e-03	-2.540191e-05	1
2	rs889852	95977790	0	-1.122712e-03	-2.611687e-05	1
2	rs889853	95977591	0	-1.092819e-03	-2.540190e-05	1
2	rs889854	95959812	0	-7.191574e-05	-1.639214e-06	1
2	rs893173	96789787	0	8.059274e-05	1.850558e-06	1
2	rs918811	96003762	0	-5.612093e-04	-1.290873e-05	1
2	rs950320	96029159	0	1.293556e-03	3.058139e-05	1
2	rs954078	95937997	0	8.474820e-04	2.000167e-05	1
2	rs9678800	96009318	0	-4.882701e-04	-1.121802e-05	1
2	rs9989786	95967746	0	-1.191599e-03	-2.783089e-05	1
